<!DOCTYPE HTML>
<html>
  <head>
    <meta charset="UTF-8">
    <title>TOMTOM</title>
    <script>
      // @JSON_VAR data
      var data = {
        "program": "Tomtom",
        "version": "4.12.0",
        "release": "Tue Jun 27 16:22:50 2017 -0700",
        "cmd": [
          "tomtom", "-verbosity", "1", "-oc",
          "results/AHRpeaks_withAHREs.bed-499.fa/hocomoco/dreme_tomtom_out",
          "-min-overlap", "5", "-dist", "pearson", "-evalue", "-thresh", "1",
          "-no-ssc", "-bfile",
          "results/AHRpeaks_withAHREs.bed-499.fa/hocomoco/background",
          "results/AHRpeaks_withAHREs.bed-499.fa/hocomoco/dreme_out/dreme.xml",
          "/Users/filipov4/meme/db/motif_databases/HUMAN/HOCOMOCOv11_full_HUMAN_mono_meme_format.meme"
        ],
        "options": {
          "strands": "both",
          "distance_measure": "pearson",
          "threshold_type": "evalue",
          "threshold_value": 1,
          "background_source": "file",
          "background_file": "results/AHRpeaks_withAHREs.bed-499.fa/hocomoco/background"
        },
        "alphabet": {
          "name": "DNA",
          "like": "dna",
          "ncore": 4,
          "symbols": [
            {
              "symbol": "A",
              "name": "Adenine",
              "colour": "CC0000",
              "complement": "T"
            }, {
              "symbol": "C",
              "name": "Cytosine",
              "colour": "0000CC",
              "complement": "G"
            }, {
              "symbol": "G",
              "name": "Guanine",
              "colour": "FFB300",
              "complement": "C"
            }, {
              "symbol": "T",
              "aliases": "U",
              "name": "Thymine",
              "colour": "008000",
              "complement": "A"
            }, {
              "symbol": "N",
              "aliases": "X.",
              "name": "Any base",
              "equals": "ACGT"
            }, {
              "symbol": "V",
              "name": "Not T",
              "equals": "ACG"
            }, {
              "symbol": "H",
              "name": "Not G",
              "equals": "ACT"
            }, {
              "symbol": "D",
              "name": "Not C",
              "equals": "AGT"
            }, {
              "symbol": "B",
              "name": "Not A",
              "equals": "CGT"
            }, {
              "symbol": "M",
              "name": "Amino",
              "equals": "AC"
            }, {
              "symbol": "R",
              "name": "Purine",
              "equals": "AG"
            }, {
              "symbol": "W",
              "name": "Weak",
              "equals": "AT"
            }, {
              "symbol": "S",
              "name": "Strong",
              "equals": "CG"
            }, {
              "symbol": "Y",
              "name": "Pyrimidine",
              "equals": "CT"
            }, {
              "symbol": "K",
              "name": "Keto",
              "equals": "GT"
            }
          ]
        },
        "background": [0.2658, 0.2342, 0.2342, 0.2658],
        "query_dbs": [
          {
            "source": "results/AHRpeaks_withAHREs.bed-499.fa/hocomoco/dreme_out/dreme.xml",
            "name": "dreme",
            "loaded": 7,
            "excluded": 0,
            "last_modified": "Thu May 24 19:21:12 2018"
          }
        ],
        "target_dbs": [
          {
            "source": "/Users/filipov4/meme/db/motif_databases/HUMAN/HOCOMOCOv11_full_HUMAN_mono_meme_format.meme",
            "name": "HOCOMOCOv11 full HUMAN mono meme format",
            "loaded": 771,
            "excluded": 0,
            "last_modified": "Wed Dec  6 21:59:30 2017"
          }
        ],
        "queries": [
          {
            "db": 0,
            "id": "ACASAGR",
            "alt": "DREME-5",
            "len": 7,
            "nsites": 137,
            "evalue": "5.9e-003",
            "pwm": [
              [0.999464, 0.000170824, 0.000170824, 0.000193873], 
              [0.000193873, 0.999441, 0.000170824, 0.000193873], 
              [0.999464, 0.000170824, 0.000170824, 0.000193873], 
              [0.000193873, 0.518041, 0.481571, 0.000193873], 
              [0.999464, 0.000170824, 0.000170824, 0.000193873], 
              [0.000193873, 0.000170824, 0.999441, 0.000193873], 
              [0.518064, 0.000170824, 0.481571, 0.000193873]
            ]
          }, {
            "db": 0,
            "id": "CCCAGS",
            "alt": "DREME-6",
            "len": 6,
            "nsites": 279,
            "evalue": "3.6e-002",
            "pwm": [
              [9.52347e-05, 0.999726, 8.39126e-05, 9.52347e-05], 
              [9.52347e-05, 0.999726, 8.39126e-05, 9.52347e-05], 
              [9.52347e-05, 0.999726, 8.39126e-05, 9.52347e-05], 
              [0.999737, 8.39126e-05, 8.39126e-05, 9.52347e-05], 
              [9.52347e-05, 8.39126e-05, 0.999726, 9.52347e-05], 
              [9.52347e-05, 0.473032, 0.526777, 9.52347e-05]
            ]
          }, {
            "db": 0,
            "id": "CGTGH",
            "alt": "DREME-7",
            "len": 5,
            "nsites": 260,
            "evalue": "3.0e-002",
            "pwm": [
              [0.000102191, 0.999706, 9.00423e-05, 0.000102191], 
              [0.000102191, 9.00423e-05, 0.999706, 0.000102191], 
              [0.000102191, 9.00423e-05, 9.00423e-05, 0.999718], 
              [0.000102191, 9.00423e-05, 0.999706, 0.000102191], 
              [0.357657, 0.311508, 9.00423e-05, 0.330744]
            ]
          }, {
            "db": 0,
            "id": "DCACGC",
            "alt": "DREME-1",
            "len": 6,
            "nsites": 345,
            "evalue": "3.0e-050",
            "pwm": [
              [0.304337, 6.78644e-05, 0.394157, 0.301439], 
              [7.70211e-05, 0.999778, 6.78644e-05, 7.70211e-05], 
              [0.999787, 6.78644e-05, 6.78644e-05, 7.70211e-05], 
              [7.70211e-05, 0.999778, 6.78644e-05, 7.70211e-05], 
              [7.70211e-05, 6.78644e-05, 0.999778, 7.70211e-05], 
              [7.70211e-05, 0.999778, 6.78644e-05, 7.70211e-05]
            ]
          }, {
            "db": 0,
            "id": "GGARR",
            "alt": "DREME-4",
            "len": 5,
            "nsites": 1535,
            "evalue": "6.4e-005",
            "pwm": [
              [1.73148e-05, 1.52563e-05, 0.99995, 1.73148e-05], 
              [1.73148e-05, 1.52563e-05, 0.99995, 1.73148e-05], 
              [0.999952, 1.52563e-05, 1.52563e-05, 1.73148e-05], 
              [0.484025, 1.52563e-05, 0.515943, 1.73148e-05], 
              [0.508127, 1.52563e-05, 0.49184, 1.73148e-05]
            ]
          }, {
            "db": 0,
            "id": "RTGAGTCA",
            "alt": "DREME-3",
            "len": 8,
            "nsites": 59,
            "evalue": "1.9e-006",
            "pwm": [
              [0.524985, 0.000396278, 0.474169, 0.000449746], 
              [0.000449746, 0.000396278, 0.000396278, 0.998758], 
              [0.000449746, 0.000396278, 0.998704, 0.000449746], 
              [0.998758, 0.000396278, 0.000396278, 0.000449746], 
              [0.000449746, 0.000396278, 0.998704, 0.000449746], 
              [0.000449746, 0.000396278, 0.000396278, 0.998758], 
              [0.000449746, 0.998704, 0.000396278, 0.000449746], 
              [0.998758, 0.000396278, 0.000396278, 0.000449746]
            ]
          }, {
            "db": 0,
            "id": "RYAAAYA",
            "alt": "DREME-2",
            "len": 7,
            "nsites": 417,
            "evalue": "3.6e-026",
            "pwm": [
              [0.47477, 5.61496e-05, 0.52511, 6.37257e-05], 
              [6.37257e-05, 0.57306, 5.61496e-05, 0.42682], 
              [0.999824, 5.61496e-05, 5.61496e-05, 6.37257e-05], 
              [0.999824, 5.61496e-05, 5.61496e-05, 6.37257e-05], 
              [0.999824, 5.61496e-05, 5.61496e-05, 6.37257e-05], 
              [6.37257e-05, 0.577856, 5.61496e-05, 0.422025], 
              [0.999824, 5.61496e-05, 5.61496e-05, 6.37257e-05]
            ]
          }
        ],
        "targets": [
          {
            "db": 0,
            "id": "AHR_HUMAN.H11MO.0.B",
            "len": 9,
            "nsites": 154,
            "evalue": "1.0e+000",
            "url": "http://hocomoco.autosome.ru/motif/AHR_HUMAN.H11MO.0.B",
            "pwm": [
              [0.263147, 0.118672, 0.366328, 0.251853], 
              [0.0707785, 0.0772062, 0.225151, 0.626864], 
              [0.141135, 0.284998, 0.13456, 0.439306], 
              [0.016702, 0.00870172, 0.946958, 0.0276382], 
              [0.000172485, 0.976134, 0.00984169, 0.0138521], 
              [0.0225084, 0.00528182, 0.969757, 0.00245242], 
              [0.000172485, 0.0224879, 0.00471184, 0.972628], 
              [0.000172485, 0.000151979, 0.999503, 0.000172485], 
              [0.279801, 0.434244, 0.105046, 0.180909]
            ]
          }, {
            "db": 0,
            "id": "ANDR_HUMAN.H11MO.0.A",
            "len": 18,
            "nsites": 499,
            "evalue": "1.0e+000",
            "url": "http://hocomoco.autosome.ru/motif/ANDR_HUMAN.H11MO.0.A",
            "pwm": [
              [0.14832, 0.0701732, 0.0361118, 0.745395], 
              [0.0621651, 0.0481335, 0.777446, 0.112255], 
              [0.0681759, 0.0661659, 0.0140722, 0.851586], 
              [0.188392, 0.172357, 0.144307, 0.494944], 
              [0.0781939, 0.733367, 0.0361118, 0.152327], 
              [0.122273, 0.278548, 0.0321046, 0.567074], 
              [0.180378, 0.134289, 0.1964, 0.488933], 
              [0.19841, 0.178368, 0.216436, 0.406785], 
              [0.176371, 0.192393, 0.222447, 0.408789], 
              [0.200414, 0.256509, 0.120263, 0.422814], 
              [0.0721831, 0.0140722, 0.0140722, 0.899673], 
              [0.254511, 0.030101, 0.691291, 0.0240965], 
              [0.0281037, 0.0220866, 0.020083, 0.929727], 
              [0.0180857, 0.00605774, 0.0982236, 0.877633], 
              [0.00806768, 0.00806135, 0.0641623, 0.919709], 
              [0.420811, 0.0280974, 0.494938, 0.0561542], 
              [0.0862083, 0.524992, 0.0481335, 0.340666], 
              [0.290576, 0.158332, 0.0541443, 0.496948]
            ]
          }, {
            "db": 0,
            "id": "ARNT_HUMAN.H11MO.0.B",
            "len": 9,
            "nsites": 500,
            "evalue": "1.0e+000",
            "url": "http://hocomoco.autosome.ru/motif/ARNT_HUMAN.H11MO.0.B",
            "pwm": [
              [0.152023, 0.28399, 0.429961, 0.134026], 
              [0.138026, 0.074032, 0.241998, 0.545944], 
              [0.701913, 0.0300408, 0.245998, 0.0220488], 
              [0.0100511, 0.947857, 0.00204643, 0.0400452], 
              [0.00605195, 0.00204643, 0.989849, 0.00205275], 
              [5.31494e-05, 4.68306e-05, 0.00204643, 0.997854], 
              [5.31494e-05, 0.00604563, 0.991848, 0.00205275], 
              [0.355982, 0.525942, 0.024042, 0.0940344], 
              [0.154022, 0.501946, 0.144018, 0.200013]
            ]
          }, {
            "db": 0,
            "id": "BACH1_HUMAN.H11MO.0.A",
            "len": 13,
            "nsites": 500,
            "evalue": "1.0e+000",
            "url": "http://hocomoco.autosome.ru/motif/BACH1_HUMAN.H11MO.0.A",
            "pwm": [
              [0.0628546, 0.168178, 0.0975415, 0.671426], 
              [0.00920982, 0.0664218, 0.922333, 0.00203521], 
              [0.0209176, 0.967522, 0.00397128, 0.00758871], 
              [0.0362214, 0.07958, 0.0801359, 0.804063], 
              [0.0039014, 0.0613533, 0.890884, 0.043861], 
              [0.802824, 0.0206158, 0.12452, 0.052041], 
              [0.0133147, 0.214862, 0.76322, 0.00860352], 
              [0.00625273, 0.0361762, 0.145874, 0.811697], 
              [0.0162443, 0.943689, 0.0343136, 0.00575309], 
              [0.786285, 0.0958344, 0.0824501, 0.0354308], 
              [0.00983047, 0.334259, 0.256602, 0.399308], 
              [0.151631, 0.265553, 0.394689, 0.188127], 
              [0.105268, 0.378561, 0.372597, 0.143574]
            ]
          }, {
            "db": 0,
            "id": "BACH2_HUMAN.H11MO.0.A",
            "len": 11,
            "nsites": 500,
            "evalue": "1.0e+000",
            "url": "http://hocomoco.autosome.ru/motif/BACH2_HUMAN.H11MO.0.A",
            "pwm": [
              [0.122029, 0.0960276, 0.0680332, 0.71391], 
              [0.0140503, 0.0780312, 0.893868, 0.0140503], 
              [0.0440444, 0.923862, 0.0120444, 0.0200492], 
              [0.0780376, 0.0380392, 0.00804523, 0.875878], 
              [0.0580416, 0.0600348, 0.793888, 0.0880356], 
              [0.757902, 0.0380392, 0.0560356, 0.148024], 
              [0.0440444, 0.224002, 0.669913, 0.0620408], 
              [0.0100511, 0.0160436, 0.00804523, 0.96586], 
              [0.0600412, 0.919863, 0.0160436, 0.00405235], 
              [0.96386, 0.0120444, 0.00804523, 0.01605], 
              [0.056042, 0.319983, 0.212004, 0.411971]
            ]
          }, {
            "db": 0,
            "id": "BATF_HUMAN.H11MO.0.A",
            "len": 18,
            "nsites": 500,
            "evalue": "1.0e+000",
            "url": "http://hocomoco.autosome.ru/motif/BATF_HUMAN.H11MO.0.A",
            "pwm": [
              [0.451963, 0.0780312, 0.263994, 0.206012], 
              [0.0480436, 0.399967, 0.345978, 0.206012], 
              [0.0120507, 0.0180432, 0.044038, 0.925868], 
              [0.134026, 0.327981, 0.024042, 0.51395], 
              [0.086036, 0.237999, 0.0520364, 0.623928], 
              [0.142025, 0.545938, 0.0460376, 0.266], 
              [0.379977, 0.0860296, 0.395968, 0.138026], 
              [0.369979, 0.114024, 0.230001, 0.285996], 
              [0.337986, 0.0180432, 0.08403, 0.559941], 
              [0.577938, 0.158015, 0.0220424, 0.242005], 
              [0.00205275, 0.00204643, 4.68306e-05, 0.995854], 
              [0.00405235, 0.0560356, 0.849877, 0.0900352], 
              [0.977858, 0.00804523, 0.0120444, 0.00205275], 
              [0.104032, 0.557935, 0.315984, 0.0220488], 
              [0.0720388, 0.0300408, 0.0200428, 0.877878], 
              [0.212011, 0.507945, 0.212004, 0.0680396], 
              [0.611931, 0.08403, 0.110025, 0.194014], 
              [0.142025, 0.18601, 0.305986, 0.36598]
            ]
          }, {
            "db": 0,
            "id": "BHE40_HUMAN.H11MO.0.A",
            "len": 10,
            "nsites": 500,
            "evalue": "1.0e+000",
            "url": "http://hocomoco.autosome.ru/motif/BHE40_HUMAN.H11MO.0.A",
            "pwm": [
              [0.345984, 0.08403, 0.369973, 0.200013], 
              [0.170019, 0.014044, 0.627921, 0.188016], 
              [0.0980336, 0.897867, 0.00204643, 0.00205275], 
              [0.943864, 0.0120444, 0.0160436, 0.0280476], 
              [0.00805155, 0.929861, 0.0160436, 0.046044], 
              [0.0520428, 0.0420384, 0.899867, 0.00605195], 
              [0.046044, 0.014044, 0.0460376, 0.893874], 
              [0.00205275, 4.68306e-05, 0.997847, 5.31494e-05], 
              [0.583936, 0.234, 0.116024, 0.06604], 
              [0.0920348, 0.457955, 0.379971, 0.0700392]
            ]
          }, {
            "db": 0,
            "id": "BMAL1_HUMAN.H11MO.0.A",
            "len": 11,
            "nsites": 410,
            "evalue": "1.0e+000",
            "url": "http://hocomoco.autosome.ru/motif/BMAL1_HUMAN.H11MO.0.A",
            "pwm": [
              [0.161001, 0.160993, 0.370698, 0.307307], 
              [0.173193, 0.521881, 0.292669, 0.012257], 
              [0.0659024, 0.92666, 0.00249554, 0.00494167], 
              [0.897407, 0.0122493, 0.0341951, 0.0561487], 
              [0.0244491, 0.731586, 0.0341951, 0.20977], 
              [0.0073801, 0.022003, 0.951045, 0.0195723], 
              [0.0146954, 5.7108e-05, 0.0122493, 0.972998], 
              [6.48135e-05, 0.00493397, 0.975429, 0.0195723], 
              [0.453613, 0.265846, 0.0268798, 0.253661], 
              [0.0512718, 0.49262, 0.292669, 0.16344], 
              [0.139055, 0.319491, 0.143924, 0.397529]
            ]
          }, {
            "db": 0,
            "id": "E2F1_HUMAN.H11MO.0.A",
            "len": 14,
            "nsites": 500,
            "evalue": "1.0e+000",
            "url": "http://hocomoco.autosome.ru/motif/E2F1_HUMAN.H11MO.0.A",
            "pwm": [
              [0.327988, 0.160015, 0.377971, 0.134026], 
              [0.236006, 0.200007, 0.451956, 0.112031], 
              [0.271999, 0.210005, 0.289989, 0.228008], 
              [0.190015, 0.102026, 0.465954, 0.242005], 
              [0.0820368, 0.200007, 0.703906, 0.0140503], 
              [0.0180496, 0.00604563, 0.965854, 0.0100511], 
              [0.056042, 0.921862, 0.00404603, 0.0180496], 
              [0.01605, 0.00804523, 0.957855, 0.0180496], 
              [0.0220488, 0.0820304, 0.889869, 0.00605195], 
              [0.0680396, 0.03404, 0.889869, 0.00805155], 
              [0.855882, 0.0200428, 0.0900288, 0.0340464], 
              [0.653922, 0.064034, 0.271992, 0.0100511], 
              [0.399973, 0.140019, 0.365974, 0.0940344], 
              [0.271999, 0.164014, 0.395968, 0.16802]
            ]
          }, {
            "db": 0,
            "id": "E2F6_HUMAN.H11MO.0.A",
            "len": 13,
            "nsites": 500,
            "evalue": "1.0e+000",
            "url": "http://hocomoco.autosome.ru/motif/E2F6_HUMAN.H11MO.0.A",
            "pwm": [
              [0.337986, 0.148017, 0.341978, 0.172019], 
              [0.262001, 0.03404, 0.555936, 0.148024], 
              [0.154022, 0.126022, 0.699907, 0.0200492], 
              [0.0100511, 0.0160436, 0.963854, 0.0100511], 
              [0.21401, 0.707905, 0.0120444, 0.06604], 
              [0.0400452, 0.0180432, 0.893868, 0.0480436], 
              [0.0240484, 0.0480372, 0.895868, 0.0320468], 
              [0.0720388, 0.044038, 0.871872, 0.0120507], 
              [0.941865, 0.0320404, 0.014044, 0.0120507], 
              [0.511951, 0.0360396, 0.43596, 0.01605], 
              [0.383976, 0.108025, 0.437959, 0.0700392], 
              [0.277998, 0.218003, 0.377971, 0.126028], 
              [0.275998, 0.162014, 0.425962, 0.136026]
            ]
          }, {
            "db": 0,
            "id": "EPAS1_HUMAN.H11MO.0.B",
            "len": 9,
            "nsites": 500,
            "evalue": "1.0e+000",
            "url": "http://hocomoco.autosome.ru/motif/EPAS1_HUMAN.H11MO.0.B",
            "pwm": [
              [0.230007, 0.255996, 0.445958, 0.0680396], 
              [0.16602, 0.0700328, 0.243998, 0.519949], 
              [0.86588, 0.0200428, 0.108025, 0.00605195], 
              [0.0200492, 0.911864, 0.0260416, 0.0420448], 
              [0.01605, 0.0100448, 0.969853, 0.00405235], 
              [5.31494e-05, 4.68306e-05, 0.00204643, 0.997854], 
              [5.31494e-05, 4.68306e-05, 0.997847, 0.00205275], 
              [0.373978, 0.469953, 0.0600348, 0.096034], 
              [0.160021, 0.489949, 0.13402, 0.21601]
            ]
          }, {
            "db": 0,
            "id": "ETV7_HUMAN.H11MO.0.D",
            "len": 7,
            "nsites": 500,
            "evalue": "1.0e+000",
            "url": "http://hocomoco.autosome.ru/motif/ETV7_HUMAN.H11MO.0.D",
            "pwm": [
              [0.240005, 0.411964, 0.295988, 0.0520428], 
              [0.657922, 0.116024, 0.160015, 0.06604], 
              [5.31494e-05, 0.00204643, 0.98185, 0.01605], 
              [0.00605195, 0.0200428, 0.973852, 5.31494e-05], 
              [0.975858, 0.0120444, 0.00804523, 0.00405235], 
              [0.929867, 0.00404603, 0.0600348, 0.00605195], 
              [0.331987, 0.00404603, 0.645918, 0.0180496]
            ]
          }, {
            "db": 0,
            "id": "FOSB_HUMAN.H11MO.0.A",
            "len": 9,
            "nsites": 500,
            "evalue": "1.0e+000",
            "url": "http://hocomoco.autosome.ru/motif/FOSB_HUMAN.H11MO.0.A",
            "pwm": [
              [0.41397, 0.206006, 0.291988, 0.0880356], 
              [0.0100511, 0.0120444, 0.00204643, 0.975858], 
              [0.0120507, 0.014044, 0.917863, 0.056042], 
              [0.895874, 0.0120444, 0.0180432, 0.0740384], 
              [0.204012, 4.68306e-05, 0.795888, 5.31494e-05], 
              [0.0180496, 0.0300408, 0.106026, 0.845884], 
              [0.0540424, 0.903866, 0.0280412, 0.0140503], 
              [0.96586, 0.0100448, 0.00604563, 0.0180496], 
              [0.0720388, 0.329981, 0.230001, 0.36798]
            ]
          }, {
            "db": 0,
            "id": "FOSL1_HUMAN.H11MO.0.A",
            "len": 12,
            "nsites": 500,
            "evalue": "1.0e+000",
            "url": "http://hocomoco.autosome.ru/motif/FOSL1_HUMAN.H11MO.0.A",
            "pwm": [
              [0.198014, 0.18601, 0.405966, 0.210011], 
              [0.31799, 0.164014, 0.347977, 0.170019], 
              [0.429967, 0.269993, 0.28199, 0.0180496], 
              [5.31494e-05, 4.68306e-05, 0.00604563, 0.993854], 
              [5.31494e-05, 0.00404603, 0.941858, 0.0540424], 
              [0.987856, 0.00204643, 0.00204643, 0.00805155], 
              [0.0780376, 4.68306e-05, 0.921862, 5.31494e-05], 
              [5.31494e-05, 4.68306e-05, 4.68306e-05, 0.999853], 
              [0.0180496, 0.979851, 0.00204643, 5.31494e-05], 
              [0.995854, 0.00404603, 4.68306e-05, 5.31494e-05], 
              [0.0220488, 0.411964, 0.162014, 0.403972], 
              [0.210011, 0.401966, 0.154016, 0.234006]
            ]
          }, {
            "db": 0,
            "id": "FOSL2_HUMAN.H11MO.0.A",
            "len": 12,
            "nsites": 500,
            "evalue": "1.0e+000",
            "url": "http://hocomoco.autosome.ru/motif/FOSL2_HUMAN.H11MO.0.A",
            "pwm": [
              [0.194014, 0.190009, 0.373972, 0.242005], 
              [0.281997, 0.13402, 0.38197, 0.202013], 
              [0.519949, 0.158015, 0.297987, 0.0240484], 
              [5.31494e-05, 4.68306e-05, 0.00204643, 0.997854], 
              [5.31494e-05, 0.00204643, 0.957855, 0.0400452], 
              [0.985856, 0.00404603, 4.68306e-05, 0.0100511], 
              [0.102033, 4.68306e-05, 0.897867, 5.31494e-05], 
              [0.00405235, 0.00404603, 0.00404603, 0.987856], 
              [0.00605195, 0.991848, 0.00204643, 5.31494e-05], 
              [0.997854, 4.68306e-05, 4.68306e-05, 0.00205275], 
              [0.0240484, 0.351976, 0.114024, 0.509951], 
              [0.21601, 0.377971, 0.138019, 0.268]
            ]
          }, {
            "db": 0,
            "id": "FOS_HUMAN.H11MO.0.A",
            "len": 9,
            "nsites": 500,
            "evalue": "1.0e+000",
            "url": "http://hocomoco.autosome.ru/motif/FOS_HUMAN.H11MO.0.A",
            "pwm": [
              [0.345984, 0.216004, 0.359975, 0.0780376], 
              [0.0100511, 0.0180432, 0.0100448, 0.961861], 
              [0.01605, 0.03404, 0.859875, 0.0900352], 
              [0.935866, 0.00804523, 0.0280412, 0.0280476], 
              [0.11603, 4.68306e-05, 0.88387, 5.31494e-05], 
              [0.0220488, 0.0260416, 0.024042, 0.927868], 
              [0.0420448, 0.93386, 0.024042, 5.31494e-05], 
              [0.959861, 0.0160436, 0.0120444, 0.0120507], 
              [0.0280476, 0.417963, 0.263994, 0.289995]
            ]
          }, {
            "db": 0,
            "id": "FOXA1_HUMAN.H11MO.0.A",
            "len": 12,
            "nsites": 500,
            "evalue": "1.0e+000",
            "url": "http://hocomoco.autosome.ru/motif/FOXA1_HUMAN.H11MO.0.A",
            "pwm": [
              [0.01605, 4.68306e-05, 4.68306e-05, 0.983856], 
              [0.246004, 0.00404603, 0.749897, 5.31494e-05], 
              [0.00205275, 4.68306e-05, 4.68306e-05, 0.997854], 
              [0.00405235, 4.68306e-05, 0.0560356, 0.939865], 
              [5.31494e-05, 4.68306e-05, 0.144018, 0.855882], 
              [0.781897, 4.68306e-05, 0.206006, 0.0120507], 
              [0.00805155, 0.797887, 0.00804523, 0.186016], 
              [0.31799, 0.138019, 0.00404603, 0.539945], 
              [0.0320468, 0.313984, 0.108025, 0.545944], 
              [0.46396, 0.0200428, 0.0160436, 0.499953], 
              [0.21801, 0.0980272, 0.493948, 0.190015], 
              [0.108032, 0.259995, 0.393968, 0.238006]
            ]
          }, {
            "db": 0,
            "id": "FOXA2_HUMAN.H11MO.0.A",
            "len": 12,
            "nsites": 500,
            "evalue": "1.0e+000",
            "url": "http://hocomoco.autosome.ru/motif/FOXA2_HUMAN.H11MO.0.A",
            "pwm": [
              [0.01605, 4.68306e-05, 0.00204643, 0.981857], 
              [0.196014, 0.00204643, 0.799887, 0.00205275], 
              [5.31494e-05, 0.00404603, 4.68306e-05, 0.995854], 
              [0.00205275, 4.68306e-05, 0.044038, 0.953862], 
              [5.31494e-05, 4.68306e-05, 0.144018, 0.855882], 
              [0.757902, 4.68306e-05, 0.236, 0.00605195], 
              [0.00805155, 0.887869, 0.00204643, 0.102033], 
              [0.401973, 0.122022, 4.68306e-05, 0.475958], 
              [0.0440444, 0.409965, 0.120023, 0.425968], 
              [0.56394, 0.00804523, 0.0400388, 0.387976], 
              [0.190015, 0.0960276, 0.549937, 0.16402], 
              [0.128028, 0.357975, 0.28199, 0.232007]
            ]
          }, {
            "db": 0,
            "id": "FOXA3_HUMAN.H11MO.0.B",
            "len": 13,
            "nsites": 500,
            "evalue": "1.0e+000",
            "url": "http://hocomoco.autosome.ru/motif/FOXA3_HUMAN.H11MO.0.B",
            "pwm": [
              [0.158022, 0.465954, 0.216004, 0.160021], 
              [0.228008, 0.249997, 0.0780312, 0.443964], 
              [0.0120507, 4.68306e-05, 0.00604563, 0.981857], 
              [0.246004, 0.00804523, 0.737899, 0.00805155], 
              [0.00805155, 0.0220424, 0.014044, 0.955862], 
              [0.00605195, 4.68306e-05, 0.0360396, 0.957862], 
              [0.00805155, 4.68306e-05, 0.271992, 0.719909], 
              [0.855882, 0.00604563, 0.114024, 0.0240484], 
              [0.00405235, 0.873872, 0.0220424, 0.100033], 
              [0.36798, 0.152016, 0.00804523, 0.471959], 
              [0.0940344, 0.232, 0.106026, 0.56794], 
              [0.425968, 0.014044, 0.054036, 0.505952], 
              [0.154022, 0.116024, 0.577931, 0.152023]
            ]
          }, {
            "db": 0,
            "id": "FOXC1_HUMAN.H11MO.0.C",
            "len": 15,
            "nsites": 26,
            "evalue": "1.0e+000",
            "url": "http://hocomoco.autosome.ru/motif/FOXC1_HUMAN.H11MO.0.C",
            "pwm": [
              [0.135118, 0.479825, 0.173311, 0.211746], 
              [0.345846, 0.0775257, 0.345725, 0.230903], 
              [0.269218, 0.154154, 0.0775257, 0.499103], 
              [0.00101839, 0.000897318, 0.000897318, 0.997187], 
              [0.00101839, 0.000897318, 0.997066, 0.00101839], 
              [0.0393326, 0.000897318, 0.000897318, 0.958873], 
              [0.0393326, 0.000897318, 0.000897318, 0.958873], 
              [0.00101839, 0.000897318, 0.0392115, 0.958873], 
              [0.958873, 0.000897318, 0.000897318, 0.0393326], 
              [0.00101839, 0.728867, 0.000897318, 0.269218], 
              [0.230903, 0.11584, 0.000897318, 0.652359], 
              [0.00101839, 0.192468, 0.000897318, 0.805616], 
              [0.652359, 0.000897318, 0.000897318, 0.345846], 
              [0.460789, 0.192468, 0.269097, 0.0776467], 
              [0.0393326, 0.269097, 0.57561, 0.115961]
            ]
          }, {
            "db": 0,
            "id": "FOXD3_HUMAN.H11MO.0.D",
            "len": 15,
            "nsites": 465,
            "evalue": "1.0e+000",
            "url": "http://hocomoco.autosome.ru/motif/FOXD3_HUMAN.H11MO.0.D",
            "pwm": [
              [0.157013, 0.176357, 0.298911, 0.36772], 
              [0.118311, 0.217208, 0.26666, 0.397821], 
              [0.135512, 0.00650058, 0.0559523, 0.802035], 
              [0.0387585, 0.0688528, 0.872981, 0.0194078], 
              [0.0925104, 0.0516522, 0.0366016, 0.819236], 
              [0.0366084, 0.111854, 0.0495021, 0.802035], 
              [0.053809, 5.03548e-05, 0.0946537, 0.851487], 
              [0.339769, 0.200007, 0.225808, 0.234415], 
              [0.0581092, 0.599921, 0.0624025, 0.279567], 
              [0.294617, 0.202157, 0.0409018, 0.462323], 
              [0.109711, 0.223658, 0.0710028, 0.595628], 
              [0.404271, 0.047352, 0.146255, 0.402121], 
              [0.230115, 0.141955, 0.427915, 0.200014], 
              [0.101111, 0.363413, 0.348363, 0.187114], 
              [0.35697, 0.292461, 0.111854, 0.238716]
            ]
          }, {
            "db": 0,
            "id": "FOXF1_HUMAN.H11MO.0.D",
            "len": 11,
            "nsites": 8,
            "evalue": "1.0e+000",
            "url": "http://hocomoco.autosome.ru/motif/FOXF1_HUMAN.H11MO.0.D",
            "pwm": [
              [0.413594, 0.151766, 0.151766, 0.282875], 
              [0.00328148, 0.00289136, 0.00289136, 0.990936], 
              [0.134, 0.00289136, 0.859827, 0.00328148], 
              [0.00328148, 0.00289136, 0.00289136, 0.990936], 
              [0.00328148, 0.00289136, 0.00289136, 0.990936], 
              [0.00328148, 0.00289136, 0.00289136, 0.990936], 
              [0.729498, 0.0682508, 0.19897, 0.00328148], 
              [0.00328148, 0.13361, 0.00289136, 0.860217], 
              [0.0214369, 0.151766, 0.151766, 0.675032], 
              [0.264719, 0.169921, 0.00289136, 0.562468], 
              [0.431749, 0.00289136, 0.0392022, 0.526157]
            ]
          }, {
            "db": 0,
            "id": "FOXF2_HUMAN.H11MO.0.D",
            "len": 11,
            "nsites": 26,
            "evalue": "1.0e+000",
            "url": "http://hocomoco.autosome.ru/motif/FOXF2_HUMAN.H11MO.0.D",
            "pwm": [
              [0.0162118, 0.0160907, 0.0160907, 0.951607], 
              [0.146681, 0.000897318, 0.821016, 0.0314051], 
              [0.00101839, 0.000897318, 0.031284, 0.9668], 
              [0.122565, 0.000897318, 0.000897318, 0.87564], 
              [0.122565, 0.000897318, 0.031284, 0.845253], 
              [0.7706, 0.000897318, 0.227484, 0.00101839], 
              [0.00101839, 0.782537, 0.031284, 0.18516], 
              [0.284614, 0.255928, 0.0595671, 0.39989], 
              [0.0415206, 0.0413995, 0.0110128, 0.906067], 
              [0.480935, 0.000897318, 0.031284, 0.486884], 
              [0.254228, 0.0110128, 0.357325, 0.377435]
            ]
          }, {
            "db": 0,
            "id": "FOXG1_HUMAN.H11MO.0.D",
            "len": 17,
            "nsites": 310,
            "evalue": "1.0e+000",
            "url": "http://hocomoco.autosome.ru/motif/FOXG1_HUMAN.H11MO.0.D",
            "pwm": [
              [0.358371, 0.152238, 0.184562, 0.30483], 
              [0.1504, 0.111045, 0.121206, 0.617349], 
              [0.0332436, 0.0360026, 0.029723, 0.901031], 
              [0.102421, 0.0200258, 0.857517, 0.020036], 
              [8.57143e-05, 0.00321529, 0.00949482, 0.987204], 
              [8.57143e-05, 7.5524e-05, 0.231872, 0.767966], 
              [0.00341076, 7.5524e-05, 0.092621, 0.903893], 
              [0.687424, 0.16427, 0.108505, 0.039801], 
              [0.0396157, 0.353231, 0.0255642, 0.581589], 
              [0.30912, 0.0957608, 0.292279, 0.30284], 
              [0.191086, 0.0710032, 0.118655, 0.619256], 
              [0.366387, 0.0569618, 0.178506, 0.398145], 
              [0.0616379, 0.0549776, 0.0200696, 0.863315], 
              [0.313876, 0.0397395, 0.316264, 0.33012], 
              [0.0491251, 0.0747889, 0.0882744, 0.787812], 
              [0.238735, 0.0549313, 0.0785772, 0.627756], 
              [0.0828826, 0.134406, 0.197026, 0.585686]
            ]
          }, {
            "db": 0,
            "id": "FOXJ2_HUMAN.H11MO.0.C",
            "len": 10,
            "nsites": 41,
            "evalue": "1.0e+000",
            "url": "http://hocomoco.autosome.ru/motif/FOXJ2_HUMAN.H11MO.0.C",
            "pwm": [
              [0.000646715, 0.0242588, 0.00056983, 0.974525], 
              [0.308603, 0.00056983, 0.642803, 0.0480246], 
              [0.000646715, 0.00056983, 0.0242588, 0.974525], 
              [0.000646715, 0.00056983, 0.00056983, 0.998214], 
              [0.000646715, 0.00056983, 0.00056983, 0.998214], 
              [0.548124, 0.00056983, 0.450659, 0.000646715], 
              [0.000646715, 0.192713, 0.00056983, 0.80607], 
              [0.119091, 0.216402, 0.00056983, 0.663937], 
              [0.000646715, 0.0242588, 0.237459, 0.737635], 
              [0.465213, 0.0834811, 0.130859, 0.320447]
            ]
          }, {
            "db": 0,
            "id": "FOXL1_HUMAN.H11MO.0.D",
            "len": 19,
            "nsites": 1207,
            "evalue": "1.0e+000",
            "url": "http://hocomoco.autosome.ru/motif/FOXL1_HUMAN.H11MO.0.D",
            "pwm": [
              [0.160531, 0.163842, 0.22266, 0.452967], 
              [0.140234, 0.189109, 0.444266, 0.226391], 
              [0.191183, 0.0404055, 0.132361, 0.636051], 
              [0.0629828, 0.0240439, 0.041441, 0.871532], 
              [0.000643344, 0.000640726, 0.000640726, 0.998075], 
              [0.0874216, 0.000433618, 0.905081, 0.00706369], 
              [0.00830634, 1.94019e-05, 1.94019e-05, 0.991655], 
              [2.20197e-05, 1.94019e-05, 1.94019e-05, 0.999939], 
              [2.20197e-05, 1.94019e-05, 1.94019e-05, 0.999939], 
              [0.470571, 1.94019e-05, 0.529387, 2.20197e-05], 
              [2.20197e-05, 1.94019e-05, 1.94019e-05, 0.999939], 
              [2.20197e-05, 1.94019e-05, 1.94019e-05, 0.999939], 
              [2.20197e-05, 1.94019e-05, 1.94019e-05, 0.999939], 
              [0.985856, 1.94019e-05, 0.0116174, 0.00250732], 
              [0.000850451, 0.51199, 0.000847834, 0.486311], 
              [0.414859, 0.0188662, 0.0213515, 0.544923], 
              [0.10399, 0.014517, 0.0186591, 0.862834], 
              [0.226184, 0.0174165, 0.0149312, 0.741468], 
              [0.193254, 0.12532, 0.0838981, 0.597528]
            ]
          }, {
            "db": 0,
            "id": "FOXM1_HUMAN.H11MO.0.A",
            "len": 12,
            "nsites": 500,
            "evalue": "1.0e+000",
            "url": "http://hocomoco.autosome.ru/motif/FOXM1_HUMAN.H11MO.0.A",
            "pwm": [
              [0.056042, 0.024042, 0.03404, 0.885876], 
              [0.252003, 0.0220424, 0.715904, 0.0100511], 
              [0.026048, 0.0300408, 0.0560356, 0.887876], 
              [5.31494e-05, 0.0680332, 0.0620344, 0.869879], 
              [0.00205275, 0.00204643, 0.0720324, 0.923868], 
              [0.319989, 0.054036, 0.587929, 0.0380456], 
              [0.0740384, 0.745898, 0.0180432, 0.162021], 
              [0.246004, 0.160015, 0.0380392, 0.555942], 
              [0.0480436, 0.289989, 0.142018, 0.519949], 
              [0.359981, 0.0380392, 0.0280412, 0.573938], 
              [0.108032, 0.160015, 0.445958, 0.285996], 
              [0.16602, 0.341978, 0.257995, 0.234006]
            ]
          }, {
            "db": 0,
            "id": "FOXO3_HUMAN.H11MO.0.B",
            "len": 10,
            "nsites": 500,
            "evalue": "1.0e+000",
            "url": "http://hocomoco.autosome.ru/motif/FOXO3_HUMAN.H11MO.0.B",
            "pwm": [
              [0.112031, 0.393968, 0.261994, 0.232007], 
              [0.0580416, 0.365974, 0.188009, 0.387976], 
              [0.0200492, 0.00604563, 4.68306e-05, 0.973858], 
              [0.0520428, 0.00404603, 0.941858, 0.00205275], 
              [5.31494e-05, 0.00604563, 0.00604563, 0.987856], 
              [0.00405235, 0.00204643, 0.0300408, 0.96386], 
              [0.00205275, 0.0100448, 0.140019, 0.847884], 
              [0.779897, 0.0580352, 0.0200428, 0.142025], 
              [0.00205275, 0.861874, 0.00804523, 0.128028], 
              [0.383976, 0.259995, 0.0460376, 0.309991]
            ]
          }, {
            "db": 0,
            "id": "FOXO4_HUMAN.H11MO.0.C",
            "len": 9,
            "nsites": 28,
            "evalue": "1.0e+000",
            "url": "http://hocomoco.autosome.ru/motif/FOXO4_HUMAN.H11MO.0.C",
            "pwm": [
              [0.0369619, 0.108881, 0.108881, 0.745276], 
              [0.000945907, 0.000833452, 0.000833452, 0.997387], 
              [0.000945907, 0.000833452, 0.997275, 0.000945907], 
              [0.000945907, 0.000833452, 0.000833452, 0.997387], 
              [0.000945907, 0.000833452, 0.000833452, 0.997387], 
              [0.000945907, 0.000833452, 0.148899, 0.849322], 
              [0.70926, 0.000833452, 0.0368494, 0.253058], 
              [0.0369619, 0.348988, 0.180913, 0.433137], 
              [0.000945907, 0.108881, 0.360993, 0.52918]
            ]
          }, {
            "db": 0,
            "id": "FOXP1_HUMAN.H11MO.0.A",
            "len": 9,
            "nsites": 295,
            "evalue": "1.0e+000",
            "url": "http://hocomoco.autosome.ru/motif/FOXP1_HUMAN.H11MO.0.A",
            "pwm": [
              [0.0576977, 0.139015, 0.176291, 0.626996], 
              [0.0136448, 0.28134, 0.311838, 0.393177], 
              [0.00686743, 0.0204115, 0.0305775, 0.942144], 
              [0.0204222, 0.0407435, 0.840472, 0.0983618], 
              [9.00712e-05, 0.0170228, 0.057687, 0.9252], 
              [0.00686743, 0.0949625, 0.0407435, 0.857427], 
              [0.0102561, 0.0136341, 0.0814077, 0.894702], 
              [0.525336, 0.345725, 0.0373549, 0.0915845], 
              [0.0170335, 0.484661, 0.0102454, 0.48806]
            ]
          }, {
            "db": 0,
            "id": "FOXP2_HUMAN.H11MO.0.C",
            "len": 9,
            "nsites": 500,
            "evalue": "1.0e+000",
            "url": "http://hocomoco.autosome.ru/motif/FOXP2_HUMAN.H11MO.0.C",
            "pwm": [
              [0.0720388, 0.399967, 0.216004, 0.311991], 
              [0.00605195, 0.00404603, 0.014044, 0.975858], 
              [0.0400452, 0.00804523, 0.947857, 0.00405235], 
              [0.00605195, 0.014044, 0.0120444, 0.96786], 
              [0.00205275, 0.0100448, 0.0880292, 0.899873], 
              [5.31494e-05, 4.68306e-05, 0.174012, 0.825888], 
              [0.787896, 0.100027, 0.03404, 0.0780376], 
              [0.00805155, 0.747897, 0.0300408, 0.21401], 
              [0.339985, 0.289989, 0.104026, 0.266]
            ]
          }, {
            "db": 0,
            "id": "HEY1_HUMAN.H11MO.0.D",
            "len": 12,
            "nsites": 254,
            "evalue": "1.0e+000",
            "url": "http://hocomoco.autosome.ru/motif/HEY1_HUMAN.H11MO.0.D",
            "pwm": [
              [0.10833, 0.127995, 0.328703, 0.434973], 
              [0.0630719, 0.0394468, 0.767507, 0.129975], 
              [0.367086, 0.0443661, 0.481202, 0.107346], 
              [0.018798, 0.935747, 0.0266565, 0.018798], 
              [0.960356, 9.21685e-05, 0.0276404, 0.011911], 
              [0.000104604, 0.956409, 0.0315758, 0.011911], 
              [0.000104604, 9.21685e-05, 0.995763, 0.00404006], 
              [0.00404006, 9.21685e-05, 0.015834, 0.980034], 
              [0.0207658, 0.0207533, 0.925909, 0.0325721], 
              [0.0266689, 0.341493, 0.258849, 0.372989], 
              [0.0473301, 0.732087, 0.137833, 0.0827492], 
              [0.202781, 0.116188, 0.419218, 0.261813]
            ]
          }, {
            "db": 0,
            "id": "HIF1A_HUMAN.H11MO.0.C",
            "len": 8,
            "nsites": 500,
            "evalue": "1.0e+000",
            "url": "http://hocomoco.autosome.ru/motif/HIF1A_HUMAN.H11MO.0.C",
            "pwm": [
              [0.212011, 0.164014, 0.527941, 0.096034], 
              [0.234006, 0.0500368, 0.417963, 0.297994], 
              [0.825888, 0.0120444, 0.156016, 0.00605195], 
