<!DOCTYPE HTML>
<html>
  <head>
    <meta charset="UTF-8">
    <title>SpaMo - Spaced Motif Analysis</title>
    <script type="text/javascript">
      //@JSON_VAR data
      var data = {"program":"SpaMo","version":"4.12.0","revision":"aacc9c3eb8c7b460b344d5c8aa1458097dae704d","release":"Tue Jun 27 16:22:50 2017 -0700","host":"Sudins-iMac.local","when":"Thu May 24 14:30:58 2018","cmd":["spamo","-verbosity","1","-oc","results/AHRpeaks_not-in-DHSs.bed-499.fa/hocomoco/spamo_out_4","-bgfile","results/AHRpeaks_not-in-DHSs.bed-499.fa/hocomoco/background","-primary","YTTGCRTGRCAAARGKAASAG","results/AHRpeaks_not-in-DHSs.bed-499.fa/hocomoco/AHRpeaks_not-in-DHSs.bed-499.fa","results/AHRpeaks_not-in-DHSs.bed-499.fa/hocomoco/meme_out/meme.xml","results/AHRpeaks_not-in-DHSs.bed-499.fa/hocomoco/meme_out/meme.xml","/Users/filipov4/meme/db/motif_databases/HUMAN/HOCOMOCOv11_full_HUMAN_mono_meme_format.meme"],"options":{"seq_min_hit_score":7,"margin":150,"bin_size":1,"bin_pvalue_calc_range":150,"use_best_secondary":0,"seq_max_shared_fract":0.5,"seq_odds_ratio":20,"bin_pvalue_cutoff":0.05,"motif_evalue_cutoff":10,"redundant_overlap":2,"redundant_joint":0.5,"motif_pseudocount":0.1,"bgfile":"results/AHRpeaks_not-in-DHSs.bed-499.fa/hocomoco/background","motif_trim":0.25,"xalph":0,"seed":1,"bin_max":3},"alphabet":{"name":"DNA","like":"dna","ncore":4,"symbols":[{"symbol":"A","name":"Adenine","colour":"CC0000","complement":"T"},{"symbol":"C","name":"Cytosine","colour":"0000CC","complement":"G"},{"symbol":"G","name":"Guanine","colour":"FFB300","complement":"C"},{"symbol":"T","aliases":"U","name":"Thymine","colour":"008000","complement":"A"},{"symbol":"N","aliases":"X.","name":"Any base","equals":"ACGT"},{"symbol":"V","name":"Not T","equals":"ACG"},{"symbol":"H","name":"Not G","equals":"ACT"},{"symbol":"D","name":"Not C","equals":"AGT"},{"symbol":"B","name":"Not A","equals":"CGT"},{"symbol":"M","name":"Amino","equals":"AC"},{"symbol":"R","name":"Purine","equals":"AG"},{"symbol":"W","name":"Weak","equals":"AT"},{"symbol":"S","name":"Strong","equals":"CG"},{"symbol":"Y","name":"Pyrimidine","equals":"CT"},{"symbol":"K","name":"Keto","equals":"GT"}]},"background":[0.2976,0.2024,0.2024,0.2976],"sequence_dbs":[{"source":"results/AHRpeaks_not-in-DHSs.bed-499.fa/hocomoco/AHRpeaks_not-in-DHSs.bed-499.fa","name":"AHRpeaks_not-in-DHSs.bed-499","last_modified":"Thu May 24 11:14:35 2018","loaded":42,"excluded_too_short":0,"excluded_no_match":34,"excluded_ambigs":0,"excluded_similar":1,"erased_primary_matches":0}],"primary_dbs":[{"source":"results/AHRpeaks_not-in-DHSs.bed-499.fa/hocomoco/meme_out/meme.xml","name":"meme.xml","last_modified":"Thu May 24 14:30:32 2018","loaded":6,"excluded":5}],"secondary_dbs":[{"source":"results/AHRpeaks_not-in-DHSs.bed-499.fa/hocomoco/meme_out/meme.xml","name":"meme.xml","last_modified":"Thu May 24 14:30:32 2018","loaded":7,"excluded":1},{"source":"/Users/filipov4/meme/db/motif_databases/HUMAN/HOCOMOCOv11_full_HUMAN_mono_meme_format.meme","name":"HOCOMOCOv11_full_HUMAN_mono_meme_format","last_modified":"Wed Dec  6 21:59:30 2017","loaded":771,"excluded":0}],"secondary_motifs":[{"db":0,"id":"WGYMRSGYACACASRC","alt":"MEME-6","len":16,"ltrim":0,"rtrim":0,"nsites":6,"evalue":"4.9e+003","pwm":[[0.660617,0.00331804,0.00331804,0.332747],[0.00487869,0.00331804,0.986925,0.00487869],[0.00487869,0.495121,0.167253,0.332747],[0.660617,0.331187,0.00331804,0.00487869],[0.332747,0.00331804,0.659056,0.00487869],[0.168813,0.331187,0.495121,0.00487869],[0.00487869,0.00331804,0.82299,0.168813],[0.00487869,0.331187,0.167253,0.496682],[0.988485,0.00331804,0.00331804,0.00487869],[0.168813,0.659056,0.167253,0.00487869],[0.988485,0.00331804,0.00331804,0.00487869],[0.00487869,0.986925,0.00331804,0.00487869],[0.988485,0.00331804,0.00331804,0.00487869],[0.00487869,0.331187,0.659056,0.00487869],[0.496682,0.00331804,0.495121,0.00487869],[0.00487869,0.986925,0.00331804,0.00487869]]},{"db":1,"id":"BACH2_HUMAN.H11MO.0.A","len":11,"ltrim":0,"rtrim":1,"nsites":500,"evalue":"1.0e+000","url":"http://hocomoco.autosome.ru/motif/BACH2_HUMAN.H11MO.0.A","pwm":[[0.122035,0.0960213,0.0680269,0.713917],[0.0140567,0.0780249,0.893862,0.0140567],[0.0440507,0.923856,0.0120381,0.0200555],[0.0780439,0.0380329,0.00803887,0.875884],[0.0580479,0.0600285,0.793882,0.0880419],[0.757908,0.0380329,0.0560293,0.14803],[0.0440507,0.223996,0.669906,0.0620471],[0.0100575,0.0160373,0.00803887,0.965866],[0.0600475,0.919857,0.0160373,0.00405871],[0.963867,0.0120381,0.00803887,0.0160563],[0.0560483,0.319976,0.211998,0.411977]]},{"db":1,"id":"BRCA1_HUMAN.H11MO.0.D","len":9,"ltrim":1,"rtrim":0,"nsites":73,"evalue":"1.0e+000","url":"http://hocomoco.autosome.ru/motif/BRCA1_HUMAN.H11MO.0.D","pwm":[[0.144248,0.197208,0.290349,0.368195],[0.189624,0.000276881,0.275393,0.534706],[0.0284004,0.125287,0.15328,0.693032],[0.0563936,0.344417,0.481486,0.117704],[0.0284004,0.149912,0.450596,0.371092],[0.000407113,0.000276881,0.869553,0.129763],[0.000407113,0.0282701,0.000276881,0.971046],[0.000407113,0.000276881,0.000276881,0.999039],[0.063392,0.0734016,0.827808,0.0353987]]},{"db":1,"id":"CDC5L_HUMAN.H11MO.0.D","len":15,"ltrim":0,"rtrim":0,"nsites":10,"evalue":"1.0e+000","url":"http://hocomoco.autosome.ru/motif/CDC5L_HUMAN.H11MO.0.D","pwm":[[0.151461,0.150519,0.645568,0.0524515],[0.00294653,0.200024,0.398044,0.398986],[0.200966,0.00200396,0.794083,0.00294653],[0.497996,0.101014,0.101014,0.299976],[0.00294653,0.101014,0.299034,0.597006],[0.200966,0.00200396,0.200024,0.597006],[0.101956,0.00200396,0.00200396,0.894036],[0.894036,0.00200396,0.101014,0.00294653],[0.795026,0.00200396,0.00200396,0.200966],[0.101956,0.596063,0.00200396,0.299976],[0.597006,0.00200396,0.299034,0.101956],[0.200966,0.101014,0.00200396,0.696016],[0.795026,0.101014,0.101014,0.00294653],[0.597006,0.00200396,0.101014,0.299976],[0.077204,0.274281,0.175271,0.473244]]},{"db":1,"id":"FOXA1_HUMAN.H11MO.0.A","len":12,"ltrim":0,"rtrim":2,"nsites":500,"evalue":"1.0e+000","url":"http://hocomoco.autosome.ru/motif/FOXA1_HUMAN.H11MO.0.A","pwm":[[0.0160563,4.04719e-05,4.04719e-05,0.983863],[0.24601,0.00403967,0.749891,5.95081e-05],[0.00205911,4.04719e-05,4.04719e-05,0.99786],[0.00405871,4.04719e-05,0.0560293,0.939872],[5.95081e-05,4.04719e-05,0.144012,0.855888],[0.781903,4.04719e-05,0.205999,0.0120571],[0.00805791,0.797881,0.00803887,0.186022],[0.317996,0.138013,0.00403967,0.539952],[0.0320531,0.313978,0.108019,0.54595],[0.463967,0.0200365,0.0160373,0.49996],[0.218016,0.0980209,0.493942,0.190022],[0.108038,0.259988,0.393962,0.238012]]},{"db":1,"id":"FOXA2_HUMAN.H11MO.0.A","len":12,"ltrim":0,"rtrim":1,"nsites":500,"evalue":"1.0e+000","url":"http://hocomoco.autosome.ru/motif/FOXA2_HUMAN.H11MO.0.A","pwm":[[0.0160563,4.04719e-05,0.00204007,0.981863],[0.19602,0.00204007,0.799881,0.00205911],[5.95081e-05,0.00403967,4.04719e-05,0.99586],[0.00205911,4.04719e-05,0.0440317,0.953869],[5.95081e-05,4.04719e-05,0.144012,0.855888],[0.757908,4.04719e-05,0.235993,0.00605831],[0.00805791,0.887863,0.00204007,0.102039],[0.401979,0.122016,4.04719e-05,0.475964],[0.0440507,0.409958,0.120016,0.425974],[0.563947,0.00803887,0.0400325,0.387982],[0.190022,0.0960213,0.54993,0.164027],[0.128034,0.357969,0.281984,0.232013]]},{"db":1,"id":"FOXA3_HUMAN.H11MO.0.B","len":13,"ltrim":2,"rtrim":0,"nsites":500,"evalue":"1.0e+000","url":"http://hocomoco.autosome.ru/motif/FOXA3_HUMAN.H11MO.0.B","pwm":[[0.158028,0.465947,0.215997,0.160028],[0.228014,0.24999,0.0780249,0.443971],[0.0120571,4.04719e-05,0.00603927,0.981863],[0.24601,0.00803887,0.737893,0.00805791],[0.00805791,0.0220361,0.0140377,0.955868],[0.00605831,4.04719e-05,0.0360333,0.957868],[0.00805791,4.04719e-05,0.271986,0.719916],[0.855888,0.00603927,0.114018,0.0240547],[0.00405871,0.873866,0.0220361,0.10004],[0.367986,0.15201,0.00803887,0.471965],[0.0940407,0.231994,0.106019,0.567946],[0.425974,0.0140377,0.0540297,0.505958],[0.154029,0.116017,0.577925,0.152029]]},{"db":1,"id":"FOXB1_HUMAN.H11MO.0.D","len":17,"ltrim":1,"rtrim":1,"nsites":7038,"evalue":"1.0e+000","url":"http://hocomoco.autosome.ru/motif/FOXB1_HUMAN.H11MO.0.D","pwm":[[0.219282,0.162615,0.422576,0.195527],[0.089277,0.143925,0.225753,0.541045],[0.353901,0.384066,0.161097,0.100935],[0.803095,0.0550287,0.056486,0.0853908],[0.724187,0.0823593,0.0299689,0.163485],[0.00346536,0.00334256,0.0160941,0.977098],[0.646658,0.000944059,0.349995,0.00240273],[0.0134237,0.000670813,0.00929327,0.976612],[0.013363,0.000245762,0.0268418,0.959549],[0.00294922,0.000519009,0.279352,0.71718],[0.960035,0.000488648,0.0383789,0.00109722],[0.00313139,0.897339,0.0107809,0.0887487],[0.774926,0.0141814,0.0334908,0.177402],[0.0308204,0.143761,0.0300904,0.795328],[0.717605,0.0169745,0.0435706,0.22185],[0.573755,0.0628193,0.2564,0.107026],[0.123906,0.357173,0.327128,0.191793]]},{"db":1,"id":"FOXC1_HUMAN.H11MO.0.C","len":15,"ltrim":2,"rtrim":0,"nsites":26,"evalue":"1.0e+000","url":"http://hocomoco.autosome.ru/motif/FOXC1_HUMAN.H11MO.0.C","pwm":[[0.13524,0.479703,0.173189,0.211868],[0.345968,0.0774038,0.345603,0.231025],[0.269339,0.154032,0.0774038,0.499225],[0.00114023,0.00077548,0.00077548,0.997309],[0.00114023,0.00077548,0.996944,0.00114023],[0.0394544,0.00077548,0.00077548,0.958995],[0.0394544,0.00077548,0.00077548,0.958995],[0.00114023,0.00077548,0.0390897,0.958995],[0.958995,0.00077548,0.00077548,0.0394544],[0.00114023,0.728745,0.00077548,0.269339],[0.231025,0.115718,0.00077548,0.652481],[0.00114023,0.192346,0.00077548,0.805738],[0.652481,0.00077548,0.00077548,0.345968],[0.46091,0.192346,0.268975,0.0777686],[0.0394544,0.268975,0.575488,0.116083]]},{"db":1,"id":"FOXC2_HUMAN.H11MO.0.D","len":15,"ltrim":0,"rtrim":0,"nsites":5,"evalue":"1.0e+000","url":"http://hocomoco.autosome.ru/motif/FOXC2_HUMAN.H11MO.0.D","pwm":[[0.0583563,0.0564896,0.616714,0.26844],[0.215919,0.214053,0.00396863,0.566059],[0.00583529,0.214053,0.00396863,0.776143],[0.00583529,0.00396863,0.00396863,0.986227],[0.215919,0.00396863,0.774277,0.00583529],[0.00583529,0.00396863,0.00396863,0.986227],[0.00583529,0.00396863,0.00396863,0.986227],[0.215919,0.00396863,0.214053,0.566059],[0.355975,0.00396863,0.00396863,0.636087],[0.00583529,0.354109,0.634221,0.00583529],[0.215919,0.424137,0.00396863,0.355975],[0.00583529,0.634221,0.00396863,0.355975],[0.986227,0.00396863,0.00396863,0.00583529],[0.00583529,0.144025,0.844305,0.00583529],[0.478524,0.0564896,0.266574,0.198412]]},{"db":1,"id":"FOXD1_HUMAN.H11MO.0.D","len":15,"ltrim":0,"rtrim":0,"nsites":22,"evalue":"1.0e+000","url":"http://hocomoco.autosome.ru/motif/FOXD1_HUMAN.H11MO.0.D","pwm":[[0.120217,0.566629,0.119786,0.193368],[0.377663,0.110642,0.0740669,0.437628],[0.354095,0.170786,0.0976352,0.377484],[0.0379221,0.0374914,0.0740669,0.85052],[0.0379221,0.243758,0.680397,0.0379221],[0.0379221,0.0374914,0.0374914,0.887095],[0.00134661,0.000915838,0.0374914,0.960246],[0.00134661,0.000915838,0.0374914,0.960246],[0.923671,0.000915838,0.0374914,0.0379221],[0.00134661,0.850089,0.110642,0.0379221],[0.304512,0.243758,0.0740669,0.377663],[0.207614,0.0740669,0.000915838,0.717404],[0.450814,0.207183,0.0740669,0.267936],[0.424799,0.243758,0.220369,0.111073],[0.262477,0.238657,0.479232,0.0196344]]},{"db":1,"id":"FOXD3_HUMAN.H11MO.0.D","len":15,"ltrim":2,"rtrim":3,"nsites":465,"evalue":"1.0e+000","url":"http://hocomoco.autosome.ru/motif/FOXD3_HUMAN.H11MO.0.D","pwm":[[0.157019,0.17635,0.298904,0.367727],[0.118318,0.217201,0.266653,0.397828],[0.135519,0.00649374,0.0559455,0.802042],[0.0387653,0.0688459,0.872974,0.0194147],[0.0925172,0.0516453,0.0365948,0.819243],[0.0366153,0.111847,0.0494952,0.802042],[0.0538159,4.35176e-05,0.0946468,0.851494],[0.339776,0.200001,0.225801,0.234422],[0.058116,0.599915,0.0623957,0.279574],[0.294624,0.202151,0.0408949,0.46233],[0.109718,0.223651,0.070996,0.595635],[0.404278,0.0473452,0.146249,0.402128],[0.230122,0.141948,0.427908,0.200021],[0.101118,0.363406,0.348356,0.187121],[0.356976,0.292454,0.111847,0.238722]]},{"db":1,"id":"FOXF1_HUMAN.H11MO.0.D","len":11,"ltrim":1,"rtrim":0,"nsites":8,"evalue":"1.0e+000","url":"http://hocomoco.autosome.ru/motif/FOXF1_HUMAN.H11MO.0.D","pwm":[[0.413986,0.151373,0.151373,0.283267],[0.00367407,0.00249877,0.00249877,0.991328],[0.134393,0.00249877,0.859434,0.00367407],[0.00367407,0.00249877,0.00249877,0.991328],[0.00367407,0.00249877,0.00249877,0.991328],[0.00367407,0.00249877,0.00249877,0.991328],[0.72989,0.0678582,0.198577,0.00367407],[0.00367407,0.133218,0.00249877,0.860609],[0.0218295,0.151373,0.151373,0.675424],[0.265112,0.169529,0.00249877,0.562861],[0.432142,0.00249877,0.0388096,0.52655]]},{"db":1,"id":"FOXF2_HUMAN.H11MO.0.D","len":11,"ltrim":0,"rtrim":0,"nsites":26,"evalue":"1.0e+000","url":"http://hocomoco.autosome.ru/motif/FOXF2_HUMAN.H11MO.0.D","pwm":[[0.0163336,0.0159688,0.0159688,0.951729],[0.146803,0.00077548,0.820895,0.0315269],[0.00114023,0.00077548,0.0311622,0.966922],[0.122687,0.00077548,0.00077548,0.875762],[0.122687,0.00077548,0.0311622,0.845375],[0.770722,0.00077548,0.227362,0.00114023],[0.00114023,0.782415,0.0311622,0.185282],[0.284736,0.255806,0.0594452,0.400012],[0.0416424,0.0412777,0.010891,0.906189],[0.481057,0.00077548,0.0311622,0.487005],[0.254349,0.010891,0.357203,0.377557]]},{"db":1,"id":"FOXJ2_HUMAN.H11MO.0.C","len":10,"ltrim":0,"rtrim":0,"nsites":41,"evalue":"1.0e+000","url":"http://hocomoco.autosome.ru/motif/FOXJ2_HUMAN.H11MO.0.C","pwm":[[0.000724087,0.0241814,0.000492458,0.974602],[0.30868,0.000492458,0.642726,0.0481019],[0.000724087,0.000492458,0.0241814,0.974602],[0.000724087,0.000492458,0.000492458,0.998291],[0.000724087,0.000492458,0.000492458,0.998291],[0.548201,0.000492458,0.450582,0.000724087],[0.000724087,0.192636,0.000492458,0.806148],[0.119169,0.216325,0.000492458,0.664014],[0.000724087,0.0241814,0.237382,0.737713],[0.46529,0.0834037,0.130782,0.320525]]},{"db":1,"id":"FOXJ3_HUMAN.H11MO.1.B","len":13,"ltrim":0,"rtrim":0,"nsites":613,"evalue":"1.0e+000","url":"http://hocomoco.autosome.ru/motif/FOXJ3_HUMAN.H11MO.1.B","pwm":[[0.126266,0.100127,0.122346,0.651261],[0.0348017,3.30126e-05,0.390457,0.574708],[0.0300403,3.30126e-05,0.516089,0.453838],[4.85402e-05,3.30126e-05,3.30126e-05,0.999885],[0.0547385,3.30126e-05,0.115339,0.82989],[0.396793,3.30126e-05,0.115348,0.487825],[0.356265,0.0774985,3.30126e-05,0.566203],[4.85402e-05,3.30126e-05,3.30126e-05,0.999885],[0.163666,3.30126e-05,0.836253,4.85402e-05],[4.85402e-05,3.30126e-05,3.30126e-05,0.999885],[4.85402e-05,3.30126e-05,3.30126e-05,0.999885],[4.85402e-05,3.30126e-05,0.012708,0.98721],[0.645559,0.104692,0.116949,0.132799]]},{"db":1,"id":"FOXK1_HUMAN.H11MO.0.A","len":10,"ltrim":0,"rtrim":0,"nsites":500,"evalue":"1.0e+000","url":"http://hocomoco.autosome.ru/motif/FOXK1_HUMAN.H11MO.0.A","pwm":[[0.0200555,0.00803887,0.0100385,0.961867],[0.0760443,0.0200365,0.895861,0.00805791],[0.00605831,0.0860233,0.0200365,0.887882],[0.00205911,0.0100385,0.10002,0.887882],[0.0200555,0.0200365,0.166007,0.793901],[0.491961,0.25199,0.0620281,0.194021],[0.0240547,0.655909,0.0400325,0.280004],[0.303999,0.233994,0.110018,0.351989],[0.154029,0.211998,0.15001,0.483963],[0.116036,0.227995,0.144012,0.511957]]},{"db":1,"id":"FOXM1_HUMAN.H11MO.0.A","len":12,"ltrim":0,"rtrim":2,"nsites":500,"evalue":"1.0e+000","url":"http://hocomoco.autosome.ru/motif/FOXM1_HUMAN.H11MO.0.A","pwm":[[0.0560483,0.0240357,0.0340337,0.885882],[0.252009,0.0220361,0.715897,0.0100575],[0.0260543,0.0300345,0.0560293,0.887882],[5.95081e-05,0.0680269,0.0620281,0.869886],[0.00205911,0.00204007,0.0720261,0.923875],[0.319996,0.0540297,0.587923,0.0380519],[0.0740447,0.745891,0.0180369,0.162027],[0.24601,0.160008,0.0380329,0.555948],[0.0480499,0.289982,0.142012,0.519956],[0.359988,0.0380329,0.0280349,0.573945],[0.108038,0.160008,0.445951,0.286002],[0.166026,0.341972,0.257989,0.234013]]},{"db":1,"id":"FOXO1_HUMAN.H11MO.0.A","len":12,"ltrim":3,"rtrim":1,"nsites":500,"evalue":"1.0e+000","url":"http://hocomoco.autosome.ru/motif/FOXO1_HUMAN.H11MO.0.A","pwm":[[0.186022,0.160008,0.259988,0.393981],[0.0960403,0.309978,0.255989,0.337992],[0.0600475,0.45195,0.25399,0.234013],[0.0400515,0.477945,0.170006,0.311997],[0.00605831,0.0120381,0.0140377,0.967866],[0.0320531,0.0340337,0.917857,0.0160563],[0.00405871,0.186003,0.0160373,0.793901],[0.0100575,0.0300345,0.0620281,0.89788],[0.0120571,0.0400325,0.221996,0.725914],[0.403979,0.223996,0.0520301,0.319996],[0.00605831,0.691902,0.0520301,0.25001],[0.226014,0.263988,0.176005,0.333993]]},{"db":1,"id":"FOXO3_HUMAN.H11MO.0.B","len":10,"ltrim":2,"rtrim":1,"nsites":500,"evalue":"1.0e+000","url":"http://hocomoco.autosome.ru/motif/FOXO3_HUMAN.H11MO.0.B","pwm":[[0.112037,0.393962,0.261988,0.232013],[0.0580479,0.365967,0.188003,0.387982],[0.0200555,0.00603927,4.04719e-05,0.973865],[0.0520491,0.00403967,0.941852,0.00205911],[5.95081e-05,0.00603927,0.00603927,0.987862],[0.00405871,0.00204007,0.0300345,0.963867],[0.00205911,0.0100385,0.140012,0.84789],[0.779904,0.0580289,0.0200365,0.142031],[0.00205911,0.861868,0.00803887,0.128034],[0.383983,0.259988,0.0460313,0.309998]]},{"db":1,"id":"FOXO4_HUMAN.H11MO.0.C","len":9,"ltrim":0,"rtrim":0,"nsites":28,"evalue":"1.0e+000","url":"http://hocomoco.autosome.ru/motif/FOXO4_HUMAN.H11MO.0.C","pwm":[[0.037075,0.108768,0.108768,0.745389],[0.00105907,0.000720285,0.000720285,0.9975],[0.00105907,0.000720285,0.997162,0.00105907],[0.00105907,0.000720285,0.000720285,0.9975],[0.00105907,0.000720285,0.000720285,0.9975],[0.00105907,0.000720285,0.148786,0.849435],[0.709373,0.000720285,0.0367362,0.253171],[0.037075,0.348874,0.1808,0.43325],[0.00105907,0.108768,0.36088,0.529293]]},{"db":1,"id":"FOXO6_HUMAN.H11MO.0.D","len":13,"ltrim":3,"rtrim":0,"nsites":3383,"evalue":"1.0e+000","url":"http://hocomoco.autosome.ru/motif/FOXO6_HUMAN.H11MO.0.D","pwm":[[0.448562,0.121344,0.161544,0.268549],[0.359147,0.17322,0.148391,0.319243],[0.117948,0.371263,0.361804,0.148985],[0.385824,0.0210665,0.0881648,0.504945],[0.00059997,0.00030157,0.00118833,0.99791],[0.00178232,5.98268e-06,0.998203,8.79666e-06],[8.79666e-06,0.00030157,0.00030157,0.999388],[0.00148673,0.00030157,0.0390235,0.959188],[8.79666e-06,0.00030157,0.104348,0.895341],[0.938275,0.0195886,0.0086519,0.033484],[0.00481208,0.881816,0.00983425,0.103538],[0.271653,0.11765,0.463191,0.147507],[0.215122,0.16014,0.10457,0.520168]]},{"db":1,"id":"FOXP2_HUMAN.H11MO.0.C","len":9,"ltrim":1,"rtrim":1,"nsites":500,"evalue":"1.0e+000","url":"http://hocomoco.autosome.ru/motif/FOXP2_HUMAN.H11MO.0.C","pwm":[[0.0720451,0.39996,0.215997,0.311997],[0.00605831,0.00403967,0.0140377,0.975864],[0.0400515,0.00803887,0.947851,0.00405871],[0.00605831,0.0140377,0.0120381,0.967866],[0.00205911,0.0100385,0.0880229,0.89988],[5.95081e-05,4.04719e-05,0.174006,0.825894],[0.787902,0.10002,0.0340337,0.0780439],[0.00805791,0.747891,0.0300345,0.214017],[0.339992,0.289982,0.10402,0.266006]]},{"db":1,"id":"FUBP1_HUMAN.H11MO.0.D","len":12,"ltrim":0,"rtrim":0,"nsites":102,"evalue":"1.0e+000","url":"http://hocomoco.autosome.ru/motif/FUBP1_HUMAN.H11MO.0.D","pwm":[[0.0026701,0.163266,0.0311203,0.802944],[0.000291479,0.475922,0.0192272,0.504559],[0.000291479,0.000198237,0.98019,0.0193204],[0.000291479,0.000198237,0.0297988,0.969711],[0.285726,0.179916,0.305719,0.228639],[0.125037,0.219031,0.104858,0.551074],[0.0764073,0.0752569,0.257089,0.591247],[0.0193204,0.0858286,0.0858286,0.809022],[0.0573784,0.0858286,0.0858286,0.770964],[0.0668928,0.104858,0.180973,0.647276],[0.104951,0.122829,0.171459,0.600761],[0.100194,0.0895286,0.119129,0.691149]]},{"db":1,"id":"GATA2_HUMAN.H11MO.1.A","len":11,"ltrim":1,"rtrim":1,"nsites":500,"evalue":"1.0e+000","url":"http://hocomoco.autosome.ru/motif/GATA2_HUMAN.H11MO.1.A","pwm":[[0.34999,0.116017,0.331974,0.202019],[0.164027,0.435953,0.347971,0.0520491],[0.751909,0.0100385,0.00603927,0.232013],[5.95081e-05,0.00204007,0.993842,0.00405871],[0.977864,0.0140377,0.00603927,0.00205911],[0.0160563,0.0400325,0.0480309,0.89588],[0.861887,0.0500305,0.0300345,0.0580479],[0.769906,0.0220361,0.186003,0.0220551],[0.14803,0.239992,0.567927,0.0440507],[0.417976,0.174006,0.369966,0.0380519],[0.417976,0.144012,0.273986,0.164027]]},{"db":1,"id":"GCR_HUMAN.H11MO.0.A","len":15,"ltrim":0,"rtrim":0,"nsites":500,"evalue":"1.0e+000","url":"http://hocomoco.autosome.ru/motif/GCR_HUMAN.H11MO.0.A","pwm":[[0.469966,0.0460313,0.35397,0.130034],[0.0920411,0.0100385,0.837873,0.0600475],[0.443971,0.156009,0.217997,0.182023],[0.89788,0.0260353,0.0280349,0.0480499],[0.0120571,0.947851,0.0260353,0.0140567],[0.761907,0.0280349,0.0900225,0.120036],[0.158028,0.297981,0.35197,0.192021],[0.631933,0.367967,4.04719e-05,5.95081e-05],[0.401979,0.283984,0.217997,0.0960403],[0.180024,0.0540297,0.0360333,0.729914],[0.0140567,0.0220361,0.95385,0.0100575],[0.0520491,0.0380329,0.0240357,0.885882],[0.190022,0.265987,0.182004,0.361987],[0.0620471,0.847871,0.00603927,0.0840427],[0.176024,0.35197,0.0260353,0.44597]]},{"db":1,"id":"GLI1_HUMAN.H11MO.0.D","len":12,"ltrim":1,"rtrim":0,"nsites":500,"evalue":"1.0e+000","url":"http://hocomoco.autosome.ru/motif/GLI1_HUMAN.H11MO.0.D","pwm":[[0.112037,0.391962,0.184004,0.311997],[0.0340527,0.471946,0.39996,0.0940407],[0.0700455,0.0760253,0.0120381,0.841891],[0.0200555,0.0280349,0.905859,0.0460503],[0.0100575,0.0120381,0.763888,0.214017],[0.0120571,0.0400325,0.947851,5.95081e-05],[0.0660463,0.0220361,0.0200365,0.891881],[0.0120571,0.00803887,0.973846,0.00605831],[0.0160563,0.00403967,0.937853,0.0420511],[0.0140567,0.237993,0.15201,0.59594],[0.0420511,0.879865,0.0420321,0.0360523],[0.116036,0.359968,0.0600285,0.463967]]},{"db":1,"id":"GLI3_HUMAN.H11MO.0.B","len":11,"ltrim":1,"rtrim":1,"nsites":15,"evalue":"1.0e+000","url":"http://hocomoco.autosome.ru/motif/GLI3_HUMAN.H11MO.0.B","pwm":[[0.103021,0.301066,0.294215,0.301697],[0.00197086,0.0698492,0.0013404,0.92684],[0.00197086,0.0013404,0.926209,0.0704797],[0.00197086,0.0698492,0.8577,0.0704797],[0.00197086,0.0013404,0.994718,0.00197086],[0.00197086,0.0013404,0.0013404,0.995348],[0.00197086,0.0013404,0.994718,0.00197086],[0.00197086,0.0013404,0.8577,0.138988],[0.0704797,0.0013404,0.0698492,0.858331],[0.0704797,0.652174,0.0698492,0.207497],[0.103021,0.369575,0.1709,0.356504]]},{"db":1,"id":"HAND1_HUMAN.H11MO.0.D","len":17,"ltrim":3,"rtrim":0,"nsites":500,"evalue":"1.0e+000","url":"http://hocomoco.autosome.ru/motif/HAND1_HUMAN.H11MO.0.D","pwm":[[0.242011,0.114018,0.439952,0.204019],[0.154029,0.132014,0.495941,0.218016],[0.136032,0.265987,0.45195,0.14603],[0.0380519,0.40196,0.0520301,0.507958],[0.0240547,0.947851,0.00603927,0.0220551],[0.0160563,4.04719e-05,4.04719e-05,0.983863],[0.00205911,0.00204007,0.987843,0.00805791],[0.00205911,0.223996,0.613918,0.160028],[0.182023,0.30398,0.126015,0.387982],[0.192021,0.25199,0.0940217,0.461967],[0.335992,0.10202,0.0280349,0.533953],[0.178024,0.221996,0.291982,0.307998],[0.0500495,0.235993,0.0740257,0.639932],[0.170026,0.311978,0.397961,0.120036],[0.0240547,0.0260353,0.0340337,0.915876],[0.0200555,0.867867,0.0500305,0.0620471],[0.611937,0.108019,0.0360333,0.244011]]},{"db":1,"id":"HES1_HUMAN.H11MO.0.D","len":13,"ltrim":1,"rtrim":0,"nsites":28,"evalue":"1.0e+000","url":"http://hocomoco.autosome.ru/motif/HES1_HUMAN.H11MO.0.D","pwm":[[0.314523,0.355702,0.218692,0.111083],[0.420395,0.47403,0.033935,0.0716403],[0.055033,0.191705,0.698229,0.055033],[0.266777,0.424208,0.237375,0.0716403],[0.00105907,0.997162,0.000720285,0.00105907],[0.976741,0.000720285,0.000720285,0.0218183],[0.146373,0.727292,0.125275,0.00105907],[0.00105907,0.104516,0.718988,0.175436],[0.478521,0.312108,0.116972,0.0923995],[0.079944,0.000720285,0.88091,0.0384256],[0.34151,0.486485,0.170946,0.00105907],[0.18374,0.569522,0.104516,0.142222],[0.370573,0.415904,0.15849,0.055033]]},{"db":1,"id":"MAFK_HUMAN.H11MO.1.A","len":13,"ltrim":0,"rtrim":0,"nsites":409,"evalue":"1.0e+000","url":"http://hocomoco.autosome.ru/motif/MAFK_HUMAN.H11MO.1.A","pwm":[[0.112515,0.0880475,0.0611592,0.738279],[0.026961,0.102714,0.81892,0.0514049],[0.0978483,0.804254,0.0416041,0.0562937],[0.095404,0.0367153,0.0122714,0.855609],[0.0660713,0.0196046,0.853142,0.0611825],[0.81161,0.022049,0.0636036,0.102737],[7.2745e-05,4.94745e-05,0.926473,0.0734044],[0.0587381,0.0636036,0.0342709,0.843387],[0.107626,0.77981,0.0562704,0.0562937],[0.882498,0.0171602,0.0489373,0.0514049],[0.0538493,0.0513817,0.677146,0.217623],[0.0660713,0.755366,0.127158,0.0514049],[0.623392,0.119825,0.114936,0.141847]]},{"db":1,"id":"MIXL1_HUMAN.H11MO.0.D","len":11,"ltrim":0,"rtrim":0,"nsites":220,"evalue":"1.0e+000","url":"http://hocomoco.autosome.ru/motif/MIXL1_HUMAN.H11MO.0.D","pwm":[[0.183007,0.132986,0.591868,0.0921388],[0.120535,0.26588,0.21136,0.402225],[0.0273955,0.0228089,0.0228089,0.926987],[0.950839,0.00122781,0.0375749,0.0103578],[0.981507,0.0137221,0.00463535,0.000135211],[0.000135211,9.19583e-05,0.00463535,0.995137],[0.00922199,0.0546126,0.0273523,0.908813],[0.524897,0.138665,0.220446,0.115992],[0.345433,0.136394,0.440801,0.0773728],[0.540799,0.127307,0.186371,0.145524],[0.0875955,0.182963,0.182963,0.546478]]},{"db":1,"id":"NR2F6_HUMAN.H11MO.0.D","len":18,"ltrim":0,"rtrim":0,"nsites":11,"evalue":"1.0e+000","url":"http://hocomoco.autosome.ru/motif/NR2F6_HUMAN.H11MO.0.D","pwm":[[0.473888,0.0261124,0.288434,0.211566],[0.177562,0.00182343,0.817934,0.00268108],[0.0901215,0.27386,0.633337,0.00268108],[0.449599,0.00182343,0.18642,0.362158],[0.187277,0.720778,0.0892638,0.00268108],[0.993672,0.00182343,0.00182343,0.00268108],[0.906232,0.00182343,0.0892638,0.00268108],[0.71192,0.00182343,0.283576,0.00268108],[0.00268108,0.00182343,0.992814,0.00268108],[0.177562,0.0989794,0.27386,0.449599],[0.187277,0.18642,0.176704,0.449599],[0.177562,0.633337,0.18642,0.00268108],[0.906232,0.00182343,0.0892638,0.00268108],[0.274718,0.27386,0.18642,0.265002],[0.187277,0.283576,0.176704,0.352443],[0.187277,0.00182343,0.361301,0.449599],[0.265002,0.0892638,0.468172,0.177562],[0.537039,0.18642,0.27386,0.00268108]]},{"db":1,"id":"SMAD3_HUMAN.H11MO.0.B","len":12,"ltrim":2,"rtrim":0,"nsites":500,"evalue":"1.0e+000","url":"http://hocomoco.autosome.ru/motif/SMAD3_HUMAN.H11MO.0.B","pwm":[[0.164027,0.363968,0.313978,0.158028],[0.110038,0.271986,0.168007,0.44997],[0.0640467,0.695901,0.0600285,0.180024],[0.216016,0.00403967,0.0140377,0.765906],[0.0700455,0.293982,0.55393,0.0820431],[0.212017,0.311978,0.106019,0.369986],[0.0380519,0.869867,0.00803887,0.0840427],[0.465966,0.118017,0.0220361,0.393981],[0.00805791,0.565927,0.331974,0.0940407],[0.0320531,0.911858,0.0140377,0.0420511],[0.351989,0.0560293,0.00403967,0.587942],[0.0720451,0.271986,0.493942,0.162027]]},{"db":1,"id":"ZN554_HUMAN.H11MO.1.D","len":9,"ltrim":0,"rtrim":0,"nsites":500,"evalue":"1.0e+000","url":"http://hocomoco.autosome.ru/motif/ZN554_HUMAN.H11MO.1.D","pwm":[[0.210517,0.116517,0.612418,0.0605474],[0.0645466,0.90236,0.0305344,0.00255901],[0.470465,0.0545296,0.0485308,0.426474],[0.0205554,0.0345336,0.932354,0.012557],[0.838392,0.00653917,0.148511,0.00655821],[0.0365522,0.0305344,0.926355,0.00655821],[0.0105574,0.610418,0.0685268,0.310497],[0.0240547,0.967847,0.00204007,0.00605831],[0.711917,0.122016,0.0600285,0.106038]]}],"sequence_names":["chr17:78690100-78690649","chr2:223843200-223843749","chr4:131057400-131058299","chr5:53039550-53040149","chr6:164129450-164129999","chr6:473950-474699","chr9:136608600-136609099"],"primaries":[{"motif":{"db":0,"id":"YTTGCRTGRCAAARGKAASAG","alt":"MEME-3","len":21,"ltrim":0,"rtrim":0,"nsites":7,"evalue":"1.9e-004","pwm":[[0.00419155,0.425385,0.00285071,0.567572],[0.00419155,0.143696,0.00285071,0.849262],[0.00419155,0.00285071,0.00285071,0.990107],[0.00419155,0.143696,0.847921,0.00419155],[0.00419155,0.988766,0.00285071,0.00419155],[0.567572,0.00285071,0.425385,0.00419155],[0.00419155,0.284541,0.00285071,0.708417],[0.00419155,0.00285071,0.988766,0.00419155],[0.567572,0.143696,0.284541,0.00419155],[0.00419155,0.847921,0.143696,0.00419155],[0.849262,0.00285071,0.143696,0.00419155],[0.708417,0.143696,0.143696,0.00419155],[0.849262,0.00285071,0.143696,0.00419155],[0.567572,0.00285071,0.425385,0.00419155],[0.00419155,0.143696,0.847921,0.00419155],[0.00419155,0.143696,0.425385,0.426726],[0.990107,0.00285071,0.00285071,0.00419155],[0.990107,0.00285071,0.00285071,0.00419155],[0.00419155,0.566231,0.425385,0.00419155],[0.849262,0.143696,0.00285071,0.00419155],[0.00419155,0.143696,0.707076,0.145036]]},"secondaries":[[{"idx":0,"counts":[[0,0,0,0,0,0,0,0,0,0,0,0,0,0,0,0,0,0,0,0,0,0,0,0,0,0,0,0,0,0,0,0,0,0,0,0,0,0,0,0,0,0,0,0,0,0,0,0,0,0,0,0,0,0,0,0,0,0,0,0,0,0,0,0,0,0,0,0,0,0,0,0,0,0,0,0,0,0,0,0,0,0,0,0,0,0,0,0,0,0,0,0,0,0,0,0,0,0,0,0,0,0,0,0,0,0,0,0,0,0,0,0,0,0,0,0,0,0,0,0,0,0,0,0,0,0,0,0,0,0,0,0,0,0,0,0],[0,0,3,0,0,0,0,0,0,0,0,0,0,0,0,0,0,0,0,0,0,0,0,0,0,0,0,0,0,0,0,0,0,0,0,0,0,0,0,0,0,0,0,0,0,0,0,0,0,0,0,0,0,0,0,0,0,0,0,0,0,0,0,0,0,0,0,0,0,0,0,0,0,0,0,0,0,0,0,0,0,0,0,0,0,0,0,0,0,0,0,0,0,0,0,0,0,0,0,0,0,0,0,0,0,0,0,0,0,0,0,0,0,0,0,0,0,0,0,0,0,0,0,0,0,0,0,0,0,0,0,0,0,0,0,0],[0,0,0,0,0,0,0,0,0,0,0,0,0,0,0,0,0,0,0,0,0,0,0,0,0,0,0,0,0,0,0,0,0,0,0,0,0,0,0,0,0,0,0,0,0,0,0,0,0,0,0,0,0,0,0,0,0,0,0,0,0,0,0,0,0,0,0,0,0,0,0,0,0,0,0,0,0,0,0,0,0,0,0,0,0,0,0,0,0,0,0,0,0,0,0,0,0,0,0,0,0,0,0,0,0,0,0,0,0,0,0,0,0,0,0,0,0,0,0,0,0,0,0,0,0,0,0,0,0,0,0,0,0,0,0,0],[0,0,0,0,0,0,0,0,0,0,0,0,0,0,0,0,0,0,0,0,0,0,0,0,0,0,0,0,0,0,0,0,0,0,0,0,0,0,0,0,0,0,0,0,0,0,0,0,0,0,0,0,0,0,0,0,0,0,0,0,0,0,0,0,0,0,0,0,0,0,0,0,0,0,0,0,0,0,0,0,0,0,0,0,0,0,0,0,0,0,0,0,0,0,0,0,0,0,0,0,0,0,0,0,0,0,0,0,0,0,0,0,0,0,0,0,0,0,0,0,0,0,0,0,0,0,0,0,0,0,0,0,0,0,0,0]],"spacings":[{"orient":1,"bin":2,"pvalue":6.35066e-09,"inferred_pwm":[[1,0,0,0],[0,0,1,0],[0,1,0,0],[1,0,0,0],[0,0,1,0],[1,0,0,0],[0,0,1,0],[0,0,0,1],[1,0,0,0],[1,0,0,0],[1,0,0,0],[0,1,0,0],[1,0,0,0],[0,0,1,0],[1,0,0,0],[0,1,0,0]],"alignment_pwm":[null,[[0.666667,0,0,0.333333],[0.333333,0,0.666667,0],[0,0.666667,0.333333,0],[0,0.333333,0,0.666667],[0,0,0.666667,0.333333],[0,0,1,0],[0,0,1,0],[0.666667,0,0.333333,0],[0.333333,0.666667,0,0],[0,0.333333,0,0.666667],[0,0.333333,0,0.666667],[0.666667,0,0,0.333333],[1,0,0,0],[0.333333,0,0,0.666667],[0,0,0,1],[0.333333,0,0,0.666667],[1,0,0,0],[1,0,0,0],[0.333333,0.666667,0,0],[0,0.666667,0,0.333333],[0.666667,0,0,0.333333],[1,0,0,0],[1,0,0,0],[0,0,1,0],[0.333333,0,0.666667,0],[0.333333,0.333333,0.333333,0],[0,0.666667,0.333333,0],[0,0,0,1],[0,0,0,1],[0,0,0,1],[0,0,0,1],[0,0,1,0],[0,1,0,0],[1,0,0,0],[0,0.666667,0,0.333333],[0,0,1,0],[0.333333,0,0.666667,0],[0,1,0,0],[1,0,0,0],[1,0,0,0],[1,0,0,0],[0.666667,0,0.333333,0],[0,0,1,0],[0,0,1,0],[1,0,0,0],[1,0,0,0],[0,1,0,0],[1,0,0,0],[0,0,1,0],[0,0,0,1],[0,1,0,0],[1,0,0,0],[0,0,1,0],[0,1,0,0],[1,0,0,0],[0,0,1,0],[1,0,0,0],[0,0,1,0],[0,0,0,1],[1,0,0,0],[1,0,0,0],[1,0,0,0],[0,1,0,0],[1,0,0,0],[0,0,1,0],[1,0,0,0],[0,1,0,0],[1,0,0,0],[1,0,0,0],[0,1,0,0],[0,1,0,0],[0.333333,0.666667,0,0],[0.666667,0.333333,0,0],[0.666667,0.333333,0,0],[0.666667,0,0.333333,0],[0.333333,0,0.333333,0.333333],[0.333333,0,0.333333,0.333333]],null,null],"seqs":[0,2,3]},{"orient":6,"bin":2,"pvalue":5.08053e-08,"inferred_pwm":[[1,0,0,0],[0,0,1,0],[0,1,0,0],[1,0,0,0],[0,0,1,0],[1,0,0,0],[0,0,1,0],[0,0,0,1],[1,0,0,0],[1,0,0,0],[1,0,0,0],[0,1,0,0],[1,0,0,0],[0,0,1,0],[1,0,0,0],[0,1,0,0]],"alignment_pwm":[null,[[0.666667,0,0,0.333333],[0.333333,0,0.666667,0],[0,0.666667,0.333333,0],[0,0.333333,0,0.666667],[0,0,0.666667,0.333333],[0,0,1,0],[0,0,1,0],[0.666667,0,0.333333,0],[0.333333,0.666667,0,0],[0,0.333333,0,0.666667],[0,0.333333,0,0.666667],[0.666667,0,0,0.333333],[1,0,0,0],[0.333333,0,0,0.666667],[0,0,0,1],[0.333333,0,0,0.666667],[1,0,0,0],[1,0,0,0],[0.333333,0.666667,0,0],[0,0.666667,0,0.333333],[0.666667,0,0,0.333333],[1,0,0,0],[1,0,0,0],[0,0,1,0],[0.333333,0,0.666667,0],[0.333333,0.333333,0.333333,0],[0,0.666667,0.333333,0],[0,0,0,1],[0,0,0,1],[0,0,0,1],[0,0,0,1],[0,0,1,0],[0,1,0,0],[1,0,0,0],[0,0.666667,0,0.333333],[0,0,1,0],[0.333333,0,0.666667,0],[0,1,0,0],[1,0,0,0],[1,0,0,0],[1,0,0,0],[0.666667,0,0.333333,0],[0,0,1,0],[0,0,1,0],[1,0,0,0],[1,0,0,0],[0,1,0,0],[1,0,0,0],[0,0,1,0],[0,0,0,1],[0,1,0,0],[1,0,0,0],[0,0,1,0],[0,1,0,0],[1,0,0,0],[0,0,1,0],[1,0,0,0],[0,0,1,0],[0,0,0,1],[1,0,0,0],[1,0,0,0],[1,0,0,0],[0,1,0,0],[1,0,0,0],[0,0,1,0],[1,0,0,0],[0,1,0,0],[1,0,0,0],[1,0,0,0],[0,1,0,0],[0,1,0,0],[0.333333,0.666667,0,0],[0.666667,0.333333,0,0],[0.666667,0.333333,0,0],[0.666667,0,0.333333,0],[0.333333,0,0.333333,0.333333],[0.333333,0,0.333333,0.333333]],null,null],"seqs":[0,2,3]},{"orient":7,"bin":2,"pvalue":5.08053e-08,"inferred_pwm":[[1,0,0,0],[0,0,1,0],[0,1,0,0],[1,0,0,0],[0,0,1,0],[1,0,0,0],[0,0,1,0],[0,0,0,1],[1,0,0,0],[1,0,0,0],[1,0,0,0],[0,1,0,0],[1,0,0,0],[0,0,1,0],[1,0,0,0],[0,1,0,0]],"alignment_pwm":[null,[[0.666667,0,0,0.333333],[0.333333,0,0.666667,0],[0,0.666667,0.333333,0],[0,0.333333,0,0.666667],[0,0,0.666667,0.333333],[0,0,1,0],[0,0,1,0],[0.666667,0,0.333333,0],[0.333333,0.666667,0,0],[0,0.333333,0,0.666667],[0,0.333333,0,0.666667],[0.666667,0,0,0.333333],[1,0,0,0],[0.333333,0,0,0.666667],[0,0,0,1],[0.333333,0,0,0.666667],[1,0,0,0],[1,0,0,0],[0.333333,0.666667,0,0],[0,0.666667,0,0.333333],[0.666667,0,0,0.333333],[1,0,0,0],[1,0,0,0],[0,0,1,0],[0.333333,0,0.666667,0],[0.333333,0.333333,0.333333,0],[0,0.666667,0.333333,0],[0,0,0,1],[0,0,0,1],[0,0,0,1],[0,0,0,1],[0,0,1,0],[0,1,0,0],[1,0,0,0],[0,0.666667,0,0.333333],[0,0,1,0],[0.333333,0,0.666667,0],[0,1,0,0],[1,0,0,0],[1,0,0,0],[1,0,0,0],[0.666667,0,0.333333,0],[0,0,1,0],[0,0,1,0],[1,0,0,0],[1,0,0,0],[0,1,0,0],[1,0,0,0],[0,0,1,0],[0,0,0,1],[0,1,0,0],[1,0,0,0],[0,0,1,0],[0,1,0,0],[1,0,0,0],[0,0,1,0],[1,0,0,0],[0,0,1,0],[0,0,0,1],[1,0,0,0],[1,0,0,0],[1,0,0,0],[0,1,0,0],[1,0,0,0],[0,0,1,0],[1,0,0,0],[0,1,0,0],[1,0,0,0],[1,0,0,0],[0,1,0,0],[0,1,0,0],[0.333333,0.666667,0,0],[0.666667,0.333333,0,0],[0.666667,0.333333,0,0],[0.666667,0,0.333333,0],[0.333333,0,0.333333,0.333333],[0.333333,0,0.333333,0.333333]],null,null],"seqs":[0,2,3]},{"orient":8,"bin":2,"pvalue":4.06442e-07,"inferred_pwm":[[1,0,0,0],[0,0,1,0],[0,1,0,0],[1,0,0,0],[0,0,1,0],[1,0,0,0],[0,0,1,0],[0,0,0,1],[1,0,0,0],[1,0,0,0],[1,0,0,0],[0,1,0,0],[1,0,0,0],[0,0,1,0],[1,0,0,0],[0,1,0,0]],"alignment_pwm":[null,[[0.666667,0,0,0.333333],[0.333333,0,0.666667,0],[0,0.666667,0.333333,0],[0,0.333333,0,0.666667],[0,0,0.666667,0.333333],[0,0,1,0],[0,0,1,0],[0.666667,0,0.333333,0],[0.333333,0.666667,0,0],[0,0.333333,0,0.666667],[0,0.333333,0,0.666667],[0.666667,0,0,0.333333],[1,0,0,0],[0.333333,0,0,0.666667],[0,0,0,1],[0.333333,0,0,0.666667],[1,0,0,0],[1,0,0,0],[0.333333,0.666667,0,0],[0,0.666667,0,0.333333],[0.666667,0,0,0.333333],[1,0,0,0],[1,0,0,0],[0,0,1,0],[0.333333,0,0.666667,0],[0.333333,0.333333,0.333333,0],[0,0.666667,0.333333,0],[0,0,0,1],[0,0,0,1],[0,0,0,1],[0,0,0,1],[0,0,1,0],[0,1,0,0],[1,0,0,0],[0,0.666667,0,0.333333],[0,0,1,0],[0.333333,0,0.666667,0],[0,1,0,0],[1,0,0,0],[1,0,0,0],[1,0,0,0],[0.666667,0,0.333333,0],[0,0,1,0],[0,0,1,0],[1,0,0,0],[1,0,0,0],[0,1,0,0],[1,0,0,0],[0,0,1,0],[0,0,0,1],[0,1,0,0],[1,0,0,0],[0,0,1,0],[0,1,0,0],[1,0,0,0],[0,0,1,0],[1,0,0,0],[0,0,1,0],[0,0,0,1],[1,0,0,0],[1,0,0,0],[1,0,0,0],[0,1,0,0],[1,0,0,0],[0,0,1,0],[1,0,0,0],[0,1,0,0],[1,0,0,0],[1,0,0,0],[0,1,0,0],[0,1,0,0],[0.333333,0.666667,0,0],[0.666667,0.333333,0,0],[0.666667,0.333333,0,0],[0.666667,0,0.333333,0],[0.333333,0,0.333333,0.333333],[0.333333,0,0.333333,0.333333]],null,null],"seqs":[0,2,3]}]}],[{"idx":7,"counts":[[0,0,0,0,0,0,0,0,0,0,0,0,0,0,0,0,0,0,0,0,0,0,0,0,0,0,0,0,0,0,0,0,0,0,0,0,0,0,0,0,0,0,0,0,0,0,0,0,0,0,0,0,0,0,0,0,0,0,0,0,0,0,0,0,0,0,0,0,0,0,0,0,0,0,0,0,0,0,0,0,0,0,0,0,0,0,0,0,0,0,0,0,0,0,0,0,0,0,0,0,0,0,0,0,0,0,0,0,0,0,0,0,0,0,0,0,0,0,0,0,0,0,0,0,0,0,0,0,0,0,0,0,0,0,0,0,0],[0,0,0,0,0,0,0,0,0,0,0,0,0,0,0,0,0,0,0,0,0,0,0,0,0,0,0,0,0,0,0,0,0,0,0,0,0,0,0,0,0,0,0,0,0,0,0,0,0,0,0,0,0,0,0,0,0,0,0,0,0,0,0,0,0,0,0,0,0,0,0,0,0,0,0,0,0,0,0,0,0,0,0,0,0,0,0,0,0,0,0,0,0,0,0,0,0,0,0,0,0,0,0,0,0,0,0,0,0,0,0,0,0,0,0,0,0,0,0,0,0,0,0,0,0,0,0,0,0,0,0,0,1,0,0,0,0],[0,0,0,0,0,0,0,0,0,0,0,0,0,0,0,0,0,0,0,0,0,0,0,0,0,0,0,0,0,0,0,0,0,0,0,0,0,0,0,0,0,0,0,0,0,0,0,0,0,0,0,0,0,0,0,0,0,0,0,0,0,0,0,0,0,0,0,0,0,0,0,0,0,0,0,0,0,0,0,0,0,0,0,0,0,0,0,0,0,0,0,0,0,0,0,0,0,0,0,0,0,0,0,0,0,0,0,0,0,0,0,0,0,0,0,0,0,0,0,0,0,0,0,0,0,0,0,0,0,0,0,0,0,0,0,0,0],[0,0,0,0,3,0,0,0,0,0,0,0,0,0,0,0,0,0,0,0,0,0,0,0,0,0,0,0,0,0,0,0,0,0,0,0,0,0,0,0,0,0,0,0,0,0,0,0,0,0,0,0,0,0,0,0,0,0,0,0,0,0,0,0,0,0,0,0,0,0,0,0,0,0,0,0,0,0,0,0,0,0,0,0,0,0,0,0,0,0,0,0,0,0,0,0,0,0,0,0,0,0,0,0,0,0,0,0,0,0,0,0,0,0,0,0,0,0,0,0,0,0,0,0,0,0,0,0,0,0,0,0,0,0,0,0,0]],"spacings":[{"orient":3,"bin":4,"pvalue":2.48121e-08,"inferred_pwm":[[0,0,0,1],[0,0,1,0],[0,0,0,1],[0,1,0,0],[0,0,0,1],[0,0,1,0],[0,0,0,1],[0,0,0,1],[0,0,0,1],[1,0,0,0],[0,1,0,0],[0,0,0,1],[0,1,0,0],[0,0,0,1],[0,0,1,0]],"alignment_pwm":[null,null,null,[[0.333333,0,0,0.666667],[0.666667,0,0,0.333333],[0.333333,0,0.666667,0],[0,0.666667,0.333333,0],[0,0.333333,0,0.666667],[0,0,0.666667,0.333333],[0,0,1,0],[0,0,1,0],[0.666667,0,0.333333,0],[0.333333,0.666667,0,0],[0,0.333333,0,0.666667],[0,0.333333,0,0.666667],[0.666667,0,0,0.333333],[1,0,0,0],[0.333333,0,0,0.666667],[0,0,0,1],[0.333333,0,0,0.666667],[1,0,0,0],[1,0,0,0],[0.333333,0.666667,0,0],[0,0.666667,0,0.333333],[0.666667,0,0,0.333333],[1,0,0,0],[1,0,0,0],[0,0,1,0],[0.333333,0,0.666667,0],[0.333333,0.333333,0.333333,0],[0,0.666667,0.333333,0],[0,0,0,1],[0,0,0,1],[0,0,0,1],[0,0,0,1],[0,0,1,0],[0,1,0,0],[1,0,0,0],[0,0.666667,0,0.333333],[0,0,1,0],[0.333333,0,0.666667,0],[0,1,0,0],[1,0,0,0],[1,0,0,0],[1,0,0,0],[0.666667,0,0.333333,0],[0,0,1,0],[0,0,1,0],[1,0,0,0],[1,0,0,0],[0,1,0,0],[1,0,0,0],[0,0,1,0],[0,0,0,1],[0,1,0,0],[1,0,0,0],[0,0,1,0],[0,1,0,0],[1,0,0,0],[0,0,1,0],[1,0,0,0],[0,0,1,0],[0,0,0,1],[1,0,0,0],[1,0,0,0],[1,0,0,0],[0,1,0,0],[1,0,0,0],[0,0,1,0],[1,0,0,0],[0,1,0,0],[1,0,0,0],[1,0,0,0],[0,1,0,0],[0,1,0,0],[0.333333,0.666667,0,0],[0.666667,0.333333,0,0],[0.666667,0.333333,0,0],[0.666667,0,0.333333,0],[0.333333,0,0.333333,0.333333],[0.333333,0,0.333333,0.333333],[0,0,0.333333,0.666667]]],"seqs":[0,2,3]},{"orient":5,"bin":4,"pvalue":1.98223e-07,"inferred_pwm":[[0,0,0,1],[0,0,1,0],[0,0,0,1],[0,1,0,0],[0,0,0,1],[0,0,1,0],[0,0,0,1],[0,0,0,1],[0,0,0,1],[1,0,0,0],[0,1,0,0],[0,0,0,1],[0,1,0,0],[0,0,0,1],[0,0,1,0]],"alignment_pwm":[null,null,null,[[0.333333,0,0,0.666667],[0.666667,0,0,0.333333],[0.333333,0,0.666667,0],[0,0.666667,0.333333,0],[0,0.333333,0,0.666667],[0,0,0.666667,0.333333],[0,0,1,0],[0,0,1,0],[0.666667,0,0.333333,0],[0.333333,0.666667,0,0],[0,0.333333,0,0.666667],[0,0.333333,0,0.666667],[0.666667,0,0,0.333333],[1,0,0,0],[0.333333,0,0,0.666667],[0,0,0,1],[0.333333,0,0,0.666667],[1,0,0,0],[1,0,0,0],[0.333333,0.666667,0,0],[0,0.666667,0,0.333333],[0.666667,0,0,0.333333],[1,0,0,0],[1,0,0,0],[0,0,1,0],[0.333333,0,0.666667,0],[0.333333,0.333333,0.333333,0],[0,0.666667,0.333333,0],[0,0,0,1],[0,0,0,1],[0,0,0,1],[0,0,0,1],[0,0,1,0],[0,1,0,0],[1,0,0,0],[0,0.666667,0,0.333333],[0,0,1,0],[0.333333,0,0.666667,0],[0,1,0,0],[1,0,0,0],[1,0,0,0],[1,0,0,0],[0.666667,0,0.333333,0],[0,0,1,0],[0,0,1,0],[1,0,0,0],[1,0,0,0],[0,1,0,0],[1,0,0,0],[0,0,1,0],[0,0,0,1],[0,1,0,0],[1,0,0,0],[0,0,1,0],[0,1,0,0],[1,0,0,0],[0,0,1,0],[1,0,0,0],[0,0,1,0],[0,0,0,1],[1,0,0,0],[1,0,0,0],[1,0,0,0],[0,1,0,0],[1,0,0,0],[0,0,1,0],[1,0,0,0],[0,1,0,0],[1,0,0,0],[1,0,0,0],[0,1,0,0],[0,1,0,0],[0.333333,0.666667,0,0],[0.666667,0.333333,0,0],[0.666667,0.333333,0,0],[0.666667,0,0.333333,0],[0.333333,0,0.333333,0.333333],[0.333333,0,0.333333,0.333333],[0,0,0.333333,0.666667]]],"seqs":[0,2,3]},{"orient":7,"bin":4,"pvalue":1.98223e-07,"inferred_pwm":[[0,0,0,1],[0,0,1,0],[0,0,0,1],[0,1,0,0],[0,0,0,1],[0,0,1,0],[0,0,0,1],[0,0,0,1],[0,0,0,1],[1,0,0,0],[0,1,0,0],[0,0,0,1],[0,1,0,0],[0,0,0,1],[0,0,1,0]],"alignment_pwm":[null,null,null,[[0.333333,0,0,0.666667],[0.666667,0,0,0.333333],[0.333333,0,0.666667,0],[0,0.666667,0.333333,0],[0,0.333333,0,0.666667],[0,0,0.666667,0.333333],[0,0,1,0],[0,0,1,0],[0.666667,0,0.333333,0],[0.333333,0.666667,0,0],[0,0.333333,0,0.666667],[0,0.333333,0,0.666667],[0.666667,0,0,0.333333],[1,0,0,0],[0.333333,0,0,0.666667],[0,0,0,1],[0.333333,0,0,0.666667],[1,0,0,0],[1,0,0,0],[0.333333,0.666667,0,0],[0,0.666667,0,0.333333],[0.666667,0,0,0.333333],[1,0,0,0],[1,0,0,0],[0,0,1,0],[0.333333,0,0.666667,0],[0.333333,0.333333,0.333333,0],[0,0.666667,0.333333,0],[0,0,0,1],[0,0,0,1],[0,0,0,1],[0,0,0,1],[0,0,1,0],[0,1,0,0],[1,0,0,0],[0,0.666667,