<!DOCTYPE HTML>
<html>
  <head>
    <meta charset="UTF-8">
    <title>TOMTOM</title>
    <script>
      // @JSON_VAR data
      var data = {
        "program": "Tomtom",
        "version": "4.12.0",
        "release": "Tue Jun 27 16:22:50 2017 -0700",
        "cmd": [
          "tomtom", "-verbosity", "1", "-oc",
          "results/AHRpeaks_withAHREs.bed-199.fa/jaspar/dreme_tomtom_out",
          "-min-overlap", "5", "-dist", "pearson", "-evalue", "-thresh", "1",
          "-no-ssc", "-bfile",
          "results/AHRpeaks_withAHREs.bed-199.fa/jaspar/background",
          "results/AHRpeaks_withAHREs.bed-199.fa/jaspar/dreme_out/dreme.xml",
          "/Users/filipov4/meme/db/motif_databases/JASPAR/JASPAR2018_CORE_non-redundant.meme"
        ],
        "options": {
          "strands": "both",
          "distance_measure": "pearson",
          "threshold_type": "evalue",
          "threshold_value": 1,
          "background_source": "file",
          "background_file": "results/AHRpeaks_withAHREs.bed-199.fa/jaspar/background"
        },
        "alphabet": {
          "name": "DNA",
          "like": "dna",
          "ncore": 4,
          "symbols": [
            {
              "symbol": "A",
              "name": "Adenine",
              "colour": "CC0000",
              "complement": "T"
            }, {
              "symbol": "C",
              "name": "Cytosine",
              "colour": "0000CC",
              "complement": "G"
            }, {
              "symbol": "G",
              "name": "Guanine",
              "colour": "FFB300",
              "complement": "C"
            }, {
              "symbol": "T",
              "aliases": "U",
              "name": "Thymine",
              "colour": "008000",
              "complement": "A"
            }, {
              "symbol": "N",
              "aliases": "X.",
              "name": "Any base",
              "equals": "ACGT"
            }, {
              "symbol": "V",
              "name": "Not T",
              "equals": "ACG"
            }, {
              "symbol": "H",
              "name": "Not G",
              "equals": "ACT"
            }, {
              "symbol": "D",
              "name": "Not C",
              "equals": "AGT"
            }, {
              "symbol": "B",
              "name": "Not A",
              "equals": "CGT"
            }, {
              "symbol": "M",
              "name": "Amino",
              "equals": "AC"
            }, {
              "symbol": "R",
              "name": "Purine",
              "equals": "AG"
            }, {
              "symbol": "W",
              "name": "Weak",
              "equals": "AT"
            }, {
              "symbol": "S",
              "name": "Strong",
              "equals": "CG"
            }, {
              "symbol": "Y",
              "name": "Pyrimidine",
              "equals": "CT"
            }, {
              "symbol": "K",
              "name": "Keto",
              "equals": "GT"
            }
          ]
        },
        "background": [0.2644, 0.2356, 0.2356, 0.2644],
        "query_dbs": [
          {
            "source": "results/AHRpeaks_withAHREs.bed-199.fa/jaspar/dreme_out/dreme.xml",
            "name": "dreme",
            "loaded": 8,
            "excluded": 0,
            "last_modified": "Thu May 24 17:25:44 2018"
          }
        ],
        "target_dbs": [
          {
            "source": "/Users/filipov4/meme/db/motif_databases/JASPAR/JASPAR2018_CORE_non-redundant.meme",
            "name": "JASPAR2018 CORE non-redundant",
            "loaded": 1404,
            "excluded": 0,
            "last_modified": "Thu Dec  7 14:38:42 2017"
          }
        ],
        "queries": [
          {
            "db": 0,
            "id": "ACACACMC",
            "alt": "DREME-7",
            "len": 8,
            "nsites": 60,
            "evalue": "3.3e-003",
            "pwm": [
              [0.998776, 0.000392013, 0.000392013, 0.000439933], 
              [0.000439933, 0.998728, 0.000392013, 0.000439933], 
              [0.998776, 0.000392013, 0.000392013, 0.000439933], 
              [0.000439933, 0.998728, 0.000392013, 0.000439933], 
              [0.998776, 0.000392013, 0.000392013, 0.000439933], 
              [0.000439933, 0.998728, 0.000392013, 0.000439933], 
              [0.749192, 0.249976, 0.000392013, 0.000439933], 
              [0.000439933, 0.998728, 0.000392013, 0.000439933]
            ]
          }, {
            "db": 0,
            "id": "AGGTSAC",
            "alt": "DREME-8",
            "len": 7,
            "nsites": 66,
            "evalue": "5.8e-003",
            "pwm": [
              [0.998887, 0.00035643, 0.00035643, 0.0004], 
              [0.0004, 0.00035643, 0.998844, 0.0004], 
              [0.0004, 0.00035643, 0.998844, 0.0004], 
              [0.0004, 0.00035643, 0.00035643, 0.998887], 
              [0.0004, 0.469343, 0.529857, 0.0004], 
              [0.998887, 0.00035643, 0.00035643, 0.0004], 
              [0.0004, 0.998844, 0.00035643, 0.0004]
            ]
          }, {
            "db": 0,
            "id": "CMCAGR",
            "alt": "DREME-4",
            "len": 6,
            "nsites": 674,
            "evalue": "8.8e-008",
            "pwm": [
              [3.92227e-05, 0.999887, 3.49503e-05, 3.92227e-05], 
              [0.455462, 0.544464, 3.49503e-05, 3.92227e-05], 
              [3.92227e-05, 0.999887, 3.49503e-05, 3.92227e-05], 
              [0.999891, 3.49503e-05, 3.49503e-05, 3.92227e-05], 
              [3.92227e-05, 3.49503e-05, 0.999887, 3.92227e-05], 
              [0.451011, 3.49503e-05, 0.548915, 3.92227e-05]
            ]
          }, {
            "db": 0,
            "id": "DCACGC",
            "alt": "DREME-1",
            "len": 6,
            "nsites": 396,
            "evalue": "2.7e-051",
            "pwm": [
              [0.30302, 5.94799e-05, 0.386326, 0.310594], 
              [6.67508e-05, 0.999807, 5.94799e-05, 6.67508e-05], 
              [0.999814, 5.94799e-05, 5.94799e-05, 6.67508e-05], 
              [6.67508e-05, 0.999807, 5.94799e-05, 6.67508e-05], 
              [6.67508e-05, 5.94799e-05, 0.999807, 6.67508e-05], 
              [6.67508e-05, 0.999807, 5.94799e-05, 6.67508e-05]
            ]
          }, {
            "db": 0,
            "id": "RGRGAAA",
            "alt": "DREME-6",
            "len": 7,
            "nsites": 185,
            "evalue": "3.8e-004",
            "pwm": [
              [0.605221, 0.000127283, 0.394509, 0.000142842], 
              [0.000142842, 0.000127283, 0.999587, 0.000142842], 
              [0.572806, 0.000127283, 0.426924, 0.000142842], 
              [0.000142842, 0.000127283, 0.999587, 0.000142842], 
              [0.999603, 0.000127283, 0.000127283, 0.000142842], 
              [0.999603, 0.000127283, 0.000127283, 0.000142842], 
              [0.999603, 0.000127283, 0.000127283, 0.000142842]
            ]
          }, {
            "db": 0,
            "id": "RYAAAYA",
            "alt": "DREME-2",
            "len": 7,
            "nsites": 446,
            "evalue": "7.4e-027",
            "pwm": [
              [0.486497, 5.28133e-05, 0.513391, 5.92692e-05], 
              [5.92692e-05, 0.571674, 5.28133e-05, 0.428214], 
              [0.999835, 5.28133e-05, 5.28133e-05, 5.92692e-05], 
              [0.999835, 5.28133e-05, 5.28133e-05, 5.92692e-05], 
              [0.999835, 5.28133e-05, 5.28133e-05, 5.92692e-05], 
              [5.92692e-05, 0.573915, 5.28133e-05, 0.425973], 
              [0.999835, 5.28133e-05, 5.28133e-05, 5.92692e-05]
            ]
          }, {
            "db": 0,
            "id": "TGACTCAB",
            "alt": "DREME-3",
            "len": 8,
            "nsites": 91,
            "evalue": "6.7e-009",
            "pwm": [
              [0.00029023, 0.000258617, 0.000258617, 0.999193], 
              [0.00029023, 0.000258617, 0.999161, 0.00029023], 
              [0.999193, 0.000258617, 0.000258617, 0.00029023], 
              [0.00029023, 0.999161, 0.000258617, 0.00029023], 
              [0.00029023, 0.000258617, 0.000258617, 0.999193], 
              [0.00029023, 0.999161, 0.000258617, 0.00029023], 
              [0.999193, 0.000258617, 0.000258617, 0.00029023], 
              [0.00029023, 0.351521, 0.274682, 0.373506]
            ]
          }, {
            "db": 0,
            "id": "TTATCW",
            "alt": "DREME-5",
            "len": 6,
            "nsites": 245,
            "evalue": "2.0e-006",
            "pwm": [
              [0.000107874, 9.6124e-05, 9.6124e-05, 0.9997], 
              [0.000107874, 9.6124e-05, 9.6124e-05, 0.9997], 
              [0.9997, 9.6124e-05, 9.6124e-05, 0.000107874], 
              [0.000107874, 9.6124e-05, 9.6124e-05, 0.9997], 
              [0.000107874, 0.999688, 9.6124e-05, 0.000107874], 
              [0.395864, 9.6124e-05, 9.6124e-05, 0.603943]
            ]
          }
        ],
        "targets": [
          {
            "db": 0,
            "id": "MA0006.1",
            "alt": "Ahr::Arnt",
            "len": 6,
            "nsites": 24,
            "url": "http://jaspar2018.genereg.net/matrix/MA0006.1",
            "pwm": [
              [0.125578, 0.332927, 0.0839648, 0.457528], 
              [0.0010971, 0.000977593, 0.955334, 0.0425912], 
              [0.0010971, 0.955334, 0.000977593, 0.0425912], 
              [0.0010971, 0.000977593, 0.955334, 0.0425912], 
              [0.0010971, 0.000977593, 0.000977593, 0.996948], 
              [0.0010971, 0.000977593, 0.996828, 0.0010971]
            ]
          }, {
            "db": 0,
            "id": "MA0031.1",
            "alt": "FOXD1",
            "len": 8,
            "nsites": 20,
            "url": "http://jaspar2018.genereg.net/matrix/MA0031.1",
            "pwm": [
              [0.0510667, 0.0509234, 0.846943, 0.0510667], 
              [0.00131542, 0.00117214, 0.00117214, 0.99634], 
              [0.946589, 0.0509234, 0.00117214, 0.00131542], 
              [0.99634, 0.00117214, 0.00117214, 0.00131542], 
              [0.896838, 0.0509234, 0.0509234, 0.00131542], 
              [0.0510667, 0.896695, 0.00117214, 0.0510667], 
              [0.99634, 0.00117214, 0.00117214, 0.00131542], 
              [0.349574, 0.100675, 0.150426, 0.399325]
            ]
          }, {
            "db": 0,
            "id": "MA0032.2",
            "alt": "FOXC1",
            "len": 11,
            "nsites": 19566,
            "url": "http://jaspar2018.genereg.net/matrix/MA0032.2",
            "pwm": [
              [0.329756, 0.039457, 0.0155381, 0.615249], 
              [0.695237, 0.035336, 0.202155, 0.067273], 
              [0.344387, 0.0876138, 0.105678, 0.462323], 
              [0.257364, 0.0178011, 0.722132, 0.00270334], 
              [0.108395, 0.0717428, 0.0169381, 0.802924], 
              [0.706923, 0.289518, 0.0011332, 0.00242634], 
              [0.991151, 0.00579117, 1.20412e-06, 0.00305734], 
              [0.983558, 0.00298019, 0.00750217, 0.00595932], 
              [0.00649832, 0.467699, 0.00878816, 0.517014], 
              [0.966337, 0.0014122, 0.0226321, 0.0096183], 
              [0.31682, 0.0736508, 0.0523319, 0.557199]
            ]
          }, {
            "db": 0,
            "id": "MA0033.2",
            "alt": "FOXL1",
            "len": 7,
            "nsites": 4933,
            "url": "http://jaspar2018.genereg.net/matrix/MA0033.2",
            "pwm": [
              [0.426107, 0.00263972, 0.542869, 0.0283848], 
              [0.00192632, 0.0799112, 4.7759e-06, 0.918158], 
              [0.874645, 0.114915, 0.0104346, 5.35971e-06], 
              [0.989019, 0.00786762, 4.7759e-06, 0.0031093], 
              [0.973113, 0.0166984, 0.0101836, 5.35971e-06], 
              [5.35971e-06, 0.778859, 4.7759e-06, 0.221131], 
              [0.985349, 0.0111366, 4.7759e-06, 0.00350929]
            ]
          }, {
            "db": 0,
            "id": "MA0035.3",
            "alt": "Gata1",
            "len": 11,
            "nsites": 17955,
            "url": "http://jaspar2018.genereg.net/matrix/MA0035.3",
            "pwm": [
              [0.11334, 0.240657, 0.140909, 0.505095], 
              [0.0281833, 0.35678, 0.1555, 0.459537], 
              [1.47256e-06, 0.828123, 0.0243402, 0.147537], 
              [1.47256e-06, 0.0388201, 1.31216e-06, 0.961177], 
              [1.47256e-06, 1.31216e-06, 1.31216e-06, 0.999996], 
              [0.999996, 1.31216e-06, 1.31216e-06, 1.47256e-06], 
              [1.47256e-06, 1.31216e-06, 1.31216e-06, 0.999996], 
              [1.47256e-06, 0.999996, 1.31216e-06, 1.47256e-06], 
              [0.120636, 1.31216e-06, 1.31216e-06, 0.879362], 
              [0.139349, 0.343413, 0.37243, 0.144807], 
              [0.105041, 0.282484, 0.0890008, 0.523474]
            ]
          }, {
            "db": 0,
            "id": "MA0036.3",
            "alt": "GATA2",
            "len": 11,
            "nsites": 14213,
            "url": "http://jaspar2018.genereg.net/matrix/MA0036.3",
            "pwm": [
              [0.232393, 0.209526, 0.225216, 0.332864], 
              [0.139732, 0.288398, 0.208682, 0.363188], 
              [0.0661384, 0.746285, 0.0860491, 0.101528], 
              [0.0312406, 0.0182245, 0.0105556, 0.93998], 
              [0.0293407, 0.00239364, 0.00147965, 0.966786], 
              [0.991904, 0.000986651, 0.00302664, 0.00408283], 
              [0.0102038, 0.00541962, 0.00337863, 0.980998], 
              [0.00675581, 0.969952, 0.0088666, 0.0144248], 
              [0.166961, 0.0346174, 0.0258225, 0.772599], 
              [0.204883, 0.26131, 0.257229, 0.276578], 
              [0.230634, 0.272567, 0.155915, 0.340884]
            ]
          }, {
            "db": 0,
            "id": "MA0037.3",
            "alt": "GATA3",
            "len": 8,
            "nsites": 1000,
            "url": "http://jaspar2018.genereg.net/matrix/MA0037.3",
            "pwm": [
              [0.501976, 0.226001, 0.00102346, 0.270999], 
              [2.64374e-05, 2.35576e-05, 0.999924, 2.64374e-05], 
              [0.999926, 2.35576e-05, 2.35576e-05, 2.64374e-05], 
              [2.64374e-05, 2.35576e-05, 2.35576e-05, 0.999926], 
              [0.91485, 0.00202536, 2.35576e-05, 0.0831011], 
              [0.86194, 0.0150221, 0.076016, 0.0470217], 
              [0.114015, 0.300993, 0.475976, 0.109016], 
              [0.422984, 0.188005, 0.320991, 0.0680196]
            ]
          }, {
            "db": 0,
            "id": "MA0041.1",
            "alt": "Foxd3",
            "len": 12,
            "nsites": 47,
            "url": "http://jaspar2018.genereg.net/matrix/MA0041.1",
            "pwm": [
              [0.234107, 0.0641947, 0.552517, 0.149181], 
              [0.637504, 0.0429629, 0.000500212, 0.319033], 
              [0.510115, 0.021732, 0.000500212, 0.467653], 
              [0.0217932, 0.0854255, 0.000500212, 0.892281], 
              [0.255338, 0.000500212, 0.722368, 0.0217932], 
              [0.000561359, 0.000500212, 0.000500212, 0.998438], 
              [0.0217932, 0.000500212, 0.000500212, 0.977206], 
              [0.106718, 0.000500212, 0.212814, 0.679967], 
              [0.297801, 0.000500212, 0.446361, 0.255338], 
              [0.12795, 0.14912, 0.000500212, 0.722429], 
              [0.0217932, 0.0429629, 0.0854255, 0.849818], 
              [0.000561359, 0.255277, 0.000500212, 0.743661]
            ]
          }, {
            "db": 0,
            "id": "MA0042.2",
            "alt": "FOXI1",
            "len": 7,
            "nsites": 5832,
            "url": "http://jaspar2018.genereg.net/matrix/MA0042.2",
            "pwm": [
              [0.10597, 0.00669093, 0.887335, 4.53353e-06], 
              [0.0138513, 0.0112318, 0.00655293, 0.968364], 
              [0.899676, 0.0938824, 0.00643693, 4.53353e-06], 
              [0.995562, 0.00442896, 4.03971e-06, 4.53353e-06], 
              [0.977694, 0.00434897, 0.00548295, 0.0124733], 
              [0.0253671, 0.836016, 0.00775791, 0.130858], 
              [0.992889, 0.002306, 0.00480096, 4.53353e-06]
            ]
          }, {
            "db": 0,
            "id": "MA0047.2",
            "alt": "Foxa2",
            "len": 12,
            "nsites": 808,
            "url": "http://jaspar2018.genereg.net/matrix/MA0047.2",
            "pwm": [
              [0.00127057, 0.001267, 0.001267, 0.996196], 
              [0.273176, 0.0037367, 0.719347, 0.00374026], 
              [0.00126857, 0.001265, 0.001265, 0.996201], 
              [0.00126857, 0.0037367, 0.0445226, 0.950471], 
              [0.00126557, 0.001262, 0.215785, 0.781687], 
              [0.908562, 0.00496654, 0.0827349, 0.00373626], 
              [0.00250141, 0.89498, 0.00249785, 0.10002], 
              [0.417781, 0.0951964, 0.0037367, 0.483286], 
              [0.0618301, 0.327554, 0.0717133, 0.538903], 
              [0.516698, 0.00746323, 0.0297655, 0.446075], 
              [0.162544, 0.065778, 0.59797, 0.173708], 
              [0.160661, 0.242838, 0.36113, 0.235371]
            ]
          }, {
            "db": 0,
            "id": "MA0066.1",
            "alt": "PPARG",
            "len": 20,
            "nsites": 28,
            "url": "http://jaspar2018.genereg.net/matrix/MA0066.1",
            "pwm": [
              [0.107703, 0.285536, 0.499059, 0.107703], 
              [0.107703, 0.000838434, 0.000838434, 0.89062], 
              [0.677097, 0.000838434, 0.321124, 0.000940925], 
              [0.000940925, 0.0364253, 0.961693, 0.000940925], 
              [0.0365278, 0.000838434, 0.926105, 0.0365278], 
              [0.000940925, 0.0364253, 0.143187, 0.819447], 
              [0.0721157, 0.819344, 0.1076, 0.000940925], 
              [0.926207, 0.0364253, 0.000838434, 0.0365278], 
              [0.178876, 0.534646, 0.143187, 0.14329], 
              [0.178876, 0.249949, 0.35671, 0.214464], 
              [0.14329, 0.0720132, 0.641408, 0.14329], 
              [0.0365278, 0.000838434, 0.0720132, 0.89062], 
              [0.0721157, 0.178774, 0.712582, 0.0365278], 
              [0.783859, 0.178774, 0.000838434, 0.0365278], 
              [0.0365278, 0.961693, 0.000838434, 0.000940925], 
              [0.000940925, 0.890518, 0.000838434, 0.107703], 
              [0.107703, 0.427884, 0.000838434, 0.463575], 
              [0.783859, 0.178774, 0.000838434, 0.0365278], 
              [0.178876, 0.427884, 0.214362, 0.178876], 
              [0.250051, 0.000838434, 0.0364253, 0.712685]
            ]
          }, {
            "db": 0,
            "id": "MA0099.3",
            "alt": "FOS::JUN",
            "len": 10,
            "nsites": 1000,
            "url": "http://jaspar2018.genereg.net/matrix/MA0099.3",
            "pwm": [
              [0.591967, 0.111012, 0.256998, 0.0400224], 
              [0.00302614, 0.00502306, 0.00202336, 0.989927], 
              [0.00702574, 0.00102346, 0.823941, 0.16801], 
              [0.819944, 0.13101, 0.00402316, 0.0450219], 
              [0.0780186, 0.180006, 0.687955, 0.054021], 
              [0.00502594, 0.00202336, 0.00202336, 0.990927], 
              [0.0300234, 0.962927, 0.00302326, 0.00402604], 
              [0.991927, 0.00202336, 0.00202336, 0.00402604], 
              [0.024024, 0.312992, 0.0950141, 0.56797], 
              [0.276999, 0.396984, 0.164007, 0.16201]
            ]
          }, {
            "db": 0,
            "id": "MA0112.3",
            "alt": "ESR1",
            "len": 17,
            "nsites": 486,
            "url": "http://jaspar2018.genereg.net/matrix/MA0112.3",
            "pwm": [
              [0.477322, 0.133766, 0.207825, 0.181087], 
              [0.654643, 0.00981846, 0.335484, 5.43921e-05], 
              [5.43921e-05, 4.84674e-05, 0.948103, 0.0517937], 
              [0.00317875, 4.84674e-05, 0.996718, 5.43921e-05], 
              [5.43921e-05, 4.84674e-05, 0.00548235, 0.994415], 
              [0.00225194, 0.993251, 4.84674e-05, 0.00444949], 
              [0.939981, 4.84674e-05, 0.0599161, 5.43921e-05], 
              [0.206909, 0.647425, 0.101561, 0.0441063], 
              [0.168232, 0.295352, 0.450287, 0.0861297], 
              [0.379008, 0.141954, 0.458019, 0.0210181], 
              [5.43921e-05, 0.0431106, 0.00192108, 0.954914], 
              [0.00320874, 4.84674e-05, 0.996688, 5.43921e-05], 
              [0.995793, 0.00207605, 0.00207605, 5.43921e-05], 
              [5.43921e-05, 0.995515, 0.00437658, 5.43921e-05], 
              [0.0319628, 0.967934, 4.84674e-05, 5.43921e-05], 
              [5.43921e-05, 0.219328, 0.0107823, 0.769835], 
              [0.0678694, 0.131804, 0.405004, 0.395322]
            ]
          }, {
            "db": 0,
            "id": "MA0140.2",
            "alt": "GATA1::TAL1",
            "len": 18,
            "nsites": 4955,
            "url": "http://jaspar2018.genereg.net/matrix/MA0140.2",
            "pwm": [
              [0.224824, 0.411298, 0.195157, 0.16872], 
              [0.0415785, 0.162867, 0.0320931, 0.763461], 
              [0.064182, 4.7547e-06, 4.7547e-06, 0.935808], 
              [0.999985, 4.7547e-06, 4.7547e-06, 5.33592e-06], 
              [5.33592e-06, 4.7547e-06, 4.7547e-06, 0.999985], 
              [5.33592e-06, 0.999985, 4.7547e-06, 5.33592e-06], 
              [0.413519, 0.0127185, 0.0111045, 0.562658], 
              [0.132798, 0.268617, 0.446817, 0.151768], 
              [0.19435, 0.245005, 0.25106, 0.309585], 
              [0.240363, 0.227447, 0.30676, 0.22543], 
              [0.358827, 0.228052, 0.199799, 0.213321], 
              [0.209486, 0.249647, 0.345508, 0.195359], 
              [0.272856, 0.230474, 0.295862, 0.200808], 
              [0.380422, 0.208477, 0.16549, 0.24561], 
              [0.278708, 0.249647, 0.380219, 0.0914265], 
              [0.0222049, 0.973143, 0.00464666, 5.33592e-06], 
              [0.940248, 4.7547e-06, 4.7547e-06, 0.0597421], 
              [0.0322957, 0.179618, 0.715227, 0.0728599]
            ]
          }, {
            "db": 0,
            "id": "MA0148.3",
            "alt": "FOXA1",
            "len": 15,
            "nsites": 22008,
            "url": "http://jaspar2018.genereg.net/matrix/MA0148.3",
            "pwm": [
              [0.196656, 0.219329, 0.187386, 0.396627], 
              [0.211696, 0.311296, 0.214967, 0.262041], 
              [0.139132, 0.388858, 0.241458, 0.230553], 
              [0.3242, 0.196156, 0.16544, 0.314204], 
              [0.00318219, 1.07052e-06, 0.000546068, 0.996271], 
              [0.267312, 1.07052e-06, 0.732686, 1.20138e-06], 
              [1.20138e-06, 1.07052e-06, 1.07052e-06, 0.999997], 
              [1.20138e-06, 1.07052e-06, 0.0587068, 0.941291], 
              [1.20138e-06, 1.07052e-06, 0.129907, 0.87009], 
              [0.829332, 1.07052e-06, 0.170665, 1.20138e-06], 
              [1.20138e-06, 0.934021, 1.07052e-06, 0.0659769], 
              [0.417711, 0.120639, 1.07052e-06, 0.461649], 
              [0.037578, 0.331516, 0.0632508, 0.567656], 
              [0.486277, 4.60703e-05, 0.00286406, 0.510813], 
              [0.218421, 0.118276, 0.427798, 0.235505]
            ]
          }, {
            "db": 0,
            "id": "MA0150.2",
            "alt": "Nfe2l2",
            "len": 15,
            "nsites": 726,
            "url": "http://jaspar2018.genereg.net/matrix/MA0150.2",
            "pwm": [
              [0.228655, 0.465533, 0.15015, 0.155662], 
              [0.552302, 0.107456, 0.21901, 0.121232], 
              [0.162548, 0.329188, 0.378768, 0.129496], 
              [0.279612, 0.340206, 0.20937, 0.170812], 
              [0.67212, 0.0385941, 0.282363, 0.00692247], 
              [3.64137e-05, 3.24473e-05, 3.24473e-05, 0.999899], 
              [3.64137e-05, 3.24473e-05, 0.979237, 0.0206946], 
              [0.999899, 3.24473e-05, 3.24473e-05, 3.64137e-05], 
              [0.0275806, 0.734091, 0.162544, 0.075784], 
              [0.115722, 0.0275767, 0.0220684, 0.834632], 
              [0.0895561, 0.756126, 0.0633847, 0.0909329], 
              [0.794693, 0.00416388, 0.123982, 0.0771608], 
              [0.0138085, 0.0151824, 0.961333, 0.00967709], 
              [0.00554565, 0.96271, 0.0261998, 0.00554565], 
              [0.858045, 0.0358405, 0.0427266, 0.0633887]
            ]
          }, {
            "db": 0,
            "id": "MA0157.2",
            "alt": "FOXO3",
            "len": 8,
            "nsites": 553,
            "url": "http://jaspar2018.genereg.net/matrix/MA0157.2",
            "pwm": [
              [0.0380159, 4.25963e-05, 0.961894, 4.78033e-05], 
              [4.78033e-05, 4.25963e-05, 0.0238913, 0.976018], 
              [0.960163, 0.0289184, 0.00906596, 0.00185248], 
              [0.997991, 0.00191826, 4.25963e-05, 4.78033e-05], 
              [0.98142, 0.0184893, 4.25963e-05, 4.78033e-05], 
              [0.0273159, 0.967141, 4.25963e-05, 0.00550182], 
              [0.979613, 0.0202969, 4.25963e-05, 4.78033e-05], 
              [0.546501, 0.0207289, 0.0621004, 0.370671]
            ]
          }, {
            "db": 0,
            "id": "MA0160.1",
            "alt": "NR4A2",
            "len": 8,
            "nsites": 13,
            "url": "http://jaspar2018.genereg.net/matrix/MA0160.1",
            "pwm": [
              [0.612706, 0.0781343, 0.230806, 0.0783541], 
              [0.923501, 0.00179847, 0.0726822, 0.00201832], 
              [0.00201832, 0.00179847, 0.923281, 0.0729021], 
              [0.214669, 0.00179847, 0.781515, 0.00201832], 
              [0.143785, 0.143565, 0.00179847, 0.710852], 
              [0.00201832, 0.923281, 0.00179847, 0.0729021], 
              [0.994385, 0.00179847, 0.00179847, 0.00201832], 
              [0.231026, 0.612486, 0.15447, 0.00201832]
            ]
          }, {
            "db": 0,
            "id": "MA0258.2",
            "alt": "ESR2",
            "len": 15,
            "nsites": 8243,
            "url": "http://jaspar2018.genereg.net/matrix/MA0258.2",
            "pwm": [
              [0.656309, 0.0116487, 0.310929, 0.021112], 
              [0.0520466, 2.85815e-06, 0.869821, 0.0781293], 
              [0.00716112, 2.85815e-06, 0.987859, 0.00497715], 
              [0.0089801, 0.0178356, 0.119982, 0.853202], 
              [3.20753e-06, 0.924534, 0.0646631, 0.0108001], 
              [0.9824, 0.000123857, 0.00691777, 0.0105571], 
              [0.0609025, 0.509763, 0.33216, 0.097175], 
              [0.253791, 0.392452, 0.20478, 0.148976], 
              [0.219339, 0.3045, 0.263618, 0.212545], 
              [0.194348, 0.118283, 0.0646631, 0.622706], 
              [0.135996, 0.0482853, 0.807709, 0.00801011], 
              [0.397669, 0.249424, 0.16875, 0.184157], 
              [0.0526536, 0.78478, 0.0440393, 0.118527], 
              [0.134783, 0.710172, 2.85815e-06, 0.155042], 
              [0.101179, 0.32852, 0.073519, 0.496782]
            ]
          }, {
            "db": 0,
            "id": "MA0272.1",
            "alt": "ARG81",
            "len": 8,
            "nsites": 198,
            "url": "http://jaspar2018.genereg.net/matrix/MA0272.1",
            "pwm": [
              [0.297963, 0.0606943, 0.419099, 0.222243], 
              [0.0367, 0.00011893, 0.0244966, 0.938683], 
              [0.0773145, 0.00011893, 0.922433, 0.000133468], 
              [0.999629, 0.00011893, 0.00011893, 0.000133468], 
              [0.000133468, 0.99594, 0.00011893, 0.00380761], 
              [0.00619141, 0.00011893, 0.00011893, 0.993571], 
              [0.000133468, 0.999614, 0.00011893, 0.000133468], 
              [0.317177, 0.317163, 0.0216131, 0.344046]
            ]
          }, {
            "db": 0,
            "id": "MA0297.1",
            "alt": "FKH2",
            "len": 7,
            "nsites": 101,
            "url": "http://jaspar2018.genereg.net/matrix/MA0297.1",
            "pwm": [
              [0.128847, 0.000233037, 0.870658, 0.000261523], 
              [0.000261523, 0.000233037, 0.000233037, 0.999272], 
              [0.999272, 0.000233037, 0.000233037, 0.000261523], 
              [0.999272, 0.000233037, 0.000233037, 0.000261523], 
              [0.999272, 0.000233037, 0.000233037, 0.000261523], 
              [0.000261523, 0.999244, 0.000233037, 0.000261523], 
              [0.999272, 0.000233037, 0.000233037, 0.000261523]
            ]
          }, {
            "db": 0,
            "id": "MA0303.1",
            "alt": "GCN4",
            "len": 21,
            "nsites": 998,
            "url": "http://jaspar2018.genereg.net/matrix/MA0303.1",
            "pwm": [
              [0.218442, 0.295585, 0.24549, 0.240483], 
              [0.371732, 0.217437, 0.268534, 0.142297], 
              [0.362715, 0.213429, 0.15031, 0.273546], 
              [0.282563, 0.11925, 0.325642, 0.272544], 
              [0.27555, 0.177361, 0.316625, 0.230464], 
              [0.169179, 0.14015, 0.365352, 0.325319], 
              [0.536045, 0.0350901, 0.41381, 0.015055], 
              [0.0110474, 0.0080388, 0.006035, 0.974879], 
              [0.00203029, 0.0050331, 0.935802, 0.0571348], 
              [0.969869, 0.0130483, 0.0040312, 0.0130512], 
              [0.00203029, 0.433848, 0.563093, 0.00102839], 
              [0.0130512, 0.0040312, 0.0130483, 0.969869], 
              [0.0571348, 0.935802, 0.0050331, 0.00203029], 
              [0.974879, 0.006035, 0.0080388, 0.0110474], 
              [0.015055, 0.41381, 0.0350901, 0.536045], 
              [0.376365, 0.290285, 0.131141, 0.202208], 
              [0.207213, 0.354342, 0.194198, 0.244246], 
              [0.284567, 0.216435, 0.202408, 0.29659], 
              [0.226457, 0.234469, 0.177361, 0.361713], 
              [0.25451, 0.32965, 0.232465, 0.183375], 
              [0.337668, 0.169346, 0.195395, 0.297592]
            ]
          }, {
            "db": 0,
            "id": "MA0446.1",
            "alt": "fkh",
            "len": 11,
            "nsites": 27,
            "url": "http://jaspar2018.genereg.net/matrix/MA0446.1",
            "pwm": [
              [0.111677, 0.000869373, 0.000869373, 0.886585], 
              [0.185477, 0.000869373, 0.812678, 0.000975646], 
              [0.000975646, 0.000869373, 0.000869373, 0.997286], 
              [0.000975646, 0.000869373, 0.000869373, 0.997286], 
              [0.000975646, 0.000869373, 0.0377697, 0.960385], 
              [0.48068, 0.000869373, 0.517475, 0.000975646], 
              [0.148577, 0.480574, 0.07467, 0.296178], 
              [0.222378, 0.259172, 0.11157, 0.406879], 
              [0.000975646, 0.406773, 0.07467, 0.517581], 
              [0.849684, 0.000869373, 0.0377697, 0.111677], 
              [0.554482, 0.148471, 0.148471, 0.148577]
            ]
          }, {
            "db": 0,
            "id": "MA0462.1",
            "alt": "BATF::JUN",
            "len": 11,
            "nsites": 10522,
            "url": "http://jaspar2018.genereg.net/matrix/MA0462.1",
            "pwm": [
              [0.29291, 0.0457158, 0.488118, 0.173257], 
              [0.454474, 0.0525587, 0.274568, 0.2184], 
              [0.429479, 0.0161591, 0.210891, 0.34347], 
              [0.784827, 0.140469, 2.2391e-06, 0.0747028], 
              [2.51281e-06, 2.2391e-06, 2.2391e-06, 0.999993], 
              [2.51281e-06, 2.2391e-06, 0.985927, 0.0140684], 
              [0.999993, 2.2391e-06, 2.2391e-06, 2.51281e-06], 
              [0.055695, 0.477664, 0.466639, 2.51281e-06], 
              [2.51281e-06, 2.2391e-06, 2.2391e-06, 0.999993], 
              [0.122696, 0.816379, 0.0609217, 2.51281e-06], 
              [0.975473, 2.2391e-06, 2.2391e-06, 0.0245223]
            ]
          }, {
            "db": 0,
            "id": "MA0476.1",
            "alt": "FOS",
            "len": 11,
            "nsites": 29396,
            "url": "http://jaspar2018.genereg.net/matrix/MA0476.1",
            "pwm": [
              [0.26803, 0.0242217, 0.329501, 0.378249], 
              [0.254286, 0.346204, 0.368792, 0.0307188], 
              [8.99439e-07, 8.01467e-07, 8.01467e-07, 0.999997], 
              [8.99439e-07, 8.01467e-07, 0.922164, 0.0778346], 
              [0.999997, 8.01467e-07, 8.01467e-07, 8.99439e-07], 
              [0.0339508, 0.478942, 0.381208, 0.1059], 
              [8.99439e-07, 8.01467e-07, 8.01467e-07, 0.999997], 
              [8.99439e-07, 0.999997, 8.01467e-07, 8.99439e-07], 
              [0.999997, 8.01467e-07, 8.01467e-07, 8.99439e-07], 
              [0.00877787, 0.198088, 0.0523206, 0.740813], 
              [0.136277, 0.280174, 0.268642, 0.314907]
            ]
          }, {
            "db": 0,
            "id": "MA0477.1",
            "alt": "FOSL1",
            "len": 11,
            "nsites": 5272,
            "url": "http://jaspar2018.genereg.net/matrix/MA0477.1",
            "pwm": [
              [0.339718, 0.022576, 0.452196, 0.185509], 
              [0.297419, 0.0828939, 0.589712, 0.0299744], 
              [5.01508e-06, 4.46881e-06, 4.46881e-06, 0.999986], 
              [5.01508e-06, 4.46881e-06, 0.999986, 5.01508e-06], 
              [0.999986, 4.46881e-06, 4.46881e-06, 5.01508e-06], 
              [0.0235246, 0.591799, 0.384671, 5.01508e-06], 
              [5.01508e-06, 4.46881e-06, 4.46881e-06, 0.999986], 
              [0.0335784, 0.966412, 4.46881e-06, 5.01508e-06], 
              [0.999986, 4.46881e-06, 4.46881e-06, 5.01508e-06], 
              [0.00702288, 0.153834, 0.328905, 0.510238], 
              [0.224584, 0.319421, 0.355651, 0.100344]
            ]
          }, {
            "db": 0,
            "id": "MA0478.1",
            "alt": "FOSL2",
            "len": 11,
            "nsites": 5318,
            "url": "http://jaspar2018.genereg.net/matrix/MA0478.1",
            "pwm": [
              [0.15664, 0.186913, 0.39225, 0.264197], 
              [0.286762, 0.111322, 0.509021, 0.0928952], 
              [0.537979, 0.0103462, 0.437755, 0.0139197], 
              [4.9717e-06, 4.43015e-06, 4.43015e-06, 0.999986], 
              [4.9717e-06, 4.43015e-06, 0.999986, 4.9717e-06], 
              [0.954293, 0.00959425, 0.0361078, 4.9717e-06], 
              [4.9717e-06, 0.617894, 0.345617, 0.0364843], 
              [4.9717e-06, 4.43015e-06, 4.43015e-06, 0.999986], 
              [0.0385522, 0.961438, 4.43015e-06, 4.9717e-06], 
              [0.999986, 4.43015e-06, 4.43015e-06, 4.9717e-06], 
              [4.9717e-06, 0.263068, 0.363481, 0.373447]
            ]
          }, {
            "db": 0,
            "id": "MA0482.1",
            "alt": "Gata4",
            "len": 11,
            "nsites": 2746,
            "url": "http://jaspar2018.genereg.net/matrix/MA0482.1",
            "pwm": [
              [0.0036515, 0.378364, 0.136202, 0.481784], 
              [9.6282e-06, 0.7884, 0.11144, 0.100152], 
              [9.6282e-06, 0.0324184, 8.57944e-06, 0.967563], 
              [9.6282e-06, 8.57944e-06, 8.57944e-06, 0.999973], 
              [0.985772, 0.0142101, 8.57944e-06, 9.6282e-06], 
              [9.6282e-06, 8.57944e-06, 8.57944e-06, 0.999973], 
              [9.6282e-06, 0.999972, 8.57944e-06, 9.6282e-06], 
              [0.199201, 8.57944e-06, 8.57944e-06, 0.800781], 
              [9.6282e-06, 0.451558, 0.342312, 0.20612], 
              [0.218866, 0.365618, 0.0571805, 0.358336], 
              [0.140573, 0.338306, 0.248361, 0.27276]
            ]
          }, {
            "db": 0,
            "id": "MA0489.1",
            "alt": "JUN(var.2)",
            "len": 14,
            "nsites": 10956,
            "url": "http://jaspar2018.genereg.net/matrix/MA0489.1",
            "pwm": [
              [0.44286, 0.114094, 0.257211, 0.185835], 
              [0.358433, 0.120848, 0.375136, 0.145583], 
              [0.340087, 0.102867, 0.395216, 0.16183], 
              [0.40124, 0.102411, 0.315899, 0.18045], 
              [0.378422, 0.0541277, 0.384537, 0.182914], 
              [0.541253, 0.0906363, 0.368108, 2.41327e-06], 
              [2.41327e-06, 2.1504e-06, 2.1504e-06, 0.999993], 
              [2.41327e-06, 2.1504e-06, 0.999993, 2.41327e-06], 
              [0.999719, 2.1504e-06, 2.1504e-06, 0.000276411], 
              [0.0348691, 0.520625, 0.37331, 0.0711958], 
              [0.0181662, 2.1504e-06, 2.1504e-06, 0.981829], 
              [0.0872596, 0.912736, 2.1504e-06, 2.41327e-06], 
              [0.999993, 2.1504e-06, 2.1504e-06, 2.41327e-06], 
              [0.0343211, 0.229007, 0.24142, 0.495252]
            ]
          }, {
            "db": 0,
            "id": "MA0490.1",
            "alt": "JUNB",
            "len": 11,
            "nsites": 16992,
            "url": "http://jaspar2018.genereg.net/matrix/MA0490.1",
            "pwm": [
              [0.212159, 0.198093, 0.352106, 0.237641], 
              [0.297493, 0.062207, 0.495937, 0.144363], 
              [0.493408, 0.0342522, 0.472339, 1.55602e-06], 
              [1.55602e-06, 1.38653e-06, 1.38653e-06, 0.999996], 
              [1.55602e-06, 1.38653e-06, 0.999996, 1.55602e-06], 
              [0.999996, 1.38653e-06, 1.38653e-06, 1.55602e-06], 
              [1.55602e-06, 0.580212, 0.369644, 0.0501423], 
              [1.55602e-06, 1.38653e-06, 1.38653e-06, 0.999996], 
              [0.0739181, 0.926079, 1.38653e-06, 1.55602e-06], 
              [0.999996, 1.38653e-06, 1.38653e-06, 1.55602e-06], 
              [0.0433163, 0.174317, 0.359992, 0.422374]
            ]
          }, {
            "db": 0,
            "id": "MA0491.1",
            "alt": "JUND",
            "len": 11,
            "nsites": 38710,
            "url": "http://jaspar2018.genereg.net/matrix/MA0491.1",
            "pwm": [
              [0.320046, 0.0196076, 0.352364, 0.307982], 
              [0.391708, 0.124619, 0.483672, 6.83026e-07], 
              [6.83026e-07, 6.08627e-07, 6.08627e-07, 0.999998], 
              [6.83026e-07, 6.08627e-07, 0.999998, 6.83026e-07], 
              [0.999998, 6.08627e-07, 6.08627e-07, 6.83026e-07], 
              [6.83026e-07, 0.590467, 0.363679, 0.0458546], 
              [6.83026e-07, 6.08627e-07, 6.08627e-07, 0.999998], 
              [0.0399646, 0.960034, 6.08627e-07, 6.83026e-07], 
              [0.999998, 6.08627e-07, 6.08627e-07, 6.83026e-07], 
              [6.83026e-07, 0.132679, 0.0594425, 0.807878], 
              [0.14947, 0.38636, 0.32108, 0.14309]
            ]
          }, {
            "db": 0,
            "id": "MA0495.2",
            "alt": "MAFF",
            "len": 21,
            "nsites": 12296,
            "url": "http://jaspar2018.genereg.net/matrix/MA0495.2",
            "pwm": [
              [0.383132, 0.119064, 0.197219, 0.300586], 
              [0.437702, 0.0961301, 0.104913, 0.361255], 
              [0.324577, 0.102311, 0.100928, 0.472184], 
              [0.2169, 0.163306, 0.132971, 0.486823], 
              [0.0955614, 0.0465205, 0.0499365, 0.807982], 
              [0.0431868, 0.0503435, 0.867432, 0.0390388], 
              [0.110362, 0.817822, 0.0302557, 0.0415598], 
              [0.0671776, 0.0356226, 0.00854085, 0.888658], 
              [0.0573377, 0.0255387, 0.832217, 0.0849075], 
              [0.881501, 0.0227737, 0.0200898, 0.0756355], 
              [0.0906004, 0.228855, 0.590026, 0.0905184], 
              [0.0383878, 0.0196828, 0.0227737, 0.919156], 
              [0.0821425, 0.850353, 0.0196018, 0.0479038], 
              [0.915903, 0.00439388, 0.0306617, 0.0490418], 
              [0.0374938, 0.0444066, 0.77415, 0.14395], 
              [0.0553047, 0.836202, 0.0567675, 0.0517257], 
              [0.779111, 0.0592894, 0.0579064, 0.103693], 
              [0.4756, 0.131019, 0.167779, 0.225602], 
              [0.474543, 0.104832, 0.114184, 0.306441], 
              [0.353854, 0.108492, 0.105889, 0.431765], 
              [0.307498, 0.184532, 0.131751, 0.376219]
            ]
          }, {
            "db": 0,
            "id": "MA0496.2",
            "alt": "MAFK",
            "len": 19,
            "nsites": 7790,
            "url": "http://jaspar2018.genereg.net/matrix/MA0496.2",
            "pwm": [
              [0.468418, 0.0875499, 0.107319, 0.336713], 
