<!DOCTYPE HTML>
<html>
  <head>
    <meta charset="UTF-8">
    <title>SpaMo - Spaced Motif Analysis</title>
    <script type="text/javascript">
      //@JSON_VAR data
      var data = {"program":"SpaMo","version":"4.12.0","revision":"aacc9c3eb8c7b460b344d5c8aa1458097dae704d","release":"Tue Jun 27 16:22:50 2017 -0700","host":"Sudins-iMac.local","when":"Thu May 24 14:30:17 2018","cmd":["spamo","-verbosity","1","-oc","results/AHRpeaks_not-in-DHSs.bed-499.fa/jaspar/spamo_out_2","-bgfile","results/AHRpeaks_not-in-DHSs.bed-499.fa/jaspar/background","-primary","CTTGGTCATGAAATYCTTGCCTAAGSCAA","results/AHRpeaks_not-in-DHSs.bed-499.fa/jaspar/AHRpeaks_not-in-DHSs.bed-499.fa","results/AHRpeaks_not-in-DHSs.bed-499.fa/jaspar/meme_out/meme.xml","results/AHRpeaks_not-in-DHSs.bed-499.fa/jaspar/meme_out/meme.xml","/Users/filipov4/meme/db/motif_databases/JASPAR/JASPAR2018_CORE_non-redundant.meme"],"options":{"seq_min_hit_score":7,"margin":150,"bin_size":1,"bin_pvalue_calc_range":150,"use_best_secondary":0,"seq_max_shared_fract":0.5,"seq_odds_ratio":20,"bin_pvalue_cutoff":0.05,"motif_evalue_cutoff":10,"redundant_overlap":2,"redundant_joint":0.5,"motif_pseudocount":0.1,"bgfile":"results/AHRpeaks_not-in-DHSs.bed-499.fa/jaspar/background","motif_trim":0.25,"xalph":0,"seed":1,"bin_max":4},"alphabet":{"name":"DNA","like":"dna","ncore":4,"symbols":[{"symbol":"A","name":"Adenine","colour":"CC0000","complement":"T"},{"symbol":"C","name":"Cytosine","colour":"0000CC","complement":"G"},{"symbol":"G","name":"Guanine","colour":"FFB300","complement":"C"},{"symbol":"T","aliases":"U","name":"Thymine","colour":"008000","complement":"A"},{"symbol":"N","aliases":"X.","name":"Any base","equals":"ACGT"},{"symbol":"V","name":"Not T","equals":"ACG"},{"symbol":"H","name":"Not G","equals":"ACT"},{"symbol":"D","name":"Not C","equals":"AGT"},{"symbol":"B","name":"Not A","equals":"CGT"},{"symbol":"M","name":"Amino","equals":"AC"},{"symbol":"R","name":"Purine","equals":"AG"},{"symbol":"W","name":"Weak","equals":"AT"},{"symbol":"S","name":"Strong","equals":"CG"},{"symbol":"Y","name":"Pyrimidine","equals":"CT"},{"symbol":"K","name":"Keto","equals":"GT"}]},"background":[0.2976,0.2024,0.2024,0.2976],"sequence_dbs":[{"source":"results/AHRpeaks_not-in-DHSs.bed-499.fa/jaspar/AHRpeaks_not-in-DHSs.bed-499.fa","name":"AHRpeaks_not-in-DHSs.bed-499","last_modified":"Thu May 24 11:14:35 2018","loaded":42,"excluded_too_short":0,"excluded_no_match":34,"excluded_ambigs":0,"excluded_similar":3,"erased_primary_matches":0}],"primary_dbs":[{"source":"results/AHRpeaks_not-in-DHSs.bed-499.fa/jaspar/meme_out/meme.xml","name":"meme.xml","last_modified":"Thu May 24 14:29:42 2018","loaded":6,"excluded":5}],"secondary_dbs":[{"source":"results/AHRpeaks_not-in-DHSs.bed-499.fa/jaspar/meme_out/meme.xml","name":"meme.xml","last_modified":"Thu May 24 14:29:42 2018","loaded":7,"excluded":1},{"source":"/Users/filipov4/meme/db/motif_databases/JASPAR/JASPAR2018_CORE_non-redundant.meme","name":"JASPAR2018_CORE_non-redundant","last_modified":"Thu Dec  7 14:38:42 2017","loaded":1404,"excluded":0}],"secondary_motifs":[{"db":0,"id":"CAAAAGCAAATRCAATARAAACAAAGATAA","alt":"MEME-1","len":30,"ltrim":0,"rtrim":0,"nsites":6,"evalue":"6.5e-014","pwm":[[0.00487869,0.82299,0.00331804,0.168813],[0.988485,0.00331804,0.00331804,0.00487869],[0.660617,0.167253,0.167253,0.00487869],[0.82455,0.00331804,0.00331804,0.168813],[0.82455,0.167253,0.00331804,0.00487869],[0.00487869,0.00331804,0.82299,0.168813],[0.00487869,0.82299,0.167253,0.00487869],[0.988485,0.00331804,0.00331804,0.00487869],[0.82455,0.00331804,0.167253,0.00487869],[0.988485,0.00331804,0.00331804,0.00487869],[0.00487869,0.00331804,0.00331804,0.988485],[0.332747,0.00331804,0.495121,0.168813],[0.168813,0.82299,0.00331804,0.00487869],[0.988485,0.00331804,0.00331804,0.00487869],[0.988485,0.00331804,0.00331804,0.00487869],[0.00487869,0.00331804,0.00331804,0.988485],[0.82455,0.167253,0.00331804,0.00487869],[0.496682,0.00331804,0.331187,0.168813],[0.988485,0.00331804,0.00331804,0.00487869],[0.82455,0.00331804,0.167253,0.00487869],[0.82455,0.00331804,0.167253,0.00487869],[0.00487869,0.82299,0.167253,0.00487869],[0.988485,0.00331804,0.00331804,0.00487869],[0.988485,0.00331804,0.00331804,0.00487869],[0.988485,0.00331804,0.00331804,0.00487869],[0.168813,0.167253,0.659056,0.00487869],[0.988485,0.00331804,0.00331804,0.00487869],[0.168813,0.00331804,0.00331804,0.82455],[0.988485,0.00331804,0.00331804,0.00487869],[0.988485,0.00331804,0.00331804,0.00487869]]},{"db":0,"id":"TAGTTTAATTAAGTCCCAGCTA","alt":"MEME-4","len":22,"ltrim":0,"rtrim":0,"nsites":4,"evalue":"3.2e-005","pwm":[[0.00725853,0.00493659,0.00493659,0.982868],[0.738966,0.00493659,0.248839,0.00725853],[0.00725853,0.00493659,0.980546,0.00725853],[0.00725853,0.00493659,0.00493659,0.982868],[0.00725853,0.00493659,0.00493659,0.982868],[0.251161,0.00493659,0.00493659,0.738966],[0.982868,0.00493659,0.00493659,0.00725853],[0.982868,0.00493659,0.00493659,0.00725853],[0.00725853,0.00493659,0.00493659,0.982868],[0.00725853,0.00493659,0.00493659,0.982868],[0.982868,0.00493659,0.00493659,0.00725853],[0.738966,0.00493659,0.248839,0.00725853],[0.00725853,0.00493659,0.980546,0.00725853],[0.00725853,0.00493659,0.00493659,0.982868],[0.00725853,0.980546,0.00493659,0.00725853],[0.00725853,0.980546,0.00493659,0.00725853],[0.00725853,0.980546,0.00493659,0.00725853],[0.982868,0.00493659,0.00493659,0.00725853],[0.00725853,0.00493659,0.980546,0.00725853],[0.00725853,0.980546,0.00493659,0.00725853],[0.00725853,0.00493659,0.00493659,0.982868],[0.982868,0.00493659,0.00493659,0.00725853]]},{"db":1,"id":"MA0001.2","alt":"AGL3","len":18,"ltrim":2,"rtrim":2,"nsites":95,"url":"http://jaspar2018.genereg.net/matrix/MA0001.2","pwm":[[0.231648,0.305155,0.357731,0.105465],[0.168557,0.0948502,0.305155,0.431438],[0.263194,0.0843353,0.0422736,0.610197],[0.284225,0.168457,0.136911,0.410407],[0.000312934,0.967616,0.000212829,0.0318587],[0.000312934,0.830917,0.000212829,0.168557],[0.862563,0.0107278,0.0212437,0.105465],[0.420923,0.0422736,0.0317586,0.505045],[0.589167,0.000212829,0.0107278,0.399892],[0.368347,0.000212829,0.000212829,0.631228],[0.683804,0.0107278,0.0422736,0.263194],[0.263194,0.0422736,0.0317586,0.662774],[0.673289,0.000212829,0.29464,0.0318587],[0.000312934,0.000212829,0.967616,0.0318587],[0.347316,0.147426,0.157942,0.347316],[0.547105,0.0527895,0.0738193,0.326286],[0.473499,0.242063,0.136911,0.147526],[0.221133,0.252579,0.273609,0.252679]]},{"db":1,"id":"MA0010.1","alt":"br","len":14,"ltrim":1,"rtrim":1,"nsites":9,"url":"http://jaspar2018.genereg.net/matrix/MA0010.1","pwm":[[0.33294,0.112114,0.441784,0.11316],[0.11316,0.112114,0.112114,0.662611],[0.552721,0.222004,0.112114,0.11316],[0.772501,0.00222418,0.112114,0.11316],[0.33294,0.00222418,0.00222418,0.662611],[0.662611,0.00222418,0.00222418,0.33294],[0.44283,0.112114,0.441784,0.00327033],[0.772501,0.00222418,0.112114,0.11316],[0.11316,0.881345,0.00222418,0.00327033],[0.992281,0.00222418,0.00222418,0.00327033],[0.882391,0.00222418,0.112114,0.00327033],[0.552721,0.00222418,0.331894,0.11316],[0.44283,0.00222418,0.00222418,0.552721],[0.22305,0.331894,0.222004,0.22305]]},{"db":1,"id":"MA0011.1","alt":"br(var.2)","len":8,"ltrim":0,"rtrim":0,"nsites":12,"url":"http://jaspar2018.genereg.net/matrix/MA0011.1","pwm":[[0.250393,0.084317,0.084317,0.580972],[0.415683,0.166962,0.084317,0.333038],[0.0024595,0.828119,0.00167273,0.167749],[0.0024595,0.084317,0.00167273,0.911551],[0.994195,0.00167273,0.00167273,0.0024595],[0.0851038,0.084317,0.166962,0.663617],[0.167749,0.00167273,0.084317,0.746261],[0.0851038,0.166962,0.084317,0.663617]]},{"db":1,"id":"MA0020.1","alt":"Dof2","len":6,"ltrim":0,"rtrim":1,"nsites":21,"url":"http://jaspar2018.genereg.net/matrix/MA0020.1","pwm":[[0.996671,0.000959243,0.000959243,0.00141043],[0.996671,0.000959243,0.000959243,0.00141043],[0.996671,0.000959243,0.000959243,0.00141043],[0.00141043,0.000959243,0.99622,0.00141043],[0.14359,0.664467,0.0957459,0.0961971],[0.333164,0.285319,0.143139,0.238377]]},{"db":1,"id":"MA0021.1","alt":"Dof3","len":6,"ltrim":0,"rtrim":0,"nsites":21,"url":"http://jaspar2018.genereg.net/matrix/MA0021.1","pwm":[[0.996671,0.000959243,0.000959243,0.00141043],[0.996671,0.000959243,0.000959243,0.00141043],[0.996671,0.000959243,0.000959243,0.00141043],[0.00141043,0.000959243,0.99622,0.00141043],[0.00141043,0.474892,0.143139,0.380557],[0.28577,0.285319,0.427499,0.00141043]]},{"db":1,"id":"MA0033.2","alt":"FOXL1","len":7,"ltrim":0,"rtrim":0,"nsites":4933,"url":"http://jaspar2018.genereg.net/matrix/MA0033.2","pwm":[[0.426107,0.00263905,0.542868,0.0283855],[0.00192699,0.0799105,4.1029e-06,0.918158],[0.874645,0.114915,0.0104339,6.03271e-06],[0.98902,0.00786694,4.1029e-06,0.00310997],[0.973113,0.0166978,0.0101829,6.03271e-06],[6.03271e-06,0.778858,4.1029e-06,0.221132],[0.98535,0.0111359,4.1029e-06,0.00350996]]},{"db":1,"id":"MA0036.3","alt":"GATA2","len":11,"ltrim":2,"rtrim":2,"nsites":14213,"url":"http://jaspar2018.genereg.net/matrix/MA0036.3","pwm":[[0.232393,0.209526,0.225216,0.332864],[0.139732,0.288397,0.208682,0.363189],[0.0661386,0.746285,0.0860488,0.101528],[0.0312409,0.0182243,0.0105553,0.93998],[0.0293409,0.00239341,0.00147941,0.966786],[0.991904,0.000986417,0.0030264,0.00408307],[0.010204,0.00541939,0.0033784,0.980998],[0.00675605,0.969952,0.00886636,0.014425],[0.166961,0.0346172,0.0258222,0.7726],[0.204884,0.26131,0.257229,0.276578],[0.230634,0.272567,0.155914,0.340885]]},{"db":1,"id":"MA0037.3","alt":"GATA3","len":8,"ltrim":0,"rtrim":1,"nsites":1000,"url":"http://jaspar2018.genereg.net/matrix/MA0037.3","pwm":[[0.50198,0.225998,0.00102014,0.271003],[2.9757e-05,2.0238e-05,0.99992,2.9757e-05],[0.99993,2.0238e-05,2.0238e-05,2.9757e-05],[2.9757e-05,2.0238e-05,2.0238e-05,0.99993],[0.914853,0.00202204,2.0238e-05,0.0831044],[0.861944,0.0150187,0.0760126,0.0470251],[0.114018,0.30099,0.475973,0.109019],[0.422987,0.188001,0.320988,0.068023]]},{"db":1,"id":"MA0045.1","alt":"HMG-I/Y","len":16,"ltrim":1,"rtrim":0,"nsites":14,"url":"http://jaspar2018.genereg.net/matrix/MA0045.1","pwm":[[0.214877,0.356046,0.285123,0.143954],[0.498565,0.00143546,0.214202,0.285798],[0.640408,0.0723579,0.0723579,0.214877],[0.214877,0.426967,0.285123,0.073033],[0.782252,0.00143546,0.214202,0.00211064],[0.782252,0.00143546,0.143279,0.073033],[0.782252,0.00143546,0.143279,0.073033],[0.214877,0.214202,0.143279,0.427642],[0.285798,0.0723579,0.568812,0.073033],[0.214877,0.285123,0.426967,0.073033],[0.569487,0.356046,0.0723579,0.00211064],[0.569487,0.0723579,0.285123,0.073033],[0.640408,0.00143546,0.143279,0.214877],[0.640408,0.356046,0.00143546,0.00211064],[0.782252,0.00143546,0.214202,0.00211064],[0.143954,0.497889,0.00143546,0.356721]]},{"db":1,"id":"MA0049.1","alt":"hb","len":10,"ltrim":0,"rtrim":0,"nsites":16,"url":"http://jaspar2018.genereg.net/matrix/MA0049.1","pwm":[[0.0639602,0.311816,0.498152,0.126072],[0.374519,0.498152,0.125481,0.00184845],[0.560855,0.187593,0.249704,0.00184845],[0.250296,0.187593,0.0633689,0.498743],[0.809302,0.0633689,0.00125714,0.126072],[0.995637,0.00125714,0.00125714,0.00184845],[0.995637,0.00125714,0.00125714,0.00184845],[0.871414,0.00125714,0.125481,0.00184845],[0.933525,0.0633689,0.00125714,0.00184845],[0.560855,0.125481,0.125481,0.188184]]},{"db":1,"id":"MA0050.2","alt":"IRF1","len":21,"ltrim":3,"rtrim":0,"nsites":1362,"url":"http://jaspar2018.genereg.net/matrix/MA0050.2","pwm":[[0.232017,0.234947,0.195302,0.337736],[0.184296,0.208517,0.184289,0.422898],[0.127032,0.237882,0.155656,0.479429],[0.101336,0.315704,0.108671,0.474289],[0.53963,0.0741654,0.265046,0.121158],[0.0176416,0.58147,0.3715,0.0293887],[0.0088322,1.48594e-05,1.48594e-05,0.991138],[2.18486e-05,0.0227742,1.48594e-05,0.977189],[2.18486e-05,0.0411278,0.00295164,0.955899],[2.18486e-05,0.916982,1.48594e-05,0.0829818],[0.670311,0.0286468,0.174745,0.126298],[0.0147048,0.577799,0.2533,0.154196],[0.011768,0.000748806,1.48594e-05,0.987467],[0.00516147,0.0102931,0.00368559,0.98086],[0.00809726,0.0425957,1.48594e-05,0.949291],[0.0125029,0.751061,0.0205714,0.215865],[0.376646,0.179885,0.193099,0.25037],[0.160069,0.340665,0.213655,0.28561],[0.106475,0.136569,0.0837087,0.673247],[0.145385,0.141707,0.0726965,0.64021],[0.121893,0.243022,0.110873,0.524212]]},{"db":1,"id":"MA0051.1","alt":"IRF2","len":18,"ltrim":0,"rtrim":0,"nsites":12,"url":"http://jaspar2018.genereg.net/matrix/MA0051.1","pwm":[[0.0024595,0.332251,0.580185,0.0851038],[0.167749,0.00167273,0.828119,0.0024595],[0.994195,0.00167273,0.00167273,0.0024595],[0.911551,0.00167273,0.00167273,0.0851038],[0.994195,0.00167273,0.00167273,0.0024595],[0.167749,0.00167273,0.828119,0.0024595],[0.0024595,0.49754,0.00167273,0.498327],[0.0024595,0.00167273,0.993408,0.0024595],[0.994195,0.00167273,0.00167273,0.0024595],[0.994195,0.00167273,0.00167273,0.0024595],[0.994195,0.00167273,0.00167273,0.0024595],[0.0024595,0.49754,0.49754,0.0024595],[0.0024595,0.580185,0.166962,0.250393],[0.415683,0.166962,0.249607,0.167749],[0.498327,0.00167273,0.166962,0.333038],[0.498327,0.084317,0.084317,0.333038],[0.415683,0.166962,0.084317,0.333038],[0.250393,0.49754,0.084317,0.167749]]},{"db":1,"id":"MA0053.1","alt":"MNB1A","len":5,"ltrim":0,"rtrim":0,"nsites":15,"url":"http://jaspar2018.genereg.net/matrix/MA0053.1","pwm":[[0.995348,0.0013404,0.0013404,0.00197086],[0.995348,0.0013404,0.0013404,0.00197086],[0.995348,0.0013404,0.0013404,0.00197086],[0.00197086,0.0013404,0.994718,0.00197086],[0.200646,0.597367,0.0013404,0.200646]]},{"db":1,"id":"MA0064.1","alt":"PBF","len":5,"ltrim":0,"rtrim":0,"nsites":16,"url":"http://jaspar2018.genereg.net/matrix/MA0064.1","pwm":[[0.995637,0.00125714,0.00125714,0.00184845],[0.995637,0.00125714,0.00125714,0.00184845],[0.995637,0.00125714,0.00125714,0.00184845],[0.00184845,0.00125714,0.995046,0.00184845],[0.0639602,0.560263,0.0633689,0.312407]]},{"db":1,"id":"MA0078.1","alt":"Sox17","len":9,"ltrim":2,"rtrim":0,"nsites":31,"url":"http://jaspar2018.genereg.net/matrix/MA0078.1","pwm":[[0.226037,0.29004,0.193576,0.290346],[0.258192,0.257886,0.129268,0.354655],[0.0974197,0.579429,0.0328051,0.290346],[0.965587,0.000650804,0.000650804,0.0331112],[0.000956913,0.0328051,0.000650804,0.965587],[0.000956913,0.000650804,0.000650804,0.997741],[0.000956913,0.000650804,0.997435,0.000956913],[0.000956913,0.000650804,0.0649594,0.933433],[0.000956913,0.547275,0.322195,0.129574]]},{"db":1,"id":"MA0090.2","alt":"TEAD1","len":10,"ltrim":1,"rtrim":1,"nsites":1133,"url":"http://jaspar2018.genereg.net/matrix/MA0090.2","pwm":[[0.192419,0.400688,0.12975,0.277142],[0.572073,0.077953,0.3102,0.0397738],[0.181052,0.785602,0.0179493,0.0153959],[0.92252,0.0513583,1.78625e-05,0.026104],[2.62642e-05,0.00874309,0.00350755,0.987723],[0.227474,0.0283414,1.78625e-05,0.744167],[0.0244551,0.953599,0.00170271,0.0202435],[2.62642e-05,0.794892,0.000719801,0.204362],[0.429152,0.0753392,0.142369,0.353139],[0.247573,0.305915,0.122023,0.32449]]},{"db":1,"id":"MA0094.2","alt":"Ubx","len":8,"ltrim":1,"rtrim":0,"nsites":20,"url":"http://jaspar2018.genereg.net/matrix/MA0094.2","pwm":[[0.150734,0.249763,0.150261,0.449242],[0.0014806,0.00100697,0.00100697,0.996505],[0.0014806,0.00100697,0.00100697,0.996505],[0.847252,0.00100697,0.00100697,0.150734],[0.996505,0.00100697,0.00100697,0.0014806],[0.0014806,0.00100697,0.00100697,0.996505],[0.0014806,0.00100697,0.299514,0.697998],[0.697998,0.00100697,0.299514,0.0014806]]},{"db":1,"id":"MA0095.2","alt":"YY1","len":12,"ltrim":0,"rtrim":0,"nsites":7171,"url":"http://jaspar2018.genereg.net/matrix/MA0095.2","pwm":[[0.157023,0.639096,0.111701,0.0921799],[0.972659,2.82244e-06,0.0252435,0.00209612],[0.940027,0.0138086,0.0373753,0.00878903],[0.349462,0.155767,0.457673,0.0370976],[0.99999,2.82244e-06,2.82244e-06,4.14999e-06],[4.14999e-06,0.0016758,2.82244e-06,0.998317],[0.00153813,2.82244e-06,0.998455,4.14999e-06],[0.00181712,2.82244e-06,0.998176,4.14999e-06],[0.113237,0.786075,0.00530175,0.0953868],[0.120906,0.234416,0.385578,0.2591],[0.125368,0.12202,0.649136,0.103475],[0.18575,0.637004,0.0545271,0.122718]]},{"db":1,"id":"MA0111.1","alt":"Spz1","len":11,"ltrim":0,"rtrim":0,"nsites":12,"url":"http://jaspar2018.genereg.net/matrix/MA0111.1","pwm":[[0.746261,0.00167273,0.249607,0.0024595],[0.0024595,0.166962,0.745474,0.0851038],[0.167749,0.00167273,0.828119,0.0024595],[0.0024595,0.00167273,0.910764,0.0851038],[0.0851038,0.00167273,0.084317,0.828905],[0.663617,0.00167273,0.00167273,0.333038],[0.498327,0.00167273,0.166962,0.333038],[0.0851038,0.745474,0.166962,0.0024595],[0.828905,0.00167273,0.166962,0.0024595],[0.0024595,0.084317,0.745474,0.167749],[0.167749,0.66283,0.166962,0.0024595]]},{"db":1,"id":"MA0125.1","alt":"Nobox","len":8,"ltrim":0,"rtrim":0,"nsites":38,"url":"http://jaspar2018.genereg.net/matrix/MA0125.1","pwm":[[0.000781102,0.0267782,0.000531234,0.97191],[0.945663,0.000531234,0.000531234,0.053275],[0.998156,0.000531234,0.000531234,0.000781102],[0.027028,0.0267782,0.0530251,0.89317],[0.053275,0.000531234,0.105518,0.840676],[0.394482,0.000531234,0.577959,0.027028],[0.105768,0.315491,0.472972,0.105768],[0.053275,0.341738,0.158012,0.446975]]},{"db":1,"id":"MA0126.1","alt":"ovo","len":9,"ltrim":0,"rtrim":1,"nsites":21,"url":"http://jaspar2018.genereg.net/matrix/MA0126.1","pwm":[[0.475344,0.190533,0.000959243,0.333164],[0.0488037,0.190533,0.664467,0.0961971],[0.190984,0.0957459,0.0957459,0.617525],[0.949278,0.000959243,0.000959243,0.0488037],[0.996671,0.000959243,0.000959243,0.00141043],[0.00141043,0.99622,0.000959243,0.00141043],[0.333164,0.237926,0.143139,0.28577],[0.00141043,0.000959243,0.99622,0.00141043],[0.238377,0.190533,0.0957459,0.475344]]},{"db":1,"id":"MA0145.3","alt":"TFCP2","len":10,"ltrim":0,"rtrim":0,"nsites":576,"url":"http://jaspar2018.genereg.net/matrix/MA0145.3","pwm":[[0.588491,0.10592,0.223954,0.0816345],[0.902564,0.0094525,0.0377056,0.0502779],[0.836878,0.00294563,0.0116781,0.148498],[0.00178136,0.994672,0.00349453,5.16577e-05],[0.00719342,0.821322,0.00146388,0.170022],[0.180692,0.0042364,0.805217,0.00985396],[0.00175736,0.0153905,0.981094,0.00175736],[0.236557,0.0438325,3.51328e-05,0.719577],[0.0656613,0.0856123,0.0285612,0.820166],[0.16698,0.340846,0.0539388,0.438237]]},{"db":1,"id":"MA0152.1","alt":"NFATC2","len":7,"ltrim":0,"rtrim":0,"nsites":26,"url":"http://jaspar2018.genereg.net/matrix/MA0152.1","pwm":[[0.116083,0.0390901,0.0774038,0.767424],[0.0394549,0.0774038,0.0774038,0.805738],[0.0394549,0.0390901,0.00077548,0.920681],[0.00114023,0.00077548,0.00077548,0.997309],[0.0394549,0.958629,0.00077548,0.00114023],[0.00114023,0.996944,0.00077548,0.00114023],[0.690796,0.115718,0.0390901,0.154397]]},{"db":1,"id":"MA0165.1","alt":"Abd-B","len":7,"ltrim":0,"rtrim":0,"nsites":21,"url":"http://jaspar2018.genereg.net/matrix/MA0165.1","pwm":[[0.0488037,0.000959243,0.000959243,0.949278],[0.00141043,0.000959243,0.000959243,0.996671],[0.238377,0.000959243,0.000959243,0.759705],[0.996671,0.000959243,0.000959243,0.00141043],[0.00141043,0.143139,0.000959243,0.854491],[0.14359,0.000959243,0.522287,0.333164],[0.617525,0.000959243,0.237926,0.14359]]},{"db":1,"id":"MA0174.1","alt":"Dbx","len":7,"ltrim":0,"rtrim":0,"nsites":16,"url":"http://jaspar2018.genereg.net/matrix/MA0174.1","pwm":[[0.126072,0.00125714,0.00125714,0.871414],[0.126072,0.00125714,0.00125714,0.871414],[0.374519,0.00125714,0.125481,0.498743],[0.995637,0.00125714,0.00125714,0.00184845],[0.00184845,0.00125714,0.00125714,0.995637],[0.00184845,0.125481,0.373928,0.498743],[0.809302,0.00125714,0.187593,0.00184845]]},{"db":1,"id":"MA0176.1","alt":"CG15696-RA","len":7,"ltrim":0,"rtrim":0,"nsites":32,"url":"http://jaspar2018.genereg.net/matrix/MA0176.1","pwm":[[0.0632324,0.0940885,0.0940885,0.748591],[0.0632324,0.0940885,0.00063053,0.842049],[0.655133,0.00063053,0.187546,0.15669],[0.997812,0.00063053,0.00063053,0.000927102],[0.000927102,0.00063053,0.00063053,0.997812],[0.000927102,0.00063053,0.0629358,0.935507],[0.499369,0.00063053,0.499073,0.000927102]]},{"db":1,"id":"MA0182.1","alt":"CG4328-RA","len":7,"ltrim":0,"rtrim":0,"nsites":30,"url":"http://jaspar2018.genereg.net/matrix/MA0182.1","pwm":[[0.39966,0.0671179,0.10034,0.432882],[0.233547,0.0338947,0.000672426,0.731885],[0.432882,0.000672426,0.000672426,0.565773],[0.997666,0.000672426,0.000672426,0.000988704],[0.000988704,0.000672426,0.000672426,0.997666],[0.000988704,0.000672426,0.200008,0.798331],[0.499328,0.000672426,0.499011,0.000988704]]},{"db":1,"id":"MA0201.1","alt":"Ptx1","len":7,"ltrim":0,"rtrim":0,"nsites":20,"url":"http://jaspar2018.genereg.net/matrix/MA0201.1","pwm":[[0.0014806,0.249763,0.0507582,0.697998],[0.0014806,0.00100697,0.00100697,0.996505],[0.996505,0.00100697,0.00100697,0.0014806],[0.996505,0.00100697,0.00100697,0.0014806],[0.0014806,0.00100697,0.00100697,0.996505],[0.0014806,0.996032,0.00100697,0.0014806],[0.0014806,0.946281,0.00100697,0.0512318]]},{"db":1,"id":"MA0210.1","alt":"ara","len":5,"ltrim":0,"rtrim":0,"nsites":34,"url":"http://jaspar2018.genereg.net/matrix/MA0210.1","pwm":[[0.41143,0.000593549,0.147221,0.440755],[0.67536,0.000593549,0.000593549,0.323453],[0.99794,0.000593549,0.000593549,0.000872727],[0.000872727,0.997661,0.000593549,0.000872727],[0.99794,0.000593549,0.000593549,0.000872727]]},{"db":1,"id":"MA0216.2","alt":"cad","len":11,"ltrim":0,"rtrim":0,"nsites":2303,"url":"http://jaspar2018.genereg.net/matrix/MA0216.2","pwm":[[0.370818,8.78816e-06,0.496296,0.132877],[0.249676,0.14807,0.602241,1.29217e-05],[1.29217e-05,0.643055,8.78816e-06,0.356923],[0.32349,0.64045,8.78816e-06,0.0360514],[0.919209,8.78816e-06,0.0807693,1.29217e-05],[1.29217e-05,0.041258,8.78816e-06,0.95872],[0.970879,8.78816e-06,8.78816e-06,0.0291037],[0.99997,8.78816e-06,8.78816e-06,1.29217e-05],[0.99997,8.78816e-06,8.78816e-06,1.29217e-05],[0.710794,0.0499416,0.063836,0.175428],[0.454183,0.327828,8.78816e-06,0.21798]]},{"db":1,"id":"MA0233.1","alt":"mirr","len":5,"ltrim":0,"rtrim":0,"nsites":41,"url":"http://jaspar2018.genereg.net/matrix/MA0233.1","pwm":[[0.487342,0.0248231,0.0248231,0.463012],[0.70632,0.000492458,0.0491538,0.244033],[0.998291,0.000492458,0.000492458,0.000724087],[0.000724087,0.998059,0.000492458,0.000724087],[0.998291,0.000492458,0.000492458,0.000724087]]},{"db":1,"id":"MA0239.1","alt":"prd","len":9,"ltrim":0,"rtrim":1,"nsites":21,"url":"http://jaspar2018.genereg.net/matrix/MA0239.1","pwm":[[0.475344,0.190533,0.000959243,0.333164],[0.0488037,0.190533,0.664467,0.0961971],[0.190984,0.0957459,0.0957459,0.617525],[0.949278,0.000959243,0.000959243,0.0488037],[0.996671,0.000959243,0.000959243,0.00141043],[0.00141043,0.99622,0.000959243,0.00141043],[0.333164,0.237926,0.143139,0.28577],[0.00141043,0.000959243,0.99622,0.00141043],[0.238377,0.190533,0.0957459,0.475344]]},{"db":1,"id":"MA0266.1","alt":"ABF2","len":7,"ltrim":1,"rtrim":0,"nsites":100,"url":"http://jaspar2018.genereg.net/matrix/MA0266.1","pwm":[[0.180117,0.389813,0.249952,0.180117],[0.0902074,0.0901123,0.0201822,0.799498],[0.000297303,0.999203,0.000202198,0.000297303],[0.000297303,0.000202198,0.000202198,0.999298],[0.999298,0.000202198,0.000202198,0.000297303],[0.000297303,0.000202198,0.999203,0.000297303],[0.939952,0.0199844,0.0199844,0.0200795]]},{"db":1,"id":"MA0277.1","alt":"AZF1","len":9,"ltrim":0,"rtrim":0,"nsites":102,"url":"http://jaspar2018.genereg.net/matrix/MA0277.1","pwm":[[0.617334,0.127524,0.127524,0.127618],[0.999312,0.000198237,0.000198237,0.000291479],[0.999312,0.000198237,0.000198237,0.000291479],[0.870725,0.128785,0.000198237,0.000291479],[0.749557,0.000198237,0.249953,0.000291479],[0.000291479,0.000198237,0.999219,0.000291479],[0.779528,0.160042,0.0301689,0.0302621],[0.817672,0.0607449,0.0607449,0.0608381],[0.617334,0.127524,0.127524,0.127618]]},{"db":1,"id":"MA0285.1","alt":"CRZ1","len":9,"ltrim":3,"rtrim":0,"nsites":100,"url":"http://jaspar2018.genereg.net/matrix/MA0285.1","pwm":[[0.200098,0.479723,0.180022,0.140157],[0.282843,0.222202,0.171748,0.323206],[0.369928,0.299902,0.219982,0.110187],[0.623436,0.356282,0.0100933,0.0101884],[0.000297303,0.000202198,0.999203,0.000297303],[0.000297303,0.999203,0.000202198,0.000297303],[0.000297303,0.999203,0.000202198,0.000297303],[0.419878,0.299902,0.0701323,0.210088],[0.0709337,0.767112,0.0809295,0.0810246]]},{"db":1,"id":"MA0294.1","alt":"EDS1","len":9,"ltrim":0,"rtrim":0,"nsites":99,"url":"http://jaspar2018.genereg.net/matrix/MA0294.1","pwm":[[0.141572,0.524927,0.141476,0.192026],[0.000300303,0.000204238,0.999195,0.000300303],[0.000300303,0.000204238,0.999195,0.000300303],[0.999291,0.000204238,0.000204238,0.000300303],[0.759533,0.000204238,0.000204238,0.240058],[0.475069,0.237588,0.0991143,0.188229],[0.999291,0.000204238,0.000204238,0.000300303],[0.827747,0.010295,0.010295,0.151662],[0.150149,0.200002,0.110093,0.539755]]},{"db":1,"id":"MA0301.1","alt":"GAT3","len":9,"ltrim":0,"rtrim":3,"nsites":100,"url":"http://jaspar2018.genereg.net/matrix/MA0301.1","pwm":[[0.649648,0.0901123,0.200002,0.0602374],[0.0810246,0.020384,0.888203,0.0103882],[0.919378,0.000202198,0.000202198,0.0802174],[0.120177,0.000202198,0.0101922,0.869428],[0.0302673,0.939263,0.0101922,0.0202773],[0.0602374,0.269932,0.0401622,0.629668],[0.509788,0.190012,0.180022,0.120177],[0.282843,0.333202,0.212111,0.171843],[0.323206,0.252475,0.212111,0.212206]]},{"db":1,"id":"MA0302.1","alt":"GAT4","len":11,"ltrim":2,"rtrim":3,"nsites":101,"url":"http://jaspar2018.genereg.net/matrix/MA0302.1","pwm":[[0.356378,0.207916,0.237589,0.198118],[0.306922,0.257372,0.178242,0.257466],[0.799503,0.0401606,0.120082,0.0402548],[0.0305674,0.000200198,0.968938,0.000294362],[0.979325,0.000200198,0.000200198,0.0202746],[0.000294362,0.000200198,0.000200198,0.999305],[0.000294362,0.999211,0.000200198,0.000294362],[0.0502449,0.279923,0.0301705,0.639661],[0.399899,0.200002,0.229973,0.170126],[0.282843,0.262566,0.232293,0.222297],[0.333298,0.242384,0.212111,0.212206]]},{"db":1,"id":"MA0307.1","alt":"GLN3","len":5,"ltrim":0,"rtrim":0,"nsites":100,"url":"http://jaspar2018.genereg.net/matrix/MA0307.1","pwm":[[0.000297303,0.000202198,0.999203,0.000297303],[0.999298,0.000202198,0.000202198,0.000297303],[0.000297303,0.000202198,0.000202198,0.999298],[0.739558,0.000202198,0.000202198,0.260038],[0.609688,0.000202198,0.269932,0.120177]]},{"db":1,"id":"MA0313.1","alt":"HAP2","len":5,"ltrim":0,"rtrim":0,"nsites":3939,"url":"http://jaspar2018.genereg.net/matrix/MA0313.1","pwm":[[7.55502e-06,5.13823e-06,5.13823e-06,0.999982],[7.55502e-06,5.13823e-06,0.0101649,0.989822],[0.00558541,5.13823e-06,0.994402,7.55502e-06],[7.55502e-06,5.13823e-06,0.998203,0.00178451],[0.15801,0.378975,0.0306694,0.432347]]},{"db":1,"id":"MA0317.1","alt":"HCM1","len":8,"ltrim":0,"rtrim":0,"nsites":100,"url":"http://jaspar2018.genereg.net/matrix/MA0317.1","pwm":[[0.509788,0.160042,0.249952,0.0802174],[0.270028,0.0801223,0.0401622,0.609688],[0.663001,0.316718,0.0100933,0.0101884],[0.949348,0.0501522,0.000202198,0.000297303],[0.999298,0.000202198,0.000202198,0.000297303],[0.0102873,0.859343,0.000202198,0.130167],[0.939952,0.0199844,0.0199844,0.0200795],[0.57548,0.171748,0.111202,0.14157]]},{"db":1,"id":"MA0350.1","alt":"TOD6","len":21,"ltrim":6,"rtrim":5,"nsites":998,"url":"http://jaspar2018.genereg.net/matrix/MA0350.1","pwm":[[0.362718,0.188378,0.218435,0.230468],[0.144159,0.213212,0.369352,0.273275],[0.101222,0.261517,0.370724,0.266536],[0.239485,0.327642,0.206413,0.22646],[0.369732,0.116241,0.235468,0.278559],[0.212221,0.36635,0.13314,0.288289],[0.650266,0.0501153,0.0962026,0.203416],[0.0672251,0.397172,0.437288,0.098315],[0.0200678,0.785513,0.193388,0.00103172],[0.00203362,0.0290754,0.0461077,0.922783],[0.00203362,0.992907,0.00202408,0.00303552],[0.977866,2.02785e-05,0.00102318,0.0210907],[0.00103172,0.00102218,0.0180545,0.979892],[2.98166e-05,0.980865,0.00102318,0.018082],[0.0521806,0.0190754,0.871548,0.0571961],[0.135287,0.656268,0.186375,0.0220716],[0.181193,0.30029,0.383365,0.135151],[0.232239,0.282274,0.109118,0.376368],[0.187198,0.280272,0.11112,0.421409],[0.306305,0.213212,0.172175,0.308307],[0.201413,0.150306,0.320629,0.327652]]},{"db":1,"id":"MA0351.1","alt":"DOT6","len":21,"ltrim":6,"rtrim":5,"nsites":998,"url":"http://jaspar2018.genereg.net/matrix/MA0351.1","pwm":[[0.278559,0.135278,0.23146,0.354703],[0.194204,0.250245,0.26626,0.28929],[0.156327,0.332652,0.223445,0.287576],[0.131148,0.249244,0.268261,0.351346],[0.239725,0.0852677,0.401184,0.273823],[0.141299,0.480934,0.145297,0.232472],[0.517012,0.0591324,0.138283,0.285572],[0.0791799,0.42082,0.392767,0.107233],[0.0290559,0.770714,0.197198,0.00303252],[0.00603521,0.0520671,0.083095,0.858803],[0.00103272,0.9929,0.00403188,0.00203562],[0.97388,2.02785e-05,0.00102218,0.0250773],[0.00103272,2.02785e-05,0.0270986,0.971848],[2.98166e-05,0.970836,0.00102318,0.028111],[0.0360622,0.00902838,0.876809,0.0781],[0.223678,0.576692,0.177535,0.0220936],[0.280282,0.265259,0.252247,0.202212],[0.188199,0.298288,0.0720851,0.441427],[0.16334,0.435849,0.208416,0.192396],[0.153474,0.372099,0.183553,0.290874],[0.185382,0.149304,0.202405,0.462909]]},{"db":1,"id":"MA0370.1","alt":"RME1","len":10,"ltrim":0,"rtrim":0,"nsites":183,"url":"http://jaspar2018.genereg.net/matrix/MA0370.1","pwm":[[0.000162534,0.284108,0.000110541,0.715619],[0.0748877,0.448464,0.154232,0.322416],[0.0718723,0.448296,0.219722,0.26011],[0.999616,0.000110541,0.000110541,0.000162534],[0.708109,0.000110541,0.160737,0.131043],[0.817363,0.170605,0.000110541,0.0119211],[0.0997391,0.000110541,0.899988,0.000162534],[0.12937,0.000110541,0.870357,0.000162534],[0.489257,0.207444,0.186179,0.11712],[0.772746,0.000110541,0.116611,0.110531]]},{"db":1,"id":"MA0389.1","alt":"SRD1","len":8,"ltrim":0,"rtrim":2,"nsites":100,"url":"http://jaspar2018.genereg.net/matrix/MA0389.1","pwm":[[0.659638,0.0901123,0.190012,0.0602374],[0.0602374,0.0201822,0.899303,0.0202773],[0.969328,0.000202198,0.000202198,0.0302673],[0.130167,0.000202198,0.0201822,0.849448],[0.000297303,0.999203,0.000202198,0.000297303],[0.0402573,0.190012,0.0301722,0.739558],[0.459838,0.299902,0.130072,0.110187],[0.240058,0.419783,0.180022,0.160137]]},{"db":1,"id":"MA0393.1","alt":"STE12","len":7,"ltrim":0,"rtrim":0,"nsites":28379,"url":"http://jaspar2018.genereg.net/matrix/MA0393.1","pwm":[[1.04866e-06,0.114909,0.0033837,0.881706],[0.150078,7.13202e-07,0.843006,0.00691602],[0.954998,7.13202e-07,0.0450006,1.04866e-06],[0.89808,0.00593069,0.0959874,1.04866e-06],[0.999998,7.13202e-07,7.13202e-07,1.04866e-06],[0.00350404,0.993026,7.13202e-07,0.00346904],[0.510628,0.100184,0.313265,0.0759228]]},{"db":1,"id":"MA0404.1","alt":"TBS1","len":8,"ltrim":0,"rtrim":0,"nsites":100,"url":"http://jaspar2018.genereg.net/matrix/MA0404.1","pwm":[[0.120177,0.779423,0.0501522,0.0502474],[0.03057,0.0304749,0.908385,0.03057],[0.0200795,0.0199844,0.939857,0.0200795],[0.757116,0.0809295,0.0809295,0.0810246],[0.202115,0.131384,0.131384,0.535116],[0.000297303,0.999203,0.000202198,0.000297303],[0.000297303,0.999203,0.000202198,0.000297303],[0.0810246,0.0809295,0.757021,0.0810246]]},{"db":1,"id":"MA0406.1","alt":"TEC1","len":8,"ltrim":0,"rtrim":1,"nsites":100,"url":"http://jaspar2018.genereg.net/matrix/MA0406.1","pwm":[[0.519778,0.0701323,0.339863,0.0702274],[0.000297303,0.949253,0.0501522,0.000297303],[0.999298,0.000202198,0.000202198,0.000297303],[0.0502474,0.000202198,0.000202198,0.949348],[0.000297303,0.000202198,0.000202198,0.999298],[0.000297303,0.909293,0.0901123,0.000297303],[0.000297303,0.679523,0.000202198,0.319978],[0.100197,0.469733,0.150052,0.280018]]},{"db":1,"id":"MA0444.1","alt":"CG34031","len":7,"ltrim":0,"rtrim":0,"nsites":25,"url":"http://jaspar2018.genereg.net/matrix/MA0444.1","pwm":[[0.00118566,0.040647,0.040647,0.91752],[0.00118566,0.000806375,0.000806375,0.997202],[0.87768,0.000806375,0.000806375,0.120708],[0.997202,0.000806375,0.000806375,0.00118566],[0.0808669,0.000806375,0.000806375,0.91752],[0.28007,0.000806375,0.040647,0.678476],[0.120708,0.000806375,0.8773,0.00118566]]},{"db":1,"id":"MA0448.1","alt":"H2.0","len":7,"ltrim":0,"rtrim":0,"nsites":32,"url":"http://jaspar2018.genereg.net/matrix/MA0448.1","pwm":[[0.187843,0.0940885,0.125241,0.592827],[0.0632324,0.0317832,0.00063053,0.904354],[0.499369,0.0317832,0.0317832,0.437064],[0.966659,0.00063053,0.00063053,0.0320798],[0.000927102,0.00063053,0.00063053,0.997812],[0.250148,0.00063053,0.281004,0.468217],[0.748591,0.00063053,0.218699,0.0320798]]},{"db":1,"id":"MA0458.1","alt":"slp1","len":11,"ltrim":1,"rtrim":0,"nsites":41,"url":"http://jaspar2018.genereg.net/matrix/MA0458.1","pwm":[[0.195371,0.0734854,0.341125,0.390019],[0.000724087,0.000492458,0.000492458,0.998291],[0.0737171,0.000492458,0.925066,0.000724087],[0.000724087,0.000492458,0.000492458,0.998291],[0.000724087,0.000492458,0.0248231,0.97396],[0.000724087,0.000492458,0.0491538,0.94963],[0.657659,0.000492458,0.0978161,0.244033],[0.0250547,0.535772,0.170809,0.268364],[0.414349,0.19514,0.365456,0.0250547],[0.0980477,0.316794,0.0734854,0.511673],[0.365688,0.0734854,0.0978161,0.463012]]},{"db":1,"id":"MA0465.1","alt":"CDX2","len":11,"ltrim":1,"rtrim":0,"nsites":1597,"url":"http://jaspar2018.genereg.net/matrix/MA0465.1","pwm":[[0.38384,0.19975,0.300558,0.115853],[0.416399,0.00502136,0.314332,0.264247],[0.192869,0.0851673,0.721946,1.86338e-05],[1.86338e-05,0.656202,1.2673e-05,0.343767],[0.436434,0.520957,1.2673e-05,0.042596],[0.999956,1.2673e-05,1.2673e-05,1.86338e-05],[1.86338e-05,1.2673e-05,1.2673e-05,0.999956],[0.999956,1.2673e-05,1.2673e-05,1.86338e-05],[0.999956,1.2673e-05,1.2673e-05,1.86338e-05],[0.999956,1.2673e-05,1.2673e-05,1.86338e-05],[0.634293,0.0939328,0.195992,0.0757809]]},{"db":1,"id":"MA0467.1","alt":"Crx","len":11,"ltrim":0,"rtrim":0,"nsites":2097,"url":"http://jaspar2018.genereg.net/matrix/MA0467.1","pwm":[[0.575571,0.141634,0.218406,0.0643891],[0.693352,0.0205137,0.198856,0.087278],[0.16548,0.0262364,0.700977,0.107305],[0.449683,0.105871,0.392456,0.0519907],[0.245591,9.65143e-06,0.75057,0.00382901],[1.4191e-05,9.65143e-06,0.999962,1.4191e-05],[0.778232,0.221744,9.65143e-06,1.4191e-05],[1.4191e-05,9.65143e-06,9.65143e-06,0.999967],[1.4191e-05,0.013838,9.65143e-06,0.986138],[0.951328,9.65143e-06,9.65143e-06,0.0486529],[0.25942,0.0248055,0.632311,0.0834632]]},{"db":1,"id":"MA0471.1","alt":"E2F6","len":11,"ltrim":0,"rtrim":1,"nsites":2757,"url":"http://jaspar2018.genereg.net/matrix/MA0471.1","pwm":[[0.294523,0.0290233,0.509964,0.16649],[0.160324,0.147264,0.692401,1.07939e-05],[1.07939e-05,7.34105e-06,0.999971,1.07939e-05],[0.243745,0.708723,7.34105e-06,0.0475241],[0.0025497,7.34105e-06,0.997432,1.07939e-05],[1.07939e-05,7.34105e-06,0.999971,1.07939e-05],[0.00726453,0.010526,0.982199,1.07939e-05],[0.999975,7.34105e-06,7.34105e-06,1.07939e-05],[0.611523,7.34105e-06,0.388459,1.07939e-05],[0.358359,0.164673,0.411671,0.0652964],[0.279653,0.256073,0.329701,0.134573]]},{"db":1,"id":"MA0480.1","alt":"Foxo1","len":11,"ltrim":1,"rtrim":0,"nsites":2490,"url":"http://jaspar2018.genereg.net/matrix/MA0480.1","pwm":[[0.187956,0.111249,0.191968,0.508827],[0.0510139,0.513643,0.302004,0.13334],[0.0349505,0.564644,0.0839408,0.316465],[1.19513e-05,8.1282e-06,8.1282e-06,0.999972],[1.19513e-05,8.1282e-06,0.999968,1.19513e-05],[1.19513e-05,8.1282e-06,8.1282e-06,0.999972],[1.19513e-05,8.1282e-06,8.1282e-06,0.999972],[1.19513e-05,8.1282e-06,0.115264,0.884715],[0.751388,0.0630576,8.1282e-06,0.185547],[1.19513e-05,0.806,8.1282e-06,0.19398],[0.430517,0.230119,0.028521,0.310842]]},{"db":1,"id":"MA0486.2","alt":"HSF1","len":13,"ltrim":0,"rtrim":0,"nsites":1562,"url":"http://jaspar2018.genereg.net/matrix/MA0486.2","pwm":[[0.0409894,0.0115362,0.0160169,0.931457],[0.00741558,0.00270278,0.0114442,0.978436],[0.00610766,0.984388,0.00610157,0.00340183],[0.00196293,0.175415,0.115652,0.706971],[0.642079,0.187115,0.169464,0.00134297],[1.90513e-05,1.29569e-05,0.999949,1.90513e-05],[0.988407,0.00544761,0.00137187,0.00477375],[0.976467,0.00269779,0.00269779,0.0181389],[0.04806,0.489344,0.109134,0.353462],[0.336767,0.130589,0.40686,0.125784],[0.016853,0.00337974,1.29569e-05,0.979754],[0.00410879,0.00137587,0.00273978,0.991776],[0.00206692,0.993123,0.00206083,0.00274888]]},{"db":1,"id":"MA0517.1","alt":"STAT1::STAT2","len":15,"ltrim":0,"rtrim":0,"nsites":620,"url":"http://jaspar2018.genereg.net/matrix/MA0517.1","pwm":[[0.11132,0.101629,0.124207,0.662844],[0.241944,0.370941,0.135495,0.25162],[0.693484,0.0113208,0.243541,0.0516527],[0.00488621,0.238704,0.753137,0.00327347],[4.79922e-05,0.00325812,3.26399e-05,0.996661],[0.00488621,0.00325812,3.26399e-05,0.991823],[0.00488621,0.0209973,0.0064836,0.967634],[4.79922e-05,0.936979,3.26399e-05,0.0629408],[0.411272,0.120981,0.308048,0.159699],[0.172601,0.179036,0.259668,0.388695],[0.00649895,0.0209973,0.016159,0.956346],[0.0161744,0.00325812,3.26399e-05,0.980535],[0.00649895,0.274182,0.0064836,0.712836],[0.0242381,0.788615,0.0145463,0.172601],[0.0452017,0.588648,0.0580883,0.308063]]},{"db":1,"id":"MA0537.1","alt":"blmp-1","len":11,"ltrim":0,"rtrim":0,"nsites":3368,"url":"http://jaspar2018.genereg.net/matrix/MA0537.1","pwm":[[0.566797,6.00933e-06,0.433188,8.83584e-06],[0.918034,6.00933e-06,0.0789827,0.00297775],[0.868748,6.00933e-06,0.131237,8.83584e-06],[0.954849,6.00933e-06,0.0451357,8.83584e-06],[0.250001,6.00933e-06,0.611627,0.138366],[0.343526,0.0994691,0.162709,0.394296],[8.83584e-06,6.00933e-06,0.999976,8.83584e-06],[0.999979,6.00933e-06,6.00933e-06,8.83584e-06],[0.632116,6.00933e-06,0.322443,0.0454355],[0.914768,6.00933e-06,0.0754198,0.00980654],[0.518105,0.0380099,0.410623,0.0332618]]},{"db":1,"id":"MA0543.1","alt":"eor-1","len":15,"ltrim":2,"rtrim":0,"nsites":1253,"url":"http://jaspar2018.genereg.net/matrix/MA0543.1","pwm":[[0.350355,0.134881,0.340771,0.173992],[0.36472,0.106153,0.396632,0.132495],[0.749365,0.0710405,0.133286,0.0463091],[0.10616,0.00161202,0.888213,0.00401343],[0.962437,0.000814088,1.6152e-05,0.0367328],[0.0798254,1.6152e-05,0.898587,0.02157],[0.920142,0.00959239,0.0558777,0.0143886],[0.209105,0.476435,0.254585,0.059875],[0.342374,0.0351293,0.553843,0.0686533],[0.189155,0.436533,0.321618,0.0526935],[0.94488,0.0327345,0.0223604,2.37491e-05],[0.059077,0.0223604,0.918538,2.37491e-05],[0.933708,0.00240996,0.0590694,0.00481237],[0.161224,0.268151,0.547458,0.0231659],[0.777296,0.0207645,0.146852,0.0550874]]},{"db":1,"id":"MA0593.1","alt":"FOXP2","len":11,"ltrim":1,"rtrim":1,"nsites":766,"url":"http://jaspar2018.genereg.net/matrix/MA0593.1","pwm":[[0.430792,0.147527,0.248036,0.173645],[0.443845,0.00916323,0.185381,0.361611],[0.208889,2.64196e-05,0.791046,3.88461e-05],[0.0770518,2.64196e-05,2.64196e-05,0.922895],[0.999908,2.64196e-05,2.64196e-05,3.88461e-05],[0.999908,2.64196e-05,2.64196e-05,3.88461e-05],[0.999908,2.64196e-05,2.64196e-05,3.88461e-05],[3.88461e-05,0.988148,2.64196e-05,0.0117863],[0.999908,2.64196e-05,2.64196e-05,3.88461e-05],[0.387716,0.201044,0.382483,0.0287561],[0.433402,0.161885,0.240204,0.164508]]},{"db":1,"id":"MA0606.1","alt":"NFAT5","len":10,"ltrim":1,"rtrim":1,"nsites":1001,"url":"http://jaspar2018.genereg.net/matrix/MA0606.1","pwm":[[0.370622,0.209789,0.209789,0.209799],[0.175836,0.0879234,0.0879234,0.648317],[2.97273e-05,2.02178e-05,2.02178e-05,0.99993],[2.97273e-05,2.02178e-05,2.02178e-05,0.99993],[0.0890208,0.0840118,2.02178e-05,0.826947],[2.97273e-05,0.914929,2.02178e-05,0.0850212],[2.97273e-05,0.825938,0.0850117,0.0890208],[0.830947,0.0840118,2.02178e-05,0.0850212],[0.124017,0.286992,0.0410161,0.547975],[0.267735,0.162841,0.247747,0.321676]]},{"db":1,"id":"MA0618.1","alt":"LBX1","len":8,"ltrim":1,"rtrim":0,"nsites":1000,"url":"http://jaspar2018.genereg.net/matrix/MA0618.1","pwm":[[0.217008,0.131007,0.174003,0.477982],[2.9757e-05,0.0490153,2.0238e-05,0.950935],[0.99993,2.0238e-05,2.0238e-05,2.9757e-05],[0.99993,2.0238e-05,2.0238e-05,2.9757e-05],[2.9757e-05,0.261994,2.0238e-05,0.737956],[0.143015,2.0238e-05,0.119008,0.737956],[0.731689,2.0238e-05,0.268261,2.9757e-05],[0.0290559,0.114123,0.79974,0.0570811]]},{"db":1,"id":"MA0623.1","alt":"Neurog1","len":10,"ltrim":1,"rtrim":1,"nsites":999,"url":"http://jaspar2018.genereg.net/matrix/MA0623.1","pwm":[[0.425412,0.113122,0.235232,0.226233],[0.170013,0.591961,0.171003,0.0670231],[0.271003,0.687951,0.0270176,0.0140284],[0.664963,0.0350168,0.187002,0.113018],[0.00103069,0.0640778,0.1431