<!DOCTYPE HTML>
<html>
  <head>
    <meta charset="UTF-8">
    <title>TOMTOM</title>
    <script>
      // @JSON_VAR data
      var data = {
        "program": "Tomtom",
        "version": "4.12.0",
        "release": "Tue Jun 27 16:22:50 2017 -0700",
        "cmd": [
          "tomtom", "-verbosity", "1", "-oc",
          "results/AHRpeaks_not-in-DHSs.bed.fa/jaspar/meme_tomtom_out",
          "-min-overlap", "5", "-dist", "pearson", "-evalue", "-thresh", "1",
          "-no-ssc", "-bfile",
          "results/AHRpeaks_not-in-DHSs.bed.fa/jaspar/background",
          "results/AHRpeaks_not-in-DHSs.bed.fa/jaspar/meme_out/meme.xml",
          "/Users/filipov4/meme/db/motif_databases/JASPAR/JASPAR2018_CORE_non-redundant.meme"
        ],
        "options": {
          "strands": "both",
          "distance_measure": "pearson",
          "threshold_type": "evalue",
          "threshold_value": 1,
          "background_source": "file",
          "background_file": "results/AHRpeaks_not-in-DHSs.bed.fa/jaspar/background"
        },
        "alphabet": {
          "name": "DNA",
          "like": "dna",
          "ncore": 4,
          "symbols": [
            {
              "symbol": "A",
              "name": "Adenine",
              "colour": "CC0000",
              "complement": "T"
            }, {
              "symbol": "C",
              "name": "Cytosine",
              "colour": "0000CC",
              "complement": "G"
            }, {
              "symbol": "G",
              "name": "Guanine",
              "colour": "FFB300",
              "complement": "C"
            }, {
              "symbol": "T",
              "aliases": "U",
              "name": "Thymine",
              "colour": "008000",
              "complement": "A"
            }, {
              "symbol": "N",
              "aliases": "X.",
              "name": "Any base",
              "equals": "ACGT"
            }, {
              "symbol": "V",
              "name": "Not T",
              "equals": "ACG"
            }, {
              "symbol": "H",
              "name": "Not G",
              "equals": "ACT"
            }, {
              "symbol": "D",
              "name": "Not C",
              "equals": "AGT"
            }, {
              "symbol": "B",
              "name": "Not A",
              "equals": "CGT"
            }, {
              "symbol": "M",
              "name": "Amino",
              "equals": "AC"
            }, {
              "symbol": "R",
              "name": "Purine",
              "equals": "AG"
            }, {
              "symbol": "W",
              "name": "Weak",
              "equals": "AT"
            }, {
              "symbol": "S",
              "name": "Strong",
              "equals": "CG"
            }, {
              "symbol": "Y",
              "name": "Pyrimidine",
              "equals": "CT"
            }, {
              "symbol": "K",
              "name": "Keto",
              "equals": "GT"
            }
          ]
        },
        "background": [0.2902, 0.2098, 0.2098, 0.2902],
        "query_dbs": [
          {
            "source": "results/AHRpeaks_not-in-DHSs.bed.fa/jaspar/meme_out/meme.xml",
            "name": "meme",
            "loaded": 7,
            "excluded": 0,
            "last_modified": "Thu May 24 14:31:14 2018"
          }
        ],
        "target_dbs": [
          {
            "source": "/Users/filipov4/meme/db/motif_databases/JASPAR/JASPAR2018_CORE_non-redundant.meme",
            "name": "JASPAR2018 CORE non-redundant",
            "loaded": 1404,
            "excluded": 0,
            "last_modified": "Thu Dec  7 14:38:42 2017"
          }
        ],
        "queries": [
          {
            "db": 0,
            "id": "AAGCAAATRCAATARAAACAAASATAA",
            "alt": "MEME-1",
            "len": 27,
            "nsites": 7,
            "evalue": "4.1e-013",
            "pwm": [
              [0.849158, 0.00295493, 0.00295493, 0.144932], 
              [0.708313, 0.284645, 0.00295493, 0.00408732], 
              [0.144932, 0.00295493, 0.707181, 0.144932], 
              [0.00408732, 0.848025, 0.1438, 0.00408732], 
              [0.990003, 0.00295493, 0.00295493, 0.00408732], 
              [0.849158, 0.00295493, 0.1438, 0.00408732], 
              [0.849158, 0.00295493, 0.1438, 0.00408732], 
              [0.144932, 0.00295493, 0.00295493, 0.849158], 
              [0.426622, 0.00295493, 0.42549, 0.144932], 
              [0.144932, 0.848025, 0.00295493, 0.00408732], 
              [0.990003, 0.00295493, 0.00295493, 0.00408732], 
              [0.990003, 0.00295493, 0.00295493, 0.00408732], 
              [0.144932, 0.00295493, 0.00295493, 0.849158], 
              [0.849158, 0.1438, 0.00295493, 0.00408732], 
              [0.426622, 0.1438, 0.284645, 0.144932], 
              [0.990003, 0.00295493, 0.00295493, 0.00408732], 
              [0.849158, 0.00295493, 0.1438, 0.00408732], 
              [0.849158, 0.00295493, 0.1438, 0.00408732], 
              [0.00408732, 0.848025, 0.1438, 0.00408732], 
              [0.990003, 0.00295493, 0.00295493, 0.00408732], 
              [0.990003, 0.00295493, 0.00295493, 0.00408732], 
              [0.990003, 0.00295493, 0.00295493, 0.00408732], 
              [0.144932, 0.284645, 0.566336, 0.00408732], 
              [0.990003, 0.00295493, 0.00295493, 0.00408732], 
              [0.285777, 0.00295493, 0.00295493, 0.708313], 
              [0.990003, 0.00295493, 0.00295493, 0.00408732], 
              [0.990003, 0.00295493, 0.00295493, 0.00408732]
            ]
          }, {
            "db": 0,
            "id": "AGTTTAATTAAGTCCCAGCTAT",
            "alt": "MEME-2",
            "len": 22,
            "nsites": 5,
            "evalue": "1.2e-004",
            "pwm": [
              [0.790004, 0.00411373, 0.200192, 0.00569019], 
              [0.201769, 0.00411373, 0.788427, 0.00569019], 
              [0.00569019, 0.00411373, 0.00411373, 0.986082], 
              [0.201769, 0.00411373, 0.00411373, 0.790004], 
              [0.201769, 0.00411373, 0.200192, 0.593925], 
              [0.986082, 0.00411373, 0.00411373, 0.00569019], 
              [0.986082, 0.00411373, 0.00411373, 0.00569019], 
              [0.00569019, 0.00411373, 0.00411373, 0.986082], 
              [0.00569019, 0.200192, 0.00411373, 0.790004], 
              [0.790004, 0.00411373, 0.200192, 0.00569019], 
              [0.593925, 0.200192, 0.200192, 0.00569019], 
              [0.00569019, 0.00411373, 0.984506, 0.00569019], 
              [0.00569019, 0.00411373, 0.00411373, 0.986082], 
              [0.00569019, 0.788427, 0.200192, 0.00569019], 
              [0.00569019, 0.984506, 0.00411373, 0.00569019], 
              [0.00569019, 0.984506, 0.00411373, 0.00569019], 
              [0.986082, 0.00411373, 0.00411373, 0.00569019], 
              [0.00569019, 0.00411373, 0.984506, 0.00569019], 
              [0.00569019, 0.788427, 0.200192, 0.00569019], 
              [0.00569019, 0.00411373, 0.00411373, 0.986082], 
              [0.986082, 0.00411373, 0.00411373, 0.00569019], 
              [0.00569019, 0.00411373, 0.00411373, 0.986082]
            ]
          }, {
            "db": 0,
            "id": "CCAGMHKVGSCATCHGVSVBDCCCAGGC",
            "alt": "MEME-7",
            "len": 28,
            "nsites": 4,
            "evalue": "5.9e+003",
            "pwm": [
              [0.25098, 0.736824, 0.00511708, 0.00707805], 
              [0.00707805, 0.980727, 0.00511708, 0.00707805], 
              [0.982688, 0.00511708, 0.00511708, 0.00707805], 
              [0.00707805, 0.00511708, 0.980727, 0.00707805], 
              [0.494883, 0.492922, 0.00511708, 0.00707805], 
              [0.25098, 0.24902, 0.00511708, 0.494883], 
              [0.00707805, 0.00511708, 0.492922, 0.494883], 
              [0.25098, 0.492922, 0.24902, 0.00707805], 
              [0.25098, 0.00511708, 0.736824, 0.00707805], 
              [0.00707805, 0.492922, 0.492922, 0.00707805], 
              [0.00707805, 0.980727, 0.00511708, 0.00707805], 
              [0.738785, 0.00511708, 0.24902, 0.00707805], 
              [0.00707805, 0.24902, 0.00511708, 0.738785], 
              [0.00707805, 0.980727, 0.00511708, 0.00707805], 
              [0.25098, 0.492922, 0.00511708, 0.25098], 
              [0.00707805, 0.00511708, 0.980727, 0.00707805], 
              [0.25098, 0.492922, 0.24902, 0.00707805], 
              [0.00707805, 0.492922, 0.492922, 0.00707805], 
              [0.25098, 0.492922, 0.24902, 0.00707805], 
              [0.00707805, 0.492922, 0.24902, 0.25098], 
              [0.25098, 0.00511708, 0.24902, 0.494883], 
              [0.00707805, 0.736824, 0.24902, 0.00707805], 
              [0.00707805, 0.980727, 0.00511708, 0.00707805], 
              [0.25098, 0.736824, 0.00511708, 0.00707805], 
              [0.982688, 0.00511708, 0.00511708, 0.00707805], 
              [0.25098, 0.00511708, 0.736824, 0.00707805], 
              [0.00707805, 0.00511708, 0.980727, 0.00707805], 
              [0.00707805, 0.736824, 0.00511708, 0.25098]
            ]
          }, {
            "db": 0,
            "id": "GGGWGGGRG",
            "alt": "MEME-6",
            "len": 9,
            "nsites": 14,
            "evalue": "1.5e+002",
            "pwm": [
              [0.00205816, 0.0724104, 0.923473, 0.00205816], 
              [0.00205816, 0.00148794, 0.994396, 0.00205816], 
              [0.00205816, 0.00148794, 0.994396, 0.00205816], 
              [0.498512, 0.00148794, 0.00148794, 0.498512], 
              [0.0729806, 0.143332, 0.568864, 0.214824], 
              [0.00205816, 0.00148794, 0.994396, 0.00205816], 
              [0.0729806, 0.00148794, 0.923473, 0.00205816], 
              [0.42759, 0.00148794, 0.427019, 0.143902], 
              [0.143902, 0.00148794, 0.852552, 0.00205816]
            ]
          }, {
            "db": 0,
            "id": "GGRBTYTTGSWCRNGAMAWGSDDSMSTVAG",
            "alt": "MEME-3",
            "len": 30,
            "nsites": 12,
            "evalue": "8.2e-004",
            "pwm": [
              [0.00239835, 0.167023, 0.82818, 0.00239835], 
              [0.167688, 0.00173388, 0.745536, 0.0850426], 
              [0.332977, 0.0843782, 0.580246, 0.00239835], 
              [0.00239835, 0.249668, 0.332312, 0.415622], 
              [0.00239835, 0.249668, 0.00173388, 0.7462], 
              [0.00239835, 0.662891, 0.00173388, 0.332977], 
              [0.167688, 0.00173388, 0.0843782, 0.7462], 
              [0.00239835, 0.167023, 0.249668, 0.58091], 
              [0.167688, 0.00173388, 0.82818, 0.00239835], 
              [0.00239835, 0.662891, 0.332312, 0.00239835], 
              [0.415622, 0.00173388, 0.0843782, 0.498266], 
              [0.0850426, 0.662891, 0.0843782, 0.167688], 
              [0.332977, 0.0843782, 0.580246, 0.00239835], 
              [0.167688, 0.167023, 0.332312, 0.332977], 
              [0.0850426, 0.249668, 0.580246, 0.0850426], 
              [0.7462, 0.00173388, 0.167023, 0.0850426], 
              [0.663556, 0.332312, 0.00173388, 0.00239835], 
              [0.828844, 0.0843782, 0.0843782, 0.00239835], 
              [0.250332, 0.167023, 0.167023, 0.415622], 
              [0.00239835, 0.249668, 0.662891, 0.0850426], 
              [0.00239835, 0.414957, 0.414957, 0.167688], 
              [0.498266, 0.00173388, 0.249668, 0.250332], 
              [0.332977, 0.00173388, 0.249668, 0.415622], 
              [0.00239835, 0.332312, 0.662891, 0.00239835], 
              [0.332977, 0.497602, 0.0843782, 0.0850426], 
              [0.00239835, 0.497602, 0.414957, 0.0850426], 
              [0.00239835, 0.00173388, 0.0843782, 0.91149], 
              [0.250332, 0.332312, 0.414957, 0.00239835], 
              [0.58091, 0.167023, 0.0843782, 0.167688], 
              [0.167688, 0.00173388, 0.82818, 0.00239835]
            ]
          }, {
            "db": 0,
            "id": "HRKRAGRKRAMATYRGARRWA",
            "alt": "MEME-5",
            "len": 21,
            "nsites": 15,
            "evalue": "2.6e-002",
            "pwm": [
              [0.200597, 0.39874, 0.0013894, 0.399273], 
              [0.465498, 0.133839, 0.39874, 0.00192185], 
              [0.0681474, 0.0013894, 0.597416, 0.333047], 
              [0.465498, 0.0676149, 0.332515, 0.134372], 
              [0.995299, 0.0013894, 0.0013894, 0.00192185], 
              [0.00192185, 0.0013894, 0.994767, 0.00192185], 
              [0.597948, 0.0013894, 0.39874, 0.00192185], 
              [0.00192185, 0.0676149, 0.332515, 0.597948], 
              [0.597948, 0.0013894, 0.39874, 0.00192185], 
              [0.796624, 0.0013894, 0.200065, 0.00192185], 
              [0.531723, 0.332515, 0.133839, 0.00192185], 
              [0.730398, 0.0676149, 0.0013894, 0.200597], 
              [0.266823, 0.0013894, 0.133839, 0.597948], 
              [0.00192185, 0.464966, 0.200065, 0.333047], 
              [0.465498, 0.0013894, 0.53119, 0.00192185], 
              [0.00192185, 0.0676149, 0.729866, 0.200597], 
              [0.862849, 0.0013894, 0.133839, 0.00192185], 
              [0.465498, 0.0013894, 0.53119, 0.00192185], 
              [0.664174, 0.0013894, 0.332515, 0.00192185], 
              [0.664174, 0.0013894, 0.0013894, 0.333047], 
              [0.597948, 0.200065, 0.200065, 0.00192185]
            ]
          }, {
            "db": 0,
            "id": "SWSRCACGHACACAG",
            "alt": "MEME-4",
            "len": 15,
            "nsites": 9,
            "evalue": "8.8e-001",
            "pwm": [
              [0.00318901, 0.551756, 0.441865, 0.00318901], 
              [0.66253, 0.0023055, 0.0023055, 0.332859], 
              [0.00318901, 0.441865, 0.551756, 0.00318901], 
              [0.332859, 0.0023055, 0.551756, 0.113079], 
              [0.00318901, 0.991316, 0.0023055, 0.00318901], 
              [0.9922, 0.0023055, 0.0023055, 0.00318901], 
              [0.222969, 0.661646, 0.112195, 0.00318901], 
              [0.00318901, 0.0023055, 0.991316, 0.00318901], 
              [0.332859, 0.331975, 0.0023055, 0.332859], 
              [0.77242, 0.0023055, 0.222085, 0.00318901], 
              [0.00318901, 0.881426, 0.112195, 0.00318901], 
              [0.77242, 0.112195, 0.112195, 0.00318901], 
              [0.00318901, 0.771536, 0.0023055, 0.222969], 
              [0.9922, 0.0023055, 0.0023055, 0.00318901], 
              [0.00318901, 0.112195, 0.881426, 0.00318901]
            ]
          }
        ],
        "targets": [
          {
            "db": 0,
            "id": "MA0029.1",
            "alt": "Mecom",
            "len": 14,
            "nsites": 27,
            "url": "http://jaspar2018.genereg.net/matrix/MA0029.1",
            "pwm": [
              [0.517676, 0.0745748, 0.222176, 0.185573], 
              [0.739078, 0.0376745, 0.0745748, 0.148672], 
              [0.00107085, 0.0376745, 0.923283, 0.0379712], 
              [0.997381, 0.00077417, 0.00077417, 0.00107085], 
              [0.0379712, 0.369777, 0.00077417, 0.591477], 
              [0.997381, 0.00077417, 0.00077417, 0.00107085], 
              [0.96048, 0.00077417, 0.0376745, 0.00107085], 
              [0.00107085, 0.00077417, 0.997084, 0.00107085], 
              [0.997381, 0.00077417, 0.00077417, 0.00107085], 
              [0.00107085, 0.111475, 0.00077417, 0.88668], 
              [0.88668, 0.0376745, 0.00077417, 0.0748715], 
              [0.849779, 0.00077417, 0.148375, 0.00107085], 
              [0.222473, 0.259076, 0.259076, 0.259373], 
              [0.554577, 0.222176, 0.111475, 0.111772]
            ]
          }, {
            "db": 0,
            "id": "MA0094.2",
            "alt": "Ubx",
            "len": 8,
            "nsites": 20,
            "url": "http://jaspar2018.genereg.net/matrix/MA0094.2",
            "pwm": [
              [0.150698, 0.2498, 0.150298, 0.449205], 
              [0.00144378, 0.00104378, 0.00104378, 0.996469], 
              [0.00144378, 0.00104378, 0.00104378, 0.996469], 
              [0.847215, 0.00104378, 0.00104378, 0.150698], 
              [0.996469, 0.00104378, 0.00104378, 0.00144378], 
              [0.00144378, 0.00104378, 0.00104378, 0.996469], 
              [0.00144378, 0.00104378, 0.299551, 0.697961], 
              [0.697961, 0.00104378, 0.299551, 0.00144378]
            ]
          }, {
            "db": 0,
            "id": "MA0277.1",
            "alt": "AZF1",
            "len": 9,
            "nsites": 102,
            "url": "http://jaspar2018.genereg.net/matrix/MA0277.1",
            "pwm": [
              [0.617326, 0.127532, 0.127532, 0.12761], 
              [0.999305, 0.000205485, 0.000205485, 0.000284231], 
              [0.999305, 0.000205485, 0.000205485, 0.000284231], 
              [0.870718, 0.128792, 0.000205485, 0.000284231], 
              [0.74955, 0.000205485, 0.249961, 0.000284231], 
              [0.000284231, 0.000205485, 0.999226, 0.000284231], 
              [0.77952, 0.160049, 0.0301761, 0.0302548], 
              [0.817665, 0.0607521, 0.0607521, 0.0608309], 
              [0.617326, 0.127532, 0.127532, 0.12761]
            ]
          }, {
            "db": 0,
            "id": "MA0281.1",
            "alt": "CBF1",
            "len": 8,
            "nsites": 99,
            "url": "http://jaspar2018.genereg.net/matrix/MA0281.1",
            "pwm": [
              [0.192018, 0.0809382, 0.535025, 0.192018], 
              [0.0299659, 0.910184, 0.0298847, 0.0299659], 
              [0.999284, 0.000211705, 0.000211705, 0.000292835], 
              [0.000292835, 0.999203, 0.000211705, 0.000292835], 
              [0.000292835, 0.000211705, 0.999203, 0.000292835], 
              [0.000292835, 0.000211705, 0.000211705, 0.999284], 
              [0.000292835, 0.000211705, 0.999203, 0.000292835], 
              [0.712444, 0.168359, 0.0595578, 0.0596389]
            ]
          }, {
            "db": 0,
            "id": "MA0296.1",
            "alt": "FKH1",
            "len": 20,
            "nsites": 997,
            "url": "http://jaspar2018.genereg.net/matrix/MA0296.1",
            "pwm": [
              [0.177544, 0.287856, 0.207623, 0.326977], 
              [0.247499, 0.192387, 0.334656, 0.225457], 
              [0.520498, 0.0840966, 0.0981092, 0.297296], 
              [0.52703, 0.0761654, 0.129267, 0.267537], 
              [0.365357, 0.0730867, 0.150156, 0.411399], 
              [0.119255, 0.146299, 0.133275, 0.601171], 
              [0.146307, 0.00402864, 0.848633, 0.001031], 
              [0.0070494, 0.00302974, 2.1041e-05, 0.9899], 
              [0.961819, 0.0371283, 2.1041e-05, 0.001032], 
              [0.978889, 0.0110419, 0.00102294, 0.0090462], 
              [0.991914, 0.00102294, 0.00202484, 0.0050386], 
              [0.001031, 0.926782, 0.00102294, 0.071164], 
              [0.991914, 0.00102294, 0.00302674, 0.0040367], 
              [0.875693, 0.0390951, 0.0160514, 0.0691602], 
              [0.672307, 0.0491141, 0.070154, 0.208425], 
              [0.248501, 0.191385, 0.407796, 0.152319], 
              [0.374741, 0.158322, 0.296584, 0.170353], 
              [0.28457, 0.184372, 0.330649, 0.20041], 
              [0.20542, 0.116241, 0.452882, 0.225457], 
              [0.421831, 0.192387, 0.248493, 0.13729]
            ]
          }, {
            "db": 0,
            "id": "MA0344.1",
            "alt": "NHP10",
            "len": 8,
            "nsites": 100,
            "url": "http://jaspar2018.genereg.net/matrix/MA0344.1",
            "pwm": [
              [0.20009, 0.10011, 0.59961, 0.10019], 
              [0.0786426, 0.764152, 0.0785622, 0.0786426], 
              [0.00028991, 0.999211, 0.00020959, 0.00028991], 
              [0.00028991, 0.00020959, 0.999211, 0.00028991], 
              [0.00028991, 0.00020959, 0.999211, 0.00028991], 
              [0.00028991, 0.00020959, 0.999211, 0.00028991], 
              [0.00028991, 0.00020959, 0.999211, 0.00028991], 
              [0.666291, 0.0785622, 0.176504, 0.0786426]
            ]
          }, {
            "db": 0,
            "id": "MA0433.1",
            "alt": "YOX1",
            "len": 8,
            "nsites": 99,
            "url": "http://jaspar2018.genereg.net/matrix/MA0433.1",
            "pwm": [
              [0.0103836, 0.252482, 0.0708474, 0.666287], 
              [0.000292835, 0.000211705, 0.000211705, 0.999284], 
              [0.999284, 0.000211705, 0.000211705, 0.000292835], 
              [0.999284, 0.000211705, 0.000211705, 0.000292835], 
              [0.000292835, 0.000211705, 0.000211705, 0.999284], 
              [0.000292835, 0.000211705, 0.000211705, 0.999284], 
              [0.613534, 0.0298847, 0.148577, 0.208004], 
              [0.545197, 0.131392, 0.131392, 0.192018]
            ]
          }, {
            "db": 0,
            "id": "MA0514.1",
            "alt": "Sox3",
            "len": 10,
            "nsites": 2067,
            "url": "http://jaspar2018.genereg.net/matrix/MA0514.1",
            "pwm": [
              [1.4039e-05, 0.719375, 0.159654, 0.120956], 
              [1.4039e-05, 0.750821, 1.01495e-05, 0.249155], 
              [0.126762, 1.01495e-05, 1.01495e-05, 0.873218], 
              [1.4039e-05, 1.01495e-05, 1.01495e-05, 0.999966], 
              [1.4039e-05, 1.01495e-05, 1.01495e-05, 0.999966], 
              [1.4039e-05, 0.0696728, 0.930299, 1.4039e-05], 
              [1.4039e-05, 1.01495e-05, 1.01495e-05, 0.999966], 
              [1.4039e-05, 0.337681, 0.122887, 0.539417], 
              [0.00920559, 0.412665, 0.0106526, 0.567476], 
              [0.0203321, 0.316396, 0.18481, 0.478462]
            ]
          }, {
            "db": 0,
            "id": "MA0516.1",
            "alt": "SP2",
            "len": 15,
            "nsites": 1686,
            "url": "http://jaspar2018.genereg.net/matrix/MA0516.1",
            "pwm": [
              [0.0949106, 0.150063, 0.609703, 0.145323], 
              [0.0231478, 0.481004, 0.152435, 0.343413], 
              [0.0308574, 0.822028, 0.000605408, 0.14651], 
              [1.72113e-05, 0.995801, 0.0041642, 1.72113e-05], 
              [1.72113e-05, 0.974451, 1.24429e-05, 0.0255197], 
              [0.103214, 1.24429e-05, 0.75916, 0.137613], 
              [1.72113e-05, 0.999953, 1.24429e-05, 1.72113e-05], 
              [1.72113e-05, 0.98216, 1.24429e-05, 0.0178102], 
              [1.72113e-05, 0.65715, 1.24429e-05, 0.34282], 
              [0.122193, 0.709341, 1.24429e-05, 0.168453], 
              [0.0682222, 0.575897, 0.058728, 0.297153], 
              [0.110924, 0.328581, 0.192765, 0.367729], 
              [0.134054, 0.425254, 0.237839, 0.202852], 
              [0.13524, 0.470922, 0.241991, 0.151847], 
              [0.120413, 0.44186, 0.250295, 0.187432]
            ]
          }, {
            "db": 0,
            "id": "MA0535.1",
            "alt": "Mad",
            "len": 15,
            "nsites": 102,
            "url": "http://jaspar2018.genereg.net/matrix/MA0535.1",
            "pwm": [
              [0.000284231, 0.470333, 0.460538, 0.068844], 
              [0.343085, 0.254858, 0.127532, 0.274525], 
              [0.000284231, 0.137326, 0.862105, 0.000284231], 
              [0.343085, 0.000205485, 0.548688, 0.108022], 
              [0.000284231, 0.999226, 0.000205485, 0.000284231], 
              [0.000284231, 0.000205485, 0.999226, 0.000284231], 
              [0.225553, 0.636836, 0.000205485, 0.137405], 
              [0.000284231, 0.695602, 0.30383, 0.000284231], 
              [0.28432, 0.000205485, 0.715191, 0.000284231], 
              [0.28432, 0.382184, 0.333212, 0.000284231], 
              [0.108022, 0.519305, 0.245063, 0.12761], 
              [0.28432, 0.000205485, 0.715191, 0.000284231], 
              [0.117816, 0.470333, 0.264652, 0.147199], 
              [0.313702, 0.333212, 0.156915, 0.19617], 
              [0.108022, 0.274447, 0.617248, 0.000284231]
            ]
          }, {
            "db": 0,
            "id": "MA0538.1",
            "alt": "daf-12",
            "len": 15,
            "nsites": 156,
            "url": "http://jaspar2018.genereg.net/matrix/MA0538.1",
            "pwm": [
              [0.141122, 0.128257, 0.724029, 0.0065918], 
              [0.455022, 0.000134401, 0.083414, 0.461428], 
              [0.211588, 0.000134401, 0.788091, 0.000185906], 
              [0.147527, 0.333254, 0.0385718, 0.480647], 
              [0.000185906, 0.000134401, 0.999494, 0.000185906], 
              [0.000185906, 0.333254, 0.000134401, 0.666426], 
              [0.000185906, 0.000134401, 0.999494, 0.000185906], 
              [0.0962783, 0.160288, 0.0898209, 0.653613], 
              [0.000185906, 0.128257, 0.621531, 0.250026], 
              [0.0065918, 0.000134401, 0.000134401, 0.993139], 
              [0.000185906, 0.00654029, 0.986681, 0.0065918], 
              [0.000185906, 0.50622, 0.102633, 0.390961], 
              [0.205182, 0.000134401, 0.538251, 0.256432], 
              [0.10909, 0.128257, 0.179506, 0.583145], 
              [0.10909, 0.275599, 0.358878, 0.256432]
            ]
          }, {
            "db": 0,
            "id": "MA0555.1",
            "alt": "SVP",
            "len": 20,
            "nsites": 92,
            "url": "http://jaspar2018.genereg.net/matrix/MA0555.1",
            "pwm": [
              [0.304333, 0.260815, 0.228241, 0.206613], 
              [0.304333, 0.119663, 0.0870904, 0.488914], 
              [0.304333, 0.011086, 0.108806, 0.575777], 
              [0.358622, 0.173952, 0.119663, 0.347763], 
              [0.0763195, 0.923138, 0.000227796, 0.000315092], 
              [0.0328887, 0.857991, 0.011086, 0.0980349], 
              [0.630066, 0.173952, 0.0762322, 0.11975], 
              [0.727785, 0.0545168, 0.0870904, 0.130608], 
              [0.934083, 0.000227796, 0.000227796, 0.0654613], 
              [0.836363, 0.011086, 0.0219432, 0.130608], 
              [0.847221, 0.0870904, 0.0328014, 0.0328887], 
              [0.369479, 0.108806, 0.152237, 0.369479], 
              [0.174039, 0.000227796, 0.803702, 0.0220305], 
              [0.000315092, 0.000227796, 0.999142, 0.000315092], 
              [0.771216, 0.108806, 0.000227796, 0.11975], 
              [0.912367, 0.0219432, 0.0219432, 0.0437459], 
              [0.836363, 0.0762322, 0.0219432, 0.0654613], 
              [0.369479, 0.0870904, 0.423681, 0.11975], 
              [0.543203, 0.173952, 0.0545168, 0.228328], 
              [0.41291, 0.228241, 0.0328014, 0.326048]
            ]
          }, {
            "db": 0,
            "id": "MA0558.1",
            "alt": "FLC",
            "len": 21,
            "nsites": 275,
            "url": "http://jaspar2018.genereg.net/matrix/MA0558.1",
            "pwm": [
              [0.439946, 0.160018, 0.163653, 0.236384], 
              [0.32726, 0.221814, 0.229084, 0.221843], 
              [0.345435, 0.134572, 0.0764125, 0.44358], 
              [0.298179, 0.0945869, 0.130938, 0.476296], 
              [0.283638, 0.0909522, 0.239989, 0.38542], 
              [0.196398, 0.701639, 0.0436964, 0.0582663], 
              [0.0328206, 0.672559, 0.014616, 0.280004], 
              [0.490836, 0.254529, 0.134572, 0.120062], 
              [0.719844, 0.036427, 0.138208, 0.105522], 
              [0.948851, 7.62632e-05, 0.0109813, 0.0400909], 
              [0.847071, 0.0109813, 0.0109813, 0.130967], 
              [0.701668, 0.0109813, 0.0655075, 0.221843], 
              [0.283638, 0.0400617, 0.0546014, 0.621697], 
              [0.512646, 7.62632e-05, 0.487172, 0.000105489], 
              [0.000105489, 7.62632e-05, 0.999713, 0.000105489], 
              [0.78891, 0.0764125, 0.0218863, 0.112792], 
              [0.974296, 0.0109813, 0.014616, 0.000105489], 
              [0.934311, 0.00371094, 0.0546014, 0.00737585], 
              [0.225479, 0.156383, 0.538063, 0.0800764], 
              [0.396325, 0.170923, 0.0618718, 0.37088], 
              [0.374514, 0.181828, 0.105493, 0.338165]
            ]
          }, {
            "db": 0,
            "id": "MA0599.1",
            "alt": "KLF5",
            "len": 10,
            "nsites": 13611,
            "url": "http://jaspar2018.genereg.net/matrix/MA0599.1",
            "pwm": [
              [0.10499, 0.14863, 0.556312, 0.190068], 
              [2.13208e-06, 0.874288, 1.54139e-06, 0.125708], 
              [2.13208e-06, 0.882223, 1.54139e-06, 0.117773], 
              [0.255455, 0.70303, 1.54139e-06, 0.0415128], 
              [2.13208e-06, 0.999994, 1.54139e-06, 2.13208e-06], 
              [0.371096, 1.54139e-06, 0.38072, 0.248182], 
              [2.13208e-06, 0.999994, 1.54139e-06, 2.13208e-06], 
              [2.13208e-06, 0.999994, 1.54139e-06, 2.13208e-06], 
              [2.13208e-06, 0.965022, 1.54139e-06, 0.0349739], 
              [0.287635, 0.411064, 1.54139e-06, 0.3013]
            ]
          }, {
            "db": 0,
            "id": "MA0617.1",
            "alt": "Id2",
            "len": 8,
            "nsites": 1000,
            "url": "http://jaspar2018.genereg.net/matrix/MA0617.1",
            "pwm": [
              [0.278001, 0.167004, 0.498971, 0.0560234], 
              [2.90171e-05, 0.999921, 2.09779e-05, 2.90171e-05], 
              [0.999929, 2.09779e-05, 2.09779e-05, 2.90171e-05], 
              [2.90171e-05, 0.999921, 2.09779e-05, 2.90171e-05], 
              [2.90171e-05, 2.09779e-05, 0.999921, 2.90171e-05], 
              [2.90171e-05, 2.09779e-05, 2.09779e-05, 0.999929], 
              [2.90171e-05, 2.09779e-05, 0.999921, 2.90171e-05], 
              [0.499479, 0.0459704, 0.272721, 0.181829]
            ]
          }, {
            "db": 0,
            "id": "MA0702.1",
            "alt": "LMX1A",
            "len": 8,
            "nsites": 6116,
            "url": "http://jaspar2018.genereg.net/matrix/MA0702.1",
            "pwm": [
              [0.13048, 0.231687, 0.197515, 0.440318], 
              [0.0719576, 0.165728, 0.0126292, 0.749686], 
              [0.834826, 0.0511906, 0.0592435, 0.0547408], 
              [0.968937, 0.00681532, 0.00523134, 0.0190154], 
              [0.0270823, 0.00986427, 0.00579434, 0.957259], 
              [0.121116, 0.0489766, 0.0599295, 0.769978], 
              [0.814263, 0.0163792, 0.116897, 0.0524599], 
              [0.547323, 0.137487, 0.221187, 0.0940032]
            ]
          }, {
            "db": 0,
            "id": "MA0703.1",
            "alt": "LMX1B",
            "len": 8,
            "nsites": 4100,
            "url": "http://jaspar2018.genereg.net/matrix/MA0703.1",
            "pwm": [
              [0.211222, 0.235365, 0.239511, 0.313901], 
              [0.111739, 0.294214, 0.0349603, 0.559086], 
              [0.791076, 0.0590317, 0.0634686, 0.086425], 
              [0.935005, 0.0136848, 0.00980888, 0.0415021], 
              [0.0702354, 0.00246506, 0.0100699, 0.917229], 
              [0.214914, 0.0653215, 0.0664365, 0.653329], 
              [0.871797, 0.0199876, 0.00425701, 0.103959], 
              [0.513166, 0.161464, 0.197317, 0.128053]
            ]
          }, {
            "db": 0,
            "id": "MA1125.1",
            "alt": "ZNF384",
            "len": 12,
            "nsites": 30433,
            "url": "http://jaspar2018.genereg.net/matrix/MA1125.1",
            "pwm": [
              [0.310847, 0.162488, 0.185654, 0.341011], 
              [0.299543, 0.230835, 0.168666, 0.300956], 
              [0.312884, 0.113561, 0.153715, 0.41984], 
              [0.431275, 0.252719, 0.155128, 0.160878], 
              [0.997402, 0.000230689, 0.000427688, 0.00193995], 
              [0.992046, 0.00115069, 0.000624687, 0.00617893], 
              [0.988136, 0.000690687, 0.000854687, 0.0103189], 
              [0.994051, 0.000427688, 0.000493688, 0.00502794], 
              [0.992408, 0.000854687, 0.000460688, 0.00627693], 
              [0.999111, 0.000197689, 6.89381e-07, 0.000690951], 
              [0.667761, 0.0955544, 0.0909214, 0.145763], 
              [0.621561, 0.13022, 0.0952264, 0.152992]
            ]
          }, {
            "db": 0,
            "id": "MA1159.1",
            "alt": "SGR5",
            "len": 15,
            "nsites": 600,
            "url": "http://jaspar2018.genereg.net/matrix/MA1159.1",
            "pwm": [
              [0.4883, 0.21, 0.0666909, 0.235009], 
              [0.57162, 0.0950191, 0.266658, 0.0667042], 
              [0.566621, 0.0800216, 0.193336, 0.160022], 
              [0.721595, 3.49609e-05, 0.0733557, 0.205014], 
              [0.516629, 0.0266975, 0.0450275, 0.411647], 
              [0.809913, 0.0366959, 0.153342, 4.83586e-05], 
              [0.886568, 0.00670085, 0.0366959, 0.0700367], 
              [0.0550392, 3.49609e-05, 0.943211, 0.00171508], 
              [0.984884, 0.0100333, 3.49609e-05, 0.00504753], 
              [4.83586e-05, 0.998202, 0.00170168, 4.83586e-05], 
              [0.986551, 0.00170168, 0.0117, 4.83586e-05], 
              [0.996549, 0.00170168, 3.49609e-05, 0.00171508], 
              [0.933226, 0.0166992, 0.0183649, 0.0317101], 
              [0.713262, 0.0566925, 0.0350291, 0.195016], 
              [0.474969, 0.138345, 0.07169, 0.314996]
            ]
          }, {
            "db": 0,
            "id": "MA1267.1",
            "alt": "AT5G66940",
            "len": 29,
            "nsites": 597,
            "url": "http://jaspar2018.genereg.net/matrix/MA1267.1",
            "pwm": [
              [0.252937, 0.194308, 0.120618, 0.432137], 
              [0.231166, 0.229478, 0.103871, 0.435487], 
              [0.221118, 0.159137, 0.155788, 0.463958], 
              [0.152452, 0.221104, 0.0820984, 0.544346], 
              [0.175898, 0.237851, 0.0703754, 0.515875], 
              [0.140729, 0.17421, 0.0687006, 0.61636], 
              [0.170874, 0.190958, 0.0553019, 0.582866], 
              [0.244564, 0.199332, 0.0620018, 0.494103], 
              [0.224467, 0.249574, 0.103871, 0.422089], 
              [0.179248, 0.308192, 0.0536272, 0.458933], 
              [0.107234, 0.232827, 0.0435788, 0.61636], 
              [0.149103, 0.0653512, 0.0536272, 0.731919], 
              [0.120631, 0.0737248, 0.0586513, 0.746992], 
              [0.033544, 0.194308, 0.0419041, 0.730244], 
              [0.189297, 0.175885, 0.0452536, 0.589565], 
              [0.485729, 0.132341, 0.179234, 0.202695], 
              [0.00172332, 0.97977, 0.0167823, 0.00172332], 
              [0.00172332, 0.0352052, 0.00170986, 0.961362], 
              [4.86016e-05, 3.51365e-05, 3.51365e-05, 0.999881], 
              [4.86016e-05, 0.00170986, 3.51365e-05, 0.998206], 
              [0.175898, 0.03688, 0.00170986, 0.785512], 
              [0.0955096, 0.130666, 0.144065, 0.629759], 
              [0.204369, 0.231152, 0.201006, 0.363472], 
              [0.23619, 0.237851, 0.172535, 0.353423], 
              [0.222792, 0.18091, 0.102196, 0.494103], 
              [0.207719, 0.199332, 0.115594, 0.477356], 
              [0.180923, 0.179234, 0.13569, 0.504152], 
              [0.246238, 0.17421, 0.090472, 0.489079], 
              [0.304856, 0.137365, 0.0837731, 0.474006]
            ]
          }, {
            "db": 0,
            "id": "MA1268.1",
            "alt": "AT1G69570",
            "len": 27,
            "nsites": 596,
            "url": "http://jaspar2018.genereg.net/matrix/MA1268.1",
            "pwm": [
              [0.219811, 0.201343, 0.0956572, 0.483189], 
              [0.231554, 0.142628, 0.104045, 0.521773], 
              [0.152708, 0.0855908, 0.137596, 0.624105], 
              [0.125867, 0.0704934, 0.1896, 0.61404], 
              [0.114124, 0.441236, 0.036942, 0.407698], 
              [0.583844, 0.12082, 0.135918, 0.159418], 
              [4.86831e-05, 0.999867, 3.51955e-05, 4.86831e-05], 
              [4.86831e-05, 0.0402964, 3.51955e-05, 0.95962], 
              [4.86831e-05, 0.00674507, 3.51955e-05, 0.993171], 
              [4.86831e-05, 3.51955e-05, 3.51955e-05, 0.999881], 
              [0.149353, 0.0352643, 0.0134559, 0.801927], 
              [0.134254, 0.172825, 0.100689, 0.592231], 
              [0.164451, 0.419428, 0.0990116, 0.317109], 
              [0.134254, 0.253349, 0.0503628, 0.562035], 
              [0.10909, 0.134241, 0.0352643, 0.721405], 
              [0.110768, 0.104045, 0.0419742, 0.743213], 
              [0.140965, 0.100689, 0.0570726, 0.701273], 
              [0.162773, 0.182891, 0.0604281, 0.593909], 
              [0.130899, 0.23825, 0.100689, 0.530161], 
              [0.191292, 0.184568, 0.0855908, 0.538549], 
              [0.122511, 0.167792, 0.11411, 0.595587], 
              [0.134254, 0.137596, 0.0939794, 0.63417], 
              [0.166128, 0.127531, 0.0872686, 0.619073], 
              [0.203035, 0.166114, 0.0990116, 0.531838], 
              [0.191292, 0.149339, 0.135918, 0.523451], 
              [0.224843, 0.164438, 0.122498, 0.488222], 
              [0.256717, 0.204699, 0.0805587, 0.458026]
            ]
          }, {
            "db": 0,
            "id": "MA1272.1",
            "alt": "AT2G28810",
            "len": 21,
            "nsites": 600,
            "url": "http://jaspar2018.genereg.net/matrix/MA1272.1",
            "pwm": [
              [0.173352, 0.186671, 0.116683, 0.523294], 
              [0.175019, 0.214999, 0.101685, 0.508297], 
              [0.198348, 0.289987, 0.0833541, 0.42831], 
              [0.145024, 0.213332, 0.0583582, 0.583284], 
              [0.161688, 0.188337, 0.0650241, 0.584951], 
              [0.166688, 0.171673, 0.0650241, 0.596616], 
              [0.193349, 0.206668, 0.120015, 0.479968], 
              [0.18835, 0.183337, 0.100018, 0.528293], 
              [0.141692, 0.211667, 0.07169, 0.574953], 
              [0.183351, 0.110017, 0.0966859, 0.609947], 
              [0.138358, 0.110017, 0.103351, 0.648273], 
              [0.05004, 0.219998, 0.0316967, 0.698265], 
              [0.319995, 0.158342, 0.0700233, 0.45164], 
              [0.449973, 0.183337, 0.213332, 0.153356], 
              [4.83586e-05, 0.999868, 3.49609e-05, 4.83586e-05], 
              [4.83586e-05, 3.49609e-05, 3.49609e-05, 0.999882], 
              [4.83586e-05, 3.49609e-05, 3.49609e-05, 0.999882], 
              [4.83586e-05, 3.49609e-05, 3.49609e-05, 0.999882], 
              [0.216679, 0.0250308, 3.49609e-05, 0.758255], 
              [0.098365, 0.0750225, 0.110017, 0.716596], 
              [0.148357, 0.261658, 0.25166, 0.338325]
            ]
          }, {
            "db": 0,
            "id": "MA1274.1",
            "alt": "OBP3",
            "len": 21,
            "nsites": 600,
            "url": "http://jaspar2018.genereg.net/matrix/MA1274.1",
            "pwm": [
              [0.0950325, 0.171673, 0.151677, 0.581618], 
              [0.100032, 0.171673, 0.00336741, 0.724928], 
              [0.218345, 0.153342, 0.0700233, 0.558288], 
              [0.4883, 0.111683, 0.120015, 0.280002], 
              [0.00171508, 0.924881, 0.00336741, 0.0700367], 
              [0.00171508, 0.0383616, 3.49609e-05, 0.959888], 
              [4.83586e-05, 0.0200316, 3.49609e-05, 0.979885], 
              [0.00171508, 0.00170168, 3.49609e-05, 0.996549], 
              [0.143357, 0.0350291, 0.00336741, 0.818245], 
              [0.120028, 0.16834, 0.0583582, 0.653272], 
              [0.228343, 0.258325, 0.141678, 0.371653], 
              [0.245008, 0.249993, 0.0533591, 0.45164], 
              [0.105031, 0.26999, 0.0883532, 0.536626], 
              [0.103364, 0.163341, 0.0583582, 0.674936], 
              [0.103364, 0.143344, 0.00670085, 0.746591], 
              [0.105031, 0.208333, 0.00170168, 0.684934], 
              [0.163354, 0.0983516, 0.0866875, 0.651607], 
              [0.131693, 0.206668, 0.101685, 0.559955], 
              [0.106698, 0.183337, 0.110017, 0.599948], 
              [0.191683, 0.173339, 0.0733557, 0.561622], 
              [0.203347, 0.140012, 0.100018, 0.556623]
            ]
          }, {
            "db": 0,
            "id": "MA1277.1",
            "alt": "Adof1",
            "len": 21,
            "nsites": 595,
