<!DOCTYPE HTML>
<html>
  <head>
    <meta charset="UTF-8">
    <title>TOMTOM</title>
    <script>
      // @JSON_VAR data
      var data = {
        "program": "Tomtom",
        "version": "4.12.0",
        "release": "Tue Jun 27 16:22:50 2017 -0700",
        "cmd": [
          "tomtom", "-verbosity", "1", "-oc",
          "results/AHRpeaks_not-in-DHSs.bed-399.fa/jaspar/meme_tomtom_out",
          "-min-overlap", "5", "-dist", "pearson", "-evalue", "-thresh", "1",
          "-no-ssc", "-bfile",
          "results/AHRpeaks_not-in-DHSs.bed-399.fa/jaspar/background",
          "results/AHRpeaks_not-in-DHSs.bed-399.fa/jaspar/meme_out/meme.xml",
          "/Users/filipov4/meme/db/motif_databases/JASPAR/JASPAR2018_CORE_non-redundant.meme"
        ],
        "options": {
          "strands": "both",
          "distance_measure": "pearson",
          "threshold_type": "evalue",
          "threshold_value": 1,
          "background_source": "file",
          "background_file": "results/AHRpeaks_not-in-DHSs.bed-399.fa/jaspar/background"
        },
        "alphabet": {
          "name": "DNA",
          "like": "dna",
          "ncore": 4,
          "symbols": [
            {
              "symbol": "A",
              "name": "Adenine",
              "colour": "CC0000",
              "complement": "T"
            }, {
              "symbol": "C",
              "name": "Cytosine",
              "colour": "0000CC",
              "complement": "G"
            }, {
              "symbol": "G",
              "name": "Guanine",
              "colour": "FFB300",
              "complement": "C"
            }, {
              "symbol": "T",
              "aliases": "U",
              "name": "Thymine",
              "colour": "008000",
              "complement": "A"
            }, {
              "symbol": "N",
              "aliases": "X.",
              "name": "Any base",
              "equals": "ACGT"
            }, {
              "symbol": "V",
              "name": "Not T",
              "equals": "ACG"
            }, {
              "symbol": "H",
              "name": "Not G",
              "equals": "ACT"
            }, {
              "symbol": "D",
              "name": "Not C",
              "equals": "AGT"
            }, {
              "symbol": "B",
              "name": "Not A",
              "equals": "CGT"
            }, {
              "symbol": "M",
              "name": "Amino",
              "equals": "AC"
            }, {
              "symbol": "R",
              "name": "Purine",
              "equals": "AG"
            }, {
              "symbol": "W",
              "name": "Weak",
              "equals": "AT"
            }, {
              "symbol": "S",
              "name": "Strong",
              "equals": "CG"
            }, {
              "symbol": "Y",
              "name": "Pyrimidine",
              "equals": "CT"
            }, {
              "symbol": "K",
              "name": "Keto",
              "equals": "GT"
            }
          ]
        },
        "background": [0.2917, 0.2083, 0.2083, 0.2917],
        "query_dbs": [
          {
            "source": "results/AHRpeaks_not-in-DHSs.bed-399.fa/jaspar/meme_out/meme.xml",
            "name": "meme",
            "loaded": 7,
            "excluded": 0,
            "last_modified": "Thu May 24 14:28:06 2018"
          }
        ],
        "target_dbs": [
          {
            "source": "/Users/filipov4/meme/db/motif_databases/JASPAR/JASPAR2018_CORE_non-redundant.meme",
            "name": "JASPAR2018 CORE non-redundant",
            "loaded": 1404,
            "excluded": 0,
            "last_modified": "Thu Dec  7 14:38:42 2017"
          }
        ],
        "queries": [
          {
            "db": 0,
            "id": "AAARRRYTKDTGCAYGAVMAMAGRAASAG",
            "alt": "MEME-2",
            "len": 29,
            "nsites": 9,
            "evalue": "2.6e-008",
            "pwm": [
              [0.882326, 0.00228901, 0.00228901, 0.113095], 
              [0.772436, 0.00228901, 0.00228901, 0.222985], 
              [0.882326, 0.112179, 0.00228901, 0.00320549], 
              [0.332875, 0.00228901, 0.66163, 0.00320549], 
              [0.332875, 0.00228901, 0.66163, 0.00320549], 
              [0.442765, 0.112179, 0.331959, 0.113095], 
              [0.00320549, 0.441849, 0.112179, 0.442765], 
              [0.00320549, 0.112179, 0.00228901, 0.882326], 
              [0.00320549, 0.00228901, 0.441849, 0.552656], 
              [0.222985, 0.112179, 0.222069, 0.442765], 
              [0.00320549, 0.00228901, 0.222069, 0.772436], 
              [0.113095, 0.00228901, 0.77152, 0.113095], 
              [0.00320549, 0.77152, 0.222069, 0.00320549], 
              [0.882326, 0.112179, 0.00228901, 0.00320549], 
              [0.00320549, 0.441849, 0.00228901, 0.552656], 
              [0.113095, 0.00228901, 0.88141, 0.00320549], 
              [0.552656, 0.222069, 0.222069, 0.00320549], 
              [0.332875, 0.331959, 0.331959, 0.00320549], 
              [0.662546, 0.331959, 0.00228901, 0.00320549], 
              [0.882326, 0.00228901, 0.112179, 0.00320549], 
              [0.662546, 0.331959, 0.00228901, 0.00320549], 
              [0.772436, 0.00228901, 0.222069, 0.00320549], 
              [0.00320549, 0.00228901, 0.88141, 0.113095], 
              [0.442765, 0.112179, 0.331959, 0.113095], 
              [0.662546, 0.222069, 0.00228901, 0.113095], 
              [0.992216, 0.00228901, 0.00228901, 0.00320549], 
              [0.00320549, 0.55174, 0.441849, 0.00320549], 
              [0.772436, 0.00228901, 0.222069, 0.00320549], 
              [0.00320549, 0.222069, 0.77152, 0.00320549]
            ]
          }, {
            "db": 0,
            "id": "AAGCAAATRCAATARAAACAAASATAA",
            "alt": "MEME-1",
            "len": 27,
            "nsites": 7,
            "evalue": "2.1e-012",
            "pwm": [
              [0.849179, 0.0029338, 0.0029338, 0.144953], 
              [0.708334, 0.284624, 0.0029338, 0.00410845], 
              [0.144953, 0.0029338, 0.707159, 0.144953], 
              [0.00410845, 0.848004, 0.143779, 0.00410845], 
              [0.990024, 0.0029338, 0.0029338, 0.00410845], 
              [0.849179, 0.0029338, 0.143779, 0.00410845], 
              [0.849179, 0.0029338, 0.143779, 0.00410845], 
              [0.144953, 0.0029338, 0.0029338, 0.849179], 
              [0.426643, 0.0029338, 0.425469, 0.144953], 
              [0.144953, 0.848004, 0.0029338, 0.00410845], 
              [0.990024, 0.0029338, 0.0029338, 0.00410845], 
              [0.990024, 0.0029338, 0.0029338, 0.00410845], 
              [0.144953, 0.0029338, 0.0029338, 0.849179], 
              [0.849179, 0.143779, 0.0029338, 0.00410845], 
              [0.426643, 0.143779, 0.284624, 0.144953], 
              [0.990024, 0.0029338, 0.0029338, 0.00410845], 
              [0.849179, 0.0029338, 0.143779, 0.00410845], 
              [0.849179, 0.0029338, 0.143779, 0.00410845], 
              [0.00410845, 0.848004, 0.143779, 0.00410845], 
              [0.990024, 0.0029338, 0.0029338, 0.00410845], 
              [0.990024, 0.0029338, 0.0029338, 0.00410845], 
              [0.990024, 0.0029338, 0.0029338, 0.00410845], 
              [0.144953, 0.284624, 0.566315, 0.00410845], 
              [0.990024, 0.0029338, 0.0029338, 0.00410845], 
              [0.285798, 0.0029338, 0.0029338, 0.708334], 
              [0.990024, 0.0029338, 0.0029338, 0.00410845], 
              [0.990024, 0.0029338, 0.0029338, 0.00410845]
            ]
          }, {
            "db": 0,
            "id": "AATTRAGTSCCAGCTA",
            "alt": "MEME-4",
            "len": 16,
            "nsites": 6,
            "evalue": "2.3e-002",
            "pwm": [
              [0.824454, 0.00341476, 0.00341476, 0.168717], 
              [0.988389, 0.00341476, 0.00341476, 0.00478197], 
              [0.00478197, 0.00341476, 0.00341476, 0.988389], 
              [0.00478197, 0.16735, 0.00341476, 0.824454], 
              [0.66052, 0.00341476, 0.331283, 0.00478197], 
              [0.496585, 0.16735, 0.16735, 0.168717], 
              [0.00478197, 0.00341476, 0.987021, 0.00478197], 
              [0.00478197, 0.00341476, 0.00341476, 0.988389], 
              [0.00478197, 0.659153, 0.331283, 0.00478197], 
              [0.00478197, 0.987021, 0.00341476, 0.00478197], 
              [0.00478197, 0.987021, 0.00341476, 0.00478197], 
              [0.824454, 0.00341476, 0.00341476, 0.168717], 
              [0.00478197, 0.00341476, 0.987021, 0.00478197], 
              [0.00478197, 0.823087, 0.16735, 0.00478197], 
              [0.00478197, 0.00341476, 0.00341476, 0.988389], 
              [0.988389, 0.00341476, 0.00341476, 0.00478197]
            ]
          }, {
            "db": 0,
            "id": "AGGCWGG",
            "alt": "MEME-7",
            "len": 7,
            "nsites": 15,
            "evalue": "4.2e+001",
            "pwm": [
              [0.995309, 0.00137947, 0.00137947, 0.00193179], 
              [0.00193179, 0.00137947, 0.994757, 0.00193179], 
              [0.00193179, 0.00137947, 0.994757, 0.00193179], 
              [0.00193179, 0.994757, 0.00137947, 0.00193179], 
              [0.465508, 0.00137947, 0.00137947, 0.531733], 
              [0.00193179, 0.00137947, 0.994757, 0.00193179], 
              [0.266833, 0.00137947, 0.729856, 0.00193179]
            ]
          }, {
            "db": 0,
            "id": "CCCWGKDBHCSYGTKTBCA",
            "alt": "MEME-6",
            "len": 19,
            "nsites": 9,
            "evalue": "1.8e+003",
            "pwm": [
              [0.00320549, 0.9913, 0.00228901, 0.00320549], 
              [0.222985, 0.55174, 0.00228901, 0.222985], 
              [0.00320549, 0.55174, 0.222069, 0.222985], 
              [0.332875, 0.00228901, 0.112179, 0.552656], 
              [0.00320549, 0.222069, 0.77152, 0.00320549], 
              [0.00320549, 0.00228901, 0.331959, 0.662546], 
              [0.332875, 0.112179, 0.331959, 0.222985], 
              [0.00320549, 0.222069, 0.331959, 0.442765], 
              [0.222985, 0.222069, 0.112179, 0.442765], 
              [0.00320549, 0.9913, 0.00228901, 0.00320549], 
              [0.113095, 0.331959, 0.441849, 0.113095], 
              [0.00320549, 0.331959, 0.00228901, 0.662546], 
              [0.00320549, 0.00228901, 0.9913, 0.00320549], 
              [0.00320549, 0.00228901, 0.00228901, 0.992216], 
              [0.00320549, 0.00228901, 0.66163, 0.332875], 
              [0.00320549, 0.00228901, 0.00228901, 0.992216], 
              [0.113095, 0.441849, 0.222069, 0.222985], 
              [0.00320549, 0.77152, 0.112179, 0.113095], 
              [0.772436, 0.00228901, 0.222069, 0.00320549]
            ]
          }, {
            "db": 0,
            "id": "CTYAGGCWMRVATTTCAYBVCCMWGRACHC",
            "alt": "MEME-3",
            "len": 30,
            "nsites": 9,
            "evalue": "2.3e-004",
            "pwm": [
              [0.00320549, 0.88141, 0.112179, 0.00320549], 
              [0.00320549, 0.222069, 0.222069, 0.552656], 
              [0.113095, 0.55174, 0.00228901, 0.332875], 
              [0.882326, 0.00228901, 0.112179, 0.00320549], 
              [0.113095, 0.112179, 0.66163, 0.113095], 
              [0.00320549, 0.00228901, 0.9913, 0.00320549], 
              [0.00320549, 0.88141, 0.112179, 0.00320549], 
              [0.552656, 0.00228901, 0.00228901, 0.442765], 
              [0.552656, 0.331959, 0.112179, 0.00320549], 
              [0.442765, 0.112179, 0.441849, 0.00320549], 
              [0.222985, 0.222069, 0.441849, 0.113095], 
              [0.662546, 0.112179, 0.00228901, 0.222985], 
              [0.00320549, 0.222069, 0.00228901, 0.772436], 
              [0.113095, 0.112179, 0.112179, 0.662546], 
              [0.00320549, 0.222069, 0.00228901, 0.772436], 
              [0.113095, 0.66163, 0.222069, 0.00320549], 
              [0.772436, 0.112179, 0.112179, 0.00320549], 
              [0.00320549, 0.331959, 0.00228901, 0.662546], 
              [0.113095, 0.222069, 0.441849, 0.222985], 
              [0.442765, 0.331959, 0.222069, 0.00320549], 
              [0.00320549, 0.77152, 0.222069, 0.00320549], 
              [0.00320549, 0.88141, 0.00228901, 0.113095], 
              [0.552656, 0.331959, 0.112179, 0.00320549], 
              [0.552656, 0.00228901, 0.00228901, 0.442765], 
              [0.00320549, 0.00228901, 0.88141, 0.113095], 
              [0.552656, 0.00228901, 0.441849, 0.00320549], 
              [0.552656, 0.222069, 0.112179, 0.113095], 
              [0.113095, 0.88141, 0.00228901, 0.00320549], 
              [0.222985, 0.331959, 0.00228901, 0.442765], 
              [0.00320549, 0.88141, 0.112179, 0.00320549]
            ]
          }, {
            "db": 0,
            "id": "TCTADAAGATAACATHRGAAAAACCCTT",
            "alt": "MEME-5",
            "len": 28,
            "nsites": 4,
            "evalue": "1.7e+001",
            "pwm": [
              [0.00711463, 0.248983, 0.00508049, 0.738822], 
              [0.00711463, 0.98069, 0.00508049, 0.00711463], 
              [0.00711463, 0.248983, 0.00508049, 0.738822], 
              [0.738822, 0.248983, 0.00508049, 0.00711463], 
              [0.251017, 0.00508049, 0.492885, 0.251017], 
              [0.738822, 0.248983, 0.00508049, 0.00711463], 
              [0.982724, 0.00508049, 0.00508049, 0.00711463], 
              [0.00711463, 0.00508049, 0.98069, 0.00711463], 
              [0.982724, 0.00508049, 0.00508049, 0.00711463], 
              [0.00711463, 0.00508049, 0.00508049, 0.982724], 
              [0.982724, 0.00508049, 0.00508049, 0.00711463], 
              [0.738822, 0.00508049, 0.248983, 0.00711463], 
              [0.00711463, 0.736788, 0.00508049, 0.251017], 
              [0.738822, 0.00508049, 0.00508049, 0.251017], 
              [0.00711463, 0.00508049, 0.248983, 0.738822], 
              [0.251017, 0.248983, 0.00508049, 0.49492], 
              [0.49492, 0.00508049, 0.492885, 0.00711463], 
              [0.00711463, 0.00508049, 0.98069, 0.00711463], 
              [0.982724, 0.00508049, 0.00508049, 0.00711463], 
              [0.982724, 0.00508049, 0.00508049, 0.00711463], 
              [0.982724, 0.00508049, 0.00508049, 0.00711463], 
              [0.982724, 0.00508049, 0.00508049, 0.00711463], 
              [0.738822, 0.00508049, 0.00508049, 0.251017], 
              [0.00711463, 0.98069, 0.00508049, 0.00711463], 
              [0.00711463, 0.736788, 0.00508049, 0.251017], 
              [0.00711463, 0.98069, 0.00508049, 0.00711463], 
              [0.00711463, 0.00508049, 0.00508049, 0.982724], 
              [0.00711463, 0.00508049, 0.248983, 0.738822]
            ]
          }
        ],
        "targets": [
          {
            "db": 0,
            "id": "MA0029.1",
            "alt": "Mecom",
            "len": 14,
            "nsites": 27,
            "url": "http://jaspar2018.genereg.net/matrix/MA0029.1",
            "pwm": [
              [0.517682, 0.0745693, 0.222171, 0.185578], 
              [0.739084, 0.037669, 0.0745693, 0.148678], 
              [0.00107638, 0.037669, 0.923278, 0.0379767], 
              [0.997386, 0.000768635, 0.000768635, 0.00107638], 
              [0.0379767, 0.369772, 0.000768635, 0.591483], 
              [0.997386, 0.000768635, 0.000768635, 0.00107638], 
              [0.960486, 0.000768635, 0.037669, 0.00107638], 
              [0.00107638, 0.000768635, 0.997079, 0.00107638], 
              [0.997386, 0.000768635, 0.000768635, 0.00107638], 
              [0.00107638, 0.11147, 0.000768635, 0.886685], 
              [0.886685, 0.037669, 0.000768635, 0.074877], 
              [0.849785, 0.000768635, 0.14837, 0.00107638], 
              [0.222478, 0.259071, 0.259071, 0.259379], 
              [0.554582, 0.222171, 0.11147, 0.111777]
            ]
          }, {
            "db": 0,
            "id": "MA0277.1",
            "alt": "AZF1",
            "len": 9,
            "nsites": 102,
            "url": "http://jaspar2018.genereg.net/matrix/MA0277.1",
            "pwm": [
              [0.617328, 0.12753, 0.12753, 0.127612], 
              [0.999306, 0.000204016, 0.000204016, 0.0002857], 
              [0.999306, 0.000204016, 0.000204016, 0.0002857], 
              [0.870719, 0.128791, 0.000204016, 0.0002857], 
              [0.749551, 0.000204016, 0.249959, 0.0002857], 
              [0.0002857, 0.000204016, 0.999225, 0.0002857], 
              [0.779522, 0.160047, 0.0301746, 0.0302563], 
              [0.817666, 0.0607507, 0.0607507, 0.0608323], 
              [0.617328, 0.12753, 0.12753, 0.127612]
            ]
          }, {
            "db": 0,
            "id": "MA0296.1",
            "alt": "FKH1",
            "len": 20,
            "nsites": 997,
            "url": "http://jaspar2018.genereg.net/matrix/MA0296.1",
            "pwm": [
              [0.177544, 0.287856, 0.207623, 0.326977], 
              [0.247499, 0.192387, 0.334656, 0.225458], 
              [0.520498, 0.0840965, 0.0981091, 0.297296], 
              [0.52703, 0.0761653, 0.129267, 0.267537], 
              [0.365358, 0.0730866, 0.150156, 0.411399], 
              [0.119255, 0.146299, 0.133275, 0.601171], 
              [0.146308, 0.00402849, 0.848633, 0.00103115], 
              [0.00704955, 0.00302959, 2.08906e-05, 0.9899], 
              [0.961819, 0.0371282, 2.08906e-05, 0.00103215], 
              [0.978889, 0.0110418, 0.00102279, 0.00904635], 
              [0.991914, 0.00102279, 0.00202469, 0.00503875], 
              [0.00103115, 0.926782, 0.00102279, 0.0711641], 
              [0.991914, 0.00102279, 0.00302659, 0.00403685], 
              [0.875693, 0.039095, 0.0160513, 0.0691603], 
              [0.672307, 0.049114, 0.0701539, 0.208425], 
              [0.248501, 0.191385, 0.407796, 0.152319], 
              [0.374741, 0.158322, 0.296584, 0.170353], 
              [0.28457, 0.184371, 0.330649, 0.20041], 
              [0.20542, 0.116241, 0.452881, 0.225458], 
              [0.421831, 0.192387, 0.248493, 0.13729]
            ]
          }, {
            "db": 0,
            "id": "MA0514.1",
            "alt": "Sox3",
            "len": 10,
            "nsites": 2067,
            "url": "http://jaspar2018.genereg.net/matrix/MA0514.1",
            "pwm": [
              [1.41116e-05, 0.719375, 0.159654, 0.120956], 
              [1.41116e-05, 0.750821, 1.00769e-05, 0.249155], 
              [0.126762, 1.00769e-05, 1.00769e-05, 0.873218], 
              [1.41116e-05, 1.00769e-05, 1.00769e-05, 0.999966], 
              [1.41116e-05, 1.00769e-05, 1.00769e-05, 0.999966], 
              [1.41116e-05, 0.0696727, 0.930299, 1.41116e-05], 
              [1.41116e-05, 1.00769e-05, 1.00769e-05, 0.999966], 
              [1.41116e-05, 0.337681, 0.122887, 0.539417], 
              [0.00920567, 0.412665, 0.0106526, 0.567476], 
              [0.0203321, 0.316396, 0.18481, 0.478462]
            ]
          }, {
            "db": 0,
            "id": "MA0555.1",
            "alt": "SVP",
            "len": 20,
            "nsites": 92,
            "url": "http://jaspar2018.genereg.net/matrix/MA0555.1",
            "pwm": [
              [0.304334, 0.260813, 0.228239, 0.206614], 
              [0.304334, 0.119661, 0.0870888, 0.488916], 
              [0.304334, 0.0110844, 0.108804, 0.575778], 
              [0.358623, 0.17395, 0.119661, 0.347765], 
              [0.0763211, 0.923136, 0.000226167, 0.000316721], 
              [0.0328903, 0.85799, 0.0110844, 0.0980365], 
              [0.630067, 0.17395, 0.0762306, 0.119752], 
              [0.727787, 0.0545152, 0.0870888, 0.13061], 
              [0.934085, 0.000226167, 0.000226167, 0.0654629], 
              [0.836365, 0.0110844, 0.0219416, 0.13061], 
              [0.847222, 0.0870888, 0.0327998, 0.0328903], 
              [0.36948, 0.108804, 0.152235, 0.36948], 
              [0.174041, 0.000226167, 0.803701, 0.0220321], 
              [0.000316721, 0.000226167, 0.99914, 0.000316721], 
              [0.771218, 0.108804, 0.000226167, 0.119752], 
              [0.912368, 0.0219416, 0.0219416, 0.0437475], 
              [0.836365, 0.0762306, 0.0219416, 0.0654629], 
              [0.36948, 0.0870888, 0.423679, 0.119752], 
              [0.543205, 0.17395, 0.0545152, 0.22833], 
              [0.412911, 0.228239, 0.0327998, 0.32605]
            ]
          }, {
            "db": 0,
            "id": "MA0558.1",
            "alt": "FLC",
            "len": 21,
            "nsites": 275,
            "url": "http://jaspar2018.genereg.net/matrix/MA0558.1",
            "pwm": [
              [0.439946, 0.160018, 0.163652, 0.236384], 
              [0.32726, 0.221813, 0.229083, 0.221843], 
              [0.345435, 0.134572, 0.076412, 0.443581], 
              [0.29818, 0.0945864, 0.130937, 0.476297], 
              [0.283639, 0.0909517, 0.239988, 0.385421], 
              [0.196399, 0.701639, 0.0436959, 0.0582669], 
              [0.0328211, 0.672558, 0.0146154, 0.280004], 
              [0.490837, 0.254528, 0.134572, 0.120062], 
              [0.719844, 0.0364265, 0.138207, 0.105523], 
              [0.948852, 7.5718e-05, 0.0109808, 0.0400915], 
              [0.847071, 0.0109808, 0.0109808, 0.130967], 
              [0.701669, 0.0109808, 0.0655069, 0.221843], 
              [0.283639, 0.0400612, 0.0546009, 0.621698], 
              [0.512647, 7.5718e-05, 0.487172, 0.000106034], 
              [0.000106034, 7.5718e-05, 0.999712, 0.000106034], 
              [0.78891, 0.076412, 0.0218858, 0.112792], 
              [0.974297, 0.0109808, 0.0146154, 0.000106034], 
              [0.934311, 0.0037104, 0.0546009, 0.00737639], 
              [0.225479, 0.156383, 0.538062, 0.080077], 
              [0.396326, 0.170923, 0.0618712, 0.37088], 
              [0.374515, 0.181828, 0.105492, 0.338165]
            ]
          }, {
            "db": 0,
            "id": "MA1125.1",
            "alt": "ZNF384",
            "len": 12,
            "nsites": 30433,
            "url": "http://jaspar2018.genereg.net/matrix/MA1125.1",
            "pwm": [
              [0.310847, 0.162488, 0.185654, 0.341011], 
              [0.299543, 0.230835, 0.168666, 0.300956], 
              [0.312884, 0.113561, 0.153715, 0.41984], 
              [0.431275, 0.252719, 0.155128, 0.160878], 
              [0.997402, 0.000230684, 0.000427683, 0.00193995], 
              [0.992046, 0.00115068, 0.000624682, 0.00617894], 
              [0.988136, 0.000690682, 0.000854682, 0.0103189], 
              [0.994051, 0.000427683, 0.000493683, 0.00502794], 
              [0.992408, 0.000854682, 0.000460683, 0.00627694], 
              [0.999111, 0.000197684, 6.84452e-07, 0.000690956], 
              [0.667761, 0.0955544, 0.0909214, 0.145763], 
              [0.621561, 0.13022, 0.0952264, 0.152992]
            ]
          }, {
            "db": 0,
            "id": "MA1159.1",
            "alt": "SGR5",
            "len": 15,
            "nsites": 600,
            "url": "http://jaspar2018.genereg.net/matrix/MA1159.1",
            "pwm": [
              [0.4883, 0.21, 0.0666906, 0.235009], 
              [0.57162, 0.0950189, 0.266657, 0.0667045], 
              [0.566621, 0.0800214, 0.193335, 0.160022], 
              [0.721595, 3.47109e-05, 0.0733555, 0.205014], 
              [0.51663, 0.0266973, 0.0450272, 0.411647], 
              [0.809914, 0.0366956, 0.153342, 4.86086e-05], 
              [0.886568, 0.0067006, 0.0366956, 0.0700369], 
              [0.0550394, 3.47109e-05, 0.943211, 0.00171533], 
              [0.984884, 0.010033, 3.47109e-05, 0.00504778], 
              [4.86086e-05, 0.998201, 0.00170143, 4.86086e-05], 
              [0.986551, 0.00170143, 0.0116998, 4.86086e-05], 
              [0.99655, 0.00170143, 3.47109e-05, 0.00171533], 
              [0.933226, 0.0166989, 0.0183647, 0.0317103], 
              [0.713263, 0.0566923, 0.0350289, 0.195016], 
              [0.474969, 0.138345, 0.0716898, 0.314996]
            ]
          }, {
            "db": 0,
            "id": "MA1267.1",
            "alt": "AT5G66940",
            "len": 29,
            "nsites": 597,
            "url": "http://jaspar2018.genereg.net/matrix/MA1267.1",
            "pwm": [
              [0.252937, 0.194307, 0.120618, 0.432137], 
              [0.231166, 0.229477, 0.10387, 0.435487], 
              [0.221118, 0.159137, 0.155788, 0.463958], 
              [0.152452, 0.221104, 0.0820981, 0.544347], 
              [0.175898, 0.237851, 0.0703751, 0.515875], 
              [0.140729, 0.17421, 0.0687004, 0.616361], 
              [0.170874, 0.190958, 0.0553016, 0.582866], 
              [0.244564, 0.199332, 0.0620015, 0.494103], 
              [0.224467, 0.249574, 0.10387, 0.422089], 
              [0.179248, 0.308191, 0.0536269, 0.458933], 
              [0.107234, 0.232827, 0.0435786, 0.616361], 
              [0.149103, 0.0653509, 0.0536269, 0.731919], 
              [0.120632, 0.0737245, 0.0586511, 0.746993], 
              [0.0335442, 0.194307, 0.0419039, 0.730245], 
              [0.189297, 0.175884, 0.0452533, 0.589565], 
              [0.485729, 0.132341, 0.179234, 0.202695], 
              [0.00172357, 0.97977, 0.0167821, 0.00172357], 
              [0.00172357, 0.035205, 0.0017096, 0.961362], 
              [4.88528e-05, 3.48853e-05, 3.48853e-05, 0.999881], 
              [4.88528e-05, 0.0017096, 3.48853e-05, 0.998207], 
              [0.175898, 0.0368797, 0.0017096, 0.785512], 
              [0.0955099, 0.130666, 0.144065, 0.629759], 
              [0.20437, 0.231152, 0.201006, 0.363472], 
              [0.23619, 0.237851, 0.172535, 0.353424], 
              [0.222793, 0.18091, 0.102196, 0.494103], 
              [0.207719, 0.199332, 0.115594, 0.477356], 
              [0.180924, 0.179234, 0.13569, 0.504152], 
              [0.246239, 0.17421, 0.0904717, 0.489079], 
              [0.304856, 0.137365, 0.0837729, 0.474006]
            ]
          }, {
            "db": 0,
            "id": "MA1268.1",
            "alt": "AT1G69570",
            "len": 27,
            "nsites": 596,
            "url": "http://jaspar2018.genereg.net/matrix/MA1268.1",
            "pwm": [
              [0.219811, 0.201343, 0.0956569, 0.483189], 
              [0.231554, 0.142628, 0.104044, 0.521773], 
              [0.152708, 0.0855906, 0.137596, 0.624105], 
              [0.125867, 0.0704931, 0.1896, 0.61404], 
              [0.114124, 0.441236, 0.0369418, 0.407699], 
              [0.583844, 0.12082, 0.135918, 0.159418], 
              [4.89347e-05, 0.999867, 3.49438e-05, 4.89347e-05], 
              [4.89347e-05, 0.0402962, 3.49438e-05, 0.95962], 
              [4.89347e-05, 0.00674482, 3.49438e-05, 0.993171], 
              [4.89347e-05, 3.49438e-05, 3.49438e-05, 0.999881], 
              [0.149353, 0.035264, 0.0134557, 0.801927], 
              [0.134254, 0.172825, 0.100689, 0.592232], 
              [0.164451, 0.419428, 0.0990113, 0.31711], 
              [0.134254, 0.253348, 0.0503625, 0.562036], 
              [0.109091, 0.13424, 0.035264, 0.721405], 
              [0.110768, 0.104044, 0.0419739, 0.743213], 
              [0.140965, 0.100689, 0.0570724, 0.701273], 
              [0.162774, 0.18289, 0.0604278, 0.593909], 
              [0.130899, 0.23825, 0.100689, 0.530161], 
              [0.191292, 0.184568, 0.0855906, 0.53855], 
              [0.122511, 0.167792, 0.11411, 0.595587], 
              [0.134254, 0.137596, 0.0939792, 0.634171], 
              [0.166128, 0.127531, 0.0872683, 0.619073], 
              [0.203035, 0.166114, 0.0990113, 0.531839], 
              [0.191292, 0.149339, 0.135918, 0.523451], 
              [0.224843, 0.164437, 0.122497, 0.488222], 
              [0.256717, 0.204699, 0.0805584, 0.458026]
            ]
          }, {
            "db": 0,
            "id": "MA1272.1",
            "alt": "AT2G28810",
            "len": 21,
            "nsites": 600,
            "url": "http://jaspar2018.genereg.net/matrix/MA1272.1",
            "pwm": [
              [0.173353, 0.186671, 0.116682, 0.523294], 
              [0.175019, 0.214999, 0.101685, 0.508297], 
              [0.198349, 0.289986, 0.0833538, 0.42831], 
              [0.145024, 0.213332, 0.058358, 0.583284], 
              [0.161689, 0.188336, 0.0650239, 0.584951], 
              [0.166688, 0.171673, 0.0650239, 0.596616], 
              [0.193349, 0.206667, 0.120015, 0.479969], 
              [0.18835, 0.183337, 0.100018, 0.528294], 
              [0.141692, 0.211666, 0.0716898, 0.574953], 
              [0.183351, 0.110016, 0.0966856, 0.609947], 
              [0.138359, 0.110016, 0.10335, 0.648274], 
              [0.0500403, 0.219998, 0.0316964, 0.698265], 
              [0.319995, 0.158341, 0.070023, 0.45164], 
              [0.449974, 0.183337, 0.213332, 0.153356], 
              [4.86086e-05, 0.999868, 3.47109e-05, 4.86086e-05], 
              [4.86086e-05, 3.47109e-05, 3.47109e-05, 0.999882], 
              [4.86086e-05, 3.47109e-05, 3.47109e-05, 0.999882], 
              [4.86086e-05, 3.47109e-05, 3.47109e-05, 0.999882], 
              [0.21668, 0.0250305, 3.47109e-05, 0.758255], 
              [0.0983652, 0.0750222, 0.110016, 0.716596], 
              [0.148357, 0.261658, 0.25166, 0.338325]
            ]
          }, {
            "db": 0,
            "id": "MA1274.1",
            "alt": "OBP3",
            "len": 21,
            "nsites": 600,
            "url": "http://jaspar2018.genereg.net/matrix/MA1274.1",
            "pwm": [
              [0.0950328, 0.171673, 0.151676, 0.581619], 
              [0.100032, 0.171673, 0.00336716, 0.724928], 
              [0.218345, 0.153342, 0.070023, 0.558289], 
              [0.4883, 0.111683, 0.120015, 0.280002], 
              [0.00171533, 0.924881, 0.00336716, 0.0700369], 
              [0.00171533, 0.0383613, 3.47109e-05, 0.959889], 
              [4.86086e-05, 0.0200314, 3.47109e-05, 0.979885], 
              [0.00171533, 0.00170143, 3.47109e-05, 0.99655], 
              [0.143358, 0.0350289, 0.00336716, 0.818245], 
              [0.120029, 0.16834, 0.058358, 0.653273], 
              [0.228344, 0.258325, 0.141678, 0.371654], 
              [0.245008, 0.249993, 0.0533588, 0.45164], 
              [0.105031, 0.26999, 0.088353, 0.536626], 
              [0.103364, 0.16334, 0.058358, 0.674936], 
              [0.103364, 0.143344, 0.0067006, 0.746591], 
              [0.105031, 0.208333, 0.00170143, 0.684934], 
              [0.163354, 0.0983513, 0.0866873, 0.651607], 
              [0.131694, 0.206667, 0.101685, 0.559955], 
              [0.106698, 0.183337, 0.110016, 0.599949], 
              [0.191684, 0.173339, 0.0733555, 0.561622], 
              [0.203348, 0.140011, 0.100018, 0.556623]
            ]
          }, {
            "db": 0,
            "id": "MA1277.1",
            "alt": "Adof1",
            "len": 21,
            "nsites": 595,
            "url": "http://jaspar2018.genereg.net/matrix/MA1277.1",
            "pwm": [
              [0.465517, 0.157991, 0.163033, 0.213458], 
              [0.52265, 0.119343, 0.178156, 0.179851], 
              [0.556259, 0.0840549, 0.196641, 0.163047], 
              [0.531052, 0.127745, 0.178156, 0.163047], 
              [0.460476, 0.114302, 0.205043, 0.22018], 
              [0.275633, 0.233609, 0.339474, 0.151285], 
              [0.65204, 0.0806934, 0.181518, 0.0857486], 
              [0.78311, 3.50025e-05, 0.00507616, 0.211778], 
              [0.999881, 3.50025e-05, 3.50025e-05, 4.9017e-05], 
              [0.999881, 3.50025e-05, 3.50025e-05, 4.9017e-05], 
              [0.966274, 3.50025e-05, 0.0336424, 4.9017e-05], 
              [4.9017e-05, 3.50025e-05, 0.999867, 4.9017e-05], 
              [0.161367, 0.189919, 0.157991, 0.490723], 
              [0.623473, 0.0302819, 0.151271, 0.194974], 
              [0.574742, 0.0437247, 0.297464, 0.0840689], 
              [0.640277, 0.0874153, 0.139508, 0.1328], 
              [0.547856, 0.115982, 0.11094, 0.225221], 
              [0.492403, 0.0857346, 0.226888, 0.194974], 
              [0.484002, 0.146228, 0.220166, 0.149604], 
              [0.447033, 0.131105, 0.159672, 0.26219], 
              [0.458796, 0.104219, 0.253774, 0.183211]
            ]
          }, {
            "db": 0,
            "id": "MA1278.1",
            "alt": "OBP1",
            "len": 21,
            "nsites": 600,
            "url": "http://jaspar2018.genereg.net/matrix/MA1278.1",
            "pwm": [
              [0.241675, 0.226664, 0.133345, 0.398315], 
              [0.21668, 0.22833, 0.173339, 0.381652], 
              [0.153356, 0.281655, 0.136679, 0.42831], 
              [0.185018, 0.323314, 0.0950189, 0.39665], 
              [0.133359, 0.254992, 0.070023, 0.541625], 
              [0.135026, 0.178338, 0.10335, 0.583284], 
              [0.145024, 0.273322, 0.0566923, 0.524961], 
              [0.17002, 0.224997, 0.123347, 0.481635], 
              [0.176686, 0.198335, 0.10335, 0.521629], 
              [0.15169, 0.236662, 0.0850205, 0.526628], 
              [0.18835, 0.111683, 0.116682, 0.583284], 
              [0.111697, 0.138345, 0.115016, 0.634943], 
              [0.0783686, 0.281655, 0.028363, 0.611614], 
              [0.268337, 0.155009, 0.0716898, 0.504964], 
              [0.339992, 0.243327, 0.261658, 0.155023], 
              [4.86086e-05, 0.999868, 3.47109e-05, 4.86086e-05], 
              [4.86086e-05, 0.0233638, 3.47109e-05, 0.976553], 
              [4.86086e-05, 0.0116998, 3.47109e-05, 0.988217], 
              [4.86086e-05, 3.47109e-05, 3.47109e-05, 0.999882], 
              [0.241675, 0.0483597, 3.47109e-05, 0.70993], 
              [0.0983652, 0.175006, 0.173339, 0.553289]
            ]
          }, {
            "db": 0,
            "id": "MA1281.1",
            "alt": "AT5G02460",
            "len": 21,
            "nsites": 515,
            "url": "http://jaspar2018.genereg.net/matrix/MA1281.1",
            "pwm": [
              [0.421334, 0.166998, 0.22524, 0.186428], 
              [0.689243, 0.048575, 0.174764, 0.0874187], 
              [0.799901, 0.00780593, 0.0252785, 0.167014], 
              [0.994039, 4.04388e-05, 0.00198206, 0.00393888], 
              [0.980449, 4.04388e-05, 4.04388e-05, 0.0194699], 
              [0.900853, 0.00392268, 0.095168, 5.66298e-05], 
              [0.00393888, 4.04388e-05, 0.992081, 0.00393888], 
              [0.291262, 0.180588, 0.159233, 0.368917], 
              [0.594116, 0.0311024, 0.137878, 0.236904], 
              [0.716423, 4.04388e-05, 0.201943, 0.0815938], 
              [0.687302, 0.147585, 0.11264, 0.0524735], 
              [0.621295, 0.0757537, 0.192236, 0.110715], 
              [0.636826, 0.0388679, 0.15535, 0.168956], 
              [0.436865, 0.0718715, 0.289304, 0.201959], 
              [0.506754, 0.118464, 0.186412, 0.18837], 
              [0.638768, 0.0311024, 0.200002, 0.130128], 
              [0.677595, 4.04388e-05, 0.141761, 0.180605], 
              [0.66983, 0.0874025, 0.201943, 0.0408257], 
              [0.504813, 0.0524573, 0.213591, 0.229138], 
              [0.533934, 0.114581, 0.271833, 0.0796532], 
              [0.510637, 0.0757537, 0.231064, 0.182545]
            ]
          }
        ],
        "all_matches": [
          {
            "idx": 1,
            "matches": [
              {
                "idx": 8,
                "rc": true,
                "off": 1,
                "pv": "1.62e-05",
                "ev": "2.27e-02",
                "qv": "3.72e-02"
              }, {
                "idx": 11,
                "rc": true,
                "off": -6,
                "pv": "2.96e-05",
                "ev": "4.15e-02",
                "qv": "3.72e-02"
              }, {
                "idx": 5,
                "rc": false,
                "off": -4,
                "pv": "4.01e-05",
                "ev": "5.63e-02",
                "qv": "3.72e-02"
              }, {
                "idx": 9,
                "rc": true,
                "off": 0,
                "pv": "6.55e-05",
                "ev": "9.20e-02",
                "qv": "4.56e-02"
              }, {
                "idx": 6,
                "rc": false,
                "off": -10,
                "pv": "1.63e-04",
                "ev": "2.29e-01",
                "qv": "7.86e-02"
              }, {
                "idx": 10,
                "rc": true,
                "off": -5,
                "pv": "1.81e-04",
                "ev": "2.54e-01",
                "qv": "7.86e-02"
              }, {
                "idx": 13,
                "rc": true,
                "off": -3,
                "pv": "2.14e-04",
                "ev": "3.00e-01",
                "qv": "7.86e-02"
              }, {
                "idx": 14,
                "rc": false,
                "off": -5,
                "pv": "2.26e-04",
                "ev": "3.17e-01",
                "qv": "7.86e-02"
              }, {
                "idx": 3,
                "rc": true,
                "off": -14,
                "pv": "3.83e-04",
                "ev": "5.38e-01",
                "qv": "1.19e-01"
              }, {
                "idx": 2,
                "rc": false,
                "off": -7,
                "pv": "4.66e-04",
                "ev": "6.54e-01",
                "qv": "1.20e-01"
              }, {
                "idx": 7,
                "rc": false,
                "off": -9,
                "pv": "4.73e-04",
                "ev": "6.64e-01",
                "qv": "1.20e-01"
              }, {
                "idx": 4,
                "rc": false,
                "off": -5,
                "pv": "5.19e-04",
                "ev": "7.29e-01",
                "qv": "1.20e-01"
              }, {
                "idx": 12,
                "rc": false,
                "off": 0,
                "pv": "5.92e-04",
                "ev": "8.31e-01",
                "qv": "1.27e-01"
              }, {
                "idx": 1,
                "rc": false,
                "off": -13,
                "pv": "6.47e-04",
                "ev": "9.09e-01",
                "qv": "1.29e-01"
              }
            ]
          }, {
            "idx": 0,
            "matches": [
              {
                "idx": 1,
                "rc": false,
                "off": -17,
                "pv": "5.34e-04",
                "ev": "7.50e-01",
                "qv": "1.00e+00"
              }
            ]
          }, {
            "idx": 6,
            "matches": [
              {
                "idx": 0,
                "rc": false,
                "off": -5,
                "pv": "2.72e-04",
                "ev": "3.81e-01",
                "qv": "7.25e-01"
              }
            ]
          }
        ],
        "runtime": {
          "host": "Sudins-iMac.local",
          "when": "Thu May 24 14:28:09 2018",
          "cycles": 33642768,
          "seconds": 33.643
        }
      };
    </script>
    <script>
var site_url = "http://meme-suite.org";
</script>
    <script>

/*
 * $
 *
 * Shorthand function for getElementById
 */
function $(el) {
  return document.getElementById(el);
}


/*
 * See http://stackoverflow.com/a/5450113/66387
 * Does string multiplication like the perl x operator.
 */
function string_mult(pattern, count) {
    if (count < 1) return '';
    var result = '';
    while (count > 1) {
        if (count & 1) result += pattern;
        count >>= 1, pattern += pattern;
    }
    return result + pattern;
}

/*
 * See http://stackoverflow.com/questions/814613/how-to-read-get-data-from-a-url-using-javascript
 * Slightly modified with information from
 * https://developer.mozilla.org/en/DOM/window.location
 */
function parse_params() {
  "use strict";
  var search, queryStart, queryEnd, query, params, nvPairs, i, nv, n, v;
  search = window.location.search;
  queryStart = search.indexOf("?") + 1;
  queryEnd   = search.indexOf("#") + 1 || search.length + 1;
  query      = search.slice(queryStart, queryEnd - 1);

  if (query === search || query === "") return {};

  params  = {};
