<!DOCTYPE HTML>
<html>
  <head>
    <meta charset="UTF-8">
    <title>TOMTOM</title>
    <script>
      // @JSON_VAR data
      var data = {
        "program": "Tomtom",
        "version": "4.12.0",
        "release": "Tue Jun 27 16:22:50 2017 -0700",
        "cmd": [
          "tomtom", "-verbosity", "1", "-oc",
          "results/AHRpeaks_noAHREs.bed.fa/hocomoco/dreme_tomtom_out",
          "-min-overlap", "5", "-dist", "pearson", "-evalue", "-thresh", "1",
          "-no-ssc", "-bfile",
          "results/AHRpeaks_noAHREs.bed.fa/hocomoco/background",
          "results/AHRpeaks_noAHREs.bed.fa/hocomoco/dreme_out/dreme.xml",
          "/Users/filipov4/meme/db/motif_databases/HUMAN/HOCOMOCOv11_full_HUMAN_mono_meme_format.meme"
        ],
        "options": {
          "strands": "both",
          "distance_measure": "pearson",
          "threshold_type": "evalue",
          "threshold_value": 1,
          "background_source": "file",
          "background_file": "results/AHRpeaks_noAHREs.bed.fa/hocomoco/background"
        },
        "alphabet": {
          "name": "DNA",
          "like": "dna",
          "ncore": 4,
          "symbols": [
            {
              "symbol": "A",
              "name": "Adenine",
              "colour": "CC0000",
              "complement": "T"
            }, {
              "symbol": "C",
              "name": "Cytosine",
              "colour": "0000CC",
              "complement": "G"
            }, {
              "symbol": "G",
              "name": "Guanine",
              "colour": "FFB300",
              "complement": "C"
            }, {
              "symbol": "T",
              "aliases": "U",
              "name": "Thymine",
              "colour": "008000",
              "complement": "A"
            }, {
              "symbol": "N",
              "aliases": "X.",
              "name": "Any base",
              "equals": "ACGT"
            }, {
              "symbol": "V",
              "name": "Not T",
              "equals": "ACG"
            }, {
              "symbol": "H",
              "name": "Not G",
              "equals": "ACT"
            }, {
              "symbol": "D",
              "name": "Not C",
              "equals": "AGT"
            }, {
              "symbol": "B",
              "name": "Not A",
              "equals": "CGT"
            }, {
              "symbol": "M",
              "name": "Amino",
              "equals": "AC"
            }, {
              "symbol": "R",
              "name": "Purine",
              "equals": "AG"
            }, {
              "symbol": "W",
              "name": "Weak",
              "equals": "AT"
            }, {
              "symbol": "S",
              "name": "Strong",
              "equals": "CG"
            }, {
              "symbol": "Y",
              "name": "Pyrimidine",
              "equals": "CT"
            }, {
              "symbol": "K",
              "name": "Keto",
              "equals": "GT"
            }
          ]
        },
        "background": [0.2912, 0.2088, 0.2088, 0.2912],
        "query_dbs": [
          {
            "source": "results/AHRpeaks_noAHREs.bed.fa/hocomoco/dreme_out/dreme.xml",
            "name": "dreme",
            "loaded": 8,
            "excluded": 0,
            "last_modified": "Thu May 24 14:11:05 2018"
          }
        ],
        "target_dbs": [
          {
            "source": "/Users/filipov4/meme/db/motif_databases/HUMAN/HOCOMOCOv11_full_HUMAN_mono_meme_format.meme",
            "name": "HOCOMOCOv11 full HUMAN mono meme format",
            "loaded": 771,
            "excluded": 0,
            "last_modified": "Wed Dec  6 21:59:30 2017"
          }
        ],
        "queries": [
          {
            "db": 0,
            "id": "AGATAW",
            "alt": "DREME-3",
            "len": 6,
            "nsites": 278,
            "evalue": "2.5e-006",
            "pwm": [
              [0.999745, 7.50809e-05, 7.50809e-05, 0.000104711], 
              [0.000104711, 7.50809e-05, 0.999715, 0.000104711], 
              [0.999745, 7.50809e-05, 7.50809e-05, 0.000104711], 
              [0.000104711, 7.50809e-05, 7.50809e-05, 0.999745], 
              [0.999745, 7.50809e-05, 7.50809e-05, 0.000104711], 
              [0.661738, 7.50809e-05, 7.50809e-05, 0.338112]
            ]
          }, {
            "db": 0,
            "id": "AKGTCA",
            "alt": "DREME-7",
            "len": 6,
            "nsites": 246,
            "evalue": "5.2e-003",
            "pwm": [
              [0.999712, 8.48436e-05, 8.48436e-05, 0.000118326], 
              [0.000118326, 8.48436e-05, 0.512072, 0.487725], 
              [0.000118326, 8.48436e-05, 0.999679, 0.000118326], 
              [0.000118326, 8.48436e-05, 8.48436e-05, 0.999712], 
              [0.000118326, 0.999679, 8.48436e-05, 0.000118326], 
              [0.999712, 8.48436e-05, 8.48436e-05, 0.000118326]
            ]
          }, {
            "db": 0,
            "id": "CATTCCW",
            "alt": "DREME-8",
            "len": 7,
            "nsites": 96,
            "evalue": "3.0e-002",
            "pwm": [
              [0.000303018, 0.999177, 0.000217274, 0.000303018], 
              [0.999262, 0.000217274, 0.000217274, 0.000303018], 
              [0.000303018, 0.000217274, 0.000217274, 0.999262], 
              [0.000303018, 0.000217274, 0.000217274, 0.999262], 
              [0.000303018, 0.999177, 0.000217274, 0.000303018], 
              [0.000303018, 0.999177, 0.000217274, 0.000303018], 
              [0.426942, 0.000217274, 0.000217274, 0.572624]
            ]
          }, {
            "db": 0,
            "id": "CCTSAGGS",
            "alt": "DREME-6",
            "len": 8,
            "nsites": 49,
            "evalue": "5.5e-003",
            "pwm": [
              [0.000593075, 0.998389, 0.000425255, 0.000593075], 
              [0.000593075, 0.998389, 0.000425255, 0.000593075], 
              [0.000593075, 0.000425255, 0.000425255, 0.998556], 
              [0.000593075, 0.468857, 0.529957, 0.000593075], 
              [0.998556, 0.000425255, 0.000425255, 0.000593075], 
              [0.000593075, 0.000425255, 0.998389, 0.000593075], 
              [0.000593075, 0.000425255, 0.998389, 0.000593075], 
              [0.000593075, 0.529957, 0.468857, 0.000593075]
            ]
          }, {
            "db": 0,
            "id": "CMCAG",
            "alt": "DREME-5",
            "len": 5,
            "nsites": 860,
            "evalue": "3.1e-005",
            "pwm": [
              [3.38565e-05, 0.999908, 2.42763e-05, 3.38565e-05], 
              [0.555783, 0.444159, 2.42763e-05, 3.38565e-05], 
              [3.38565e-05, 0.999908, 2.42763e-05, 3.38565e-05], 
              [0.999918, 2.42763e-05, 2.42763e-05, 3.38565e-05], 
              [3.38565e-05, 2.42763e-05, 0.999908, 3.38565e-05]
            ]
          }, {
            "db": 0,
            "id": "HCGTGM",
            "alt": "DREME-2",
            "len": 6,
            "nsites": 171,
            "evalue": "2.8e-011",
            "pwm": [
              [0.286553, 0.339105, 0.000122034, 0.37422], 
              [0.000170193, 0.999538, 0.000122034, 0.000170193], 
              [0.000170193, 0.000122034, 0.999538, 0.000170193], 
              [0.000170193, 0.000122034, 0.000122034, 0.999586], 
              [0.000170193, 0.000122034, 0.999538, 0.000170193], 
              [0.508645, 0.491063, 0.000122034, 0.000170193]
            ]
          }, {
            "db": 0,
            "id": "RYAAAYA",
            "alt": "DREME-1",
            "len": 7,
            "nsites": 625,
            "evalue": "1.2e-047",
            "pwm": [
              [0.529562, 3.34027e-05, 0.470358, 4.65845e-05], 
              [4.65845e-05, 0.494354, 3.34027e-05, 0.505566], 
              [0.999887, 3.34027e-05, 3.34027e-05, 4.65845e-05], 
              [0.999887, 3.34027e-05, 3.34027e-05, 4.65845e-05], 
              [0.999887, 3.34027e-05, 3.34027e-05, 4.65845e-05], 
              [4.65845e-05, 0.571142, 3.34027e-05, 0.428778], 
              [0.999887, 3.34027e-05, 3.34027e-05, 4.65845e-05]
            ]
          }, {
            "db": 0,
            "id": "TGAGTCAB",
            "alt": "DREME-4",
            "len": 8,
            "nsites": 76,
            "evalue": "6.2e-006",
            "pwm": [
              [0.000382654, 0.000274376, 0.000274376, 0.999069], 
              [0.000382654, 0.000274376, 0.99896, 0.000382654], 
              [0.999069, 0.000274376, 0.000274376, 0.000382654], 
              [0.000382654, 0.000274376, 0.99896, 0.000382654], 
              [0.000382654, 0.000274376, 0.000274376, 0.999069], 
              [0.000382654, 0.99896, 0.000274376, 0.000382654], 
              [0.999069, 0.000274376, 0.000274376, 0.000382654], 
              [0.000382654, 0.315648, 0.276227, 0.407742]
            ]
          }
        ],
        "targets": [
          {
            "db": 0,
            "id": "ANDR_HUMAN.H11MO.0.A",
            "len": 18,
            "nsites": 499,
            "evalue": "1.0e+000",
            "url": "http://hocomoco.autosome.ru/motif/ANDR_HUMAN.H11MO.0.A",
            "pwm": [
              [0.148325, 0.0701681, 0.0361068, 0.7454], 
              [0.0621701, 0.0481284, 0.777441, 0.11226], 
              [0.068181, 0.0661608, 0.0140671, 0.851591], 
              [0.188397, 0.172352, 0.144302, 0.494949], 
              [0.078199, 0.733362, 0.0361068, 0.152332], 
              [0.122278, 0.278543, 0.0320995, 0.567079], 
              [0.180383, 0.134283, 0.196395, 0.488938], 
              [0.198415, 0.178363, 0.216431, 0.40679], 
              [0.176376, 0.192388, 0.222442, 0.408794], 
              [0.200419, 0.256503, 0.120258, 0.422819], 
              [0.0721882, 0.0140671, 0.0140671, 0.899678], 
              [0.254516, 0.0300959, 0.691286, 0.0241016], 
              [0.0281088, 0.0220815, 0.0200779, 0.929732], 
              [0.0180908, 0.00605265, 0.0982186, 0.877638], 
              [0.00807277, 0.00805626, 0.0641572, 0.919714], 
              [0.420816, 0.0280923, 0.494933, 0.0561593], 
              [0.0862134, 0.524987, 0.0481284, 0.340671], 
              [0.290581, 0.158327, 0.0541392, 0.496953]
            ]
          }, {
            "db": 0,
            "id": "AP2A_HUMAN.H11MO.0.A",
            "len": 15,
            "nsites": 500,
            "evalue": "1.0e+000",
            "url": "http://hocomoco.autosome.ru/motif/AP2A_HUMAN.H11MO.0.A",
            "pwm": [
              [0.416132, 0.185369, 0.193129, 0.20537], 
              [0.231129, 0.0911441, 0.134684, 0.543043], 
              [0.176784, 0.0944216, 0.470174, 0.258621], 
              [0.0108896, 0.520543, 0.431405, 0.0371631], 
              [5.82283e-05, 0.999842, 4.17517e-05, 5.82283e-05], 
              [5.82283e-05, 0.900835, 4.17517e-05, 0.0990653], 
              [0.0509866, 0.111325, 0.0128239, 0.824865], 
              [0.00189642, 4.17517e-05, 0.796449, 0.201613], 
              [0.535285, 0.0386215, 0.409196, 0.0168974], 
              [0.142189, 4.17517e-05, 0.855957, 0.00181295], 
              [5.82283e-05, 4.17517e-05, 0.999842, 5.82283e-05], 
              [0.0479134, 0.556049, 0.379963, 0.016074], 
              [0.308251, 0.381601, 0.0917632, 0.218385], 
              [0.512997, 0.0934439, 0.204259, 0.1893], 
              [0.238531, 0.148905, 0.208397, 0.404167]
            ]
          }, {
            "db": 0,
            "id": "AP2C_HUMAN.H11MO.0.A",
            "len": 14,
            "nsites": 500,
            "evalue": "1.0e+000",
            "url": "http://hocomoco.autosome.ru/motif/AP2C_HUMAN.H11MO.0.A",
            "pwm": [
              [0.387209, 0.201032, 0.269555, 0.142205], 
              [0.196094, 0.123615, 0.166409, 0.513882], 
              [0.184618, 0.0997939, 0.518368, 0.19722], 
              [0.00959112, 0.50698, 0.47184, 0.0115889], 
              [0.00386108, 0.988127, 0.00795326, 5.82283e-05], 
              [0.00192608, 0.951674, 0.00238613, 0.0440137], 
              [0.0500635, 0.131882, 0.0254138, 0.792641], 
              [0.0354154, 4.17517e-05, 0.917067, 0.0474757], 
              [0.554985, 0.0254353, 0.415796, 0.00378414], 
              [0.0734842, 4.17517e-05, 0.924445, 0.00202864], 
              [5.82283e-05, 4.17517e-05, 0.997959, 0.00194133], 
              [0.028984, 0.618165, 0.340991, 0.0118599], 
              [0.313922, 0.351511, 0.0971746, 0.237393], 
              [0.428248, 0.170528, 0.241662, 0.159562]
            ]
          }, {
            "db": 0,
            "id": "AP2D_HUMAN.H11MO.0.D",
            "len": 14,
            "nsites": 5,
            "evalue": "1.0e+000",
            "url": "http://hocomoco.autosome.ru/motif/AP2D_HUMAN.H11MO.0.D",
            "pwm": [
              [0.233708, 0.48289, 0.232092, 0.0513094], 
              [0.0057098, 0.00409412, 0.984486, 0.0057098], 
              [0.0057098, 0.619689, 0.186493, 0.188108], 
              [0.0057098, 0.984486, 0.00409412, 0.0057098], 
              [0.0057098, 0.596889, 0.00409412, 0.393307], 
              [0.0057098, 0.00409412, 0.984486, 0.0057098], 
              [0.393307, 0.232092, 0.368891, 0.0057098], 
              [0.0057098, 0.00409412, 0.984486, 0.0057098], 
              [0.0057098, 0.00409412, 0.984486, 0.0057098], 
              [0.0057098, 0.802088, 0.186493, 0.0057098], 
              [0.188108, 0.232092, 0.391691, 0.188108], 
              [0.0057098, 0.802088, 0.186493, 0.0057098], 
              [0.0057098, 0.186493, 0.802088, 0.0057098], 
              [0.0513094, 0.232092, 0.0496938, 0.666905]
            ]
          }, {
            "db": 0,
            "id": "BACH1_HUMAN.H11MO.0.A",
            "len": 13,
            "nsites": 500,
            "evalue": "1.0e+000",
            "url": "http://hocomoco.autosome.ru/motif/BACH1_HUMAN.H11MO.0.A",
            "pwm": [
              [0.0628596, 0.168173, 0.0975365, 0.671431], 
              [0.0092149, 0.0664167, 0.922328, 0.00204029], 
              [0.0209226, 0.967517, 0.0039662, 0.00759379], 
              [0.0362265, 0.079575, 0.0801308, 0.804068], 
              [0.00390648, 0.0613482, 0.890879, 0.0438661], 
              [0.802829, 0.0206108, 0.124514, 0.052046], 
              [0.0133198, 0.214857, 0.763214, 0.0086086], 
              [0.00625781, 0.0361712, 0.145869, 0.811702], 
              [0.0162494, 0.943684, 0.0343085, 0.00575817], 
              [0.78629, 0.0958294, 0.082445, 0.0354359], 
              [0.00983555, 0.334254, 0.256597, 0.399313], 
              [0.151636, 0.265548, 0.394684, 0.188132], 
              [0.105273, 0.378556, 0.372592, 0.143579]
            ]
          }, {
            "db": 0,
            "id": "BACH2_HUMAN.H11MO.0.A",
            "len": 11,
            "nsites": 500,
            "evalue": "1.0e+000",
            "url": "http://hocomoco.autosome.ru/motif/BACH2_HUMAN.H11MO.0.A",
            "pwm": [
              [0.122034, 0.0960226, 0.0680282, 0.713915], 
              [0.0140554, 0.0780262, 0.893863, 0.0140554], 
              [0.0440494, 0.923857, 0.0120394, 0.0200542], 
              [0.0780426, 0.0380342, 0.00804015, 0.875883], 
              [0.0580466, 0.0600298, 0.793883, 0.0880406], 
              [0.757907, 0.0380342, 0.0560306, 0.148029], 
              [0.0440494, 0.223997, 0.669908, 0.0620458], 
              [0.0100562, 0.0160386, 0.00804015, 0.965865], 
              [0.0600462, 0.919858, 0.0160386, 0.00405743], 
              [0.963865, 0.0120394, 0.00804015, 0.016055], 
              [0.056047, 0.319978, 0.211999, 0.411976]
            ]
          }, {
            "db": 0,
            "id": "BATF_HUMAN.H11MO.0.A",
            "len": 18,
            "nsites": 500,
            "evalue": "1.0e+000",
            "url": "http://hocomoco.autosome.ru/motif/BATF_HUMAN.H11MO.0.A",
            "pwm": [
              [0.451968, 0.0780262, 0.263989, 0.206017], 
              [0.0480486, 0.399962, 0.345973, 0.206017], 
              [0.0120558, 0.0180382, 0.044033, 0.925873], 
              [0.134031, 0.327976, 0.024037, 0.513955], 
              [0.086041, 0.237994, 0.0520314, 0.623933], 
              [0.14203, 0.545933, 0.0460326, 0.266005], 
              [0.379982, 0.0860246, 0.395963, 0.138031], 
              [0.369984, 0.114019, 0.229996, 0.286001], 
              [0.337991, 0.0180382, 0.084025, 0.559946], 
              [0.577943, 0.15801, 0.0220374, 0.24201], 
              [0.00205783, 0.00204135, 4.17517e-05, 0.995859], 
              [0.00405743, 0.0560306, 0.849872, 0.0900402], 
              [0.977863, 0.00804015, 0.0120394, 0.00205783], 
              [0.104037, 0.55793, 0.315979, 0.0220538], 
              [0.0720438, 0.0300358, 0.0200378, 0.877883], 
              [0.212016, 0.50794, 0.211999, 0.0680446], 
              [0.611936, 0.084025, 0.11002, 0.194019], 
              [0.14203, 0.186005, 0.305981, 0.365985]
            ]
          }, {
            "db": 0,
            "id": "BATF_HUMAN.H11MO.1.A",
            "len": 11,
            "nsites": 500,
            "evalue": "1.0e+000",
            "url": "http://hocomoco.autosome.ru/motif/BATF_HUMAN.H11MO.1.A",
            "pwm": [
              [0.323993, 0.0680282, 0.391963, 0.216015], 
              [0.573943, 0.217998, 0.192003, 0.016055], 
              [0.0140554, 0.00404095, 0.00404095, 0.977863], 
              [5.82283e-05, 0.0120394, 0.933855, 0.0540474], 
              [0.967865, 0.0100398, 0.00804015, 0.0140554], 
              [0.0100562, 0.513939, 0.054031, 0.421974], 
              [0.0280526, 0.0280362, 0.431955, 0.511956], 
              [0.0940394, 0.875867, 0.014039, 0.016055], 
              [0.975863, 0.0180382, 4.17517e-05, 0.00605703], 
              [0.609936, 0.0560306, 0.144013, 0.19002], 
              [0.238011, 0.283985, 0.100022, 0.377983]
            ]
          }, {
            "db": 0,
            "id": "COT1_HUMAN.H11MO.0.C",
            "len": 17,
            "nsites": 500,
            "evalue": "1.0e+000",
            "url": "http://hocomoco.autosome.ru/motif/COT1_HUMAN.H11MO.0.C",
            "pwm": [
              [0.180022, 0.146013, 0.539934, 0.134031], 
              [0.288001, 0.074027, 0.549932, 0.0880406], 
              [0.248009, 0.0780262, 0.591923, 0.0820418], 
              [0.208017, 0.118018, 0.589924, 0.0840414], 
              [0.086041, 0.150012, 0.361969, 0.401978], 
              [0.132032, 0.475947, 0.289984, 0.102038], 
              [0.631932, 0.112019, 0.194003, 0.0620458], 
              [0.411976, 0.0480322, 0.523937, 0.016055], 
              [0.725913, 4.17517e-05, 0.269988, 0.00405743], 
              [0.0180546, 4.17517e-05, 0.911859, 0.0700442], 
              [0.016055, 0.0100398, 0.961849, 0.0120558], 
              [0.0100562, 0.0780262, 0.279986, 0.631932], 
              [0.066045, 0.863869, 0.0420334, 0.0280526], 
              [0.959866, 0.00404095, 0.0160386, 0.0200542], 
              [0.204017, 0.126017, 0.517938, 0.152028], 
              [0.226013, 0.184005, 0.493943, 0.096039], 
              [0.186021, 0.168008, 0.505941, 0.14003]
            ]
          }, {
            "db": 0,
            "id": "COT1_HUMAN.H11MO.1.C",
            "len": 13,
            "nsites": 478,
            "evalue": "1.0e+000",
            "url": "http://hocomoco.autosome.ru/motif/COT1_HUMAN.H11MO.1.C",
            "pwm": [
              [0.0837254, 0.194564, 0.382809, 0.338902], 
              [0.125558, 0.502031, 0.284503, 0.0879086], 
              [0.591987, 0.108808, 0.167373, 0.131833], 
              [0.368185, 0.0335095, 0.59197, 0.00633575], 
              [0.719576, 4.36729e-05, 0.278228, 0.00215252], 
              [0.00842736, 0.00213529, 0.951727, 0.0377099], 
              [0.00633575, 4.36729e-05, 0.966369, 0.0272519], 
              [0.00842736, 0.0690669, 0.217571, 0.704934], 
              [0.0335267, 0.914078, 0.0272346, 0.0251603], 
              [0.991485, 0.00213529, 0.00631851, 6.09077e-05], 
              [0.223863, 0.154823, 0.525038, 0.0962751], 
              [0.313803, 0.146457, 0.456015, 0.0837254], 
              [0.146474, 0.0962579, 0.635894, 0.121374]
            ]
          }, {
            "db": 0,
            "id": "COT2_HUMAN.H11MO.0.A",
            "len": 13,
            "nsites": 500,
            "evalue": "1.0e+000",
            "url": "http://hocomoco.autosome.ru/motif/COT2_HUMAN.H11MO.0.A",
            "pwm": [
              [0.188828, 0.470313, 0.185439, 0.15542], 
              [0.666721, 0.149232, 0.0850839, 0.0989628], 
              [0.531151, 0.0743056, 0.343915, 0.0506286], 
              [0.732766, 0.00213332, 0.259158, 0.00594255], 
              [0.00756585, 4.17517e-05, 0.981046, 0.0113466], 
              [0.0355247, 0.00746596, 0.903606, 0.0534034], 
              [0.00756633, 0.0501498, 0.0817594, 0.860524], 
              [0.00187704, 0.925656, 0.0217692, 0.0506974], 
              [0.988317, 4.17517e-05, 0.00798164, 0.00365929], 
              [0.373569, 0.120958, 0.377548, 0.127925], 
              [0.408915, 0.116643, 0.383312, 0.0911305], 
              [0.212837, 0.0575013, 0.564794, 0.164868], 
              [0.232584, 0.127381, 0.379905, 0.260131]
            ]
          }, {
            "db": 0,
            "id": "COT2_HUMAN.H11MO.1.A",
            "len": 17,
            "nsites": 500,
            "evalue": "1.0e+000",
            "url": "http://hocomoco.autosome.ru/motif/COT2_HUMAN.H11MO.1.A",
            "pwm": [
              [0.315995, 0.0860246, 0.429956, 0.168025], 
              [0.264005, 0.0460326, 0.563929, 0.126033], 
              [0.270004, 0.102021, 0.50794, 0.120034], 
              [0.182022, 0.184005, 0.511939, 0.122034], 
              [0.128033, 0.263989, 0.200002, 0.407977], 
              [0.198019, 0.543933, 0.124017, 0.134031], 
              [0.637931, 0.0760266, 0.118018, 0.168025], 
              [0.497959, 0.024037, 0.45795, 0.0200542], 
              [0.731912, 0.00204135, 0.25799, 0.00805663], 
              [0.026053, 0.00404095, 0.899862, 0.0700442], 
              [0.0280526, 0.0100398, 0.90986, 0.0520478], 
              [0.0120558, 0.0480322, 0.184005, 0.755907], 
              [0.0700442, 0.831875, 0.0480322, 0.0500482], 
              [0.957867, 0.014039, 0.0160386, 0.0120558], 
              [0.226013, 0.180006, 0.415959, 0.178023], 
              [0.301998, 0.196003, 0.373967, 0.128033], 
              [0.260006, 0.154011, 0.463949, 0.122034]
            ]
          }, {
            "db": 0,
            "id": "EPAS1_HUMAN.H11MO.0.B",
            "len": 9,
            "nsites": 500,
            "evalue": "1.0e+000",
            "url": "http://hocomoco.autosome.ru/motif/EPAS1_HUMAN.H11MO.0.B",
            "pwm": [
              [0.230012, 0.255991, 0.445953, 0.0680446], 
              [0.166025, 0.0700278, 0.243993, 0.519954], 
              [0.865885, 0.0200378, 0.10802, 0.00605703], 
              [0.0200542, 0.911859, 0.0260366, 0.0420498], 
              [0.016055, 0.0100398, 0.969848, 0.00405743], 
              [5.82283e-05, 4.17517e-05, 0.00204135, 0.997859], 
              [5.82283e-05, 4.17517e-05, 0.997842, 0.00205783], 
              [0.373983, 0.469948, 0.0600298, 0.096039], 
              [0.160026, 0.489944, 0.134015, 0.216015]
            ]
          }, {
            "db": 0,
            "id": "ERR1_HUMAN.H11MO.0.A",
            "len": 15,
            "nsites": 284,
            "evalue": "1.0e+000",
            "url": "http://hocomoco.autosome.ru/motif/ERR1_HUMAN.H11MO.0.A",
            "pwm": [
              [0.102179, 0.40838, 0.228866, 0.260574], 
              [0.07754, 0.390781, 0.0493519, 0.482327], 
              [0.102179, 0.682932, 0.183108, 0.0317815], 
              [0.915273, 0.00711327, 0.0669514, 0.0106622], 
              [0.971591, 7.34953e-05, 0.0282326, 0.000102499], 
              [0.00362239, 7.34953e-05, 0.989162, 0.00714227], 
              [0.00714227, 0.00359338, 0.989162, 0.000102499], 
              [0.0634605, 0.00359338, 0.045832, 0.887114], 
              [0.000102499, 0.922284, 0.0528718, 0.0247417], 
              [0.985671, 0.00359338, 0.00711327, 0.00362239], 
              [0.235935, 0.4295, 0.140869, 0.193696], 
              [0.418969, 0.197187, 0.183108, 0.200736], 
              [0.147938, 0.345022, 0.302784, 0.204256], 
              [0.411929, 0.172548, 0.193667, 0.221855], 
              [0.207776, 0.242946, 0.397821, 0.151458]
            ]
          }, {
            "db": 0,
            "id": "ERR2_HUMAN.H11MO.0.A",
            "len": 9,
            "nsites": 3662,
            "evalue": "1.0e+000",
            "url": "http://hocomoco.autosome.ru/motif/ERR2_HUMAN.H11MO.0.A",
            "pwm": [
              [0.0588147, 0.303121, 0.169216, 0.468848], 
              [0.0678236, 0.71133, 0.143209, 0.0776371], 
              [0.934265, 0.00636169, 0.0541145, 0.00525855], 
              [0.986219, 0.000613666, 0.0116676, 0.00150023], 
              [0.0055349, 0.000447858, 0.988924, 0.00509275], 
              [0.00243981, 0.00155325, 0.993788, 0.00221873], 
              [0.0388624, 0.0402041, 0.0884502, 0.832483], 
              [0.00188711, 0.876692, 0.071763, 0.0496574], 
              [0.927726, 0.00492469, 0.0608749, 0.00647448]
            ]
          }, {
            "db": 0,
            "id": "ERR3_HUMAN.H11MO.0.B",
            "len": 9,
            "nsites": 14,
            "evalue": "1.0e+000",
            "url": "http://hocomoco.autosome.ru/motif/ERR3_HUMAN.H11MO.0.B",
            "pwm": [
              [0.0713379, 0.00148085, 0.147723, 0.779458], 
              [0.0713379, 0.709601, 0.0707535, 0.148307], 
              [0.787155, 0.00148085, 0.209299, 0.00206525], 
              [0.994973, 0.00148085, 0.00148085, 0.00206525], 
              [0.00206525, 0.0707535, 0.855843, 0.0713379], 
              [0.00206525, 0.0707535, 0.925116, 0.00206525], 
              [0.0713379, 0.00148085, 0.00148085, 0.9257], 
              [0.0713379, 0.786571, 0.00148085, 0.140611], 
              [0.821791, 0.0361172, 0.10539, 0.0367016]
            ]
          }, {
            "db": 0,
            "id": "ESR1_HUMAN.H11MO.0.A",
            "len": 15,
            "nsites": 500,
            "evalue": "1.0e+000",
            "url": "http://hocomoco.autosome.ru/motif/ESR1_HUMAN.H11MO.0.A",
            "pwm": [
              [0.637931, 0.0480322, 0.25999, 0.0540474], 
              [0.0740434, 0.00604055, 0.80788, 0.112036], 
              [0.046049, 0.0180382, 0.90786, 0.0280526], 
              [0.0940394, 0.0720274, 0.178006, 0.655927], 
              [0.00205783, 0.887864, 0.0480322, 0.0620458], 
              [0.855887, 0.00604055, 0.112019, 0.026053], 
              [0.108037, 0.441953, 0.311979, 0.138031], 
              [0.395979, 0.603921, 4.17517e-05, 5.82283e-05], 
              [0.182022, 0.375967, 0.285985, 0.156027], 
              [0.104037, 0.0780262, 0.044033, 0.773903], 
              [0.0540474, 0.034035, 0.90786, 0.00405743], 
              [0.617935, 0.198002, 0.0700278, 0.114035], 
              [0.0400502, 0.883865, 0.014039, 0.0620458], 
              [0.0900402, 0.821877, 0.00804015, 0.0800422], 
              [0.0580466, 0.329976, 0.0660286, 0.545949]
            ]
          }, {
            "db": 0,
            "id": "ESR1_HUMAN.H11MO.1.A",
            "len": 10,
            "nsites": 500,
            "evalue": "1.0e+000",
            "url": "http://hocomoco.autosome.ru/motif/ESR1_HUMAN.H11MO.1.A",
            "pwm": [
              [0.122034, 0.545933, 0.120018, 0.212016], 
              [0.349988, 0.325977, 0.118018, 0.206017], 
              [0.631932, 0.0160386, 0.347972, 0.00405743], 
              [0.00605703, 4.17517e-05, 0.965849, 0.0280526], 
              [0.00605703, 4.17517e-05, 0.991843, 0.00205783], 
              [0.0380506, 0.00404095, 0.102021, 0.855887], 
              [0.00405743, 0.973847, 0.0200378, 0.00205783], 
              [0.993859, 0.00204135, 0.00404095, 5.82283e-05], 
              [0.0680446, 0.443953, 0.369968, 0.118035], 
              [0.317995, 0.335975, 0.245993, 0.100038]
            ]
          }, {
            "db": 0,
            "id": "ESR2_HUMAN.H11MO.1.A",
            "len": 7,
            "nsites": 500,
            "evalue": "1.0e+000",
            "url": "http://hocomoco.autosome.ru/motif/ESR2_HUMAN.H11MO.1.A",
            "pwm": [
              [0.693919, 0.034035, 0.261989, 0.0100562], 
              [0.016055, 0.00204135, 0.945853, 0.036051], 
              [0.00205783, 0.0100398, 0.981845, 0.00605703], 
              [0.0180546, 0.0160386, 0.104021, 0.861886], 
              [0.00205783, 0.991843, 0.00204135, 0.00405743], 
              [0.949868, 0.00604055, 0.0400338, 0.00405743], 
              [0.0700442, 0.45995, 0.399962, 0.0700442]
            ]
          }, {
            "db": 0,
            "id": "EVI1_HUMAN.H11MO.0.B",
            "len": 16,
            "nsites": 141,
            "evalue": "1.0e+000",
            "url": "http://hocomoco.autosome.ru/motif/EVI1_HUMAN.H11MO.0.B",
            "pwm": [
              [0.418886, 0.152793, 0.189313, 0.239009], 
              [0.635767, 0.037321, 0.0836377, 0.243274], 
              [0.0211063, 0.0295384, 0.906751, 0.0426043], 
              [0.97272, 0.00602607, 0.00602607, 0.0152282], 
              [0.041353, 0.455694, 0.00602607, 0.496927], 
              [0.95182, 0.00602607, 0.0177823, 0.0243719], 
              [0.917558, 0.00014798, 0.0157954, 0.0664982], 
              [0.0306854, 0.00602607, 0.961994, 0.00129491], 
              [0.966842, 0.00014798, 0.00014798, 0.0328625], 
              [0.000206378, 0.124702, 0.00537295, 0.869719], 
              [0.90017, 0.0325314, 0.00014798, 0.0671503], 
              [0.771723, 0.00929168, 0.156732, 0.0622529], 
              [0.21089, 0.183455, 0.352284, 0.25337], 
              [0.743776, 0.0920459, 0.0765083, 0.0876697], 
              [0.12936, 0.156079, 0.308147, 0.406414], 
              [0.490354, 0.119192, 0.158434, 0.23202]
            ]
          }, {
            "db": 0,
            "id": "FOSB_HUMAN.H11MO.0.A",
            "len": 9,
            "nsites": 500,
            "evalue": "1.0e+000",
            "url": "http://hocomoco.autosome.ru/motif/FOSB_HUMAN.H11MO.0.A",
            "pwm": [
              [0.413975, 0.206001, 0.291983, 0.0880406], 
              [0.0100562, 0.0120394, 0.00204135, 0.975863], 
              [0.0120558, 0.014039, 0.917858, 0.056047], 
              [0.895879, 0.0120394, 0.0180382, 0.0740434], 
              [0.204017, 4.17517e-05, 0.795883, 5.82283e-05], 
              [0.0180546, 0.0300358, 0.106021, 0.845889], 
              [0.0540474, 0.903861, 0.0280362, 0.0140554], 
              [0.965865, 0.0100398, 0.00604055, 0.0180546], 
              [0.0720438, 0.329976, 0.229996, 0.367985]
            ]
          }, {
            "db": 0,
            "id": "FOSL1_HUMAN.H11MO.0.A",
            "len": 12,
            "nsites": 500,
            "evalue": "1.0e+000",
            "url": "http://hocomoco.autosome.ru/motif/FOSL1_HUMAN.H11MO.0.A",
            "pwm": [
              [0.198019, 0.186005, 0.405961, 0.210016], 
              [0.317995, 0.164009, 0.347972, 0.170024], 
              [0.429972, 0.269988, 0.281985, 0.0180546], 
              [5.82283e-05, 4.17517e-05, 0.00604055, 0.993859], 
              [5.82283e-05, 0.00404095, 0.941853, 0.0540474], 
              [0.987861, 0.00204135, 0.00204135, 0.00805663], 
              [0.0780426, 4.17517e-05, 0.921857, 5.82283e-05], 
              [5.82283e-05, 4.17517e-05, 4.17517e-05, 0.999858], 
              [0.0180546, 0.979846, 0.00204135, 5.82283e-05], 
              [0.995859, 0.00404095, 4.17517e-05, 5.82283e-05], 
              [0.0220538, 0.411959, 0.162009, 0.403977], 
              [0.210016, 0.401961, 0.154011, 0.234011]
            ]
          }, {
            "db": 0,
            "id": "FOSL2_HUMAN.H11MO.0.A",
            "len": 12,
            "nsites": 500,
            "evalue": "1.0e+000",
            "url": "http://hocomoco.autosome.ru/motif/FOSL2_HUMAN.H11MO.0.A",
            "pwm": [
              [0.194019, 0.190004, 0.373967, 0.24201], 
              [0.282002, 0.134015, 0.381965, 0.202018], 
              [0.519954, 0.15801, 0.297982, 0.0240534], 
              [5.82283e-05, 4.17517e-05, 0.00204135, 0.997859], 
              [5.82283e-05, 0.00204135, 0.95785, 0.0400502], 
              [0.985861, 0.00404095, 4.17517e-05, 0.0100562], 
              [0.102038, 4.17517e-05, 0.897862, 5.82283e-05], 
              [0.00405743, 0.00404095, 0.00404095, 0.987861], 
              [0.00605703, 0.991843, 0.00204135, 5.82283e-05], 
              [0.997859, 4.17517e-05, 4.17517e-05, 0.00205783], 
              [0.0240534, 0.351971, 0.114019, 0.509956], 
              [0.216015, 0.377966, 0.138014, 0.268005]
            ]
          }, {
            "db": 0,
            "id": "FOS_HUMAN.H11MO.0.A",
            "len": 9,
            "nsites": 500,
            "evalue": "1.0e+000",
            "url": "http://hocomoco.autosome.ru/motif/FOS_HUMAN.H11MO.0.A",
            "pwm": [
              [0.345989, 0.215999, 0.35997, 0.0780426], 
              [0.0100562, 0.0180382, 0.0100398, 0.961866], 
              [0.016055, 0.034035, 0.85987, 0.0900402], 
              [0.935871, 0.00804015, 0.0280362, 0.0280526], 
              [0.116035, 4.17517e-05, 0.883865, 5.82283e-05], 
              [0.0220538, 0.0260366, 0.024037, 0.927873], 
              [0.0420498, 0.933855, 0.024037, 5.82283e-05], 
              [0.959866, 0.0160386, 0.0120394, 0.0120558], 
              [0.0280526, 0.417958, 0.263989, 0.29]
            ]
          }, {
            "db": 0,
            "id": "FOXA1_HUMAN.H11MO.0.A",
            "len": 12,
            "nsites": 500,
            "evalue": "1.0e+000",
            "url": "http://hocomoco.autosome.ru/motif/FOXA1_HUMAN.H11MO.0.A",
            "pwm": [
              [0.016055, 4.17517e-05, 4.17517e-05, 0.983861], 
              [0.246009, 0.00404095, 0.749892, 5.82283e-05], 
              [0.00205783, 4.17517e-05, 4.17517e-05, 0.997859], 
              [0.00405743, 4.17517e-05, 0.0560306, 0.93987], 
              [5.82283e-05, 4.17517e-05, 0.144013, 0.855887], 
              [0.781902, 4.17517e-05, 0.206001, 0.0120558], 
              [0.00805663, 0.797882, 0.00804015, 0.186021], 
              [0.317995, 0.138014, 0.00404095, 0.53995], 
              [0.0320518, 0.313979, 0.10802, 0.545949], 
              [0.463965, 0.0200378, 0.0160386, 0.499958], 
              [0.218015, 0.0980222, 0.493943, 0.19002], 
              [0.108037, 0.25999, 0.393963, 0.238011]
            ]
          }, {
            "db": 0,
            "id": "FOXA2_HUMAN.H11MO.0.A",
            "len": 12,
            "nsites": 500,
            "evalue": "1.0e+000",
            "url": "http://hocomoco.autosome.ru/motif/FOXA2_HUMAN.H11MO.0.A",
            "pwm": [
              [0.016055, 4.17517e-05, 0.00204135, 0.981862], 
              [0.196019, 0.00204135, 0.799882, 0.00205783], 
              [5.82283e-05, 0.00404095, 4.17517e-05, 0.995859], 
              [0.00205783, 4.17517e-05, 0.044033, 0.953867], 
              [5.82283e-05, 4.17517e-05, 0.144013, 0.855887], 
              [0.757907, 4.17517e-05, 0.235995, 0.00605703], 
              [0.00805663, 0.887864, 0.00204135, 0.102038], 
              [0.401978, 0.122017, 4.17517e-05, 0.475963], 
              [0.0440494, 0.40996, 0.120018, 0.425973], 
              [0.563945, 0.00804015, 0.0400338, 0.387981], 
              [0.19002, 0.0960226, 0.549932, 0.164025], 
              [0.128033, 0.35797, 0.281985, 0.232012]
            ]
          }, {
            "db": 0,
            "id": "FOXA3_HUMAN.H11MO.0.B",
            "len": 13,
            "nsites": 500,
            "evalue": "1.0e+000",
            "url": "http://hocomoco.autosome.ru/motif/FOXA3_HUMAN.H11MO.0.B",
            "pwm": [
              [0.158027, 0.465949, 0.215999, 0.160026], 
              [0.228013, 0.249992, 0.0780262, 0.443969], 
              [0.0120558, 4.17517e-05, 0.00604055, 0.981862], 
              [0.246009, 0.00804015, 0.737894, 0.00805663], 
              [0.00805663, 0.0220374, 0.014039, 0.955867], 
              [0.00605703, 4.17517e-05, 0.0360346, 0.957867], 
              [0.00805663, 4.17517e-05, 0.271987, 0.719914], 
              [0.855887, 0.00604055, 0.114019, 0.0240534], 
              [0.00405743, 0.873867, 0.0220374, 0.100038], 
              [0.367985, 0.152011, 0.00804015, 0.471964], 
              [0.0940394, 0.231995, 0.106021, 0.567945], 
              [0.425973, 0.014039, 0.054031, 0.505957], 
              [0.154027, 0.116019, 0.577926, 0.152028]
            ]
          }, {
            "db": 0,
            "id": "FOXC1_HUMAN.H11MO.0.C",
            "len": 15,
            "nsites": 26,
            "evalue": "1.0e+000",
            "url": "http://hocomoco.autosome.ru/motif/FOXC1_HUMAN.H11MO.0.C",
            "pwm": [
              [0.135215, 0.479727, 0.173214, 0.211844], 
              [0.345943, 0.0774284, 0.345628, 0.231001], 
              [0.269315, 0.154057, 0.0774284, 0.4992], 
              [0.00111571, 0.0008, 0.0008, 0.997284], 
              [0.00111571, 0.0008, 0.996969, 0.00111571], 
              [0.0394299, 0.0008, 0.0008, 0.95897], 
              [0.0394299, 0.0008, 0.0008, 0.95897], 
              [0.00111571, 0.0008, 0.0391142, 0.95897], 
              [0.95897, 0.0008, 0.0008, 0.0394299], 
              [0.00111571, 0.728769, 0.0008, 0.269315], 
              [0.231001, 0.115743, 0.0008, 0.652457], 
              [0.00111571, 0.192371, 0.0008, 0.805713], 
              [0.652457, 0.0008, 0.0008, 0.345943], 
              [0.460886, 0.192371, 0.268999, 0.0777441], 
              [0.0394299, 0.268999, 0.575513, 0.116058]
            ]
          }, {
            "db": 0,
            "id": "FOXD3_HUMAN.H11MO.0.D",
            "len": 15,
            "nsites": 465,
            "evalue": "1.0e+000",
            "url": "http://hocomoco.autosome.ru/motif/FOXD3_HUMAN.H11MO.0.D",
            "pwm": [
              [0.157018, 0.176351, 0.298905, 0.367725], 
              [0.118317, 0.217202, 0.266654, 0.397827], 
              [0.135517, 0.00649512, 0.0559469, 0.802041], 
              [0.038764, 0.0688473, 0.872975, 0.0194133], 
              [0.0925158, 0.0516467, 0.0365962, 0.819241], 
              [0.0366139, 0.111849, 0.0494966, 0.802041], 
              [0.0538145, 4.48936e-05, 0.0946482, 0.851492], 
              [0.339775, 0.200002, 0.225803, 0.234421], 
              [0.0581146, 0.599916, 0.0623971, 0.279572], 
              [0.294623, 0.202152, 0.0408963, 0.462329], 
              [0.109716, 0.223653, 0.0709974, 0.595633], 
              [0.404277, 0.0473465, 0.14625, 0.402127], 
              [0.230121, 0.14195, 0.42791, 0.20002], 
              [0.101116, 0.363408, 0.348357, 0.187119], 
              [0.356975, 0.292455, 0.111849, 0.238721]
            ]
          }, {
            "db": 0,
            "id": "FOXF1_HUMAN.H11MO.0.D",
            "len": 11,
            "nsites": 8,
            "evalue": "1.0e+000",
            "url": "http://hocomoco.autosome.ru/motif/FOXF1_HUMAN.H11MO.0.D",
            "pwm": [
              [0.413907, 0.151452, 0.151452, 0.283188], 
              [0.00359506, 0.00257778, 0.00257778, 0.991249], 
              [0.134314, 0.00257778, 0.859513, 0.00359506], 
              [0.00359506, 0.00257778, 0.00257778, 0.991249], 
              [0.00359506, 0.00257778, 0.00257778, 0.991249], 
              [0.00359506, 0.00257778, 0.00257778, 0.991249], 
              [0.729811, 0.0679373, 0.198656, 0.00359506], 
              [0.00359506, 0.133297, 0.00257778, 0.86053], 
              [0.0217505, 0.151452, 0.151452, 0.675345], 
              [0.265033, 0.169608, 0.00257778, 0.562782], 
              [0.432063, 0.00257778, 0.0388886, 0.526471]
            ]
          }, {
            "db": 0,
            "id": "FOXF2_HUMAN.H11MO.0.D",
            "len": 11,
            "nsites": 26,
