<!DOCTYPE HTML>
<html>
  <head>
    <meta charset="UTF-8">
    <title>TOMTOM</title>
    <script>
      // @JSON_VAR data
      var data = {
        "program": "Tomtom",
        "version": "4.12.0",
        "release": "Tue Jun 27 16:22:50 2017 -0700",
        "cmd": [
          "tomtom", "-verbosity", "1", "-oc",
          "results/AHRpeaks_oneAHRE.bed-299.fa/hocomoco/dreme_tomtom_out",
          "-min-overlap", "5", "-dist", "pearson", "-evalue", "-thresh", "1",
          "-no-ssc", "-bfile",
          "results/AHRpeaks_oneAHRE.bed-299.fa/hocomoco/background",
          "results/AHRpeaks_oneAHRE.bed-299.fa/hocomoco/dreme_out/dreme.xml",
          "/Users/filipov4/meme/db/motif_databases/HUMAN/HOCOMOCOv11_full_HUMAN_mono_meme_format.meme"
        ],
        "options": {
          "strands": "both",
          "distance_measure": "pearson",
          "threshold_type": "evalue",
          "threshold_value": 1,
          "background_source": "file",
          "background_file": "results/AHRpeaks_oneAHRE.bed-299.fa/hocomoco/background"
        },
        "alphabet": {
          "name": "DNA",
          "like": "dna",
          "ncore": 4,
          "symbols": [
            {
              "symbol": "A",
              "name": "Adenine",
              "colour": "CC0000",
              "complement": "T"
            }, {
              "symbol": "C",
              "name": "Cytosine",
              "colour": "0000CC",
              "complement": "G"
            }, {
              "symbol": "G",
              "name": "Guanine",
              "colour": "FFB300",
              "complement": "C"
            }, {
              "symbol": "T",
              "aliases": "U",
              "name": "Thymine",
              "colour": "008000",
              "complement": "A"
            }, {
              "symbol": "N",
              "aliases": "X.",
              "name": "Any base",
              "equals": "ACGT"
            }, {
              "symbol": "V",
              "name": "Not T",
              "equals": "ACG"
            }, {
              "symbol": "H",
              "name": "Not G",
              "equals": "ACT"
            }, {
              "symbol": "D",
              "name": "Not C",
              "equals": "AGT"
            }, {
              "symbol": "B",
              "name": "Not A",
              "equals": "CGT"
            }, {
              "symbol": "M",
              "name": "Amino",
              "equals": "AC"
            }, {
              "symbol": "R",
              "name": "Purine",
              "equals": "AG"
            }, {
              "symbol": "W",
              "name": "Weak",
              "equals": "AT"
            }, {
              "symbol": "S",
              "name": "Strong",
              "equals": "CG"
            }, {
              "symbol": "Y",
              "name": "Pyrimidine",
              "equals": "CT"
            }, {
              "symbol": "K",
              "name": "Keto",
              "equals": "GT"
            }
          ]
        },
        "background": [0.2727, 0.2273, 0.2273, 0.2727],
        "query_dbs": [
          {
            "source": "results/AHRpeaks_oneAHRE.bed-299.fa/hocomoco/dreme_out/dreme.xml",
            "name": "dreme",
            "loaded": 7,
            "excluded": 0,
            "last_modified": "Thu May 24 15:32:07 2018"
          }
        ],
        "target_dbs": [
          {
            "source": "/Users/filipov4/meme/db/motif_databases/HUMAN/HOCOMOCOv11_full_HUMAN_mono_meme_format.meme",
            "name": "HOCOMOCOv11 full HUMAN mono meme format",
            "loaded": 771,
            "excluded": 0,
            "last_modified": "Wed Dec  6 21:59:30 2017"
          }
        ],
        "queries": [
          {
            "db": 0,
            "id": "ATCTYTC",
            "alt": "DREME-5",
            "len": 7,
            "nsites": 62,
            "evalue": "5.3e-004",
            "pwm": [
              [0.998829, 0.000366023, 0.000366023, 0.00043913], 
              [0.00043913, 0.000366023, 0.000366023, 0.998829], 
              [0.00043913, 0.998756, 0.000366023, 0.00043913], 
              [0.00043913, 0.000366023, 0.000366023, 0.998829], 
              [0.00043913, 0.54787, 0.000366023, 0.451325], 
              [0.00043913, 0.000366023, 0.000366023, 0.998829], 
              [0.00043913, 0.998756, 0.000366023, 0.00043913]
            ]
          }, {
            "db": 0,
            "id": "CACMCAC",
            "alt": "DREME-4",
            "len": 7,
            "nsites": 75,
            "evalue": "6.1e-005",
            "pwm": [
              [0.000363116, 0.998971, 0.000302663, 0.000363116], 
              [0.999032, 0.000302663, 0.000302663, 0.000363116], 
              [0.000363116, 0.998971, 0.000302663, 0.000363116], 
              [0.652826, 0.346508, 0.000302663, 0.000363116], 
              [0.000363116, 0.998971, 0.000302663, 0.000363116], 
              [0.999032, 0.000302663, 0.000302663, 0.000363116], 
              [0.000363116, 0.998971, 0.000302663, 0.000363116]
            ]
          }, {
            "db": 0,
            "id": "CCGCCYC",
            "alt": "DREME-7",
            "len": 7,
            "nsites": 20,
            "evalue": "2.7e-002",
            "pwm": [
              [0.00135672, 0.996156, 0.00113085, 0.00135672], 
              [0.00135672, 0.996156, 0.00113085, 0.00135672], 
              [0.00135672, 0.00113085, 0.996156, 0.00135672], 
              [0.00135672, 0.996156, 0.00113085, 0.00135672], 
              [0.00135672, 0.996156, 0.00113085, 0.00135672], 
              [0.00135672, 0.34939, 0.00113085, 0.648123], 
              [0.00135672, 0.996156, 0.00113085, 0.00135672]
            ]
          }, {
            "db": 0,
            "id": "DCACGC",
            "alt": "DREME-1",
            "len": 6,
            "nsites": 190,
            "evalue": "3.2e-025",
            "pwm": [
              [0.263163, 0.000119569, 0.420951, 0.315766], 
              [0.000143451, 0.999594, 0.000119569, 0.000143451], 
              [0.999617, 0.000119569, 0.000119569, 0.000143451], 
              [0.000143451, 0.999594, 0.000119569, 0.000143451], 
              [0.000143451, 0.000119569, 0.999594, 0.000143451], 
              [0.000143451, 0.999594, 0.000119569, 0.000143451]
            ]
          }, {
            "db": 0,
            "id": "TGACTCA",
            "alt": "DREME-3",
            "len": 7,
            "nsites": 66,
            "evalue": "3.8e-006",
            "pwm": [
              [0.000412557, 0.000343873, 0.000343873, 0.9989], 
              [0.000412557, 0.000343873, 0.998831, 0.000412557], 
              [0.9989, 0.000343873, 0.000343873, 0.000412557], 
              [0.000412557, 0.998831, 0.000343873, 0.000412557], 
              [0.000412557, 0.000343873, 0.000343873, 0.9989], 
              [0.000412557, 0.998831, 0.000343873, 0.000412557], 
              [0.9989, 0.000343873, 0.000343873, 0.000412557]
            ]
          }, {
            "db": 0,
            "id": "TRTTTR",
            "alt": "DREME-2",
            "len": 6,
            "nsites": 446,
            "evalue": "2.2e-011",
            "pwm": [
              [6.11298e-05, 5.09527e-05, 5.09527e-05, 0.999837], 
              [0.441666, 5.09527e-05, 0.558222, 6.11298e-05], 
              [6.11298e-05, 5.09527e-05, 5.09527e-05, 0.999837], 
              [6.11298e-05, 5.09527e-05, 5.09527e-05, 0.999837], 
              [6.11298e-05, 5.09527e-05, 5.09527e-05, 0.999837], 
              [0.475291, 5.09527e-05, 0.524597, 6.11298e-05]
            ]
          }, {
            "db": 0,
            "id": "TTATCW",
            "alt": "DREME-6",
            "len": 6,
            "nsites": 164,
            "evalue": "7.3e-003",
            "pwm": [
              [0.000166179, 0.000138513, 0.000138513, 0.999557], 
              [0.000166179, 0.000138513, 0.000138513, 0.999557], 
              [0.999557, 0.000138513, 0.000138513, 0.000166179], 
              [0.000166179, 0.000138513, 0.000138513, 0.999557], 
              [0.000166179, 0.999529, 0.000138513, 0.000166179], 
              [0.408454, 0.000138513, 0.000138513, 0.591269]
            ]
          }
        ],
        "targets": [
          {
            "db": 0,
            "id": "AHR_HUMAN.H11MO.0.B",
            "len": 9,
            "nsites": 154,
            "evalue": "1.0e+000",
            "url": "http://hocomoco.autosome.ru/motif/AHR_HUMAN.H11MO.0.B",
            "pwm": [
              [0.263151, 0.118668, 0.366323, 0.251858], 
              [0.070783, 0.0772018, 0.225147, 0.626868], 
              [0.14114, 0.284994, 0.134556, 0.43931], 
              [0.0167065, 0.00869724, 0.946954, 0.0276427], 
              [0.000176963, 0.976129, 0.00983721, 0.0138565], 
              [0.0225129, 0.00527735, 0.969753, 0.00245689], 
              [0.000176963, 0.0224834, 0.00470736, 0.972632], 
              [0.000176963, 0.000147502, 0.999499, 0.000176963], 
              [0.279806, 0.434239, 0.105042, 0.180914]
            ]
          }, {
            "db": 0,
            "id": "ANDR_HUMAN.H11MO.0.A",
            "len": 18,
            "nsites": 499,
            "evalue": "1.0e+000",
            "url": "http://hocomoco.autosome.ru/motif/ANDR_HUMAN.H11MO.0.A",
            "pwm": [
              [0.148322, 0.0701718, 0.0361105, 0.745396], 
              [0.0621664, 0.0481321, 0.777445, 0.112257], 
              [0.0681773, 0.0661646, 0.0140708, 0.851587], 
              [0.188394, 0.172356, 0.144305, 0.494945], 
              [0.0781953, 0.733366, 0.0361105, 0.152329], 
              [0.122275, 0.278547, 0.0321032, 0.567075], 
              [0.180379, 0.134287, 0.196399, 0.488935], 
              [0.198412, 0.178367, 0.216435, 0.406787], 
              [0.176372, 0.192392, 0.222446, 0.40879], 
              [0.200415, 0.256507, 0.120262, 0.422816], 
              [0.0721845, 0.0140708, 0.0140708, 0.899674], 
              [0.254513, 0.0300996, 0.69129, 0.0240979], 
              [0.0281051, 0.0220852, 0.0200816, 0.929728], 
              [0.0180871, 0.00605636, 0.0982223, 0.877634], 
              [0.00806906, 0.00805997, 0.0641609, 0.91971], 
              [0.420812, 0.028096, 0.494936, 0.0561556], 
              [0.0862097, 0.52499, 0.0481321, 0.340668], 
              [0.290578, 0.15833, 0.0541429, 0.496949]
            ]
          }, {
            "db": 0,
            "id": "BACH1_HUMAN.H11MO.0.A",
            "len": 13,
            "nsites": 500,
            "evalue": "1.0e+000",
            "url": "http://hocomoco.autosome.ru/motif/BACH1_HUMAN.H11MO.0.A",
            "pwm": [
              [0.0628559, 0.168177, 0.0975402, 0.671427], 
              [0.0092112, 0.0664204, 0.922332, 0.00203659], 
              [0.020919, 0.967521, 0.0039699, 0.00759009], 
              [0.0362228, 0.0795787, 0.0801345, 0.804064], 
              [0.00390278, 0.0613519, 0.890883, 0.0438624], 
              [0.802825, 0.0206145, 0.124518, 0.0520423], 
              [0.0133161, 0.214861, 0.763218, 0.0086049], 
              [0.00625411, 0.0361749, 0.145873, 0.811698], 
              [0.0162457, 0.943688, 0.0343122, 0.00575447], 
              [0.786286, 0.0958331, 0.0824487, 0.0354322], 
              [0.00983185, 0.334257, 0.256601, 0.39931], 
              [0.151633, 0.265551, 0.394688, 0.188128], 
              [0.105269, 0.37856, 0.372596, 0.143575]
            ]
          }, {
            "db": 0,
            "id": "BACH2_HUMAN.H11MO.0.A",
            "len": 11,
            "nsites": 500,
            "evalue": "1.0e+000",
            "url": "http://hocomoco.autosome.ru/motif/BACH2_HUMAN.H11MO.0.A",
            "pwm": [
              [0.12203, 0.0960263, 0.0680319, 0.713912], 
              [0.0140517, 0.0780299, 0.893867, 0.0140517], 
              [0.0440457, 0.923861, 0.0120431, 0.0200505], 
              [0.0780389, 0.0380379, 0.00804385, 0.875879], 
              [0.0580429, 0.0600335, 0.793887, 0.0880369], 
              [0.757903, 0.0380379, 0.0560343, 0.148025], 
              [0.0440457, 0.224001, 0.669911, 0.0620421], 
              [0.0100525, 0.0160423, 0.00804385, 0.965861], 
              [0.0600425, 0.919861, 0.0160423, 0.00405373], 
              [0.963862, 0.0120431, 0.00804385, 0.0160513], 
              [0.0560433, 0.319981, 0.212003, 0.411972]
            ]
          }, {
            "db": 0,
            "id": "BATF_HUMAN.H11MO.0.A",
            "len": 18,
            "nsites": 500,
            "evalue": "1.0e+000",
            "url": "http://hocomoco.autosome.ru/motif/BATF_HUMAN.H11MO.0.A",
            "pwm": [
              [0.451964, 0.0780299, 0.263993, 0.206013], 
              [0.0480449, 0.399965, 0.345976, 0.206013], 
              [0.0120521, 0.0180419, 0.0440367, 0.925869], 
              [0.134028, 0.32798, 0.0240407, 0.513952], 
              [0.0860373, 0.237998, 0.0520351, 0.62393], 
              [0.142026, 0.545936, 0.0460363, 0.266001], 
              [0.379979, 0.0860283, 0.395966, 0.138027], 
              [0.369981, 0.114023, 0.229999, 0.285997], 
              [0.337987, 0.0180419, 0.0840287, 0.559943], 
              [0.577939, 0.158014, 0.0220411, 0.242006], 
              [0.00205413, 0.00204505, 4.54509e-05, 0.995855], 
              [0.00405373, 0.0560343, 0.849875, 0.0900365], 
              [0.977859, 0.00804385, 0.0120431, 0.00205413], 
              [0.104034, 0.557934, 0.315982, 0.0220501], 
              [0.0720401, 0.0300395, 0.0200415, 0.877879], 
              [0.212012, 0.507944, 0.212003, 0.0680409], 
              [0.611932, 0.0840287, 0.110023, 0.194016], 
              [0.142026, 0.186008, 0.305984, 0.365981]
            ]
          }, {
            "db": 0,
            "id": "BATF_HUMAN.H11MO.1.A",
            "len": 11,
            "nsites": 500,
            "evalue": "1.0e+000",
            "url": "http://hocomoco.autosome.ru/motif/BATF_HUMAN.H11MO.1.A",
            "pwm": [
              [0.32399, 0.0680319, 0.391967, 0.216011], 
              [0.57394, 0.218002, 0.192007, 0.0160513], 
              [0.0140517, 0.00404465, 0.00404465, 0.977859], 
              [5.45291e-05, 0.0120431, 0.933859, 0.0540437], 
              [0.967861, 0.0100435, 0.00804385, 0.0140517], 
              [0.0100525, 0.513943, 0.0540347, 0.42197], 
              [0.0280489, 0.0280399, 0.431959, 0.511952], 
              [0.0940357, 0.87587, 0.0140427, 0.0160513], 
              [0.975859, 0.0180419, 4.54509e-05, 0.00605333], 
              [0.609933, 0.0560343, 0.144017, 0.190017], 
              [0.238007, 0.283989, 0.100025, 0.377979]
            ]
          }, {
            "db": 0,
            "id": "E2F1_HUMAN.H11MO.0.A",
            "len": 14,
            "nsites": 500,
            "evalue": "1.0e+000",
            "url": "http://hocomoco.autosome.ru/motif/E2F1_HUMAN.H11MO.0.A",
            "pwm": [
              [0.327989, 0.160013, 0.37797, 0.134028], 
              [0.236007, 0.200005, 0.451955, 0.112032], 
              [0.272, 0.210003, 0.289987, 0.228009], 
              [0.190017, 0.102025, 0.465952, 0.242006], 
              [0.0820381, 0.200005, 0.703905, 0.0140517], 
              [0.0180509, 0.00604425, 0.965852, 0.0100525], 
              [0.0560433, 0.921861, 0.00404465, 0.0180509], 
              [0.0160513, 0.00804385, 0.957854, 0.0180509], 
              [0.0220501, 0.0820291, 0.889867, 0.00605333], 
              [0.0680409, 0.0340387, 0.889867, 0.00805293], 
              [0.855883, 0.0200415, 0.0900275, 0.0340477], 
              [0.653924, 0.0640327, 0.271991, 0.0100525], 
              [0.399975, 0.140017, 0.365972, 0.0940357], 
              [0.272, 0.164013, 0.395966, 0.168021]
            ]
          }, {
            "db": 0,
            "id": "E2F4_HUMAN.H11MO.0.A",
            "len": 13,
            "nsites": 500,
            "evalue": "1.0e+000",
            "url": "http://hocomoco.autosome.ru/motif/E2F4_HUMAN.H11MO.0.A",
            "pwm": [
              [0.146025, 0.257994, 0.505944, 0.0900365], 
              [0.277999, 0.0960263, 0.461953, 0.164022], 
              [0.244006, 0.100025, 0.52594, 0.130029], 
              [0.100035, 0.188008, 0.695906, 0.0160513], 
              [0.00405373, 0.0360383, 0.957854, 0.00205413], 
              [0.0120521, 0.973851, 4.54509e-05, 0.0140517], 
              [0.0360473, 0.00204505, 0.945856, 0.0160513], 
              [0.00405373, 0.0380379, 0.949855, 0.00805293], 
              [0.0900365, 0.0140427, 0.893867, 0.00205413], 
              [0.715911, 0.0220411, 0.249995, 0.0120521], 
              [0.535947, 0.200005, 0.222001, 0.0420461], 
              [0.381978, 0.188008, 0.281989, 0.148025], 
              [0.254004, 0.114023, 0.305984, 0.325989]
            ]
          }, {
            "db": 0,
            "id": "E2F6_HUMAN.H11MO.0.A",
            "len": 13,
            "nsites": 500,
            "evalue": "1.0e+000",
            "url": "http://hocomoco.autosome.ru/motif/E2F6_HUMAN.H11MO.0.A",
            "pwm": [
              [0.337987, 0.148016, 0.341977, 0.17202], 
              [0.262002, 0.0340387, 0.555934, 0.148025], 
              [0.154024, 0.12602, 0.699905, 0.0200505], 
              [0.0100525, 0.0160423, 0.963853, 0.0100525], 
              [0.214012, 0.707904, 0.0120431, 0.0660413], 
              [0.0400465, 0.0180419, 0.893867, 0.0480449], 
              [0.0240497, 0.0480359, 0.895866, 0.0320481], 
              [0.0720401, 0.0440367, 0.871871, 0.0120521], 
              [0.941866, 0.0320391, 0.0140427, 0.0120521], 
              [0.511952, 0.0360383, 0.435958, 0.0160513], 
              [0.383978, 0.108024, 0.437958, 0.0700405], 
              [0.277999, 0.218002, 0.37797, 0.126029], 
              [0.275999, 0.162013, 0.42596, 0.136027]
            ]
          }, {
            "db": 0,
            "id": "E2F7_HUMAN.H11MO.0.B",
            "len": 13,
            "nsites": 500,
            "evalue": "1.0e+000",
            "url": "http://hocomoco.autosome.ru/motif/E2F7_HUMAN.H11MO.0.B",
            "pwm": [
              [0.196015, 0.148016, 0.529939, 0.126029], 
              [0.337987, 0.0320391, 0.415962, 0.214012], 
              [0.142026, 0.0820291, 0.771891, 0.00405373], 
              [0.0440457, 0.00404465, 0.941857, 0.0100525], 
              [0.0840377, 0.853875, 0.00404465, 0.0580429], 
              [0.140027, 0.0160423, 0.813883, 0.0300485], 
              [0.0220501, 0.0120431, 0.957854, 0.00805293], 
              [0.204014, 0.00604425, 0.77589, 0.0140517], 
              [0.713912, 0.00404465, 0.27599, 0.00605333], 
              [0.603934, 0.138018, 0.239997, 0.0180509], 
              [0.427969, 0.192007, 0.224001, 0.156023], 
              [0.343986, 0.0860283, 0.355974, 0.214012], 
              [0.260003, 0.152015, 0.485948, 0.102034]
            ]
          }, {
            "db": 0,
            "id": "EGR3_HUMAN.H11MO.0.D",
            "len": 11,
            "nsites": 8,
            "evalue": "1.0e+000",
            "url": "http://hocomoco.autosome.ru/motif/EGR3_HUMAN.H11MO.0.D",
            "pwm": [
              [0.565185, 0.0206985, 0.0206985, 0.393419], 
              [0.261016, 0.00280617, 0.589673, 0.146505], 
              [0.633175, 0.217514, 0.00280617, 0.146505], 
              [0.117877, 0.00280617, 0.87595, 0.00336667], 
              [0.00336667, 0.0385908, 0.181729, 0.776314], 
              [0.00336667, 0.00280617, 0.99046, 0.00336667], 
              [0.00336667, 0.00280617, 0.87595, 0.117877], 
              [0.00336667, 0.00280617, 0.99046, 0.00336667], 
              [0.00336667, 0.475163, 0.00280617, 0.518665], 
              [0.00336667, 0.00280617, 0.87595, 0.117877], 
              [0.021259, 0.163837, 0.163837, 0.651068]
            ]
          }, {
            "db": 0,
            "id": "EVI1_HUMAN.H11MO.0.B",
            "len": 16,
            "nsites": 141,
            "evalue": "1.0e+000",
            "url": "http://hocomoco.autosome.ru/motif/EVI1_HUMAN.H11MO.0.B",
            "pwm": [
              [0.418872, 0.152806, 0.189326, 0.238995], 
              [0.635754, 0.0373341, 0.0836508, 0.243261], 
              [0.0210932, 0.0295516, 0.906764, 0.0425912], 
              [0.972707, 0.00603918, 0.00603918, 0.0152151], 
              [0.0413399, 0.455707, 0.00603918, 0.496914], 
              [0.951807, 0.00603918, 0.0177954, 0.0243588], 
              [0.917545, 0.000161091, 0.0158085, 0.0664851], 
              [0.0306723, 0.00603918, 0.962007, 0.0012818], 
              [0.966828, 0.000161091, 0.000161091, 0.0328493], 
              [0.000193267, 0.124715, 0.00538606, 0.869706], 
              [0.900157, 0.0325445, 0.000161091, 0.0671372], 
              [0.77171, 0.00930479, 0.156745, 0.0622398], 
              [0.210877, 0.183469, 0.352297, 0.253357], 
              [0.743763, 0.092059, 0.0765214, 0.0876566], 
              [0.129347, 0.156092, 0.30816, 0.406401], 
              [0.490341, 0.119205, 0.158447, 0.232007]
            ]
          }, {
            "db": 0,
            "id": "FOSB_HUMAN.H11MO.0.A",
            "len": 9,
            "nsites": 500,
            "evalue": "1.0e+000",
            "url": "http://hocomoco.autosome.ru/motif/FOSB_HUMAN.H11MO.0.A",
            "pwm": [
              [0.413972, 0.206004, 0.291987, 0.0880369], 
              [0.0100525, 0.0120431, 0.00204505, 0.975859], 
              [0.0120521, 0.0140427, 0.917862, 0.0560433], 
              [0.895875, 0.0120431, 0.0180419, 0.0740397], 
              [0.204014, 4.54509e-05, 0.795886, 5.45291e-05], 
              [0.0180509, 0.0300395, 0.106024, 0.845885], 
              [0.0540437, 0.903865, 0.0280399, 0.0140517], 
              [0.965861, 0.0100435, 0.00604425, 0.0180509], 
              [0.0720401, 0.329979, 0.229999, 0.367981]
            ]
          }, {
            "db": 0,
            "id": "FOSL1_HUMAN.H11MO.0.A",
            "len": 12,
            "nsites": 500,
            "evalue": "1.0e+000",
            "url": "http://hocomoco.autosome.ru/motif/FOSL1_HUMAN.H11MO.0.A",
            "pwm": [
              [0.198015, 0.186008, 0.405964, 0.210013], 
              [0.317991, 0.164013, 0.347976, 0.170021], 
              [0.429969, 0.269991, 0.281989, 0.0180509], 
              [5.45291e-05, 4.54509e-05, 0.00604425, 0.993856], 
              [5.45291e-05, 0.00404465, 0.941857, 0.0540437], 
              [0.987857, 0.00204505, 0.00204505, 0.00805293], 
              [0.0780389, 4.54509e-05, 0.921861, 5.45291e-05], 
              [5.45291e-05, 4.54509e-05, 4.54509e-05, 0.999855], 
              [0.0180509, 0.979849, 0.00204505, 5.45291e-05], 
              [0.995855, 0.00404465, 4.54509e-05, 5.45291e-05], 
              [0.0220501, 0.411963, 0.162013, 0.403974], 
              [0.210013, 0.401965, 0.154015, 0.234008]
            ]
          }, {
            "db": 0,
            "id": "FOSL2_HUMAN.H11MO.0.A",
            "len": 12,
            "nsites": 500,
            "evalue": "1.0e+000",
            "url": "http://hocomoco.autosome.ru/motif/FOSL2_HUMAN.H11MO.0.A",
            "pwm": [
              [0.194016, 0.190007, 0.373971, 0.242006], 
              [0.281998, 0.134019, 0.381969, 0.202014], 
              [0.519951, 0.158014, 0.297986, 0.0240497], 
              [5.45291e-05, 4.54509e-05, 0.00204505, 0.997855], 
              [5.45291e-05, 0.00204505, 0.957854, 0.0400465], 
              [0.985857, 0.00404465, 4.54509e-05, 0.0100525], 
              [0.102034, 4.54509e-05, 0.897866, 5.45291e-05], 
              [0.00405373, 0.00404465, 0.00404465, 0.987857], 
              [0.00605333, 0.991847, 0.00204505, 5.45291e-05], 
              [0.997855, 4.54509e-05, 4.54509e-05, 0.00205413], 
              [0.0240497, 0.351975, 0.114023, 0.509953], 
              [0.216011, 0.37797, 0.138018, 0.268001]
            ]
          }, {
            "db": 0,
            "id": "FOS_HUMAN.H11MO.0.A",
            "len": 9,
            "nsites": 500,
            "evalue": "1.0e+000",
            "url": "http://hocomoco.autosome.ru/motif/FOS_HUMAN.H11MO.0.A",
            "pwm": [
              [0.345985, 0.216002, 0.359973, 0.0780389], 
              [0.0100525, 0.0180419, 0.0100435, 0.961862], 
              [0.0160513, 0.0340387, 0.859873, 0.0900365], 
              [0.935867, 0.00804385, 0.0280399, 0.0280489], 
              [0.116031, 4.54509e-05, 0.883869, 5.45291e-05], 
              [0.0220501, 0.0260403, 0.0240407, 0.927869], 
              [0.0420461, 0.933859, 0.0240407, 5.45291e-05], 
              [0.959863, 0.0160423, 0.0120431, 0.0120521], 
              [0.0280489, 0.417962, 0.263993, 0.289997]
            ]
          }, {
            "db": 0,
            "id": "FOXA1_HUMAN.H11MO.0.A",
            "len": 12,
            "nsites": 500,
            "evalue": "1.0e+000",
            "url": "http://hocomoco.autosome.ru/motif/FOXA1_HUMAN.H11MO.0.A",
            "pwm": [
              [0.0160513, 4.54509e-05, 4.54509e-05, 0.983858], 
              [0.246005, 0.00404465, 0.749895, 5.45291e-05], 
              [0.00205413, 4.54509e-05, 4.54509e-05, 0.997855], 
              [0.00405373, 4.54509e-05, 0.0560343, 0.939867], 
              [5.45291e-05, 4.54509e-05, 0.144017, 0.855883], 
              [0.781898, 4.54509e-05, 0.206004, 0.0120521], 
              [0.00805293, 0.797886, 0.00804385, 0.186017], 
              [0.317991, 0.138018, 0.00404465, 0.539947], 
              [0.0320481, 0.313983, 0.108024, 0.545945], 
              [0.463962, 0.0200415, 0.0160423, 0.499955], 
              [0.218011, 0.0980259, 0.493947, 0.190017], 
              [0.108033, 0.259993, 0.393967, 0.238007]
            ]
          }, {
            "db": 0,
            "id": "FOXA2_HUMAN.H11MO.0.A",
            "len": 12,
            "nsites": 500,
            "evalue": "1.0e+000",
            "url": "http://hocomoco.autosome.ru/motif/FOXA2_HUMAN.H11MO.0.A",
            "pwm": [
              [0.0160513, 4.54509e-05, 0.00204505, 0.981858], 
              [0.196015, 0.00204505, 0.799885, 0.00205413], 
              [5.45291e-05, 0.00404465, 4.54509e-05, 0.995855], 
              [0.00205413, 4.54509e-05, 0.0440367, 0.953864], 
              [5.45291e-05, 4.54509e-05, 0.144017, 0.855883], 
              [0.757903, 4.54509e-05, 0.235998, 0.00605333], 
              [0.00805293, 0.887868, 0.00204505, 0.102034], 
              [0.401974, 0.122021, 4.54509e-05, 0.475959], 
              [0.0440457, 0.409963, 0.120021, 0.425969], 
              [0.563942, 0.00804385, 0.0400375, 0.387977], 
              [0.190017, 0.0960263, 0.549935, 0.164022], 
              [0.128029, 0.357974, 0.281989, 0.232008]
            ]
          }, {
            "db": 0,
            "id": "FOXA3_HUMAN.H11MO.0.B",
            "len": 13,
            "nsites": 500,
            "evalue": "1.0e+000",
            "url": "http://hocomoco.autosome.ru/motif/FOXA3_HUMAN.H11MO.0.B",
            "pwm": [
              [0.158023, 0.465952, 0.216002, 0.160023], 
              [0.228009, 0.249995, 0.0780299, 0.443966], 
              [0.0120521, 4.54509e-05, 0.00604425, 0.981858], 
              [0.246005, 0.00804385, 0.737898, 0.00805293], 
              [0.00805293, 0.0220411, 0.0140427, 0.955863], 
              [0.00605333, 4.54509e-05, 0.0360383, 0.957863], 
              [0.00805293, 4.54509e-05, 0.271991, 0.719911], 
              [0.855883, 0.00604425, 0.114023, 0.0240497], 
              [0.00405373, 0.873871, 0.0220411, 0.100035], 
              [0.367981, 0.152015, 0.00804385, 0.47196], 
              [0.0940357, 0.231999, 0.106024, 0.567941], 
              [0.425969, 0.0140427, 0.0540347, 0.505953], 
              [0.154024, 0.116022, 0.57793, 0.152024]
            ]
          }, {
            "db": 0,
            "id": "FOXF1_HUMAN.H11MO.0.D",
            "len": 11,
            "nsites": 8,
            "evalue": "1.0e+000",
            "url": "http://hocomoco.autosome.ru/motif/FOXF1_HUMAN.H11MO.0.D",
            "pwm": [
              [0.413679, 0.151681, 0.151681, 0.28296], 
              [0.00336667, 0.00280617, 0.00280617, 0.991021], 
              [0.134086, 0.00280617, 0.859742, 0.00336667], 
              [0.00336667, 0.00280617, 0.00280617, 0.991021], 
              [0.00336667, 0.00280617, 0.00280617, 0.991021], 
              [0.00336667, 0.00280617, 0.00280617, 0.991021], 
              [0.729583, 0.0681657, 0.198885, 0.00336667], 
              [0.00336667, 0.133525, 0.00280617, 0.860302], 
              [0.0215221, 0.151681, 0.151681, 0.675117], 
              [0.264805, 0.169836, 0.00280617, 0.562553], 
              [0.431834, 0.00280617, 0.039117, 0.526242]
            ]
          }, {
            "db": 0,
            "id": "FOXF2_HUMAN.H11MO.0.D",
            "len": 11,
            "nsites": 26,
            "evalue": "1.0e+000",
            "url": "http://hocomoco.autosome.ru/motif/FOXF2_HUMAN.H11MO.0.D",
            "pwm": [
              [0.0162382, 0.0160642, 0.0160642, 0.951633], 
              [0.146708, 0.000870881, 0.82099, 0.0314315], 
              [0.00104483, 0.000870881, 0.0312576, 0.966827], 
              [0.122592, 0.000870881, 0.000870881, 0.875667], 
              [0.122592, 0.000870881, 0.0312576, 0.84528], 
              [0.770627, 0.000870881, 0.227457, 0.00104483], 
              [0.00104483, 0.782511, 0.0312576, 0.185187], 
              [0.284641, 0.255902, 0.0595406, 0.399917], 
              [0.041547, 0.0413731, 0.0109864, 0.906094], 
              [0.480962, 0.000870881, 0.0312576, 0.48691], 
              [0.254254, 0.0109864, 0.357298, 0.377461]
            ]
          }, {
            "db": 0,
            "id": "FOXJ2_HUMAN.H11MO.0.C",
            "len": 10,
            "nsites": 41,
            "evalue": "1.0e+000",
            "url": "http://hocomoco.autosome.ru/motif/FOXJ2_HUMAN.H11MO.0.C",
            "pwm": [
              [0.000663504, 0.024242, 0.000553041, 0.974541], 
              [0.30862, 0.000553041, 0.642786, 0.0480414], 
              [0.000663504, 0.000553041, 0.024242, 0.974541], 
              [0.000663504, 0.000553041, 0.000553041, 0.99823], 
              [0.000663504, 0.000553041, 0.000553041, 0.99823], 
              [0.548141, 0.000553041, 0.450643, 0.000663504], 
              [0.000663504, 0.192697, 0.000553041, 0.806087], 
              [0.119108, 0.216385, 0.000553041, 0.663953], 
              [0.000663504, 0.024242, 0.237442, 0.737652], 
              [0.46523, 0.0834643, 0.130842, 0.320464]
            ]
          }, {
            "db": 0,
            "id": "FOXL1_HUMAN.H11MO.0.D",
            "len": 19,
            "nsites": 1207,
            "evalue": "1.0e+000",
            "url": "http://hocomoco.autosome.ru/motif/FOXL1_HUMAN.H11MO.0.D",
            "pwm": [
              [0.160531, 0.163841, 0.22266, 0.452968], 
              [0.140235, 0.189108, 0.444265, 0.226392], 
              [0.191183, 0.0404049, 0.132361, 0.636051], 
              [0.0629834, 0.0240434, 0.0414404, 0.871533], 
              [0.000643915, 0.000640154, 0.000640154, 0.998076], 
              [0.0874221, 0.000433046, 0.905081, 0.00706426], 
              [0.00830691, 1.88303e-05, 1.88303e-05, 0.991655], 
              [2.25913e-05, 1.88303e-05, 1.88303e-05, 0.99994], 
              [2.25913e-05, 1.88303e-05, 1.88303e-05, 0.99994], 
              [0.470572, 1.88303e-05, 0.529387, 2.25913e-05], 
              [2.25913e-05, 1.88303e-05, 1.88303e-05, 0.99994], 
              [2.25913e-05, 1.88303e-05, 1.88303e-05, 0.99994], 
              [2.25913e-05, 1.88303e-05, 1.88303e-05, 0.99994], 
              [0.985856, 1.88303e-05, 0.0116169, 0.00250789], 
              [0.000851023, 0.51199, 0.000847262, 0.486312], 
              [0.41486, 0.0188657, 0.0213509, 0.544924], 
              [0.103991, 0.0145164, 0.0186585, 0.862834], 
              [0.226184, 0.0174159, 0.0149306, 0.741469], 
              [0.193254, 0.125319, 0.0838975, 0.597529]
            ]
          }, {
            "db": 0,
            "id": "FOXM1_HUMAN.H11MO.0.A",
            "len": 12,
            "nsites": 500,
            "evalue": "1.0e+000",
            "url": "http://hocomoco.autosome.ru/motif/FOXM1_HUMAN.H11MO.0.A",
            "pwm": [
              [0.0560433, 0.0240407, 0.0340387, 0.885877], 
              [0.252004, 0.0220411, 0.715902, 0.0100525], 
              [0.0260493, 0.0300395, 0.0560343, 0.887877], 
              [5.45291e-05, 0.0680319, 0.0620331, 0.869881], 
              [0.00205413, 0.00204505, 0.0720311, 0.92387], 
              [0.319991, 0.0540347, 0.587928, 0.0380469], 
              [0.0740397, 0.745896, 0.0180419, 0.162022], 
              [0.246005, 0.160013, 0.0380379, 0.555943], 
              [0.0480449, 0.289987, 0.142017, 0.519951], 
              [0.359983, 0.0380379, 0.0280399, 0.57394], 
              [0.108033, 0.160013, 0.445956, 0.285997], 
              [0.166021, 0.341977, 0.257994, 0.234008]
            ]
          }, {
            "db": 0,
            "id": "GATA1_HUMAN.H11MO.0.A",
            "len": 19,
            "nsites": 500,
            "evalue": "1.0e+000",
            "url": "http://hocomoco.autosome.ru/motif/GATA1_HUMAN.H11MO.0.A",
            "pwm": [
              [0.192016, 0.403965, 0.206004, 0.198015], 
              [0.116031, 0.144017, 0.190007, 0.549945], 
              [0.0560433, 0.0780299, 0.639917, 0.226009], 
              [0.118031, 0.206004, 0.389967, 0.285997], 
              [0.194016, 0.313983, 0.281989, 0.210013], 
              [0.268001, 0.245996, 0.27799, 0.208013], 
              [0.22401, 0.210003, 0.367972, 0.198015], 
              [0.262002, 0.168012, 0.339977, 0.230009], 
              [0.214012, 0.224001, 0.313983, 0.248005], 
              [0.331988, 0.188008, 0.323981, 0.156023], 
              [0.184018, 0.387968, 0.321981, 0.106033], 
              [0.719911, 0.0200415, 0.00804385, 0.252004], 
              [0.00605333, 4.54509e-05, 0.993847, 5.45291e-05], 
              [0.995855, 4.54509e-05, 4.54509e-05, 0.00405373], 
              [0.00205413, 4.54509e-05, 0.0120431, 0.985857], 
              [0.945865, 0.00404465, 0.0140427, 0.0360473], 
              [0.857883, 0.0160423, 0.0900275, 0.0360473], 
              [0.214012, 0.154015, 0.553935, 0.0780389], 
              [0.351984, 0.188008, 0.345976, 0.114032]
            ]
          }, {
            "db": 0,
            "id": "GATA1_HUMAN.H11MO.1.A",
            "len": 11,
            "nsites": 500,
            "evalue": "1.0e+000",
            "url": "http://hocomoco.autosome.ru/motif/GATA1_HUMAN.H11MO.1.A",
            "pwm": [
              [0.345985, 0.116022, 0.303985, 0.234008], 
              [0.152024, 0.441957, 0.305984, 0.100035], 
              [0.699915, 0.0140427, 0.00804385, 0.277999], 
              [5.45291e-05, 4.54509e-05, 0.997846, 0.00205413], 
              [0.999855, 4.54509e-05, 4.54509e-05, 5.45291e-05], 
              [0.00605333, 0.00804385, 4.54509e-05, 0.985857], 
              [0.969861, 0.00804385, 0.00604425, 0.0160513], 
              [0.92187, 0.00404465, 0.0580339, 0.0160513], 
              [0.140027, 0.174011, 0.663913, 0.0220501], 
              [0.37198, 0.200005, 0.339977, 0.0880369], 
              [0.339987, 0.216002, 0.321981, 0.12203]
            ]
          }, {
            "db": 0,
            "id": "GATA2_HUMAN.H11MO.0.A",
            "len": 19,
            "nsites": 500,
            "evalue": "1.0e+000",
            "url": "http://hocomoco.autosome.ru/motif/GATA2_HUMAN.H11MO.0.A",
            "pwm": [
              [0.132028, 0.451955, 0.226, 0.190017], 
              [0.12403, 0.104025, 0.158014, 0.613932], 
              [0.0800385, 0.0500355, 0.651915, 0.218011], 
              [0.132028, 0.222001, 0.413963, 0.232008], 
              [0.272, 0.156014, 0.289987, 0.281998], 
              [0.303994, 0.158014, 0.305984, 0.232008], 
              [0.248005, 0.198006, 0.367972, 0.186017], 
              [0.270001, 0.196006, 0.27599, 0.258003], 
              [0.22201, 0.224001, 0.267992, 0.285997], 
              [0.325989, 0.114023, 0.343977, 0.216011], 
              [0.192016, 0.337978, 0.371971, 0.0980349], 
              [0.7739, 0.00404465, 0.00804385, 0.214012], 
              [5.45291e-05, 4.54509e-05, 0.995846, 0.00405373], 
              [0.985857, 4.54509e-05, 0.00804385, 0.00605333], 
              [0.00605333, 0.00204505, 0.0160423, 0.975859], 
              [0.965861, 0.00604425, 4.54509e-05, 0.0280489], 
              [0.843886, 0.0100435, 0.114023, 0.0320481], 
              [0.140027, 0.168012, 0.62792, 0.0640417], 
              [0.343986, 0.192007, 0.389967, 0.0740397]
            ]
          }, {
            "db": 0,
            "id": "GATA2_HUMAN.H11MO.1.A",
            "len": 11,
            "nsites": 500,
            "evalue": "1.0e+000",
            "url": "http://hocomoco.autosome.ru/motif/GATA2_HUMAN.H11MO.1.A",
            "pwm": [
              [0.349985, 0.116022, 0.331979, 0.202014], 
              [0.164022, 0.435958, 0.347976, 0.0520441], 
              [0.751904, 0.0100435, 0.00604425, 0.232008], 
              [5.45291e-05, 0.00204505, 0.993847, 0.00405373], 
              [0.977859, 0.0140427, 0.00604425, 0.00205413], 
              [0.0160513, 0.0400375, 0.0480359, 0.895875], 
              [0.861882, 0.0500355, 0.0300395, 0.0580429], 
              [0.769901, 0.0220411, 0.186008, 0.0220501], 
              [0.148025, 0.239997, 0.567932, 0.0440457], 
              [0.417971, 0.174011, 0.369971, 0.0380469], 
              [0.417971, 0.144017, 0.273991, 0.164022]
            ]
          }, {
            "db": 0,
            "id": "GATA3_HUMAN.H11MO.0.A",
            "len": 11,
            "nsites": 500,
            "evalue": "1.0e+000",
            "url": "http://hocomoco.autosome.ru/motif/GATA3_HUMAN.H11MO.0.A",
            "pwm": [
              [0.447965, 0.0920271, 0.253995, 0.206013], 
              [0.347985, 0.303985, 0.261993, 0.0860373], 
              [0.777899, 0.00604425, 0.00804385, 0.208013], 
              [0.0100525, 0.00404465, 0.985848, 5.45291e-05], 
              [0.987857, 0.00404465, 0.00604425, 0.00205413], 
              [0.146025, 0.0100435, 0.0400375, 0.803894], 
              [0.92187, 0.0160423, 0.0420371, 0.0200505], 
              [0.867881, 0.00204505, 0.0940267, 0.0360473], 
              [0.329989, 0.224001, 0.403965, 0.0420461], 
              [0.557943, 0.120021, 0.255994, 0.0660413], 
              [0.443966, 0.0800295, 0.224001, 0.252004]
            ]
          }, {
            "db": 0,
            "id": "GATA4_HUMAN.H11MO.0.A",
            "len": 10,
            "nsites": 500,
            "evalue": "1.0e+000",
            "url": "http://hocomoco.autosome.ru/motif/GATA4_HUMAN.H11MO.0.A",
            "pwm": [
              [0.367981, 0.12802, 0.311983, 0.192016], 
              [0.188017, 0.429959, 0.283989, 0.0980349], 
              [0.663922, 0.00804385, 0.0160423, 0.311992], 
              [0.00405373, 4.54509e-05, 0.995846, 5.45291e-05], 
              [0.979859, 0.00404465, 0.00804385, 0.00805293], 
              [0.00805293, 0.0220411, 0.0400375, 0.929869], 
              [0.961862, 0.00404465, 0.00404465, 0.0300485], 
              [0.917871, 0.00204505, 0.0700315, 0.0100525], 
              [0.0940357, 0.182009, 0.697906, 0.0260493], 
              [0.569941, 0.142017, 0.255994, 0.0320481]
            ]
          }, {
            "db": 0,
            "id": "GATA5_HUMAN.H11MO.0.D",
            "len": 17,
            "nsites": 13,
            "evalue": "1.0e+000",
            "url": "http://hocomoco.autosome.ru/motif/GATA5_HUMAN.H11MO.0.D",
            "pwm": [
              [0.310057, 0.0787291, 0.0872839, 0.52393], 
              [0.395606, 0.292601, 0.232717, 0.0790756], 
              [0.703582, 0.138613, 0.0787291, 0.0790756], 
              [0.301503, 0.164278, 0.318266, 0.215954], 
              [0.52393, 0.00173511, 0.164278, 0.310057], 
              [0.00208168, 0.00173511, 0.994102, 0.00208168], 
              [0.994448, 0.00173511, 0.00173511, 0.00208168], 
