<!DOCTYPE HTML>
<html>
  <head>
    <meta charset="UTF-8">
    <title>SpaMo - Spaced Motif Analysis</title>
    <script type="text/javascript">
      //@JSON_VAR data
      var data = {"program":"SpaMo","version":"4.12.0","revision":"aacc9c3eb8c7b460b344d5c8aa1458097dae704d","release":"Tue Jun 27 16:22:50 2017 -0700","host":"Sudins-iMac.local","when":"Thu May 24 17:09:51 2018","cmd":["spamo","-verbosity","1","-oc","results/AHRpeaks_oneAHRE.bed.fa/hocomoco/spamo_out_5","-bgfile","results/AHRpeaks_oneAHRE.bed.fa/hocomoco/background","-primary","GARCCCAGGARRSRGWGGWKGCASTGAGSC","results/AHRpeaks_oneAHRE.bed.fa/hocomoco/AHRpeaks_oneAHRE.bed.fa","results/AHRpeaks_oneAHRE.bed.fa/hocomoco/meme_out/meme.xml","results/AHRpeaks_oneAHRE.bed.fa/hocomoco/meme_out/meme.xml","results/AHRpeaks_oneAHRE.bed.fa/hocomoco/dreme_out/dreme.xml","/Users/filipov4/meme/db/motif_databases/HUMAN/HOCOMOCOv11_full_HUMAN_mono_meme_format.meme"],"options":{"seq_min_hit_score":7,"margin":150,"bin_size":1,"bin_pvalue_calc_range":150,"use_best_secondary":0,"seq_max_shared_fract":0.5,"seq_odds_ratio":20,"bin_pvalue_cutoff":0.05,"motif_evalue_cutoff":10,"redundant_overlap":2,"redundant_joint":0.5,"motif_pseudocount":0.1,"bgfile":"results/AHRpeaks_oneAHRE.bed.fa/hocomoco/background","motif_trim":0.25,"xalph":0,"seed":1,"bin_max":17},"alphabet":{"name":"DNA","like":"dna","ncore":4,"symbols":[{"symbol":"A","name":"Adenine","colour":"CC0000","complement":"T"},{"symbol":"C","name":"Cytosine","colour":"0000CC","complement":"G"},{"symbol":"G","name":"Guanine","colour":"FFB300","complement":"C"},{"symbol":"T","aliases":"U","name":"Thymine","colour":"008000","complement":"A"},{"symbol":"N","aliases":"X.","name":"Any base","equals":"ACGT"},{"symbol":"V","name":"Not T","equals":"ACG"},{"symbol":"H","name":"Not G","equals":"ACT"},{"symbol":"D","name":"Not C","equals":"AGT"},{"symbol":"B","name":"Not A","equals":"CGT"},{"symbol":"M","name":"Amino","equals":"AC"},{"symbol":"R","name":"Purine","equals":"AG"},{"symbol":"W","name":"Weak","equals":"AT"},{"symbol":"S","name":"Strong","equals":"CG"},{"symbol":"Y","name":"Pyrimidine","equals":"CT"},{"symbol":"K","name":"Keto","equals":"GT"}]},"background":[0.2754,0.2246,0.2246,0.2754],"sequence_dbs":[{"source":"results/AHRpeaks_oneAHRE.bed.fa/hocomoco/AHRpeaks_oneAHRE.bed.fa","name":"AHRpeaks_oneAHRE.bed","last_modified":"Thu May 24 11:14:28 2018","loaded":843,"excluded_too_short":1,"excluded_no_match":764,"excluded_ambigs":0,"excluded_similar":5,"erased_primary_matches":4}],"primary_dbs":[{"source":"results/AHRpeaks_oneAHRE.bed.fa/hocomoco/meme_out/meme.xml","name":"meme.xml","last_modified":"Thu May 24 17:08:03 2018","loaded":6,"excluded":5}],"secondary_dbs":[{"source":"results/AHRpeaks_oneAHRE.bed.fa/hocomoco/meme_out/meme.xml","name":"meme.xml","last_modified":"Thu May 24 17:08:03 2018","loaded":7,"excluded":1},{"source":"results/AHRpeaks_oneAHRE.bed.fa/hocomoco/dreme_out/dreme.xml","name":"dreme.xml","last_modified":"Thu May 24 17:08:39 2018","loaded":7,"excluded":0},{"source":"/Users/filipov4/meme/db/motif_databases/HUMAN/HOCOMOCOv11_full_HUMAN_mono_meme_format.meme","name":"HOCOMOCOv11_full_HUMAN_mono_meme_format","last_modified":"Wed Dec  6 21:59:30 2017","loaded":771,"excluded":0}],"secondary_motifs":[{"db":0,"id":"AAAMAAARWAAAWAAA","alt":"MEME-3","len":16,"ltrim":0,"rtrim":0,"nsites":50,"evalue":"1.7e-012","pwm":[[0.958634,0.000448304,0.000448304,0.0404699],[0.958634,0.000448304,0.000448304,0.0404699],[0.958634,0.000448304,0.000448304,0.0404699],[0.439671,0.39965,0.160129,0.0005497],[0.739073,0.000448304,0.000448304,0.260031],[0.599352,0.120209,0.160129,0.12031],[0.838873,0.000448304,0.0603285,0.10035],[0.579392,0.000448304,0.31981,0.10035],[0.619312,0.000448304,0.000448304,0.379791],[0.699152,0.000448304,0.000448304,0.299951],[0.759033,0.0603285,0.140169,0.0404699],[0.759033,0.0802886,0.000448304,0.16023],[0.559432,0.000448304,0.000448304,0.439671],[0.778993,0.140169,0.0403685,0.0404699],[0.798953,0.000448304,0.100249,0.10035],[0.719113,0.000448304,0.279889,0.0005497]]},{"db":0,"id":"CCHCACCCTSCC","alt":"MEME-5","len":12,"ltrim":0,"rtrim":0,"nsites":35,"evalue":"5.3e-006","pwm":[[0.000784615,0.798361,0.000639886,0.200215],[0.000784615,0.82685,0.000639886,0.171725],[0.285685,0.34252,0.000639886,0.371155],[0.000784615,0.940811,0.0576201,0.000784615],[0.542095,0.22856,0.000639886,0.228704],[0.000784615,0.997791,0.000639886,0.000784615],[0.000784615,0.997791,0.000639886,0.000784615],[0.000784615,0.82685,0.17158,0.000784615],[0.257195,0.20007,0.000639886,0.542095],[0.000784615,0.655911,0.34252,0.000784615],[0.285685,0.712891,0.000639886,0.000784615],[0.000784615,0.912321,0.000639886,0.0862544]]},{"db":0,"id":"CTCTGTCACSCAGGCTGGARTGCAGTGGCG","alt":"MEME-6","len":30,"ltrim":0,"rtrim":0,"nsites":5,"evalue":"7.6e-006","pwm":[[0.0054,0.984796,0.00440392,0.0054],[0.0054,0.00440392,0.00440392,0.985792],[0.0054,0.788718,0.200482,0.0054],[0.0054,0.00440392,0.00440392,0.985792],[0.0054,0.00440392,0.984796,0.0054],[0.0054,0.200482,0.00440392,0.789714],[0.0054,0.788718,0.00440392,0.201478],[0.789714,0.00440392,0.200482,0.0054],[0.0054,0.788718,0.00440392,0.201478],[0.0054,0.592639,0.396561,0.0054],[0.201478,0.592639,0.00440392,0.201478],[0.789714,0.00440392,0.200482,0.0054],[0.0054,0.00440392,0.984796,0.0054],[0.201478,0.00440392,0.788718,0.0054],[0.0054,0.788718,0.00440392,0.201478],[0.0054,0.00440392,0.00440392,0.985792],[0.0054,0.00440392,0.984796,0.0054],[0.201478,0.00440392,0.788718,0.0054],[0.985792,0.00440392,0.00440392,0.0054],[0.397557,0.00440392,0.592639,0.0054],[0.0054,0.00440392,0.00440392,0.985792],[0.0054,0.00440392,0.984796,0.0054],[0.0054,0.984796,0.00440392,0.0054],[0.593635,0.00440392,0.200482,0.201478],[0.0054,0.00440392,0.984796,0.0054],[0.0054,0.00440392,0.00440392,0.985792],[0.0054,0.00440392,0.984796,0.0054],[0.201478,0.00440392,0.788718,0.0054],[0.0054,0.592639,0.200482,0.201478],[0.201478,0.00440392,0.788718,0.0054]]},{"db":0,"id":"GCCYCAGGS","alt":"MEME-1","len":9,"ltrim":0,"rtrim":0,"nsites":46,"evalue":"1.8e-010","pwm":[[0.000597397,0.000487202,0.998318,0.000597397],[0.000597397,0.998318,0.000487202,0.000597397],[0.000597397,0.998318,0.000487202,0.000597397],[0.000597397,0.499403,0.000487202,0.499513],[0.000597397,0.998318,0.000487202,0.000597397],[0.521205,0.0655627,0.195715,0.217517],[0.000597397,0.000487202,0.998318,0.000597397],[0.000597397,0.152331,0.846474,0.000597397],[0.000597397,0.542786,0.456019,0.000597397]]},{"db":2,"id":"AP2B_HUMAN.H11MO.0.B","len":10,"ltrim":0,"rtrim":1,"nsites":28,"evalue":"1.0e+000","url":"http://hocomoco.autosome.ru/motif/AP2B_HUMAN.H11MO.0.B","pwm":[[0.0403651,0.000799289,0.780623,0.178213],[0.000980071,0.646714,0.244986,0.10732],[0.000980071,0.961794,0.000799289,0.0364266],[0.115197,0.571882,0.000799289,0.312122],[0.0758116,0.0362458,0.886962,0.000980071],[0.327876,0.31588,0.355265,0.000980071],[0.0718731,0.0362458,0.851516,0.0403651],[0.000980071,0.000799289,0.997241,0.000980071],[0.191013,0.123878,0.675268,0.0098417],[0.222521,0.446835,0.253848,0.0767963]]},{"db":2,"id":"AP2C_HUMAN.H11MO.0.A","len":14,"ltrim":2,"rtrim":2,"nsites":500,"evalue":"1.0e+000","url":"http://hocomoco.autosome.ru/motif/AP2C_HUMAN.H11MO.0.A","pwm":[[0.387206,0.201035,0.269558,0.142202],[0.196091,0.123619,0.166412,0.513879],[0.184615,0.0997971,0.518371,0.197217],[0.00958796,0.506983,0.471843,0.0115858],[0.00385792,0.988131,0.00795642,5.5069e-05],[0.00192292,0.951677,0.00238929,0.0440105],[0.0500603,0.131885,0.025417,0.792638],[0.0354122,4.4911e-05,0.91707,0.0474726],[0.554981,0.0254385,0.415799,0.00378098],[0.073481,4.4911e-05,0.924449,0.00202548],[5.5069e-05,4.4911e-05,0.997962,0.00193817],[0.0289808,0.618169,0.340994,0.0118567],[0.313918,0.351514,0.0971778,0.23739],[0.428245,0.170531,0.241665,0.159559]]},{"db":2,"id":"AP2D_HUMAN.H11MO.0.D","len":14,"ltrim":0,"rtrim":0,"nsites":5,"evalue":"1.0e+000","url":"http://hocomoco.autosome.ru/motif/AP2D_HUMAN.H11MO.0.D","pwm":[[0.233398,0.4832,0.232402,0.0509996],[0.0054,0.00440392,0.984796,0.0054],[0.0054,0.619999,0.186802,0.187799],[0.0054,0.984796,0.00440392,0.0054],[0.0054,0.597199,0.00440392,0.392997],[0.0054,0.00440392,0.984796,0.0054],[0.392997,0.232402,0.369201,0.0054],[0.0054,0.00440392,0.984796,0.0054],[0.0054,0.00440392,0.984796,0.0054],[0.0054,0.802398,0.186802,0.0054],[0.187799,0.232402,0.392001,0.187799],[0.0054,0.802398,0.186802,0.0054],[0.0054,0.186802,0.802398,0.0054],[0.0509996,0.232402,0.0500036,0.666595]]},{"db":2,"id":"ARNT2_HUMAN.H11MO.0.D","len":12,"ltrim":0,"rtrim":0,"nsites":18,"evalue":"1.0e+000","url":"http://hocomoco.autosome.ru/motif/ARNT2_HUMAN.H11MO.0.D","pwm":[[0.193705,0.0836054,0.583893,0.138796],[0.166251,0.28189,0.330699,0.22116],[0.00152155,0.660157,0.22088,0.117442],[0.00152155,0.0561506,0.940806,0.00152155],[0.00152155,0.00124088,0.0561506,0.941087],[0.00152155,0.0561506,0.940806,0.00152155],[0.0564312,0.00124088,0.879796,0.0625323],[0.166251,0.330699,0.39171,0.111341],[0.556719,0.00124088,0.275789,0.166251],[0.00152155,0.330699,0.556439,0.111341],[0.39199,0.00124088,0.495428,0.111341],[0.138796,0.583893,0.193425,0.0838861]]},{"db":2,"id":"ARNT_HUMAN.H11MO.0.B","len":9,"ltrim":1,"rtrim":1,"nsites":500,"evalue":"1.0e+000","url":"http://hocomoco.autosome.ru/motif/ARNT_HUMAN.H11MO.0.B","pwm":[[0.152025,0.283988,0.429959,0.134028],[0.138027,0.0740301,0.241997,0.545946],[0.701915,0.0300389,0.245996,0.0220507],[0.0100531,0.947855,0.00204451,0.0400471],[0.00605387,0.00204451,0.989847,0.00205467],[5.5069e-05,4.4911e-05,0.00204451,0.997856],[5.5069e-05,0.00604371,0.991847,0.00205467],[0.355984,0.52594,0.0240401,0.0940363],[0.154024,0.501945,0.144016,0.200015]]},{"db":2,"id":"ASCL1_HUMAN.H11MO.0.A","len":14,"ltrim":3,"rtrim":1,"nsites":480,"evalue":"1.0e+000","url":"http://hocomoco.autosome.ru/motif/ASCL1_HUMAN.H11MO.0.A","pwm":[[0.189601,0.437456,0.17501,0.197933],[0.218762,0.245829,0.16043,0.374979],[0.220845,0.254161,0.427041,0.0979536],[0.00630606,0.981092,0.00421258,0.00838896],[0.981103,0.00421258,4.67819e-05,0.0146377],[0.00630606,0.614502,0.358305,0.0208864],[0.00838896,0.979009,0.00212968,0.0104719],[0.00838896,0.00212968,0.00212968,0.987352],[0.00422316,0.00421258,0.976927,0.0146377],[0.00838896,0.781134,0.0833628,0.127114],[0.0812904,0.420792,0.00629548,0.491622],[0.102119,0.385383,0.27499,0.237508],[0.13128,0.491611,0.0979431,0.279166],[0.166689,0.406212,0.152098,0.275]]},{"db":2,"id":"ATF3_HUMAN.H11MO.0.A","len":11,"ltrim":0,"rtrim":1,"nsites":500,"evalue":"1.0e+000","url":"http://hocomoco.autosome.ru/motif/ATF3_HUMAN.H11MO.0.A","pwm":[[0.222011,0.0900269,0.579929,0.108033],[0.256004,0.0280393,0.709903,0.00605387],[0.0180515,0.0420365,0.00804331,0.931869],[0.0100531,0.477949,0.507943,0.00405427],[0.939867,0.0240401,0.00404411,0.0320487],[0.00205467,0.813882,0.0420365,0.142027],[0.0380475,0.0180413,0.92586,0.0180515],[0.0280495,0.224,0.00804331,0.739907],[0.266002,0.164012,0.535938,0.0340483],[0.57594,0.104024,0.251995,0.0680415],[0.0940363,0.295986,0.27599,0.333988]]},{"db":2,"id":"ATF6A_HUMAN.H11MO.0.B","len":12,"ltrim":0,"rtrim":0,"nsites":20,"evalue":"1.0e+000","url":"http://hocomoco.autosome.ru/motif/ATF6A_HUMAN.H11MO.0.B","pwm":[[0.185067,0.184814,0.582824,0.0472944],[0.00137015,0.21543,0.322587,0.460612],[0.00137015,0.261355,0.598132,0.139143],[0.0932186,0.399127,0.46036,0.0472944],[0.00137015,0.0317336,0.00111741,0.965779],[0.00137015,0.0470416,0.950218,0.00137015],[0.919855,0.0470416,0.00111741,0.0319863],[0.00137015,0.996142,0.00111741,0.00137015],[0.00137015,0.00111741,0.996142,0.00137015],[0.00137015,0.00111741,0.00111741,0.996395],[0.00137015,0.0929659,0.904294,0.00137015],[0.0932186,0.00111741,0.904294,0.00137015]]},{"db":2,"id":"BACH1_HUMAN.H11MO.0.A","len":13,"ltrim":0,"rtrim":2,"nsites":500,"evalue":"1.0e+000","url":"http://hocomoco.autosome.ru/motif/BACH1_HUMAN.H11MO.0.A","pwm":[[0.0628565,0.168176,0.0975396,0.671428],[0.00921174,0.0664199,0.922331,0.00203713],[0.0209195,0.967521,0.00396936,0.00759063],[0.0362233,0.0795781,0.0801339,0.804065],[0.00390332,0.0613514,0.890882,0.0438629],[0.802826,0.0206139,0.124518,0.0520429],[0.0133166,0.21486,0.763218,0.00860544],[0.00625465,0.0361743,0.145873,0.811698],[0.0162462,0.943687,0.0343116,0.00575501],[0.786287,0.0958325,0.0824482,0.0354327],[0.00983239,0.334257,0.256601,0.39931],[0.151633,0.265551,0.394687,0.188129],[0.10527,0.378559,0.372595,0.143576]]},{"db":2,"id":"BACH2_HUMAN.H11MO.0.A","len":11,"ltrim":0,"rtrim":1,"nsites":500,"evalue":"1.0e+000","url":"http://hocomoco.autosome.ru/motif/BACH2_HUMAN.H11MO.0.A","pwm":[[0.122031,0.0960257,0.0680313,0.713912],[0.0140523,0.0780293,0.893866,0.0140523],[0.0440463,0.92386,0.0120425,0.0200511],[0.0780395,0.0380373,0.00804331,0.87588],[0.0580435,0.0600329,0.793886,0.0880375],[0.757903,0.0380373,0.0560337,0.148025],[0.0440463,0.224,0.669911,0.0620427],[0.0100531,0.0160417,0.00804331,0.965862],[0.0600431,0.919861,0.0160417,0.00405427],[0.963862,0.0120425,0.00804331,0.0160519],[0.0560439,0.319981,0.212003,0.411973]]},{"db":2,"id":"BARX2_HUMAN.H11MO.0.D","len":10,"ltrim":0,"rtrim":0,"nsites":14,"evalue":"1.0e+000","url":"http://hocomoco.autosome.ru/motif/BARX2_HUMAN.H11MO.0.D","pwm":[[0.14268,0.14232,0.0719565,0.643043],[0.00195319,0.431592,0.14232,0.424134],[0.424134,0.14232,0.290865,0.14268],[0.283407,0.150138,0.00159291,0.564862],[0.00195319,0.00159291,0.00159291,0.994861],[0.924497,0.00159291,0.0719565,0.00195319],[0.994861,0.00159291,0.00159291,0.00195319],[0.00195319,0.00159291,0.00159291,0.994861],[0.00195319,0.0719565,0.431592,0.494498],[0.353771,0.00159291,0.501956,0.14268]]},{"db":2,"id":"BATF_HUMAN.H11MO.1.A","len":11,"ltrim":1,"rtrim":1,"nsites":500,"evalue":"1.0e+000","url":"http://hocomoco.autosome.ru/motif/BATF_HUMAN.H11MO.1.A","pwm":[[0.32399,0.0680313,0.391967,0.216012],[0.57394,0.218001,0.192007,0.0160519],[0.0140523,0.00404411,0.00404411,0.97786],[5.5069e-05,0.0120425,0.933858,0.0540443],[0.967862,0.0100429,0.00804331,0.0140523],[0.0100531,0.513942,0.0540341,0.421971],[0.0280495,0.0280393,0.431959,0.511953],[0.0940363,0.87587,0.0140421,0.0160519],[0.97586,0.0180413,4.4911e-05,0.00605387],[0.609933,0.0560337,0.144016,0.190017],[0.238007,0.283988,0.100025,0.377979]]},{"db":2,"id":"BHA15_HUMAN.H11MO.0.B","len":11,"ltrim":0,"rtrim":0,"nsites":500,"evalue":"1.0e+000","url":"http://hocomoco.autosome.ru/motif/BHA15_HUMAN.H11MO.0.B","pwm":[[0.172021,0.285988,0.471951,0.0700411],[0.152025,0.449955,0.295986,0.102035],[0.687917,0.0680313,0.200005,0.0440463],[0.279999,0.108023,0.609923,0.00205467],[0.0560439,0.921861,0.0160417,0.00605387],[0.983858,0.00404411,0.0100429,0.00205467],[0.00605387,0.00404411,0.963852,0.0260499],[0.0540443,0.877869,0.0640321,0.00405427],[0.0260499,0.0120425,0.00404411,0.957864],[0.00405427,0.00404411,0.981849,0.0100531],[0.00205467,0.148015,0.633918,0.216012]]},{"db":2,"id":"BHE23_HUMAN.H11MO.0.D","len":12,"ltrim":2,"rtrim":2,"nsites":392,"evalue":"1.0e+000","url":"http://hocomoco.autosome.ru/motif/BHE23_HUMAN.H11MO.0.D","pwm":[[0.412593,0.0988841,0.328417,0.160106],[0.23853,0.19261,0.401741,0.167119],[0.118025,0.498017,0.265933,0.118025],[0.577091,0.0338497,0.288887,0.100172],[0.112287,0.0281113,0.239792,0.61981],[0.568803,0.0179099,0.290799,0.122488],[0.104635,0.00260765,5.72813e-05,0.8927],[7.02372e-05,5.72813e-05,0.999802,7.02372e-05],[0.0128221,0.0561654,0.614696,0.316316],[0.0982595,0.1212,0.144153,0.636388],[0.203462,0.114186,0.402378,0.279973],[0.144804,0.193248,0.381975,0.279973]]},{"db":2,"id":"BPTF_HUMAN.H11MO.0.D","len":12,"ltrim":0,"rtrim":2,"nsites":21,"evalue":"1.0e+000","url":"http://hocomoco.autosome.ru/motif/BPTF_HUMAN.H11MO.0.D","pwm":[[0.0960919,0.0958512,0.380211,0.427845],[0.0486986,0.00106446,0.380211,0.570026],[0.0960919,0.0484578,0.190638,0.664812],[0.143485,0.238031,0.332818,0.285665],[0.0486986,0.00106446,0.00106446,0.949173],[0.00130521,0.00106446,0.0484578,0.949173],[0.00130521,0.00106446,0.759358,0.238272],[0.0486986,0.143245,0.00106446,0.806992],[0.0486986,0.00106446,0.474998,0.475239],[0.0486986,0.0958512,0.332818,0.522632],[0.143485,0.143245,0.285425,0.427845],[0.190879,0.427605,0.285425,0.0960919]]},{"db":2,"id":"BRAC_HUMAN.H11MO.1.B","len":11,"ltrim":1,"rtrim":1,"nsites":500,"evalue":"1.0e+000","url":"http://hocomoco.autosome.ru/motif/BRAC_HUMAN.H11MO.1.B","pwm":[[0.467961,0.0880273,0.210003,0.234008],[0.248005,0.0380373,0.581929,0.132029],[0.0340483,0.253994,0.699905,0.0120527],[0.0140523,0.0100429,0.00404411,0.971861],[0.00605387,4.4911e-05,0.979849,0.0140523],[0.208013,0.00604371,0.110023,0.67592],[0.0240503,0.110023,0.761893,0.104034],[0.941867,0.0100429,0.0440361,0.00405427],[0.695916,0.0100429,0.257993,0.0360479],[0.509953,0.108023,0.235998,0.146026],[0.295996,0.114022,0.247995,0.341987]]},{"db":2,"id":"CEBPD_HUMAN.H11MO.0.C","len":11,"ltrim":0,"rtrim":0,"nsites":500,"evalue":"1.0e+000","url":"http://hocomoco.autosome.ru/motif/CEBPD_HUMAN.H11MO.0.C","pwm":[[0.454464,0.232498,0.268491,0.0445462],[0.00255457,0.130519,0.0205408,0.846386],[0.00655377,0.0285392,0.0185412,0.946366],[0.0425466,0.0265396,0.812382,0.118531],[0.0165518,0.960353,0.0105428,0.0125526],[0.458463,0.120521,0.278489,0.142527],[0.122531,0.580429,0.0265396,0.270501],[0.590437,0.382468,0.00454401,0.0225506],[0.828389,0.064532,0.044536,0.0625426],[0.0240503,0.481949,0.178009,0.315992],[0.208013,0.487947,0.0720305,0.232009]]},{"db":2,"id":"CEBPE_HUMAN.H11MO.0.A","len":12,"ltrim":0,"rtrim":1,"nsites":812,"evalue":"1.0e+000","url":"http://hocomoco.autosome.ru/motif/CEBPE_HUMAN.H11MO.0.A","pwm":[[0.112288,0.107033,0.201588,0.579091],[3.39121e-05,2.76567e-05,0.0992356,0.900703],[0.227297,2.76567e-05,0.465492,0.307184],[0.047431,0.570536,0.218068,0.163965],[0.0859548,2.76567e-05,0.913984,3.39121e-05],[0.320881,0.445734,0.000707465,0.232677],[0.846995,0.151406,0.00156529,3.39121e-05],[0.999911,2.76567e-05,2.76567e-05,3.39121e-05],[3.39121e-05,0.149702,0.0107588,0.839505],[0.264577,0.485648,0.0407434,0.209031],[0.212991,0.0703415,0.180693,0.535975],[0.112939,0.311439,0.205295,0.370327]]},{"db":2,"id":"CR3L2_HUMAN.H11MO.0.D","len":13,"ltrim":0,"rtrim":0,"nsites":1219,"evalue":"1.0e+000","url":"http://hocomoco.autosome.ru/motif/CR3L2_HUMAN.H11MO.0.D","pwm":[[0.109119,0.150129,0.101733,0.639019],[0.087177,0.0830715,0.723708,0.106043],[0.430668,0.185401,0.21083,0.173101],[0.131267,0.0812259,0.0246267,0.76288],[0.00350877,0.217597,0.725349,0.0535457],[0.992763,0.00104377,0.00268432,0.00350877],[0.00248342,0.989273,0.00494009,0.0033037],[2.25904e-05,0.00165898,0.996655,0.00166314],[0.00207328,0.00370967,0.00370967,0.990507],[0.00453412,0.00863133,0.983121,0.00371384],[0.134548,0.126341,0.588157,0.150954],[0.135368,0.598001,0.131263,0.135368],[0.542021,0.143362,0.176993,0.137624]]},{"db":2,"id":"CRX_HUMAN.H11MO.0.B","len":13,"ltrim":1,"rtrim":1,"nsites":500,"evalue":"1.0e+000","url":"http://hocomoco.autosome.ru/motif/CRX_HUMAN.H11MO.0.B","pwm":[[0.248005,0.164012,0.152015,0.435968],[0.533948,0.104024,0.261993,0.100035],[0.57394,0.0460357,0.27599,0.104034],[0.172021,0.0920265,0.565932,0.170021],[0.497955,0.164012,0.261993,0.0760399],[0.192017,0.00604371,0.77589,0.0260499],[0.0320487,0.0100429,0.935858,0.0220507],[0.763902,0.218001,0.0160417,0.00205467],[5.5069e-05,4.4911e-05,4.4911e-05,0.999855],[0.0220507,0.0580333,0.0240401,0.895876],[0.879879,0.00404411,0.0340381,0.0820387],[0.270001,0.0660317,0.52594,0.138027],[0.234008,0.32398,0.343976,0.0980355]]},{"db":2,"id":"CXXC1_HUMAN.H11MO.0.D","len":7,"ltrim":0,"rtrim":0,"nsites":58,"evalue":"1.0e+000","url":"http://hocomoco.autosome.ru/motif/CXXC1_HUMAN.H11MO.0.D","pwm":[[0.0869283,0.739302,0.00999261,0.163777],[0.00047401,0.000386575,0.947433,0.0517062],[0.0708247,0.0963533,0.301095,0.531727],[0.00047401,0.000386575,0.147586,0.851554],[0.0901303,0.0131946,0.627232,0.269443],[0.0517062,0.0131946,0.486344,0.448756],[0.154171,0.537576,0.0388107,0.269443]]},{"db":2,"id":"DLX1_HUMAN.H11MO.0.D","len":16,"ltrim":1,"rtrim":0,"nsites":16252,"evalue":"1.0e+000","url":"http://hocomoco.autosome.ru/motif/DLX1_HUMAN.H11MO.0.D","pwm":[[0.356832,0.136116,0.136793,0.370259],[0.452964,0.0963249,0.0763797,0.374331],[0.532742,0.0579051,0.0766994,0.332654],[0.46403,0.0493463,0.0743762,0.412248],[0.339625,0.0394755,0.110197,0.510702],[0.22041,0.0722777,0.11822,0.589093],[0.562225,0.0896901,0.152019,0.196065],[0.164777,0.141951,0.203084,0.490189],[0.12521,0.153758,0.584949,0.136083],[0.101867,0.460239,0.302962,0.134932],[0.220662,0.128848,0.000135654,0.650354],[0.992561,0.0030656,0.0043524,2.08763e-05],[0.996767,0.000739068,0.000854159,0.0016393],[0.0116506,0.0106561,0.00950842,0.968185],[0.0369357,0.0356759,0.0740187,0.85337],[0.594043,0.108977,0.168693,0.128288]]},{"db":2,"id":"DLX3_HUMAN.H11MO.0.C","len":10,"ltrim":0,"rtrim":1,"nsites":34,"evalue":"1.0e+000","url":"http://hocomoco.autosome.ru/motif/DLX3_HUMAN.H11MO.0.C","pwm":[[0.173381,0.128478,0.659023,0.0391183],[0.412098,0.403735,0.18336,0.000807624],[0.000807624,0.0230358,0.000658651,0.975498],[0.975498,0.000658651,0.0230358,0.000807624],[0.997875,0.000658651,0.000658651,0.000807624],[0.000807624,0.000658651,0.000658651,0.997875],[0.000807624,0.000658651,0.0454129,0.953121],[0.541543,0.000658651,0.363797,0.0940007],[0.161132,0.51562,0.277686,0.0455619],[0.445591,0.15454,0.102704,0.297165]]},{"db":2,"id":"DLX5_HUMAN.H11MO.0.D","len":11,"ltrim":0,"rtrim":1,"nsites":464,"evalue":"1.0e+000","url":"http://hocomoco.autosome.ru/motif/DLX5_HUMAN.H11MO.0.D","pwm":[[0.243541,0.0668443,0.0431426,0.646472],[0.715422,0.0905461,0.165961,0.0280705],[0.905037,0.0302143,0.0259049,0.0388441],[0.017297,0.0237502,0.0215955,0.937357],[0.0496176,0.0302143,0.127176,0.792992],[0.661555,0.0625349,0.215519,0.0603912],[0.0582365,0.402979,0.0582255,0.480559],[0.650781,0.00435781,0.120712,0.224149],[0.0474629,0.0259049,0.674472,0.25216],[0.103485,0.142259,0.571046,0.18321],[0.06901,0.17027,0.370658,0.390061]]},{"db":2,"id":"E2F1_HUMAN.H11MO.0.A","len":14,"ltrim":4,"rtrim":2,"nsites":500,"evalue":"1.0e+000","url":"http://hocomoco.autosome.ru/motif/E2F1_HUMAN.H11MO.0.A","pwm":[[0.327989,0.160013,0.377969,0.134028],[0.236008,0.200005,0.451955,0.112033],[0.272001,0.210003,0.289987,0.228009],[0.190017,0.102025,0.465952,0.242007],[0.0820387,0.200005,0.703904,0.0140523],[0.0180515,0.00604371,0.965852,0.0100531],[0.0560439,0.921861,0.00404411,0.0180515],[0.0160519,0.00804331,0.957853,0.0180515],[0.0220507,0.0820285,0.889867,0.00605387],[0.0680415,0.0340381,0.889867,0.00805347],[0.855884,0.0200409,0.0900269,0.0340483],[0.653924,0.0640321,0.271991,0.0100531],[0.399975,0.140017,0.365972,0.0940363],[0.272001,0.164012,0.395966,0.168021]]},{"db":2,"id":"E2F3_HUMAN.H11MO.0.A","len":11,"ltrim":2,"rtrim":0,"nsites":500,"evalue":"1.0e+000","url":"http://hocomoco.autosome.ru/motif/E2F3_HUMAN.H11MO.0.A","pwm":[[0.37598,0.140017,0.208003,0.276],[0.262003,0.0460357,0.409963,0.281999],[0.12603,0.12402,0.67591,0.0740403],[0.0340483,0.00604371,0.955854,0.00405427],[0.12403,0.769891,0.0200409,0.0860379],[0.152025,0.00404411,0.683908,0.160023],[0.0960359,0.0200409,0.867871,0.0160519],[0.0180515,0.0100429,0.957853,0.0140523],[0.833888,0.0380373,0.118021,0.0100531],[0.711913,0.0620325,0.200005,0.0260499],[0.533948,0.110023,0.249995,0.106034]]},{"db":2,"id":"E2F4_HUMAN.H11MO.0.A","len":13,"ltrim":0,"rtrim":2,"nsites":500,"evalue":"1.0e+000","url":"http://hocomoco.autosome.ru/motif/E2F4_HUMAN.H11MO.0.A","pwm":[[0.146026,0.257993,0.505944,0.0900371],[0.277999,0.0960257,0.461953,0.164022],[0.244006,0.100025,0.52594,0.130029],[0.100035,0.188007,0.695906,0.0160519],[0.00405427,0.0360377,0.957853,0.00205467],[0.0120527,0.97385,4.4911e-05,0.0140523],[0.0360479,0.00204451,0.945856,0.0160519],[0.00405427,0.0380373,0.949855,0.00805347],[0.0900371,0.0140421,0.893866,0.00205467],[0.715912,0.0220405,0.249995,0.0120527],[0.535948,0.200005,0.222001,0.0420467],[0.381979,0.188007,0.281989,0.148025],[0.254004,0.114022,0.305984,0.32599]]},{"db":2,"id":"E2F4_HUMAN.H11MO.1.A","len":14,"ltrim":0,"rtrim":0,"nsites":500,"evalue":"1.0e+000","url":"http://hocomoco.autosome.ru/motif/E2F4_HUMAN.H11MO.1.A","pwm":[[0.106034,0.224,0.647915,0.0220507],[0.0120527,0.0860277,0.901865,5.5069e-05],[0.0420467,0.931859,0.00804331,0.0180515],[0.0200511,0.00204451,0.963852,0.0140523],[0.0180515,0.245996,0.731899,0.00405427],[0.0320487,0.0740301,0.871871,0.0220507],[0.749905,0.0980253,0.136018,0.0160519],[0.717911,0.0620325,0.172011,0.0480455],[0.393976,0.132019,0.255994,0.218011],[0.22401,0.122021,0.200005,0.453964],[0.146026,0.204004,0.184008,0.465962],[0.130029,0.321981,0.202005,0.345986],[0.313992,0.17601,0.331979,0.178019],[0.471961,0.100025,0.315982,0.112033]]},{"db":2,"id":"E2F6_HUMAN.H11MO.0.A","len":13,"ltrim":1,"rtrim":2,"nsites":500,"evalue":"1.0e+000","url":"http://hocomoco.autosome.ru/motif/E2F6_HUMAN.H11MO.0.A","pwm":[[0.337987,0.148015,0.341977,0.172021],[0.262003,0.0340381,0.555934,0.148025],[0.154024,0.12602,0.699905,0.0200511],[0.0100531,0.0160417,0.963852,0.0100531],[0.214012,0.707903,0.0120425,0.0660419],[0.0400471,0.0180413,0.893866,0.0480455],[0.0240503,0.0480353,0.895866,0.0320487],[0.0720407,0.0440361,0.871871,0.0120527],[0.941867,0.0320385,0.0140421,0.0120527],[0.511953,0.0360377,0.435958,0.0160519],[0.383978,0.108023,0.437957,0.0700411],[0.277999,0.218001,0.377969,0.12603],[0.276,0.162013,0.42596,0.136028]]},{"db":2,"id":"E2F7_HUMAN.H11MO.0.B","len":13,"ltrim":0,"rtrim":3,"nsites":500,"evalue":"1.0e+000","url":"http://hocomoco.autosome.ru/motif/E2F7_HUMAN.H11MO.0.B","pwm":[[0.196016,0.148015,0.529939,0.12603],[0.337987,0.0320385,0.415962,0.214012],[0.142027,0.0820285,0.771891,0.00405427],[0.0440463,0.00404411,0.941857,0.0100531],[0.0840383,0.853874,0.00404411,0.0580435],[0.140027,0.0160417,0.813882,0.0300491],[0.0220507,0.0120425,0.957853,0.00805347],[0.204014,0.00604371,0.77589,0.0140523],[0.713912,0.00404411,0.27599,0.00605387],[0.603934,0.138017,0.239997,0.0180515],[0.427969,0.192007,0.224,0.156024],[0.343986,0.0860277,0.355974,0.214012],[0.260003,0.152015,0.485948,0.102035]]},{"db":2,"id":"EGR1_HUMAN.H11MO.0.A","len":17,"ltrim":4,"rtrim":1,"nsites":500,"evalue":"1.0e+000","url":"http://hocomoco.autosome.ru/motif/EGR1_HUMAN.H11MO.0.A","pwm":[[0.232009,0.247995,0.409963,0.110033],[0.319991,0.128019,0.317981,0.234008],[0.277999,0.180009,0.459953,0.0820387],[0.236008,0.112023,0.353974,0.297995],[0.112033,0.0300389,0.807883,0.0500451],[0.236008,0.505944,0.0460357,0.212013],[0.0560439,0.0340381,0.869871,0.0400471],[0.0320487,0.00404411,0.409963,0.553944],[0.0920367,0.00204451,0.891867,0.0140523],[0.0160519,0.00404411,0.957853,0.0220507],[0.0240503,0.0320385,0.929859,0.0140523],[0.220011,0.47595,0.00404411,0.299995],[0.0880375,0.0100429,0.841877,0.0600431],[0.110033,0.0220405,0.695906,0.172021],[0.337987,0.128019,0.405964,0.128029],[0.311993,0.0820285,0.455954,0.150025],[0.264002,0.182009,0.435958,0.118031]]},{"db":2,"id":"EGR2_HUMAN.H11MO.0.A","len":18,"ltrim":0,"rtrim":0,"nsites":500,"evalue":"1.0e+000","url":"http://hocomoco.autosome.ru/motif/EGR2_HUMAN.H11MO.0.A","pwm":[[0.216012,0.0740301,0.611923,0.0980355],[0.293996,0.0960257,0.411963,0.198015],[0.228009,0.0740301,0.621921,0.0760399],[0.254004,0.0680313,0.501945,0.17602],[0.319991,0.104024,0.505944,0.0700411],[0.150025,0.104024,0.449955,0.295996],[0.0760399,0.102025,0.765892,0.0560439],[0.369981,0.190007,0.0440361,0.395976],[0.0340483,0.0220405,0.929859,0.0140523],[0.0400471,0.0120425,0.461953,0.485958],[0.182019,0.00604371,0.793886,0.0180515],[0.0360479,0.0140421,0.889867,0.0600431],[0.0240503,0.0400369,0.915862,0.0200511],[0.349985,0.281989,0.0220405,0.345986],[0.0580435,0.00604371,0.87387,0.0620427],[0.0760399,0.0340381,0.781889,0.108033],[0.341987,0.0740301,0.501945,0.0820387],[0.254004,0.0480353,0.561933,0.136028]]},{"db":2,"id":"EGR2_HUMAN.H11MO.1.A","len":16,"ltrim":3,"rtrim":1,"nsites":498,"evalue":"1.0e+000","url":"http://hocomoco.autosome.ru/motif/EGR2_HUMAN.H11MO.1.A","pwm":[[0.194795,0.144594,0.457785,0.202826],[0.281123,0.172701,0.453769,0.0924062],[0.188772,0.100427,0.373464,0.337337],[0.0622918,0.0662968,0.849272,0.0221392],[0.244986,0.365434,0.0582663,0.331314],[0.00607818,0.0181138,0.96973,0.00607818],[0.0121011,0.0100832,0.347365,0.630451],[0.162673,0.00406035,0.813135,0.0201316],[0.0241468,0.0100832,0.923554,0.0422155],[0.0241468,0.0181138,0.953669,0.00407055],[0.321276,0.357403,0.0120909,0.30923],[0.0321774,0.00606798,0.911509,0.050246],[0.0683147,0.0281519,0.712753,0.19078],[0.299192,0.0944037,0.459792,0.146612],[0.220894,0.0803503,0.524036,0.174719],[0.188772,0.164671,0.516006,0.130551]]},{"db":2,"id":"EOMES_HUMAN.H11MO.0.D","len":12,"ltrim":1,"rtrim":0,"nsites":375,"evalue":"1.0e+000","url":"http://hocomoco.autosome.ru/motif/EOMES_HUMAN.H11MO.0.D","pwm":[[0.460713,0.106747,0.287268,0.145272],[0.253928,0.0509356,0.465372,0.229764],[0.220239,0.188869,0.447201,0.14369],[0.83441,0.00814945,0.0691277,0.0883127],[0.265744,5.98774e-05,0.678399,0.0557972],[0.020928,0.0840189,0.88444,0.0106135],[0.023612,0.00282023,0.0155271,0.958041],[7.34204e-05,0.00543541,0.991826,0.00266504],[0.363884,0.181097,0.0268544,0.428164],[0.0530988,0.168743,0.342993,0.435165],[0.898494,0.00821033,0.0321884,0.0611068],[0.656822,0.0351897,0.26285,0.0451388]]},{"db":2,"id":"EPAS1_HUMAN.H11MO.0.B","len":9,"ltrim":1,"rtrim":1,"nsites":500,"evalue":"1.0e+000","url":"http://hocomoco.autosome.ru/motif/EPAS1_HUMAN.H11MO.0.B","pwm":[[0.230009,0.255994,0.445956,0.0680415],[0.166022,0.0700309,0.243996,0.519951],[0.865882,0.0200409,0.108023,0.00605387],[0.0200511,0.911863,0.0260397,0.0420467],[0.0160519,0.0100429,0.969851,0.00405427],[5.5069e-05,4.4911e-05,0.00204451,0.997856],[5.5069e-05,4.4911e-05,0.997845,0.00205467],[0.37398,0.469951,0.0600329,0.0960359],[0.160023,0.489947,0.134018,0.216012]]},{"db":2,"id":"ETV4_HUMAN.H11MO.0.B","len":11,"ltrim":2,"rtrim":2,"nsites":500,"evalue":"1.0e+000","url":"http://hocomoco.autosome.ru/motif/ETV4_HUMAN.H11MO.0.B","pwm":[[0.335988,0.233998,0.329979,0.100035],[0.383978,0.134018,0.319981,0.162023],[0.136028,0.609923,0.233998,0.0200511],[0.955864,0.0100429,0.0200409,0.0140523],[0.00605387,0.00204451,0.97585,0.0160519],[0.0160519,0.0260397,0.957853,5.5069e-05],[0.92387,0.0160417,0.0500349,0.0100531],[0.869881,0.0140421,0.0460357,0.0700411],[0.307993,0.0220405,0.587927,0.0820387],[0.138027,0.178009,0.345976,0.337987],[0.287997,0.132019,0.413962,0.166022]]},{"db":2,"id":"ETV6_HUMAN.H11MO.0.D","len":9,"ltrim":1,"rtrim":1,"nsites":500,"evalue":"1.0e+000","url":"http://hocomoco.autosome.ru/motif/ETV6_HUMAN.H11MO.0.D","pwm":[[0.37398,0.160013,0.303984,0.162023],[0.12603,0.57393,0.269991,0.0300491],[0.915872,0.0100429,0.00404411,0.0700411],[0.00605387,4.4911e-05,0.991847,0.00205467],[0.00405427,0.0100429,0.977849,0.00805347],[0.885878,0.0660317,0.0480353,5.5069e-05],[0.917872,0.00604371,0.0220405,0.0540443],[0.389977,0.0180413,0.503944,0.0880375],[0.122031,0.130019,0.329979,0.417971]]},{"db":2,"id":"FOSB_HUMAN.H11MO.0.A","len":9,"ltrim":1,"rtrim":1,"nsites":500,"evalue":"1.0e+000","url":"http://hocomoco.autosome.ru/motif/FOSB_HUMAN.H11MO.0.A","pwm":[[0.413972,0.206004,0.291987,0.0880375],[0.0100531,0.0120425,0.00204451,0.97586],[0.0120527,0.0140421,0.917861,0.0560439],[0.895876,0.0120425,0.0180413,0.0740403],[0.204014,4.4911e-05,0.795886,5.5069e-05],[0.0180515,0.0300389,0.106024,0.845886],[0.0540443,0.903864,0.0280393,0.0140523],[0.965862,0.0100429,0.00604371,0.0180515],[0.0720407,0.329979,0.229999,0.367981]]},{"db":2,"id":"FOS_HUMAN.H11MO.0.A","len":9,"ltrim":1,"rtrim":0,"nsites":500,"evalue":"1.0e+000","url":"http://hocomoco.autosome.ru/motif/FOS_HUMAN.H11MO.0.A","pwm":[[0.345986,0.216002,0.359973,0.0780395],[0.0100531,0.0180413,0.0100429,0.961863],[0.0160519,0.0340381,0.859873,0.0900371],[0.935868,0.00804331,0.0280393,0.0280495],[0.116032,4.4911e-05,0.883868,5.5069e-05],[0.0220507,0.0260397,0.0240401,0.92787],[0.0420467,0.933858,0.0240401,5.5069e-05],[0.959863,0.0160417,0.0120425,0.0120527],[0.0280495,0.417961,0.263992,0.289997]]},{"db":2,"id":"FOXA1_HUMAN.H11MO.0.A","len":12,"ltrim":0,"rtrim":2,"nsites":500,"evalue":"1.0e+000","url":"http://hocomoco.autosome.ru/motif/FOXA1_HUMAN.H11MO.0.A","pwm":[[0.0160519,4.4911e-05,4.4911e-05,0.983858],[0.246006,0.00404411,0.749895,5.5069e-05],[0.00205467,4.4911e-05,4.4911e-05,0.997856],[0.00405427,4.4911e-05,0.0560337,0.939867],[5.5069e-05,4.4911e-05,0.144016,0.855884],[0.781899,4.4911e-05,0.206004,0.0120527],[0.00805347,0.797885,0.00804331,0.186018],[0.317991,0.138017,0.00404411,0.539947],[0.0320487,0.313982,0.108023,0.545946],[0.463962,0.0200409,0.0160417,0.499955],[0.218011,0.0980253,0.493946,0.190017],[0.108033,0.259993,0.393966,0.238007]]},{"db":2,"id":"FOXA3_HUMAN.H11MO.0.B","len":13,"ltrim":2,"rtrim":0,"nsites":500,"evalue":"1.0e+000","url":"http://hocomoco.autosome.ru/motif/FOXA3_HUMAN.H11MO.0.B","pwm":[[0.158023,0.465952,0.216002,0.160023],[0.228009,0.249995,0.0780293,0.443966],[0.0120527,4.4911e-05,0.00604371,0.981859],[0.246006,0.00804331,0.737897,0.00805347],[0.00805347,0.0220405,0.0140421,0.955864],[0.00605387,4.4911e-05,0.0360377,0.957864],[0.00805347,4.4911e-05,0.271991,0.719911],[0.855884,0.00604371,0.114022,0.0240503],[0.00405427,0.87387,0.0220405,0.100035],[0.367981,0.152015,0.00804331,0.471961],[0.0940363,0.231999,0.106024,0.567941],[0.42597,0.0140421,0.0540341,0.505954],[0.154024,0.116022,0.577929,0.152025]]},{"db":2,"id":"FOXC2_HUMAN.H11MO.0.D","len":15,"ltrim":0,"rtrim":0,"nsites":5,"evalue":"1.0e+000","url":"http://hocomoco.autosome.ru/motif/FOXC2_HUMAN.H11MO.0.D","pwm":[[0.057921,0.0569249,0.617149,0.268005],[0.215484,0.214488,0.00440392,0.565624],[0.0054,0.214488,0.00440392,0.775708],[0.0054,0.00440392,0.00440392,0.985792],[0.215484,0.00440392,0.774712,0.0054],[0.0054,0.00440392,0.00440392,0.985792],[0.0054,0.00440392,0.00440392,0.985792],[0.215484,0.00440392,0.214488,0.565624],[0.35554,0.00440392,0.00440392,0.635652],[0.0054,0.354544,0.634656,0.0054],[0.215484,0.424572,0.00440392,0.35554],[0.0054,0.634656,0.00440392,0.35554],[0.985792,0.00440392,0.00440392,0.0054],[0.0054,0.14446,0.84474,0.0054],[0.478089,0.0569249,0.267009,0.197977]]},{"db":2,"id":"FOXF2_HUMAN.H11MO.0.D","len":11,"ltrim":0,"rtrim":0,"nsites":26,"evalue":"1.0e+000","url":"http://hocomoco.autosome.ru/motif/FOXF2_HUMAN.H11MO.0.D","pwm":[[0.0162485,0.0160539,0.0160539,0.951644],[0.146718,0.000860537,0.82098,0.0314419],[0.00105517,0.000860537,0.0312473,0.966837],[0.122602,0.000860537,0.000860537,0.875677],[0.122602,0.000860537,0.0312473,0.84529],[0.770637,0.000860537,0.227447,0.00105517],[0.00105517,0.7825,0.0312473,0.185197],[0.284651,0.255891,0.0595303,0.399927],[0.0415574,0.0413627,0.010976,0.906104],[0.480972,0.000860537,0.0312473,0.48692],[0.254264,0.010976,0.357288,0.377472]]},{"db":2,"id":"FOXG1_HUMAN.H11MO.0.D","len":17,"ltrim":1,"rtrim":0,"nsites":310,"evalue":"1.0e+000","url":"http://hocomoco.autosome.ru/motif/FOXG1_HUMAN.H11MO.0.D","pwm":[[0.358374,0.152235,0.184559,0.304833],[0.150403,0.111042,0.121203,0.617352],[0.0332467,0.0359995,0.0297199,0.901034],[0.102424,0.0200227,0.857514,0.0200391],[8.881e-05,0.00321219,0.00949172,0.987207],[8.881e-05,7.24283e-05,0.231869,0.76797],[0.00341386,7.24283e-05,0.0926179,0.903896],[0.687427,0.164267,0.108502,0.0398041],[0.0396188,0.353228,0.0255611,0.581592],[0.309123,0.0957577,0.292276,0.302843],[0.191089,0.0710001,0.118652,0.619259],[0.36639,0.0569587,0.178503,0.398148],[0.061641,0.0549745,0.0200665,0.863318],[0.313879,0.0397364,0.316261,0.330124],[0.0491282,0.0747858,0.0882713,0.787815],[0.238739,0.0549282,0.0785741,0.627759],[0.0828857,0.134403,0.197023,0.585689]]},{"db":2,"id":"FOXJ3_HUMAN.H11MO.0.A","len":13,"ltrim":1,"rtrim":0,"nsites":626,"evalue":"1.0e+000","url":"http://hocomoco.autosome.ru/motif/FOXJ3_HUMAN.H11MO.0.A","pwm":[[0.194109,0.146484,0.1647,0.494708],[4.39866e-05,3.58729e-05,3.58729e-05,0.999884],[0.0829658,3.58729e-05,0.91427,0.00272811],[0.00111764,3.58729e-05,3.58729e-05,0.998811],[4.39866e-05,3.58729e-05,3.58729e-05,0.999884],[0.00887679,3.58729e-05,0.175701,0.815387],[0.818155,3.58729e-05,0.0369569,0.144852],[4.39866e-05,0.0711371,3.58729e-05,0.928783],[0.113308,3.58729e-05,0.430177,0.456479],[0.0440587,3.58729e-05,0.325663,0.630242],[0.0528172,3.58729e-05,0.0291526,0.917994],[0.0059087,0.0101697,0.0168407,0.967081],[0.358508,0.0704034,0.138472,0.432617]]},{"db":2,"id":"FOXK1_HUMAN.H11MO.0.A","len":10,"ltrim":0,"rtrim":0,"nsites":500,"evalue":"1.0e+000","url":"http://hocomoco.autosome.ru/motif/FOXK1_HUMAN.H11MO.0.A","pwm":[[0.0200511,0.00804331,0.0100429,0.961863],[0.0760399,0.0200409,0.895866,0.00805347],[0.00605387,0.0860277,0.0200409,0.887878],[0.00205467,0.0100429,0.100025,0.887878],[0.0200511,0.0200409,0.166012,0.793896],[0.491957,0.251995,0.0620325,0.194016],[0.0240503,0.655914,0.0400369,0.279999],[0.303994,0.233998,0.110023,0.351985],[0.154024,0.212003,0.150015,0.483958],[0.116032,0.227999,0.144016,0.511953]]},{"db":2,"id":"FOXO1_HUMAN.H11MO.0.A","len":12,"ltrim":3,"rtrim":1,"nsites":500,"evalue":"1.0e+000","url":"http://hocomoco.autosome.ru/motif/FOXO1_HUMAN.H11MO.0.A","pwm":[[0.186018,0.160013,0.259993,0.393976],[0.0960359,0.309983,0.255994,0.337987],[0.0600431,0.451955,0.253994,0.234008],[0.0400471,0.477949,0.170011,0.311993],[0.00605387,0.0120425,0.0140421,0.967862],[0.0320487,0.0340381,0.917861,0.0160519],[0.00405427,0.186008,0.0160417,0.793896],[0.0100531,0.0300389,0.0620325,0.897876],[0.0120527,0.0400369,0.222001,0.72591],[0.403974,0.224,0.0520345,0.319991],[0.00605387,0.691907,0.0520345,0.250005],[0.22601,0.263992,0.17601,0.333988]]},{"db":2,"id":"FOXO4_HUMAN.H11MO.0.C","len":9,"ltrim":0,"rtrim":0,"nsites":28,"evalue":"1.0e+000","url":"http://hocomoco.autosome.ru/motif/FOXO4_HUMAN.H11MO.0.C","pwm":[[0.036996,0.108847,0.108847,0.74531],[0.000980071,0.000799289,0.000799289,0.997421],[0.000980071,0.000799289,0.997241,0.000980071],[0.000980071,0.000799289,0.000799289,0.997421],[0.000980071,0.000799289,0.000799289,0.997421],[0.000980071,0.000799289,0.148865,0.849356],[0.709294,0.000799289,0.0368152,0.253092],[0.036996,0.348953,0.180879,0.433171],[0.000980071,0.108847,0.360959,0.529214]]},{"db":2,"id":"FOXP1_HUMAN.H11MO.0.A","len":9,"ltrim":0,"rtrim":0,"nsites":295,"evalue":"1.0e+000","url":"http://hocomoco.autosome.ru/motif/FOXP1_HUMAN.H11MO.0.A","pwm":[[0.0577009,0.139012,0.176288,0.626999],[0.0136481,0.281337,0.311835,0.39318],[0.00687069,0.0204082,0.0305742,0.942147],[0.0204254,0.0407403,0.840469,0.0983651],[9.33243e-05,0.0170195,0.0576837,0.925203],[0.00687069,0.0949592,0.0407403,0.85743],[0.0102594,0.0136308,0.0814045,0.894705],[0.525339,0.345722,0.0373516,0.0915877],[0.0170367,0.484658,0.0102422,0.488064]]},{"db":2,"id":"FUBP1_HUMAN.H11MO.0.D","len":12,"ltrim":0,"rtrim":0,"nsites":102,"evalue":"1.0e+000","url":"http://hocomoco.autosome.ru/motif/FUBP1_HUMAN.H11MO.0.D","pwm":[[0.00264836,0.163288,0.031142,0.802922],[0.000269735,0.475944,0.0192489,0.504537],[0.000269735,0.000219981,0.980212,0.0192987],[0.000269735,0.000219981,0.0298206,0.96969],[0.285704,0.179938,0.305741,0.228617],[0.125015,0.219053,0.104879,0.551053],[0.0763856,0.0752787,0.257111,0.591225],[0.0192987,0.0858503,0.0858503,0.809001],[0.0573566,0.0858503,0.0858503,0.770943],[0.0668711,0.104879,0.180995,0.647254],[0.104929,0.122851,0.171481,0.600739],[0.100172,0.0895504,0.119151,0.691127]]},{"db":2,"id":"GFI1_HUMAN.H11MO.0.C","len":10,"ltrim":0,"rtrim":0,"nsites":150,"evalue":"1.0e+000","url":"http://hocomoco.autosome.ru/motif/GFI1_HUMAN.H11MO.0.C","pwm":[[0.291458,0.0696179,0.587338,0.0515863],[0.0778809,0.684249,0.139375,0.0984949],[0.405098,0.100463,0.0757444,0.418694],[0.0521638,0.285474,0.562907,0.0994553],[0.239233,0.0171165,0.0800629,0.663588],[0.000183478,0.000149634,0.999483,0.000183478],[0.999517,0.000149634,0.000149634,0.000183478],[0.000183478,0.000149634,0.000149634,0.999517],[0.000183478,0.000149634,0.000149634,0.999517],[0.103617,0.118133,0.190847,0.587403]]},{"db":2,"id":"GSC_HUMAN.H11MO.0.D","len":11,"ltrim":3,"rtrim":2,"nsites":1241,"evalue":"1.0e+000","url":"http://hocomoco.autosome.ru/motif/GSC_HUMAN.H11MO.0.D","pwm":[[0.472587,0.118864,0.227639,0.18091],[0.371668,0.118663,0.287868,0.221801],[0.177889,0.333392,0.35998