<!DOCTYPE HTML>
<html>
  <head>
    <meta charset="UTF-8">
    <title>TOMTOM</title>
    <script>
      // @JSON_VAR data
      var data = {
        "program": "Tomtom",
        "version": "4.12.0",
        "release": "Tue Jun 27 16:22:50 2017 -0700",
        "cmd": [
          "tomtom", "-verbosity", "1", "-oc",
          "results/AHRpeaks_noAHREs.bed-499.fa/jaspar/dreme_tomtom_out",
          "-min-overlap", "5", "-dist", "pearson", "-evalue", "-thresh", "1",
          "-no-ssc", "-bfile",
          "results/AHRpeaks_noAHREs.bed-499.fa/jaspar/background",
          "results/AHRpeaks_noAHREs.bed-499.fa/jaspar/dreme_out/dreme.xml",
          "/Users/filipov4/meme/db/motif_databases/JASPAR/JASPAR2018_CORE_non-redundant.meme"
        ],
        "options": {
          "strands": "both",
          "distance_measure": "pearson",
          "threshold_type": "evalue",
          "threshold_value": 1,
          "background_source": "file",
          "background_file": "results/AHRpeaks_noAHREs.bed-499.fa/jaspar/background"
        },
        "alphabet": {
          "name": "DNA",
          "like": "dna",
          "ncore": 4,
          "symbols": [
            {
              "symbol": "A",
              "name": "Adenine",
              "colour": "CC0000",
              "complement": "T"
            }, {
              "symbol": "C",
              "name": "Cytosine",
              "colour": "0000CC",
              "complement": "G"
            }, {
              "symbol": "G",
              "name": "Guanine",
              "colour": "FFB300",
              "complement": "C"
            }, {
              "symbol": "T",
              "aliases": "U",
              "name": "Thymine",
              "colour": "008000",
              "complement": "A"
            }, {
              "symbol": "N",
              "aliases": "X.",
              "name": "Any base",
              "equals": "ACGT"
            }, {
              "symbol": "V",
              "name": "Not T",
              "equals": "ACG"
            }, {
              "symbol": "H",
              "name": "Not G",
              "equals": "ACT"
            }, {
              "symbol": "D",
              "name": "Not C",
              "equals": "AGT"
            }, {
              "symbol": "B",
              "name": "Not A",
              "equals": "CGT"
            }, {
              "symbol": "M",
              "name": "Amino",
              "equals": "AC"
            }, {
              "symbol": "R",
              "name": "Purine",
              "equals": "AG"
            }, {
              "symbol": "W",
              "name": "Weak",
              "equals": "AT"
            }, {
              "symbol": "S",
              "name": "Strong",
              "equals": "CG"
            }, {
              "symbol": "Y",
              "name": "Pyrimidine",
              "equals": "CT"
            }, {
              "symbol": "K",
              "name": "Keto",
              "equals": "GT"
            }
          ]
        },
        "background": [0.2918, 0.2082, 0.2082, 0.2918],
        "query_dbs": [
          {
            "source": "results/AHRpeaks_noAHREs.bed-499.fa/jaspar/dreme_out/dreme.xml",
            "name": "dreme",
            "loaded": 4,
            "excluded": 0,
            "last_modified": "Thu May 24 13:17:23 2018"
          }
        ],
        "target_dbs": [
          {
            "source": "/Users/filipov4/meme/db/motif_databases/JASPAR/JASPAR2018_CORE_non-redundant.meme",
            "name": "JASPAR2018 CORE non-redundant",
            "loaded": 1404,
            "excluded": 0,
            "last_modified": "Thu Dec  7 14:38:42 2017"
          }
        ],
        "queries": [
          {
            "db": 0,
            "id": "ATTCMAGA",
            "alt": "DREME-4",
            "len": 8,
            "nsites": 26,
            "evalue": "5.6e-003",
            "pwm": [
              [0.997287, 0.000797701, 0.000797701, 0.00111801], 
              [0.00111801, 0.000797701, 0.000797701, 0.997287], 
              [0.00111801, 0.000797701, 0.000797701, 0.997287], 
              [0.00111801, 0.996966, 0.000797701, 0.00111801], 
              [0.422574, 0.57551, 0.000797701, 0.00111801], 
              [0.997287, 0.000797701, 0.000797701, 0.00111801], 
              [0.00111801, 0.000797701, 0.996966, 0.00111801], 
              [0.997287, 0.000797701, 0.000797701, 0.00111801]
            ]
          }, {
            "db": 0,
            "id": "CASGW",
            "alt": "DREME-3",
            "len": 5,
            "nsites": 684,
            "evalue": "3.6e-006",
            "pwm": [
              [4.26546e-05, 0.999884, 3.04342e-05, 4.26546e-05], 
              [0.999896, 3.04342e-05, 3.04342e-05, 4.26546e-05], 
              [4.26546e-05, 0.192984, 0.80693, 4.26546e-05], 
              [4.26546e-05, 3.04342e-05, 0.999884, 4.26546e-05], 
              [0.535052, 3.04342e-05, 3.04342e-05, 0.464887]
            ]
          }, {
            "db": 0,
            "id": "RYAAAYA",
            "alt": "DREME-1",
            "len": 7,
            "nsites": 482,
            "evalue": "7.7e-026",
            "pwm": [
              [0.535219, 4.31861e-05, 0.464677, 6.05268e-05], 
              [6.05268e-05, 0.502014, 4.31861e-05, 0.497882], 
              [0.999853, 4.31861e-05, 4.31861e-05, 6.05268e-05], 
              [0.999853, 4.31861e-05, 4.31861e-05, 6.05268e-05], 
              [0.999853, 4.31861e-05, 4.31861e-05, 6.05268e-05], 
              [6.05268e-05, 0.56839, 4.31861e-05, 0.431506], 
              [0.999853, 4.31861e-05, 4.31861e-05, 6.05268e-05]
            ]
          }, {
            "db": 0,
            "id": "TGACTCAB",
            "alt": "DREME-2",
            "len": 8,
            "nsites": 61,
            "evalue": "2.5e-007",
            "pwm": [
              [0.000477578, 0.000340753, 0.000340753, 0.998841], 
              [0.000477578, 0.000340753, 0.998704, 0.000477578], 
              [0.998841, 0.000340753, 0.000340753, 0.000477578], 
              [0.000477578, 0.998704, 0.000340753, 0.000477578], 
              [0.000477578, 0.000340753, 0.000340753, 0.998841], 
              [0.000477578, 0.998704, 0.000340753, 0.000477578], 
              [0.998841, 0.000340753, 0.000340753, 0.000477578], 
              [0.000477578, 0.344039, 0.278574, 0.376909]
            ]
          }
        ],
        "targets": [
          {
            "db": 0,
            "id": "MA0030.1",
            "alt": "FOXF2",
            "len": 14,
            "nsites": 27,
            "url": "http://jaspar2018.genereg.net/matrix/MA0030.1",
            "pwm": [
              [0.0379771, 0.369772, 0.259071, 0.33318], 
              [0.37008, 0.259071, 0.18527, 0.185578], 
              [0.628383, 0.14837, 0.0745689, 0.148678], 
              [0.46365, 0.17868, 0.17868, 0.178989], 
              [0.136938, 0.498923, 0.363062, 0.00107675], 
              [0.259379, 0.000768266, 0.738776, 0.00107675], 
              [0.00107675, 0.000768266, 0.000768266, 0.997387], 
              [0.997387, 0.000768266, 0.000768266, 0.00107675], 
              [0.997387, 0.000768266, 0.000768266, 0.00107675], 
              [0.997387, 0.000768266, 0.000768266, 0.00107675], 
              [0.00107675, 0.923278, 0.000768266, 0.0748774], 
              [0.997387, 0.000768266, 0.000768266, 0.00107675], 
              [0.591483, 0.14837, 0.0745689, 0.185578], 
              [0.259379, 0.14837, 0.22217, 0.37008]
            ]
          }, {
            "db": 0,
            "id": "MA0031.1",
            "alt": "FOXD1",
            "len": 8,
            "nsites": 20,
            "url": "http://jaspar2018.genereg.net/matrix/MA0031.1",
            "pwm": [
              [0.051203, 0.0507871, 0.846807, 0.051203], 
              [0.00145174, 0.00103582, 0.00103582, 0.996477], 
              [0.946725, 0.0507871, 0.00103582, 0.00145174], 
              [0.996477, 0.00103582, 0.00103582, 0.00145174], 
              [0.896974, 0.0507871, 0.0507871, 0.00145174], 
              [0.051203, 0.896558, 0.00103582, 0.051203], 
              [0.996477, 0.00103582, 0.00103582, 0.00145174], 
              [0.34971, 0.100538, 0.15029, 0.399462]
            ]
          }, {
            "db": 0,
            "id": "MA0032.2",
            "alt": "FOXC1",
            "len": 11,
            "nsites": 19566,
            "url": "http://jaspar2018.genereg.net/matrix/MA0032.2",
            "pwm": [
              [0.329756, 0.0394569, 0.015538, 0.615249], 
              [0.695237, 0.0353359, 0.202155, 0.0672731], 
              [0.344387, 0.0876136, 0.105678, 0.462323], 
              [0.257364, 0.017801, 0.722131, 0.00270348], 
              [0.108395, 0.0717427, 0.016938, 0.802924], 
              [0.706923, 0.289518, 0.00113306, 0.00242648], 
              [0.991151, 0.00579103, 1.06409e-06, 0.00305748], 
              [0.983558, 0.00298005, 0.00750203, 0.00595946], 
              [0.00649846, 0.467699, 0.00878802, 0.517014], 
              [0.966338, 0.00141206, 0.0226319, 0.00961844], 
              [0.31682, 0.0736507, 0.0523318, 0.557199]
            ]
          }, {
            "db": 0,
            "id": "MA0033.2",
            "alt": "FOXL1",
            "len": 7,
            "nsites": 4933,
            "url": "http://jaspar2018.genereg.net/matrix/MA0033.2",
            "pwm": [
              [0.426107, 0.00263917, 0.542868, 0.0283853], 
              [0.00192688, 0.0799106, 4.22047e-06, 0.918158], 
              [0.874645, 0.114915, 0.010434, 5.91514e-06], 
              [0.98902, 0.00786706, 4.22047e-06, 0.00310985], 
              [0.973113, 0.0166979, 0.010183, 5.91514e-06], 
              [5.91514e-06, 0.778858, 4.22047e-06, 0.221131], 
              [0.98535, 0.011136, 4.22047e-06, 0.00350984]
            ]
          }, {
            "db": 0,
            "id": "MA0041.1",
            "alt": "Foxd3",
            "len": 12,
            "nsites": 47,
            "url": "http://jaspar2018.genereg.net/matrix/MA0041.1",
            "pwm": [
              [0.234166, 0.0641365, 0.552459, 0.149239], 
              [0.637562, 0.0429047, 0.000442038, 0.319091], 
              [0.510173, 0.0216739, 0.000442038, 0.467711], 
              [0.0218514, 0.0853673, 0.000442038, 0.892339], 
              [0.255396, 0.000442038, 0.72231, 0.0218514], 
              [0.000619533, 0.000442038, 0.000442038, 0.998496], 
              [0.0218514, 0.000442038, 0.000442038, 0.977265], 
              [0.106777, 0.000442038, 0.212756, 0.680025], 
              [0.297859, 0.000442038, 0.446302, 0.255396], 
              [0.128008, 0.149062, 0.000442038, 0.722488], 
              [0.0218514, 0.0429047, 0.0853673, 0.849877], 
              [0.000619533, 0.255219, 0.000442038, 0.743719]
            ]
          }, {
            "db": 0,
            "id": "MA0042.2",
            "alt": "FOXI1",
            "len": 7,
            "nsites": 5832,
            "url": "http://jaspar2018.genereg.net/matrix/MA0042.2",
            "pwm": [
              [0.10597, 0.00669046, 0.887334, 5.00334e-06], 
              [0.0138518, 0.0112314, 0.00655246, 0.968364], 
              [0.899677, 0.093882, 0.00643646, 5.00334e-06], 
              [0.995563, 0.00442849, 3.5699e-06, 5.00334e-06], 
              [0.977694, 0.0043485, 0.00548248, 0.0124738], 
              [0.0253676, 0.836015, 0.00775744, 0.130859], 
              [0.992889, 0.00230553, 0.00480049, 5.00334e-06]
            ]
          }, {
            "db": 0,
            "id": "MA0047.2",
            "alt": "Foxa2",
            "len": 12,
            "nsites": 808,
            "url": "http://jaspar2018.genereg.net/matrix/MA0047.2",
            "pwm": [
              [0.00127396, 0.00126361, 0.00126361, 0.9962], 
              [0.273179, 0.00373331, 0.719344, 0.00374365], 
              [0.00127196, 0.00126161, 0.00126161, 0.996205], 
              [0.00127196, 0.00373331, 0.0445193, 0.950474], 
              [0.00126896, 0.00125861, 0.215782, 0.78169], 
              [0.908566, 0.00496315, 0.0827315, 0.00373965], 
              [0.0025048, 0.894977, 0.00249446, 0.100024], 
              [0.417784, 0.095193, 0.00373331, 0.483289], 
              [0.0618335, 0.32755, 0.0717099, 0.538906], 
              [0.516701, 0.00745984, 0.0297621, 0.446078], 
              [0.162547, 0.0657746, 0.597967, 0.173712], 
              [0.160664, 0.242835, 0.361127, 0.235374]
            ]
          }, {
            "db": 0,
            "id": "MA0092.1",
            "alt": "Hand1::Tcf3",
            "len": 10,
            "nsites": 29,
            "url": "http://jaspar2018.genereg.net/matrix/MA0092.1",
            "pwm": [
              [0.13846, 0.275629, 0.344358, 0.241552], 
              [0.344646, 0.000715464, 0.516179, 0.13846], 
              [0.0697318, 0.0694445, 0.03508, 0.825745], 
              [0.00100275, 0.962915, 0.000715464, 0.0353673], 
              [0.00100275, 0.000715464, 0.000715464, 0.997566], 
              [0.00100275, 0.000715464, 0.997279, 0.00100275], 
              [0.00100275, 0.103808, 0.859822, 0.0353673], 
              [0.310281, 0.481815, 0.03508, 0.172824], 
              [0.550831, 0.000715464, 0.103808, 0.344646], 
              [0.172824, 0.138172, 0.138172, 0.550831]
            ]
          }, {
            "db": 0,
            "id": "MA0099.3",
            "alt": "FOS::JUN",
            "len": 10,
            "nsites": 1000,
            "url": "http://jaspar2018.genereg.net/matrix/MA0099.3",
            "pwm": [
              [0.59197, 0.11101, 0.256995, 0.0400252], 
              [0.00302888, 0.00502032, 0.00202062, 0.98993], 
              [0.00702848, 0.00102072, 0.823938, 0.168012], 
              [0.819947, 0.131008, 0.00402042, 0.0450247], 
              [0.0780214, 0.180003, 0.687952, 0.0540238], 
              [0.00502868, 0.00202062, 0.00202062, 0.99093], 
              [0.0300262, 0.962925, 0.00302052, 0.00402878], 
              [0.99193, 0.00202062, 0.00202062, 0.00402878], 
              [0.0240268, 0.31299, 0.0950113, 0.567972], 
              [0.277001, 0.396981, 0.164004, 0.162013]
            ]
          }, {
            "db": 0,
            "id": "MA0148.3",
            "alt": "FOXA1",
            "len": 15,
            "nsites": 22008,
            "url": "http://jaspar2018.genereg.net/matrix/MA0148.3",
            "pwm": [
              [0.196656, 0.219329, 0.187386, 0.396628], 
              [0.211696, 0.311296, 0.214967, 0.262041], 
              [0.139132, 0.388858, 0.241458, 0.230553], 
              [0.3242, 0.196156, 0.16544, 0.314204], 
              [0.00318231, 9.46016e-07, 0.000545944, 0.996271], 
              [0.267312, 9.46016e-07, 0.732686, 1.32588e-06], 
              [1.32588e-06, 9.46016e-07, 9.46016e-07, 0.999997], 
              [1.32588e-06, 9.46016e-07, 0.0587067, 0.941291], 
              [1.32588e-06, 9.46016e-07, 0.129907, 0.87009], 
              [0.829333, 9.46016e-07, 0.170665, 1.32588e-06], 
              [1.32588e-06, 0.934021, 9.46016e-07, 0.065977], 
              [0.417711, 0.120638, 9.46016e-07, 0.461649], 
              [0.0375782, 0.331515, 0.0632507, 0.567656], 
              [0.486277, 4.59458e-05, 0.00286393, 0.510813], 
              [0.218421, 0.118275, 0.427798, 0.235505]
            ]
          }, {
            "db": 0,
            "id": "MA0150.2",
            "alt": "Nfe2l2",
            "len": 15,
            "nsites": 726,
            "url": "http://jaspar2018.genereg.net/matrix/MA0150.2",
            "pwm": [
              [0.228659, 0.46553, 0.150146, 0.155666], 
              [0.552306, 0.107452, 0.219007, 0.121235], 
              [0.162552, 0.329184, 0.378765, 0.129499], 
              [0.279616, 0.340202, 0.209366, 0.170816], 
              [0.672124, 0.0385904, 0.282359, 0.00692624], 
              [4.01873e-05, 2.86737e-05, 2.86737e-05, 0.999902], 
              [4.01873e-05, 2.86737e-05, 0.979233, 0.0206983], 
              [0.999902, 2.86737e-05, 2.86737e-05, 4.01873e-05], 
              [0.0275844, 0.734088, 0.16254, 0.0757878], 
              [0.115726, 0.0275729, 0.0220646, 0.834636], 
              [0.0895599, 0.756123, 0.0633809, 0.0909367], 
              [0.794697, 0.0041601, 0.123979, 0.0771646], 
              [0.0138123, 0.0151786, 0.961329, 0.00968086], 
              [0.00554943, 0.962706, 0.0261961, 0.00554943], 
              [0.858049, 0.0358367, 0.0427228, 0.0633925]
            ]
          }, {
            "db": 0,
            "id": "MA0157.2",
            "alt": "FOXO3",
            "len": 8,
            "nsites": 553,
            "url": "http://jaspar2018.genereg.net/matrix/MA0157.2",
            "pwm": [
              [0.0380209, 3.76424e-05, 0.961889, 5.27572e-05], 
              [5.27572e-05, 3.76424e-05, 0.0238863, 0.976023], 
              [0.960168, 0.0289134, 0.00906101, 0.00185743], 
              [0.997996, 0.0019133, 3.76424e-05, 5.27572e-05], 
              [0.981425, 0.0184843, 3.76424e-05, 5.27572e-05], 
              [0.0273208, 0.967136, 3.76424e-05, 0.00550677], 
              [0.979618, 0.020292, 3.76424e-05, 5.27572e-05], 
              [0.546506, 0.0207239, 0.0620954, 0.370676]
            ]
          }, {
            "db": 0,
            "id": "MA0272.1",
            "alt": "ARG81",
            "len": 8,
            "nsites": 198,
            "url": "http://jaspar2018.genereg.net/matrix/MA0272.1",
            "pwm": [
              [0.297977, 0.0606805, 0.419085, 0.222257], 
              [0.0367138, 0.000105098, 0.0244828, 0.938697], 
              [0.0773283, 0.000105098, 0.922419, 0.000147299], 
              [0.999643, 0.000105098, 0.000105098, 0.000147299], 
              [0.000147299, 0.995926, 0.000105098, 0.00382144], 
              [0.00620524, 0.000105098, 0.000105098, 0.993585], 
              [0.000147299, 0.9996, 0.000105098, 0.000147299], 
              [0.317191, 0.317149, 0.0215992, 0.34406]
            ]
          }, {
            "db": 0,
            "id": "MA0297.1",
            "alt": "FKH2",
            "len": 7,
            "nsites": 101,
            "url": "http://jaspar2018.genereg.net/matrix/MA0297.1",
            "pwm": [
              [0.128874, 0.000205935, 0.870631, 0.000288625], 
              [0.000288625, 0.000205935, 0.000205935, 0.9993], 
              [0.9993, 0.000205935, 0.000205935, 0.000288625], 
              [0.9993, 0.000205935, 0.000205935, 0.000288625], 
              [0.9993, 0.000205935, 0.000205935, 0.000288625], 
              [0.000288625, 0.999217, 0.000205935, 0.000288625], 
              [0.9993, 0.000205935, 0.000205935, 0.000288625]
            ]
          }, {
            "db": 0,
            "id": "MA0303.1",
            "alt": "GCN4",
            "len": 21,
            "nsites": 998,
            "url": "http://jaspar2018.genereg.net/matrix/MA0303.1",
            "pwm": [
              [0.218444, 0.295582, 0.245487, 0.240486], 
              [0.371735, 0.217434, 0.268531, 0.1423], 
              [0.362718, 0.213426, 0.150307, 0.273549], 
              [0.282566, 0.119247, 0.325639, 0.272547], 
              [0.275553, 0.177358, 0.316622, 0.230467], 
              [0.169181, 0.140147, 0.365349, 0.325322], 
              [0.536048, 0.0350873, 0.413807, 0.0150577], 
              [0.0110501, 0.00803606, 0.00603226, 0.974882], 
              [0.00203303, 0.00503036, 0.935799, 0.0571375], 
              [0.969872, 0.0130456, 0.00402846, 0.0130539], 
              [0.00203303, 0.433845, 0.56309, 0.00103114], 
              [0.0130539, 0.00402846, 0.0130456, 0.969872], 
              [0.0571375, 0.935799, 0.00503036, 0.00203303], 
              [0.974882, 0.00603226, 0.00803606, 0.0110501], 
              [0.0150577, 0.413807, 0.0350873, 0.536048], 
              [0.376368, 0.290282, 0.131139, 0.202211], 
              [0.207215, 0.354339, 0.194195, 0.244249], 
              [0.28457, 0.216432, 0.202406, 0.296593], 
              [0.22646, 0.234466, 0.177358, 0.361716], 
              [0.254513, 0.329647, 0.232463, 0.183378], 
              [0.33767, 0.169343, 0.195392, 0.297594]
            ]
          }, {
            "db": 0,
            "id": "MA0317.1",
            "alt": "HCM1",
            "len": 8,
            "nsites": 100,
            "url": "http://jaspar2018.genereg.net/matrix/MA0317.1",
            "pwm": [
              [0.509782, 0.160048, 0.249958, 0.0802116], 
              [0.270022, 0.0801281, 0.040168, 0.609682], 
              [0.662995, 0.316723, 0.0100991, 0.0101826], 
              [0.949342, 0.050158, 0.000207992, 0.000291508], 
              [0.999293, 0.000207992, 0.000207992, 0.000291508], 
              [0.0102815, 0.859349, 0.000207992, 0.130162], 
              [0.939946, 0.0199902, 0.0199902, 0.0200737], 
              [0.575474, 0.171753, 0.111208, 0.141564]
            ]
          }, {
            "db": 0,
            "id": "MA0446.1",
            "alt": "fkh",
            "len": 11,
            "nsites": 27,
            "url": "http://jaspar2018.genereg.net/matrix/MA0446.1",
            "pwm": [
              [0.111778, 0.000768266, 0.000768266, 0.886686], 
              [0.185578, 0.000768266, 0.812577, 0.00107675], 
              [0.00107675, 0.000768266, 0.000768266, 0.997387], 
              [0.00107675, 0.000768266, 0.000768266, 0.997387], 
              [0.00107675, 0.000768266, 0.0376686, 0.960486], 
              [0.480781, 0.000768266, 0.517374, 0.00107675], 
              [0.148678, 0.480473, 0.0745689, 0.296279], 
              [0.222479, 0.259071, 0.111469, 0.40698], 
              [0.00107675, 0.406672, 0.0745689, 0.517682], 
              [0.849785, 0.000768266, 0.0376686, 0.111778], 
              [0.554583, 0.14837, 0.14837, 0.148678]
            ]
          }, {
            "db": 0,
            "id": "MA0458.1",
            "alt": "slp1",
            "len": 11,
            "nsites": 41,
            "url": "http://jaspar2018.genereg.net/matrix/MA0458.1",
            "pwm": [
              [0.195357, 0.0734995, 0.341139, 0.390004], 
              [0.000709975, 0.00050657, 0.00050657, 0.998277], 
              [0.0737029, 0.00050657, 0.925081, 0.000709975], 
              [0.000709975, 0.00050657, 0.00050657, 0.998277], 
              [0.000709975, 0.00050657, 0.0248372, 0.973946], 
              [0.000709975, 0.00050657, 0.0491679, 0.949616], 
              [0.657645, 0.00050657, 0.0978302, 0.244019], 
              [0.0250406, 0.535786, 0.170823, 0.26835], 
              [0.414335, 0.195154, 0.36547, 0.0250406], 
              [0.0980336, 0.316808, 0.0734995, 0.511659], 
              [0.365674, 0.0734995, 0.0978302, 0.462997]
            ]
          }, {
            "db": 0,
            "id": "MA0462.1",
            "alt": "BATF::JUN",
            "len": 11,
            "nsites": 10522,
            "url": "http://jaspar2018.genereg.net/matrix/MA0462.1",
            "pwm": [
              [0.29291, 0.0457155, 0.488117, 0.173257], 
              [0.454474, 0.0525585, 0.274567, 0.218401], 
              [0.42948, 0.0161588, 0.210891, 0.343471], 
              [0.784827, 0.140469, 1.97869e-06, 0.0747031], 
              [2.77321e-06, 1.97869e-06, 1.97869e-06, 0.999993], 
              [2.77321e-06, 1.97869e-06, 0.985927, 0.0140686], 
              [0.999993, 1.97869e-06, 1.97869e-06, 2.77321e-06], 
              [0.0556952, 0.477663, 0.466639, 2.77321e-06], 
              [2.77321e-06, 1.97869e-06, 1.97869e-06, 0.999993], 
              [0.122697, 0.816379, 0.0609214, 2.77321e-06], 
              [0.975474, 1.97869e-06, 1.97869e-06, 0.0245225]
            ]
          }, {
            "db": 0,
            "id": "MA0476.1",
            "alt": "FOS",
            "len": 11,
            "nsites": 29396,
            "url": "http://jaspar2018.genereg.net/matrix/MA0476.1",
            "pwm": [
              [0.26803, 0.0242216, 0.329501, 0.378249], 
              [0.254286, 0.346204, 0.368791, 0.0307189], 
              [9.92648e-07, 7.08258e-07, 7.08258e-07, 0.999998], 
              [9.92648e-07, 7.08258e-07, 0.922164, 0.0778347], 
              [0.999998, 7.08258e-07, 7.08258e-07, 9.92648e-07], 
              [0.0339509, 0.478942, 0.381207, 0.1059], 
              [9.92648e-07, 7.08258e-07, 7.08258e-07, 0.999998], 
              [9.92648e-07, 0.999997, 7.08258e-07, 9.92648e-07], 
              [0.999998, 7.08258e-07, 7.08258e-07, 9.92648e-07], 
              [0.00877796, 0.198088, 0.0523205, 0.740813], 
              [0.136278, 0.280174, 0.268642, 0.314907]
            ]
          }, {
            "db": 0,
            "id": "MA0477.1",
            "alt": "FOSL1",
            "len": 11,
            "nsites": 5272,
            "url": "http://jaspar2018.genereg.net/matrix/MA0477.1",
            "pwm": [
              [0.339718, 0.0225755, 0.452195, 0.18551], 
              [0.29742, 0.0828934, 0.589712, 0.029975], 
              [5.53479e-06, 3.94909e-06, 3.94909e-06, 0.999987], 
              [5.53479e-06, 3.94909e-06, 0.999985, 5.53479e-06], 
              [0.999987, 3.94909e-06, 3.94909e-06, 5.53479e-06], 
              [0.0235251, 0.591799, 0.384671, 5.53479e-06], 
              [5.53479e-06, 3.94909e-06, 3.94909e-06, 0.999987], 
              [0.0335789, 0.966412, 3.94909e-06, 5.53479e-06], 
              [0.999987, 3.94909e-06, 3.94909e-06, 5.53479e-06], 
              [0.0070234, 0.153833, 0.328905, 0.510239], 
              [0.224584, 0.319421, 0.35565, 0.100345]
            ]
          }, {
            "db": 0,
            "id": "MA0478.1",
            "alt": "FOSL2",
            "len": 11,
            "nsites": 5318,
            "url": "http://jaspar2018.genereg.net/matrix/MA0478.1",
            "pwm": [
              [0.156641, 0.186912, 0.39225, 0.264198], 
              [0.286762, 0.111322, 0.50902, 0.0928957], 
              [0.537979, 0.0103457, 0.437755, 0.0139202], 
              [5.48692e-06, 3.91493e-06, 3.91493e-06, 0.999987], 
              [5.48692e-06, 3.91493e-06, 0.999985, 5.48692e-06], 
              [0.954294, 0.00959373, 0.0361072, 5.48692e-06], 
              [5.48692e-06, 0.617893, 0.345616, 0.0364848], 
              [5.48692e-06, 3.91493e-06, 3.91493e-06, 0.999987], 
              [0.0385528, 0.961438, 3.91493e-06, 5.48692e-06], 
              [0.999987, 3.91493e-06, 3.91493e-06, 5.48692e-06], 
              [5.48692e-06, 0.263068, 0.36348, 0.373447]
            ]
          }, {
            "db": 0,
            "id": "MA0489.1",
            "alt": "JUN(var.2)",
            "len": 14,
            "nsites": 10956,
            "url": "http://jaspar2018.genereg.net/matrix/MA0489.1",
            "pwm": [
              [0.442861, 0.114094, 0.257211, 0.185835], 
              [0.358433, 0.120848, 0.375135, 0.145583], 
              [0.340088, 0.102867, 0.395215, 0.16183], 
              [0.40124, 0.102411, 0.315899, 0.18045], 
              [0.378422, 0.0541274, 0.384536, 0.182914], 
              [0.541254, 0.0906361, 0.368108, 2.66336e-06], 
              [2.66336e-06, 1.90031e-06, 1.90031e-06, 0.999994], 
              [2.66336e-06, 1.90031e-06, 0.999993, 2.66336e-06], 
              [0.99972, 1.90031e-06, 1.90031e-06, 0.000276661], 
              [0.0348693, 0.520625, 0.373309, 0.071196], 
              [0.0181665, 1.90031e-06, 1.90031e-06, 0.98183], 
              [0.0872599, 0.912736, 1.90031e-06, 2.66336e-06], 
              [0.999994, 1.90031e-06, 1.90031e-06, 2.66336e-06], 
              [0.0343214, 0.229007, 0.24142, 0.495252]
            ]
          }, {
            "db": 0,
            "id": "MA0490.1",
            "alt": "JUNB",
            "len": 11,
            "nsites": 16992,
            "url": "http://jaspar2018.genereg.net/matrix/MA0490.1",
            "pwm": [
              [0.212159, 0.198093, 0.352106, 0.237641], 
              [0.297493, 0.0622069, 0.495937, 0.144363], 
              [0.493408, 0.034252, 0.472338, 1.71727e-06], 
              [1.71727e-06, 1.22528e-06, 1.22528e-06, 0.999996], 
              [1.71727e-06, 1.22528e-06, 0.999995, 1.71727e-06], 
              [0.999996, 1.22528e-06, 1.22528e-06, 1.71727e-06], 
              [1.71727e-06, 0.580212, 0.369644, 0.0501424], 
              [1.71727e-06, 1.22528e-06, 1.22528e-06, 0.999996], 
              [0.0739183, 0.926079, 1.22528e-06, 1.71727e-06], 
              [0.999996, 1.22528e-06, 1.22528e-06, 1.71727e-06], 
              [0.0433165, 0.174317, 0.359992, 0.422374]
            ]
          }, {
            "db": 0,
            "id": "MA0491.1",
            "alt": "JUND",
            "len": 11,
            "nsites": 38710,
            "url": "http://jaspar2018.genereg.net/matrix/MA0491.1",
            "pwm": [
              [0.320046, 0.0196075, 0.352364, 0.307982], 
              [0.391708, 0.124619, 0.483672, 7.53808e-07], 
              [7.53808e-07, 5.37844e-07, 5.37844e-07, 0.999998], 
              [7.53808e-07, 5.37844e-07, 0.999998, 7.53808e-07], 
              [0.999998, 5.37844e-07, 5.37844e-07, 7.53808e-07], 
              [7.53808e-07, 0.590467, 0.363679, 0.0458546], 
              [7.53808e-07, 5.37844e-07, 5.37844e-07, 0.999998], 
              [0.0399647, 0.960034, 5.37844e-07, 7.53808e-07], 
              [0.999998, 5.37844e-07, 5.37844e-07, 7.53808e-07], 
              [7.53808e-07, 0.132679, 0.0594424, 0.807878], 
              [0.14947, 0.38636, 0.32108, 0.14309]
            ]
          }, {
            "db": 0,
            "id": "MA0495.2",
            "alt": "MAFF",
            "len": 21,
            "nsites": 12296,
            "url": "http://jaspar2018.genereg.net/matrix/MA0495.2",
            "pwm": [
              [0.383132, 0.119064, 0.197219, 0.300586], 
              [0.437702, 0.0961299, 0.104913, 0.361255], 
              [0.324577, 0.102311, 0.100928, 0.472185], 
              [0.216901, 0.163305, 0.132971, 0.486823], 
              [0.0955616, 0.0465203, 0.0499363, 0.807982], 
              [0.043187, 0.0503433, 0.867432, 0.0390391], 
              [0.110362, 0.817822, 0.0302554, 0.04156], 
              [0.0671778, 0.0356224, 0.00854062, 0.888658], 
              [0.0573379, 0.0255385, 0.832217, 0.0849077], 
              [0.881501, 0.0227735, 0.0200895, 0.0756358], 
              [0.0906006, 0.228855, 0.590026, 0.0905186], 
              [0.0383881, 0.0196825, 0.0227735, 0.919156], 
              [0.0821427, 0.850353, 0.0196015, 0.047904], 
              [0.915903, 0.00439366, 0.0306614, 0.049042], 
              [0.0374941, 0.0444063, 0.774149, 0.14395], 
              [0.0553049, 0.836202, 0.0567672, 0.051726], 
              [0.779111, 0.0592892, 0.0579062, 0.103694], 
              [0.475601, 0.131019, 0.167778, 0.225603], 
              [0.474544, 0.104832, 0.114184, 0.306441], 
              [0.353854, 0.108492, 0.105889, 0.431765], 
              [0.307498, 0.184532, 0.131751, 0.376219]
            ]
          }, {
            "db": 0,
            "id": "MA0496.2",
            "alt": "MAFK",
            "len": 19,
            "nsites": 7790,
            "url": "http://jaspar2018.genereg.net/matrix/MA0496.2",
            "pwm": [
              [0.468419, 0.0875495, 0.107318, 0.336713], 
              [0.397945, 0.0955084, 0.111426, 0.395121], 
              [0.251221, 0.179718, 0.150707, 0.418355], 
              [0.0940975, 0.0590519, 0.0422361, 0.804614], 
              [0.0356903, 0.049039, 0.886255, 0.0290154], 
              [0.107576, 0.845948, 0.0116845, 0.0347913], 
              [0.0647009, 0.0477561, 0.00808957, 0.879453], 
              [0.057641, 0.0256763, 0.832084, 0.0845987], 
              [0.891263, 0.0184874, 0.0190014, 0.0712478], 
              [0.0824157, 0.282797, 0.552242, 0.0825447], 
              [0.0387712, 0.0195144, 0.0197714, 0.921943], 
              [0.0831867, 0.857117, 0.0163055, 0.0433922], 
              [0.913342, 0.00372562, 0.0392832, 0.0436492], 
              [0.0294004, 0.0124545, 0.831699, 0.126446], 
              [0.0360753, 0.880094, 0.050836, 0.0329943], 
              [0.791008, 0.0462151, 0.0614909, 0.101286], 
              [0.4086, 0.144032, 0.18344, 0.263928], 
              [0.395891, 0.109885, 0.104751, 0.389473], 
              [0.335301, 0.105264, 0.0881915, 0.471243]
            ]
          }, {
            "db": 0,
            "id": "MA0501.1",
            "alt": "MAF::NFE2",
            "len": 15,
            "nsites": 1090,
            "url": "http://jaspar2018.genereg.net/matrix/MA0501.1",
            "pwm": [
              [0.666021, 0.0238699, 0.306413, 0.00369643], 
              [2.67682e-05, 1.90992e-05, 1.90992e-05, 0.999935], 
              [2.67682e-05, 1.90992e-05, 0.992589, 0.00736509], 
              [0.999935, 1.90992e-05, 1.90992e-05, 2.67682e-05], 
              [0.0147044, 0.799029, 0.152299, 0.0339687], 
              [0.100935, 0.000936015, 0.0110271, 0.887101], 
              [0.073414, 0.859573, 0.0202002, 0.0468115], 
              [0.897192, 1.90992e-05, 0.0468038, 0.0559846], 
              [0.00736509, 0.00368876, 0.954977, 0.0339687], 
              [2.67682e-05, 0.975159, 0.0202002, 0.00461335], 
              [0.854076, 0.0156137, 0.066985, 0.063324], 
              [0.351371, 0.186241, 0.259628, 0.20276], 
              [0.331189, 0.0917537, 0.119274, 0.457783], 
              [0.267892, 0.0935885, 0.0834974, 0.555022], 
              [0.193587, 0.259628, 0.0972582, 0.449527]
            ]
          }, {
            "db": 0,
            "id": "MA0546.1",
            "alt": "pha-4",
            "len": 10,
            "nsites": 1010,
            "url": "http://jaspar2018.genereg.net/matrix/MA0546.1",
            "pwm": [
              [0.57918, 0.0703107, 2.06118e-05, 0.350489], 
              [0.52869, 2.06118e-05, 0.466311, 0.0049784], 
              [0.531659, 2.06118e-05, 0.0782309, 0.390089], 
              [0.0406189, 2.06118e-05, 0.959332, 2.88882e-05], 
              [2.88882e-05, 0.402951, 2.06118e-05, 0.597], 
              [0.853409, 0.146541, 2.06118e-05, 2.88882e-05], 
              [0.99993, 2.06118e-05, 2.06118e-05, 2.88882e-05], 
              [0.99993, 2.06118e-05, 2.06118e-05, 2.88882e-05], 
              [2.88882e-05, 0.616792, 2.06118e-05, 0.383159], 
              [0.99993, 2.06118e-05, 2.06118e-05, 2.88882e-05]
            ]
          }, {
            "db": 0,
            "id": "MA0580.1",
            "alt": "DYT1",
            "len": 14,
            "nsites": 11,
            "url": "http://jaspar2018.genereg.net/matrix/MA0580.1",
            "pwm": [
              [0.362989, 0.542417, 0.00187568, 0.0927188], 
              [0.272899, 0.0919657, 0.632507, 0.00262883], 
              [0.0927188, 0.182056, 0.0919657, 0.63326], 
              [0.182809, 0.182056, 0.542417, 0.0927188], 
              [0.90353, 0.0919657, 0.00187568, 0.00262883], 
              [0.272899, 0.00187568, 0.632507, 0.0927188], 
              [0.362989, 0.00187568, 0.00187568, 0.63326], 
              [0.00262883, 0.992867, 0.00187568, 0.00262883], 
              [0.99362, 0.00187568, 0.00187568, 0.00262883], 
              [0.00262883, 0.992867, 0.00187568, 0.00262883], 
              [0.0927188, 0.00187568, 0.902777, 0.00262883], 
              [0.00262883, 0.00187568, 0.00187568, 0.99362], 
              [0.00262883, 0.00187568, 0.992867, 0.00262883], 
              [0.99362, 0.00187568, 0.00187568, 0.00262883]
            ]
          }, {
            "db": 0,
            "id": "MA0591.1",
            "alt": "Bach1::Mafk",
            "len": 15,
            "nsites": 114,
            "url": "http://jaspar2018.genereg.net/matrix/MA0591.1",
            "pwm": [
              [0.394647, 0.122882, 0.359516, 0.122955], 
              [0.122955, 0.315695, 0.403338, 0.158012], 
              [0.131719, 0.359516, 0.473451, 0.035313], 
              [0.578695, 0.14041, 0.280638, 0.000255741], 
              [0.0177844, 0.00894678, 0.000182472, 0.973086], 
              [0.000255741, 0.000182472, 0.937956, 0.0616059], 
              [0.990615, 0.000182472, 0.000182472, 0.00902005], 
              [0.000255741, 0.824021, 0.175468, 0.000255741], 
              [0.00902005, 0.000182472, 0.0352397, 0.955558], 
              [0.0440773, 0.937956, 0.0177111, 0.000255741], 
              [0.946793, 0.00894678, 0.0264754, 0.0177844], 
              [0.000255741, 0.00894678, 0.990542, 0.000255741], 
              [0.000255741, 0.999306, 0.000182472, 0.000255741], 
              [0.859151, 0.0352397, 0.0527683, 0.0528416], 
              [0.105426, 0.368281, 0.333223, 0.193069]
            ]
          }, {
            "db": 0,
            "id": "MA0613.1",
            "alt": "FOXG1",
            "len": 8,
            "nsites": 999,
            "url": "http://jaspar2018.genereg.net/matrix/MA0613.1",
            "pwm": [
              [0.374366, 0.00102174, 0.623582, 0.00103011], 
              [0.00102911, 0.00102074, 0.00102074, 0.996929], 
              [0.996929, 0.00102074, 0.00102074, 0.00102911], 
              [0.996929, 0.00102074, 0.00102074, 0.00102911], 
              [0.996929, 0.00102074, 0.00102074, 0.00102911], 
              [0.00102911, 0.996921, 0.00102074, 0.00102911], 
              [0.996929, 0.00102074, 0.00102074, 0.00102911], 
              [0.497979, 0.167004, 0.00202064, 0.332996]
            ]
          }, {
            "db": 0,
            "id": "MA0614.1",
            "alt": "Foxj2",
            "len": 8,
            "nsites": 999,
            "url": "http://jaspar2018.genereg.net/matrix/MA0614.1",
            "pwm": [
              [0.461444, 2.08388e-05, 0.538506, 2.92063e-05], 
              [0.0500742, 0.0250433, 2.08388e-05, 0.924862], 
              [0.79495, 0.205, 2.08388e-05, 2.92063e-05], 
              [0.977909, 2.08388e-05, 2.08388e-05, 0.022049], 
              [0.999929, 2.08388e-05, 2.08388e-05, 2.92063e-05], 
              [2.92063e-05, 0.953925, 2.08388e-05, 0.0460246], 
              [0.999929, 2.08388e-05, 2.08388e-05, 2.92063e-05], 
              [0.593564, 0.125133, 0.125133, 0.15617]
            ]
          }, {
            "db": 0,
            "id": "MA0655.1",
            "alt": "JDP2",
            "len": 9,
            "nsites": 1801,
            "url": "http://jaspar2018.genereg.net/matrix/MA0655.1",
            "pwm": [
              [0.90724, 0.010561, 0.0777422, 0.00445795], 
              [0.00305403, 0.00365636, 0.000619526, 0.992671], 
              [1.62012e-05, 0.00181946, 0.984888, 0.0132765], 
              [0.983115, 0.000613526, 0.00121449, 0.0150574], 
              [0.00844473, 0.722427, 0.261285, 0.00784277], 
              [0.003661, 1.15596e-05, 0.00365636, 0.992671], 
              [0.0132045, 0.979573, 0.00181046, 0.0054119], 
              [0.995695, 1.15596e-05, 1.15596e-05, 0.00428196], 
              [0.0106696, 0.195643, 0.00243243, 0.791255]
            ]
          }, {
            "db": 0,
            "id": "MA0841.1",
            "alt": "NFE2",
            "len": 11,
            "nsites": 18831,
            "url": "http://jaspar2018.genereg.net/matrix/MA0841.1",
            "pwm": [
              [0.296798, 0.382772, 0.28161, 0.0388203], 
              [0.934492, 0.000448103, 0.0648118, 0.000249548], 
              [0.000107549, 0.000426103, 1.10562e-06, 0.999465], 
              [1.54956e-06, 1.10562e-06, 0.99989, 0.000107549], 
              [0.9992, 0.000585103, 1.10562e-06, 0.000213548], 
              [0.00196054, 0.760349, 0.236789, 0.000901545], 
              [1.54956e-06, 0.0010621, 0.000160105, 0.998776], 
              [5.45493e-05, 0.999784, 1.10562e-06, 0.000160549], 
              [0.998617, 0.000690102, 0.000425103, 0.000266548], 
              [1.54956e-06, 0.124895, 0.000465103, 0.874637], 
              [0.0258634, 0.523603, 0.269078, 0.181457]
            ]
          }, {
            "db": 0,
            "id": "MA0846.1",
            "alt": "FOXC2",
            "len": 12,
            "nsites": 22189,
            "url": "http://jaspar2018.genereg.net/matrix/MA0846.1",
            "pwm": [
              [0.402856, 0.0576417, 0.0204618, 0.51904], 
