<!DOCTYPE HTML>
<html>
  <head>
    <meta charset="UTF-8">
    <title>SpaMo - Spaced Motif Analysis</title>
    <script type="text/javascript">
      //@JSON_VAR data
      var data = {"program":"SpaMo","version":"4.12.0","revision":"aacc9c3eb8c7b460b344d5c8aa1458097dae704d","release":"Tue Jun 27 16:22:50 2017 -0700","host":"Sudins-iMac.local","when":"Thu May 24 13:36:15 2018","cmd":["spamo","-verbosity","1","-oc","results/AHRpeaks_noAHREs.bed-499.fa/hocomoco/spamo_out_3","-bgfile","results/AHRpeaks_noAHREs.bed-499.fa/hocomoco/background","-primary","TRTTTRYTTWK","results/AHRpeaks_noAHREs.bed-499.fa/hocomoco/AHRpeaks_noAHREs.bed-499.fa","results/AHRpeaks_noAHREs.bed-499.fa/hocomoco/meme_out/meme.xml","results/AHRpeaks_noAHREs.bed-499.fa/hocomoco/meme_out/meme.xml","results/AHRpeaks_noAHREs.bed-499.fa/hocomoco/dreme_out/dreme.xml","/Users/filipov4/meme/db/motif_databases/HUMAN/HOCOMOCOv11_full_HUMAN_mono_meme_format.meme"],"options":{"seq_min_hit_score":7,"margin":150,"bin_size":1,"bin_pvalue_calc_range":150,"use_best_secondary":0,"seq_max_shared_fract":0.5,"seq_odds_ratio":20,"bin_pvalue_cutoff":0.05,"motif_evalue_cutoff":10,"redundant_overlap":2,"redundant_joint":0.5,"motif_pseudocount":0.1,"bgfile":"results/AHRpeaks_noAHREs.bed-499.fa/hocomoco/background","motif_trim":0.25,"xalph":0,"seed":1,"bin_max":11},"alphabet":{"name":"DNA","like":"dna","ncore":4,"symbols":[{"symbol":"A","name":"Adenine","colour":"CC0000","complement":"T"},{"symbol":"C","name":"Cytosine","colour":"0000CC","complement":"G"},{"symbol":"G","name":"Guanine","colour":"FFB300","complement":"C"},{"symbol":"T","aliases":"U","name":"Thymine","colour":"008000","complement":"A"},{"symbol":"N","aliases":"X.","name":"Any base","equals":"ACGT"},{"symbol":"V","name":"Not T","equals":"ACG"},{"symbol":"H","name":"Not G","equals":"ACT"},{"symbol":"D","name":"Not C","equals":"AGT"},{"symbol":"B","name":"Not A","equals":"CGT"},{"symbol":"M","name":"Amino","equals":"AC"},{"symbol":"R","name":"Purine","equals":"AG"},{"symbol":"W","name":"Weak","equals":"AT"},{"symbol":"S","name":"Strong","equals":"CG"},{"symbol":"Y","name":"Pyrimidine","equals":"CT"},{"symbol":"K","name":"Keto","equals":"GT"}]},"background":[0.2918,0.2082,0.2082,0.2918],"sequence_dbs":[{"source":"results/AHRpeaks_noAHREs.bed-499.fa/hocomoco/AHRpeaks_noAHREs.bed-499.fa","name":"AHRpeaks_noAHREs.bed-499","last_modified":"Thu May 24 11:14:35 2018","loaded":959,"excluded_too_short":0,"excluded_no_match":425,"excluded_ambigs":0,"excluded_similar":7,"erased_primary_matches":486}],"primary_dbs":[{"source":"results/AHRpeaks_noAHREs.bed-499.fa/hocomoco/meme_out/meme.xml","name":"meme.xml","last_modified":"Thu May 24 13:35:02 2018","loaded":6,"excluded":5}],"secondary_dbs":[{"source":"results/AHRpeaks_noAHREs.bed-499.fa/hocomoco/meme_out/meme.xml","name":"meme.xml","last_modified":"Thu May 24 13:35:02 2018","loaded":7,"excluded":1},{"source":"results/AHRpeaks_noAHREs.bed-499.fa/hocomoco/dreme_out/dreme.xml","name":"dreme.xml","last_modified":"Thu May 24 13:35:29 2018","loaded":4,"excluded":0},{"source":"/Users/filipov4/meme/db/motif_databases/HUMAN/HOCOMOCOv11_full_HUMAN_mono_meme_format.meme","name":"HOCOMOCOv11_full_HUMAN_mono_meme_format","last_modified":"Wed Dec  6 21:59:30 2017","loaded":771,"excluded":0}],"secondary_motifs":[{"db":0,"id":"TCYTTSCCTMAGSCARTGTYT","alt":"MEME-4","len":21,"ltrim":0,"rtrim":0,"nsites":23,"evalue":"2.6e-022","pwm":[[0.044553,0.000901299,0.0874819,0.867064],[0.0878438,0.650252,0.000901299,0.261004],[0.174423,0.347222,0.000901299,0.477454],[0.0878438,0.000901299,0.217351,0.693904],[0.0878438,0.0441911,0.130772,0.737194],[0.0012632,0.563671,0.433802,0.0012632],[0.0012632,0.996572,0.000901299,0.0012632],[0.0012632,0.996572,0.000901299,0.0012632],[0.0012632,0.0874819,0.000901299,0.910354],[0.434164,0.347222,0.174061,0.044553],[0.910354,0.000901299,0.0874819,0.0012632],[0.044553,0.000901299,0.953283,0.0012632],[0.044553,0.347222,0.563671,0.044553],[0.0012632,0.953283,0.000901299,0.044553],[0.823774,0.000901299,0.000901299,0.174423],[0.390873,0.174061,0.347222,0.0878438],[0.0878438,0.0441911,0.0874819,0.780484],[0.261004,0.0441911,0.693542,0.0012632],[0.044553,0.130772,0.174061,0.650614],[0.131134,0.477092,0.0874819,0.304294],[0.044553,0.000901299,0.0874819,0.867064]]},{"db":2,"id":"ALX3_HUMAN.H11MO.0.D","len":11,"ltrim":0,"rtrim":0,"nsites":8236,"evalue":"1.0e+000","url":"http://hocomoco.autosome.ru/motif/ALX3_HUMAN.H11MO.0.D","pwm":[[0.0593557,0.0292877,0.0125403,0.898816],[0.935254,0.000883969,0.0127345,0.0511271],[0.99982,2.70124e-05,0.00012495,2.80274e-05],[0.000493233,0.00401798,0.000198404,0.99529],[0.0068592,0.109791,0.016652,0.866698],[0.703233,0.00166747,0.295096,3.54294e-06],[0.476897,0.0894461,0.412179,0.0214782],[0.658444,0.158693,0.132124,0.0507389],[0.0224593,0.0203036,0.0188346,0.938403],[0.171225,0.0612189,0.0304664,0.73709],[0.800539,0.0456258,0.0573783,0.0964566]]},{"db":2,"id":"ALX4_HUMAN.H11MO.0.D","len":12,"ltrim":1,"rtrim":0,"nsites":23223,"evalue":"1.0e+000","url":"http://hocomoco.autosome.ru/motif/ALX4_HUMAN.H11MO.0.D","pwm":[[0.166685,0.314129,0.138493,0.380693],[0.00484365,0.00162973,0.00101776,0.992509],[0.995913,0.000172035,0.000838087,0.00307712],[0.999929,1.44168e-05,4.14574e-05,1.47768e-05],[1.25651e-06,0.000342461,5.49777e-05,0.999601],[0.000334282,0.044124,0.00068545,0.954856],[0.785114,8.96522e-07,0.214884,1.25651e-06],[0.591414,0.0179942,0.389556,0.00103591],[0.952457,0.00913775,0.0295192,0.00888621],[0.00264198,0.00363073,0.00249788,0.991229],[0.0153976,0.00998491,0.00386805,0.970749],[0.980307,0.00494754,0.00543284,0.00931281]]},{"db":2,"id":"ARX_HUMAN.H11MO.0.D","len":13,"ltrim":1,"rtrim":1,"nsites":623,"evalue":"1.0e+000","url":"http://hocomoco.autosome.ru/motif/ARX_HUMAN.H11MO.0.D","pwm":[[0.15448,0.2815,0.154443,0.409576],[0.0597562,0.0575877,0.0565101,0.826146],[0.964913,0.00488243,0.0167118,0.0134925],[0.972726,0.00407426,0.0180349,0.00516524],[0.00408768,0.0793607,0.00622939,0.910322],[0.00031622,0.406138,0.0261166,0.567429],[0.00031622,0.25856,0.00138036,0.739743],[0.942015,0.00138036,0.0552108,0.00139378],[0.996923,0.000302804,0.000302804,0.00247134],[0.000855001,0.000841584,0.000841584,0.997462],[0.017264,0.00111097,0.00111097,0.980514],[0.74583,0.0825636,0.0836412,0.0879648],[0.312979,0.166536,0.370076,0.15041]]},{"db":2,"id":"BATF_HUMAN.H11MO.1.A","len":11,"ltrim":1,"rtrim":1,"nsites":500,"evalue":"1.0e+000","url":"http://hocomoco.autosome.ru/motif/BATF_HUMAN.H11MO.1.A","pwm":[[0.323994,0.068028,0.391963,0.216015],[0.573944,0.217998,0.192003,0.0160551],[0.0140555,0.00404083,0.00404083,0.977863],[5.83483e-05,0.0120392,0.933855,0.0540476],[0.967865,0.0100396,0.00804003,0.0140555],[0.0100563,0.513939,0.0540308,0.421974],[0.0280527,0.028036,0.431955,0.511956],[0.0940396,0.875866,0.0140388,0.0160551],[0.975863,0.018038,4.16317e-05,0.00605715],[0.609936,0.0560304,0.144013,0.19002],[0.238011,0.283985,0.100022,0.377983]]},{"db":2,"id":"BRCA1_HUMAN.H11MO.0.D","len":9,"ltrim":1,"rtrim":0,"nsites":73,"evalue":"1.0e+000","url":"http://hocomoco.autosome.ru/motif/BRCA1_HUMAN.H11MO.0.D","pwm":[[0.14424,0.197216,0.290357,0.368187],[0.189616,0.000284816,0.275401,0.534698],[0.0283924,0.125295,0.153288,0.693025],[0.0563857,0.344425,0.481494,0.117696],[0.0283924,0.14992,0.450603,0.371084],[0.000399179,0.000284816,0.869561,0.129755],[0.000399179,0.0282781,0.000284816,0.971038],[0.000399179,0.000284816,0.000284816,0.999031],[0.063384,0.0734096,0.827816,0.0353908]]},{"db":2,"id":"CEBPZ_HUMAN.H11MO.0.D","len":11,"ltrim":0,"rtrim":0,"nsites":26,"evalue":"1.0e+000","url":"http://hocomoco.autosome.ru/motif/CEBPZ_HUMAN.H11MO.0.D","pwm":[[0.313718,0.0332251,0.344528,0.308529],[0.00111801,0.685664,0.223898,0.0893204],[0.0270599,0.21871,0.000797702,0.753433],[0.00111801,0.363984,0.566331,0.0685669],[0.997287,0.000797702,0.000797702,0.00111801],[0.00111801,0.000797702,0.000797702,0.997287],[0.00111801,0.000797702,0.000797702,0.997287],[0.00111801,0.000797702,0.996966,0.00111801],[0.00111801,0.000797702,0.996966,0.00111801],[0.0270599,0.79462,0.000797702,0.177523],[0.00760348,0.131804,0.0332251,0.827367]]},{"db":2,"id":"COT2_HUMAN.H11MO.1.A","len":17,"ltrim":1,"rtrim":3,"nsites":500,"evalue":"1.0e+000","url":"http://hocomoco.autosome.ru/motif/COT2_HUMAN.H11MO.1.A","pwm":[[0.315995,0.0860244,0.429956,0.168025],[0.264006,0.0460324,0.563929,0.126033],[0.270004,0.102021,0.50794,0.120034],[0.182022,0.184005,0.511939,0.122034],[0.128033,0.263989,0.200002,0.407977],[0.198019,0.543933,0.124017,0.134032],[0.637931,0.0760264,0.118018,0.168025],[0.497959,0.0240368,0.45795,0.0200543],[0.731912,0.00204123,0.25799,0.00805675],[0.0260531,0.00404083,0.899862,0.0700444],[0.0280527,0.0100396,0.90986,0.052048],[0.0120559,0.048032,0.184005,0.755907],[0.0700444,0.831875,0.048032,0.0500484],[0.957867,0.0140388,0.0160384,0.0120559],[0.226013,0.180006,0.415958,0.178023],[0.301998,0.196002,0.373967,0.128033],[0.260006,0.154011,0.463949,0.122034]]},{"db":2,"id":"CREB3_HUMAN.H11MO.0.D","len":13,"ltrim":1,"rtrim":1,"nsites":93,"evalue":"1.0e+000","url":"http://hocomoco.autosome.ru/motif/CREB3_HUMAN.H11MO.0.D","pwm":[[0.115781,0.20162,0.244585,0.438015],[0.142634,0.131803,0.58293,0.142634],[0.48635,0.00290892,0.507742,0.00299871],[0.0110546,0.000223631,0.000223631,0.988498],[0.000313426,0.0109648,0.988408,0.000313426],[0.999239,0.000223631,0.000223631,0.000313426],[0.000313426,0.99915,0.000223631,0.000313426],[0.000313426,0.000223631,0.99915,0.000313426],[0.000313426,0.000223631,0.000223631,0.999239],[0.0191104,0.0942086,0.878312,0.00836928],[0.0942984,0.00827948,0.727936,0.169486],[0.228563,0.690342,0.0136501,0.0674455],[0.515888,0.129117,0.204305,0.150689]]},{"db":2,"id":"DRGX_HUMAN.H11MO.0.D","len":11,"ltrim":0,"rtrim":0,"nsites":10531,"evalue":"1.0e+000","url":"http://hocomoco.autosome.ru/motif/DRGX_HUMAN.H11MO.0.D","pwm":[[0.0552439,0.0103285,0.0029219,0.931506],[0.940313,0.00213851,0.0374625,0.0200861],[0.996883,0.00107024,0.0011652,0.000881122],[0.0122759,0.105143,0.0101861,0.872395],[0.0104718,0.314618,0.0915641,0.583346],[2.651e-05,0.320315,2.57162e-05,0.679633],[0.827362,0.0107321,0.158295,0.00361113],[0.997501,0.000642936,0.00111772,0.000738686],[0.000192685,0.000286848,0.000286848,0.999234],[0.0307925,0.00904662,0.000310587,0.95985],[0.949239,0.00118894,0.0103048,0.0392674]]},{"db":2,"id":"EMX1_HUMAN.H11MO.0.D","len":12,"ltrim":0,"rtrim":0,"nsites":30488,"evalue":"1.0e+000","url":"http://hocomoco.autosome.ru/motif/EMX1_HUMAN.H11MO.0.D","pwm":[[0.0339814,0.140908,0.0283068,0.796804],[0.827217,0.158005,0.00722481,0.00755308],[0.989535,0.00426464,0.00262466,0.00357612],[0.00232153,0.00192766,0.00225566,0.993495],[0.00124735,0.00180467,0.00597023,0.990978],[0.993241,0.00147667,0.00347745,0.00180494],[0.227778,0.141909,0.624195,0.0061181],[0.0472653,0.41777,0.182597,0.352368],[0.141802,0.143048,0.20973,0.505419],[0.523131,0.150986,0.100999,0.224884],[0.599202,0.122885,0.0901178,0.187796],[0.278954,0.110691,0.0865836,0.523771]]},{"db":2,"id":"EMX2_HUMAN.H11MO.0.D","len":12,"ltrim":0,"rtrim":1,"nsites":35820,"evalue":"1.0e+000","url":"http://hocomoco.autosome.ru/motif/EMX2_HUMAN.H11MO.0.D","pwm":[[0.0219508,0.103804,0.01539,0.858855],[0.848679,0.121825,0.0138406,0.0156554],[0.987072,0.00524903,0.00357399,0.00410466],[0.00148741,0.00042632,0.00210136,0.995985],[0.00126407,0.00126384,0.00545143,0.992021],[0.991413,0.000656637,0.00562591,0.00230399],[0.267797,0.133403,0.585328,0.0134709],[0.0343112,0.393523,0.195561,0.376605],[0.202855,0.151794,0.243725,0.401626],[0.444025,0.153964,0.116053,0.285958],[0.528985,0.124379,0.0979414,0.248695],[0.333187,0.125007,0.100161,0.441645]]},{"db":2,"id":"EOMES_HUMAN.H11MO.0.D","len":12,"ltrim":1,"rtrim":0,"nsites":375,"evalue":"1.0e+000","url":"http://hocomoco.autosome.ru/motif/EOMES_HUMAN.H11MO.0.D","pwm":[[0.460718,0.106743,0.287263,0.145276],[0.253933,0.0509313,0.465368,0.229768],[0.220243,0.188865,0.447197,0.143695],[0.834415,0.00814508,0.0691233,0.088317],[0.265748,5.55052e-05,0.678395,0.0558015],[0.0209324,0.0840145,0.884435,0.0106179],[0.0236163,0.00281586,0.0155228,0.958045],[7.77925e-05,0.00543104,0.991822,0.00266941],[0.363888,0.181093,0.02685,0.428169],[0.0531032,0.168738,0.342989,0.435169],[0.898499,0.00820596,0.032184,0.0611112],[0.656826,0.0351854,0.262845,0.0451432]]},{"db":2,"id":"ERR1_HUMAN.H11MO.0.A","len":15,"ltrim":1,"rtrim":5,"nsites":284,"evalue":"1.0e+000","url":"http://hocomoco.autosome.ru/motif/ERR1_HUMAN.H11MO.0.A","pwm":[[0.102179,0.40838,0.228866,0.260574],[0.0775402,0.390781,0.0493517,0.482327],[0.102179,0.682931,0.183107,0.0317817],[0.915273,0.00711306,0.0669511,0.0106624],[0.971592,7.32841e-05,0.0282324,0.00010271],[0.0036226,7.32841e-05,0.989162,0.00714248],[0.00714248,0.00359317,0.989162,0.00010271],[0.0634607,0.00359317,0.0458318,0.887114],[0.00010271,0.922284,0.0528716,0.0247419],[0.985671,0.00359317,0.00711306,0.0036226],[0.235935,0.4295,0.140869,0.193697],[0.418969,0.197187,0.183107,0.200736],[0.147938,0.345022,0.302784,0.204256],[0.41193,0.172548,0.193667,0.221856],[0.207776,0.242946,0.397821,0.151458]]},{"db":2,"id":"HXA13_HUMAN.H11MO.0.C","len":11,"ltrim":2,"rtrim":0,"nsites":17,"evalue":"1.0e+000","url":"http://hocomoco.autosome.ru/motif/HXA13_HUMAN.H11MO.0.C","pwm":[[0.188538,0.194906,0.503436,0.11312],[0.344517,0.0629235,0.371453,0.221106],[0.00170643,0.00121754,0.193192,0.803884],[0.289668,0.00121754,0.12463,0.584485],[0.0634124,0.00121754,0.00121754,0.934152],[0.262243,0.00121754,0.00121754,0.735322],[0.995858,0.00121754,0.00121754,0.00170643],[0.00170643,0.172623,0.00121754,0.824453],[0.111406,0.0629235,0.234329,0.591341],[0.00170643,0.0629235,0.762258,0.173112],[0.101122,0.189764,0.676555,0.0325594]]},{"db":2,"id":"HXA7_HUMAN.H11MO.0.D","len":15,"ltrim":1,"rtrim":1,"nsites":19,"evalue":"1.0e+000","url":"http://hocomoco.autosome.ru/motif/HXA7_HUMAN.H11MO.0.D","pwm":[[0.35701,0.245392,0.303908,0.0936897],[0.522316,0.26441,0.0537541,0.15952],[0.212184,0.0537541,0.00109005,0.732972],[0.153668,0.685722,0.0537541,0.106856],[0.416988,0.159082,0.26441,0.15952],[0.732972,0.159082,0.00109005,0.106856],[0.15952,0.15323,0.159082,0.528168],[0.522316,0.317074,0.00109005,0.15952],[0.00152775,0.0537541,0.837862,0.106856],[0.791488,0.100566,0.106418,0.00152775],[0.00152775,0.106418,0.211746,0.680308],[0.0541917,0.00109005,0.0537541,0.890964],[0.212184,0.15323,0.633058,0.00152775],[0.212184,0.15323,0.52773,0.106856],[0.383342,0.277576,0.172248,0.166834]]},{"db":2,"id":"HXD10_HUMAN.H11MO.0.D","len":10,"ltrim":0,"rtrim":0,"nsites":7,"evalue":"1.0e+000","url":"http://hocomoco.autosome.ru/motif/HXD10_HUMAN.H11MO.0.D","pwm":[[0.155561,0.0332226,0.0332226,0.777994],[0.246432,0.0029324,0.746526,0.00410986],[0.125271,0.504204,0.124093,0.246432],[0.125271,0.0029324,0.0029324,0.868864],[0.125271,0.261883,0.0029324,0.609914],[0.00410986,0.0029324,0.0029324,0.990025],[0.626543,0.0029324,0.124093,0.246432],[0.609914,0.0029324,0.261883,0.125271],[0.00410986,0.0029324,0.0029324,0.990025],[0.0344001,0.0332226,0.275544,0.656833]]},{"db":2,"id":"ISX_HUMAN.H11MO.0.D","len":16,"ltrim":1,"rtrim":1,"nsites":15142,"evalue":"1.0e+000","url":"http://hocomoco.autosome.ru/motif/ISX_HUMAN.H11MO.0.D","pwm":[[0.0990056,0.353834,0.123455,0.423705],[0.00965863,0.0437344,0.00804494,0.938562],[0.978997,0.00695724,0.00708803,0.00695779],[0.99993,2.31741e-05,2.31741e-05,2.37262e-05],[1.92708e-06,1.37498e-06,1.37498e-06,0.999995],[8.91236e-05,8.85715e-05,0.00309085,0.996731],[0.569838,0.000393759,0.429548,0.000219918],[0.235331,0.119085,0.63126,0.0143236],[0.276521,0.338741,0.128507,0.256232],[0.19731,0.167161,0.139676,0.495853],[0.320121,0.142979,0.0895356,0.447364],[0.532904,0.0954325,0.0398258,0.331837],[0.466517,0.0805725,0.0683153,0.384595],[0.448315,0.117652,0.0615924,0.37244],[0.361411,0.0729653,0.123264,0.44236],[0.30169,0.132586,0.16998,0.395744]]},{"db":2,"id":"LHX3_HUMAN.H11MO.0.C","len":13,"ltrim":0,"rtrim":1,"nsites":72,"evalue":"1.0e+000","url":"http://hocomoco.autosome.ru/motif/LHX3_HUMAN.H11MO.0.C","pwm":[[0.544352,0.0724293,0.181908,0.20131],[0.520797,0.0412454,0.213352,0.224606],[0.794146,0.0951183,0.102139,0.00859604],[0.586979,0.0213522,0.156575,0.235094],[0.0109364,0.00730991,0.0213522,0.960401],[0.000404715,0.000288766,0.0108205,0.988486],[0.999018,0.000288766,0.000288766,0.000404715],[0.988486,0.000288766,0.0108205,0.000404715],[0.000404715,0.000288766,0.000288766,0.999018],[0.0220753,0.0108205,0.0178416,0.949263],[0.942849,0.000288766,0.0213522,0.0355104],[0.468701,0.0945111,0.329852,0.106936],[0.167223,0.257863,0.158916,0.415999]]},{"db":2,"id":"MEOX2_HUMAN.H11MO.0.D","len":11,"ltrim":1,"rtrim":0,"nsites":39148,"evalue":"1.0e+000","url":"http://hocomoco.autosome.ru/motif/MEOX2_HUMAN.H11MO.0.D","pwm":[[0.177098,0.193403,0.126311,0.503188],[0.036279,0.0587244,0.0279682,0.877028],[0.878594,0.00993643,0.0994121,0.0120579],[0.989757,0.00310401,0.00432327,0.00281602],[0.00198973,0.0093498,0.00636391,0.982297],[0.000106984,0.000138248,0.363293,0.636462],[0.949684,0.000892235,0.0480572,0.00136707],[0.0589416,0.390282,0.156333,0.394443],[0.159795,0.220846,0.340109,0.27925],[0.455852,0.103577,0.105625,0.334946],[0.253786,0.104187,0.0753456,0.566681]]},{"db":2,"id":"NANOG_HUMAN.H11MO.0.A","len":17,"ltrim":1,"rtrim":1,"nsites":499,"evalue":"1.0e+000","url":"http://hocomoco.autosome.ru/motif/NANOG_HUMAN.H11MO.0.A","pwm":[[0.128289,0.258507,0.280547,0.332657],[0.0441378,0.486918,0.178363,0.290581],[0.0882172,0.510961,0.0701679,0.330654],[0.30661,0.0441211,0.0601499,0.589119],[0.0120801,0.0601499,0.0421175,0.885653],[0.0681811,0.00805614,0.0381102,0.885653],[0.110257,0.248489,0.589102,0.0521522],[0.376736,0.0421175,0.0361066,0.545039],[0.230473,0.260511,0.192388,0.316628],[0.807512,0.034103,0.0401138,0.118271],[0.0681811,0.014067,0.0300958,0.887656],[0.0261053,0.0180742,0.811502,0.144318],[0.028109,0.635185,0.116251,0.220455],[0.681285,0.0320994,0.0160706,0.270545],[0.663252,0.0501319,0.240474,0.0461414],[0.805508,0.0481283,0.0681643,0.0781991],[0.140311,0.150312,0.200402,0.508975]]},{"db":2,"id":"PDX1_HUMAN.H11MO.1.A","len":9,"ltrim":0,"rtrim":1,"nsites":498,"evalue":"1.0e+000","url":"http://hocomoco.autosome.ru/motif/PDX1_HUMAN.H11MO.1.A","pwm":[[0.520034,0.042202,0.196789,0.240974],[0.0261578,0.160652,0.126522,0.686668],[0.0863866,0.0120876,0.00606469,0.895461],[0.849286,0.0281486,0.114477,0.0080891],[0.971751,0.00807231,0.0181105,0.00206621],[0.0261578,0.00606469,0.0783393,0.889438],[0.0080891,0.00807231,0.391529,0.592309],[0.656553,0.0161028,0.299179,0.0281654],[0.0823714,0.287133,0.24698,0.383516]]},{"db":2,"id":"PEBB_HUMAN.H11MO.0.C","len":11,"ltrim":0,"rtrim":1,"nsites":23,"evalue":"1.0e+000","url":"http://hocomoco.autosome.ru/motif/PEBB_HUMAN.H11MO.0.C","pwm":[[0.0163491,0.263396,0.178915,0.541339],[0.0435038,0.417273,0.133657,0.405566],[0.0314351,0.000901299,0.0491763,0.918487],[0.0012632,0.151761,0.809507,0.0374694],[0.0012632,0.24831,0.000901299,0.749525],[0.0736756,0.000901299,0.92416,0.0012632],[0.0374694,0.000901299,0.960366,0.0012632],[0.0012632,0.000901299,0.236242,0.761594],[0.0555725,0.423307,0.0491763,0.471944],[0.381428,0.0371075,0.187967,0.393497],[0.0555725,0.320723,0.338826,0.284879]]},{"db":2,"id":"PHX2A_HUMAN.H11MO.0.D","len":11,"ltrim":0,"rtrim":0,"nsites":7912,"evalue":"1.0e+000","url":"http://hocomoco.autosome.ru/motif/PHX2A_HUMAN.H11MO.0.D","pwm":[[0.0701178,0.0276502,0.0162752,0.885957],[0.92103,0.00774394,0.0433856,0.0278408],[0.989817,0.00385749,0.00347832,0.00284743],[0.0349186,0.159663,0.0153273,0.790091],[0.0160551,0.35427,0.0952997,0.534375],[3.68802e-06,0.326591,2.63141e-06,0.673403],[0.820772,0.013779,0.159632,0.00581757],[0.988426,0.00246721,0.00663804,0.00246827],[9.84795e-05,0.000223812,0.000223812,0.999454],[0.0287571,0.0128311,0.00120332,0.957208],[0.916132,0.0103033,0.022563,0.0510015]]},{"db":2,"id":"PHX2B_HUMAN.H11MO.0.D","len":11,"ltrim":0,"rtrim":0,"nsites":25008,"evalue":"1.0e+000","url":"http://hocomoco.autosome.ru/motif/PHX2B_HUMAN.H11MO.0.D","pwm":[[0.104022,0.065636,0.0533116,0.777031],[0.909115,0.00915743,0.0493029,0.0324242],[0.986826,0.00427597,0.00490785,0.00398982],[0.0358767,0.153913,0.0171271,0.793083],[0.024635,0.366144,0.0980559,0.511165],[1.16682e-06,0.326373,8.32531e-07,0.673625],[0.806513,0.017781,0.164454,0.0112528],[0.979386,0.0036286,0.0119155,0.00506952],[0.000275334,0.000405555,0.000222777,0.999096],[0.0268091,0.0189008,0.00204422,0.952246],[0.828659,0.0393007,0.0514357,0.0806044]]},{"db":2,"id":"PO5F1_HUMAN.H11MO.0.A","len":16,"ltrim":0,"rtrim":0,"nsites":500,"evalue":"1.0e+000","url":"http://hocomoco.autosome.ru/motif/PO5F1_HUMAN.H11MO.0.A","pwm":[[0.052048,0.519938,0.194003,0.234012],[0.0740436,0.529936,0.0800256,0.315995],[0.38998,0.0440328,0.0400336,0.525953],[0.0200543,0.0640288,0.0240368,0.89188],[0.072044,0.0220372,0.028036,0.877883],[0.104038,0.313979,0.515938,0.0660452],[0.379982,0.0360344,0.0320352,0.551948],[0.176023,0.249992,0.100022,0.473964],[0.883882,0.0200376,0.0320352,0.0640456],[0.0140555,0.00204123,0.0160384,0.967865],[0.0120559,0.00804003,0.921857,0.0580468],[0.0140555,0.75989,0.0940228,0.132032],[0.7899,0.0200376,0.0300356,0.160026],[0.619934,0.0600296,0.253991,0.0660452],[0.829892,0.0360344,0.068028,0.0660452],[0.160026,0.138014,0.122017,0.579942]]},{"db":2,"id":"PO6F2_HUMAN.H11MO.0.D","len":11,"ltrim":2,"rtrim":1,"nsites":1298,"evalue":"1.0e+000","url":"http://hocomoco.autosome.ru/motif/PO6F2_HUMAN.H11MO.0.D","pwm":[[0.195408,0.176203,0.418636,0.209753],[0.318087,0.173535,0.151399,0.356978],[0.0205472,0.0234213,0.0158031,0.940228],[0.999434,1.60388e-05,0.000527755,2.2479e-05],[0.997065,1.60388e-05,0.00238489,0.000534195],[2.2479e-05,1.60388e-05,0.0059669,0.993995],[0.00290304,1.60388e-05,0.362018,0.635063],[0.976943,0.00542212,0.00491041,0.0127248],[0.0241292,0.0215642,0.940544,0.0137626],[0.067122,0.441548,0.349917,0.141413],[0.182099,0.218062,0.128098,0.471742]]},{"db":2,"id":"PROP1_HUMAN.H11MO.0.D","len":11,"ltrim":0,"rtrim":0,"nsites":500,"evalue":"1.0e+000","url":"http://hocomoco.autosome.ru/motif/PROP1_HUMAN.H11MO.0.D","pwm":[[0.176023,0.0440328,0.0260364,0.753908],[0.909876,0.00604043,0.0460324,0.0380507],[0.999858,4.16317e-05,4.16317e-05,5.83483e-05],[0.0300523,0.068028,0.0460324,0.855887],[0.0760432,0.11002,0.172007,0.64193],[0.477963,4.16317e-05,0.521937,5.83483e-05],[0.48996,0.136014,0.297982,0.0760432],[0.751908,0.018038,0.148012,0.082042],[0.0120559,0.00404083,0.00604043,0.977863],[0.0420499,0.0940228,0.00404083,0.859886],[0.723914,0.0540308,0.0420332,0.180022]]},{"db":2,"id":"RFX5_HUMAN.H11MO.1.A","len":11,"ltrim":0,"rtrim":0,"nsites":167,"evalue":"1.0e+000","url":"http://hocomoco.autosome.ru/motif/RFX5_HUMAN.H11MO.1.A","pwm":[[0.060019,0.64046,0.0958756,0.203646],[0.287428,0.0240624,0.149736,0.538774],[0.0181279,0.000124596,0.969604,0.0121435],[0.000174626,0.0120935,0.000124596,0.987607],[0.0779724,0.125798,0.0120935,0.784136],[0.161755,0.0360312,0.64046,0.161755],[0.00615907,0.951651,0.0120935,0.0300968],[0.0181279,0.323284,0.0240624,0.634525],[0.658463,0.0240624,0.281393,0.0360813],[0.15577,0.0300468,0.610538,0.203646],[0.0300968,0.0958756,0.867868,0.00615907]]},{"db":2,"id":"RX_HUMAN.H11MO.0.D","len":11,"ltrim":0,"rtrim":2,"nsites":335,"evalue":"1.0e+000","url":"http://hocomoco.autosome.ru/motif/RX_HUMAN.H11MO.0.D","pwm":[[0.171678,0.213431,0.0970481,0.517843],[0.0373894,0.00155422,0.013491,0.947565],[0.991582,0.00379236,0.00379236,0.000833124],[0.994566,0.000808177,0.00379236,0.000833124],[8.70784e-05,0.00304631,6.21308e-05,0.996804],[8.70784e-05,0.00304631,6.21308e-05,0.996804],[0.552161,6.21308e-05,0.429785,0.0179922],[0.371618,0.153748,0.440229,0.0344052],[0.0508182,0.4835,0.0418407,0.423841],[0.424587,0.209701,0.0664602,0.299252],[0.481287,0.150017,0.150017,0.218679]]},{"db":2,"id":"SOX2_HUMAN.H11MO.1.A","len":16,"ltrim":1,"rtrim":0,"nsites":500,"evalue":"1.0e+000","url":"http://hocomoco.autosome.ru/motif/SOX2_HUMAN.H11MO.1.A","pwm":[[0.0780428,0.271987,0.267988,0.381982],[0.0280527,0.631915,0.150012,0.19002],[0.0340515,0.677906,0.018038,0.270004],[0.381982,0.0440328,0.0140388,0.559946],[0.00205795,0.0160384,0.00604043,0.975863],[0.00805675,4.16317e-05,0.00404083,0.987861],[0.052048,0.233995,0.695902,0.0180547],[0.198019,0.00804003,0.018038,0.775903],[0.132032,0.279986,0.176006,0.411976],[0.507957,0.200002,0.0440328,0.248009],[0.062046,0.0600296,0.0340348,0.84389],[0.0160551,0.190004,0.589924,0.204018],[0.0600464,0.533935,0.10602,0.299998],[0.525953,0.10602,0.0960224,0.272004],[0.421974,0.140014,0.245992,0.19202],[0.631932,0.116018,0.0620292,0.19002]]},{"db":2,"id":"SPI1_HUMAN.H11MO.0.A","len":17,"ltrim":1,"rtrim":2,"nsites":500,"evalue":"1.0e+000","url":"http://hocomoco.autosome.ru/motif/SPI1_HUMAN.H11MO.0.A","pwm":[[0.423974,0.204001,0.253991,0.118035],[0.49196,0.100022,0.329976,0.0780428],[0.685921,0.0440328,0.168008,0.102038],[0.771904,0.028036,0.126016,0.0740436],[0.651928,0.0140388,0.118018,0.216015],[0.148029,0.068028,0.753891,0.0300523],[0.721914,0.048032,0.223997,0.00605715],[0.0580468,4.16317e-05,0.941853,5.83483e-05],[0.00205795,4.16317e-05,0.997842,5.83483e-05],[0.999858,4.16317e-05,4.16317e-05,5.83483e-05],[0.997859,4.16317e-05,4.16317e-05,0.00205795],[0.0360511,0.170008,0.793883,5.83483e-05],[0.0680448,0.0520312,0.0400336,0.83989],[0.0420499,0.122017,0.815878,0.0200543],[0.453968,0.122017,0.331975,0.09204],[0.359986,0.182005,0.317978,0.14003],[0.397979,0.130016,0.25799,0.214016]]},{"db":2,"id":"UNC4_HUMAN.H11MO.0.D","len":11,"ltrim":0,"rtrim":0,"nsites":45230,"evalue":"1.0e+000","url":"http://hocomoco.autosome.ru/motif/UNC4_HUMAN.H11MO.0.D","pwm":[[0.0618341,0.0288738,0.02672,0.882572],[0.835233,0.0235484,0.0643887,0.07683],[0.942174,0.0186206,0.0220065,0.0171989],[0.0696545,0.0394643,0.0394051,0.851476],[0.0139545,0.182753,0.071039,0.732253],[0.000132384,0.327996,0.000132199,0.67174],[0.907931,0.0146467,0.0724335,0.00498898],[0.995808,0.00221021,0.000975017,0.00100663],[0.000821942,0.000950651,0.000758904,0.997469],[0.013122,0.0143497,0.00218322,0.970345],[0.930105,0.00805904,0.0228262,0.0390094]]},{"db":2,"id":"VSX1_HUMAN.H11MO.0.D","len":14,"ltrim":0,"rtrim":0,"nsites":6468,"evalue":"1.0e+000","url":"http://hocomoco.autosome.ru/motif/VSX1_HUMAN.H11MO.0.D","pwm":[[0.0266084,0.0321689,0.0183238,0.922899],[0.959458,0.0138551,0.0146656,0.0120217],[0.970393,0.00934741,0.0112711,0.008988],[0.00685777,0.00924556,0.0120109,0.971886],[0.00505215,0.00702126,0.0136454,0.974281],[0.768695,0.0143254,0.209626,0.00735319],[0.252006,0.14166,0.57833,0.0280038],[0.160281,0.566628,0.117698,0.155393],[0.216031,0.275875,0.111343,0.39675],[0.40749,0.170803,0.080332,0.341375],[0.450194,0.120009,0.0756854,0.354112],[0.349694,0.102549,0.0685243,0.479233],[0.416089,0.0963273,0.0597555,0.427829],[0.396777,0.0899357,0.105398,0.40789]]},{"db":2,"id":"ZN708_HUMAN.H11MO.1.D","len":9,"ltrim":0,"rtrim":0,"nsites":439,"evalue":"1.0e+000","url":"http://hocomoco.autosome.ru/motif/ZN708_HUMAN.H11MO.1.D","pwm":[[0.885969,0.0023248,0.0706464,0.0410594],[0.0137308,4.74152e-05,0.929221,0.0570011],[0.0114534,0.0592594,0.920111,0.009176],[0.0615559,0.412254,0.0182665,0.507923],[0.922408,0.0250987,0.0159891,0.0365046],[0.0137308,0.835848,0.0433177,0.107104],[0.901911,0.00687957,0.068369,0.0228403],[0.00689861,0.00687957,0.972491,0.0137308],[0.097994,0.794855,0.0524273,0.0547237]]}],"sequence_names":["chr10:109508900-109509499","chr10:111745350-111745949","chr10:115240450-115241049","chr10:124964400-124965099","chr10:22972250-22972749","chr10:27926250-27926899","chr10:29393600-29394699","chr10:38447950-38448499","chr10:5535650-5536149","chr10:7275150-7275949","chr11:115175450-115175999","chr11:35411350-35411899","chr11:60925900-60926599","chr11:72904650-72905449","chr11:9148650-9149399","chr12:100241500-100242199","chr12:109554050-109554649","chr12:44917600-44918199","chr12:83302900-83303399","chr12:90312050-90312749","chr12:95711800-95712349","chr13:105097350-105097949","chr13:107721550-107722049","chr13:108614400-108614949","chr13:23553100-23553749","chr13:25690200-25690899","chr13:34253200-34253999","chr13:73973300-73973799","chr14:103192600-103193099","chr14:28208800-28209849","chr14:59721000-59721649","chr14:72270200-72271299","chr15:40077050-40077599","chr15:58622100-58622649","chr15:69884200-69884699","chr15:70754850-70756099","chr15:81170950-81171699","chr15:84422400-84423299","chr15:93425100-93425599","chr15:99419950-99420649","chr16:54683550-54684049","chr16:72958850-72959349","chr17:64948050-64948849","chr18:21209300-21209849","chr1:120216750-120217299","chr1:151521000-151521949","chr1:151895750-151896349","chr1:177388600-177389699","chr1:179368400-179369049","chr1:188030500-188031649","chr1:188560950-188561599","chr1:215176850-215177449","chr1:232122500-232123199","chr1:242402650-242403199","chr1:26730900-26731599","chr1:36902400-36902899","chr1:81632350-81633449","chr1:8242300-8242949","chr20:14859150-14860299","chr20:22893500-22894049","chr20:44325200-44325749","chr20:45768300-45769049","chr20:46083700-46084549","chr21:36250600-36251299","chr21:36604600-36605499","chr21:37049650-37050299","chr21:40689000-40689649","chr22:27290650-27291249","chr22:41128450-41129199","chr2:102012500-102013049","chr2:102648750-102649349","chr2:11076200-11076749","chr2:134262550-134263099","chr2:142268550-142269149","chr2:158147350-158147949","chr2:161488800-161489749","chr2:172420950-172421499","chr2:19172650-19173249","chr2:218112100-218112749","chr2:220263600-220264149","chr2:43696200-43696699","chr2:43826650-43827199","chr2:55180100-55180749","chr2:66616650-66617299","chr3:12464450-12465099","chr3:134913400-134913999","chr3:135574500-135574999","chr3:154876350-154876899","chr3:15675500-15676049","chr3:184837950-184838549","chr3:187753950-187754449","chr3:190224550-190225099","chr3:195316450-195317049","chr3:24115200-24115849","chr3:42965000-42965649","chr3:79785400-79786099","chr3:9140250-9140849","chr3:96951400-96951999","chr4:105892400-105892949","chr4:131057400-131058299","chr4:24861800-24862399","chr4:48123000-48123599","chr4:89065950-89066549","chr4:97622950-97623549","chr5:123430450-123431149","chr5:137863800-137864399","chr5:138482350-138483399","chr5:140325200-140326099","chr5:36667750-36668249","chr5:429800-430299","chr5:44002250-44003849","chr5:53039550-53040149","chr5:70927800-70928299","chr5:87412100-87412599","chr5:90514750-90515449","chr6:10230700-10231349","chr6:110875950-110876449","chr6:11344250-11344999","chr6:1296000-1296599","chr6:143163750-143164299","chr6:15065700-15066249","chr6:151978950-151980249","chr6:15817050-15817949","chr6:21111300-21112149","chr6:21738650-21739449","chr7:107991950-107992499","chr7:108253950-108254699","chr7:110317300-110317999","chr7:115913150-115913749","chr7:12687100-12687699","chr7:140675700-140676399","chr7:16718300-16718899","chr7:29489300-29490099","chr7:3443900-3444999","chr7:42332400-42333199","chr7:44455200-44455749","chr7:69237200-69237749","chr7:77616650-77617199","chr7:89401350-89402049","chr8:111669150-111669699","chr8:134791050-134791749","chr8:134863400-134864549","chr8:59049400-59049899","chr8:91783000-91783799","chr8:94080450-94081099","chr8:94205500-94206199","chr8:95568950-95569449","chr9:110005750-110006549","chr9:110893150-110893649","chr9:114544400-114544899","chr9:114723650-114724399","chr9:71115350-71116299","chr9:80278450-80279149","chr9:83691250-83691949","chr9:93712750-93713449","chrX:104381350-104382049","chrX:121166750-121167249","chrX:122722400-122723199","chrX:18117750-18118549","chrX:9384550-9385399"],"primaries":[{"motif":{"db":0,"id":"TRTTTRYTTWK","alt":"MEME-3","len":11,"ltrim":0,"rtrim":1,"nsites":162,"evalue":"9.7e-031","pwm":[[0.000180012,0.000128439,0.000128439,0.999563],[0.339477,0.000128439,0.660215,0.000180012],[0.000180012,0.000128439,0.000128439,0.999563],[0.000180012,0.000128439,0.123509,0.876182],[0.000180012,0.000128439,0.000128439,0.999563],[0.493702,0.000128439,0.505989,0.000180012],[0.000180012,0.536834,0.000128439,0.462857],[0.135898,0.216044,0.000128439,0.647928],[0.000180012,0.197538,0.0124668,0.789816],[0.271617,0.0371426,0.166693,0.524547],[0.166744,0.166693,0.253058,0.413505]]},"secondaries":[[{"idx":16,"counts":[[3,5,0,0,1,1,0,0,0,0,3,1,0,1,2,1,1,0,1,2,0,0,0,1,0,1,1,1,1,2,2,2,2,0,1,1,0,0,1,2,1,1,0,2,0,0,1,1,1,2,0,2,2,1,4,0,0,0,0,2,1,0,2,0,0,1,0,2,0,0,1,2,0,2,0,0,2,0,0,1,4,1,1,1,0,1,0,2,2,1,0,1,0,0,2,2,1,0,2,1,1,2,2,2,1,0,0,1,0,2,0,1,1,0,1,1,1,0,0,1,1,1,0,0,3,0,2,1,3,0,1,0,1,0,3,0,0,2,0,4,1,0],[4,1,1,1,1,2,0,2,3,0,1,4,1,0,0,0,0,0,1,2,1,1,2,1,1,1,0,0,1,0,1,2,1,11,0,2,0,0,1,1,0,0,2,1,0,1,1,0,0,1,0,0,2,0,0,1,0,2,1,0,1,0,1,5,0,1,0,0,0,2,0,0,1,1,2,0,0,1,2,1,0,1,2,1,1,0,1,0,0,1,0,0,1,1,0,1,1,0,1,0,0,0,0,0,1,1,1,1,1,0,2,3,0,1,1,0,0,0,0,1,1,1,0,0,1,1,3,0,1,1,0,0,2,0,1,1,2,2,0,1,1,0],[1,1,0,0,1,0,0,0,1,0,0,0,1,0,0,3,0,0,0,0,1,1,0,1,0,1,3,0,4,0,2,3,0,0,0,0,2,1,1,1,2,0,3,0,1,2,1,1,1,0,0,0,0,0,0,0,0,0,1,3,2,0,1,1,1,0,1,1,1,0,0,0,1,1,2,1,0,2,0,0,0,0,0,0,1,0,0,0,1,0,1,1,3,1,0,0,0,1,0,0,2,0,0,1,1,1,0,1,1,1,0,0,2,0,0,0,0,1,1,0,0,0,0,2,1,0,0,0,0,0,1,0,1,0,0,1,1,1,0,0,1,0],[0,1,0,3,1,1,1,1,0,0,1,0,0,0,1,1,1,0,1,0,1,0,0,1,1,0,0,0,2,0,2,1,1,3,1,0,4,0,0,1,1,2,1,0,1,0,0,1,0,1,0,0,0,0,1,1,0,0,0,1,0,0,0,0,4,1,0,1,0,1,1,1,1,0,1,1,0,1,1,0,1,0,1,0,0,1,1,1,0,0,0,0,0,2,1,0,0,0,1,1,0,0,0,0,0,1,1,0,0,0,0,0,0,0,0,0,0,0,0,0,2,1,0,2,0,1,1,2,0,1,2,0,0,1,2,1,1,1,0,0,0,0]],"spacings":[{"orient":1,"bin":33,"pvalue":6.36818e-10,"inferred_pwm":[[0.181818,0,0,0.818182],[0.545455,0,0.454545,0],[0.0909091,0.181818,0.545455,0.181818],[0.0909091,0,0,0.909091],[0.0909091,0.272727,0,0.636364],[0,0,0,1],[0.818182,0,0.0909091,0.0909091],[0.636364,0,0.0909091,0.272727],[0,0,0,1],[0,0,0,1]],"alignment_pwm":[null,[[0.0909091,0.0909091,0.0909091,0.727273],[0.181818,0.454545,0.0909091,0.272727],[0.0909091,0.454545,0.363636,0.0909091],[0.0909091,0.0909091,0.0909091,0.727273],[0.0909091,0.181818,0.181818,0.545455],[0.0909091,0.181818,0.272727,0.454545],[0.0909091,0.272727,0.454545,0.181818],[0.181818,0.0909091,0,0.727273],[0.272727,0.545455,0,0.181818],[0.727273,0.0909091,0,0.181818],[0.0909091,0.0909091,0.545455,0.272727],[0.636364,0.0909091,0,0.272727],[0.181818,0.0909091,0.272727,0.454545],[0,0.0909091,0.727273,0.181818],[0.181818,0.181818,0.0909091,0.545455],[0.454545,0.0909091,0.363636,0.0909091],[0.181818,0.0909091,0,0.727273],[0.454545,0.0909091,0.272727,0.181818],[0.272727,0.0909091,0.454545,0.181818],[0.636364,0.0909091,0.0909091,0.181818],[0.181818,0.181818,0.0909091,0.545455],[0.0909091,0.363636,0.0909091,0.454545],[0.181818,0.272727,0.454545,0.0909091],[0,0.181818,0.272727,0.545455],[0.272727,0.181818,0.545455,0],[0.545455,0.181818,0,0.272727],[0.454545,0.181818,0.181818,0.181818],[0.272727,0.181818,0.272727,0.272727],[0.454545,0.181818,0.0909091,0.272727],[0.181818,0.0909091,0.181818,0.545455],[0.0909091,0.181818,0.181818,0.545455],[0.272727,0.181818,0.181818,0.363636],[0.0909091,0.454545,0,0.454545],[0.0909091,0.454545,0.0909091,0.363636],[0.0909091,0.181818,0.272727,0.454545],[0.181818,0.454545,0.0909091,0.272727],[0.181818,0.272727,0.181818,0.363636],[0.0909091,0.363636,0.454545,0.0909091],[0.818182,0.0909091,0,0.0909091],[0.181818,0.272727,0.181818,0.363636],[0.363636,0.0909091,0,0.545455],[0.363636,0.454545,0,0.181818],[0.272727,0,0.0909091,0.636364],[0.272727,0.0909091,0.545455,0.0909091],[0.181818,0.0909091,0,0.727273],[0.0909091,0.0909091,0.454545,0.363636],[0.181818,0,0.727273,0.0909091],[0,0,0.818182,0.181818],[0.0909091,0.181818,0.181818,0.545455],[0.272727,0.181818,0,0.545455],[0.272727,0,0.636364,0.0909091],[0.181818,0.181818,0,0.636364],[0.0909091,0.727273,0,0.181818],[0,0,0,1],[0.181818,0,0.818182,0],[0,0,0,1],[0,0,0.0909091,0.909091],[0,0,0,1],[0.818182,0,0.181818,0],[0,0.727273,0,0.272727],[0.0909091,0.0909091,0,0.818182],[0,0.727273,0,0.272727],[0,0.0909091,0.0909091,0.818182],[0,0.181818,0.545455,0.272727],[0,0.454545,0,0.545455],[0.0909091,0.0909091,0.181818,0.636364],[0.0909091,0.0909091,0.636364,0.181818],[0.636364,0.272727,0,0.0909091],[0.181818,0.545455,0.0909091,0.181818],[0,0.272727,0.0909091,0.636364],[0.272727,0.0909091,0.454545,0.181818],[0,0.0909091,0.181818,0.727273],[0,0.272727,0.0909091,0.636364],[0.272727,0.545455,0.0909091,0.0909091],[0.0909091,0.636364,0.272727,0],[0.0909091,0.181818,0.0909091,0.636364],[0.363636,0,0.0909091,0.545455],[0,0,0.181818,0.818182],[0.181818,0.181818,0.181818,0.454545],[0.181818,0.0909091,0.545455,0.181818],[0,0.454545,0.272727,0.272727],[0.1,0.4,0.1,0.4],[0.3,0.1,0.5,0.1],[0.2,0,0.1,0.7],[0.2,0.1,0.5,0.2],[0.1,0.8,0,0.1],[0.8,0,0,0.2],[0.6,0.2,0.1,0.1],[0.6,0.1,0,0.3],[0.6,0,0.1,0.3],[0,0.2,0.5,0.3],[0,0.636364,0.0909091,0.272727],[0.181818,0.0909091,0,0.727273],[0.0909091,0.545455,0.0909091,0.272727],[0.0909091,0.0909091,0.0909091,0.727273],[0,0.181818,0.181818,0.636364],[0.181818,0,0,0.818182],[0.545455,0,0.454545,0],[0.0909091,0.181818,0.545455,0.181818],[0.0909091,0,0,0.909091],[0.0909091,0.272727,0,0.636364],[0,0,0,1],[0.818182,0,0.0909091,0.0909091],[0.636364,0,0.0909091,0.272727],[0,0,0,1],[0,0,0,1],[0.727273,0.0909091,0,0.181818],[0.545455,0.0909091,0.181818,0.181818],[0.181818,0,0.636364,0.181818],[0.0909091,0.181818,0,0.727273],[0,0.454545,0.0909091,0.454545],[0,0.545455,0.272727,0.181818],[0.0909091,0.454545,0.181818,0.272727],[0.545455,0,0.272727,0.181818],[0.363636,0.0909091,0.363636,0.181818],[0.363636,0.363636,0,0.272727]],null,null],"seqs":[19,39,48,52,59,64,91,93,99,104,137]},{"orient":7,"bin":33,"pvalue":9.97691e-10,"inferred_pwm":[[0.214286,0,0,0.785714],[0.5,0,0.5,0],[0.0714286,0.142857,0.5,0.285714],[0.142857,0,0,0.857143],[0.0714286,0.214286,0,0.714286],[0,0,0,1],[0.642857,0,0.142857,0.214286],[0.714286,0,0.0714286,0.214286],[0,0,0,1],[0,0,0.142857,0.857143]],"alignment_pwm":[null,[[0.0909091,0.0909091,0.0909091,0.727273],[0.181818,0.454545,0.0909091,0.272727],[0.0909091,0.454545,0.363636,0.0909091],[0.0909091,0.0909091,0.0909091,0.727273],[0.0909091,0.181818,0.181818,0.545455],[0.0909091,0.181818,0.272727,0.454545],[0.0909091,0.272727,0.454545,0.181818],[0.181818,0.0909091,0,0.727273],[0.272727,0.545455,0,0.181818],[0.727273,0.0909091,0,0.181818],[0.0909091,0.0909091,0.545455,0.272727],[0.636364,0.0909091,0,0.272727],[0.181818,0.0909091,0.272727,0.454545],[0,0.0909091,0.727273,0.181818],[0.181818,0.181818,0.0909091,0.545455],[0.454545,0.0909091,0.363636,0.0909091],[0.181818,0.0909091,0,0.727273],[0.454545,0.0909091,0.272727,0.181818],[0.272727,0.0909091,0.454545,0.181818],[0.636364,0.0909091,0.0909091,0.181818],[0.181818,0.181818,0.0909091,0.545455],[0.0909091,0.363636,0.0909091,0.454545],[0.181818,0.272727,0.454545,0.0909091],[0,0.181818,0.272727,0.545455],[0.272727,0.181818,0.545455,0],[0.545455,0.181818,0,0.272727],[0.454545,0.181818,0.181818,0.181818],[0.272727,0.181818,0.272727,0.272727],[0.454545,0.181818,0.0909091,0.272727],[0.181818,0.0909091,0.181818,0.545455],[0.0909091,0.181818,0.181818,0.545455],[0.272727,0.181818,0.181818,0.363636],[0.0909091,0.454545,0,0.454545],[0.0909091,0.454545,0.0909091,0.363636],[0.0909091,0.181818,0.272727,0.454545],[0.181818,0.454545,0.0909091,0.272727],[0.181818,0.272727,0.181818,0.363636],[0.0909091,0.363636,0.454545,0.0909091],[0.818182,0.0909091,0,0.0909091],[0.181818,0.272727,0.181818,0.363636],[0.363636,0.0909091,0,0.545455],[0.363636,0.454545,0,0.181818],[0.272727,0,0.0909091,0.636364],[0.272727,0.0909091,0.545455,0.0909091],[0.181818,0.0909091,0,0.727273],[0.0909091,0.0909091,0.454545,0.363636],[0.181818,0,0.727273,0.0909091],[0,0,0.818182,0.181818],[0.0909091,0.181818,0.181818,0.545455],[0.272727,0.181818,0,0.545455],[0.272727,0,0.636364,0.0909091],[0.181818,0.181818,0,0.636364],[0.0909091,0.727273,0,0.181818],[0,0,0,1],[0.181818,0,0.818182,0],[0,0,0,1],[0,0,0.0909091,0.909091],[0,0,0,1],[0.818182,0,0.181818,0],[0,0.727273,0,0.272727],[0.0909091,0.0909091,0,0.818182],[0,0.727273,0,0.272727],[0,0.0909091,0.0909091,0.818182],[0,0.181818,0.545455,0.272727],[0,0.454545,0,0.545455],[0.0909091,0.0909091,0.181818,0.636364],[0.0909091,0.0909091,0.636364,0.181818],[0.636364,0.272727,0,0.0909091],[0.181818,0.545455,0.0909091,0.181818],[0,0.272727,0.0909091,0.636364],[0.272727,0.0909091,0