<!DOCTYPE HTML>
<html>
  <head>
    <meta charset="UTF-8">
    <title>TOMTOM</title>
    <script>
      // @JSON_VAR data
      var data = {
        "program": "Tomtom",
        "version": "4.12.0",
        "release": "Tue Jun 27 16:22:50 2017 -0700",
        "cmd": [
          "tomtom", "-verbosity", "1", "-oc",
          "results/AHRpeaks_oneAHRE.bed-199.fa/jaspar/meme_tomtom_out",
          "-min-overlap", "5", "-dist", "pearson", "-evalue", "-thresh", "1",
          "-no-ssc", "-bfile",
          "results/AHRpeaks_oneAHRE.bed-199.fa/jaspar/background",
          "results/AHRpeaks_oneAHRE.bed-199.fa/jaspar/meme_out/meme.xml",
          "/Users/filipov4/meme/db/motif_databases/JASPAR/JASPAR2018_CORE_non-redundant.meme"
        ],
        "options": {
          "strands": "both",
          "distance_measure": "pearson",
          "threshold_type": "evalue",
          "threshold_value": 1,
          "background_source": "file",
          "background_file": "results/AHRpeaks_oneAHRE.bed-199.fa/jaspar/background"
        },
        "alphabet": {
          "name": "DNA",
          "like": "dna",
          "ncore": 4,
          "symbols": [
            {
              "symbol": "A",
              "name": "Adenine",
              "colour": "CC0000",
              "complement": "T"
            }, {
              "symbol": "C",
              "name": "Cytosine",
              "colour": "0000CC",
              "complement": "G"
            }, {
              "symbol": "G",
              "name": "Guanine",
              "colour": "FFB300",
              "complement": "C"
            }, {
              "symbol": "T",
              "aliases": "U",
              "name": "Thymine",
              "colour": "008000",
              "complement": "A"
            }, {
              "symbol": "N",
              "aliases": "X.",
              "name": "Any base",
              "equals": "ACGT"
            }, {
              "symbol": "V",
              "name": "Not T",
              "equals": "ACG"
            }, {
              "symbol": "H",
              "name": "Not G",
              "equals": "ACT"
            }, {
              "symbol": "D",
              "name": "Not C",
              "equals": "AGT"
            }, {
              "symbol": "B",
              "name": "Not A",
              "equals": "CGT"
            }, {
              "symbol": "M",
              "name": "Amino",
              "equals": "AC"
            }, {
              "symbol": "R",
              "name": "Purine",
              "equals": "AG"
            }, {
              "symbol": "W",
              "name": "Weak",
              "equals": "AT"
            }, {
              "symbol": "S",
              "name": "Strong",
              "equals": "CG"
            }, {
              "symbol": "Y",
              "name": "Pyrimidine",
              "equals": "CT"
            }, {
              "symbol": "K",
              "name": "Keto",
              "equals": "GT"
            }
          ]
        },
        "background": [0.2727, 0.2273, 0.2273, 0.2727],
        "query_dbs": [
          {
            "source": "results/AHRpeaks_oneAHRE.bed-199.fa/jaspar/meme_out/meme.xml",
            "name": "meme",
            "loaded": 7,
            "excluded": 0,
            "last_modified": "Thu May 24 14:46:14 2018"
          }
        ],
        "target_dbs": [
          {
            "source": "/Users/filipov4/meme/db/motif_databases/JASPAR/JASPAR2018_CORE_non-redundant.meme",
            "name": "JASPAR2018 CORE non-redundant",
            "loaded": 1404,
            "excluded": 0,
            "last_modified": "Thu Dec  7 14:38:42 2017"
          }
        ],
        "queries": [
          {
            "db": 0,
            "id": "GKCCYSAGGGCW",
            "alt": "MEME-5",
            "len": 12,
            "nsites": 53,
            "evalue": "1.3e-008",
            "pwm": [
              [0.188837, 0.151087, 0.508903, 0.151172], 
              [0.113508, 0.188752, 0.395908, 0.301832], 
              [0.000513559, 0.829054, 0.169919, 0.000513559], 
              [0.000513559, 0.88555, 0.0569255, 0.057011], 
              [0.000513559, 0.377075, 0.00042806, 0.621983], 
              [0.000513559, 0.640729, 0.358244, 0.000513559], 
              [0.697312, 0.00042806, 0.113423, 0.188837], 
              [0.000513559, 0.00042806, 0.998545, 0.000513559], 
              [0.13234, 0.038093, 0.829054, 0.000513559], 
              [0.000513559, 0.0945904, 0.904382, 0.000513559], 
              [0.000513559, 0.998545, 0.00042806, 0.000513559], 
              [0.339497, 0.00042806, 0.00042806, 0.659647]
            ]
          }, {
            "db": 0,
            "id": "GTDTRTGTGYGTGTKT",
            "alt": "MEME-2",
            "len": 16,
            "nsites": 29,
            "evalue": "1.9e-012",
            "pwm": [
              [0.0696661, 0.0007811, 0.928616, 0.000937113], 
              [0.0696661, 0.103874, 0.0007811, 0.825679], 
              [0.310216, 0.0695101, 0.344424, 0.275851], 
              [0.172759, 0.138238, 0.0695101, 0.619494], 
              [0.275851, 0.206967, 0.516245, 0.000937113], 
              [0.000937113, 0.0007811, 0.0007811, 0.997501], 
              [0.10403, 0.0695101, 0.756795, 0.0696661], 
              [0.000937113, 0.0007811, 0.0007811, 0.997501], 
              [0.000937113, 0.0007811, 0.928616, 0.0696661], 
              [0.138394, 0.378788, 0.0007811, 0.482037], 
              [0.0353016, 0.138238, 0.688066, 0.138394], 
              [0.000937113, 0.0007811, 0.0007811, 0.997501], 
              [0.000937113, 0.0007811, 0.96298, 0.0353016], 
              [0.0696661, 0.0351456, 0.0007811, 0.894408], 
              [0.000937113, 0.103874, 0.550609, 0.34458], 
              [0.138394, 0.103874, 0.0007811, 0.756951]
            ]
          }, {
            "db": 0,
            "id": "MARAGTVAAANWMAATHWMAAAAAAAAAAA",
            "alt": "MEME-3",
            "len": 30,
            "nsites": 27,
            "evalue": "2.0e-015",
            "pwm": [
              [0.37001, 0.591245, 0.000838746, 0.0379066], 
              [0.849715, 0.000838746, 0.11154, 0.0379066], 
              [0.480711, 0.14844, 0.296041, 0.0748069], 
              [0.665213, 0.000838746, 0.14844, 0.185508], 
              [0.185508, 0.14844, 0.628145, 0.0379066], 
              [0.222408, 0.11154, 0.0377391, 0.628313], 
              [0.333109, 0.296041, 0.369842, 0.00100627], 
              [0.997316, 0.000838746, 0.000838746, 0.00100627], 
              [0.591413, 0.18534, 0.222241, 0.00100627], 
              [0.923516, 0.0377391, 0.0377391, 0.00100627], 
              [0.185508, 0.369842, 0.222241, 0.222408], 
              [0.44381, 0.0377391, 0.11154, 0.40691], 
              [0.296209, 0.591245, 0.000838746, 0.111707], 
              [0.591413, 0.222241, 0.000838746, 0.185508], 
              [0.702114, 0.0377391, 0.259141, 0.00100627], 
              [0.222408, 0.18534, 0.000838746, 0.591413], 
              [0.44381, 0.332942, 0.000838746, 0.222408], 
              [0.40691, 0.0746394, 0.0746394, 0.44381], 
              [0.591413, 0.332942, 0.000838746, 0.0748069], 
              [0.739014, 0.11154, 0.0377391, 0.111707], 
              [0.960416, 0.0377391, 0.000838746, 0.00100627], 
              [0.702114, 0.18534, 0.11154, 0.00100627], 
              [0.812815, 0.0746394, 0.000838746, 0.111707], 
              [0.739014, 0.0377391, 0.0377391, 0.185508], 
              [0.812815, 0.0746394, 0.0377391, 0.0748069], 
              [0.591413, 0.0746394, 0.18534, 0.148608], 
              [0.775914, 0.222241, 0.000838746, 0.00100627], 
              [0.739014, 0.0377391, 0.000838746, 0.222408], 
              [0.702114, 0.000838746, 0.18534, 0.111707], 
              [0.628313, 0.222241, 0.11154, 0.0379066]
            ]
          }, {
            "db": 0,
            "id": "RGGAGGGDGRGRGGRWGNKSMGGGMDGSKG",
            "alt": "MEME-4",
            "len": 30,
            "nsites": 44,
            "evalue": "6.3e-008",
            "pwm": [
              [0.408782, 0.00051542, 0.499382, 0.0913212], 
              [0.136673, 0.00051542, 0.862193, 0.000618367], 
              [0.227376, 0.0912183, 0.680787, 0.000618367], 
              [0.862296, 0.00051542, 0.0231909, 0.113997], 
              [0.250051, 0.0458673, 0.658112, 0.0459703], 
              [0.113997, 0.159246, 0.61276, 0.113997], 
              [0.0913212, 0.113894, 0.680787, 0.113997], 
              [0.386106, 0.0231909, 0.2953, 0.295403], 
              [0.272727, 0.0458673, 0.635436, 0.0459703], 
              [0.454133, 0.0685428, 0.408679, 0.0686458], 
              [0.000618367, 0.113894, 0.635436, 0.250051], 
              [0.454133, 0.13657, 0.363327, 0.0459703], 
              [0.227376, 0.13657, 0.522057, 0.113997], 
              [0.227376, 0.159246, 0.590084, 0.0232938], 
              [0.499485, 0.204597, 0.2953, 0.000618367], 
              [0.408782, 0.0912183, 0.13657, 0.36343], 
              [0.0913212, 0.204597, 0.590084, 0.113997], 
              [0.318079, 0.227273, 0.2953, 0.159349], 
              [0.0232938, 0.0231909, 0.61276, 0.340754], 
              [0.000618367, 0.431354, 0.499382, 0.0686458], 
              [0.36343, 0.45403, 0.13657, 0.0459703], 
              [0.000618367, 0.181921, 0.703463, 0.113997], 
              [0.113997, 0.00051542, 0.61276, 0.272727], 
              [0.136673, 0.13657, 0.703463, 0.0232938], 
              [0.295403, 0.522057, 0.181921, 0.000618367], 
              [0.295403, 0.113894, 0.227273, 0.36343], 
              [0.0686458, 0.181921, 0.658112, 0.0913212], 
              [0.000618367, 0.2953, 0.499382, 0.2047], 
              [0.159349, 0.0685428, 0.340651, 0.431457], 
              [0.136673, 0.113894, 0.567409, 0.182024]
            ]
          }, {
            "db": 0,
            "id": "SARCCCAGGHRRSBGHGKRDGSWSTGAGCC",
            "alt": "MEME-1",
            "len": 30,
            "nsites": 29,
            "evalue": "1.2e-012",
            "pwm": [
              [0.10403, 0.344424, 0.550609, 0.000937113], 
              [0.619494, 0.0695101, 0.275695, 0.0353016], 
              [0.310216, 0.103874, 0.584974, 0.000937113], 
              [0.000937113, 0.756795, 0.241331, 0.000937113], 
              [0.275851, 0.619338, 0.103874, 0.000937113], 
              [0.000937113, 0.859888, 0.0695101, 0.0696661], 
              [0.619494, 0.103874, 0.275695, 0.000937113], 
              [0.000937113, 0.0007811, 0.825523, 0.172759], 
              [0.172759, 0.172603, 0.653702, 0.000937113], 
              [0.413308, 0.241331, 0.103874, 0.241487], 
              [0.275851, 0.138238, 0.481881, 0.10403], 
              [0.378944, 0.0007811, 0.619338, 0.000937113], 
              [0.0696661, 0.413152, 0.413152, 0.10403], 
              [0.172759, 0.206967, 0.378788, 0.241487], 
              [0.0696661, 0.103874, 0.791159, 0.0353016], 
              [0.34458, 0.172603, 0.138238, 0.34458], 
              [0.172759, 0.0351456, 0.722431, 0.0696661], 
              [0.138394, 0.0695101, 0.516245, 0.275851], 
              [0.413308, 0.138238, 0.344424, 0.10403], 
              [0.207123, 0.0695101, 0.378788, 0.34458], 
              [0.000937113, 0.241331, 0.619338, 0.138394], 
              [0.138394, 0.550609, 0.31006, 0.000937113], 
              [0.482037, 0.206967, 0.0695101, 0.241487], 
              [0.000937113, 0.481881, 0.516245, 0.000937113], 
              [0.172759, 0.241331, 0.0695101, 0.516401], 
              [0.000937113, 0.138238, 0.756795, 0.10403], 
              [0.688222, 0.0007811, 0.172603, 0.138394], 
              [0.000937113, 0.0007811, 0.928616, 0.0696661], 
              [0.10403, 0.653702, 0.241331, 0.000937113], 
              [0.138394, 0.584974, 0.103874, 0.172759]
            ]
          }, {
            "db": 0,
            "id": "WRNWRARYAAACA",
            "alt": "MEME-7",
            "len": 13,
            "nsites": 44,
            "evalue": "1.4e-001",
            "pwm": [
              [0.544837, 0.00051542, 0.0231909, 0.431457], 
              [0.295403, 0.0912183, 0.499382, 0.113997], 
              [0.250051, 0.272624, 0.227273, 0.250051], 
              [0.52216, 0.0458673, 0.00051542, 0.431457], 
              [0.454133, 0.0231909, 0.522057, 0.000618367], 
              [0.975675, 0.00051542, 0.00051542, 0.0232938], 
              [0.408782, 0.00051542, 0.544734, 0.0459703], 
              [0.000618367, 0.45403, 0.00051542, 0.544837], 
              [0.998351, 0.00051542, 0.00051542, 0.000618367], 
              [0.998351, 0.00051542, 0.00051542, 0.000618367], 
              [0.998351, 0.00051542, 0.00051542, 0.000618367], 
              [0.000618367, 0.726139, 0.00051542, 0.272727], 
              [0.998351, 0.00051542, 0.00051542, 0.000618367]
            ]
          }, {
            "db": 0,
            "id": "YGGTRGCWCAYGMYTGTARTCYCAGCWMYT",
            "alt": "MEME-6",
            "len": 30,
            "nsites": 6,
            "evalue": "6.6e-004",
            "pwm": [
              [0.00447049, 0.331595, 0.00372623, 0.660209], 
              [0.00447049, 0.00372623, 0.987333, 0.00447049], 
              [0.00447049, 0.00372623, 0.987333, 0.00447049], 
              [0.168405, 0.167661, 0.00372623, 0.660209], 
              [0.496274, 0.00372623, 0.49553, 0.00447049], 
              [0.00447049, 0.00372623, 0.987333, 0.00447049], 
              [0.00447049, 0.823398, 0.167661, 0.00447049], 
              [0.496274, 0.00372623, 0.00372623, 0.496274], 
              [0.00447049, 0.987333, 0.00372623, 0.00447049], 
              [0.824142, 0.167661, 0.00372623, 0.00447049], 
              [0.00447049, 0.331595, 0.167661, 0.496274], 
              [0.00447049, 0.00372623, 0.987333, 0.00447049], 
              [0.496274, 0.49553, 0.00372623, 0.00447049], 
              [0.00447049, 0.659464, 0.00372623, 0.332339], 
              [0.168405, 0.167661, 0.00372623, 0.660209], 
              [0.00447049, 0.00372623, 0.987333, 0.00447049], 
              [0.00447049, 0.00372623, 0.00372623, 0.988077], 
              [0.660209, 0.167661, 0.00372623, 0.168405], 
              [0.660209, 0.00372623, 0.331595, 0.00447049], 
              [0.00447049, 0.00372623, 0.00372623, 0.988077], 
              [0.00447049, 0.987333, 0.00372623, 0.00447049], 
              [0.00447049, 0.49553, 0.00372623, 0.496274], 
              [0.00447049, 0.987333, 0.00372623, 0.00447049], 
              [0.824142, 0.00372623, 0.00372623, 0.168405], 
              [0.168405, 0.167661, 0.659464, 0.00447049], 
              [0.00447049, 0.987333, 0.00372623, 0.00447049], 
              [0.332339, 0.00372623, 0.00372623, 0.660209], 
              [0.332339, 0.659464, 0.00372623, 0.00447049], 
              [0.00447049, 0.331595, 0.00372623, 0.660209], 
              [0.00447049, 0.167661, 0.00372623, 0.824142]
            ]
          }
        ],
        "targets": [
          {
            "db": 0,
            "id": "MA0032.2",
            "alt": "FOXC1",
            "len": 11,
            "nsites": 19566,
            "url": "http://jaspar2018.genereg.net/matrix/MA0032.2",
            "pwm": [
              [0.329756, 0.039457, 0.0155381, 0.615249], 
              [0.695237, 0.035336, 0.202155, 0.067273], 
              [0.344387, 0.0876137, 0.105678, 0.462323], 
              [0.257364, 0.0178011, 0.722131, 0.00270338], 
              [0.108395, 0.0717428, 0.0169381, 0.802924], 
              [0.706923, 0.289518, 0.00113316, 0.00242638], 
              [0.991151, 0.00579113, 1.1617e-06, 0.00305738], 
              [0.983558, 0.00298015, 0.00750212, 0.00595936], 
              [0.00649836, 0.467699, 0.00878812, 0.517014], 
              [0.966337, 0.00141215, 0.022632, 0.00961834], 
              [0.31682, 0.0736508, 0.0523319, 0.557199]
            ]
          }, {
            "db": 0,
            "id": "MA0033.2",
            "alt": "FOXL1",
            "len": 7,
            "nsites": 4933,
            "url": "http://jaspar2018.genereg.net/matrix/MA0033.2",
            "pwm": [
              [0.426107, 0.00263955, 0.542869, 0.028385], 
              [0.00192649, 0.079911, 4.60765e-06, 0.918158], 
              [0.874645, 0.114915, 0.0104344, 5.52796e-06], 
              [0.989019, 0.00786745, 4.60765e-06, 0.00310947], 
              [0.973113, 0.0166983, 0.0101834, 5.52796e-06], 
              [5.52796e-06, 0.778859, 4.60765e-06, 0.221131], 
              [0.98535, 0.0111364, 4.60765e-06, 0.00350946]
            ]
          }, {
            "db": 0,
            "id": "MA0039.3",
            "alt": "KLF4",
            "len": 11,
            "nsites": 969,
            "url": "http://jaspar2018.genereg.net/matrix/MA0039.3",
            "pwm": [
              [0.270382, 0.49636, 0.130041, 0.103216], 
              [0.120759, 0.668685, 0.108371, 0.102185], 
              [0.95349, 0.01447, 0.0185975, 0.0134428], 
              [0.00828329, 0.978251, 0.00621482, 0.00725139], 
              [0.856493, 0.00208724, 0.126945, 0.0144746], 
              [0.0134428, 0.943166, 0.0185975, 0.0247936], 
              [0.0299531, 0.938007, 0.0175656, 0.0144746], 
              [0.0155065, 0.962772, 0.00415103, 0.0175703], 
              [0.267287, 0.0743188, 0.0402673, 0.618127], 
              [0.189895, 0.28792, 0.292047, 0.230138], 
              [0.237362, 0.30443, 0.208464, 0.249744]
            ]
          }, {
            "db": 0,
            "id": "MA0041.1",
            "alt": "Foxd3",
            "len": 12,
            "nsites": 47,
            "url": "http://jaspar2018.genereg.net/matrix/MA0041.1",
            "pwm": [
              [0.234125, 0.0641771, 0.552499, 0.149199], 
              [0.637522, 0.0429452, 0.00048259, 0.31905], 
              [0.510133, 0.0217144, 0.00048259, 0.46767], 
              [0.0218108, 0.0854079, 0.00048259, 0.892299], 
              [0.255356, 0.00048259, 0.722351, 0.0218108], 
              [0.000578981, 0.00048259, 0.00048259, 0.998456], 
              [0.0218108, 0.00048259, 0.00048259, 0.977224], 
              [0.106736, 0.00048259, 0.212797, 0.679984], 
              [0.297819, 0.00048259, 0.446343, 0.255356], 
              [0.127968, 0.149102, 0.00048259, 0.722447], 
              [0.0218108, 0.0429452, 0.0854079, 0.849836], 
              [0.000578981, 0.25526, 0.00048259, 0.743679]
            ]
          }, {
            "db": 0,
            "id": "MA0042.2",
            "alt": "FOXI1",
            "len": 7,
            "nsites": 5832,
            "url": "http://jaspar2018.genereg.net/matrix/MA0042.2",
            "pwm": [
              [0.10597, 0.00669078, 0.887335, 4.67584e-06], 
              [0.0138514, 0.0112317, 0.00655279, 0.968364], 
              [0.899676, 0.0938823, 0.00643679, 4.67584e-06], 
              [0.995563, 0.00442882, 3.8974e-06, 4.67584e-06], 
              [0.977694, 0.00434882, 0.0054828, 0.0124735], 
              [0.0253672, 0.836016, 0.00775776, 0.130858], 
              [0.992889, 0.00230586, 0.00480082, 4.67584e-06]
            ]
          }, {
            "db": 0,
            "id": "MA0047.2",
            "alt": "Foxa2",
            "len": 12,
            "nsites": 808,
            "url": "http://jaspar2018.genereg.net/matrix/MA0047.2",
            "pwm": [
              [0.00127159, 0.00126597, 0.00126597, 0.996197], 
              [0.273177, 0.00373567, 0.719346, 0.00374129], 
              [0.00126959, 0.00126397, 0.00126397, 0.996202], 
              [0.00126959, 0.00373567, 0.0445216, 0.950472], 
              [0.00126659, 0.00126098, 0.215784, 0.781688], 
              [0.908563, 0.00496552, 0.0827339, 0.00373729], 
              [0.00250244, 0.894979, 0.00249682, 0.100021], 
              [0.417782, 0.0951953, 0.00373567, 0.483287], 
              [0.0618311, 0.327553, 0.0717123, 0.538904], 
              [0.516699, 0.00746221, 0.0297644, 0.446076], 
              [0.162545, 0.065777, 0.597969, 0.173709], 
              [0.160662, 0.242837, 0.361129, 0.235372]
            ]
          }, {
            "db": 0,
            "id": "MA0050.2",
            "alt": "IRF1",
            "len": 21,
            "nsites": 1362,
            "url": "http://jaspar2018.genereg.net/matrix/MA0050.2",
            "pwm": [
              [0.232015, 0.234948, 0.195303, 0.337734], 
              [0.184294, 0.208518, 0.184291, 0.422896], 
              [0.12703, 0.237884, 0.155658, 0.479427], 
              [0.101335, 0.315706, 0.108673, 0.474287], 
              [0.539628, 0.0741672, 0.265048, 0.121156], 
              [0.0176397, 0.581472, 0.371501, 0.0293869], 
              [0.00883037, 1.66875e-05, 1.66875e-05, 0.991136], 
              [2.00206e-05, 0.022776, 1.66875e-05, 0.977187], 
              [2.00206e-05, 0.0411297, 0.00295347, 0.955897], 
              [2.00206e-05, 0.916983, 1.66875e-05, 0.0829799], 
              [0.670309, 0.0286486, 0.174747, 0.126296], 
              [0.0147029, 0.577801, 0.253302, 0.154194], 
              [0.0117662, 0.000750634, 1.66875e-05, 0.987466], 
              [0.00515964, 0.0102949, 0.00368742, 0.980858], 
              [0.00809543, 0.0425976, 1.66875e-05, 0.949289], 
              [0.0125011, 0.751063, 0.0205732, 0.215863], 
              [0.376644, 0.179886, 0.193101, 0.250369], 
              [0.160067, 0.340667, 0.213657, 0.285608], 
              [0.106473, 0.136571, 0.0837105, 0.673246], 
              [0.145383, 0.141709, 0.0726984, 0.640208], 
              [0.121891, 0.243024, 0.110875, 0.524211]
            ]
          }, {
            "db": 0,
            "id": "MA0103.3",
            "alt": "ZEB1",
            "len": 11,
            "nsites": 20129,
            "url": "http://jaspar2018.genereg.net/matrix/MA0103.3",
            "pwm": [
              [0.159522, 0.397336, 0.259725, 0.183417], 
              [0.232749, 0.275722, 0.25729, 0.234239], 
              [0.00566433, 0.953595, 0.00785009, 0.0328892], 
              [0.988868, 1.12921e-06, 0.0110801, 5.13545e-05], 
              [0.00159135, 0.987526, 0.00482011, 0.00606232], 
              [0.00958931, 0.956675, 0.032243, 0.00149135], 
              [0.000200354, 0.02489, 0.017637, 0.957273], 
              [0.0219102, 0.00884409, 0.962836, 0.00641032], 
              [0.0984659, 0.474985, 0.257241, 0.169309], 
              [0.211536, 0.30389, 0.327935, 0.156641], 
              [0.173382, 0.34552, 0.289533, 0.191564]
            ]
          }, {
            "db": 0,
            "id": "MA0148.3",
            "alt": "FOXA1",
            "len": 15,
            "nsites": 22008,
            "url": "http://jaspar2018.genereg.net/matrix/MA0148.3",
            "pwm": [
              [0.196656, 0.219329, 0.187386, 0.396627], 
              [0.211696, 0.311296, 0.214967, 0.262041], 
              [0.139132, 0.388858, 0.241458, 0.230553], 
              [0.3242, 0.196156, 0.16544, 0.314204], 
              [0.00318222, 1.0328e-06, 0.00054603, 0.996271], 
              [0.267312, 1.0328e-06, 0.732686, 1.23909e-06], 
              [1.23909e-06, 1.0328e-06, 1.0328e-06, 0.999997], 
              [1.23909e-06, 1.0328e-06, 0.0587068, 0.941291], 
              [1.23909e-06, 1.0328e-06, 0.129907, 0.87009], 
              [0.829332, 1.0328e-06, 0.170665, 1.23909e-06], 
              [1.23909e-06, 0.934021, 1.0328e-06, 0.0659769], 
              [0.417711, 0.120638, 1.0328e-06, 0.461649], 
              [0.0375781, 0.331516, 0.0632507, 0.567656], 
              [0.486277, 4.60326e-05, 0.00286402, 0.510813], 
              [0.218421, 0.118275, 0.427798, 0.235505]
            ]
          }, {
            "db": 0,
            "id": "MA0149.1",
            "alt": "EWSR1-FLI1",
            "len": 18,
            "nsites": 105,
            "url": "http://jaspar2018.genereg.net/matrix/MA0149.1",
            "pwm": [
              [0.000259467, 0.00021627, 0.999265, 0.000259467], 
              [0.0192893, 0.00021627, 0.980235, 0.000259467], 
              [0.989793, 0.00021627, 0.00973121, 0.000259467], 
              [0.989793, 0.00021627, 0.00973121, 0.000259467], 
              [0.00977441, 0.00021627, 0.98975, 0.000259467], 
              [0.0192893, 0.00021627, 0.970721, 0.00977441], 
              [0.980278, 0.00021627, 0.0192461, 0.000259467], 
              [0.970764, 0.00021627, 0.0287601, 0.000259467], 
              [0.000259467, 0.00021627, 0.98975, 0.00977441], 
              [0.000259467, 0.0192461, 0.980235, 0.000259467], 
              [0.942219, 0.038275, 0.0192461, 0.000259467], 
              [0.999308, 0.00021627, 0.00021627, 0.000259467], 
              [0.000259467, 0.00021627, 0.999265, 0.000259467], 
              [0.000259467, 0.0192461, 0.980235, 0.000259467], 
              [0.951734, 0.0287601, 0.00021627, 0.0192893], 
              [0.970764, 0.00021627, 0.0192461, 0.00977441], 
              [0.0478332, 0.00021627, 0.923147, 0.0288033], 
              [0.0288033, 0.0287601, 0.923147, 0.0192893]
            ]
          }, {
            "db": 0,
            "id": "MA0277.1",
            "alt": "AZF1",
            "len": 9,
            "nsites": 102,
            "url": "http://jaspar2018.genereg.net/matrix/MA0277.1",
            "pwm": [
              [0.617309, 0.127549, 0.127549, 0.127593], 
              [0.999288, 0.000222625, 0.000222625, 0.000267091], 
              [0.999288, 0.000222625, 0.000222625, 0.000267091], 
              [0.870701, 0.12881, 0.000222625, 0.000267091], 
              [0.749533, 0.000222625, 0.249978, 0.000267091], 
              [0.000267091, 0.000222625, 0.999243, 0.000267091], 
              [0.779503, 0.160066, 0.0301932, 0.0302377], 
              [0.817648, 0.0607693, 0.0607693, 0.0608137], 
              [0.617309, 0.127549, 0.127549, 0.127593]
            ]
          }, {
            "db": 0,
            "id": "MA0297.1",
            "alt": "FKH2",
            "len": 7,
            "nsites": 101,
            "url": "http://jaspar2018.genereg.net/matrix/MA0297.1",
            "pwm": [
              [0.128855, 0.000224827, 0.87065, 0.000269733], 
              [0.000269733, 0.000224827, 0.000224827, 0.999281], 
              [0.999281, 0.000224827, 0.000224827, 0.000269733], 
              [0.999281, 0.000224827, 0.000224827, 0.000269733], 
              [0.999281, 0.000224827, 0.000224827, 0.000269733], 
              [0.000269733, 0.999236, 0.000224827, 0.000269733], 
              [0.999281, 0.000224827, 0.000224827, 0.000269733]
            ]
          }, {
            "db": 0,
            "id": "MA0446.1",
            "alt": "fkh",
            "len": 11,
            "nsites": 27,
            "url": "http://jaspar2018.genereg.net/matrix/MA0446.1",
            "pwm": [
              [0.111707, 0.000838746, 0.000838746, 0.886615], 
              [0.185508, 0.000838746, 0.812647, 0.00100627], 
              [0.00100627, 0.000838746, 0.000838746, 0.997316], 
              [0.00100627, 0.000838746, 0.000838746, 0.997316], 
              [0.00100627, 0.000838746, 0.0377391, 0.960416], 
              [0.480711, 0.000838746, 0.517444, 0.00100627], 
              [0.148608, 0.480543, 0.0746394, 0.296209], 
              [0.222408, 0.259141, 0.11154, 0.40691], 
              [0.00100627, 0.406742, 0.0746394, 0.517612], 
              [0.849715, 0.000838746, 0.0377391, 0.111707], 
              [0.554512, 0.14844, 0.14844, 0.148608]
            ]
          }, {
            "db": 0,
            "id": "MA0458.1",
            "alt": "slp1",
            "len": 11,
            "nsites": 41,
            "url": "http://jaspar2018.genereg.net/matrix/MA0458.1",
            "pwm": [
              [0.195311, 0.073546, 0.341185, 0.389958], 
              [0.000663504, 0.000553041, 0.000553041, 0.99823], 
              [0.0736565, 0.000553041, 0.925127, 0.000663504], 
              [0.000663504, 0.000553041, 0.000553041, 0.99823], 
              [0.000663504, 0.000553041, 0.0248837, 0.9739], 
              [0.000663504, 0.000553041, 0.0492144, 0.949569], 
              [0.657598, 0.000553041, 0.0978767, 0.243972], 
              [0.0249942, 0.535832, 0.17087, 0.268304], 
              [0.414289, 0.1952, 0.365517, 0.0249942], 
              [0.0979871, 0.316855, 0.073546, 0.511612], 
              [0.365627, 0.073546, 0.0978767, 0.462951]
            ]
          }, {
            "db": 0,
            "id": "MA0470.1",
            "alt": "E2F4",
            "len": 11,
            "nsites": 1878,
            "url": "http://jaspar2018.genereg.net/matrix/MA0470.1",
            "pwm": [
              [0.144842, 0.19702, 0.451532, 0.206607], 
              [0.0825451, 0.271563, 0.645878, 1.452e-05], 
              [1.452e-05, 0.00586879, 0.994102, 1.452e-05], 
              [1.452e-05, 0.999959, 1.21027e-05, 1.452e-05], 
              [1.452e-05, 1.21027e-05, 0.999959, 1.452e-05], 
              [0.0143908, 0.116087, 0.869508, 1.452e-05], 
              [0.00800109, 0.0218429, 0.970141, 1.452e-05], 
              [0.960027, 1.21027e-05, 0.039946, 1.452e-05], 
              [0.667178, 1.21027e-05, 0.332795, 1.452e-05], 
              [0.379121, 0.185838, 0.383379, 0.0516628], 
              [0.267838, 0.209266, 0.328004, 0.194892]
            ]
          }, {
            "db": 0,
            "id": "MA0471.1",
            "alt": "E2F6",
            "len": 11,
            "nsites": 2757,
            "url": "http://jaspar2018.genereg.net/matrix/MA0471.1",
            "pwm": [
              [0.294522, 0.0290242, 0.509965, 0.166489], 
              [0.160323, 0.147265, 0.692402, 9.89083e-06], 
              [9.89083e-06, 8.24417e-06, 0.999972, 9.89083e-06], 
              [0.243744, 0.708724, 8.24417e-06, 0.0475232], 
              [0.0025488, 8.24417e-06, 0.997433, 9.89083e-06], 
              [9.89083e-06, 8.24417e-06, 0.999972, 9.89083e-06], 
              [0.00726363, 0.0105269, 0.9822, 9.89083e-06], 
              [0.999974, 8.24417e-06, 8.24417e-06, 9.89083e-06], 
              [0.611522, 8.24417e-06, 0.38846, 9.89083e-06], 
              [0.358358, 0.164674, 0.411672, 0.0652955], 
              [0.279652, 0.256074, 0.329702, 0.134572]
            ]
          }, {
            "db": 0,
            "id": "MA0481.2",
            "alt": "FOXP1",
            "len": 12,
            "nsites": 4266,
            "url": "http://jaspar2018.genereg.net/matrix/MA0481.2",
            "pwm": [
              [0.351381, 0.212846, 0.232771, 0.203002], 
              [0.35982, 0.0625919, 0.225738, 0.35185], 
              [0.0696248, 0.0117261, 0.904344, 0.0143051], 
              [0.0318856, 0.0356355, 0.0241488, 0.90833], 
              [0.956618, 0.0304786, 0.00656917, 0.00633524], 
              [0.945601, 0.0332905, 0.00422423, 0.016884], 
              [0.976308, 0.00469322, 0.013132, 0.00586625], 
              [0.00891418, 0.932238, 0.00703716, 0.0518102], 
              [0.962244, 0.00328725, 0.00867812, 0.0257908], 
              [0.211909, 0.159167, 0.509135, 0.119788], 
              [0.353491, 0.202298, 0.219175, 0.225036], 
              [0.305437, 0.220581, 0.212377, 0.261603]
            ]
          }, {
            "db": 0,
            "id": "MA0516.1",
            "alt": "SP2",
            "len": 15,
            "nsites": 1686,
            "url": "http://jaspar2018.genereg.net/matrix/MA0516.1",
            "pwm": [
              [0.0949095, 0.150064, 0.609704, 0.145322], 
              [0.0231468, 0.481005, 0.152436, 0.343412], 
              [0.0308563, 0.822029, 0.000606446, 0.146508], 
              [1.61734e-05, 0.995802, 0.00416523, 1.61734e-05], 
              [1.61734e-05, 0.974452, 1.34808e-05, 0.0255187], 
              [0.103213, 1.34808e-05, 0.759161, 0.137612], 
              [1.61734e-05, 0.999954, 1.34808e-05, 1.61734e-05], 
              [1.61734e-05, 0.982161, 1.34808e-05, 0.0178091], 
              [1.61734e-05, 0.657152, 1.34808e-05, 0.342819], 
              [0.122192, 0.709342, 1.34808e-05, 0.168452], 
              [0.0682211, 0.575898, 0.058729, 0.297152], 
              [0.110923, 0.328582, 0.192766, 0.367728], 
              [0.134053, 0.425255, 0.23784, 0.202851], 
              [0.135239, 0.470923, 0.241992, 0.151846], 
              [0.120412, 0.441861, 0.250296, 0.187431]
            ]
          }, {
            "db": 0,
            "id": "MA0524.2",
            "alt": "TFAP2C",
            "len": 12,
            "nsites": 5834,
            "url": "http://jaspar2018.genereg.net/matrix/MA0524.2",
            "pwm": [
              [0.220947, 0.244601, 0.052797, 0.481655], 
              [0.102765, 0.198151, 0.68281, 0.0162734], 
              [0.0106495, 0.887154, 0.0944363, 0.00775954], 
              [0.00401261, 0.974269, 0.00150687, 0.0202113], 
              [0.00634557, 0.615931, 0.0658128, 0.31191], 
              [0.0884502, 0.364071, 0.22746, 0.32002], 
              [0.412237, 0.248543, 0.291737, 0.0474839], 
              [0.379775, 0.0584429, 0.558863, 0.00291762], 
              [0.0270582, 0.00199586, 0.968286, 0.00266063], 
              [0.0165124, 0.110353, 0.867627, 0.00550758], 
              [0.0323241, 0.742325, 0.149129, 0.0762214], 
              [0.597354, 0.0666808, 0.177409, 0.158555]
            ]
          }, {
            "db": 0,
            "id": "MA0528.1",
            "alt": "ZNF263",
            "len": 21,
            "nsites": 15235,
            "url": "http://jaspar2018.genereg.net/matrix/MA0528.1",
            "pwm": [
              [0.155301, 0.0192334, 0.727138, 0.0983271], 
              [0.301674, 1.49195e-06, 0.698323, 1.78995e-06], 
              [0.729764, 1.49195e-06, 0.183919, 0.0863152], 
              [0.0297356, 1.49195e-06, 0.907052, 0.0632114], 
              [0.0663614, 0.11408, 0.816799, 0.00275877], 
              [0.913616, 0.0361683, 0.00282347, 0.0473925], 
              [0.102988, 0.0554001, 0.73856, 0.103053], 
              [0.101872, 0.0936669, 0.751622, 0.0528404], 
              [0.532522, 0.0635391, 0.361863, 0.0420755], 
              [0.336856, 0.101281, 0.462223, 0.0996401], 
              [0.203216, 0.070168, 0.621658, 0.104957], 
              [0.433081, 0.0387282, 0.441745, 0.0864472], 
              [0.27404, 0.0406972, 0.584376, 0.100887], 
              [0.269511, 0.106204, 0.5935, 0.0307856], 
              [0.521363, 0.0623571, 0.31375, 0.102528], 
              [0.250935, 6.74915e-05, 0.633998, 0.114999], 
              [0.205579, 1.49195e-06, 0.751162, 0.0432575], 
              [0.545124, 1.49195e-06, 0.38674, 0.0681343], 
              [0.343026, 0.0143764, 0.585689, 0.0569094], 
              [0.266951, 0.0426662, 0.6445, 0.0458825], 
              [0.476796, 0.0595351, 0.403084, 0.0605854]
            ]
          }, {
            "db": 0,
            "id": "MA0538.1",
            "alt": "daf-12",
            "len": 15,
            "nsites": 156,
            "url": "http://jaspar2018.genereg.net/matrix/MA0538.1",
            "pwm": [
              [0.14111, 0.128268, 0.724041, 0.00658059], 
              [0.455011, 0.000145612, 0.0834252, 0.461417], 
              [0.211577, 0.000145612, 0.788103, 0.000174696], 
              [0.147516, 0.333265, 0.038583, 0.480636], 
              [0.000174696, 0.000145612, 0.999505, 0.000174696], 
              [0.000174696, 0.333265, 0.000145612, 0.666415], 
              [0.000174696, 0.000145612, 0.999505, 0.000174696], 
              [0.0962671, 0.160299, 0.0898321, 0.653602], 
              [0.000174696, 0.128268, 0.621542, 0.250015], 
              [0.00658059, 0.000145612, 0.000145612, 0.993128], 
              [0.000174696, 0.00655151, 0.986692, 0.00658059], 
              [0.000174696, 0.506231, 0.102644, 0.39095], 
              [0.205171, 0.000145612, 0.538263, 0.25642], 
              [0.109079, 0.128268, 0.179518, 0.583134], 
              [0.109079, 0.27561, 0.35889, 0.25642]
            ]
          }, {
            "db": 0,
            "id": "MA0546.1",
            "alt": "pha-4",
            "len": 10,
            "nsites": 1010,
            "url": "http://jaspar2018.genereg.net/matrix/MA0546.1",
            "pwm": [
              [0.579178, 0.0703125, 2.25027e-05, 0.350487], 
              [0.528688, 2.25027e-05, 0.466313, 0.00497651], 
              [0.531657, 2.25027e-05, 0.0782328, 0.390087], 
              [0.040617, 2.25027e-05, 0.959334, 2.69973e-05], 
              [2.69973e-05, 0.402953, 2.25027e-05, 0.596998], 
              [0.853408, 0.146543, 2.25027e-05, 2.69973e-05], 
              [0.999928, 2.25027e-05, 2.25027e-05, 2.69973e-05], 
              [0.999928, 2.25027e-05, 2.25027e-05, 2.69973e-05], 
              [2.69973e-05, 0.616793, 2.25027e-05, 0.383157], 
              [0.999928, 2.25027e-05, 2.25027e-05, 2.69973e-05]
            ]
          }, {
            "db": 0,
            "id": "MA0593.1",
            "alt": "FOXP2",
            "len": 11,
            "nsites": 766,
            "url": "http://jaspar2018.genereg.net/matrix/MA0593.1",
            "pwm": [
              [0.430788, 0.14753, 0.248039, 0.173642], 
              [0.443842, 0.00916648, 0.185384, 0.361607], 
              [0.208885, 2.96698e-05, 0.791049, 3.55959e-05], 
              [0.0770485, 2.96698e-05, 2.96698e-05, 0.922892], 
              [0.999905, 2.96698e-05, 2.96698e-05, 3.55959e-05], 
              [0.999905, 2.96698e-05, 2.96698e-05, 3.55959e-05], 
              [0.999905, 2.96698e-05, 2.96698e-05, 3.55959e-05], 
              [3.55959e-05, 0.988152, 2.96698e-05, 0.0117831], 
              [0.999905, 2.96698e-05, 2.96698e-05, 3.55959e-05], 
              [0.387713, 0.201047, 0.382487, 0.0287528], 
              [0.433399, 0.161889, 0.240207, 0.164505]
            ]
          }, {
            "db": 0,
            "id": "MA0613.1",
            "alt": "FOXG1",
            "len": 8,
            "nsites": 999,
            "url": "http://jaspar2018.genereg.net/matrix/MA0613.1",
            "pwm": [
              [0.374364, 0.00102365, 0.623584, 0.00102819], 
              [0.00102719, 0.00102265, 0.00102265, 0.996928], 
              [0.996928, 0.00102265, 0.00102265, 0.00102719], 
              [0.996928, 0.00102265, 0.00102265, 0.00102719], 
              [0.996928, 0.00102265, 0.00102265, 0.00102719], 
              [0.00102719, 0.996923, 0.00102265, 0.00102719], 
              [0.996928, 0.00102265, 0.00102265, 0.00102719], 
              [0.497977, 0.167006, 0.00202255, 0.332994]
            ]
          }, {
            "db": 0,
            "id": "MA0614.1",
            "alt": "Foxj2",
            "len": 8,
            "nsites": 999,
            "url": "http://jaspar2018.genereg.net/matrix/MA0614.1",
            "pwm": [
              [0.461442, 2.27505e-05, 0.538508, 2.72946e-05], 
              [0.0500723, 0.0250452, 2.27505e-05, 0.92486], 
              [0.794948, 0.205002, 2.27505e-05, 2.72946e-05], 
              [0.977907, 2.27505e-05, 2.27505e-05, 0.0220471], 
              [0.999927, 2.27505e-05, 2.27505e-05, 2.72946e-05], 
              [2.72946e-05, 0.953927, 2.27505e-05, 0.0460227], 
              [0.999927, 2.27505e-05, 2.27505e-05, 2.72946e-05], 
              [0.593562, 0.125135, 0.125135, 0.156168]
            ]
          }, {
            "db": 0,
            "id": "MA0810.1",
            "alt": "TFAP2A(var.2)",
            "len": 12,
            "nsites": 4005,
            "url": "http://jaspar2018.genereg.net/matrix/MA0810.1",
            "pwm": [
              [0.169291, 0.295379, 0.0432006, 0.49213], 
              [0.121506, 0.276351, 0.580823, 0.0213203], 
              [0.00353572, 0.94257, 0.0538863, 6.80882e-06], 
              [6.80882e-06, 0.989361, 0.00247561, 0.00815661], 
              [0.00250275, 0.701935, 0.0551713, 0.24039], 
              [0.0491946, 0.412729, 0.207491, 0.330586], 
              [0.330503, 0.359208, 0.263104, 0.0471846], 
              [0.423716, 0.101626, 0.467659, 0.00699763], 
              [0.0451487, 0.00804147, 0.946803, 6.80882e-06], 
              [0.00104678, 0.163861, 0.833006, 0.00208576], 
              [0.0210433, 0.834394, 0.0974832, 0.0470796], 
