<!DOCTYPE HTML>
<html>
  <head>
    <meta charset="UTF-8">
    <title>SpaMo - Spaced Motif Analysis</title>
    <script type="text/javascript">
      //@JSON_VAR data
      var data = {"program":"SpaMo","version":"4.12.0","revision":"aacc9c3eb8c7b460b344d5c8aa1458097dae704d","release":"Tue Jun 27 16:22:50 2017 -0700","host":"Sudins-iMac.local","when":"Thu May 24 13:54:00 2018","cmd":["spamo","-verbosity","1","-oc","results/AHRpeaks_noAHREs.bed.fa/jaspar/spamo_out_4","-bgfile","results/AHRpeaks_noAHREs.bed.fa/jaspar/background","-primary","TGTGGTCAGACYGGTTCTCTGCTCTYRAAC","results/AHRpeaks_noAHREs.bed.fa/jaspar/AHRpeaks_noAHREs.bed.fa","results/AHRpeaks_noAHREs.bed.fa/jaspar/meme_out/meme.xml","results/AHRpeaks_noAHREs.bed.fa/jaspar/meme_out/meme.xml","results/AHRpeaks_noAHREs.bed.fa/jaspar/dreme_out/dreme.xml","/Users/filipov4/meme/db/motif_databases/JASPAR/JASPAR2018_CORE_non-redundant.meme"],"options":{"seq_min_hit_score":7,"margin":150,"bin_size":1,"bin_pvalue_calc_range":150,"use_best_secondary":0,"seq_max_shared_fract":0.5,"seq_odds_ratio":20,"bin_pvalue_cutoff":0.05,"motif_evalue_cutoff":10,"redundant_overlap":2,"redundant_joint":0.5,"motif_pseudocount":0.1,"bgfile":"results/AHRpeaks_noAHREs.bed.fa/jaspar/background","motif_trim":0.25,"xalph":0,"seed":1,"bin_max":7},"alphabet":{"name":"DNA","like":"dna","ncore":4,"symbols":[{"symbol":"A","name":"Adenine","colour":"CC0000","complement":"T"},{"symbol":"C","name":"Cytosine","colour":"0000CC","complement":"G"},{"symbol":"G","name":"Guanine","colour":"FFB300","complement":"C"},{"symbol":"T","aliases":"U","name":"Thymine","colour":"008000","complement":"A"},{"symbol":"N","aliases":"X.","name":"Any base","equals":"ACGT"},{"symbol":"V","name":"Not T","equals":"ACG"},{"symbol":"H","name":"Not G","equals":"ACT"},{"symbol":"D","name":"Not C","equals":"AGT"},{"symbol":"B","name":"Not A","equals":"CGT"},{"symbol":"M","name":"Amino","equals":"AC"},{"symbol":"R","name":"Purine","equals":"AG"},{"symbol":"W","name":"Weak","equals":"AT"},{"symbol":"S","name":"Strong","equals":"CG"},{"symbol":"Y","name":"Pyrimidine","equals":"CT"},{"symbol":"K","name":"Keto","equals":"GT"}]},"background":[0.2912,0.2088,0.2088,0.2912],"sequence_dbs":[{"source":"results/AHRpeaks_noAHREs.bed.fa/jaspar/AHRpeaks_noAHREs.bed.fa","name":"AHRpeaks_noAHREs.bed","last_modified":"Thu May 24 11:14:28 2018","loaded":1228,"excluded_too_short":13,"excluded_no_match":1200,"excluded_ambigs":0,"excluded_similar":5,"erased_primary_matches":0}],"primary_dbs":[{"source":"results/AHRpeaks_noAHREs.bed.fa/jaspar/meme_out/meme.xml","name":"meme.xml","last_modified":"Thu May 24 13:51:25 2018","loaded":6,"excluded":5}],"secondary_dbs":[{"source":"results/AHRpeaks_noAHREs.bed.fa/jaspar/meme_out/meme.xml","name":"meme.xml","last_modified":"Thu May 24 13:51:25 2018","loaded":7,"excluded":1},{"source":"results/AHRpeaks_noAHREs.bed.fa/jaspar/dreme_out/dreme.xml","name":"dreme.xml","last_modified":"Thu May 24 13:52:17 2018","loaded":8,"excluded":0},{"source":"/Users/filipov4/meme/db/motif_databases/JASPAR/JASPAR2018_CORE_non-redundant.meme","name":"JASPAR2018_CORE_non-redundant","last_modified":"Thu Dec  7 14:38:42 2017","loaded":1404,"excluded":0}],"secondary_motifs":[{"db":0,"id":"GTCTATGTTCAGCDDTGCACRTATTGTCTT","alt":"MEME-7","len":30,"ltrim":0,"rtrim":0,"nsites":4,"evalue":"2.9e-005","pwm":[[0.00710244,0.00509269,0.980702,0.00710244],[0.00710244,0.00509269,0.00509269,0.982712],[0.00710244,0.980702,0.00509269,0.00710244],[0.00710244,0.00509269,0.00509269,0.982712],[0.982712,0.00509269,0.00509269,0.00710244],[0.00710244,0.00509269,0.00509269,0.982712],[0.00710244,0.00509269,0.980702,0.00710244],[0.00710244,0.248995,0.00509269,0.73881],[0.00710244,0.00509269,0.00509269,0.982712],[0.00710244,0.980702,0.00509269,0.00710244],[0.982712,0.00509269,0.00509269,0.00710244],[0.00710244,0.00509269,0.980702,0.00710244],[0.00710244,0.980702,0.00509269,0.00710244],[0.251005,0.00509269,0.248995,0.494907],[0.251005,0.00509269,0.492898,0.251005],[0.00710244,0.00509269,0.00509269,0.982712],[0.00710244,0.00509269,0.980702,0.00710244],[0.00710244,0.980702,0.00509269,0.00710244],[0.982712,0.00509269,0.00509269,0.00710244],[0.00710244,0.980702,0.00509269,0.00710244],[0.494907,0.00509269,0.492898,0.00710244],[0.00710244,0.00509269,0.00509269,0.982712],[0.73881,0.00509269,0.248995,0.00710244],[0.00710244,0.00509269,0.00509269,0.982712],[0.00710244,0.00509269,0.00509269,0.982712],[0.00710244,0.00509269,0.980702,0.00710244],[0.00710244,0.248995,0.00509269,0.73881],[0.00710244,0.980702,0.00509269,0.00710244],[0.00710244,0.00509269,0.00509269,0.982712],[0.00710244,0.00509269,0.00509269,0.982712]]},{"db":0,"id":"TGCCCTSAGGCW","alt":"MEME-3","len":12,"ltrim":0,"rtrim":0,"nsites":43,"evalue":"2.1e-004","pwm":[[0.0702808,0.139696,0.139696,0.650328],[0.139887,0.000484455,0.742944,0.116685],[0.000675638,0.650137,0.0932916,0.255896],[0.000675638,0.95176,0.000484455,0.0470797],[0.139887,0.835751,0.0236865,0.000675638],[0.000675638,0.302109,0.0700896,0.627126],[0.000675638,0.557329,0.441319,0.000675638],[0.789539,0.000484455,0.116494,0.0934828],[0.000675638,0.000484455,0.974962,0.0238777],[0.000675638,0.0468885,0.95176,0.000675638],[0.000675638,0.882155,0.116494,0.000675638],[0.3023,0.1861,0.000484455,0.511117]]},{"db":0,"id":"TNTTTKTTTTTDTTKTWKTTKBTTTT","alt":"MEME-1","len":26,"ltrim":0,"rtrim":0,"nsites":59,"evalue":"1.8e-034","pwm":[[0.000492724,0.0172736,0.0003533,0.98188],[0.169698,0.220319,0.288002,0.321982],[0.000492724,0.0172736,0.0003533,0.98188],[0.0512537,0.0680356,0.135717,0.744994],[0.000492724,0.0680356,0.0003533,0.931118],[0.135856,0.135717,0.338763,0.389664],[0.017413,0.101876,0.0680356,0.812675],[0.0343334,0.135717,0.169559,0.660391],[0.068175,0.0003533,0.152637,0.778835],[0.000492724,0.0680356,0.203399,0.728074],[0.135856,0.169559,0.0680356,0.626551],[0.321982,0.0680356,0.389525,0.220459],[0.135856,0.0003533,0.0003533,0.863437],[0.0343334,0.118797,0.0680356,0.778835],[0.000492724,0.186479,0.304922,0.508107],[0.203539,0.186479,0.118797,0.491186],[0.457345,0.101876,0.118797,0.321982],[0.102016,0.0003533,0.304922,0.592709],[0.0850953,0.203399,0.101876,0.609629],[0.000492724,0.0849559,0.203399,0.711152],[0.068175,0.0172736,0.541809,0.372743],[0.068175,0.355683,0.304922,0.27122],[0.203539,0.0511143,0.169559,0.575789],[0.000492724,0.118797,0.288002,0.592709],[0.305062,0.0003533,0.0003533,0.694232],[0.186618,0.0003533,0.118797,0.694232]]},{"db":1,"id":"CCTSAGGS","alt":"DREME-6","len":8,"ltrim":0,"rtrim":0,"nsites":49,"evalue":"5.5e-003","pwm":[[0.000593075,0.998389,0.000425255,0.000593075],[0.000593075,0.998389,0.000425255,0.000593075],[0.000593075,0.000425255,0.000425255,0.998556],[0.000593075,0.468857,0.529957,0.000593075],[0.998556,0.000425255,0.000425255,0.000593075],[0.000593075,0.000425255,0.998389,0.000593075],[0.000593075,0.000425255,0.998389,0.000593075],[0.000593075,0.529957,0.468857,0.000593075]]},{"db":1,"id":"CMCAG","alt":"DREME-5","len":5,"ltrim":0,"rtrim":0,"nsites":860,"evalue":"3.1e-005","pwm":[[3.38565e-05,0.999908,2.42763e-05,3.38565e-05],[0.555783,0.444159,2.42763e-05,3.38565e-05],[3.38565e-05,0.999908,2.42763e-05,3.38565e-05],[0.999918,2.42763e-05,2.42763e-05,3.38565e-05],[3.38565e-05,2.42763e-05,0.999908,3.38565e-05]]},{"db":1,"id":"RYAAAYA","alt":"DREME-1","len":7,"ltrim":0,"rtrim":0,"nsites":625,"evalue":"1.2e-047","pwm":[[0.529562,3.34027e-05,0.470358,4.65845e-05],[4.65845e-05,0.494354,3.34027e-05,0.505566],[0.999887,3.34027e-05,3.34027e-05,4.65845e-05],[0.999887,3.34027e-05,3.34027e-05,4.65845e-05],[0.999887,3.34027e-05,3.34027e-05,4.65845e-05],[4.65845e-05,0.571142,3.34027e-05,0.428778],[0.999887,3.34027e-05,3.34027e-05,4.65845e-05]]},{"db":2,"id":"MA0002.2","alt":"RUNX1","len":11,"ltrim":2,"rtrim":0,"nsites":2000,"url":"http://jaspar2018.genereg.net/matrix/MA0002.2","pwm":[[0.143507,0.247998,0.347993,0.260502],[0.117009,0.242498,0.233499,0.406994],[0.0615115,0.535984,0.0745067,0.327998],[0.0285131,1.04395e-05,0.00351026,0.967966],[1.45593e-05,0.0375086,0.935964,0.0265132],[0.0435124,0.0635073,0.0350087,0.857972],[1.45593e-05,1.04395e-05,0.993461,0.00651423],[0.00851413,0.0210094,0.923964,0.0465122],[0.00501431,0.2,0.125504,0.669481],[0.0655113,0.231499,0.0405084,0.662481],[0.250002,0.0790065,0.144503,0.526488]]},{"db":2,"id":"MA0003.3","alt":"TFAP2A","len":11,"ltrim":1,"rtrim":1,"nsites":5308,"url":"http://jaspar2018.genereg.net/matrix/MA0003.3","pwm":[[0.321401,0.365295,0.052188,0.261116],[0.02495,0.176257,0.790229,0.00856332],[5.48595e-06,0.974472,0.0255175,5.48595e-06],[5.48595e-06,0.947852,0.0019679,0.0501745],[0.00622137,0.310038,0.123942,0.559799],[0.10833,0.505269,0.303879,0.0825209],[0.685621,0.187418,0.116408,0.0105533],[0.154625,0.0342283,0.811143,5.48595e-06],[5.48595e-06,0.00580882,0.99418,5.48595e-06],[0.00578938,0.881703,0.108584,0.00392341],[0.351355,0.15034,0.24397,0.254334]]},{"db":2,"id":"MA0011.1","alt":"br(var.2)","len":8,"ltrim":0,"rtrim":0,"nsites":12,"url":"http://jaspar2018.genereg.net/matrix/MA0011.1","pwm":[[0.25034,0.0843699,0.0843699,0.580919],[0.41563,0.167015,0.0843699,0.332985],[0.00240661,0.828172,0.00172562,0.167696],[0.00240661,0.0843699,0.00172562,0.911498],[0.994142,0.00172562,0.00172562,0.00240661],[0.0850509,0.0843699,0.167015,0.663564],[0.167696,0.00172562,0.0843699,0.746208],[0.0850509,0.167015,0.0843699,0.663564]]},{"db":2,"id":"MA0019.1","alt":"Ddit3::Cebpa","len":12,"ltrim":2,"rtrim":0,"nsites":39,"url":"http://jaspar2018.genereg.net/matrix/MA0019.1","pwm":[[0.358801,0.179562,0.307439,0.154197],[0.282074,0.179562,0.35859,0.179773],[0.461102,0.0772603,0.384165,0.077471],[0.000744757,0.0261094,0.000534016,0.972612],[0.000744757,0.000534016,0.972401,0.0263202],[0.103046,0.844524,0.000534016,0.0518956],[0.972612,0.0261094,0.000534016,0.000744757],[0.921461,0.0516849,0.0261094,0.000744757],[0.000744757,0.153987,0.000534016,0.844735],[0.358801,0.435316,0.128411,0.077471],[0.103046,0.58877,0.230713,0.077471],[0.000744757,0.665496,0.153987,0.179773]]},{"db":2,"id":"MA0020.1","alt":"Dof2","len":6,"ltrim":0,"rtrim":1,"nsites":21,"url":"http://jaspar2018.genereg.net/matrix/MA0020.1","pwm":[[0.996641,0.000989574,0.000989574,0.00138009],[0.996641,0.000989574,0.000989574,0.00138009],[0.996641,0.000989574,0.000989574,0.00138009],[0.00138009,0.000989574,0.99625,0.00138009],[0.14356,0.664497,0.0957762,0.0961667],[0.333133,0.285349,0.14317,0.238347]]},{"db":2,"id":"MA0030.1","alt":"FOXF2","len":14,"ltrim":0,"rtrim":1,"nsites":27,"url":"http://jaspar2018.genereg.net/matrix/MA0030.1","pwm":[[0.0379749,0.369774,0.259073,0.333178],[0.370078,0.259073,0.185272,0.185576],[0.628381,0.148372,0.0745711,0.148676],[0.463647,0.178683,0.178683,0.178987],[0.136935,0.498925,0.363065,0.00107454],[0.259377,0.00077048,0.738778,0.00107454],[0.00107454,0.00077048,0.00077048,0.997385],[0.997385,0.00077048,0.00077048,0.00107454],[0.997385,0.00077048,0.00077048,0.00107454],[0.997385,0.00077048,0.00077048,0.00107454],[0.00107454,0.92328,0.00077048,0.0748752],[0.997385,0.00077048,0.00077048,0.00107454],[0.591481,0.148372,0.0745711,0.185576],[0.259377,0.148372,0.222172,0.370078]]},{"db":2,"id":"MA0031.1","alt":"FOXD1","len":8,"ltrim":0,"rtrim":1,"nsites":20,"url":"http://jaspar2018.genereg.net/matrix/MA0031.1","pwm":[[0.0512,0.0507901,0.84681,0.0512],[0.00144876,0.00103881,0.00103881,0.996474],[0.946722,0.0507901,0.00103881,0.00144876],[0.996474,0.00103881,0.00103881,0.00144876],[0.896971,0.0507901,0.0507901,0.00144876],[0.0512,0.896561,0.00103881,0.0512],[0.996474,0.00103881,0.00103881,0.00144876],[0.349707,0.100541,0.150293,0.399459]]},{"db":2,"id":"MA0032.2","alt":"FOXC1","len":11,"ltrim":0,"rtrim":0,"nsites":19566,"url":"http://jaspar2018.genereg.net/matrix/MA0032.2","pwm":[[0.329756,0.0394569,0.015538,0.615249],[0.695237,0.0353359,0.202155,0.0672731],[0.344387,0.0876136,0.105678,0.462323],[0.257364,0.017801,0.722131,0.00270347],[0.108395,0.0717427,0.016938,0.802924],[0.706923,0.289518,0.00113306,0.00242648],[0.991151,0.00579104,1.06715e-06,0.00305747],[0.983558,0.00298005,0.00750203,0.00595946],[0.00649846,0.467699,0.00878802,0.517014],[0.966338,0.00141206,0.022632,0.00961844],[0.31682,0.0736507,0.0523318,0.557199]]},{"db":2,"id":"MA0033.2","alt":"FOXL1","len":7,"ltrim":0,"rtrim":0,"nsites":4933,"url":"http://jaspar2018.genereg.net/matrix/MA0033.2","pwm":[[0.426107,0.00263918,0.542868,0.0283853],[0.00192686,0.0799106,4.23264e-06,0.918158],[0.874645,0.114915,0.010434,5.90298e-06],[0.98902,0.00786707,4.23264e-06,0.00310984],[0.973113,0.0166979,0.010183,5.90298e-06],[5.90298e-06,0.778858,4.23264e-06,0.221131],[0.98535,0.011136,4.23264e-06,0.00350983]]},{"db":2,"id":"MA0034.1","alt":"Gam1","len":10,"ltrim":2,"rtrim":0,"nsites":25,"url":"http://jaspar2018.genereg.net/matrix/MA0034.1","pwm":[[0.160523,0.239876,0.439079,0.160523],[0.399567,0.200035,0.279716,0.120682],[0.120682,0.51876,0.000831873,0.359726],[0.917495,0.0406725,0.0406725,0.00116016],[0.997176,0.000831873,0.000831873,0.00116016],[0.0410008,0.957007,0.000831873,0.00116016],[0.120682,0.558601,0.239876,0.0808414],[0.240204,0.000831873,0.757804,0.00116016],[0.399567,0.439079,0.000831873,0.160523],[0.200363,0.757804,0.0406725,0.00116016]]},{"db":2,"id":"MA0036.3","alt":"GATA2","len":11,"ltrim":2,"rtrim":2,"nsites":14213,"url":"http://jaspar2018.genereg.net/matrix/MA0036.3","pwm":[[0.232393,0.209526,0.225216,0.332864],[0.139732,0.288397,0.208682,0.363188],[0.0661386,0.746285,0.0860489,0.101528],[0.0312408,0.0182243,0.0105554,0.93998],[0.0293408,0.00239345,0.00147946,0.966786],[0.991904,0.000986462,0.00302645,0.00408302],[0.010204,0.00541943,0.00337845,0.980998],[0.006756,0.969952,0.00886641,0.0144249],[0.166961,0.0346172,0.0258223,0.7726],[0.204884,0.26131,0.257229,0.276578],[0.230634,0.272567,0.155914,0.340885]]},{"db":2,"id":"MA0037.3","alt":"GATA3","len":8,"ltrim":0,"rtrim":1,"nsites":1000,"url":"http://jaspar2018.genereg.net/matrix/MA0037.3","pwm":[[0.501979,0.225998,0.00102078,0.271002],[2.91171e-05,2.08779e-05,0.999921,2.91171e-05],[0.999929,2.08779e-05,2.08779e-05,2.91171e-05],[2.91171e-05,2.08779e-05,2.08779e-05,0.999929],[0.914853,0.00202268,2.08779e-05,0.0831038],[0.861943,0.0150194,0.0760133,0.0470244],[0.114018,0.300991,0.475973,0.109018],[0.422987,0.188002,0.320989,0.0680223]]},{"db":2,"id":"MA0038.1","alt":"Gfi1","len":10,"ltrim":1,"rtrim":0,"nsites":53,"url":"http://jaspar2018.genereg.net/matrix/MA0038.1","pwm":[[0.17004,0.377041,0.169884,0.283034],[0.527855,0.301712,0.132219,0.0382133],[0.998665,0.000393221,0.000393221,0.000548399],[0.998665,0.000393221,0.000393221,0.000548399],[0.0193809,0.000393221,0.0192257,0.961],[0.0193809,0.979678,0.000393221,0.000548399],[0.584353,0.132219,0.0380582,0.245369],[0.151207,0.5277,0.207549,0.113543],[0.358364,0.207549,0.0380582,0.396028],[0.132375,0.245214,0.5277,0.0947107]]},{"db":2,"id":"MA0039.3","alt":"KLF4","len":11,"ltrim":0,"rtrim":2,"nsites":969,"url":"http://jaspar2018.genereg.net/matrix/MA0039.3","pwm":[[0.270384,0.496358,0.130039,0.103218],[0.120761,0.668684,0.108369,0.102187],[0.953492,0.0144681,0.0185956,0.0134447],[0.0082852,0.978249,0.00621291,0.0072533],[0.856495,0.00208533,0.126943,0.0144766],[0.0134447,0.943164,0.0185956,0.0247955],[0.029955,0.938005,0.0175637,0.0144766],[0.0155085,0.96277,0.00414912,0.0175722],[0.267288,0.0743169,0.0402654,0.618129],[0.189896,0.287918,0.292045,0.23014],[0.237364,0.304428,0.208462,0.249746]]},{"db":2,"id":"MA0042.2","alt":"FOXI1","len":7,"ltrim":0,"rtrim":0,"nsites":5832,"url":"http://jaspar2018.genereg.net/matrix/MA0042.2","pwm":[[0.10597,0.00669047,0.887334,4.99305e-06],[0.0138518,0.0112314,0.00655247,0.968364],[0.899677,0.093882,0.00643647,4.99305e-06],[0.995563,0.0044285,3.58019e-06,4.99305e-06],[0.977694,0.00434851,0.00548249,0.0124738],[0.0253676,0.836015,0.00775745,0.130859],[0.992889,0.00230554,0.0048005,4.99305e-06]]},{"db":2,"id":"MA0044.1","alt":"HMG-1","len":9,"ltrim":0,"rtrim":0,"nsites":13,"url":"http://jaspar2018.genereg.net/matrix/MA0044.1","pwm":[[0.0022229,0.383273,0.612281,0.0022229],[0.0022229,0.00159389,0.230601,0.765582],[0.0022229,0.306937,0.00159389,0.689246],[0.0022229,0.154265,0.764953,0.0785587],[0.0022229,0.0779297,0.00159389,0.918254],[0.460238,0.0779297,0.230601,0.23123],[0.23123,0.383273,0.00159389,0.383902],[0.0022229,0.0779297,0.154265,0.765582],[0.0022229,0.612281,0.0779297,0.307566]]},{"db":2,"id":"MA0045.1","alt":"HMG-I/Y","len":16,"ltrim":1,"rtrim":0,"nsites":14,"url":"http://jaspar2018.genereg.net/matrix/MA0045.1","pwm":[[0.214831,0.356091,0.285169,0.143909],[0.498519,0.00148085,0.214247,0.285753],[0.640363,0.0724033,0.0724033,0.214831],[0.214831,0.427012,0.285169,0.0729877],[0.782207,0.00148085,0.214247,0.00206525],[0.782207,0.00148085,0.143325,0.0729877],[0.782207,0.00148085,0.143325,0.0729877],[0.214831,0.214247,0.143325,0.427597],[0.285753,0.0724033,0.568857,0.0729877],[0.214831,0.285169,0.427012,0.0729877],[0.569442,0.356091,0.0724033,0.00206525],[0.569442,0.0724033,0.285169,0.0729877],[0.640363,0.00148085,0.143325,0.214831],[0.640363,0.356091,0.00148085,0.00206525],[0.782207,0.00148085,0.214247,0.00206525],[0.143909,0.497935,0.00148085,0.356675]]},{"db":2,"id":"MA0047.2","alt":"Foxa2","len":12,"ltrim":0,"rtrim":1,"nsites":808,"url":"http://jaspar2018.genereg.net/matrix/MA0047.2","pwm":[[0.00127388,0.00126369,0.00126369,0.9962],[0.273179,0.00373338,0.719344,0.00374358],[0.00127188,0.00126169,0.00126169,0.996205],[0.00127188,0.00373338,0.0445193,0.950474],[0.00126888,0.00125869,0.215782,0.78169],[0.908566,0.00496323,0.0827316,0.00373958],[0.00250473,0.894977,0.00249453,0.100024],[0.417784,0.0951931,0.00373338,0.483289],[0.0618334,0.32755,0.07171,0.538906],[0.516701,0.00745992,0.0297622,0.446078],[0.162547,0.0657747,0.597967,0.173712],[0.160664,0.242835,0.361127,0.235374]]},{"db":2,"id":"MA0050.2","alt":"IRF1","len":21,"ltrim":3,"rtrim":0,"nsites":1362,"url":"http://jaspar2018.genereg.net/matrix/MA0050.2","pwm":[[0.232016,0.234947,0.195302,0.337736],[0.184296,0.208517,0.18429,0.422897],[0.127031,0.237883,0.155657,0.479428],[0.101336,0.315704,0.108671,0.474289],[0.53963,0.0741659,0.265047,0.121157],[0.0176411,0.581471,0.3715,0.0293882],[0.00883173,1.53293e-05,1.53293e-05,0.991138],[2.13787e-05,0.0227747,1.53293e-05,0.977189],[2.13787e-05,0.0411283,0.00295211,0.955898],[2.13787e-05,0.916982,1.53293e-05,0.0829813],[0.67031,0.0286472,0.174746,0.126297],[0.0147043,0.5778,0.253301,0.154195],[0.0117675,0.000749275,1.53293e-05,0.987467],[0.005161,0.0102936,0.00368606,0.980859],[0.00809679,0.0425962,1.53293e-05,0.949291],[0.0125025,0.751061,0.0205718,0.215865],[0.376646,0.179885,0.193099,0.25037],[0.160069,0.340665,0.213656,0.285609],[0.106475,0.136569,0.0837092,0.673247],[0.145385,0.141708,0.072697,0.640209],[0.121892,0.243022,0.110873,0.524212]]},{"db":2,"id":"MA0052.3","alt":"MEF2A","len":12,"ltrim":0,"rtrim":0,"nsites":1223,"url":"http://jaspar2018.genereg.net/matrix/MA0052.3","pwm":[[0.135745,0.0703303,0.388374,0.405551],[0.0474179,0.902359,0.00280484,0.0474179],[2.38083e-05,0.00920032,1.70714e-05,0.990759],[0.992786,0.00308382,1.70714e-05,0.00411347],[0.531326,1.70714e-05,0.0020719,0.466584],[0.860769,0.00178993,1.70714e-05,0.137424],[0.950044,1.70714e-05,1.70714e-05,0.0499217],[0.95754,0.00396175,1.70714e-05,0.0384827],[2.38083e-05,0.0020719,1.70714e-05,0.997887],[0.996862,0.0020699,1.70714e-05,0.00105072],[0.143117,0.00435372,0.842099,0.010431],[0.544694,0.33242,0.037051,0.0858348]]},{"db":2,"id":"MA0056.1","alt":"MZF1","len":6,"ltrim":1,"rtrim":0,"nsites":20,"url":"http://jaspar2018.genereg.net/matrix/MA0056.1","pwm":[[0.150702,0.249795,0.200044,0.399459],[0.00144876,0.00103881,0.946312,0.0512],[0.100951,0.00103881,0.896561,0.00144876],[0.00144876,0.00103881,0.946312,0.0512],[0.00144876,0.00103881,0.996064,0.00144876],[0.896971,0.00103881,0.100541,0.00144876]]},{"db":2,"id":"MA0057.1","alt":"MZF1(var.2)","len":10,"ltrim":1,"rtrim":1,"nsites":16,"url":"http://jaspar2018.genereg.net/matrix/MA0057.1","pwm":[[0.0639205,0.249744,0.43608,0.250256],[0.126032,0.0012969,0.43608,0.436591],[0.933486,0.0634087,0.0012969,0.00180869],[0.00180869,0.0012969,0.684527,0.312368],[0.00180869,0.0012969,0.932974,0.0639205],[0.00180869,0.12552,0.870862,0.00180869],[0.00180869,0.0012969,0.870862,0.126032],[0.188144,0.0634087,0.498191,0.250256],[0.622927,0.0012969,0.249744,0.126032],[0.498703,0.12552,0.249744,0.126032]]},{"db":2,"id":"MA0064.1","alt":"PBF","len":5,"ltrim":0,"rtrim":0,"nsites":16,"url":"http://jaspar2018.genereg.net/matrix/MA0064.1","pwm":[[0.995598,0.0012969,0.0012969,0.00180869],[0.995598,0.0012969,0.0012969,0.00180869],[0.995598,0.0012969,0.0012969,0.00180869],[0.00180869,0.0012969,0.995086,0.00180869],[0.0639205,0.560303,0.0634087,0.312368]]},{"db":2,"id":"MA0078.1","alt":"Sox17","len":9,"ltrim":2,"rtrim":0,"nsites":31,"url":"http://jaspar2018.genereg.net/matrix/MA0078.1","pwm":[[0.226016,0.290061,0.193597,0.290326],[0.258172,0.257907,0.129288,0.354634],[0.0973992,0.579449,0.0328257,0.290326],[0.965567,0.000671383,0.000671383,0.0330906],[0.000936334,0.0328257,0.000671383,0.965567],[0.000936334,0.000671383,0.000671383,0.997721],[0.000936334,0.000671383,0.997456,0.000936334],[0.000936334,0.000671383,0.0649799,0.933412],[0.000936334,0.547295,0.322215,0.129553]]},{"db":2,"id":"MA0079.3","alt":"SP1","len":11,"ltrim":1,"rtrim":0,"nsites":8734,"url":"http://jaspar2018.genereg.net/matrix/MA0079.3","pwm":[[0.0981242,0.204488,0.489005,0.208382],[3.33406e-06,0.711581,0.0735075,0.214908],[0.0113382,0.767454,2.39063e-06,0.221205],[3.33406e-06,0.999991,2.39063e-06,3.33406e-06],[3.33406e-06,0.991633,2.39063e-06,0.00836124],[0.155601,2.39063e-06,0.529421,0.314976],[3.33406e-06,0.999991,2.39063e-06,3.33406e-06],[3.33406e-06,0.999991,2.39063e-06,3.33406e-06],[3.33406e-06,0.764707,2.39063e-06,0.235288],[0.12068,0.727839,2.39063e-06,0.151479],[0.0746535,0.568922,0.0840404,0.272384]]},{"db":2,"id":"MA0081.1","alt":"SPIB","len":7,"ltrim":0,"rtrim":0,"nsites":49,"url":"http://jaspar2018.genereg.net/matrix/MA0081.1","pwm":[[0.631958,0.000425255,0.000425255,0.367192],[0.0820598,0.285557,0.591057,0.0413259],[0.489392,0.326291,0.142991,0.0413259],[0.0413259,0.000425255,0.957656,0.000593075],[0.0209595,0.000425255,0.957656,0.0209595],[0.97819,0.000425255,0.000425255,0.0209595],[0.957824,0.000425255,0.000425255,0.0413259]]},{"db":2,"id":"MA0082.1","alt":"squamosa","len":14,"ltrim":0,"rtrim":1,"nsites":30,"url":"http://jaspar2018.genereg.net/matrix/MA0082.1","pwm":[[0.366416,0.46581,0.0339159,0.133857],[0.000967441,0.73159,0.000693688,0.266749],[0.79831,0.000693688,0.133584,0.067413],[0.532529,0.0671392,0.0339159,0.366416],[0.765087,0.000693688,0.000693688,0.233525],[0.565752,0.000693688,0.000693688,0.432861],[0.79831,0.0339159,0.000693688,0.167081],[0.266749,0.000693688,0.0339159,0.698642],[0.466084,0.0339159,0.499033,0.000967441],[0.0341897,0.0339159,0.930926,0.000967441],[0.466084,0.166807,0.0339159,0.333193],[0.831532,0.166807,0.000693688,0.000967441],[0.698642,0.0671392,0.100361,0.133857],[0.233525,0.166807,0.266475,0.333193]]},{"db":2,"id":"MA0084.1","alt":"SRY","len":9,"ltrim":2,"rtrim":0,"nsites":28,"url":"http://jaspar2018.genereg.net/matrix/MA0084.1","pwm":[[0.178972,0.178679,0.356615,0.285734],[0.285734,0.107505,0.143092,0.46367],[0.534844,0.000743061,0.107505,0.356908],[0.641606,0.107505,0.107505,0.143385],[0.890716,0.000743061,0.000743061,0.107798],[0.0010363,0.92601,0.000743061,0.0722111],[0.997478,0.000743061,0.000743061,0.0010363],[0.961891,0.000743061,0.03633,0.0010363],[0.250147,0.000743061,0.0719179,0.677192]]},{"db":2,"id":"MA0092.1","alt":"Hand1::Tcf3","len":10,"ltrim":1,"rtrim":0,"nsites":29,"url":"http://jaspar2018.genereg.net/matrix/MA0092.1","pwm":[[0.138458,0.275632,0.344361,0.24155],[0.344644,0.000717526,0.516181,0.138458],[0.0697297,0.0694465,0.035082,0.825743],[0.00100069,0.962917,0.000717526,0.0353652],[0.00100069,0.000717526,0.000717526,0.997564],[0.00100069,0.000717526,0.997281,0.00100069],[0.00100069,0.10381,0.859824,0.0353652],[0.310279,0.481818,0.035082,0.172822],[0.550829,0.000717526,0.10381,0.344644],[0.172822,0.138175,0.138175,0.550829]]},{"db":2,"id":"MA0101.1","alt":"REL","len":10,"ltrim":0,"rtrim":0,"nsites":17,"url":"http://jaspar2018.genereg.net/matrix/MA0101.1","pwm":[[0.00170292,0.293619,0.469057,0.235621],[0.00170292,0.0597011,0.878414,0.0601829],[0.0601829,0.00122105,0.878414,0.0601829],[0.294101,0.0597011,0.527537,0.118662],[0.35258,0.293619,0.17666,0.177142],[0.294101,0.0597011,0.0597011,0.586498],[0.0601829,0.00122105,0.00122105,0.937375],[0.118662,0.00122105,0.00122105,0.878896],[0.00170292,0.878414,0.00122105,0.118662],[0.0601829,0.936893,0.00122105,0.00170292]]},{"db":2,"id":"MA0102.3","alt":"CEBPA","len":11,"ltrim":0,"rtrim":1,"nsites":15318,"url":"http://jaspar2018.genereg.net/matrix/MA0102.3","pwm":[[0.675738,0.0869578,0.237303,1.90102e-06],[1.90102e-06,1.36309e-06,1.36309e-06,0.999995],[1.90102e-06,1.36309e-06,1.36309e-06,0.999995],[0.0460256,1.36309e-06,0.737952,0.21602],[1.90102e-06,0.999995,1.36309e-06,1.90102e-06],[0.780517,0.0831708,0.0695919,0.0667205],[0.173653,0.499672,1.36309e-06,0.326675],[0.798143,0.201854,1.36309e-06,1.90102e-06],[0.999995,1.36309e-06,1.36309e-06,1.90102e-06],[1.90102e-06,0.371327,0.117771,0.510901],[0.3789,0.323997,0.058103,0.239]]},{"db":2,"id":"MA0107.1","alt":"RELA","len":10,"ltrim":0,"rtrim":0,"nsites":18,"url":"http://jaspar2018.genereg.net/matrix/MA0107.1","pwm":[[0.00160884,0.222148,0.608888,0.167355],[0.00160884,0.00115359,0.94038,0.0568579],[0.00160884,0.00115359,0.995629,0.00160884],[0.609344,0.00115359,0.387894,0.00160884],[0.554095,0.1669,0.222148,0.0568579],[0.112106,0.00115359,0.00115359,0.885587],[0.00160884,0.00115359,0.00115359,0.996084],[0.00160884,0.111651,0.00115359,0.885587],[0.00160884,0.995629,0.00115359,0.00160884],[0.00160884,0.995629,0.00115359,0.00160884]]},{"db":2,"id":"MA0109.1","alt":"HLTF","len":10,"ltrim":2,"rtrim":2,"nsites":51,"url":"http://jaspar2018.genereg.net/matrix/MA0109.1","pwm":[[0.313681,0.196103,0.235242,0.254973],[0.377189,0.226381,0.094564,0.301866],[0.440385,0.558636,0.000408611,0.000569863],[0.000569863,0.998452,0.000408611,0.000569863],[0.42347,0.000408611,0.000408611,0.575713],[0.000569863,0.000408611,0.000408611,0.998613],[0.406554,0.0849888,0.203401,0.305058],[0.000569863,0.000408611,0.37256,0.626462],[0.294112,0.274381,0.274381,0.157126],[0.244989,0.244827,0.204091,0.306093]]},{"db":2,"id":"MA0117.2","alt":"Mafb","len":12,"ltrim":0,"rtrim":1,"nsites":2183,"url":"http://jaspar2018.genereg.net/matrix/MA0117.2","pwm":[[0.566638,0.0797129,0.149339,0.20431],[0.578814,0.055461,0.0728752,0.292851],[0.49495,0.098997,0.0834157,0.322639],[0.34097,0.182402,0.19661,0.280019],[0.0853084,0.199677,0.0100251,0.704989],[0.000921297,0.00636427,0.990432,0.00228323],[0.118529,0.876626,0.00201847,0.00282521],[0.0137847,0.0160018,0.000897524,0.969316],[0.0186845,0.00540332,0.905362,0.0705491],[0.980642,0.0058523,0.00764921,0.00585607],[0.0582137,0.697771,0.156702,0.0873133],[0.266729,0.0632517,0.296055,0.373965]]},{"db":2,"id":"MA0126.1","alt":"ovo","len":9,"ltrim":0,"rtrim":1,"nsites":21,"url":"http://jaspar2018.genereg.net/matrix/MA0126.1","pwm":[[0.475313,0.190563,0.000989574,0.333133],[0.0487734,0.190563,0.664497,0.0961667],[0.190953,0.0957762,0.0957762,0.617494],[0.949247,0.000989574,0.000989574,0.0487734],[0.996641,0.000989574,0.000989574,0.00138009],[0.00138009,0.99625,0.000989574,0.00138009],[0.333133,0.237956,0.14317,0.28574],[0.00138009,0.000989574,0.99625,0.00138009],[0.238347,0.190563,0.0957762,0.475313]]},{"db":2,"id":"MA0127.1","alt":"PEND","len":10,"ltrim":0,"rtrim":0,"nsites":42,"url":"http://jaspar2018.genereg.net/matrix/MA0127.1","pwm":[[0.713281,0.0480019,0.19052,0.0481976],[0.143209,0.451802,0.166767,0.238221],[0.0244451,0.000495962,0.0480019,0.927057],[0.0957035,0.000495962,0.0955077,0.808293],[0.071951,0.784344,0.0480019,0.0957035],[0.000691686,0.0480019,0.0480019,0.903305],[0.0481976,0.000495962,0.0242494,0.927057],[0.760787,0.166767,0.0480019,0.0244451],[0.0957035,0.0717553,0.000495962,0.832045],[0.0481976,0.119261,0.333037,0.499504]]},{"db":2,"id":"MA0130.1","alt":"ZNF354C","len":6,"ltrim":0,"rtrim":0,"nsites":16,"url":"http://jaspar2018.genereg.net/matrix/MA0130.1","pwm":[[0.436591,0.373968,0.187632,0.00180869],[0.188144,0.12552,0.0012969,0.685039],[0.00180869,0.995086,0.0012969,0.00180869],[0.00180869,0.995086,0.0012969,0.00180869],[0.995598,0.0012969,0.0012969,0.00180869],[0.00180869,0.932974,0.0634087,0.00180869]]},{"db":2,"id":"MA0136.2","alt":"ELF5","len":11,"ltrim":0,"rtrim":1,"nsites":3762,"url":"http://jaspar2018.genereg.net/matrix/MA0136.2","pwm":[[0.642203,0.0669898,0.0800144,0.210794],[0.228654,0.430331,0.17884,0.162175],[0.205499,0.510714,0.263584,0.0202032],[0.335094,0.581006,0.0710217,0.0128784],[0.000908716,5.5501e-06,0.993072,0.00601358],[0.0015027,5.5501e-06,0.99101,0.00748154],[0.994088,0.00405744,0.00037354,0.0014807],[0.896325,0.020669,5.5501e-06,0.0830005],[0.223283,0.0388905,0.716745,0.0210812],[0.120005,0.180127,0.0784945,0.621375],[0.348092,0.134666,0.276586,0.240654]]},{"db":2,"id":"MA0157.2","alt":"FOXO3","len":8,"ltrim":0,"rtrim":0,"nsites":553,"url":"http://jaspar2018.genereg.net/matrix/MA0157.2","pwm":[[0.0380208,3.77509e-05,0.961889,5.26487e-05],[5.26487e-05,3.77509e-05,0.0238864,0.976023],[0.960168,0.0289135,0.00906112,0.00185732],[0.997996,0.00191341,3.77509e-05,5.26487e-05],[0.981425,0.0184844,3.77509e-05,5.26487e-05],[0.0273207,0.967136,3.77509e-05,0.00550666],[0.979618,0.0202921,3.77509e-05,5.26487e-05],[0.546506,0.020724,0.0620955,0.370676]]},{"db":2,"id":"MA0158.1","alt":"HOXA5","len":8,"ltrim":0,"rtrim":0,"nsites":15,"url":"http://jaspar2018.genereg.net/matrix/MA0158.1","pwm":[[0.134378,0.86231,0.00138278,0.00192848],[0.436531,0.00138278,0.311813,0.250273],[0.00192848,0.435985,0.311813,0.250273],[0.374445,0.00138278,0.0634689,0.560703],[0.871134,0.00138278,0.00138278,0.126101],[0.871134,0.00138278,0.125555,0.00192848],[0.00192848,0.00138278,0.00138278,0.995306],[0.00192848,0.0634689,0.373899,0.560703]]},{"db":2,"id":"MA0167.1","alt":"Awh","len":7,"ltrim":0,"rtrim":0,"nsites":40,"url":"http://jaspar2018.genereg.net/matrix/MA0167.1","pwm":[[0.0755392,0.399523,0.000520699,0.524417],[0.0256638,0.000520699,0.000520699,0.973295],[0.823669,0.000520699,0.175084,0.000726184],[0.998232,0.000520699,0.000520699,0.000726184],[0.000726184,0.000520699,0.0254584,0.973295],[0.000726184,0.000520699,0.200022,0.798731],[0.848606,0.000520699,0.100271,0.0506015]]},{"db":2,"id":"MA0170.1","alt":"C15","len":7,"ltrim":0,"rtrim":0,"nsites":19,"url":"http://jaspar2018.genereg.net/matrix/MA0170.1","pwm":[[0.053881,0.0534496,0.00109319,0.891577],[0.00152461,0.00109319,0.00109319,0.996289],[0.891577,0.00109319,0.00109319,0.106236],[0.996289,0.00109319,0.00109319,0.00152461],[0.31566,0.105805,0.00109319,0.57744],[0.00152461,0.158162,0.315229,0.525085],[0.525085,0.00109319,0.472297,0.00152461]]},{"db":2,"id":"MA0174.1","alt":"Dbx","len":7,"ltrim":0,"rtrim":0,"nsites":16,"url":"http://jaspar2018.genereg.net/matrix/MA0174.1","pwm":[[0.126032,0.0012969,0.0012969,0.871374],[0.126032,0.0012969,0.0012969,0.871374],[0.37448,0.0012969,0.12552,0.498703],[0.995598,0.0012969,0.0012969,0.00180869],[0.00180869,0.0012969,0.0012969,0.995598],[0.00180869,0.12552,0.373968,0.498703],[0.809262,0.0012969,0.187632,0.00180869]]},{"db":2,"id":"MA0187.1","alt":"Dll","len":7,"ltrim":0,"rtrim":0,"nsites":23,"url":"http://jaspar2018.genereg.net/matrix/MA0187.1","pwm":[[0.0445504,0.000903897,0.000903897,0.953642],[0.953642,0.000903897,0.0441937,0.00126061],[0.996932,0.000903897,0.000903897,0.00126061],[0.00126061,0.000903897,0.000903897,0.996932],[0.131131,0.000903897,0.130774,0.737191],[0.434161,0.000903897,0.390514,0.174421],[0.0445504,0.520384,0.174064,0.261001]]},{"db":2,"id":"MA0193.1","alt":"schlank","len":7,"ltrim":0,"rtrim":0,"nsites":19,"url":"http://jaspar2018.genereg.net/matrix/MA0193.1","pwm":[[0.00152461,0.995858,0.00109319,0.00152461],[0.00152461,0.472297,0.00109319,0.525085],[0.891577,0.105805,0.00109319,0.00152461],[0.053881,0.943501,0.00109319,0.00152461],[0.00152461,0.629365,0.00109319,0.368017],[0.943933,0.00109319,0.0534496,0.00152461],[0.629797,0.00109319,0.210517,0.158593]]},{"db":2,"id":"MA0195.1","alt":"Lim3","len":7,"ltrim":1,"rtrim":0,"nsites":20,"url":"http://jaspar2018.genereg.net/matrix/MA0195.1","pwm":[[0.150702,0.349298,0.100541,0.399459],[0.200454,0.00103881,0.00103881,0.797469],[0.797469,0.00103881,0.150293,0.0512],[0.996474,0.00103881,0.00103881,0.00144876],[0.00144876,0.00103881,0.00103881,0.996474],[0.00144876,0.100541,0.200044,0.697966],[0.797469,0.00103881,0.200044,0.00144876]]},{"db":2,"id":"MA0198.1","alt":"OdsH","len":7,"ltrim":0,"rtrim":0,"nsites":22,"url":"http://jaspar2018.genereg.net/matrix/MA0198.1","pwm":[[0.00131765,0.498682,0.18194,0.31806],[0.00131765,0.000944797,0.000944797,0.996793],[0.996793,0.000944797,0.000944797,0.00131765],[0.996793,0.000944797,0.000944797,0.00131765],[0.00131765,0.000944797,0.000944797,0.996793],[0.00131765,0.000944797,0.000944797,0.996793],[0.589553,0.000944797,0.362935,0.046567]]},{"db":2,"id":"MA0199.1","alt":"Optix","len":5,"ltrim":0,"rtrim":0,"nsites":27,"url":"http://jaspar2018.genereg.net/matrix/MA0199.1","pwm":[[0.00107454,0.185272,0.00077048,0.812883],[0.00107454,0.00077048,0.99708,0.00107454],[0.997385,0.00077048,0.00077048,0.00107454],[0.00107454,0.00077048,0.00077048,0.997385],[0.960484,0.00077048,0.0376708,0.00107454]]},{"db":2,"id":"MA0210.1","alt":"ara","len":5,"ltrim":0,"rtrim":0,"nsites":34,"url":"http://jaspar2018.genereg.net/matrix/MA0210.1","pwm":[[0.411411,0.000612317,0.14724,0.440736],[0.675341,0.000612317,0.000612317,0.323434],[0.997921,0.000612317,0.000612317,0.000853958],[0.000853958,0.99768,0.000612317,0.000853958],[0.997921,0.000612317,0.000612317,0.000853958]]},{"db":2,"id":"MA0212.1","alt":"bcd","len":6,"ltrim":0,"rtrim":0,"nsites":22,"url":"http://jaspar2018.genereg.net/matrix/MA0212.1","pwm":[[0.00131765,0.000944797,0.000944797,0.996793],[0.906295,0.000944797,0.000944797,0.0918153],[0.996793,0.000944797,0.000944797,0.00131765],[0.00131765,0.000944797,0.0461941,0.951543],[0.00131765,0.99642,0.000944797,0.00131765],[0.00131765,0.951171,0.000944797,0.046567]]},{"db":2,"id":"MA0217.1","alt":"caup","len":5,"ltrim":0,"rtrim":0,"nsites":19,"url":"http://jaspar2018.genereg.net/matrix/MA0217.1","pwm":[[0.210948,0.0534496,0.105805,0.629797],[0.734509,0.00109319,0.105805,0.158593],[0.996289,0.00109319,0.00109319,0.00152461],[0.00152461,0.995858,0.00109319,0.00152461],[0.996289,0.00109319,0.00109319,0.00152461]]},{"db":2,"id":"MA0218.1","alt":"ct","len":6,"ltrim":0,"rtrim":0,"nsites":20,"url":"http://jaspar2018.genereg.net/matrix/MA0218.1","pwm":[[0.00144876,0.299546,0.00103881,0.697966],[0.0512,0.100541,0.00103881,0.84722],[0.44921,0.00103881,0.548302,0.00144876],[0.996474,0.00103881,0.00103881,0.00144876],[0.84722,0.00103881,0.0507901,0.100951],[0.00144876,0.946312,0.0507901,0.00144876]]},{"db":2,"id":"MA0233.1","alt":"mirr","len":5,"ltrim":0,"rtrim":0,"nsites":41,"url":"http://jaspar2018.genereg.net/matrix/MA0233.1","pwm":[[0.487327,0.0248387,0.0248387,0.462996],[0.706305,0.00050803,0.0491693,0.244017],[0.998275,0.00050803,0.00050803,0.000708515],[0.000708515,0.998075,0.00050803,0.000708515],[0.998275,0.00050803,0.00050803,0.000708515]]},{"db":2,"id":"MA0234.1","alt":"oc","len":6,"ltrim":0,"rtrim":0,"nsites":19,"url":"http://jaspar2018.genereg.net/matrix/MA0234.1","pwm":[[0.00152461,0.00109319,0.00109319,0.996289],[0.996289,0.00109319,0.00109319,0.00152461],[0.996289,0.00109319,0.00109319,0.00152461],[0.00152461,0.00109319,0.105805,0.891577],[0.00152461,0.995858,0.00109319,0.00152461],[0.00152461,0.891146,0.0534496,0.053881]]},{"db":2,"id":"MA0236.1","alt":"otp","len":7,"ltrim":0,"rtrim":0,"nsites":20,"url":"http://jaspar2018.genereg.net/matrix/MA0236.1","pwm":[[0.0512,0.299546,0.100541,0.548712],[0.00144876,0.0507901,0.00103881,0.946722],[0.996474,0.00103881,0.00103881,0.00144876],[0.996474,0.00103881,0.00103881,0.00144876],[0.00144876,0.00103881,0.00103881,0.996474],[0.00144876,0.0507901,0.200044,0.747717],[0.747717,0.00103881,0.150293,0.100951]]},{"db":2,"id":"MA0239.1","alt":"prd","len":9,"ltrim":0,"rtrim":1,"nsites":21,"url":"http://jaspar2018.genereg.net/matrix/MA0239.1","pwm":[[0.475313,0.190563,0.000989574,0.333133],[0.0487734,0.190563,0.664497,0.0961667],[0.190953,0.0957762,0.0957762,0.617494],[0.949247,0.000989574,0.000989574,0.0487734],[0.996641,0.000989574,0.000989574,0.00138009],[0.00138009,0.99625,0.000989574,0.00138009],[0.333133,0.237956,0.14317,0.28574],[0.00138009,0.000989574,0.99625,0.00138009],[0.238347,0.190563,0.0957762,0.475313]]},{"db":2,"id":"MA0248.1","alt":"tup","len":7,"ltrim":0,"rtrim":0,"nsites":16,"url":"http://jaspar2018.genereg.net/matrix/MA0248.1","pwm":[[0.250256,0.12552,0.0634087,0.560815],[0.0639205,0.0012969,0.0012969,0.933486],[0.995598,0.0012969,0.0012969,0.00180869],[0.995598,0.0012969,0.0012969,0.00180869],[0.00180869,0.0012969,0.12552,0.871374],[0.0639205,0.0012969,0.43608,0.498703],[0.126032,0.0012969,0.80875,0.0639205]]},{"db":2,"id":"MA0261.1","alt":"lin-14","len":6,"ltrim":0,"rtrim":0,"nsites":159,"url":"http://jaspar2018.genereg.net/matrix/MA0261.1","pwm":[[0.000183029,0.000131238,0.999503,0.000183029],[0.999554,0.000131238,0.000131238,0.000183029],[0.999554,0.000131238,0.000131238,0.000183029],[0.000183029,0.999503,0.000131238,0.000183029],[0.528153,0.0441286,0.352111,0.0756076],[0.0381342,0.531443,0.18356,0.246863]]},{"db":2,"id":"MA0268.1","alt":"ADR1","len":7,"ltrim":1,"rtrim":0,"nsites":100,"url":"http://jaspar2018.genereg.net/matrix/MA0268.1","pwm":[[0.409881,0.239969,0.130079,0.220071],[0.000290909,0.99921,0.000208592,0.000290909],[0.000290909,0.849359,0.000208592,0.150141],[0.000290909,0.99921,0.000208592,0.000290909],[0.000290909,0.99921,0.000208592,0.000290909],[0.639652,0.0601487,0.200009,0.100191],[0.339951,0.509699,0.0601487,0.090201]]},{"db":2,"id":"MA0271.1","alt":"ARG80","len":6,"ltrim":0,"rtrim":0,"nsites":158,"url":"http://jaspar2018.genereg.net/matrix/MA0271.1","pwm":[[0.563119,0.000132068,0.000132068,0.436617],[0.000184187,0.000132068,0.9995,0.000184187],[0.999552,0.000132068,0.000132068,0.000184187],[0.000184187,0.9995,0.000132068,0.000184187],[0.229206,0.000132068,0.41133,0.359332],[0.000184187,0.927081,0.000132068,0.0726024]]},{"db":2,"id":"MA0277.1","alt":"AZF1","len":9,"ltrim":0,"rtrim":0,"nsites":102,"url":"http://jaspar2018.genereg.net/matrix/MA0277.1","pwm":[[0.617327,0.127531,0.127531,0.127611],[0.999306,0.000204506,0.000204506,0.00028521],[0.999306,0.000204506,0.000204506,0.00028521],[0.870719,0.128791,0.000204506,0.00028521],[0.749551,0.000204506,0.24996,0.00028521],[0.00028521,0.000204506,0.999225,0.00028521],[0.779521,0.160048,0.0301751,0.0302558],[0.817666,0.0607511,0.0607511,0.0608319],[0.617327,0.127531,0.127531,0.127611]]},{"db":2,"id":"MA0283.1","alt":"CHA4","len":8,"ltrim":0,"rtrim":0,"nsites":100,"url":"http://jaspar2018.genereg.net/matrix/MA0283.1","pwm":[[0.220071,0.0501586,0.679529,0.050241],[0.000290909,0.000208592,0.99921,0.000290909],[0.000290909,0.99921,0.000208592,0.000290909],[0.000290909,0.000208592,0.99921,0.000290909],[0.000290909,0.000208592,0.99921,0.000290909],[0.716746,0.000208592,0.282754,0.000290909],[0.220071,0.0101986,0.759449,0.0102809],[0.484655,0.101118,0.101118,0.313109]]},{"db":2,"id":"MA0289.1","alt":"DAL80","len":7,"ltrim":0,"rtrim":0,"nsites":101,"url":"http://jaspar2018.genereg.net/matrix/MA0289.1","pwm":[[0.109091,0.662916,0.0595538,0.168439],[0.000288031,0.000206528,0.999217,0.000288031],[0.999299,0.000206528,0.000206528,0.000288031],[0.000288031,0.000206528,0.000206528,0.999299],[0.999299,0.000206528,0.000206528,0.000288031],[0.90848,0.0102975,0.0102975,0.0709251],[0.0302584,0.190019,0.749465,0.0302584]]},{"db":2,"id":"MA0297.1","alt":"FKH2","len":7,"ltrim":0,"rtrim":0,"nsites":101,"url":"http://jaspar2018.genereg.net/matrix/MA0297.1","pwm":[[0.128874,0.000206528,0.870632,0.000288031],[0.000288031,0.000206528,0.000206528,0.999299],[0.999299,0.000206528,0.000206528,0.000288031],[0.999299,0.000206528,0.000206528,0.000288031],[0.999299,0.