<!DOCTYPE HTML>
<html>
  <head>
    <meta charset="UTF-8">
    <title>SpaMo - Spaced Motif Analysis</title>
    <script type="text/javascript">
      //@JSON_VAR data
      var data = {"program":"SpaMo","version":"4.12.0","revision":"aacc9c3eb8c7b460b344d5c8aa1458097dae704d","release":"Tue Jun 27 16:22:50 2017 -0700","host":"Sudins-iMac.local","when":"Thu May 24 14:23:17 2018","cmd":["spamo","-verbosity","1","-oc","results/AHRpeaks_not-in-DHSs-withAHREs.bed-499.fa/jaspar/spamo_out_4","-bgfile","results/AHRpeaks_not-in-DHSs-withAHREs.bed-499.fa/jaspar/background","-primary","GAWARYWKTRGAAAAACYCTTM","results/AHRpeaks_not-in-DHSs-withAHREs.bed-499.fa/jaspar/AHRpeaks_not-in-DHSs-withAHREs.bed-499.fa","results/AHRpeaks_not-in-DHSs-withAHREs.bed-499.fa/jaspar/meme_out/meme.xml","results/AHRpeaks_not-in-DHSs-withAHREs.bed-499.fa/jaspar/meme_out/meme.xml","results/AHRpeaks_not-in-DHSs-withAHREs.bed-499.fa/jaspar/dreme_out/dreme.xml","/Users/filipov4/meme/db/motif_databases/JASPAR/JASPAR2018_CORE_non-redundant.meme"],"options":{"seq_min_hit_score":7,"margin":150,"bin_size":1,"bin_pvalue_calc_range":150,"use_best_secondary":0,"seq_max_shared_fract":0.5,"seq_odds_ratio":20,"bin_pvalue_cutoff":0.05,"motif_evalue_cutoff":10,"redundant_overlap":2,"redundant_joint":0.5,"motif_pseudocount":0.1,"bgfile":"results/AHRpeaks_not-in-DHSs-withAHREs.bed-499.fa/jaspar/background","motif_trim":0.25,"xalph":0,"seed":1,"bin_max":2},"alphabet":{"name":"DNA","like":"dna","ncore":4,"symbols":[{"symbol":"A","name":"Adenine","colour":"CC0000","complement":"T"},{"symbol":"C","name":"Cytosine","colour":"0000CC","complement":"G"},{"symbol":"G","name":"Guanine","colour":"FFB300","complement":"C"},{"symbol":"T","aliases":"U","name":"Thymine","colour":"008000","complement":"A"},{"symbol":"N","aliases":"X.","name":"Any base","equals":"ACGT"},{"symbol":"V","name":"Not T","equals":"ACG"},{"symbol":"H","name":"Not G","equals":"ACT"},{"symbol":"D","name":"Not C","equals":"AGT"},{"symbol":"B","name":"Not A","equals":"CGT"},{"symbol":"M","name":"Amino","equals":"AC"},{"symbol":"R","name":"Purine","equals":"AG"},{"symbol":"W","name":"Weak","equals":"AT"},{"symbol":"S","name":"Strong","equals":"CG"},{"symbol":"Y","name":"Pyrimidine","equals":"CT"},{"symbol":"K","name":"Keto","equals":"GT"}]},"background":[0.3192,0.1808,0.1808,0.3192],"sequence_dbs":[{"source":"results/AHRpeaks_not-in-DHSs-withAHREs.bed-499.fa/jaspar/AHRpeaks_not-in-DHSs-withAHREs.bed-499.fa","name":"AHRpeaks_not-in-DHSs-withAHREs.bed-499","last_modified":"Thu May 24 11:14:35 2018","loaded":15,"excluded_too_short":0,"excluded_no_match":8,"excluded_ambigs":0,"excluded_similar":2,"erased_primary_matches":0}],"primary_dbs":[{"source":"results/AHRpeaks_not-in-DHSs-withAHREs.bed-499.fa/jaspar/meme_out/meme.xml","name":"meme.xml","last_modified":"Thu May 24 14:22:30 2018","loaded":6,"excluded":5}],"secondary_dbs":[{"source":"results/AHRpeaks_not-in-DHSs-withAHREs.bed-499.fa/jaspar/meme_out/meme.xml","name":"meme.xml","last_modified":"Thu May 24 14:22:30 2018","loaded":7,"excluded":1},{"source":"results/AHRpeaks_not-in-DHSs-withAHREs.bed-499.fa/jaspar/dreme_out/dreme.xml","name":"dreme.xml","last_modified":"Thu May 24 14:22:31 2018","loaded":1,"excluded":0},{"source":"/Users/filipov4/meme/db/motif_databases/JASPAR/JASPAR2018_CORE_non-redundant.meme","name":"JASPAR2018_CORE_non-redundant","last_modified":"Thu Dec  7 14:38:42 2017","loaded":1404,"excluded":0}],"secondary_motifs":[{"db":0,"id":"CTAAGACCTGAMAC","alt":"MEME-6","len":14,"ltrim":0,"rtrim":0,"nsites":2,"evalue":"1.3e+004","pwm":[[0.0152,0.96099,0.00860954,0.0152],[0.0152,0.00860954,0.00860954,0.967581],[0.967581,0.00860954,0.00860954,0.0152],[0.967581,0.00860954,0.00860954,0.0152],[0.0152,0.00860954,0.96099,0.0152],[0.967581,0.00860954,0.00860954,0.0152],[0.0152,0.96099,0.00860954,0.0152],[0.0152,0.96099,0.00860954,0.0152],[0.0152,0.00860954,0.00860954,0.967581],[0.0152,0.00860954,0.96099,0.0152],[0.967581,0.00860954,0.00860954,0.0152],[0.49139,0.4848,0.00860954,0.0152],[0.967581,0.00860954,0.00860954,0.0152],[0.0152,0.96099,0.00860954,0.0152]]},{"db":2,"id":"MA0051.1","alt":"IRF2","len":18,"ltrim":0,"rtrim":0,"nsites":12,"url":"http://jaspar2018.genereg.net/matrix/MA0051.1","pwm":[[0.00263801,0.332072,0.580006,0.0852823],[0.167928,0.00149422,0.82794,0.00263801],[0.994374,0.00149422,0.00149422,0.00263801],[0.911729,0.00149422,0.00149422,0.0852823],[0.994374,0.00149422,0.00149422,0.00263801],[0.167928,0.00149422,0.82794,0.00263801],[0.00263801,0.497362,0.00149422,0.498506],[0.00263801,0.00149422,0.99323,0.00263801],[0.994374,0.00149422,0.00149422,0.00263801],[0.994374,0.00149422,0.00149422,0.00263801],[0.994374,0.00149422,0.00149422,0.00263801],[0.00263801,0.497362,0.497362,0.00263801],[0.00263801,0.580006,0.166784,0.250572],[0.415861,0.166784,0.249428,0.167928],[0.498506,0.00149422,0.166784,0.333216],[0.498506,0.0841385,0.0841385,0.333216],[0.415861,0.166784,0.0841385,0.333216],[0.250572,0.497362,0.0841385,0.167928]]},{"db":2,"id":"MA0175.1","alt":"lms","len":7,"ltrim":0,"rtrim":0,"nsites":21,"url":"http://jaspar2018.genereg.net/matrix/MA0175.1","pwm":[[0.0962994,0.33261,0.0482502,0.52284],[0.00151279,0.000856873,0.000856873,0.996773],[0.996773,0.000856873,0.000856873,0.00151279],[0.996773,0.000856873,0.000856873,0.00151279],[0.00151279,0.000856873,0.000856873,0.996773],[0.143693,0.000856873,0.19043,0.66502],[0.380659,0.000856873,0.616971,0.00151279]]},{"db":2,"id":"MA0179.1","alt":"CG32532","len":7,"ltrim":0,"rtrim":0,"nsites":23,"url":"http://jaspar2018.genereg.net/matrix/MA0179.1","pwm":[[0.0879624,0.260523,0.0873632,0.564152],[0.00138182,0.000782685,0.000782685,0.997053],[0.997053,0.000782685,0.000782685,0.00138182],[0.997053,0.000782685,0.000782685,0.00138182],[0.00138182,0.000782685,0.000782685,0.997053],[0.00138182,0.000782685,0.0873632,0.910472],[0.520862,0.000782685,0.433684,0.0446716]]},{"db":2,"id":"MA0180.1","alt":"Vsx2","len":9,"ltrim":0,"rtrim":0,"nsites":13,"url":"http://jaspar2018.genereg.net/matrix/MA0180.1","pwm":[[0.0787724,0.077716,0.383059,0.460451],[0.155108,0.154052,0.00138015,0.68946],[0.00243664,0.00138015,0.00138015,0.994803],[0.994803,0.00138015,0.00138015,0.00243664],[0.994803,0.00138015,0.00138015,0.00243664],[0.00243664,0.00138015,0.00138015,0.994803],[0.00243664,0.00138015,0.00138015,0.994803],[0.765796,0.00138015,0.230388,0.00243664],[0.0787724,0.154052,0.764739,0.00243664]]},{"db":2,"id":"MA0182.1","alt":"CG4328-RA","len":7,"ltrim":0,"rtrim":0,"nsites":30,"url":"http://jaspar2018.genereg.net/matrix/MA0182.1","pwm":[[0.399732,0.0670462,0.100268,0.432954],[0.233618,0.0338229,0.000600665,0.731957],[0.432954,0.000600665,0.000600665,0.565845],[0.997738,0.000600665,0.000600665,0.00106046],[0.00106046,0.000600665,0.000600665,0.997738],[0.00106046,0.000600665,0.199936,0.798403],[0.499399,0.000600665,0.49894,0.00106046]]},{"db":2,"id":"MA0191.1","alt":"HGTX","len":7,"ltrim":0,"rtrim":0,"nsites":20,"url":"http://jaspar2018.genereg.net/matrix/MA0191.1","pwm":[[0.200593,0.100402,0.150153,0.548852],[0.00158806,0.000899504,0.000899504,0.996613],[0.996613,0.000899504,0.000899504,0.00158806],[0.996613,0.000899504,0.000899504,0.00158806],[0.00158806,0.000899504,0.000899504,0.996613],[0.0513393,0.000899504,0.299407,0.648354],[0.747857,0.000899504,0.249656,0.00158806]]},{"db":2,"id":"MA0192.1","alt":"Hmx","len":7,"ltrim":0,"rtrim":0,"nsites":20,"url":"http://jaspar2018.genereg.net/matrix/MA0192.1","pwm":[[0.0513393,0.150153,0.000899504,0.797608],[0.00158806,0.000899504,0.000899504,0.996613],[0.996613,0.000899504,0.000899504,0.00158806],[0.996613,0.000899504,0.000899504,0.00158806],[0.0513393,0.000899504,0.000899504,0.946862],[0.00158806,0.150153,0.000899504,0.847359],[0.200593,0.000899504,0.796919,0.00158806]]},{"db":2,"id":"MA0196.1","alt":"NK7.1","len":7,"ltrim":0,"rtrim":0,"nsites":35,"url":"http://jaspar2018.genereg.net/matrix/MA0196.1","pwm":[[0.143359,0.142965,0.0290047,0.68467],[0.000909401,0.000515101,0.000515101,0.99806],[0.94108,0.000515101,0.0574953,0.000909401],[0.99806,0.000515101,0.000515101,0.000909401],[0.11487,0.000515101,0.142965,0.74165],[0.17185,0.000515101,0.199945,0.62769],[0.37128,0.000515101,0.627295,0.000909401]]},{"db":2,"id":"MA0202.1","alt":"Rx","len":7,"ltrim":0,"rtrim":0,"nsites":27,"url":"http://jaspar2018.genereg.net/matrix/MA0202.1","pwm":[[0.111879,0.480371,0.00066716,0.407082],[0.00117786,0.00066716,0.00066716,0.997488],[0.997488,0.00066716,0.00066716,0.00117786],[0.997488,0.00066716,0.00066716,0.00117786],[0.00117786,0.00066716,0.00066716,0.997488],[0.00117786,0.00066716,0.00066716,0.997488],[0.628485,0.00066716,0.36967,0.00117786]]},{"db":2,"id":"MA0220.1","alt":"en","len":7,"ltrim":0,"rtrim":0,"nsites":23,"url":"http://jaspar2018.genereg.net/matrix/MA0220.1","pwm":[[0.0879624,0.347103,0.0873632,0.477572],[0.00138182,0.000782685,0.000782685,0.997053],[0.997053,0.000782685,0.000782685,0.00138182],[0.997053,0.000782685,0.000782685,0.00138182],[0.00138182,0.000782685,0.000782685,0.997053],[0.00138182,0.000782685,0.0873632,0.910472],[0.564152,0.000782685,0.433684,0.00138182]]},{"db":2,"id":"MA0226.1","alt":"hbn","len":7,"ltrim":0,"rtrim":0,"nsites":17,"url":"http://jaspar2018.genereg.net/matrix/MA0226.1","pwm":[[0.118826,0.118016,0.118016,0.645142],[0.00186667,0.00105731,0.00105731,0.996019],[0.996019,0.00105731,0.00105731,0.00186667],[0.996019,0.00105731,0.00105731,0.00186667],[0.00186667,0.00105731,0.00105731,0.996019],[0.00186667,0.00105731,0.00105731,0.996019],[0.528183,0.00105731,0.410414,0.0603467]]},{"db":2,"id":"MA0245.1","alt":"slou","len":7,"ltrim":0,"rtrim":0,"nsites":22,"url":"http://jaspar2018.genereg.net/matrix/MA0245.1","pwm":[[0.137191,0.227063,0.0460674,0.58968],[0.00144434,0.0460674,0.000818101,0.95167],[0.996919,0.000818101,0.000818101,0.00144434],[0.95167,0.000818101,0.0460674,0.00144434],[0.00144434,0.000818101,0.000818101,0.996919],[0.091942,0.0460674,0.227063,0.634929],[0.499182,0.000818101,0.498556,0.00144434]]},{"db":2,"id":"MA0250.1","alt":"unc-4","len":7,"ltrim":0,"rtrim":0,"nsites":21,"url":"http://jaspar2018.genereg.net/matrix/MA0250.1","pwm":[[0.0489061,0.237823,0.0956435,0.617627],[0.00151279,0.000856873,0.000856873,0.996773],[0.996773,0.000856873,0.000856873,0.00151279],[0.996773,0.000856873,0.000856873,0.00151279],[0.00151279,0.000856873,0.000856873,0.996773],[0.0489061,0.000856873,0.000856873,0.94938],[0.285873,0.0482502,0.664364,0.00151279]]},{"db":2,"id":"MA0350.1","alt":"TOD6","len":21,"ltrim":6,"rtrim":5,"nsites":998,"url":"http://jaspar2018.genereg.net/matrix/MA0350.1","pwm":[[0.362721,0.188376,0.218433,0.23047],[0.144162,0.21321,0.36935,0.273278],[0.101224,0.261515,0.370722,0.266538],[0.239487,0.32764,0.20641,0.226462],[0.369734,0.116238,0.235466,0.278561],[0.212223,0.366347,0.133138,0.288291],[0.650268,0.0501131,0.0962005,0.203419],[0.0672272,0.39717,0.437286,0.0983171],[0.02007,0.78551,0.193386,0.00103388],[0.00203578,0.0290732,0.0461055,0.922786],[0.00203578,0.992905,0.00202191,0.00303768],[0.977868,1.81144e-05,0.00102101,0.0210929],[0.00103388,0.00102001,0.0180523,0.979894],[3.19807e-05,0.980863,0.00102101,0.0180842],[0.0521828,0.0190732,0.871546,0.0571983],[0.135289,0.656265,0.186372,0.0220738],[0.181195,0.300288,0.383363,0.135153],[0.232241,0.282272,0.109116,0.37637],[0.1872,0.28027,0.111118,0.421411],[0.306307,0.21321,0.172173,0.308309],[0.201415,0.150304,0.320627,0.327654]]},{"db":2,"id":"MA0351.1","alt":"DOT6","len":21,"ltrim":6,"rtrim":5,"nsites":998,"url":"http://jaspar2018.genereg.net/matrix/MA0351.1","pwm":[[0.278561,0.135276,0.231458,0.354705],[0.194207,0.250243,0.266257,0.289292],[0.156329,0.33265,0.223443,0.287578],[0.13115,0.249242,0.268259,0.351348],[0.239727,0.0852656,0.401182,0.273826],[0.141301,0.480932,0.145295,0.232474],[0.517014,0.0591302,0.138281,0.285574],[0.079182,0.420818,0.392765,0.107235],[0.0290581,0.770712,0.197195,0.00303468],[0.00603738,0.0520649,0.0830928,0.858805],[0.00103488,0.992898,0.00402971,0.00203778],[0.973882,1.81144e-05,0.00102001,0.0250795],[0.00103488,1.81144e-05,0.0270964,0.971851],[3.19807e-05,0.970834,0.00102101,0.0281132],[0.0360644,0.00902621,0.876807,0.0781022],[0.223681,0.57669,0.177533,0.0220958],[0.280284,0.265257,0.252245,0.202214],[0.188201,0.298286,0.0720829,0.441429],[0.163343,0.435846,0.208414,0.192398],[0.153477,0.372097,0.183551,0.290876],[0.185384,0.149302,0.202403,0.462912]]},{"db":2,"id":"MA0426.1","alt":"YHP1","len":6,"ltrim":0,"rtrim":0,"nsites":203,"url":"http://jaspar2018.genereg.net/matrix/MA0426.1","pwm":[[0.000157164,8.90203e-05,8.90203e-05,0.999665],[0.999665,8.90203e-05,8.90203e-05,0.000157164],[0.999665,8.90203e-05,8.90203e-05,0.000157164],[0.000157164,8.90203e-05,8.90203e-05,0.999665],[0.000157164,8.90203e-05,8.90203e-05,0.999665],[0.000157164,8.90203e-05,0.999597,0.000157164]]},{"db":2,"id":"MA0457.1","alt":"PHDP","len":7,"ltrim":0,"rtrim":0,"nsites":17,"url":"http://jaspar2018.genereg.net/matrix/MA0457.1","pwm":[[0.235785,0.351934,0.00105731,0.411224],[0.00186667,0.00105731,0.00105731,0.996019],[0.937539,0.00105731,0.00105731,0.0603467],[0.996019,0.00105731,0.00105731,0.00186667],[0.00186667,0.00105731,0.00105731,0.996019],[0.0603467,0.00105731,0.0595373,0.87906],[0.469703,0.0595373,0.234975,0.235785]]},{"db":2,"id":"MA0675.1","alt":"NKX6-2","len":8,"ltrim":1,"rtrim":0,"nsites":18935,"url":"http://jaspar2018.genereg.net/matrix/MA0675.1","pwm":[[0.198628,0.320675,0.276101,0.204596],[0.0560214,0.374312,0.0389087,0.530758],[0.503056,0.335887,0.0466557,0.114401],[0.9476,0.0155149,0.0095599,0.0273265],[0.0299215,9.54842e-07,9.54842e-07,0.970077],[0.102039,0.0923225,0.0227818,0.782857],[0.912175,0.0178249,0.0373358,0.0326635],[0.526618,0.182582,0.0876735,0.203128]]},{"db":2,"id":"MA0707.1","alt":"MNX1","len":10,"ltrim":2,"rtrim":1,"nsites":610,"url":"http://jaspar2018.genereg.net/matrix/MA0707.1","pwm":[[0.349175,0.0410069,0.350792,0.259026],[0.208215,0.273755,0.313093,0.204937],[0.00167005,0.351105,0.0113548,0.63587],[0.77502,0.153752,2.96345e-05,0.0711967],[0.94417,0.0557485,2.96345e-05,5.23192e-05],[0.0121533,0.065072,2.96345e-05,0.922745],[0.167489,0.0251455,0.0777679,0.729598],[0.999888,2.96345e-05,2.96345e-05,5.23192e-05],[0.523776,0.0886851,0.183907,0.203631],[0.43206,0.201306,0.178396,0.188237]]},{"db":2,"id":"MA0770.1","alt":"HSF2","len":13,"ltrim":0,"rtrim":0,"nsites":3488,"url":"http://jaspar2018.genereg.net/matrix/MA0770.1","pwm":[[0.0496067,0.0106129,0.0260934,0.913687],[0.00706595,0.000619166,0.0144268,0.977888],[0.00500101,0.994361,0.000629165,9.15111e-06],[0.000248144,0.169411,0.0699152,0.760426],[0.701353,0.124342,0.174296,9.15111e-06],[0.000636133,5.18335e-06,0.999037,0.000322142],[0.975195,0.0149988,0.00122915,0.00857691],[0.960211,0.000306175,0.00693498,0.0325482],[0.0533496,0.44116,0.197678,0.307813],[0.313461,0.146848,0.379348,0.160344],[0.040754,0.0195166,0.0252555,0.914474],[0.0133858,0.0264614,0.0127868,0.947366],[0.0236975,0.848264,0.0311463,0.0968924]]},{"db":2,"id":"MA0795.1","alt":"SMAD3","len":10,"ltrim":0,"rtrim":0,"nsites":4132,"url":"http://jaspar2018.genereg.net/matrix/MA0795.1","pwm":[[0.13408,0.442637,0.0210589,0.402225],[0.00564959,0.00451727,0.984748,0.0050856],[0.0278001,0.00782919,0.0223998,0.941971],[0.00256666,0.992587,0.0031323,0.00171368],[7.72488e-06,0.0128961,0.00869217,0.978403],[0.985307,0.00847117,0.00621323,7.72488e-06],[7.72488e-06,0.00285831,0.99627,0.000863704],[0.93067,0.0530561,0.00133734,0.0149364],[0.00565559,0.985861,0.00282831,0.00565559],[0.698331,0.0868193,0.0632158,0.151634]]},{"db":2,"id":"MA0875.1","alt":"BARX1","len":8,"ltrim":1,"rtrim":1,"nsites":6806,"url":"http://jaspar2018.genereg.net/matrix/MA0875.1","pwm":[[0.275052,0.267557,0.328532,0.12886],[0.0772186,0.672418,0.0321972,0.218166],[0.490738,0.292767,0.203704,0.0127915],[0.944605,0.0287362,0.0266543,4.68991e-06],[4.68991e-06,2.65644e-06,2.65644e-06,0.99999],[4.68991e-06,2.65644e-06,2.65644e-06,0.99999],[0.99999,2.65644e-06,2.65644e-06,4.68991e-06],[0.281706,0.204409,0.355618,0.158268]]},{"db":2,"id":"MA0945.1","alt":"ARR1","len":10,"ltrim":3,"rtrim":1,"nsites":1000,"url":"http://jaspar2018.genereg.net/matrix/MA0945.1","pwm":[[0.405991,0.168001,0.207997,0.21801],[0.172187,0.292281,0.343327,0.192205],[0.296705,0.465506,0.138865,0.098923],[0.306001,0.0830098,0.563962,0.0470272],[0.42299,0.0220159,0.234995,0.32],[0.965901,1.80782e-05,1.80782e-05,0.0340625],[0.0210298,0.00101798,0.00101798,0.976934],[0.0560263,0.896928,0.00401768,0.0430276],[0.143161,0.156158,0.0911,0.609581],[0.257006,0.189999,0.181,0.371995]]},{"db":2,"id":"MA1161.1","alt":"TSO1","len":15,"ltrim":0,"rtrim":0,"nsites":264,"url":"http://jaspar2018.genereg.net/matrix/MA1161.1","pwm":[[0.515078,0.0568649,0.106089,0.321969],[0.367406,0.0341466,0.106089,0.492358],[0.268958,0.0417197,0.03036,0.658962],[0.204588,0.0227869,0.0341466,0.738477],[0.325756,0.143953,0.0568649,0.473427],[0.605952,0.0985162,0.155313,0.14022],[0.86343,6.8459e-05,0.132594,0.00390743],[0.878576,0.00385502,0.0606515,0.0569173],[0.924013,6.8459e-05,6.8459e-05,0.0758502],[0.000120863,0.03036,0.0114282,0.958091],[0.000120863,6.8459e-05,6.8459e-05,0.999742],[0.000120863,0.261333,6.8459e-05,0.738477],[0.81042,6.8459e-05,0.170459,0.0190527],[0.999742,6.8459e-05,6.8459e-05,0.000120863],[0.999742,6.8459e-05,6.8459e-05,0.000120863]]},{"db":2,"id":"MA1186.1","alt":"At1g49010","len":15,"ltrim":3,"rtrim":1,"nsites":599,"url":"http://jaspar2018.genereg.net/matrix/MA1186.1","pwm":[[0.315527,0.253744,0.140241,0.290489],[0.332218,0.171954,0.103519,0.392309],[0.270459,0.186977,0.105188,0.437376],[0.542534,0.108526,0.0901651,0.258775],[0.550879,0.0334136,0.0517745,0.363933],[0.0234214,0.535834,0.0517745,0.38897],[0.148609,0.714435,0.111865,0.0250911],[0.0300983,0.0200598,3.01786e-05,0.949812],[0.0401136,0.0901651,3.01786e-05,0.869691],[0.998218,3.01786e-05,3.01786e-05,0.001722],[5.32799e-05,3.01786e-05,3.01786e-05,0.999886],[5.32799e-05,0.999863,3.01786e-05,5.32799e-05],[0.135256,0.465728,0.00670706,0.392309],[0.405662,0.0818195,0.0784811,0.434038],[0.323872,0.337203,0.0400905,0.298834]]},{"db":2,"id":"MA1377.1","alt":"PLT1","len":19,"ltrim":0,"rtrim":3,"nsites":195,"url":"http://jaspar2018.genereg.net/matrix/MA1377.1","pwm":[[0.153931,0.0667255,0.497274,0.28207],[0.215438,0.0257205,0.569032,0.18981],[0.0155407,0.876566,9.26706e-05,0.1078],[0.748498,0.046223,0.123107,0.0821726],[0.0104144,0.958575,0.0154698,0.0155407],[0.148805,0.0205952,0.799683,0.0309168],[0.302573,0.210241,0.328129,0.159056],[0.471717,0.046223,0.0821016,0.399959],[0.18981,0.102604,0.0257205,0.681865],[0.220564,0.42039,9.26706e-05,0.358954],[0.0667964,0.528027,0.00521804,0.399959],[0.000163608,0.989329,9.26706e-05,0.0104144],[0.241066,0.046223,0.645915,0.0667964],[0.968898,9.26706e-05,0.0308459,0.000163608],[0.0821726,0.046223,0.727924,0.14368],[0.389708,0.0154698,0.584408,0.0104144],[0.410209,0.317879,0.0513484,0.220564],[0.410209,0.143609,0.251246,0.194936],[0.369205,0.169237,0.276874,0.184684]]}],"sequence_names":["chr14:63545150-63545699","chr16:78330900-78331399","chr2:43826650-43827199","chr5:53039550-53040149","chr9:93712750-93713449"],"primaries":[{"motif":{"db":0,"id":"GAWARYWKTRGAAAAACYCTTM","alt":"MEME-3","len":22,"ltrim":0,"rtrim":0,"nsites":6,"evalue":"2.0e-002","pwm":[[0.00523278,0.166899,0.822636,0.00523278],[0.988839,0.00296394,0.00296394,0.00523278],[0.333101,0.00296394,0.00296394,0.660971],[0.824905,0.166899,0.00296394,0.00523278],[0.660971,0.00296394,0.330832,0.00523278],[0.00523278,0.658702,0.00296394,0.333101],[0.660971,0.00296394,0.00296394,0.333101],[0.00523278,0.00296394,0.494767,0.497036],[0.169168,0.166899,0.00296394,0.660971],[0.333101,0.00296394,0.494767,0.169168],[0.00523278,0.166899,0.822636,0.00523278],[0.824905,0.166899,0.00296394,0.00523278],[0.824905,0.00296394,0.166899,0.00523278],[0.988839,0.00296394,0.00296394,0.00523278],[0.988839,0.00296394,0.00296394,0.00523278],[0.824905,0.00296394,0.00296394,0.169168],[0.00523278,0.98657,0.00296394,0.00523278],[0.00523278,0.658702,0.00296394,0.333101],[0.169168,0.822636,0.00296394,0.00523278],[0.00523278,0.166899,0.00296394,0.824905],[0.00523278,0.00296394,0.166899,0.824905],[0.333101,0.658702,0.00296394,0.00523278]]},"secondaries":[[{"idx":7,"counts":[[0,0,0,0,0,0,0,0,0,0,0,0,0,0,0,0,0,0,0,0,0,0,0,0,0,0,0,0,0,0,0,0,0,0,0,0,0,0,0,0,0,0,0,0,0,0,0,0,0,0,0,0,0,0,0,0,0,0,0,0,0,0,0,0,0,0,0,0,0,0,0,0,0,0,0,0,0,0,0,0,0,0,0,0,0,0,0,0,0,0,0,0,0,0,0,0,0,0,0,0,0,0,0,0,0,0,0,0,0,0,0,0,0,0,0,2,0,0,0,0,0,0,0,0,0,0,0,0,0,0,0,0,0,0,0,0,0,0,0,0,0,0,0,0,0],[0,0,0,0,0,0,0,0,0,0,0,0,0,0,0,0,0,0,0,0,0,0,0,0,0,0,0,0,0,0,0,0,0,0,0,0,0,0,0,0,0,0,0,0,0,0,0,0,0,0,0,0,0,0,0,0,0,0,0,0,0,0,0,0,0,0,0,0,0,0,0,0,0,0,0,0,0,0,0,0,0,0,0,0,0,0,0,0,0,0,0,0,0,0,0,0,0,0,0,0,0,0,0,0,0,0,0,0,0,0,0,0,0,0,0,0,0,0,0,0,0,0,0,0,0,0,0,0,0,0,0,0,0,0,0,0,0,0,0,0,0,0,0,0,0],[0,0,0,0,0,0,0,0,0,0,0,0,0,0,0,0,0,0,0,0,0,0,0,0,0,0,0,0,0,0,0,0,0,0,0,0,0,0,0,0,0,0,0,0,0,0,0,0,0,0,0,0,0,0,0,0,0,0,0,0,0,0,0,0,0,0,0,0,0,0,0,0,0,0,0,0,0,0,0,0,0,0,0,0,0,0,0,0,0,0,0,0,0,0,0,0,0,0,0,0,0,0,0,0,0,0,0,0,0,0,0,0,0,0,0,1,0,0,0,0,0,0,0,0,0,0,0,0,0,0,0,0,0,0,0,0,0,0,0,0,0,0,0,0,0],[0,0,0,0,0,0,0,0,0,0,0,0,0,0,0,0,0,0,0,0,0,0,0,0,0,0,0,0,0,0,0,0,0,0,0,0,0,0,0,0,0,0,0,0,0,0,0,0,0,0,0,0,0,0,0,0,0,0,0,0,0,0,0,0,0,0,0,0,0,0,0,0,0,0,0,0,0,0,0,0,0,1,0,0,0,0,0,0,0,0,0,0,0,0,0,0,0,0,0,0,0,0,0,0,0,0,0,0,0,0,0,0,0,0,0,0,0,0,0,0,0,0,0,0,0,0,0,0,0,0,0,0,0,0,0,0,0,0,0,0,0,0,0,0,0]],"spacings":[{"orient":4,"bin":115,"pvalue":1.67013e-07,"inferred_pwm":[[0.666667,0,0,0.333333],[0,0,0,1],[1,0,0,0],[1,0,0,0],[0,0,0,1],[0,0,0,1],[0.333333,0,0.666667,0]],"alignment_pwm":[[[0.5,0,0,0.5],[0,0,1,0],[0.5,0,0.5,0],[0,0,0,1],[0,0,1,0],[0,1,0,0],[0,0,0,1],[0,0,1,0],[0.5,0,0.5,0],[0,0.5,0.5,0],[1,0,0,0],[0,0,0,1],[1,0,0,0],[1,0,0,0],[0,0,0,1],[0,0,0,1],[0,0,1,0],[0,0,1,0],[0,1,0,0],[0,0,0,1],[1,0,0,0],[0,0,1,0],[0,0.5,0,0.5],[0,1,0,0],[1,0,0,0],[0,1,0,0],[1,0,0,0],[0,0.5,0,0.5],[0.5,0,0.5,0],[0,0,0,1],[1,0,0,0],[0,0,1,0],[0,0,1,0],[1,0,0,0],[0,0,1,0],[1,0,0,0],[1,0,0,0],[0,0,0,1],[0,0,1,0],[1,0,0,0],[1,0,0,0],[1,0,0,0],[0,1,0,0],[0,0,0,1],[0,0,1,0],[0.5,0,0.5,0],[1,0,0,0],[0,0,0,1],[0,1,0,0],[0,1,0,0],[0,0,0,1],[0,1,0,0],[1,0,0,0],[0,0,0,1],[0,1,0,0],[0,0,0,1],[0,1,0,0],[0,0,0,1],[0,0.5,0,0.5],[1,0,0,0],[0,0.5,0,0.5],[0,0.5,0,0.5],[0,0,0,1],[0,0,0,1],[1,0,0,0],[0,0,0,1],[1,0,0,0],[0,0.5,0,0.5],[1,0,0,0],[1,0,0,0],[1,0,0,0],[1,0,0,0],[1,0,0,0],[0,0,0,1],[0,1,0,0],[1,0,0,0],[0.5,0.5,0,0],[0,1,0,0],[0,0,0,1],[0,1,0,0],[1,0,0,0],[1,0,0,0],[0,0,1,0],[1,0,0,0],[0,0,0,1],[0,0,1,0],[0,0,1,0],[0.5,0,0.5,0],[0,0,0,1],[0,0,0,1],[1,0,0,0],[1,0,0,0],[0,0,1,0],[0,0,1,0],[1,0,0,0],[0,0.5,0,0.5],[0,0,0,1],[0,0,0,1],[1,0,0,0],[1,0,0,0],[1,0,0,0],[0,0.5,0,0.5],[0,1,0,0],[0,0,0,1],[0.5,0,0,0.5],[1,0,0,0],[0,0,1,0],[1,0,0,0],[0,0.5,0,0.5],[0,1,0,0],[0,0,0,1],[0,0,1,0],[1,0,0,0],[0.5,0.5,0,0],[1,0,0,0],[0,1,0,0],[0,0,0,1],[0,0.5,0.5,0],[0,0,0,1],[1,0,0,0],[1,0,0,0],[1,0,0,0],[1,0,0,0],[1,0,0,0],[0,0.5,0,0.5],[0,0,0,1],[0,1,0,0],[0,0,0,1],[1,0,0,0],[0,0,1,0],[1,0,0,0],[1,0,0,0],[0,0,1,0],[1,0,0,0],[0,0,0,1],[1,0,0,0],[1,0,0,0],[0,1,0,0],[1,0,0,0],[0,0,0,1],[0,0,0,1],[0,0,1,0],[0,0,1,0],[1,0,0,0],[1,0,0,0],[1,0,0,0],[1,0,0,0],[1,0,0,0],[0,1,0,0],[0,1,0,0],[0,1,0,0],[0,0,0,1],[0,0,0.5,0.5],[0.5,0.5,0,0],[0,0.5,0,0.5],[0.5,0,0.5,0],[0,0,0.5,0.5],[0.5,0,0,0.5],[0,0.5,0.5,0],[0.5,0,0.5,0],[0,0.5,0,0.5],[0,0.5,0,0.5],[0,0,0.5,0.5],[0.5,0,0.5,0],[0,0.5,0.5,0],[0,0,0.5,0.5],[0,0.5,0,0.5],[1,0,0,0],[0.5,0,0.5,0],[0,0,1,0],[0,0.5,0.5,0],[1,0,0,0],[0.5,0,0,0.5],[0,0,0.5,0.5],[0,0,0.5,0.5],[0.5,0.5,0,0],[0.5,0,0,0.5],[0,0,0,1],[0,0,0.5,0.5],[0.5,0.5,0,0],[0.5,0.5,0,0],[0,0.5,0,0.5],[0.5,0,0.5,0],[1,0,0,0],[0,0.5,0.5,0],[0.5,0.5,0,0],[1,0,0,0],[0.5,0.5,0,0],[0,0,0.5,0.5],[0.5,0.5,0,0],[0.5,0,0.5,0],[0.5,0.5,0,0],[0.5,0.5,0,0],[0.5,0.5,0,0],[0.5,0,0.5,0],[0.5,0.5,0,0],[1,0,0,0],[1,0,0,0],[0.5,0,0.5,0],[0,0.5,0,0.5],[1,0,0,0],[0.5,0.5,0,0],[1,0,0,0],[0.5,0,0,0.5],[0,0,0.5,0.5],[0.5,0.5,0,0],[1,0,0,0],[1,0,0,0],[0.5,0,0,0.5],[1,0,0,0],[0.5,0.5,0,0],[1,0,0,0],[0.5,0,0.5,0],[1,0,0,0],[0,0.5,0.5,0],[1,0,0,0],[0.5,0,0,0.5],[1,0,0,0],[0.5,0,0.5,0],[1,0,0,0],[0,0,0,1],[1,0,0,0],[0.5,0,0.5,0],[0.5,0,0,0.5],[0,0,0,1],[0.5,0,0.5,0],[0,0,1,0],[0,0.5,0.5,0],[0.5,0,0,0.5],[0,0.5,0.5,0],[0,0,0.5,0.5],[0,0,0.5,0.5],[1,0,0,0],[0,0.5,0.5,0],[0,0.5,0,0.5],[0,0,0,1],[1,0,0,0],[1,0,0,0],[0.5,0,0,0.5],[0,0,0.5,0.5],[0.5,0,0,0.5],[1,0,0,0],[1,0,0,0],[0.5,0.5,0,0],[0,0,0.5,0.5],[1,0,0,0],[0.5,0,0.5,0],[0,0.5,0.5,0],[0,0,0.5,0.5],[0.5,0,0,0.5],[0,0,0.5,0.5],[0,0,0,1],[0,0,0.5,0.5],[0,0.5,0,0.5],[0.5,0,0,0.5],[0,0.5,0.5,0],[0,0.5,0.5,0],[0.5,0,0.5,0],[0,1,0,0],[0.5,0,0.5,0],[0.5,0,0.5,0],[0.5,0.5,0,0],[0.5,0,0.5,0],[1,0,0,0],[1,0,0,0],[0,0.5,0.5,0],[0.5,0,0.5,0],[0,0,1,0],[0.5,0,0,0.5],[0.5,0.5,0,0],[0.5,0.5,0,0],[0.5,0,0.5,0],[0,0.5,0.5,0],[0.5,0,0,0.5],[0,0.5,0.5,0],[1,0,0,0],[0,0,1,0],[0,0.5,0,0.5],[1,0,0,0],[0.5,0,0.5,0],[1,0,0,0],[0,0.5,0.5,0],[0.5,0,0,0.5],[0.5,0,0.5,0],[0.5,0,0.5,0],[0.5,0,0,0.5]],null,[[0,1,0,0],[0,0,0,1],[0,0,1,0],[1,0,0,0],[0,1,0,0],[0,0,0,1],[0,0,0,1],[0,0,0,1],[0,0,0,1],[0,1,0,0],[0,0,0,1],[1,0,0,0],[1,0,0,0],[0,0,0,1],[0,0,0,1],[1,0,0,0],[1,0,0,0],[0,0,0,1],[1,0,0,0],[0,0,0,1],[0,0,1,0],[0,0,1,0],[0,0,1,0],[0,0,1,0],[1,0,0,0],[1,0,0,0],[0,0,1,0],[0,0,1,0],[0,0,1,0],[0,1,0,0],[0,0,0,1],[0,0,0,1],[0,1,0,0],[0,1,0,0],[0,1,0,0],[0,1,0,0],[1,0,0,0],[0,0,1,0],[0,0,1,0],[0,0,1,0],[1,0,0,0],[1,0,0,0],[0,0,0,1],[0,0,0,1],[0,0,0,1],[0,0,0,1],[0,0,1,0],[0,0,0,1],[0,0,0,1],[0,0,0,1],[0,1,0,0],[0,0,0,1],[0,0,1,0],[1,0,0,0],[0,0,0,1],[0,0,0,1],[0,0,1,0],[0,0,0,1],[0,0,0,1],[0,0,1,0],[1,0,0,0],[0,0,1,0],[1,0,0,0],[0,0,1,0],[1,0,0,0],[0,1,0,0],[1,0,0,0],[0,0,1,0],[0,0,0,1],[1,0,0,0],[0,0,1,0],[1,0,0,0],[1,0,0,0],[0,0,0,1],[0,0,0,1],[0,1,0,0],[0,0,0,1],[0,0,0,1],[0,0,1,0],[1,0,0,0],[0,1,0,0],[0,0,0,1],[1,0,0,0],[1,0,0,0],[0,1,0,0],[1,0,0,0],[0,0,1,0],[0,0,0,1],[0,0,1,0],[0,0,1,0],[0,1,0,0],[0,0,0,1],[0,0,0,1],[0,1,0,0],[0,0,1,0],[0,0,0,1],[0,0,1,0],[0,0,0,1],[0,0,0,1],[0,0,0,1],[0,0,0,1],[0,1,0,0],[1,0,0,0],[0,1,0,0],[0,0,0,1],[0,1,0,0],[1,0,0,0],[1,0,0,0],[0,0,0,1],[0,0,1,0],[0,0,0,1],[0,0,0,1],[0,0,0,1],[0,0,0,1],[0,1,0,0],[0,0,0,1],[0,0,1,0],[0,1,0,0],[0,1,0,0],[0,0,0,1],[0,0,0,1],[0,1,0,0],[0,0,0,1],[0,0,0,1],[0,0,1,0],[0,1,0,0],[0,1,0,0],[0,0,0,1],[0,1,0,0],[1,0,0,0],[0,1,0,0],[1,0,0,0],[0,0,1,0],[1,0,0,0],[0,0,0,1],[1,0,0,0],[1,0,0,0],[0,0,0,1],[0,0,0,1],[0,0,1,0],[1,0,0,0],[1,0,0,0],[0,0,1,0],[1,0,0,0],[1,0,0,0],[1,0,0,0],[1,0,0,0],[0,0,0,1],[0,1,0,0],[0,1,0,0],[0,1,0,0],[0,0,0,1],[0,0,0,1],[1,0,0,0],[1,0,0,0],[0,0,1,0],[0,0,0,1],[1,0,0,0],[1,0,0,0],[1,0,0,0],[0,1,0,0],[1,0,0,0],[0,1,0,0],[1,0,0,0],[0,0,1,0],[0,1,0,0],[1,0,0,0],[0,0,1,0],[0,0,1,0],[1,0,0,0],[1,0,0,0],[0,0,1,0],[0,1,0,0],[0,0,0,1],[0,0,0,1],[0,1,0,0],[1,0,0,0],[0,0,0,1],[0,1,0,0],[0,1,0,0],[0,0,0,1],[1,0,0,0],[1,0,0,0],[0,1,0,0],[0,1,0,0],[1,0,0,0],[0,0,0,1],[0,0,0,1],[0,0,1,0],[0,0,0,1],[0,1,0,0],[1,0,0,0],[0,1,0,0],[0,0,1,0],[1,0,0,0],[0,0,1,0],[1,0,0,0],[0,1,0,0],[0,0,0,1],[1,0,0,0],[0,0,0,1],[0,0,0,1],[0,0,0,1],[0,0,0,1],[0,0,0,1],[0,0,0,1],[0,1,0,0],[0,1,0,0],[0,0,0,1],[1,0,0,0],[1,0,0,0],[0,0,0,1],[1,0,0,0],[0,0,1,0],[1,0,0,0],[0,1,0,0],[1,0,0,0],[0,0,0,1],[0,1,0,0],[1,0,0,0],[1,0,0,0],[0,1,0,0],[1,0,0,0],[0,0,0,1],[0,0,0,1],[0,0,0,1],[1,0,0,0],[0,0,0,1],[0,0,0,1],[0,0,0,1],[0,0,0,1],[0,0,0,1],[0,0,1,0],[0,0,0,1],[0,0,0,1],[1,0,0,0],[0,0,0,1],[0,0,0,1],[0,1,0,0],[0,0,0,1],[0,0,0,1],[1,0,0,0],[0,0,0,1],[0,0,0,1],[0,0,1,0],[0,0,1,0],[0,1,0,0],[0,1,0,0],[0,0,0,1],[0,0,0,1],[1,0,0,0],[0,0,0,1],[0,0,0,1],[0,0,0,1],[1,0,0,0],[0,0,0,1],[0,0,0,1],[0,0,1,0],[1,0,0,0],[0,1,0,0],[1,0,0,0],[0,1,0,0],[0,1,0,0],[1,0,0,0],[1,0,0,0],[0,0,0,1],[0,0,0,1],[0,0,1,0],[0,0,0,1],[0,0,1,0],[0,0,0,1],[0,1,0,0],[0,0,0,1],[0,1,0,0],[0,0,0,1],[0,0,0,1],[0,0,0,1],[0,1,0,0],[0,0,0,1],[1,0,0,0],[1,0,0,0],[0,0,1,0],[0,0,1,0],[1,0,0,0],[0,0,0,1],[0,0,0,1]],null],"seqs":[2,3,4]},{"orient":8,"bin":115,"pvalue":1.33261e-06,"inferred_pwm":[[0.666667,0,0,0.333333],[0,0,0,1],[1,0,0,0],[1,0,0,0],[0,0,0,1],[0,0,0,1],[0.333333,0,0.666667,0]],"alignment_pwm":[[[0.5,0,0,0.5],[0,0,1,0],[0.5,0,0.5,0],[0,0,0,1],[0,0,1,0],[0,1,0,0],[0,0,0,1],[0,0,1,0],[0.5,0,0.5,0],[0,0.5,0.5,0],[1,0,0,0],[0,0,0,1],[1,0,0,0],[1,0,0,0],[0,0,0,1],[0,0,0,1],[0,0,1,0],[0,0,1,0],[0,1,0,0],[0,0,0,1],[1,0,0,0],[0,0,1,0],[0,0.5,0,0.5],[0,1,0,0],[1,0,0,0],[0,1,0,0],[1,0,0,0],[0,0.5,0,0.5],[0.5,0,0.5,0],[0,0,0,1],[1,0,0,0],[0,0,1,0],[0,0,1,0],[1,0,0,0],[0,0,1,0],[1,0,0,0],[1,0,0,0],[0,0,0,1],[0,0,1,0],[1,0,0,0],[1,0,0,0],[1,0,0,0],[0,1,0,0],[0,0,0,1],[0,0,1,0],[0.5,0,0.5,0],[1,0,0,0],[0,0,0,1],[0,1,0,0],[0,1,0,0],[0,0,0,1],[0,1,0,0],[1,0,0,0],[0,0,0,1],[0,1,0,0],[0,0,0,1],[0,1,0,0],[0,0,0,1],[0,0.5,0,0.5],[1,0,0,0],[0,0.5,0,0.5],[0,0.5,0,0.5],[0,0,0,1],[0,0,0,1],[1,0,0,0],[0,0,0,1],[1,0,0,0],[0,0.5,0,0.5],[1,0,0,0],[1,0,0,0],[1,0,0,0],[1,0,0,0],[1,0,0,0],[0,0,0,1],[0,1,0,0],[1,0,0,0],[0.5,0.5,0,0],[0,1,0,0],[0,0,0,1],[0,1,0,0],[1,0,0,0],[1,0,0,0],[0,0,1,0],[1,0,0,0],[0,0,0,1],[0,0,1,0],[0,0,1,0],[0.5,0,0.5,0],[0,0,0,1],[0,0,0,1],[1,0,0,0],[1,0,0,0],[0,0,1,0],[0,0,1,0],[1,0,0,0],[0,0.5,0,0.5],[0,0,0,1],[0,0,0,1],[1,0,0,0],[1,0,0,0],[1,0,0,0],[0,0.5,0,0.5],[0,1,0,0],[0,0,0,1],[0.5,0,0,0.5],[1,0,0,0],[0,0,1,0],[1,0,0,0],[0,0.5,0,0.5],[0,1,0,0],[0,0,0,1],[0,0,1,0],[1,0,0,0],[0.5,0.5,0,0],[1,0,0,0],[0,1,0,0],[0,0,0,1],[0,0.5,0.5,0],[0,0,0,1],[1,0,0,0],[1,0,0,0],[1,0,0,0],[1,0,0,0],[1,0,0,0],[0,0.5,0,0.5],[0,0,0,1],[0,1,0,0],[0,0,0,1],[1,0,0,0],[0,0,1,0],[1,0,0,0],[1,0,0,0],[0,0,1,0],[1,0,0,0],[0,0,0,1],[1,0,0,0],[1,0,0,0],[0,1,0,0],[1,0,0,0],[0,0,0,1],[0,0,0,1],[0,0,1,0],[0,0,1,0],[1,0,0,0],[1,0,0,0],[1,0,0,0],[1,0,0,0],[1,0,0,0],[0,1,0,0],[0,1,0,0],[0,1,0,0],[0,0,0,1],[0,0,0.5,0.5],[0.5,0.5,0,0],[0,0.5,0,0.5],[0.5,0,0.5,0],[0,0,0.5,0.5],[0.5,0,0,0.5],[0,0.5,0.5,0],[0.5,0,0.5,0],[0,0.5,0,0.5],[0,0.5,0,0.5],[0,0,0.5,0.5],[0.5,0,0.5,0],[0,0.5,0.5,0],[0,0,0.5,0.5],[0,0.5,0,0.5],[1,0,0,0],[0.5,0,0.5,0],[0,0,1,0],[0,0.5,0.5,0],[1,0,0,0],[0.5,0,0,0.5],[0,0,0.5,0.5],[0,0,0.5,0.5],[0.5,0.5,0,0],[0.5,0,0,0.5],[0,0,0,1],[0,0,0.5,0.5],[0.5,0.5,0,0],[0.5,0.5,0,0],[0,0.5,0,0.5],[0.5,0,0.5,0],[1,0,0,0],[0,0.5,0.5,0],[0.5,0.5,0,0],[1,0,0,0],[0.5,0.5,0,0],[0,0,0.5,0.5],[0.5,0.5,0,0],[0.5,0,0.5,0],[0.5,0.5,0,0],[0.5,0.5,0,0],[0.5,0.5,0,0],[0.5,0,0.5,0],[0.5,0.5,0,0],[1,0,0,0],[1,0,0,0],[0.5,0,0.5,0],[0,0.5,0,0.5],[1,0,0,0],[0.5,0.5,0,0],[1,0,0,0],[0.5,0,0,0.5],[0,0,0.5,0.5],[0.5,0.5,0,0],[1,0,0,0],[1,0,0,0],[0.5,0,0,0.5],[1,0,0,0],[0.5,0.5,0,0],[1,0,0,0],[0.5,0,0.5,0],[1,0,0,0],[0,0.5,0.5,0],[1,0,0,0],[0.5,0,0,0.5],[1,0,0,0],[0.5,0,0.5,0],[1,0,0,0],[0,0,0,1],[1,0,0,0],[0.5,0,0.5,0],[0.5,0,0,0.5],[0,0,0,1],[0.5,0,0.5,0],[0,0,1,0],[0,0.5,0.5,0],[0.5,0,0,0.5],[0,0.5,0.5,0],[0,0,0.5,0.5],[0,0,0.5,0.5],[1,0,0,0],[0,0.5,0.5,0],[0,0.5,0,0.5],[0,0,0,1],[1,0,0,0],[1,0,0,0],[0.5,0,0,0.5],[0,0,0.5,0.5],[0.5,0,0,0.5],[1,0,0,0],[1,0,0,0],[0.5,0.5,0,0],[0,0,0.5,0.5],[1,0,0,0],[0.5,0,0.5,0],[0,0.5,0.5,0],[0,0,0.5,0.5],[0.5,0,0,0.5],[0,0,0.5,0.5],[0,0,0,1],[0,0,0.5,0.5],[0,0.5,0,0.5],[0.5,0,0,0.5],[0,0.5,0.5,0],[0,0.5,0.5,0],[0.5,0,0.5,0],[0,1,0,0],[0.5,0,0.5,0],[0.5,0,0.5,0],[0.5,0.5,0,0],[0.5,0,0.5,0],[1,0,0,0],[1,0,0,0],[0,0.5,0.5,0],[0.5,0,0.5,0],[0,0,1,0],[0.5,0,0,0.5],[0.5,0.5,0,0],[0.5,0.5,0,0],[0.5,0,0.5,0],[0,0.5,0.5,0],[0.5,0,0,0.5],[0,0.5,0.5,0],[1,0,0,0],[0,0,1,0],[0,0.5,0,0.5],[1,0,0,0],[0.5,0,0.5,0],[1,0,0,0],[0,0.5,0.5,0],[0.5,0,0,0.5],[0.5,0,0.5,0],[0.5,0,0.5,0],[0.5,0,0,0.5]],null,[[0,1,0,0],[0,0,0,1],[0,0,1,0],[1,0,0,0],[0,1,0,0],[0,0,0,1],[0,0,0,1],[0,0,0,1],[0,0,0,1],[0,1,0,0],[0,0,0,1],[1,0,0,0],[1,0,0,0],[0,0,0,1],[0,0,0,1],[1,0,0,0],[1,0,0,0],[0,0,0,1],[1,0,0,0],[0,0,0,1],[0,0,1,0],[0,0,1,0],[0,0,1,0],[0,0,1,0],[1,0,0,0],[1,0,0,0],[0,0,1,0],[0,0,1,0],[0,0,1,0],[0,1,0,0],[0,0,0,1],[0,0,0,1],[0,1,0,0],[0,1,0,0],[0,1,0,0],[0,1,0,0],[1,0,0,0],[0,0,1,0],[0,0,1,0],[0,0,1,0],[1,0,0,0],[1,0,0,0],[0,0,0,1],[0,0,0,1],[0,0,0,1],[0,0,0,1],[0,0,1,0],[0,0,0,1],[0,0,0,1],[0,0,0,1],[0,1,0,0],[0,0,0,1],[0,0,1,0],[1,0,0,0],[0,0,0,1],[0,0,0,1],[0,0,1,0],[0,0,0,1],[0,0,0,1],[0,0,1,0],[1,0,0,0],[0,0,1,0],[1,0,0,0],[0,0,1,0],[1,0,0,0],[0,1,0,0],[1,0,0,0],[0,0,1,0],[0,0,0,1],[1,0,0,0],[0,0,1,0],[1,0,0,0],[1,0,0,0],[0,0,0,1],[0,0,0,1],[0,1,0,0],[0,0,0,1],[0,0,0,1],[0,0,1,0],[1,0,0,0],[0,1,0,0],[0,0,0,1],[1,0,0,0],[1,0,0,0],[0,1,0,0],[1,0,0,0],[0,0,1,0],[0,0,0,1],[0,0,1,0],[0,0,1,0],[0,1,0,0],[0,0,0,1],[0,0,0,1],[0,1,0,0],[0,0,1,0],[0,0,0,1],[0,0,1,0],[0,0,0,1],[0,0,0,1],[0,0,0,1],[0,0,0,1],[0,1,0,0],[1,0,0,0],[0,1,0,0],[0,0,0,1],[0,1,0,0],[1,0,0,0],[1,0,0,0],[0,0,0,1],[0,0,1,0],[0,0,0,1],[0,0,0,1],[0,0,0,1],[0,0,0,1],[0,1,0,0],[0,0,0,1],[0,0,1,0],[0,1,0,0],[0,1,0,0],[0,0,0,1],[0,0,0,1],[0,1,0,0],[0,0,0,1],[0,0,0,1],[0,0,1,0],[0,1,0,0],[0,1,0,0],[0,0,0,1],[0,1,0,0],[1,0,0,0],[0,1,0,0],[1,0,0,0],[0,0,1,0],[1,0,0,0],[0,0,0,1],[1,0,0,0],[1,0,0,0],[0,0,0,1],[0,0,0,1],[0,0,1,0],[1,0,0,0],[1,0,0,0],[0,0,1,0],[1,0,0,0],[1,0,0,0],[1,0,0,0],[1,0,0,0],[0,0,0,1],[0,1,0,0],[0,1,0,0],[0,1,0,0],[0,0,0,1],[0,0,0,1],[1,0,0,0],[1,0,0,0],[0,0,1,0],[0,0,0,1],[1,0,0,0],[1,0,0,0],[1,0,0,0],[0,1,0,0],[1,0,0,0],[0,1,0,0],[1,0,0,0],[0,0,1,0],[0,1,0,0],[1,0,0,0],[0,0,1,0],[0,0,1,0],[1,0,0,0],[1,0,0,0],[0,0,1,0],[0,1,0,0],[0,0,0,1],[0,0,0,1],[0,1,0,0],[1,0,0,0],[0,0,0,1],[0,1,0,0],[0,1,0,0],[0,0,0,1],[1,0,0,0],[1,0,0,0],[0,1,0,0],[0,1,0,0],[1,0,0,0],[0,0,0,1],[0,0,0,1],[0,0,1,0],[0,0,0,1],[0,1,0,0],[1,0,0,0],[0,1,0,0],[0,0,1,0],[1,0,0,0],[0,0,1,0],[1,0,0,0],[0,1,0,0],[0,0,0,1],[1,0,0,0],[0,0,0,1],[0,0,0,1],[0,0,0,1],[0,0,0,1],[0,0,0,1],[0,0,0,1],[0,1,0,0],[0,1,0,0],[0,0,0,1],[1,0,0,0],[1,0,0,0],[0,0,0,1],[1,0,0,0],[0,0,1,0],[1,0,0,0],[0,1,0,0],[1,0,0,0],[0,0,0,1],[0,1,0,0],[1,0,0,0],[1,0,0,0],[0,1,0,0],[1,0,0,0],[0,0,0,1],[0,0,0,1],[0,0,0,1],[1,0,0,0],[0,0,0,1],[0,0,0,1],[0,0,0,1],[0,0,0,1],[0,0,0,1],[0,0,1,0],[0,0,0,1],[0,0,0,1],[1,0,0,0],[0,0,0,1],[0,0,0,1],[0,1,0,0],[0,0,0,1],[0,0,0,1],[1,0,0,0],[0,0,0,1],[0,0,0,1],[0,0,1,0],[0,0,1,0],[0,1,0,0],[0,1,0,0],[0,0,0,1],[0,0,0,1],[1,0,0,0],[0,0,0,1],[0,0,0,1],[0,0,0,1],[1,0,0,0],[0,0,0,1],[0,0,0,1],[0,0,1,0],[1,0,0,0],[0,1,0,0],[1,0,0,0],[0,1,0,0],[0,1,0,0],[1,0,0,0],[1,0,0,0],[0,0,0,1],[0,0,0,1],[0,0,1,0],[0,0,0,1],[0,0,1,0],[0,0,0,1],[0,1,0,0],[0,0,0,1],[0,1,0,0],[0,0,0,1],[0,0,0,1],[0,0,0,1],[0,1,0,0],[0,0,0,1],[1,0,0,0],[1,0,0,0],[0,0,1,0],[0,0,1,0],[1,0,0,0],[0,0,0,1],[0,0,0,1]],null],"seqs":[2,3,4]},{"orient":0,"bin":115,"pvalue":1.80427e-05,"inferred_pwm":[[1,0,0,0],[0,0,0,1],[1,0,0,0],[1,0,0,0],[0,0,0,1],[0,0,0,1],[0,0,1,0]],"alignment_pwm":[[[0.5,0,0,0.5],[0,0,1,0],[0.5,0,0.5,0],[0,0,0,1],[0,0,1,0],[0,1,0,0],[0,0,0,1],[0,0,1,0],[0.5,0,0.5,0],[0,0.5,0.5,0],[1,0,0,0],[0,0,0,1],[1,0,0,0],[1,0,0,0],[0,0,0,1],[0,0,0,1],[0,0,1,0],[0,0,1,0],[0,1,0,0],[0,0,0,1],[1,0,0,0],[0,0,1,0],[0,0.5,0,0.5],[0,1,0,0],[1,0,0,0],[0,1,0,0],[1,0,0,0],[0,0.5,0,0.5],[0.5,0,0.5,0],[0,0,0,1],[1,0,0,0],[0,0,1,0],[0,0,1,0],[1,0,0,0],[0,0,1,0],[1,0,0,0],[1,0,0,0],[0,0,0,1],[0,0,1,0],[1,0,0,0],[1,0,0,0],[1,0,0,0],[0,1,0,0],[0,0,0,1],[0,0,1,0],[0.5,0,0.5,0],[1,0,0,0],[0,0,0,1],[0,1,0,0],[0,1,0,0],[0,0,0,1],[0,1,0,0],[1,0,0,0],[0,0,0,1],[0,1,0,0],[0,0,0,1],[0,1,0,0],[0,0,0,1],[0,0.5,0,0.5],[1,0,0,0],[0,0.5,0,0.5],[0,0.5,0,0.5],[0,0,0,1],[0,0,0,1],[1,0,0,0],[0,0,0,1],[1,0,0,0],[0,0.5,0,0.5],[1,0,0,0],[1,0,0,0],[1,0,0,0],[1,0,0,0],[1,0,0,0],[0,0,0,1],[0,1,0,0],[1,0,0,0],[0.5,0.5,0,0],[0,1,0,0],[0,0,0,1],[0,1,0,0],[1,0,0,0],[1,0,0,0],[0,0,1,0],[1,0,0,0],[0,0,0,1],[0,0,1,0],[0,0,1,0],[0.5,0,0.5,0],[0,0,0,1],[0,0,0,1],[1,0,0,0],[1,0,0,0],[0,0,1,0],[0,0,1,0],[1,0,0,0],[0,0.5,0,0.5],[0,0,0,1],[0,0,0,1],[1,0,0,0],[1,0,0,0],[1,0,0,0],[0,0.5,0,0.5],[0,1,0,0],[0,0,0,1],[0.5,0,0,0.5],[1,0,0,0],[0,0,1,0],[1,0,0,0],[0,0.5,0,0.5],[0,1,0,0],[0,0,0,1],[0,0,1,0],[1,0,0,0],[0.5,0.5,0,0],[1,0,0,0],[0,1,0,0],[0,0,0,1],[0,0.5,0.5,0],[0,0,0,1],[1,0,0,0],[1,0,0,0],[1,0,0,0],[1,0,0,0],[1,0,0,0],[0,0.5,0,0.5],[0,0,0,1],[0,1,0,0],[0,0,0,1],[1,0,0,0],[0,0,1,0],[1,0,0,0],[1,0,0,0],[0,0,1,0],[1,0,0,0],[0,0,0,1],[1,0,0,0],[1,0,0,0],[0,1,0,0],[1,0,0,0],[0,0,0,1],[0,0,0,1],[0,0,1,0],[0,0,1,0],[1,0,0,0],[1,0,0,0],[1,0,0,0],[1,0,0,0],[1,0,0,0],[0,1,0,0],[0,1,0,0],[0,1,0,0],[0,0,0,1],[0,0,0.5,0.5],[0.5,0.5,0,0],[0,0.5,0,0.5],[0.5,0,0.5,0],[0,0,0.5,0.5],[0.5,0,0,0.5],[0,0.5,0.5,0],[0.5,0,0.5,0],[0,0.5,0,0.5],[0,0.5,0,0.5],[0,0,0.5,0.5],[0.5,0,0.5,0],[0,0.5,0.5,0],[0,0,0.5,0.5],[0,0.5,0,0.5],[1,0,0,0],[0.5,0,0.5,0],[0,0,1,0],[0,0.5,0.5,0],[1,0,0,0],[0.5,0,0,0.5],[0,0,0.5,0.5],[0,0,0.5,0.5],[0.5,0.5,0,0],[0.5,0,0,0.5],[0,0,0,1],[0,0,0.5,0.5],[0.5,0.5,0,0],[0.5,0.5,0,0],[0,0.5,0,0.5],[0.5,0,0.5,0],[1,0,0,0],[0,0.5,0.5,0],[0.5,0.5,0,0],[1,0,0,0],[0.5,0.5,0,0],[0,0,0.5,0.5],[0.5,0.5,0,0],[0.5,0,0.5,0],[0.5,0.5,0,0],[0.5,0.5,0,0],[0.5,0.5,0,0],[0.5,0,0.5,0],[0.5,0.5,0,0],[1,0,0,0],[1,0,0,0],[0.5,0,0.5,0],[0,0.5,0,0.5],[1,0,0,0],[0.5,0.5,0,0],[1,0,0,0],[0.5,0,0,0.5],[0,0,0.5,0.5],[0.5,0.5,0,0],[1,0,0,0],[1,0,0,0],[0.5,0,0,0.5],[1,0,0,0],[0.5,0.5,0,0],[1,0,0,0],[0.5,0,0.5,0],[1,0,0,0],[0,0.5,0.5,0],[1,0,0,0],[0.5,0,0,0.5],[1,0,0,0],[0.5,0,0.5,0],[1,0,0,0],[0,0,0,1],[1,0,0,0],[0.5,0,0.5,0],[0.5,0,0,0.5],[0,0,0,1],[0.5,0,0.5,0],[0,0,1,0],[0,0.5,0.5,0],[0.5,0,0,0.5],[0,0.5,0.5,0],[0,0,0.5,0.5],[0,0,0.5,0.5],[1,0,0,0],[0,0.5,0.5,0],[0,0.5,0,0.5],[0,0,0,1],[1,0,0,0],[1,0,0,0],[0.5,0,0,0.5],[0,0,0.5,0.5],[0.5,0,0,0.5],[1,0,0,0],[1,0,0,0],[0.5,0.5,0,0],[0,0,0.5,0.5],[1,0,0,0],[0.5,0,0.5,0],[0,0.5,0.5,0],[0,0,0.5,0.5],[0.5,0,0,0.5],[0,0,0.5,0.5],[0,0,0,1],[0,0,0.5,0.5],[0,0.5,0,0.5],[0.5,0,0,0.5],[0,0.5,0.5,0],[0,0.5,0.5,0],[0.5,0,0.5,0],[0,1,0,0],[0.5,0,0.5,0],[0.5,0,0.5,0],[0.5,0.5,0,0],[0.5,0,0.5,0],[1,0,0,0],[1,0,0,0],[0,0.5,0.5,0],[0.5,0,0.5,0],[0,0,1,0],[0.5,0,0,0.5],[0.5,0.5,0,0],[0.5,0.5,0,0],[0.5,0,0.5,0],[0,0.5,0.5,0],[0.5,0,0,0.5],[0,0.5,0.5,0],[1,0,0,0],[0,0,1,0],[0,0.5,0,0.5],[1,0,0,0],[0.5,0,0.5,0],[1,0,0,0],[0,0.5,0.5,0],[0.5,0,0,0.5],[0.5,0,0.5,0],[0.5,0,0.5,0],[0.5,0,0,0.5]],null,null,null],"seqs":[2,3]}]},{"idx":8,"counts":[[0,0,0,0,0,0,0,0,0,0,0,0,0,0,0,0,0,0,0,0,0,0,0,0,0,0,0,0,0,0,0,0,0,0,0,0,0,0,0,0,0,0,0,0,0,0,0,0,0,0,0,0,0,0,0,0,0,0,0,0,0,0,0,0,0,0,0,0,0,0,0,0,0,0,0,0,0,0,0,0,0,0,0,0,0,0,0,0,0,0,0,0,0,0,0,0,0,0,0,0,0,0,0,0,0,0,0,0,0,0,0,0,0,0,0,2,0,0,0,0,0,0,0,0,0,0,0,0,0,0,0,0,0,0,0,0,0,0,0,0,0,0,0,0,0],[0,0,0,0,0,0,0,0,0,0,0,0,0,0,0,0,0,0,0,0,0,0,0,0,0,0,0,0,0,0,0,0,0,0,0,0,0,0,0,0,0,0,0,0,0,0,0,0,0,0,0,0,0,0,0,0,0,0,0,0,0,0,0,0,0,0,0,0,0,0,0,0,0,0,0,0,0,0,0,0,0,0,0,0,0,0,0,0,0,0,0,0,0,0,0,0,0,0,0,0,0,0,0,0,0,0,0,0,0,0,0,0,0,0,0,0,0,0,0,0,0,0,0,0,0,0,0,0,0,0,0,0,0,0,0,0,0,0,0,0,0,0,0,0,0],[0,0,0,0,0,0,0,0,0,0,0,0,0,0,0,0,0,0,0,0,0,0,0,0,0,0,0,0,0,0,0,0,0,0,0,0,0,0,0,0,0,0,0,0,0,0,0,0,0,0,0,0,0,0,0,0,0,0,0,0,0,0,0,0,0,0,0,0,0,0,0,0,0,0,0,0,0,0,0,0,0,0,0,0,0,0,0,0,0,0,0,0,0,0,0,0,0,0,0,0,0,0,0,0,0,0,0,0,0,0,0,0,0,0,0,1,0,0,0,0,0,0,0,0,0,0,0,0,0,0,0,0,0,0,0,0,0,0,0,0,0,0,0,0,0],[0,0,0,0,0,0,0,0,0,0,0,0,0,0,0,0,0,0,0,0,0,0,0,0,0,0,0,0,0,0,0,0,0,0,0,0,0,0,0,0,0,0,0,0,0,0,0,0,0,0,0,0,0,0,0,0,0,0,0,0,0,0,0,0,0,0,0,0,0,0,0,0,0,0,0,0,0,0,0,0,0,1,0,0,0,0,0,0,0,0,0,0,0,0,0,0,0,0,0,0,0,0,0,0,0,0,0,0,0,0,0,0,0,0,0,0,0,0,0,0,0,0,0,0,0,0,0,0,0,0,0,0,0,0,0,0,0,0,0,0,0,0,0,0,0]],"spacings":[{"orient":4,"bin":115,"pvalue":1.67013e-07,"inferred_pwm":[[0.666667,0,0,0.333333],[0,0,0,1],[1,0,0,0],[1,0,0,0],[0,0,0,1],[0,0,0,1],[0.333333,0,0.666667,0]],"alignment_pwm":[[[0.5,0,0,0.5],[0,0,1,0],[0.5,0,0.5,0],[0,0,0,1],[0,0,1,0],[0,1,0,0],[0,0,0,1],[0,0,1,0],[0.5,0,0.5,0],[0,0.5,0.5,0],[1,0,0,0],[0,0,0,1],[1,0,0,0],[1,0,0,0],[0,0,0,1],[0,0,0,1],[0,0,1,0],[0,0,1,0],[0,1,0,0],[0,0,0,1],[1,0,0,0],[0,0,1,0],[0,0.5,0,0.5],[0,1,0,0],[1,0,0,0],[0,1,0,0],[1,0,0,0],[0,0.5,0,0.5],[0.5,0,0.5,0],[0,0,0,1],[1,0,0,0],[0,0,1,0],[0,0,1,0],[1,0,0,0],[0,0,1,0],[1,0,0,0],[1,0,0,0],[0,0,0,1],[0,0,1,0],[1,0,0,0],[1,0,0,0],[1,0,0,0],[0,1,0,0],[0,0,0,1],[0,0,1,0],[0.5,0,0.5,0],[1,0,0,0],[0,0,0,1],[0,1,0,0],[0,1,0,0],[0,0,0,1],[0,1,0,0],[1,0,0,0],[0,0,0,1],[0,1,0,0],[0,0,0,1],[0,1,0,0],[0,0,0,1],[0,0.5,0,0.5],[1,0,0,0],[0,0.5,0,0.5],[0,0.5,0,0.5],[0,0,0,1],[0,0,0,1],[1,0,0,0],[0,0,0,1],[1,0,0,0],[0,0.5,0,0.5],[1,0,0,0],[1,0,0,0],[1,0,0,0],[1,0,0,0],[1,0,0,0],[0,0,0,1],[0,1,0,0],[1,0,0,0],[0.5,0.5,0,0],[0,1,0,0],[0,0,0,1],[0,1,0,0],[1,0,0,0],[1,0,0,0],[0,0,1,0],[1,0,0,0],[0,0,0,1],[0,0,1,0],[0,0,1,0],[0.5,0,0.5,0],[0,0,0,1],[0,0,0,1],[1,0,0,0],[1,0,0,0],[0,0,1,0],[0,0,1,0],[1,0,0,