<!DOCTYPE HTML>
<html>
  <head>
    <meta charset="UTF-8">
    <title>SpaMo - Spaced Motif Analysis</title>
    <script type="text/javascript">
      //@JSON_VAR data
      var data = {"program":"SpaMo","version":"4.12.0","revision":"aacc9c3eb8c7b460b344d5c8aa1458097dae704d","release":"Tue Jun 27 16:22:50 2017 -0700","host":"Sudins-iMac.local","when":"Thu May 24 14:24:32 2018","cmd":["spamo","-verbosity","1","-oc","results/AHRpeaks_not-in-DHSs-withAHREs.bed.fa/jaspar/spamo_out_3","-bgfile","results/AHRpeaks_not-in-DHSs-withAHREs.bed.fa/jaspar/background","-primary","AAGSYCTTTAGTTHAATTAVGTCCCAGCTA","results/AHRpeaks_not-in-DHSs-withAHREs.bed.fa/jaspar/AHRpeaks_not-in-DHSs-withAHREs.bed.fa","results/AHRpeaks_not-in-DHSs-withAHREs.bed.fa/jaspar/meme_out/meme.xml","results/AHRpeaks_not-in-DHSs-withAHREs.bed.fa/jaspar/meme_out/meme.xml","/Users/filipov4/meme/db/motif_databases/JASPAR/JASPAR2018_CORE_non-redundant.meme"],"options":{"seq_min_hit_score":7,"margin":150,"bin_size":1,"bin_pvalue_calc_range":150,"use_best_secondary":0,"seq_max_shared_fract":0.5,"seq_odds_ratio":20,"bin_pvalue_cutoff":0.05,"motif_evalue_cutoff":10,"redundant_overlap":2,"redundant_joint":0.5,"motif_pseudocount":0.1,"bgfile":"results/AHRpeaks_not-in-DHSs-withAHREs.bed.fa/jaspar/background","motif_trim":0.25,"xalph":0,"seed":1,"bin_max":4},"alphabet":{"name":"DNA","like":"dna","ncore":4,"symbols":[{"symbol":"A","name":"Adenine","colour":"CC0000","complement":"T"},{"symbol":"C","name":"Cytosine","colour":"0000CC","complement":"G"},{"symbol":"G","name":"Guanine","colour":"FFB300","complement":"C"},{"symbol":"T","aliases":"U","name":"Thymine","colour":"008000","complement":"A"},{"symbol":"N","aliases":"X.","name":"Any base","equals":"ACGT"},{"symbol":"V","name":"Not T","equals":"ACG"},{"symbol":"H","name":"Not G","equals":"ACT"},{"symbol":"D","name":"Not C","equals":"AGT"},{"symbol":"B","name":"Not A","equals":"CGT"},{"symbol":"M","name":"Amino","equals":"AC"},{"symbol":"R","name":"Purine","equals":"AG"},{"symbol":"W","name":"Weak","equals":"AT"},{"symbol":"S","name":"Strong","equals":"CG"},{"symbol":"Y","name":"Pyrimidine","equals":"CT"},{"symbol":"K","name":"Keto","equals":"GT"}]},"background":[0.3065,0.1935,0.1935,0.3065],"sequence_dbs":[{"source":"results/AHRpeaks_not-in-DHSs-withAHREs.bed.fa/jaspar/AHRpeaks_not-in-DHSs-withAHREs.bed.fa","name":"AHRpeaks_not-in-DHSs-withAHREs.bed","last_modified":"Thu May 24 11:14:31 2018","loaded":23,"excluded_too_short":1,"excluded_no_match":15,"excluded_ambigs":0,"excluded_similar":2,"erased_primary_matches":0}],"primary_dbs":[{"source":"results/AHRpeaks_not-in-DHSs-withAHREs.bed.fa/jaspar/meme_out/meme.xml","name":"meme.xml","last_modified":"Thu May 24 14:23:54 2018","loaded":6,"excluded":5}],"secondary_dbs":[{"source":"results/AHRpeaks_not-in-DHSs-withAHREs.bed.fa/jaspar/meme_out/meme.xml","name":"meme.xml","last_modified":"Thu May 24 14:23:54 2018","loaded":7,"excluded":1},{"source":"/Users/filipov4/meme/db/motif_databases/JASPAR/JASPAR2018_CORE_non-redundant.meme","name":"JASPAR2018_CORE_non-redundant","last_modified":"Thu Dec  7 14:38:42 2017","loaded":1404,"excluded":0}],"secondary_motifs":[{"db":0,"id":"ATCTTTGTTTTTATTGCATTTGCTTTTGGG","alt":"MEME-2","len":30,"ltrim":0,"rtrim":0,"nsites":4,"evalue":"1.6e-005","pwm":[[0.983085,0.00471952,0.00471952,0.0074756],[0.0074756,0.00471952,0.00471952,0.983085],[0.0074756,0.980329,0.00471952,0.0074756],[0.0074756,0.00471952,0.00471952,0.983085],[0.0074756,0.00471952,0.00471952,0.983085],[0.0074756,0.00471952,0.00471952,0.983085],[0.251378,0.00471952,0.736427,0.0074756],[0.0074756,0.00471952,0.00471952,0.983085],[0.0074756,0.00471952,0.00471952,0.983085],[0.0074756,0.00471952,0.00471952,0.983085],[0.0074756,0.248622,0.00471952,0.739183],[0.0074756,0.00471952,0.00471952,0.983085],[0.983085,0.00471952,0.00471952,0.0074756],[0.0074756,0.00471952,0.00471952,0.983085],[0.0074756,0.248622,0.00471952,0.739183],[0.0074756,0.00471952,0.736427,0.251378],[0.251378,0.736427,0.00471952,0.0074756],[0.983085,0.00471952,0.00471952,0.0074756],[0.0074756,0.00471952,0.00471952,0.983085],[0.0074756,0.00471952,0.00471952,0.983085],[0.0074756,0.00471952,0.00471952,0.983085],[0.0074756,0.00471952,0.736427,0.251378],[0.0074756,0.736427,0.248622,0.0074756],[0.0074756,0.248622,0.00471952,0.739183],[0.0074756,0.00471952,0.00471952,0.983085],[0.0074756,0.248622,0.00471952,0.739183],[0.0074756,0.00471952,0.248622,0.739183],[0.0074756,0.248622,0.736427,0.0074756],[0.0074756,0.00471952,0.736427,0.251378],[0.0074756,0.00471952,0.980329,0.0074756]]},{"db":0,"id":"SATGVARKBCTYBCCTMRGBCA","alt":"MEME-5","len":22,"ltrim":0,"rtrim":0,"nsites":5,"evalue":"2.0e+001","pwm":[[0.0060098,0.592029,0.395951,0.0060098],[0.790324,0.00379412,0.199873,0.0060098],[0.202088,0.00379412,0.00379412,0.790324],[0.202088,0.00379412,0.788108,0.0060098],[0.398167,0.199873,0.395951,0.0060098],[0.986402,0.00379412,0.00379412,0.0060098],[0.594245,0.00379412,0.395951,0.0060098],[0.0060098,0.00379412,0.395951,0.594245],[0.0060098,0.395951,0.199873,0.398167],[0.0060098,0.984186,0.00379412,0.0060098],[0.0060098,0.00379412,0.199873,0.790324],[0.0060098,0.592029,0.00379412,0.398167],[0.0060098,0.199873,0.395951,0.398167],[0.0060098,0.984186,0.00379412,0.0060098],[0.0060098,0.984186,0.00379412,0.0060098],[0.0060098,0.00379412,0.00379412,0.986402],[0.594245,0.395951,0.00379412,0.0060098],[0.594245,0.00379412,0.395951,0.0060098],[0.0060098,0.00379412,0.788108,0.202088],[0.0060098,0.395951,0.395951,0.202088],[0.0060098,0.984186,0.00379412,0.0060098],[0.986402,0.00379412,0.00379412,0.0060098]]},{"db":1,"id":"MA0012.1","alt":"br(var.3)","len":11,"ltrim":0,"rtrim":2,"nsites":12,"url":"http://jaspar2018.genereg.net/matrix/MA0012.1","pwm":[[0.250467,0.0842435,0.0842435,0.581045],[0.746335,0.166889,0.0842435,0.00253306],[0.828979,0.00159918,0.00159918,0.167823],[0.994269,0.00159918,0.00159918,0.00253306],[0.00253306,0.828045,0.0842435,0.0851774],[0.333111,0.00159918,0.00159918,0.66369],[0.828979,0.00159918,0.00159918,0.167823],[0.498401,0.00159918,0.332177,0.167823],[0.498401,0.0842435,0.166889,0.250467],[0.333111,0.249533,0.166889,0.250467],[0.167823,0.249533,0.414823,0.167823]]},{"db":1,"id":"MA0020.1","alt":"Dof2","len":6,"ltrim":0,"rtrim":1,"nsites":21,"url":"http://jaspar2018.genereg.net/matrix/MA0020.1","pwm":[[0.996713,0.000917063,0.000917063,0.00145261],[0.996713,0.000917063,0.000917063,0.00145261],[0.996713,0.000917063,0.000917063,0.00145261],[0.00145261,0.000917063,0.996178,0.00145261],[0.143633,0.664425,0.0957037,0.0962392],[0.333206,0.285277,0.143097,0.238419]]},{"db":1,"id":"MA0021.1","alt":"Dof3","len":6,"ltrim":0,"rtrim":0,"nsites":21,"url":"http://jaspar2018.genereg.net/matrix/MA0021.1","pwm":[[0.996713,0.000917063,0.000917063,0.00145261],[0.996713,0.000917063,0.000917063,0.00145261],[0.996713,0.000917063,0.000917063,0.00145261],[0.00145261,0.000917063,0.996178,0.00145261],[0.00145261,0.47485,0.143097,0.380599],[0.285813,0.285277,0.427457,0.00145261]]},{"db":1,"id":"MA0030.1","alt":"FOXF2","len":14,"ltrim":0,"rtrim":1,"nsites":27,"url":"http://jaspar2018.genereg.net/matrix/MA0030.1","pwm":[[0.0380313,0.369717,0.259016,0.333234],[0.370134,0.259016,0.185216,0.185633],[0.628438,0.148315,0.0745147,0.148732],[0.463704,0.178626,0.178626,0.179043],[0.136992,0.498869,0.363008,0.001131],[0.259433,0.000714023,0.738722,0.001131],[0.001131,0.000714023,0.000714023,0.997441],[0.997441,0.000714023,0.000714023,0.001131],[0.997441,0.000714023,0.000714023,0.001131],[0.997441,0.000714023,0.000714023,0.001131],[0.001131,0.923223,0.000714023,0.0749317],[0.997441,0.000714023,0.000714023,0.001131],[0.591537,0.148315,0.0745147,0.185633],[0.259433,0.148315,0.222116,0.370134]]},{"db":1,"id":"MA0031.1","alt":"FOXD1","len":8,"ltrim":0,"rtrim":1,"nsites":20,"url":"http://jaspar2018.genereg.net/matrix/MA0031.1","pwm":[[0.0512761,0.0507139,0.846734,0.0512761],[0.00152487,0.000962688,0.000962688,0.99655],[0.946799,0.0507139,0.000962688,0.00152487],[0.99655,0.000962688,0.000962688,0.00152487],[0.897047,0.0507139,0.0507139,0.00152487],[0.0512761,0.896485,0.000962688,0.0512761],[0.99655,0.000962688,0.000962688,0.00152487],[0.349784,0.100465,0.150216,0.399535]]},{"db":1,"id":"MA0032.2","alt":"FOXC1","len":11,"ltrim":0,"rtrim":0,"nsites":19566,"url":"http://jaspar2018.genereg.net/matrix/MA0032.2","pwm":[[0.329756,0.0394568,0.0155379,0.615249],[0.695237,0.0353358,0.202155,0.0672732],[0.344387,0.0876135,0.105677,0.462323],[0.257364,0.0178009,0.722131,0.00270355],[0.108395,0.0717426,0.0169379,0.802924],[0.706923,0.289518,0.00113298,0.00242655],[0.991152,0.00579096,9.88957e-07,0.00305755],[0.983559,0.00297997,0.00750195,0.00595954],[0.00649853,0.467699,0.00878794,0.517014],[0.966338,0.00141198,0.0226319,0.00961852],[0.31682,0.0736506,0.0523317,0.557199]]},{"db":1,"id":"MA0033.2","alt":"FOXL1","len":7,"ltrim":0,"rtrim":0,"nsites":4933,"url":"http://jaspar2018.genereg.net/matrix/MA0033.2","pwm":[[0.426108,0.00263887,0.542868,0.0283856],[0.00192717,0.0799103,3.92249e-06,0.918159],[0.874645,0.114915,0.0104337,6.21313e-06],[0.98902,0.00786676,3.92249e-06,0.00311015],[0.973113,0.0166976,0.0101827,6.21313e-06],[6.21313e-06,0.778858,3.92249e-06,0.221132],[0.98535,0.0111357,3.92249e-06,0.00351014]]},{"db":1,"id":"MA0034.1","alt":"Gam1","len":10,"ltrim":2,"rtrim":0,"nsites":25,"url":"http://jaspar2018.genereg.net/matrix/MA0034.1","pwm":[[0.160584,0.239815,0.439018,0.160584],[0.399627,0.199974,0.279655,0.120743],[0.120743,0.518699,0.000770917,0.359787],[0.917556,0.0406116,0.0406116,0.00122111],[0.997237,0.000770917,0.000770917,0.00122111],[0.0410618,0.956946,0.000770917,0.00122111],[0.120743,0.55854,0.239815,0.0809024],[0.240265,0.000770917,0.757743,0.00122111],[0.399627,0.439018,0.000770917,0.160584],[0.200424,0.757743,0.0406116,0.00122111]]},{"db":1,"id":"MA0036.3","alt":"GATA2","len":11,"ltrim":2,"rtrim":2,"nsites":14213,"url":"http://jaspar2018.genereg.net/matrix/MA0036.3","pwm":[[0.232394,0.209526,0.225216,0.332864],[0.139732,0.288397,0.208682,0.363189],[0.0661387,0.746285,0.0860488,0.101528],[0.0312409,0.0182242,0.0105553,0.939981],[0.029341,0.00239334,0.00147935,0.966786],[0.991904,0.000986354,0.00302634,0.00408313],[0.0102041,0.00541932,0.00337834,0.980998],[0.00675611,0.969952,0.0088663,0.0144251],[0.166961,0.0346171,0.0258222,0.7726],[0.204884,0.26131,0.257229,0.276578],[0.230635,0.272566,0.155914,0.340885]]},{"db":1,"id":"MA0037.3","alt":"GATA3","len":8,"ltrim":0,"rtrim":1,"nsites":1000,"url":"http://jaspar2018.genereg.net/matrix/MA0037.3","pwm":[[0.50198,0.225997,0.00101925,0.271004],[3.06469e-05,1.93481e-05,0.999919,3.06469e-05],[0.999931,1.93481e-05,1.93481e-05,3.06469e-05],[3.06469e-05,1.93481e-05,1.93481e-05,0.999931],[0.914854,0.00202115,1.93481e-05,0.0831053],[0.861944,0.0150178,0.0760117,0.0470259],[0.114019,0.300989,0.475972,0.10902],[0.422988,0.188001,0.320987,0.0680238]]},{"db":1,"id":"MA0041.1","alt":"Foxd3","len":12,"ltrim":0,"rtrim":0,"nsites":47,"url":"http://jaspar2018.genereg.net/matrix/MA0041.1","pwm":[[0.234197,0.0641053,0.552427,0.149271],[0.637594,0.0428735,0.000410829,0.319122],[0.510205,0.0216427,0.000410829,0.467742],[0.0218826,0.0853361,0.000410829,0.89237],[0.255428,0.000410829,0.722279,0.0218826],[0.000650743,0.000410829,0.000410829,0.998528],[0.0218826,0.000410829,0.000410829,0.977296],[0.106808,0.000410829,0.212725,0.680056],[0.29789,0.000410829,0.446271,0.255428],[0.12804,0.149031,0.000410829,0.722519],[0.0218826,0.0428735,0.0853361,0.849908],[0.000650743,0.255188,0.000410829,0.743751]]},{"db":1,"id":"MA0042.2","alt":"FOXI1","len":7,"ltrim":0,"rtrim":0,"nsites":5832,"url":"http://jaspar2018.genereg.net/matrix/MA0042.2","pwm":[[0.10597,0.0066902,0.887334,5.25539e-06],[0.013852,0.0112311,0.00655221,0.968365],[0.899677,0.0938817,0.00643621,5.25539e-06],[0.995563,0.00442824,3.31785e-06,5.25539e-06],[0.977694,0.00434824,0.00548222,0.012474],[0.0253678,0.836015,0.00775718,0.130859],[0.992889,0.00230528,0.00480024,5.25539e-06]]},{"db":1,"id":"MA0047.2","alt":"Foxa2","len":12,"ltrim":0,"rtrim":1,"nsites":808,"url":"http://jaspar2018.genereg.net/matrix/MA0047.2","pwm":[[0.00127578,0.00126179,0.00126179,0.996202],[0.273181,0.00373149,0.719342,0.00374547],[0.00127378,0.00125979,0.00125979,0.996207],[0.00127378,0.00373149,0.0445174,0.950476],[0.00127078,0.00125679,0.21578,0.781692],[0.908567,0.00496133,0.0827297,0.00374147],[0.00250662,0.894975,0.00249264,0.100026],[0.417786,0.0951912,0.00373149,0.483291],[0.0618353,0.327548,0.0717081,0.538908],[0.516703,0.00745803,0.0297603,0.44608],[0.162549,0.0657728,0.597965,0.173713],[0.160666,0.242833,0.361125,0.235376]]},{"db":1,"id":"MA0049.1","alt":"hb","len":10,"ltrim":0,"rtrim":0,"nsites":16,"url":"http://jaspar2018.genereg.net/matrix/MA0049.1","pwm":[[0.0640155,0.311761,0.498096,0.126127],[0.374575,0.498096,0.125425,0.00190373],[0.56091,0.187537,0.249649,0.00190373],[0.250351,0.187537,0.0633137,0.498798],[0.809357,0.0633137,0.00120186,0.126127],[0.995693,0.00120186,0.00120186,0.00190373],[0.995693,0.00120186,0.00120186,0.00190373],[0.871469,0.00120186,0.125425,0.00190373],[0.933581,0.0633137,0.00120186,0.00190373],[0.56091,0.125425,0.125425,0.188239]]},{"db":1,"id":"MA0053.1","alt":"MNB1A","len":5,"ltrim":0,"rtrim":0,"nsites":15,"url":"http://jaspar2018.genereg.net/matrix/MA0053.1","pwm":[[0.995407,0.00128146,0.00128146,0.0020298],[0.995407,0.00128146,0.00128146,0.0020298],[0.995407,0.00128146,0.00128146,0.0020298],[0.0020298,0.00128146,0.994659,0.0020298],[0.200705,0.597308,0.00128146,0.200705]]},{"db":1,"id":"MA0064.1","alt":"PBF","len":5,"ltrim":0,"rtrim":0,"nsites":16,"url":"http://jaspar2018.genereg.net/matrix/MA0064.1","pwm":[[0.995693,0.00120186,0.00120186,0.00190373],[0.995693,0.00120186,0.00120186,0.00190373],[0.995693,0.00120186,0.00120186,0.00190373],[0.00190373,0.00120186,0.994991,0.00190373],[0.0640155,0.560208,0.0633137,0.312463]]},{"db":1,"id":"MA0084.1","alt":"SRY","len":9,"ltrim":2,"rtrim":0,"nsites":28,"url":"http://jaspar2018.genereg.net/matrix/MA0084.1","pwm":[[0.179026,0.178624,0.356561,0.285788],[0.285788,0.10745,0.143037,0.463724],[0.534898,0.000688613,0.10745,0.356963],[0.64166,0.10745,0.10745,0.143439],[0.89077,0.000688613,0.000688613,0.107852],[0.00109075,0.925955,0.000688613,0.0722656],[0.997532,0.000688613,0.000688613,0.00109075],[0.961945,0.000688613,0.0362755,0.00109075],[0.250201,0.000688613,0.0718634,0.677247]]},{"db":1,"id":"MA0117.2","alt":"Mafb","len":12,"ltrim":0,"rtrim":1,"nsites":2183,"url":"http://jaspar2018.genereg.net/matrix/MA0117.2","pwm":[[0.566639,0.0797122,0.149338,0.204311],[0.578815,0.0554603,0.0728745,0.292852],[0.49495,0.0989963,0.083415,0.322639],[0.34097,0.182402,0.196609,0.280019],[0.0853091,0.199677,0.0100244,0.70499],[0.000921998,0.00636357,0.990431,0.00228394],[0.11853,0.876626,0.00201777,0.00282591],[0.0137854,0.0160011,0.000896823,0.969317],[0.0186852,0.00540262,0.905361,0.0705498],[0.980643,0.0058516,0.00764851,0.00585677],[0.0582144,0.69777,0.156702,0.087314],[0.26673,0.063251,0.296054,0.373966]]},{"db":1,"id":"MA0148.3","alt":"FOXA1","len":15,"ltrim":4,"rtrim":1,"nsites":22008,"url":"http://jaspar2018.genereg.net/matrix/MA0148.3","pwm":[[0.196656,0.219329,0.187386,0.396628],[0.211696,0.311295,0.214967,0.262041],[0.139132,0.388858,0.241458,0.230553],[0.3242,0.196156,0.16544,0.314204],[0.00318238,8.79223e-07,0.000545877,0.996271],[0.267312,8.79223e-07,0.732686,1.39267e-06],[1.39267e-06,8.79223e-07,8.79223e-07,0.999997],[1.39267e-06,8.79223e-07,0.0587066,0.941291],[1.39267e-06,8.79223e-07,0.129907,0.87009],[0.829333,8.79223e-07,0.170665,1.39267e-06],[1.39267e-06,0.934021,8.79223e-07,0.0659771],[0.417711,0.120638,8.79223e-07,0.461649],[0.0375782,0.331515,0.0632506,0.567656],[0.486277,4.5879e-05,0.00286387,0.510813],[0.218421,0.118275,0.427798,0.235505]]},{"db":1,"id":"MA0157.2","alt":"FOXO3","len":8,"ltrim":0,"rtrim":0,"nsites":553,"url":"http://jaspar2018.genereg.net/matrix/MA0157.2","pwm":[[0.0380235,3.49847e-05,0.961886,5.54149e-05],[5.54149e-05,3.49847e-05,0.0238837,0.976026],[0.960171,0.0289108,0.00905835,0.00186009],[0.997999,0.00191065,3.49847e-05,5.54149e-05],[0.981428,0.0184816,3.49847e-05,5.54149e-05],[0.0273235,0.967133,3.49847e-05,0.00550943],[0.97962,0.0202893,3.49847e-05,5.54149e-05],[0.546509,0.0207212,0.0620928,0.370678]]},{"db":1,"id":"MA0210.1","alt":"ara","len":5,"ltrim":0,"rtrim":0,"nsites":34,"url":"http://jaspar2018.genereg.net/matrix/MA0210.1","pwm":[[0.411456,0.000567449,0.147195,0.440781],[0.675386,0.000567449,0.000567449,0.323479],[0.997966,0.000567449,0.000567449,0.000898826],[0.000898826,0.997635,0.000567449,0.000898826],[0.997966,0.000567449,0.000567449,0.000898826]]},{"db":1,"id":"MA0216.2","alt":"cad","len":11,"ltrim":0,"rtrim":0,"nsites":2303,"url":"http://jaspar2018.genereg.net/matrix/MA0216.2","pwm":[[0.370818,8.40173e-06,0.496296,0.132878],[0.249676,0.14807,0.60224,1.33081e-05],[1.33081e-05,0.643054,8.40173e-06,0.356924],[0.32349,0.64045,8.40173e-06,0.0360517],[0.919209,8.40173e-06,0.0807689,1.33081e-05],[1.33081e-05,0.0412576,8.40173e-06,0.958721],[0.970879,8.40173e-06,8.40173e-06,0.029104],[0.99997,8.40173e-06,8.40173e-06,1.33081e-05],[0.99997,8.40173e-06,8.40173e-06,1.33081e-05],[0.710794,0.0499412,0.0638356,0.175429],[0.454184,0.327827,8.40173e-06,0.217981]]},{"db":1,"id":"MA0233.1","alt":"mirr","len":5,"ltrim":0,"rtrim":0,"nsites":41,"url":"http://jaspar2018.genereg.net/matrix/MA0233.1","pwm":[[0.487364,0.0248015,0.0248015,0.463033],[0.706342,0.000470803,0.0491321,0.244054],[0.998313,0.000470803,0.000470803,0.000745742],[0.000745742,0.998038,0.000470803,0.000745742],[0.998313,0.000470803,0.000470803,0.000745742]]},{"db":1,"id":"MA0244.1","alt":"slbo","len":8,"ltrim":0,"rtrim":0,"nsites":12,"url":"http://jaspar2018.genereg.net/matrix/MA0244.1","pwm":[[0.746335,0.0842435,0.0842435,0.0851774],[0.00253306,0.0842435,0.00159918,0.911624],[0.00253306,0.00159918,0.249533,0.746335],[0.250467,0.166889,0.580111,0.00253306],[0.167823,0.828045,0.00159918,0.00253306],[0.581045,0.166889,0.166889,0.0851774],[0.498401,0.414823,0.0842435,0.00253306],[0.911624,0.0842435,0.00159918,0.00253306]]},{"db":1,"id":"MA0277.1","alt":"AZF1","len":9,"ltrim":0,"rtrim":0,"nsites":102,"url":"http://jaspar2018.genereg.net/matrix/MA0277.1","pwm":[[0.617342,0.127516,0.127516,0.127626],[0.999321,0.00018952,0.00018952,0.000300196],[0.999321,0.00018952,0.00018952,0.000300196],[0.870734,0.128776,0.00018952,0.000300196],[0.749566,0.00018952,0.249945,0.000300196],[0.000300196,0.00018952,0.99921,0.000300196],[0.779536,0.160033,0.0301601,0.0302708],[0.817681,0.0607362,0.0607362,0.0608468],[0.617342,0.127516,0.127516,0.127626]]},{"db":1,"id":"MA0296.1","alt":"FKH1","len":20,"ltrim":2,"rtrim":5,"nsites":997,"url":"http://jaspar2018.genereg.net/matrix/MA0296.1","pwm":[[0.177546,0.287855,0.207622,0.326979],[0.247501,0.192385,0.334655,0.225459],[0.5205,0.084095,0.0981076,0.297298],[0.527032,0.0761638,0.129265,0.267539],[0.365359,0.0730851,0.150154,0.4114],[0.119257,0.146298,0.133273,0.601172],[0.146309,0.004027,0.848631,0.00103264],[0.00705103,0.0030281,1.94063e-05,0.989901],[0.96182,0.0371267,1.94063e-05,0.00103364],[0.978891,0.0110403,0.00102131,0.00904783],[0.991915,0.00102131,0.00202321,0.00504024],[0.00103264,0.92678,0.00102131,0.0711656],[0.991915,0.00102131,0.0030251,0.00403834],[0.875695,0.0390935,0.0160498,0.0691618],[0.672308,0.0491125,0.0701524,0.208427],[0.248503,0.191383,0.407795,0.15232],[0.374742,0.158321,0.296583,0.170355],[0.284571,0.18437,0.330647,0.200412],[0.205421,0.11624,0.45288,0.225459],[0.421832,0.192385,0.248491,0.137292]]},{"db":1,"id":"MA0297.1","alt":"FKH2","len":7,"ltrim":0,"rtrim":0,"nsites":101,"url":"http://jaspar2018.genereg.net/matrix/MA0297.1","pwm":[[0.128889,0.000191395,0.870617,0.000303165],[0.000303165,0.000191395,0.000191395,0.999314],[0.999314,0.000191395,0.000191395,0.000303165],[0.999314,0.000191395,0.000191395,0.000303165],[0.999314,0.000191395,0.000191395,0.000303165],[0.000303165,0.999202,0.000191395,0.000303165],[0.999314,0.000191395,0.000191395,0.000303165]]},{"db":1,"id":"MA0307.1","alt":"GLN3","len":5,"ltrim":0,"rtrim":0,"nsites":100,"url":"http://jaspar2018.genereg.net/matrix/MA0307.1","pwm":[[0.000306194,0.000193307,0.999194,0.000306194],[0.999307,0.000193307,0.000193307,0.000306194],[0.000306194,0.000193307,0.000193307,0.999307],[0.739567,0.000193307,0.000193307,0.260046],[0.609697,0.000193307,0.269924,0.120186]]},{"db":1,"id":"MA0317.1","alt":"HCM1","len":8,"ltrim":0,"rtrim":0,"nsites":100,"url":"http://jaspar2018.genereg.net/matrix/MA0317.1","pwm":[[0.509797,0.160033,0.249944,0.0802263],[0.270036,0.0801134,0.0401533,0.609697],[0.663009,0.316709,0.0100844,0.0101973],[0.949357,0.0501434,0.000193307,0.000306194],[0.999307,0.000193307,0.000193307,0.000306194],[0.0102962,0.859334,0.000193307,0.130176],[0.939961,0.0199755,0.0199755,0.0200884],[0.575489,0.171739,0.111193,0.141579]]},{"db":1,"id":"MA0321.1","alt":"INO2","len":9,"ltrim":0,"rtrim":0,"nsites":249,"url":"http://jaspar2018.genereg.net/matrix/MA0321.1","pwm":[[0.072383,0.116497,0.794939,0.0161806],[0.000123043,0.999676,7.76797e-05,0.000123043],[0.933483,0.0422298,7.76797e-05,0.0242094],[0.000123043,0.142877,7.76797e-05,0.856922],[0.0265274,7.76797e-05,0.973272,0.000123043],[0.0482967,7.76797e-05,0.0663161,0.88531],[0.000123043,0.123664,0.87609,0.000123043],[0.783142,0.088931,0.127804,0.000123043],[0.811918,0.0121938,0.0303685,0.14552]]},{"db":1,"id":"MA0340.1","alt":"MOT3","len":6,"ltrim":0,"rtrim":0,"nsites":201,"url":"http://jaspar2018.genereg.net/matrix/MA0340.1","pwm":[[0.33332,0.333263,9.62209e-05,0.33332],[0.999655,9.62209e-05,9.62209e-05,0.000152412],[0.000152412,9.62209e-05,0.999599,0.000152412],[0.000152412,9.62209e-05,0.999599,0.000152412],[0.000152412,0.499848,9.62209e-05,0.499904],[0.999655,9.62209e-05,9.62209e-05,0.000152412]]},{"db":1,"id":"MA0355.1","alt":"PHD1","len":10,"ltrim":1,"rtrim":3,"nsites":100,"url":"http://jaspar2018.genereg.net/matrix/MA0355.1","pwm":[[0.359947,0.269924,0.190003,0.180126],[0.0911244,0.434102,0.393739,0.0810335],[0.37367,0.444193,0.151557,0.0305789],[0.000306194,0.101102,0.000193307,0.898398],[0.000306194,0.000193307,0.999194,0.000306194],[0.000306194,0.989204,0.000193307,0.0102962],[0.909397,0.0101833,0.0701234,0.0102962],[0.0802263,0.219974,0.359834,0.339967],[0.220086,0.419774,0.219974,0.140166],[0.319987,0.279914,0.209984,0.190116]]},{"db":1,"id":"MA0442.2","alt":"SOX10","len":11,"ltrim":2,"rtrim":2,"nsites":2055,"url":"http://jaspar2018.genereg.net/matrix/MA0442.2","pwm":[[0.332359,0.193187,0.256445,0.218009],[0.351823,0.137716,0.277855,0.232607],[0.544027,0.181023,0.15426,0.12069],[0.984395,0.00195532,0.00146934,0.0121793],[0.00147484,0.967845,0.00536216,0.0253177],[0.987315,0.00341525,0.00341525,0.00585363],[0.957632,0.0136338,0.00974094,0.018992],[0.953254,0.0112009,0.00584813,0.0296975],[0.00488068,0.00633511,0.979037,0.00974644],[0.324087,0.268609,0.301212,0.106093],[0.310462,0.270069,0.245739,0.173729]]},{"db":1,"id":"MA0445.1","alt":"D","len":11,"ltrim":0,"rtrim":0,"nsites":29,"url":"http://jaspar2018.genereg.net/matrix/MA0445.1","pwm":[[0.0354178,0.275579,0.241214,0.447789],[0.00105326,0.859772,0.000664949,0.13851],[0.00105326,0.584857,0.000664949,0.413424],[0.688338,0.000664949,0.000664949,0.310332],[0.00105326,0.000664949,0.000664949,0.997617],[0.00105326,0.000664949,0.103757,0.894524],[0.0697823,0.000664949,0.9285,0.00105326],[0.00105326,0.000664949,0.000664949,0.997617],[0.0354178,0.069394,0.138122,0.757067],[0.13851,0.344308,0.206851,0.310332],[0.207239,0.0350295,0.0350295,0.722703]]},{"db":1,"id":"MA0446.1","alt":"fkh","len":11,"ltrim":0,"rtrim":0,"nsites":27,"url":"http://jaspar2018.genereg.net/matrix/MA0446.1","pwm":[[0.111832,0.000714023,0.000714023,0.88674],[0.185633,0.000714023,0.812522,0.001131],[0.001131,0.000714023,0.000714023,0.997441],[0.001131,0.000714023,0.000714023,0.997441],[0.001131,0.000714023,0.0376144,0.960541],[0.480835,0.000714023,0.51732,0.001131],[0.148732,0.480418,0.0745147,0.296334],[0.222533,0.259016,0.111415,0.407035],[0.001131,0.406618,0.0745147,0.517737],[0.84984,0.000714023,0.0376144,0.111832],[0.554637,0.148315,0.148315,0.148732]]},{"db":1,"id":"MA0452.2","alt":"Kr","len":14,"ltrim":1,"rtrim":3,"nsites":1296,"url":"http://jaspar2018.genereg.net/matrix/MA0452.2","pwm":[[0.13813,0.325607,0.183643,0.352619],[0.15819,0.145837,0.168212,0.527761],[0.116527,0.297832,0.0563376,0.529304],[0.962912,1.49294e-05,1.49294e-05,0.0370578],[0.833292,0.166669,1.49294e-05,2.36478e-05],[0.00851099,0.902723,1.49294e-05,0.0887518],[2.36478e-05,0.908124,1.49294e-05,0.0918376],[2.36478e-05,0.999938,1.49294e-05,2.36478e-05],[2.36478e-05,0.155867,1.49294e-05,0.844095],[2.36478e-05,1.49294e-05,1.49294e-05,0.999946],[2.36478e-05,0.0871992,1.49294e-05,0.912762],[0.0872079,0.307861,0.178242,0.426689],[0.245375,0.248453,0.219905,0.286267],[0.16282,0.334866,0.168983,0.333331]]},{"db":1,"id":"MA0458.1","alt":"slp1","len":11,"ltrim":1,"rtrim":0,"nsites":41,"url":"http://jaspar2018.genereg.net/matrix/MA0458.1","pwm":[[0.195393,0.0734638,0.341103,0.39004],[0.000745742,0.000470803,0.000470803,0.998313],[0.0737387,0.000470803,0.925045,0.000745742],[0.000745742,0.000470803,0.000470803,0.998313],[0.000745742,0.000470803,0.0248015,0.973982],[0.000745742,0.000470803,0.0491321,0.949651],[0.65768,0.000470803,0.0977944,0.244054],[0.0250764,0.53575,0.170787,0.268386],[0.414371,0.195118,0.365435,0.0250764],[0.0980694,0.316772,0.0734638,0.511695],[0.36571,0.0734638,0.0977944,0.463033]]},{"db":1,"id":"MA0480.1","alt":"Foxo1","len":11,"ltrim":1,"rtrim":0,"nsites":2490,"url":"http://jaspar2018.genereg.net/matrix/MA0480.1","pwm":[[0.187957,0.111248,0.191968,0.508827],[0.0510143,0.513642,0.302004,0.13334],[0.0349509,0.564644,0.0839404,0.316466],[1.23087e-05,7.77078e-06,7.77078e-06,0.999972],[1.23087e-05,7.77078e-06,0.999968,1.23087e-05],[1.23087e-05,7.77078e-06,7.77078e-06,0.999972],[1.23087e-05,7.77078e-06,7.77078e-06,0.999972],[1.23087e-05,7.77078e-06,0.115264,0.884716],[0.751388,0.0630572,7.77078e-06,0.185547],[1.23087e-05,0.805999,7.77078e-06,0.193981],[0.430517,0.230119,0.0285206,0.310843]]},{"db":1,"id":"MA0481.2","alt":"FOXP1","len":12,"ltrim":2,"rtrim":3,"nsites":4266,"url":"http://jaspar2018.genereg.net/matrix/MA0481.2","pwm":[[0.351382,0.212846,0.23277,0.203002],[0.359821,0.0625911,0.225737,0.351851],[0.0696256,0.0117253,0.904343,0.0143058],[0.0318864,0.0356347,0.024148,0.908331],[0.956619,0.0304778,0.00656838,0.00633604],[0.945602,0.0332898,0.00422344,0.0168848],[0.976308,0.00469243,0.0131312,0.00586705],[0.00891498,0.932238,0.00703637,0.051811],[0.962245,0.00328646,0.00867733,0.0257916],[0.21191,0.159166,0.509135,0.119788],[0.353492,0.202297,0.219174,0.225037],[0.305438,0.22058,0.212377,0.261604]]},{"db":1,"id":"MA0514.1","alt":"Sox3","len":10,"ltrim":0,"rtrim":0,"nsites":2067,"url":"http://jaspar2018.genereg.net/matrix/MA0514.1","pwm":[[1.48275e-05,0.719375,0.159654,0.120957],[1.48275e-05,0.75082,9.36095e-06,0.249156],[0.126763,9.36095e-06,9.36095e-06,0.873219],[1.48275e-05,9.36095e-06,9.36095e-06,0.999966],[1.48275e-05,9.36095e-06,9.36095e-06,0.999966],[1.48275e-05,0.069672,0.930298,1.48275e-05],[1.48275e-05,9.36095e-06,9.36095e-06,0.999966],[1.48275e-05,0.33768,0.122886,0.539418],[0.00920638,0.412664,0.0106518,0.567476],[0.0203328,0.316395,0.184809,0.478463]]},{"db":1,"id":"MA0515.1","alt":"Sox6","len":10,"ltrim":0,"rtrim":0,"nsites":249,"url":"http://jaspar2018.genereg.net/matrix/MA0515.1","pwm":[[0.0161806,0.558087,0.2008,0.224933],[0.000123043,0.887271,7.76797e-05,0.112528],[0.646449,7.76797e-05,7.76797e-05,0.353395],[0.000123043,7.76797e-05,7.76797e-05,0.999722],[0.000123043,7.76797e-05,7.76797e-05,0.999722],[0.000123043,7.76797e-05,0.999676,0.000123043],[0.000123043,7.76797e-05,7.76797e-05,0.999722],[0.000123043,0.461739,0.0201496,0.517987],[0.0161806,0.449696,7.76797e-05,0.534046],[0.0563255,0.305176,0.124526,0.513973]]},{"db":1,"id":"MA0541.1","alt":"efl-1","len":15,"ltrim":4,"rtrim":1,"nsites":2206,"url":"http://jaspar2018.genereg.net/matrix/MA0541.1","pwm":[[0.300091,0.334536,0.0879468,0.277426],[0.267001,0.177245,0.367626,0.188128],[0.262921,0.362186,0.0752544,0.299637],[0.159572,0.142341,0.396637,0.301451],[0.041716,0.521291,0.404795,0.0321974],[0.0276646,0.00998132,0.96234,1.38933e-05],[0.00499967,0.993618,0.00136871,1.38933e-05],[1.38933e-05,8.77114e-06,0.999963,1.38933e-05],[1.38933e-05,0.561633,0.438339,1.38933e-05],[0.0603012,0.284674,0.655011,1.38933e-05],[0.950107,0.0249396,0.0081684,0.0167851],[0.911578,0.0117942,0.0707216,0.00590663],[0.645497,0.062109,0.0802411,0.212153],[0.315503,0.0970124,0.0775213,0.509964],[0.144613,0.176338,0.159567,0.519482]]},{"db":1,"id":"MA0546.1","alt":"pha-4","len":10,"ltrim":0,"rtrim":0,"nsites":1010,"url":"http://jaspar2018.genereg.net/matrix/MA0546.1","pwm":[[0.579181,0.0703092,1.91565e-05,0.350491],[0.528691,1.91565e-05,0.46631,0.00497985],[0.531661,1.91565e-05,0.0782294,0.390091],[0.0406203,1.91565e-05,0.95933,3.03435e-05],[3.03435e-05,0.402949,1.91565e-05,0.597001],[0.853411,0.14654,1.91565e-05,3.03435e-05],[0.999931,1.91565e-05,1.91565e-05,3.03435e-05],[0.999931,1.91565e-05,1.91565e-05,3.03435e-05],[3.03435e-05,0.61679,1.91565e-05,0.38316],[0.999931,1.91565e-05,1.91565e-05,3.03435e-05]]},{"db":1,"id":"MA0593.1","alt":"FOXP2","len":11,"ltrim":1,"rtrim":1,"nsites":766,"url":"http://jaspar2018.genereg.net/matrix/MA0593.1","pwm":[[0.430793,0.147526,0.248035,0.173646],[0.443846,0.00916207,0.18538,0.361612],[0.20889,2.52578e-05,0.791045,4.00078e-05],[0.077053,2.52578e-05,2.52578e-05,0.922897],[0.999909,2.52578e-05,2.52578e-05,4.00078e-05],[0.999909,2.52578e-05,2.52578e-05,4.00078e-05],[0.999909,2.52578e-05,2.52578e-05,4.00078e-05],[4.00078e-05,0.988147,2.52578e-05,0.0117875],[0.999909,2.52578e-05,2.52578e-05,4.00078e-05],[0.387717,0.201043,0.382482,0.0287573],[0.433403,0.161884,0.240203,0.16451]]},{"db":1,"id":"MA0614.1","alt":"Foxj2","len":8,"ltrim":0,"rtrim":0,"nsites":999,"url":"http://jaspar2018.genereg.net/matrix/MA0614.1","pwm":[[0.461445,1.93675e-05,0.538504,3.06776e-05],[0.0500757,0.0250419,1.93675e-05,0.924863],[0.794951,0.204999,1.93675e-05,3.06776e-05],[0.977911,1.93675e-05,1.93675e-05,0.0220505],[0.999931,1.93675e-05,1.93675e-05,3.06776e-05],[3.06776e-05,0.953924,1.93675e-05,0.0460261],[0.999931,1.93675e-05,1.93675e-05,3.06776e-05],[0.593565,0.125132,0.125132,0.156171]]},{"db":1,"id":"MA0697.1","alt":"ZIC3","len":15,"ltrim":0,"rtrim":1,"nsites":302,"url":"http://jaspar2018.genereg.net/matrix/MA0697.1","pwm":[[0.0663045,0.165572,0.53962,0.228503],[0.684749,0.134474,0.180676,0.000101456],[0.0328006,0.948348,6.40517e-05,0.0187873],[0.031765,0.922835,0.0136346,0.031765],[0.0961397,0.820753,6.40517e-05,0.083043],[0.000101456,0.999733,6.40517e-05,0.000101456],[0.000101456,0.999733,6.40517e-05,0.000101456],[0.000101456,0.69934,6.40517e-05,0.300495],[0.0895029,0.0203823,0.881886,0.00822877],[0.0185284,0.820069,0.0277049,0.133698],[0.0693095,0.100031,0.203843,0.626817],[0.0130842,6.40517e-05,0.973768,0.0130842],[0.120062,0.444917,0.0650425,0.369979],[0.0124944,0.00832532,0.884069,0.095111],[0.278616,0.392969,0.0647196,0.263696]]},{"db":1,"id":"MA0706.1","alt":"MEOX2","len":10,"ltrim":1,"rtrim":2,"nsites":23929,"url":"http://jaspar2018.genereg.net/matrix/MA0706.1","pwm":[[0.33846,0.159681,0.285553,0.216307],[0.108934,0.298614,0.500483,0.0919699],[0.0472421,0.162561,0.0206467,0.76955],[0.64967,0.244014,0.0818815,0.0244352],[0.939091,0.0309247,0.0106748,0.0193092],[0.00314027,0.0015698,0.00698078,0.988309],[0.0319171,0.167308,0.137803,0.662972],[0.81339,0.0122038,0.139327,0.0350791],[0.402591,0.141245,0.170748,0.285416],[0.247315,0.300681,0.238539,0.213465]]},{"db":1,"id":"MA0751.1","alt":"ZIC4","len":15,"ltrim":0,"rtrim":1,"nsites":7525,"url":"http://jaspar2018.genereg.net/matrix/MA0751.1","pwm":[[0.0768141,0.124121,0.548301,0.250765],[0.558063,0.150399,0.287645,0.00389402],[0.0944558,0.860561,0.0155944,0.0293887],[0.0620762,0.858322,0.0359391,0.0436625],[0.158617,0.712212,0.0581268,0.0710441],[0.00266404,0.996997,2.5714e-06,0.000336069],[0.0366596,0.959797,2.5714e-06,0.00354103],[0.00721098,0.667261,0.00180455,0.323724],[0.181684,0.0112854,0.795579,0.0114519],[0.00672298,0.638012,0.0705506,0.284714],[0.143954,0.118364,0.260399,0.477283],[0.0475264,0.00331853,0.936811,0.0123449],[0.185216,0.274664,0.15759,0.38253],[0.0119319,0.0728576,0.728878,0.186333],[0.302008,0.341325,0.101228,0.255439]]},{"db":1,"id":"MA0766.1","alt":"GATA5","len":8,"ltrim":0,"rtrim":2,"nsites":5288,"url":"http://jaspar2018.genereg.net/matrix/MA0766.1","pwm":[[0.446101,0.19289,0.0313951,0.329614],[5.79603e-06,3.65916e-06,0.999985,5.79603e-06],[0.997872,3.65916e-06,0.00211862,5.79603e-06],[5.79603e-06,3.65916e-06,3.65916e-06,0.999987],[0.759244,0.0589015,0.00965948,0.172195],[0.719858,0.0640854,0.108638,0.107419],[0.16999,0.300125,0.419241,0.110644],[0.413309,0.181009,0.320049,0.0856342]]},{"db":1,"id":"MA0842.1","alt":"NRL","len":11,"ltrim":4,"rtrim":0,"nsites":5786,"url":"http://jaspar2018.genereg.net/matrix/MA0842.1","pwm":[[0.389042,0.133427,0.212236,0.265297],[0.439086,0.105065,0.151202,0.304648],[0.34497,0.153993,0.102836,0.398201],[0.241577,0.238119,0.213582,0.306722],[0.0906807,0.199953,0.0367387,0.672628],[0.00853915,0.00392928,0.987527,5.29717e-06],[0.136914,0.839148,3.34423e-06,0.0239349],[0.0681381,0.0412776,0.0125981,0.877987],[0.0513064,0.0130261,0.761105,0.174561],[0.868628,0.0481935,0.022222,0.0609562],[0.0470145,0.571199,0.158141,0.223644]]},{"db":1,"id":"MA0845.1","alt":"FOXB1","len":11,"ltrim":0,"rtrim":0,"nsites":7303,"url":"http://jaspar2018.genereg.net/matrix/MA0845.1","pwm":[[0.327674,0.0372471,0.0260193,0.609061],[0.69706,0.0343142,0.195434,0.0731932],[0.265534,0.0291932,0.0547689,0.650504],[0.141724,0.00660556,0.836504,0.015167],[0.0244139,0.0325492,0.0153264,0.92771],[0.699809,0.279009,0.0107335,0.0104491],[0.9201,0.0286503,2.64956e-06,0.0512475],[0.95664,0.00657556,0.00657556,0.0302098],[0.00401914,0.322958,0.0149174,0.658105],[0.957444,2.64956e-06,0.0219753,0.0205779],[0.249087,0.0837615,0.0812765,0.585875]]},{"db":1,"id":"MA0846.1","alt":"FOXC2","len":12,"ltrim":0,"rtrim":1,"nsites":22189,"url":"http://jaspar2018.genereg.net/matrix/MA0846.1","pwm":[[0.402857,0.0576416,0.0204618,0.51904],[0.698608,0.0564196,0.173935,0.0710371],[0.417611,0.128451,0.115628,0.33831],[0.305154,0.0209218,0.667457,0.00646735],[0.075505,0.142082,0.0120888,0.770324],[0.745914,0.246463,0.00317286,0.00445036],[0.974649,0.0163908,0.00385985,0.00509936],[0.970303,0.00498185,0.0132348,0.0114803],[0.00150937,0.70226,0.00330886,0.292921],[0.969476,0.00478785,0.0155458,0.0101913],[0.54822,0.0860515,0.0705076,0.295221],[0.419896,0.117625,0.101165,0.361314]]},{"db":1,"id":"MA0847.1","alt":"FOXD2","len":7,"ltrim":0,"rtrim":0,"nsites":1949,"url":"http://jaspar2018.genereg.net/matrix/MA0847.1","pwm":[[0.310416,0.0272015,0.646975,0.0154079],[0.103953,0.152929,9.92767e-06,0.743108],[0.823087,0.123956,9.92767e-06,0.052946],[0.943821,0.0298514,0.0101254,0.0162009],[0.981554,9.92767e-06,9.92767e-06,0.0184258],[1.57252e-05,0.718558,0.0147932,0.266633],[0.823814,9.92767e-06,0.0984599,0.0777157]]},{"db":1,"id":"MA0848.1","alt":"FOXO4","len":7,"ltrim":0,"rtrim":0,"nsites":7060,"url":"http://jaspar2018.genereg.net/matrix/MA0848.1","pwm":[[0.236403,0.00184371,0.761748,4.3413e-06],[0.0583295,0.0116676,0.0207974,0.909205],[0.804,0.188219,0.00478667,0.0029943],[0.966736,0.0262474,0.00341769,0.00359929],[0.981735,2.74076e-06,0.0164315,0.00182932],[0.00902821,0.836773,0.00513767,0.149061],[0.988957,0.00184171,0.00184171,0.00736024]]},{"db":1,"id":"MA0849.1","alt":"FOXO6","len":7,"ltrim":0,"rtrim":0,"nsites":8470,"url":"http://jaspar2018.genereg.net/matrix/MA0849.1","pwm":[[0.170604,2.28451e-06,0.82939,3.61861e-06],[0.0213594,2.28451e-06,0.00444023,0.974198],[0.8589,0.140238,0.000858274,3.61861e-06],[0.969492,0.026913,2.28451e-06,0.00359158],[0.999992,2.28451e-06,2.28451e-06,3.61861e-06],[3.61861e-06,0.944085,0.00416824,0.051743],[0.998145,2.28451e-06,0.00184926,3.61861e-06]]},{"db":1,"id":"MA0850.1","alt":"FOXP3","len":7,"ltrim":0,"rtrim":0,"nsites":211,"url":"http://jaspar2018.genereg.net/matrix/MA0850.1","pwm":[[0.35069,9.16628e-05,0.649073,0.000145192],[0.0707827,0.183751,9.16628e-05,0.745375],[0.871633,9.16628e-05,9.16628e-05,0.128184],[0.925146,9.16628e-05,0.039547,0.0352166],[0.767055,0.0546108,0.178189,0.000145192],[0.000145192,0.747964,0.113513,0.138378],[0.921106,9.16628e-05,0.0786574,0.000145192]]},{"db":1,"id":"MA0851.1","alt":"Foxj3","len":17,"ltrim":5,"rtrim":3,"nsites":100,"url":"http://jaspar2018.genereg.net/matrix/MA0851.1","pwm":[[0.270036,0.259934,0.209984,0.260046],[0.339967,0.130063,0.309884,0.220086],[0.479827,0.190003,0.160033,0.170136],[0.509797,0.130063,0.170023,0.190116],[0.346495,0.128778,0.3266,0.198128],[0.303033,0.0102842,0.686376,0.000306194],[0.0102962,0.0201733,0.000193307,0.969337],[0.91858,0.0809206,0.000193307,0.000306194],[0.949852,0.0199755,0.000193307,0.0299795],[0.989317,0.000193307,0.000193307,0.0102962],[0.000306194,0.817558,0.000193307,0.181943],[0.989317,0.000193307,0.000193307,0.0102962],[0.781703,0.0694311,0.05954,0.0893262],[0.569737,0.0901034,0.0701234,0.270036],[0.220086,0.339854,0.259934,0.180126],[0.270036,0.269924,0.239954,0.220086],[0.242488,0.393739,0.171739,0.192033]]},{"db":1,"id":"MA0852.2","alt":"FOXK1","len":14,"ltrim":3,"rtrim":2,"nsites":1056,"url":"http://jaspar2018.genereg.net/matrix/MA0852.2","pwm":[[0.311553,0.174244,0.244313,0.269889],[0.393931,0.165723,0.255676,0.184671],[0.233909,0.134476,0.25757,0.374047],[0.135433,0.0265308,0.82191,0.0161255],[0.0568416,0.00475287,0.0416814,0.896724],[0.94975,0.035053,0.00948743,0.00571048],[0.945962,0.035053,0.0104343,0.00855121],[0.96774,0.0123282,0.00948743,0.010445],[0.00949813,0.907129,0.0113812,0.0719922],[0.961112,0.0151689,0.0113812,0.0123389],[0.484831,0.188447,0.193182,0.133539],[0.175201,0.190341,0.537846,0.0966109],[0.229174,0.254729,0.342789,0.173308],[0.267996,0.272719,0.255676,0.203608]]},{"db":1,"id":"MA0913.1","alt":"Hoxd9","len":10,"ltrim":0,"rtrim":1,"nsites":322,"url":"http://jaspar2018.genereg.net/matrix/MA0913.1","pwm":[[0.232942,0.136664,0.602357,0.0280365],[0.0476054,0.544445,0.0238147,0.384134],[0.631821,0.250796,0.117288,9.51567e-05],[0.836043,0.0086784,0.13364,0.0216405],[0.0589009,0.0317242,0.0317242,0.877651],[0.502477,0.0152833,6.00746e-05,0.482179],[0.91061,0.00944716,6.00746e-05,0.0798824],[0.932498,0.0337036,6.00746e-05,0.0337387],[0.638055,0.0855595,0.131598,0.144787],[0.425604,0.143605,0.0974658,0.333325]]},{"db":1,"id":"MA0920.1","alt":"fkh-2","len":8,"ltrim":0,"rtrim":1,"nsites":999,"url":"http://jaspar2018.genereg.net/matrix/MA0920.1","pwm":[[0.416405,1.93675e-05,0.541507,0.0420685],[0.0290278,1.93675e-05,1.93675e-05,0.970933],[0.827948,0.172002,1.93675e-05,3.06776e-05],[0.942879,1.93675e-05,1.93675e-05,0.057082],[0.999931,1.93675e-05,1.93675e-05,3.06776e-05],[0.057025,0.913928,1.93675e-05,0.0290278],[0.999931,1.93675e-05,1.93675e-05,3.06776e-05],[0.434421,0.217215,0.131137,0.217226]]},{"db":1,"id":"MA0925.1","alt":"sma-4","len":11,"ltrim":2,"rtrim":2,"nsites":1000,"url":"http://jaspar2018.genereg.net/matrix/MA0925.1","pwm":[[0.330998,0.222997,0.222997,0.223008],[0.273003,0.227997,0.299989,0.199011],[0.0330273,0.033016,0.033016,0.900941],[3.06469e-05,1.93481e-05,0.916928,0.0830223],[0.0830223,1.93481e-05,1.93481e-05,0.916939],[3.06469e-05,0.999919,1.93481e-05,3.06469e-05],[3.06469e-05,1.93481e-05,1.93481e-05,0.999931],[0.215009,1.93481e-05,0.784941,3.06469e-05],[0.0270279,0.0270166,0.835936,0.11002],[0.359995,0.241995,0.255994,0.142016],[0.217009,0.348984,0.216998,0.217009]]},{"db":1,"id":"MA0929.1","alt":"NCU00019","len":12,"ltrim":3,"rtrim":2,"nsites":1001,"url":"http://jaspar2018.genereg.net/matrix/MA0929.1","pwm":[[0.325672,0.224772,0.224772,0.224783],[0.224783,0.224772,0.224772,0.325672],[0.319999,0.127007,0.229996,0.322998],[0.149866,0.0549588,0.740205,0.0549701],[0.11102,1.93288e-05,1.93288e-05,0.888942],[0.80295,0.101009,1.93288e-05,0.096021],[0.999931,1.93288e-05,1.93288e-05,3.06163e-05],[0.89884,1.93288e-05,1.93288e-05,0.101122],[0.026002,0.520447,0.0259907,0