<!DOCTYPE HTML>
<html>
  <head>
    <meta charset="UTF-8">
    <title>SpaMo - Spaced Motif Analysis</title>
    <script type="text/javascript">
      //@JSON_VAR data
      var data = {"program":"SpaMo","version":"4.12.0","revision":"aacc9c3eb8c7b460b344d5c8aa1458097dae704d","release":"Tue Jun 27 16:22:50 2017 -0700","host":"Sudins-iMac.local","when":"Thu May 24 14:23:47 2018","cmd":["spamo","-verbosity","1","-oc","results/AHRpeaks_not-in-DHSs-withAHREs.bed-499.fa/hocomoco/spamo_out_3","-bgfile","results/AHRpeaks_not-in-DHSs-withAHREs.bed-499.fa/hocomoco/background","-primary","AGATA","results/AHRpeaks_not-in-DHSs-withAHREs.bed-499.fa/hocomoco/AHRpeaks_not-in-DHSs-withAHREs.bed-499.fa","results/AHRpeaks_not-in-DHSs-withAHREs.bed-499.fa/hocomoco/dreme_out/dreme.xml","results/AHRpeaks_not-in-DHSs-withAHREs.bed-499.fa/hocomoco/meme_out/meme.xml","results/AHRpeaks_not-in-DHSs-withAHREs.bed-499.fa/hocomoco/dreme_out/dreme.xml","/Users/filipov4/meme/db/motif_databases/HUMAN/HOCOMOCOv11_full_HUMAN_mono_meme_format.meme"],"options":{"seq_min_hit_score":7,"margin":150,"bin_size":1,"bin_pvalue_calc_range":150,"use_best_secondary":0,"seq_max_shared_fract":0.5,"seq_odds_ratio":20,"bin_pvalue_cutoff":0.05,"motif_evalue_cutoff":10,"redundant_overlap":2,"redundant_joint":0.5,"motif_pseudocount":0.1,"bgfile":"results/AHRpeaks_not-in-DHSs-withAHREs.bed-499.fa/hocomoco/background","motif_trim":0.25,"xalph":0,"seed":1,"bin_max":3},"alphabet":{"name":"DNA","like":"dna","ncore":4,"symbols":[{"symbol":"A","name":"Adenine","colour":"CC0000","complement":"T"},{"symbol":"C","name":"Cytosine","colour":"0000CC","complement":"G"},{"symbol":"G","name":"Guanine","colour":"FFB300","complement":"C"},{"symbol":"T","aliases":"U","name":"Thymine","colour":"008000","complement":"A"},{"symbol":"N","aliases":"X.","name":"Any base","equals":"ACGT"},{"symbol":"V","name":"Not T","equals":"ACG"},{"symbol":"H","name":"Not G","equals":"ACT"},{"symbol":"D","name":"Not C","equals":"AGT"},{"symbol":"B","name":"Not A","equals":"CGT"},{"symbol":"M","name":"Amino","equals":"AC"},{"symbol":"R","name":"Purine","equals":"AG"},{"symbol":"W","name":"Weak","equals":"AT"},{"symbol":"S","name":"Strong","equals":"CG"},{"symbol":"Y","name":"Pyrimidine","equals":"CT"},{"symbol":"K","name":"Keto","equals":"GT"}]},"background":[0.3192,0.1808,0.1808,0.3192],"sequence_dbs":[{"source":"results/AHRpeaks_not-in-DHSs-withAHREs.bed-499.fa/hocomoco/AHRpeaks_not-in-DHSs-withAHREs.bed-499.fa","name":"AHRpeaks_not-in-DHSs-withAHREs.bed-499","last_modified":"Thu May 24 11:14:35 2018","loaded":15,"excluded_too_short":0,"excluded_no_match":2,"excluded_ambigs":0,"excluded_similar":2,"erased_primary_matches":11}],"primary_dbs":[{"source":"results/AHRpeaks_not-in-DHSs-withAHREs.bed-499.fa/hocomoco/dreme_out/dreme.xml","name":"dreme.xml","last_modified":"Thu May 24 14:23:22 2018","loaded":0,"excluded":-1}],"secondary_dbs":[{"source":"results/AHRpeaks_not-in-DHSs-withAHREs.bed-499.fa/hocomoco/meme_out/meme.xml","name":"meme.xml","last_modified":"Thu May 24 14:23:21 2018","loaded":7,"excluded":0},{"source":"results/AHRpeaks_not-in-DHSs-withAHREs.bed-499.fa/hocomoco/dreme_out/dreme.xml","name":"dreme.xml","last_modified":"Thu May 24 14:23:22 2018","loaded":1,"excluded":1},{"source":"/Users/filipov4/meme/db/motif_databases/HUMAN/HOCOMOCOv11_full_HUMAN_mono_meme_format.meme","name":"HOCOMOCOv11_full_HUMAN_mono_meme_format","last_modified":"Wed Dec  6 21:59:30 2017","loaded":771,"excluded":0}],"secondary_motifs":[{"db":0,"id":"GTTWAATTARGTCCCAGCTAT","alt":"MEME-4","len":21,"ltrim":0,"rtrim":0,"nsites":3,"evalue":"4.5e-001","pwm":[[0.0102968,0.00583227,0.973574,0.0102968],[0.0102968,0.00583227,0.00583227,0.978039],[0.0102968,0.00583227,0.00583227,0.978039],[0.332877,0.00583227,0.00583227,0.655458],[0.978039,0.00583227,0.00583227,0.0102968],[0.978039,0.00583227,0.00583227,0.0102968],[0.0102968,0.00583227,0.00583227,0.978039],[0.0102968,0.00583227,0.00583227,0.978039],[0.978039,0.00583227,0.00583227,0.0102968],[0.655458,0.00583227,0.328413,0.0102968],[0.0102968,0.00583227,0.973574,0.0102968],[0.0102968,0.00583227,0.00583227,0.978039],[0.0102968,0.973574,0.00583227,0.0102968],[0.0102968,0.973574,0.00583227,0.0102968],[0.0102968,0.973574,0.00583227,0.0102968],[0.978039,0.00583227,0.00583227,0.0102968],[0.0102968,0.00583227,0.973574,0.0102968],[0.0102968,0.973574,0.00583227,0.0102968],[0.0102968,0.00583227,0.00583227,0.978039],[0.978039,0.00583227,0.00583227,0.0102968],[0.0102968,0.00583227,0.00583227,0.978039]]},{"db":0,"id":"RGCTTTTGCAYGRCAAADGGAACAGTSAR","alt":"MEME-1","len":29,"ltrim":0,"rtrim":0,"nsites":5,"evalue":"4.5e-006","pwm":[[0.398416,0.0035451,0.59178,0.00625882],[0.202337,0.199624,0.59178,0.00625882],[0.00625882,0.59178,0.199624,0.202337],[0.00625882,0.199624,0.0035451,0.790573],[0.00625882,0.199624,0.0035451,0.790573],[0.00625882,0.0035451,0.0035451,0.986651],[0.00625882,0.199624,0.0035451,0.790573],[0.00625882,0.0035451,0.983937,0.00625882],[0.00625882,0.983937,0.0035451,0.00625882],[0.986651,0.0035451,0.0035451,0.00625882],[0.00625882,0.59178,0.0035451,0.398416],[0.00625882,0.0035451,0.983937,0.00625882],[0.398416,0.0035451,0.59178,0.00625882],[0.202337,0.59178,0.199624,0.00625882],[0.790573,0.0035451,0.199624,0.00625882],[0.790573,0.199624,0.0035451,0.00625882],[0.986651,0.0035451,0.0035451,0.00625882],[0.398416,0.0035451,0.395702,0.202337],[0.00625882,0.0035451,0.983937,0.00625882],[0.00625882,0.199624,0.59178,0.202337],[0.986651,0.0035451,0.0035451,0.00625882],[0.790573,0.0035451,0.199624,0.00625882],[0.00625882,0.787859,0.199624,0.00625882],[0.790573,0.0035451,0.0035451,0.202337],[0.00625882,0.0035451,0.983937,0.00625882],[0.00625882,0.0035451,0.199624,0.790573],[0.00625882,0.59178,0.395702,0.00625882],[0.790573,0.0035451,0.0035451,0.202337],[0.398416,0.0035451,0.59178,0.00625882]]},{"db":2,"id":"ARNT_HUMAN.H11MO.0.B","len":9,"ltrim":1,"rtrim":1,"nsites":500,"evalue":"1.0e+000","url":"http://hocomoco.autosome.ru/motif/ARNT_HUMAN.H11MO.0.B","pwm":[[0.152033,0.283979,0.42995,0.134037],[0.138036,0.0740214,0.241988,0.545955],[0.701923,0.0300302,0.245987,0.0220594],[0.0100618,0.947847,0.00203575,0.0400558],[0.00606263,0.00203575,0.989838,0.00206343],[6.38272e-05,3.61528e-05,0.00203575,0.997864],[6.38272e-05,0.00603495,0.991838,0.00206343],[0.355993,0.525931,0.0240314,0.094045],[0.154033,0.501936,0.144007,0.200024]]},{"db":2,"id":"BARX1_HUMAN.H11MO.0.D","len":12,"ltrim":1,"rtrim":0,"nsites":461,"evalue":"1.0e+000","url":"http://hocomoco.autosome.ru/motif/BARX1_HUMAN.H11MO.0.D","pwm":[[0.0998307,0.362217,0.268961,0.268991],[0.364415,0.0130516,0.0434137,0.579119],[0.756955,0.184381,0.0455825,0.0130816],[0.958647,0.00220794,0.00871412,0.0304314],[0.0391063,0.0455825,0.297155,0.618156],[0.065131,0.0217265,0.427278,0.485864],[0.088987,0.147513,0.741744,0.0217565],[0.0456125,0.156188,0.0325701,0.76563],[0.0629623,0.041245,0.0325701,0.863223],[0.017419,0.0217265,0.0434137,0.917441],[0.147543,0.329686,0.0716072,0.451164],[0.154049,0.260286,0.0781134,0.507551]]},{"db":2,"id":"BRCA1_HUMAN.H11MO.0.D","len":9,"ltrim":1,"rtrim":0,"nsites":73,"evalue":"1.0e+000","url":"http://hocomoco.autosome.ru/motif/BRCA1_HUMAN.H11MO.0.D","pwm":[[0.144278,0.197178,0.29032,0.368224],[0.189654,0.000247333,0.275364,0.534735],[0.0284299,0.125257,0.153251,0.693062],[0.0564232,0.344387,0.481456,0.117733],[0.0284299,0.149883,0.450566,0.371121],[0.000436662,0.000247333,0.869524,0.129792],[0.000436662,0.0282406,0.000247333,0.971075],[0.000436662,0.000247333,0.000247333,0.999069],[0.0634215,0.0733721,0.827778,0.0354282]]},{"db":2,"id":"EPAS1_HUMAN.H11MO.0.B","len":9,"ltrim":1,"rtrim":1,"nsites":500,"evalue":"1.0e+000","url":"http://hocomoco.autosome.ru/motif/EPAS1_HUMAN.H11MO.0.B","pwm":[[0.230018,0.255985,0.445947,0.0680502],[0.166031,0.0700222,0.243987,0.51996],[0.865891,0.0200322,0.108015,0.00606263],[0.0200598,0.911854,0.026031,0.0420554],[0.0160606,0.0100342,0.969842,0.00406303],[6.38272e-05,3.61528e-05,0.00203575,0.997864],[6.38272e-05,3.61528e-05,0.997837,0.00206343],[0.373989,0.469942,0.0600242,0.0960446],[0.160032,0.489938,0.134009,0.216021]]},{"db":2,"id":"HXA13_HUMAN.H11MO.0.C","len":11,"ltrim":2,"rtrim":0,"nsites":17,"evalue":"1.0e+000","url":"http://hocomoco.autosome.ru/motif/HXA13_HUMAN.H11MO.0.C","pwm":[[0.188699,0.194746,0.503276,0.11328],[0.344678,0.0627633,0.371293,0.221266],[0.00186667,0.00105731,0.193031,0.804045],[0.289828,0.00105731,0.124469,0.584645],[0.0635727,0.00105731,0.00105731,0.934313],[0.262403,0.00105731,0.00105731,0.735482],[0.996019,0.00105731,0.00105731,0.00186667],[0.00186667,0.172463,0.00105731,0.824613],[0.111566,0.0627633,0.234169,0.591502],[0.00186667,0.0627633,0.762098,0.173272],[0.101282,0.189603,0.676395,0.0327197]]},{"db":2,"id":"HXD10_HUMAN.H11MO.0.D","len":10,"ltrim":0,"rtrim":0,"nsites":7,"evalue":"1.0e+000","url":"http://hocomoco.autosome.ru/motif/HXD10_HUMAN.H11MO.0.D","pwm":[[0.155947,0.0328367,0.0328367,0.77838],[0.246818,0.00254648,0.74614,0.00449577],[0.125657,0.503818,0.123707,0.246818],[0.125657,0.00254648,0.00254648,0.86925],[0.125657,0.261497,0.00254648,0.6103],[0.00449577,0.00254648,0.00254648,0.990411],[0.626929,0.00254648,0.123707,0.246818],[0.6103,0.00254648,0.261497,0.125657],[0.00449577,0.00254648,0.00254648,0.990411],[0.034786,0.0328367,0.275158,0.657219]]},{"db":2,"id":"HXD8_HUMAN.H11MO.0.D","len":11,"ltrim":1,"rtrim":3,"nsites":278,"evalue":"1.0e+000","url":"http://hocomoco.autosome.ru/motif/HXD8_HUMAN.H11MO.0.D","pwm":[[0.294973,0.154686,0.100748,0.449593],[0.55567,0.196038,0.0773753,0.170917],[0.726472,0.0288316,0.0252358,0.21946],[0.00281165,0.020741,0.0243369,0.95211],[0.341719,6.50127e-05,0.02164,0.636576],[0.309356,0.00366084,6.50127e-05,0.686918],[0.125969,0.0108525,0.765977,0.0972022],[0.0118012,0.964646,0.0117515,0.0118012],[0.443301,0.191543,0.184351,0.180805],[0.19429,0.215815,0.190644,0.399252],[0.343516,0.203229,0.196038,0.257217]]},{"db":2,"id":"IKZF1_HUMAN.H11MO.0.C","len":8,"ltrim":0,"rtrim":0,"nsites":60,"evalue":"1.0e+000","url":"http://hocomoco.autosome.ru/motif/IKZF1_HUMAN.H11MO.0.C","pwm":[[0.0429053,0.285903,0.237596,0.433595],[0.05816,0.0884392,0.000300832,0.8531],[0.0564651,0.000300832,0.942703,0.000531114],[0.0191758,0.0308103,0.949483,0.000531114],[0.000531114,0.0172505,0.981687,0.000531114],[0.84971,0.000300832,0.149458,0.000531114],[0.32088,0.0308103,0.532521,0.115789],[0.415798,0.0392851,0.368109,0.176808]]},{"db":2,"id":"LEF1_HUMAN.H11MO.0.A","len":14,"ltrim":1,"rtrim":1,"nsites":456,"evalue":"1.0e+000","url":"http://hocomoco.autosome.ru/motif/LEF1_HUMAN.H11MO.0.A","pwm":[[0.0768075,0.260947,0.274102,0.388143],[0.0329575,0.635865,0.18421,0.146968],[0.01761,0.708218,0.0131947,0.260978],[0.12285,0.0460822,0.0197722,0.811296],[0.00226249,0.138167,0.0351197,0.824451],[0.00226249,0.0131947,0.0329272,0.951616],[0.04392,0.425385,0.519663,0.0110325],[0.45611,0.138167,0.0153872,0.390335],[0.278518,0.16667,0.1579,0.396913],[0.285095,0.190787,0.20175,0.322368],[0.0417275,0.129397,0.14913,0.679745],[0.039535,0.311375,0.383727,0.265363],[0.116273,0.460465,0.0899322,0.33333],[0.313598,0.221482,0.103087,0.361833]]},{"db":2,"id":"MAFG_HUMAN.H11MO.0.A","len":18,"ltrim":1,"rtrim":0,"nsites":430,"evalue":"1.0e+000","url":"http://hocomoco.autosome.ru/motif/MAFG_HUMAN.H11MO.0.A","pwm":[[0.395331,0.127919,0.309272,0.167477],[0.492983,0.0488679,0.18837,0.269779],[0.59761,0.0116672,0.0860685,0.304655],[0.495308,0.0395677,0.0372427,0.427882],[0.255829,0.262772,0.209296,0.272104],[0.0582002,0.0721183,0.0093422,0.860339],[7.42152e-05,4.20368e-05,0.99981,7.42152e-05],[0.0302997,0.962609,0.00236708,0.0047243],[0.0047243,0.0093422,4.20368e-05,0.985891],[7.42152e-05,4.20368e-05,0.992834,0.00704934],[0.997517,4.20368e-05,0.00236708,7.42152e-05],[0.0209996,0.553402,0.413899,0.0116994],[0.0489001,0.0302676,0.0139923,0.90684],[0.0837757,0.813806,0.0511929,0.0512251],[0.813838,4.20368e-05,0.109319,0.0768006],[0.0302997,4.20368e-05,0.837057,0.132602],[0.0163495,0.899833,0.0721183,0.0116994],[0.709212,0.0442178,0.100019,0.146552]]},{"db":2,"id":"MAFK_HUMAN.H11MO.0.A","len":18,"ltrim":1,"rtrim":0,"nsites":431,"evalue":"1.0e+000","url":"http://hocomoco.autosome.ru/motif/MAFK_HUMAN.H11MO.0.A","pwm":[[0.482561,0.113705,0.255203,0.148531],[0.508077,0.0742707,0.225048,0.192605],[0.584625,0.0394759,0.0696314,0.306268],[0.519675,0.0487545,0.032517,0.399053],[0.296989,0.201851,0.157778,0.343382],[0.0511063,0.0371563,0.00700088,0.904737],[7.40431e-05,0.00932053,0.990531,7.40431e-05],[0.0627045,0.93254,4.19393e-05,0.00471334],[0.00703299,0.0116402,4.19393e-05,0.981285],[0.00935263,0.00236159,0.965015,0.0232705],[0.972006,0.00236159,0.00236159,0.0232705],[0.0325491,0.431496,0.480209,0.0557456],[0.085901,0.0209188,0.0162795,0.876901],[0.0951796,0.80032,0.0278777,0.0766224],[0.839786,0.00468123,0.0812296,0.0743028],[0.0255902,0.0487545,0.630986,0.294669],[0.0487866,0.742329,0.14154,0.0673438],[0.610141,0.139221,0.0997868,0.150851]]},{"db":2,"id":"NANOG_HUMAN.H11MO.0.A","len":17,"ltrim":1,"rtrim":1,"nsites":499,"evalue":"1.0e+000","url":"http://hocomoco.autosome.ru/motif/NANOG_HUMAN.H11MO.0.A","pwm":[[0.128295,0.258501,0.280541,0.332663],[0.0441433,0.486913,0.178357,0.290587],[0.0882226,0.510956,0.0701625,0.330659],[0.306616,0.0441156,0.0601444,0.589124],[0.0120856,0.0601444,0.042112,0.885658],[0.0681866,0.00805065,0.0381047,0.885658],[0.110262,0.248483,0.589097,0.0521577],[0.376742,0.042112,0.0361011,0.545045],[0.230479,0.260505,0.192382,0.316634],[0.807517,0.0340975,0.0401084,0.118277],[0.0681866,0.0140615,0.0300903,0.887662],[0.0261108,0.0180687,0.811497,0.144324],[0.0281144,0.635179,0.116245,0.220461],[0.68129,0.0320939,0.0160651,0.270551],[0.663258,0.0501264,0.240469,0.0461469],[0.805514,0.0481228,0.0681588,0.0782046],[0.140316,0.150307,0.200397,0.50898]]},{"db":2,"id":"PO5F1_HUMAN.H11MO.0.A","len":16,"ltrim":0,"rtrim":0,"nsites":500,"evalue":"1.0e+000","url":"http://hocomoco.autosome.ru/motif/PO5F1_HUMAN.H11MO.0.A","pwm":[[0.0520534,0.519932,0.193997,0.234017],[0.074049,0.52993,0.0800202,0.316001],[0.389986,0.0440274,0.0400282,0.525959],[0.0200598,0.0640234,0.0240314,0.891885],[0.0720494,0.0220318,0.0280306,0.877888],[0.104043,0.313973,0.515933,0.0660506],[0.379988,0.036029,0.0320298,0.551953],[0.176029,0.249986,0.100016,0.473969],[0.883887,0.0200322,0.0320298,0.064051],[0.014061,0.00203575,0.016033,0.96787],[0.0120614,0.00803455,0.921852,0.0580522],[0.014061,0.759884,0.0940174,0.132037],[0.789906,0.0200322,0.0300302,0.160032],[0.61994,0.0600242,0.253985,0.0660506],[0.829898,0.036029,0.0680226,0.0660506],[0.160032,0.138009,0.122012,0.579948]]},{"db":2,"id":"SOX2_HUMAN.H11MO.1.A","len":16,"ltrim":1,"rtrim":0,"nsites":500,"evalue":"1.0e+000","url":"http://hocomoco.autosome.ru/motif/SOX2_HUMAN.H11MO.1.A","pwm":[[0.0780482,0.271982,0.267983,0.381987],[0.0280582,0.63191,0.150006,0.190026],[0.034057,0.677901,0.0180326,0.27001],[0.381987,0.0440274,0.0140334,0.559952],[0.00206343,0.016033,0.00603495,0.975869],[0.00806223,3.61528e-05,0.00403535,0.987866],[0.0520534,0.233989,0.695897,0.0180602],[0.198024,0.00803455,0.0180326,0.775909],[0.132037,0.27998,0.176001,0.411981],[0.507962,0.199996,0.0440274,0.248014],[0.0620514,0.0600242,0.0340294,0.843895],[0.0160606,0.189998,0.589918,0.204023],[0.0600518,0.533929,0.106015,0.300004],[0.525959,0.106015,0.096017,0.272009],[0.421979,0.140008,0.245987,0.192025],[0.631937,0.116013,0.0620238,0.190026]]},{"db":2,"id":"SPI1_HUMAN.H11MO.0.A","len":17,"ltrim":1,"rtrim":2,"nsites":500,"evalue":"1.0e+000","url":"http://hocomoco.autosome.ru/motif/SPI1_HUMAN.H11MO.0.A","pwm":[[0.423979,0.203995,0.253985,0.11804],[0.491965,0.100016,0.32997,0.0780482],[0.685927,0.0440274,0.168003,0.102043],[0.771909,0.0280306,0.126011,0.074049],[0.651933,0.0140334,0.118013,0.216021],[0.148034,0.0680226,0.753885,0.0300578],[0.721919,0.0480266,0.223991,0.00606263],[0.0580522,3.61528e-05,0.941848,6.38272e-05],[0.00206343,3.61528e-05,0.997837,6.38272e-05],[0.999864,3.61528e-05,3.61528e-05,6.38272e-05],[0.997864,3.61528e-05,3.61528e-05,0.00206343],[0.0360566,0.170002,0.793877,6.38272e-05],[0.0680502,0.0520258,0.0400282,0.839896],[0.0420554,0.122012,0.815873,0.0200598],[0.453973,0.122012,0.33197,0.0920454],[0.359992,0.182,0.317973,0.140036],[0.397984,0.13001,0.257985,0.214021]]}],"sequence_names":["chr12:124723400-124723899","chr12:77073250-77074049","chr17:78690100-78690649","chr2:43826650-43827199","chr4:131057400-131058299","chr4:24861800-24862399"],"primaries":[{"motif":{"db":0,"id":"AGATA","alt":"DREME-1","len":5,"ltrim":0,"rtrim":0,"nsites":14,"evalue":"1.9e-002","pwm":[[0.995172,0.00128227,0.00128227,0.00226383],[0.00226383,0.00128227,0.99419,0.00226383],[0.995172,0.00128227,0.00128227,0.00226383],[0.00226383,0.00128227,0.00128227,0.995172],[0.995172,0.00128227,0.00128227,0.00226383]]},"secondaries":[[{"idx":0,"counts":[[0,0,0,0,0,0,0,0,0,0,0,0,0,0,0,0,0,0,0,0,0,0,0,0,0,0,0,0,0,0,0,0,0,0,0,0,0,0,0,0,0,0,0,0,0,0,0,0,0,0,0,0,0,0,0,0,0,0,0,0,0,0,0,0,0,0,0,0,0,0,0,0,0,0,0,0,0,0,0,0,0,0,0,0,0,0,0,0,0,0,0,0,0,0,0,0,0,0,0,0,0,0,0,0,0,0,0,0,0,0,0,0,0,0,0,0,0,0,0,0,0,0,0,0,0,0,0,0,0,0,0],[0,0,0,0,0,0,0,0,0,0,0,0,0,0,0,0,0,0,0,0,0,0,0,0,0,0,0,0,0,0,0,0,0,0,0,0,0,0,0,0,0,0,0,0,0,0,0,0,0,0,0,0,0,0,0,0,0,0,0,0,0,0,0,0,0,0,0,0,0,0,0,0,0,0,0,0,0,0,0,0,0,0,0,0,0,0,0,0,0,0,0,0,0,0,0,0,0,0,0,0,0,0,0,0,0,0,0,0,0,0,0,0,0,0,0,0,0,0,0,0,0,0,0,0,0,0,0,0,0,0,0],[0,0,0,0,0,0,0,0,0,0,0,0,0,0,0,0,0,0,0,0,0,0,0,0,0,0,0,0,0,0,0,0,0,0,0,0,0,0,0,0,0,0,0,0,0,0,0,0,0,0,0,0,0,0,0,0,0,0,0,0,0,0,0,0,0,0,0,0,0,0,0,0,0,0,0,0,0,0,0,0,0,0,0,0,0,0,0,0,0,0,0,0,0,0,0,0,0,0,0,0,0,0,0,0,0,0,0,0,0,0,0,0,0,0,0,0,0,0,0,0,0,0,0,0,0,0,0,0,0,0,0],[0,3,0,0,0,0,0,0,0,0,0,0,0,0,0,0,0,0,0,0,0,0,0,0,0,0,0,0,0,0,0,0,0,0,0,0,0,0,0,0,0,0,0,0,0,0,0,0,0,0,0,0,0,0,0,0,0,0,0,0,0,0,0,0,0,0,0,0,0,0,0,0,0,0,0,0,0,0,0,0,0,0,0,0,0,0,0,1,0,0,0,0,0,0,0,0,0,0,0,0,0,0,0,0,0,0,0,0,0,0,0,0,0,0,0,0,0,0,0,0,0,0,0,0,0,0,0,0,0,0,0]],"spacings":[{"orient":3,"bin":1,"pvalue":2.84069e-08,"inferred_pwm":[[0,0.333333,0.666667,0],[0,0,0,1],[0,0,0,1],[0.333333,0,0,0.666667],[1,0,0,0],[1,0,0,0],[0,0.333333,0,0.666667],[0,0,0,1],[1,0,0,0],[1,0,0,0],[0,0,1,0],[0,0,0,1],[0,1,0,0],[0,1,0,0],[0,1,0,0],[1,0,0,0],[0.333333,0,0.666667,0],[0,1,0,0],[0,0,0,1],[1,0,0,0],[0,0,0,1]],"alignment_pwm":[null,null,null,[[0,0.666667,0.333333,0],[0.666667,0,0,0.333333],[0.666667,0,0.333333,0],[0.333333,0,0.666667,0],[0.666667,0.333333,0,0],[0.666667,0.333333,0,0],[0.333333,0.666667,0,0],[0.333333,0.333333,0,0.333333],[0,0.666667,0.333333,0],[1,0,0,0],[1,0,0,0],[0.666667,0.333333,0,0],[0.666667,0.333333,0,0],[0,0.333333,0.666667,0],[0.333333,0.666667,0,0],[1,0,0,0],[1,0,0,0],[1,0,0,0],[0,0,0.333333,0.666667],[0.333333,0.333333,0.333333,0],[0.333333,0.666667,0,0],[1,0,0,0],[1,0,0,0],[0,0,0,1],[0.666667,0,0,0.333333],[1,0,0,0],[1,0,0,0],[1,0,0,0],[1,0,0,0],[0,1,0,0],[1,0,0,0],[0.666667,0,0.333333,0],[1,0,0,0],[0,0,1,0],[1,0,0,0],[0,0,0,1],[1,0,0,0],[1,0,0,0],[1,0,0,0],[0,0,0,1],[1,0,0,0],[0,0,1,0],[0,0.666667,0,0.333333],[0,0,0,1],[0,0,1,0],[0,0,1,0],[0,0,1,0],[1,0,0,0],[0,1,0,0],[0,0,0,1],[0,0,0,1],[1,0,0,0],[0.666667,0,0.333333,0],[0,0,0,1],[0,0,0,1],[0.666667,0,0,0.333333],[1,0,0,0],[1,0,0,0],[0,0.666667,0.333333,0],[0,0.333333,0,0.666667],[1,0,0,0],[1,0,0,0],[1,0,0,0],[0,0,1,0],[0.666667,0,0.333333,0],[0,0.333333,0.666667,0],[0,1,0,0],[0,0,0,1],[0,0,0,1]]],"seqs":[2,3,4]},{"orient":5,"bin":1,"pvalue":2.26927e-07,"inferred_pwm":[[0,0.333333,0.666667,0],[0,0,0,1],[0,0,0,1],[0.333333,0,0,0.666667],[1,0,0,0],[1,0,0,0],[0,0.333333,0,0.666667],[0,0,0,1],[1,0,0,0],[1,0,0,0],[0,0,1,0],[0,0,0,1],[0,1,0,0],[0,1,0,0],[0,1,0,0],[1,0,0,0],[0.333333,0,0.666667,0],[0,1,0,0],[0,0,0,1],[1,0,0,0],[0,0,0,1]],"alignment_pwm":[null,null,null,[[0,0.666667,0.333333,0],[0.666667,0,0,0.333333],[0.666667,0,0.333333,0],[0.333333,0,0.666667,0],[0.666667,0.333333,0,0],[0.666667,0.333333,0,0],[0.333333,0.666667,0,0],[0.333333,0.333333,0,0.333333],[0,0.666667,0.333333,0],[1,0,0,0],[1,0,0,0],[0.666667,0.333333,0,0],[0.666667,0.333333,0,0],[0,0.333333,0.666667,0],[0.333333,0.666667,0,0],[1,0,0,0],[1,0,0,0],[1,0,0,0],[0,0,0.333333,0.666667],[0.333333,0.333333,0.333333,0],[0.333333,0.666667,0,0],[1,0,0,0],[1,0,0,0],[0,0,0,1],[0.666667,0,0,0.333333],[1,0,0,0],[1,0,0,0],[1,0,0,0],[1,0,0,0],[0,1,0,0],[1,0,0,0],[0.666667,0,0.333333,0],[1,0,0,0],[0,0,1,0],[1,0,0,0],[0,0,0,1],[1,0,0,0],[1,0,0,0],[1,0,0,0],[0,0,0,1],[1,0,0,0],[0,0,1,0],[0,0.666667,0,0.333333],[0,0,0,1],[0,0,1,0],[0,0,1,0],[0,0,1,0],[1,0,0,0],[0,1,0,0],[0,0,0,1],[0,0,0,1],[1,0,0,0],[0.666667,0,0.333333,0],[0,0,0,1],[0,0,0,1],[0.666667,0,0,0.333333],[1,0,0,0],[1,0,0,0],[0,0.666667,0.333333,0],[0,0.333333,0,0.666667],[1,0,0,0],[1,0,0,0],[1,0,0,0],[0,0,1,0],[0.666667,0,0.333333,0],[0,0.333333,0.666667,0],[0,1,0,0],[0,0,0,1],[0,0,0,1]]],"seqs":[2,3,4]},{"orient":7,"bin":1,"pvalue":2.26927e-07,"inferred_pwm":[[0,0.333333,0.666667,0],[0,0,0,1],[0,0,0,1],[0.333333,0,0,0.666667],[1,0,0,0],[1,0,0,0],[0,0.333333,0,0.666667],[0,0,0,1],[1,0,0,0],[1,0,0,0],[0,0,1,0],[0,0,0,1],[0,1,0,0],[0,1,0,0],[0,1,0,0],[1,0,0,0],[0.333333,0,0.666667,0],[0,1,0,0],[0,0,0,1],[1,0,0,0],[0,0,0,1]],"alignment_pwm":[null,null,null,[[0,0.666667,0.333333,0],[0.666667,0,0,0.333333],[0.666667,0,0.333333,0],[0.333333,0,0.666667,0],[0.666667,0.333333,0,0],[0.666667,0.333333,0,0],[0.333333,0.666667,0,0],[0.333333,0.333333,0,0.333333],[0,0.666667,0.333333,0],[1,0,0,0],[1,0,0,0],[0.666667,0.333333,0,0],[0.666667,0.333333,0,0],[0,0.333333,0.666667,0],[0.333333,0.666667,0,0],[1,0,0,0],[1,0,0,0],[1,0,0,0],[0,0,0.333333,0.666667],[0.333333,0.333333,0.333333,0],[0.333333,0.666667,0,0],[1,0,0,0],[1,0,0,0],[0,0,0,1],[0.666667,0,0,0.333333],[1,0,0,0],[1,0,0,0],[1,0,0,0],[1,0,0,0],[0,1,0,0],[1,0,0,0],[0.666667,0,0.333333,0],[1,0,0,0],[0,0,1,0],[1,0,0,0],[0,0,0,1],[1,0,0,0],[1,0,0,0],[1,0,0,0],[0,0,0,1],[1,0,0,0],[0,0,1,0],[0,0.666667,0,0.333333],[0,0,0,1],[0,0,1,0],[0,0,1,0],[0,0,1,0],[1,0,0,0],[0,1,0,0],[0,0,0,1],[0,0,0,1],[1,0,0,0],[0.666667,0,0.333333,0],[0,0,0,1],[0,0,0,1],[0.666667,0,0,0.333333],[1,0,0,0],[1,0,0,0],[0,0.666667,0.333333,0],[0,0.333333,0,0.666667],[1,0,0,0],[1,0,0,0],[1,0,0,0],[0,0,1,0],[0.666667,0,0.333333,0],[0,0.333333,0.666667,0],[0,1,0,0],[0,0,0,1],[0,0,0,1]]],"seqs":[2,3,4]},{"orient":8,"bin":1,"pvalue":1.81016e-06,"inferred_pwm":[[0,0.333333,0.666667,0],[0,0,0,1],[0,0,0,1],[0.333333,0,0,0.666667],[1,0,0,0],[1,0,0,0],[0,0.333333,0,0.666667],[0,0,0,1],[1,0,0,0],[1,0,0,0],[0,0,1,0],[0,0,0,1],[0,1,0,0],[0,1,0,0],[0,1,0,0],[1,0,0,0],[0.333333,0,0.666667,0],[0,1,0,0],[0,0,0,1],[1,0,0,0],[0,0,0,1]],"alignment_pwm":[null,null,null,[[0,0.666667,0.333333,0],[0.666667,0,0,0.333333],[0.666667,0,0.333333,0],[0.333333,0,0.666667,0],[0.666667,0.333333,0,0],[0.666667,0.333333,0,0],[0.333333,0.666667,0,0],[0.333333,0.333333,0,0.333333],[0,0.666667,0.333333,0],[1,0,0,0],[1,0,0,0],[0.666667,0.333333,0,0],[0.666667,0.333333,0,0],[0,0.333333,0.666667,0],[0.333333,0.666667,0,0],[1,0,0,0],[1,0,0,0],[1,0,0,0],[0,0,0.333333,0.666667],[0.333333,0.333333,0.333333,0],[0.333333,0.666667,0,0],[1,0,0,0],[1,0,0,0],[0,0,0,1],[0.666667,0,0,0.333333],[1,0,0,0],[1,0,0,0],[1,0,0,0],[1,0,0,0],[0,1,0,0],[1,0,0,0],[0.666667,0,0.333333,0],[1,0,0,0],[0,0,1,0],[1,0,0,0],[0,0,0,1],[1,0,0,0],[1,0,0,0],[1,0,0,0],[0,0,0,1],[1,0,0,0],[0,0,1,0],[0,0.666667,0,0.333333],[0,0,0,1],[0,0,1,0],[0,0,1,0],[0,0,1,0],[1,0,0,0],[0,1,0,0],[0,0,0,1],[0,0,0,1],[1,0,0,0],[0.666667,0,0.333333,0],[0,0,0,1],[0,0,0,1],[0.666667,0,0,0.333333],[1,0,0,0],[1,0,0,0],[0,0.666667,0.333333,0],[0,0.333333,0,0.666667],[1,0,0,0],[1,0,0,0],[1,0,0,0],[0,0,1,0],[0.666667,0,0.333333,0],[0,0.333333,0.666667,0],[0,1,0,0],[0,0,0,1],[0,0,0,1]]],"seqs":[2,3,4]}]}],[{"idx":14,"counts":[[0,0,0,0,0,0,0,0,0,0,0,0,0,0,0,0,0,0,0,0,0,0,0,0,0,0,0,0,0,0,0,0,0,0,0,0,0,0,0,0,0,0,0,0,0,0,0,0,0,0,0,0,0,0,0,0,0,0,0,0,0,0,0,0,0,0,0,0,0,0,0,0,0,0,0,0,0,0,0,0,0,0,0,0,0,0,0,0,0,0,0,0,0,0,0,0,0,0,0,0,0,0,0,0,0,0,0,0,0,0,0,0,0,0,0,0,0,0,0,0,0,0,0,0,0,0,0,0,0,0,0,0,0,0,0,0],[0,0,0,0,0,0,0,0,0,0,0,0,0,0,0,0,0,0,0,0,0,0,0,0,0,0,0,0,0,0,0,0,0,0,0,0,0,0,0,0,0,0,0,0,0,0,0,0,0,0,0,0,0,0,0,0,0,0,0,0,0,0,0,0,0,0,0,0,0,0,0,0,0,0,0,0,0,0,0,0,0,0,0,0,0,0,0,0,0,0,0,1,0,0,0,0,0,0,0,0,0,0,0,0,0,0,0,0,0,0,0,0,0,0,0,0,0,0,0,0,0,0,0,0,0,0,0,0,0,0,0,0,0,0,0,0],[0,0,0,0,0,0,0,0,0,0,0,0,0,0,0,0,0,0,0,0,0,0,0,0,0,0,0,0,0,0,0,0,0,0,0,0,0,0,0,0,0,0,0,0,0,0,0,0,0,0,0,0,0,0,0,0,0,0,0,0,0,0,0,0,0,0,0,0,0,0,0,0,0,0,0,0,0,0,0,0,0,0,0,0,0,0,0,0,0,0,0,0,0,0,0,0,0,0,0,0,0,0,0,0,0,0,0,0,0,0,0,0,0,0,1,0,0,0,0,0,0,0,0,0,0,0,0,0,0,0,0,0,0,0,0,0],[0,0,0,0,0,0,0,0,0,0,0,0,0,0,0,0,0,0,0,0,0,0,0,0,0,0,0,0,0,0,3,0,0,0,0,0,0,0,0,0,0,0,0,0,0,0,0,0,0,0,0,0,0,0,0,0,0,0,0,0,0,0,0,0,0,0,0,0,0,0,0,0,0,0,0,0,0,0,0,0,0,0,0,0,0,0,0,0,0,0,0,0,0,0,0,0,0,0,0,0,0,0,0,0,0,0,0,0,0,0,0,0,0,0,0,0,1,0,0,0,0,0,0,0,0,0,0,0,0,0,0,0,0,0,0,0]],"spacings":[{"orient":3,"bin":30,"pvalue":1.26485e-07,"inferred_pwm":[[0,0.666667,0,0.333333],[0,0.333333,0,0.666667],[0,0,0,1],[0,0,0,1],[0,0,0,1],[0,0,1,0],[0,0.666667,0,0.333333],[0,1,0,0],[0.333333,0,0.666667,0],[0,0,0,1],[0,0,1,0],[0,1,0,0],[1,0,0,0],[1,0,0,0],[1,0,0,0],[1,0,0,0]],"alignment_pwm":[null,null,null,[[0,0,0.333333,0.666667],[0.333333,0,0.666667,0],[0,0.333333,0.666667,0],[0.333333,0.333333,0,0.333333],[0,0,0,1],[0,0,0,1],[0.666667,0,0.333333,0],[0,0,1,0],[0,0.333333,0.666667,0],[0,0.666667,0,0.333333],[0.666667,0,0,0.333333],[1,0,0,0],[0,0,1,0],[0,0,1,0],[0.666667,0.333333,0,0],[0.333333,0,0,0.666667],[0.333333,0.333333,0,0.333333],[0,0,0.333333,0.666667],[0,0.666667,0.333333,0],[1,0,0,0],[0,0,0,1],[0,0,0.666667,0.333333],[0.666667,0,0,0.333333],[0,0.666667,0.333333,0],[0,0.666667,0.333333,0],[0.666667,0,0,0.333333],[0.666667,0,0.333333,0],[0.333333,0,0.666667,0],[0.666667,0.333333,0,0],[0.666667,0.333333,0,0],[0.333333,0.666667,0,0],[0.333333,0.333333,0,0.333333],[0,0.666667,0.333333,0],[1,0,0,0],[1,0,0,0],[0.666667,0.333333,0,0],[0.666667,0.333333,0,0],[0,0.333333,0.666667,0],[0.333333,0.666667,0,0],[1,0,0,0],[1,0,0,0],[1,0,0,0],[0,0,0.333333,0.666667],[0.333333,0.333333,0.333333,0],[0.333333,0.666667,0,0],[1,0,0,0],[1,0,0,0],[0,0,0,1],[0.666667,0,0,0.333333],[1,0,0,0],[1,0,0,0],[1,0,0,0],[1,0,0,0],[0,1,0,0],[1,0,0,0],[0.666667,0,0.333333,0],[1,0,0,0],[0,0,1,0],[1,0,0,0],[0,0,0,1],[1,0,0,0],[1,0,0,0],[1,0,0,0],[0,0,0,1],[1,0,0,0],[0,0,1,0],[0,0.666667,0,0.333333],[0,0,0,1],[0,0,1,0],[0,0,1,0],[0,0,1,0],[1,0,0,0],[0,1,0,0],[0,0,0,1],[0,0,0,1],[1,0,0,0],[0.666667,0,0.333333,0],[0,0,0,1],[0,0,0,1],[0.666667,0,0,0.333333],[1,0,0,0],[1,0,0,0],[0,0.666667,0.333333,0],[0,0.333333,0,0.666667],[1,0,0,0],[1,0,0,0],[1,0,0,0],[0,0,1,0],[0.666667,0,0.333333,0],[0,0.333333,0.666667,0],[0,1,0,0],[0,0,0,1],[0,0,0,1],[0,0,0,1],[0,0,0,1],[0,0,1,0],[0,1,0,0],[1,0,0,0],[0,0.666667,0,0.333333],[0,0,1,0],[0.333333,0,0.666667,0],[0,1,0,0],[1,0,0,0],[1,0,0,0],[1,0,0,0],[0.666667,0,0.333333,0],[0.333333,0,0.666667,0],[0.333333,0,0.666667,0],[0.666667,0.333333,0,0],[1,0,0,0],[0,0.666667,0.333333,0],[0.666667,0,0,0.333333],[0,0.333333,0.666667,0],[0.333333,0,0,0.666667],[0,0.666667,0.333333,0],[0.666667,0.333333,0,0],[0.333333,0,0.666667,0]]],"seqs":[2,3,4]},{"orient":5,"bin":30,"pvalue":1.00766e-06,"inferred_pwm":[[0,0.666667,0,0.333333],[0,0.333333,0,0.666667],[0,0,0,1],[0,0,0,1],[0,0,0,1],[0,0,1,0],[0,0.666667,0,0.333333],[0,1,0,0],[0.333333,0,0.666667,0],[0,0,0,1],[0,0,1,0],[0,1,0,0],[1,0,0,0],[1,0,0,0],[1,0,0,0],[1,0,0,0]],"alignment_pwm":[null,null,null,[[0,0,0.333333,0.666667],[0.333333,0,0.666667,0],[0,0.333333,0.666667,0],[0.333333,0.333333,0,0.333333],[0,0,0,1],[0,0,0,1],[0.666667,0,0.333333,0],[0,0,1,0],[0,0.333333,0.666667,0],[0,0.666667,0,0.333333],[0.666667,0,0,0.333333],[1,0,0,0],[0,0,1,0],[0,0,1,0],[0.666667,0.333333,0,0],[0.333333,0,0,0.666667],[0.333333,0.333333,0,0.333333],[0,0,0.333333,0.666667],[0,0.666667,0.333333,0],[1,0,0,0],[0,0,0,1],[0,0,0.666667,0.333333],[0.666667,0,0,0.333333],[0,0.666667,0.333333,0],[0,0.666667,0.333333,0],[0.666667,0,0,0.333333],[0.666667,0,0.333333,0],[0.333333,0,0.666667,0],[0.666667,0.333333,0,0],[0.666667,0.333333,0,0],[0.333333,0.666667,0,0],[0.333333,0.333333,0,0.333333],[0,0.666667,0.333333,0],[1,0,0,0],[1,0,0,0],[0.666667,0.333333,0,0],[0.666667,0.333333,0,0],[0,0.333333,0.666667,0],[0.333333,0.666667,0,0],[1,0,0,0],[1,0,0,0],[1,0,0,0],[0,0,0.333333,0.666667],[0.333333,0.333333,0.333333,0],[0.333333,0.666667,0,0],[1,0,0,0],[1,0,0,0],[0,0,0,1],[0.666667,0,0,0.333333],[1,0,0,0],[1,0,0,0],[1,0,0,0],[1,0,0,0],[0,1,0,0],[1,0,0,0],[0.666667,0,0.333333,0],[1,0,0,0],[0,0,1,0],[1,0,0,0],[0,0,0,1],[1,0,0,0],[1,0,0,0],[1,0,0,0],[0,0,0,1],[1,0,0,0],[0,0,1,0],[0,0.666667,0,0.333333],[0,0,0,1],[0,0,1,0],[0,0,1,0],[0,0,1,0],[1,0,0,0],[0,1,0,0],[0,0,0,1],[0,0,0,1],[1,0,0,0],[0.666667,0,0.333333,0],[0,0,0,1],[0,0,0,1],[0.666667,0,0,0.333333],[1,0,0,0],[1,0,0,0],[0,0.666667,0.333333,0],[0,0.333333,0,0.666667],[1,0,0,0],[1,0,0,0],[1,0,0,0],[0,0,1,0],[0.666667,0,0.333333,0],[0,0.333333,0.666667,0],[0,1,0,0],[0,0,0,1],[0,0,0,1],[0,0,0,1],[0,0,0,1],[0,0,1,0],[0,1,0,0],[1,0,0,0],[0,0.666667,0,0.333333],[0,0,1,0],[0.333333,0,0.666667,0],[0,1,0,0],[1,0,0,0],[1,0,0,0],[1,0,0,0],[0.666667,0,0.333333,0],[0.333333,0,0.666667,0],[0.333333,0,0.666667,0],[0.666667,0.333333,0,0],[1,0,0,0],[0,0.666667,0.333333,0],[0.666667,0,0,0.333333],[0,0.333333,0.666667,0],[0.333333,0,0,0.666667],[0,0.666667,0.333333,0],[0.666667,0.333333,0,0],[0.333333,0,0.666667,0]]],"seqs":[2,3,4]},{"orient":7,"bin":30,"pvalue":1.00766e-06,"inferred_pwm":[[0,0.666667,0,0.333333],[0,0.333333,0,0.666667],[0,0,0,1],[0,0,0,1],[0,0,0,1],[0,0,1,0],[0,0.666667,0,0.333333],[0,1,0,0],[0.333333,0,0.666667,0],[0,0,0,1],[0,0,1,0],[0,1,0,0],[1,0,0,0],[1,0,0,0],[1,0,0,0],[1,0,0,0]],"alignment_pwm":[null,null,null,[[0,0,0.333333,0.666667],[0.333333,0,0.666667,0],[0,0.333333,0.666667,0],[0.333333,0.333333,0,0.333333],[0,0,0,1],[0,0,0,1],[0.666667,0,0.333333,0],[0,0,1,0],[0,0.333333,0.666667,0],[0,0.666667,0,0.333333],[0.666667,0,0,0.333333],[1,0,0,0],[0,0,1,0],[0,0,1,0],[0.666667,0.333333,0,0],[0.333333,0,0,0.666667],[0.333333,0.333333,0,0.333333],[0,0,0.333333,0.666667],[0,0.666667,0.333333,0],[1,0,0,0],[0,0,0,1],[0,0,0.666667,0.333333],[0.666667,0,0,0.333333],[0,0.666667,0.333333,0],[0,0.666667,0.333333,0],[0.666667,0,0,0.333333],[0.666667,0,0.333333,0],[0.333333,0,0.666667,0],[0.666667,0.333333,0,0],[0.666667,0.333333,0,0],[0.333333,0.666667,0,0],[0.333333,0.333333,0,0.333333],[0,0.666667,0.333333,0],[1,0,0,0],[1,0,0,0],[0.666667,0.333333,0,0],[0.666667,0.333333,0,0],[0,0.333333,0.666667,0],[0.333333,0.666667,0,0],[1,0,0,0],[1,0,0,0],[1,0,0,0],[0,0,0.333333,0.666667],[0.333333,0.333333,0.333333,0],[0.333333,0.666667,0,0],[1,0,0,0],[1,0,0,0],[0,0,0,1],[0.666667,0,0,0.333333],[1,0,0,0],[1,0,0,0],[1,0,0,0],[1,0,0,0],[0,1,0,0],[1,0,0,0],[0.666667,0,0.333333,0],[1,0,0,0],[0,0,1,0],[1,0,0,0],[0,0,0,1],[1,0,0,0],[1,0,0,0],[1,0,0,0],[0,0,0,1],[1,0,0,0],[0,0,1,0],[0,0.666667,0,0.333333],[0,0,0,1],[0,0,1,0],[0,0,1,0],[0,0,1,0],[1,0,0,0],[0,1,0,0],[0,0,0,1],[0,0,0,1],[1,0,0,0],[0.666667,0,0.333333,0],[0,0,0,1],[0,0,0,1],[0.666667,0,0,0.333333],[1,0,0,0],[1,0,0,0],[0,0.666667,0.333333,0],[0,0.333333,0,0.666667],[1,0,0,0],[1,0,0,0],[1,0,0,0],[0,0,1,0],[0.666667,0,0.333333,0],[0,0.333333,0.666667,0],[0,1,0,0],[0,0,0,1],[0,0,0,1],[0,0,0,1],[0,0,0,1],[0,0,1,0],[0,1,0,0],[1,0,0,0],[0,0.666667,0,0.333333],[0,0,1,0],[0.333333,0,0.666667,0],[0,1,0,0],[1,0,0,0],[1,0,0,0],[1,0,0,0],[0.666667,0,0.333333,0],[0.333333,0,0.666667,0],[0.333333,0,0.666667,0],[0.666667,0.333333,0,0],[1,0,0,0],[0,0.666667,0.333333,0],[0.666667,0,0,0.333333],[0,0.333333,0.666667,0],[0.333333,0,0,0.666667],[0,0.666667,0.333333,0],[0.666667,0.333333,0,0],[0.333333,0,0.666667,0]]],"seqs":[2,3,4]},{"orient":8,"bin":30,"pvalue":7.99416e-06,"inferred_pwm":[[0,0.666667,0,0.333333],[0,0.333333,0,0.666667],[0,0,0,1],[0,0,0,1],[0,0,0,1],[0,0,1,0],[0,0.666667,0,0.333333],[0,1,0,0],[0.333333,0,0.666667,0],[0,0,0,1],[0,0,1,0],[0,1,0,0],[1,0,0,0],[1,0,0,0],[1,0,0,0],[1,0,0,0]],"alignment_pwm":[null,null,null,[[0,0,0.333333,0.666667],[0.333333,0,0.666667,0],[0,0.333333,0.666667,0],[0.333333,0.333333,0,0.333333],[0,0,0,1],[0,0,0,1],[0.666667,0,0.333333,0],[0,0,1,0],[0,0.333333,0.666667,0],[0,0.666667,0,0.333333],[0.666667,0,0,0.333333],[1,0,0,0],[0,0,1,0],[0,0,1,0],[0.666667,0.333333,0,0],[0.333333,0,0,0.666667],[0.333333,0.333333,0,0.333333],[0,0,0.333333,0.666667],[0,0.666667,0.333333,0],[1,0,0,0],[0,0,0,1],[0,0,0.666667,0.333333],[0.666667,0,0,0.333333],[0,0.666667,0.333333,0],[0,0.666667,0.333333,0],[0.666667,0,0,0.333333],[0.666667,0,0.333333,0],[0.333333,0,0.666667,0],[0.666667,0.333333,0,0],[0.666667,0.333333,0,0],[0.333333,0.666667,0,0],[0.333333,0.333333,0,0.333333],[0,0.666667,0.333333,0],[1,0,0,0],[1,0,0,0],[0.666667,0.333333,0,0],[0.666667,0.333333,0,0],[0,0.333333,0.666667,0],[0.333333,0.666667,0,0],[1,0,0,0],[1,0,0,0],[1,0,0,0],[0,0,0.333333,0.666667],[0.333333,0.333333,0.333333,0],[0.333333,0.666667,0,0],[1,0,0,0],[1,0,0,0],[0,0,0,1],[0.666667,0,0,0.333333],[1,0,0,0],[1,0,0,0],[1,0,0,0],[1,0,0,0],[0,1,0,0],[1,0,0,0],[0.666667,0,0.333333,0],[1,0,0,0],[0,0,1,0],[1,0,0,0],[0,0,0,1],[1,0,0,0],[1,0,0,0],[1,0,0,0],[0,0,0,1],[1,0,0,0],[0,0,1,0],[0,0.666667,0,0.333333],[0,0,0,1],[0,0,1,0],[0,0,1,0],[0,0,1,0],[1,0,0,0],[0,1,0,0],[0,0,0,1],[0,0,0,1],[1,0,0,0],[0.666667,0,0.333333,0],[0,0,0,1],[0,0,0,1],[0.666667,0,0,0.333333],[1,0,0,0],[1,0,0,0],[0,0.666667,0.333333,0],[0,0.333333,0,0.666667],[1,0,0,0],[1,0,0,0],[1,0,0,0],[0,0,1,0],[0.666667,0,0.333333,0],[0,0.333333,0.666667,0],[0,1,0,0],[0,0,0,1],[0,0,0,1],[0,0,0,1],[0,0,0,1],[0,0,1,0],[0,1,0,0],[1,0,0,0],[0,0.666667,0,0.333333],[0,0,1,0],[0.333333,0,0.666667,0],[0,1,0,0],[1,0,0,0],[1,0,0,0],[1,0,0,0],[0.666667,0,0.333333,0],[0.333333,0,0.666667,0],[0.333333,0,0.666667,0],[0.666667,0.333333,0,0],[1,0,0,0],[0,0.666667,0.333333,0],[0.666667,0,0,0.333333],[0,0.333333,0.666667,0],[0.333333,0,0,0.666667],[0,0.666667,0.333333,0],[0.666667,0.333333,0,0],[0.333333,0,0.666667,0]]],"seqs":[2,3,4]}]}],[{"idx":13,"counts":[[0,0,0,0,0,0,0,0,0,0,0,0,0,0,0,0,0,0,0,0,0,0,0,0,0,0,0,0,0,0,0,0,0,0,0,0,0,0,0,0,0,0,0,0,0,0,0,0,0,0,0,0,0,0,0,0,0,0,0,0,0,0,0,0,0,0,0,0,0,0,0,0,0,0,0,0,0,0,0,0,0,0,0,0,0,0,0,0,0,0,0,0,0,0,0,0,0,0,0,0,0,0,0,0,0,0,0,0,0,0,0,0,0,0,0,0,0,0,0,0,0,0,0,0,0,0,0,0,0,0,0,0,0,0,0,0,0],[0,0,0,0,0,0,0,0,0,0,0,0,0,0,0,0,0,0,0,0,0,0,0,0,0,0,0,0,0,0,0,0,0,0,0,0,0,0,0,0,0,0,0,0,0,0,0,0,0,0,0,0,0,0,0,0,0,0,0,0,0,0,0,0,0,0,0,0,0,0,0,0,0,0,0,0,0,0,0,0,0,0,0,0,0,0,0,0,0,0,0,1,0,0,0,0,0,0,0,0,0,0,0,0,0,0,0,0,0,0,0,0,0,0,0,0,0,0,0,0,0,0,0,0,0,0,0,0,0,0,0,0,0,0,0,0,0],[0,0,0,0,0,0,0,0,0,0,0,0,0,0,0,0,0,0,0,0,0,0,0,0,0,0,0,0,0,0,0,0,0,0,0,0,0,0,0,0,0,0,0,0,0,0,0,0,0,0,0,0,0,0,0,0,0,0,0,0,0,0,0,0,0,0,0,0,0,0,0,0,0,0,0,0,0,0,0,0,0,0,0,0,0,0,0,0,0,0,0,0,0,0,0,0,0,0,0,0,0,0,0,0,0,0,0,0,0,0,0,0,0,0,1,0,0,0,0,0,0,0,0,0,0,0,0,0,0,0,0,0,0,0,0,0,0],[0,0,0,0,0,0,0,0,0,0,0,0,0,0,0,0,0,0,0,0,0,0,0,0,0,0,0,0,0,0,0,3,0,0,0,0,0,0,0,0,0,0,0,0,0,0,0,0,0,0,0,0,0,0,0,0,0,0,0,0,0,0,0,0,0,0,0,0,0,0,0,0,0,1,0,0,0,0,0,0,0,0,0,0,0,0,0,0,0,0,0,0,0,0,0,0,0,0,0,0,0,0,0,0,0,0,0,0,0,0,0,0,0,0,0,0,0,1,0,0,0,0,0,0,0,0,0,0,0,0,0,0,0,0,0,0,0]],"spacings":[{"orient":3,"bin":31,"pvalue":2.1621e-07,"inferred_pwm":[[0,0.666667,0,0.333333],[0,0.333333,0,0.666667],[0,0,0,1],[0,0,0,1],[0,0,0,1],[0,0,1,0],[0,0.666667,0,0.333333],[0,1,0,0],[0.333333,0,0.666667,0],[0,0,0,1],[0,0,1,0],[0,1,0,0],[1,0,0,0],[1,0,0,0],[1,0,0,0]],"alignment_pwm":[null,null,null,[[0,0,0.333333,0.666667],[0.333333,0,0.666667,0],[0,0.333333,0.666667,0],[0.333333,0.333333,0,0.333333],[0,0,0,1],[0,0,0,1],[0.666667,0,0.333333,0],[0,0,1,0],[0,0.333333,0.666667,0],[0,0.666667,0,0.333333],[0.666667,0,0,0.333333],[1,0,0,0],[0,0,1,0],[0,0,1,0],[0.666667,0.333333,0,0],[0.333333,0,0,0.666667],[0.333333,0.333333,0,0.333333],[0,0,0.333333,0.666667],[0,0.666667,0.333333,0],[1,0,0,0],[0,0,0,1],[0,0,0.666667,0.333333],[0.666667,0,0,0.333333],[0,0.666667,0.333333,0],[0,0.666667,0.333333,0],[0.666667,0,0,0.333333],[0.666667,0,0.333333,0],[0.333333,0,0.666667,0],[0.666667,0.333333,0,0],[0.666667,0.333333,0,0],[0.333333,0.666667,0,0],[0.333333,0.333333,0,0.333333],[0,0.666667,0.333333,0],[1,0,0,0],[1,0,0,0],[0.666667,0.333333,0,0],[0.666667,0.333333,0,0],[0,0.333333,0.666667,0],[0.333333,0.666667,0,0],[1,0,0,0],[1,0,0,0],[1,0,0,0],[0,0,0.333333,0.666667],[0.333333,0.333333,0.333333,0],[0.333333,0.666667,0,0],[1,0,0,0],[1,0,0,0],[0,0,0,1],[0.666667,0,0,0.333333],[1,0,0,0],[1,0,0,0],[1,0,0,0],[1,0,0,0],[0,1,0,0],[1,0,0,0],[0.666667,0,0.333333,0],[1,0,0,0],[0,0,1,0],[1,0,0,0],[0,0,0,1],[1,0,0,0],[1,0,0,0],[1,0,0,0],[0,0,0,1],[1,0,0,0],[0,0,1,0],[0,0.666667,0,0.333333],[0,0,0,1],[0,0,1,0],[0,0,1,0],[0,0,1,0],[1,0,0,0],[0,1,0,0],[0,0,0,1],[0,0,0,1],[1,0,0,0],[0.666667,0,0.333333,0],[0,0,0,1],[0,0,0,1],[0.666667,0,0,0.333333],[1,0,0,0],[1,0,0,0],[0,0.666667,0.333333,0],[0,0.333333,0,0.666667],[1,0,0,0],[1,0,0,0],[1,0,0,0],[0,0,1,0],[0.666667,0,0.333333,0],[0,0.333333,0.666667,0],[0,1,0,0],[0,0,0,1],[0,0,0,1],[0,0,0,1],[0,0,0,1],[0,0,1,0],[0,1,0,0],[1,0,0,0],[0,0.666667,0,0.333333],[0,0,1,0],[0.333333,0,0.666667,0],[0,1,0,0],[1,0,0,0],[1,0,0,0],[1,0,0,0],[0.666667,0,0.333333,0],[0.333333,0,0.666667,0],[0.333333,0,0.666667,0],[0.666667,0.333333,0,0],[1,0,0,0],[0,0.666667,0.333333,0],[0.666667,0,0,0.333333],[0,0.333333,0.666667,0],[0.333333,0,0,0.666667],[0,0.666667,0.333333,0],[0.666667,0.333333,0,0],[0.333333,0,0.666667,0]]],"seqs":[2,3,4]},{"orient":5,"bin":31,"pvalue":1.72015e-06,"inferred_pwm":[[0,0.666667,0,0.333333],[0,0.333333,0,0.666667],[0,0,0,1],[0,0,0,1],[0,0,0,1],[0,0,1,0],[0,0.666667,0,0.333333],[0,1,0,0],[0.333333,0,0.666667,0],[0,0,0,1],[0,0,1,0],[0,1,0,0],[1,0,0,0],[1,0,0,0],[1,0,0,0]],"alignment_pwm":[null,null,null,[[0,0,0.333333,0.666667],[0.333333,0,0.666667,0],[0,0.333333,0.666667,0],[0.333333,0.333333,0,0.333333],[0,0,0,1],[0,0,0,1],[0.666667,0,0.333333,0],[0,0,1,0],[0,0.333333,0.666667,0],[0,0.666667,0,0.333333],[0.666667,0,0,0.333333],[1,0,0,0],[0,0,1,0],[0,0,1,0],[0.666667,0.333333,0,0],[0.333333,0,0,0.666667],[0.333333,0.333333,0,0.333333],[0,0,0.333333,0.666667],[0,0.666667,0.333333,0],[1,0,0,0],[0,0,0,1],[0,0,0.666667,0.333333],[0.666667,0,0,0.333333],[0,0.666667,0.333333,0],[0,0.666667,0.333333,0],[0.666667,0,0,0.333333],[0.666667,0,0.333333,0],[0.333333,0,0.666667,0],[0.666667,0.333333,0,0],[0.666667,0.333333,0,0],[0.333333,0.666667,0,0],[0.333333,0.333333,0,0.333333],[0,0.666667,0.333333,0],[1,0,0,0],[1,0,0,0],[0.666667,0.333333,0,0],[0.666667,0.333333,0,0],[0,0.333333,0.666667,0],[0.333333,0.666667,0,0],[1,0,0,0],[1,0,0,0],[1,0,0,0],[0,0,0.333333,0.666667],[0.333333,0.333333,0.333333,0],[0.333333,0.666667,0,0],[1,0,0,0],[1,0,0,0],[0,0,0,1],[0.666667,0,0,0.333333],[1,0,0,0],[1,0,0,0],[1,0,0,0],[1,0,0,0],[0,1,0,0],[1,0,0,0],[0.666667,0,0.333333,0],[1,0,0,0],[0,0,1,0],[1,0,0,0],[0,0,0,1],[1,0,0,0],[1,0,0,0],[1,0,0,0],[0,0,0,1],[1,0,0,0],[0,0,1,0],[0,0.666667,0,0.333333],[0,0,0,1],[0,0,1,0],[0,0,1,0],[0,0,1,0],[1,0,0,0],[0,1,0,0],[0,0,0,1],[0,0,0,1],[1,0,0,0],[0.666667,0,0.333333,0],[0,0,0,1],[0,0,0,1],[0.666667,0,0,0.333333],[1,0,0,0],[1,0,0,0],[0,0.666667,0.333333,0],[0,0.333333,0,0.666667],[1,0,0,0],[1,0,0,0],[1,0,0,0],[0,0,1,0],[0.666667,0,0.333333,0],[0,0.333333,0.666667,0],[0,1,0,0],[0,0,0,1],[0,0,0,1],[0,0,0,1],[0,0,0,1],[0,0,1,0],[0,1,0,0],[1,0,0,0],[0,0.666667,0,0.333333],[0,0,1,0],[0.333333,0,0.666667,0],[0,1,0,0],[1,0,0,0],[1,0,0,0],[1,0,0,0],[0.666667,0,0.333333,0],[0.333333,0,0.666667,0],[0.333333,0,0.666667,0],[0.666667,0.333333,0,0],[1,0,0,0],[0,0.666667,0.333333,0],[0.666667,0,0,0.333333],[0,0.333333,0.666667,0],[0.333333,0,0,0.666667],[0,0.666667,0.333333,0],[0.666667,0.333333,0,0],[0.333333,0,0.666667,0]]],"seqs":[2,3,4]},{"orient":7,"bin":31,"pvalue":1.72015e-06,"inferred_pwm":[[0,0.666667,0,0.333333],[0,0.333333,0,0.666667],[0,0,0,1],[0,0,0,1],[0,0,0,1],[0,0,1,0],[0,0.666667,0,0.333333],[0,1,0,0],[0.333333,0,0.666667,0],[0,0,0,1],[0,0,1,0],[0,1,0,0],[1,0,0,0],[1,0,0,0],[1,0,0,0]],"alignment_pwm":[null,null,null,[[0,0,0.333333,0.666667],[0.333333,0,0.666667,0],[0,0.333333,0.666667,0],[0.333333,0.333333,0,0.333333],[0,0,0,1],[0,0,0,1],[0.666667,0,0.333333,0],[0,0,1,0],[0,0.333333,0.666667,0],[0,0.666667,0,0.33333