<!DOCTYPE HTML>
<html>
  <head>
    <meta charset="UTF-8">
    <title>TOMTOM</title>
    <script>
      // @JSON_VAR data
      var data = {
        "program": "Tomtom",
        "version": "4.12.0",
        "release": "Tue Jun 27 16:22:50 2017 -0700",
        "cmd": [
          "tomtom", "-verbosity", "1", "-oc",
          "results/AHRpeaks_noAHREs.bed-399.fa/hocomoco/dreme_tomtom_out",
          "-min-overlap", "5", "-dist", "pearson", "-evalue", "-thresh", "1",
          "-no-ssc", "-bfile",
          "results/AHRpeaks_noAHREs.bed-399.fa/hocomoco/background",
          "results/AHRpeaks_noAHREs.bed-399.fa/hocomoco/dreme_out/dreme.xml",
          "/Users/filipov4/meme/db/motif_databases/HUMAN/HOCOMOCOv11_full_HUMAN_mono_meme_format.meme"
        ],
        "options": {
          "strands": "both",
          "distance_measure": "pearson",
          "threshold_type": "evalue",
          "threshold_value": 1,
          "background_source": "file",
          "background_file": "results/AHRpeaks_noAHREs.bed-399.fa/hocomoco/background"
        },
        "alphabet": {
          "name": "DNA",
          "like": "dna",
          "ncore": 4,
          "symbols": [
            {
              "symbol": "A",
              "name": "Adenine",
              "colour": "CC0000",
              "complement": "T"
            }, {
              "symbol": "C",
              "name": "Cytosine",
              "colour": "0000CC",
              "complement": "G"
            }, {
              "symbol": "G",
              "name": "Guanine",
              "colour": "FFB300",
              "complement": "C"
            }, {
              "symbol": "T",
              "aliases": "U",
              "name": "Thymine",
              "colour": "008000",
              "complement": "A"
            }, {
              "symbol": "N",
              "aliases": "X.",
              "name": "Any base",
              "equals": "ACGT"
            }, {
              "symbol": "V",
              "name": "Not T",
              "equals": "ACG"
            }, {
              "symbol": "H",
              "name": "Not G",
              "equals": "ACT"
            }, {
              "symbol": "D",
              "name": "Not C",
              "equals": "AGT"
            }, {
              "symbol": "B",
              "name": "Not A",
              "equals": "CGT"
            }, {
              "symbol": "M",
              "name": "Amino",
              "equals": "AC"
            }, {
              "symbol": "R",
              "name": "Purine",
              "equals": "AG"
            }, {
              "symbol": "W",
              "name": "Weak",
              "equals": "AT"
            }, {
              "symbol": "S",
              "name": "Strong",
              "equals": "CG"
            }, {
              "symbol": "Y",
              "name": "Pyrimidine",
              "equals": "CT"
            }, {
              "symbol": "K",
              "name": "Keto",
              "equals": "GT"
            }
          ]
        },
        "background": [0.2906, 0.2094, 0.2094, 0.2906],
        "query_dbs": [
          {
            "source": "results/AHRpeaks_noAHREs.bed-399.fa/hocomoco/dreme_out/dreme.xml",
            "name": "dreme",
            "loaded": 7,
            "excluded": 0,
            "last_modified": "Thu May 24 13:00:37 2018"
          }
        ],
        "target_dbs": [
          {
            "source": "/Users/filipov4/meme/db/motif_databases/HUMAN/HOCOMOCOv11_full_HUMAN_mono_meme_format.meme",
            "name": "HOCOMOCOv11 full HUMAN mono meme format",
            "loaded": 771,
            "excluded": 0,
            "last_modified": "Wed Dec  6 21:59:30 2017"
          }
        ],
        "queries": [
          {
            "db": 0,
            "id": "AGATAA",
            "alt": "DREME-5",
            "len": 6,
            "nsites": 103,
            "evalue": "2.1e-004",
            "pwm": [
              [0.999312, 0.000203104, 0.000203104, 0.000281862], 
              [0.000281862, 0.000203104, 0.999233, 0.000281862], 
              [0.999312, 0.000203104, 0.000203104, 0.000281862], 
              [0.000281862, 0.000203104, 0.000203104, 0.999312], 
              [0.999312, 0.000203104, 0.000203104, 0.000281862], 
              [0.999312, 0.000203104, 0.000203104, 0.000281862]
            ]
          }, {
            "db": 0,
            "id": "ATGACTMA",
            "alt": "DREME-6",
            "len": 8,
            "nsites": 42,
            "evalue": "4.4e-003",
            "pwm": [
              [0.998315, 0.000497387, 0.000497387, 0.000690261], 
              [0.000690261, 0.000497387, 0.000497387, 0.998315], 
              [0.000690261, 0.000497387, 0.998122, 0.000690261], 
              [0.998315, 0.000497387, 0.000497387, 0.000690261], 
              [0.000690261, 0.998122, 0.000497387, 0.000690261], 
              [0.000690261, 0.000497387, 0.000497387, 0.998315], 
              [0.356985, 0.641827, 0.000497387, 0.000690261], 
              [0.998315, 0.000497387, 0.000497387, 0.000690261]
            ]
          }, {
            "db": 0,
            "id": "CACGW",
            "alt": "DREME-4",
            "len": 5,
            "nsites": 166,
            "evalue": "7.7e-005",
            "pwm": [
              [0.000174955, 0.999524, 0.000126069, 0.000174955], 
              [0.999573, 0.000126069, 0.000126069, 0.000174955], 
              [0.000174955, 0.999524, 0.000126069, 0.000174955], 
              [0.000174955, 0.000126069, 0.999524, 0.000174955], 
              [0.572119, 0.000126069, 0.000126069, 0.427628]
            ]
          }, {
            "db": 0,
            "id": "CATGCAA",
            "alt": "DREME-7",
            "len": 7,
            "nsites": 52,
            "evalue": "3.2e-002",
            "pwm": [
              [0.000557773, 0.998483, 0.00040192, 0.000557773], 
              [0.998638, 0.00040192, 0.00040192, 0.000557773], 
              [0.000557773, 0.00040192, 0.00040192, 0.998638], 
              [0.000557773, 0.00040192, 0.998483, 0.000557773], 
              [0.000557773, 0.998483, 0.00040192, 0.000557773], 
              [0.998638, 0.00040192, 0.00040192, 0.000557773], 
              [0.998638, 0.00040192, 0.00040192, 0.000557773]
            ]
          }, {
            "db": 0,
            "id": "CMCRG",
            "alt": "DREME-2",
            "len": 5,
            "nsites": 968,
            "evalue": "4.8e-009",
            "pwm": [
              [3.00176e-05, 0.999918, 2.163e-05, 3.00176e-05], 
              [0.572285, 0.427663, 2.163e-05, 3.00176e-05], 
              [3.00176e-05, 0.999918, 2.163e-05, 3.00176e-05], 
              [0.86461, 2.163e-05, 0.135339, 3.00176e-05], 
              [3.00176e-05, 2.163e-05, 0.999918, 3.00176e-05]
            ]
          }, {
            "db": 0,
            "id": "RYAAAYA",
            "alt": "DREME-1",
            "len": 7,
            "nsites": 607,
            "evalue": "1.6e-044",
            "pwm": [
              [0.528791, 3.44919e-05, 0.471127, 4.78669e-05], 
              [4.78669e-05, 0.495834, 3.44919e-05, 0.504084], 
              [0.999883, 3.44919e-05, 3.44919e-05, 4.78669e-05], 
              [0.999883, 3.44919e-05, 3.44919e-05, 4.78669e-05], 
              [0.999883, 3.44919e-05, 3.44919e-05, 4.78669e-05], 
              [4.78669e-05, 0.573251, 3.44919e-05, 0.426667], 
              [0.999883, 3.44919e-05, 3.44919e-05, 4.78669e-05]
            ]
          }, {
            "db": 0,
            "id": "SAGATR",
            "alt": "DREME-3",
            "len": 6,
            "nsites": 388,
            "evalue": "1.9e-008",
            "pwm": [
              [7.48776e-05, 0.487041, 0.512809, 7.48776e-05], 
              [0.999817, 5.39552e-05, 5.39552e-05, 7.48776e-05], 
              [7.48776e-05, 5.39552e-05, 0.999796, 7.48776e-05], 
              [0.999817, 5.39552e-05, 5.39552e-05, 7.48776e-05], 
              [7.48776e-05, 5.39552e-05, 5.39552e-05, 0.999817], 
              [0.476756, 5.39552e-05, 0.523115, 7.48776e-05]
            ]
          }
        ],
        "targets": [
          {
            "db": 0,
            "id": "ANDR_HUMAN.H11MO.0.A",
            "len": 18,
            "nsites": 499,
            "evalue": "1.0e+000",
            "url": "http://hocomoco.autosome.ru/motif/ANDR_HUMAN.H11MO.0.A",
            "pwm": [
              [0.148325, 0.0701682, 0.0361069, 0.7454], 
              [0.06217, 0.0481285, 0.777441, 0.11226], 
              [0.0681808, 0.066161, 0.0140672, 0.851591], 
              [0.188397, 0.172352, 0.144302, 0.494949], 
              [0.0781989, 0.733362, 0.0361069, 0.152332], 
              [0.122278, 0.278543, 0.0320997, 0.567079], 
              [0.180383, 0.134284, 0.196395, 0.488938], 
              [0.198415, 0.178363, 0.216431, 0.40679], 
              [0.176376, 0.192388, 0.222442, 0.408794], 
              [0.200419, 0.256504, 0.120258, 0.422819], 
              [0.0721881, 0.0140672, 0.0140672, 0.899678], 
              [0.254516, 0.0300961, 0.691286, 0.0241015], 
              [0.0281087, 0.0220816, 0.020078, 0.929732], 
              [0.0180907, 0.00605278, 0.0982187, 0.877638], 
              [0.00807265, 0.00805638, 0.0641574, 0.919714], 
              [0.420816, 0.0280924, 0.494933, 0.0561592], 
              [0.0862133, 0.524987, 0.0481285, 0.340671], 
              [0.290581, 0.158327, 0.0541393, 0.496953]
            ]
          }, {
            "db": 0,
            "id": "BACH1_HUMAN.H11MO.0.A",
            "len": 13,
            "nsites": 500,
            "evalue": "1.0e+000",
            "url": "http://hocomoco.autosome.ru/motif/BACH1_HUMAN.H11MO.0.A",
            "pwm": [
              [0.0628595, 0.168173, 0.0975366, 0.671431], 
              [0.00921478, 0.0664168, 0.922328, 0.00204017], 
              [0.0209225, 0.967517, 0.00396632, 0.00759367], 
              [0.0362264, 0.0795751, 0.0801309, 0.804068], 
              [0.00390636, 0.0613483, 0.890879, 0.043866], 
              [0.802829, 0.0206109, 0.124515, 0.0520459], 
              [0.0133197, 0.214857, 0.763215, 0.00860848], 
              [0.00625769, 0.0361713, 0.14587, 0.811701], 
              [0.0162492, 0.943684, 0.0343086, 0.00575805], 
              [0.78629, 0.0958295, 0.0824452, 0.0354358], 
              [0.00983543, 0.334254, 0.256598, 0.399313], 
              [0.151636, 0.265548, 0.394684, 0.188132], 
              [0.105273, 0.378556, 0.372592, 0.143579]
            ]
          }, {
            "db": 0,
            "id": "BACH2_HUMAN.H11MO.0.A",
            "len": 11,
            "nsites": 500,
            "evalue": "1.0e+000",
            "url": "http://hocomoco.autosome.ru/motif/BACH2_HUMAN.H11MO.0.A",
            "pwm": [
              [0.122034, 0.0960227, 0.0680283, 0.713915], 
              [0.0140553, 0.0780263, 0.893863, 0.0140553], 
              [0.0440493, 0.923857, 0.0120395, 0.0200541], 
              [0.0780425, 0.0380343, 0.00804027, 0.875883], 
              [0.0580465, 0.0600299, 0.793883, 0.0880405], 
              [0.757907, 0.0380343, 0.0560307, 0.148029], 
              [0.0440493, 0.223997, 0.669908, 0.0620457], 
              [0.0100561, 0.0160387, 0.00804027, 0.965865], 
              [0.0600461, 0.919858, 0.0160387, 0.00405731], 
              [0.963865, 0.0120395, 0.00804027, 0.0160549], 
              [0.0560469, 0.319978, 0.211999, 0.411976]
            ]
          }, {
            "db": 0,
            "id": "BATF_HUMAN.H11MO.0.A",
            "len": 18,
            "nsites": 500,
            "evalue": "1.0e+000",
            "url": "http://hocomoco.autosome.ru/motif/BATF_HUMAN.H11MO.0.A",
            "pwm": [
              [0.451968, 0.0780263, 0.263989, 0.206017], 
              [0.0480485, 0.399962, 0.345973, 0.206017], 
              [0.0120557, 0.0180383, 0.0440331, 0.925873], 
              [0.134031, 0.327976, 0.0240371, 0.513955], 
              [0.0860409, 0.237994, 0.0520315, 0.623933], 
              [0.14203, 0.545933, 0.0460327, 0.266005], 
              [0.379982, 0.0860247, 0.395963, 0.138031], 
              [0.369984, 0.114019, 0.229996, 0.286001], 
              [0.337991, 0.0180383, 0.0840251, 0.559946], 
              [0.577943, 0.15801, 0.0220375, 0.24201], 
              [0.00205771, 0.00204147, 4.18716e-05, 0.995859], 
              [0.00405731, 0.0560307, 0.849872, 0.0900401], 
              [0.977863, 0.00804027, 0.0120395, 0.00205771], 
              [0.104037, 0.55793, 0.315979, 0.0220537], 
              [0.0720437, 0.0300359, 0.0200379, 0.877883], 
              [0.212016, 0.50794, 0.211999, 0.0680445], 
              [0.611936, 0.0840251, 0.11002, 0.194019], 
              [0.14203, 0.186005, 0.305981, 0.365985]
            ]
          }, {
            "db": 0,
            "id": "BATF_HUMAN.H11MO.1.A",
            "len": 11,
            "nsites": 500,
            "evalue": "1.0e+000",
            "url": "http://hocomoco.autosome.ru/motif/BATF_HUMAN.H11MO.1.A",
            "pwm": [
              [0.323993, 0.0680283, 0.391963, 0.216015], 
              [0.573943, 0.217998, 0.192003, 0.0160549], 
              [0.0140553, 0.00404107, 0.00404107, 0.977863], 
              [5.81084e-05, 0.0120395, 0.933855, 0.0540473], 
              [0.967865, 0.0100399, 0.00804027, 0.0140553], 
              [0.0100561, 0.513939, 0.0540311, 0.421974], 
              [0.0280525, 0.0280363, 0.431955, 0.511956], 
              [0.0940393, 0.875867, 0.0140391, 0.0160549], 
              [0.975863, 0.0180383, 4.18716e-05, 0.00605691], 
              [0.609936, 0.0560307, 0.144013, 0.19002], 
              [0.238011, 0.283985, 0.100022, 0.377983]
            ]
          }, {
            "db": 0,
            "id": "EVI1_HUMAN.H11MO.0.B",
            "len": 16,
            "nsites": 141,
            "evalue": "1.0e+000",
            "url": "http://hocomoco.autosome.ru/motif/EVI1_HUMAN.H11MO.0.B",
            "pwm": [
              [0.418885, 0.152793, 0.189313, 0.239008], 
              [0.635767, 0.0373214, 0.0836381, 0.243274], 
              [0.0211058, 0.0295389, 0.906751, 0.0426039], 
              [0.972719, 0.0060265, 0.0060265, 0.0152277], 
              [0.0413526, 0.455695, 0.0060265, 0.496926], 
              [0.951819, 0.0060265, 0.0177827, 0.0243714], 
              [0.917558, 0.000148405, 0.0157959, 0.0664978], 
              [0.030685, 0.0060265, 0.961994, 0.00129449], 
              [0.966841, 0.000148405, 0.000148405, 0.032862], 
              [0.000205953, 0.124702, 0.00537338, 0.869718], 
              [0.90017, 0.0325318, 0.000148405, 0.0671499], 
              [0.771723, 0.00929211, 0.156733, 0.0622525], 
              [0.21089, 0.183456, 0.352285, 0.25337], 
              [0.743776, 0.0920463, 0.0765087, 0.0876693], 
              [0.129359, 0.15608, 0.308147, 0.406414], 
              [0.490354, 0.119192, 0.158434, 0.23202]
            ]
          }, {
            "db": 0,
            "id": "FOSB_HUMAN.H11MO.0.A",
            "len": 9,
            "nsites": 500,
            "evalue": "1.0e+000",
            "url": "http://hocomoco.autosome.ru/motif/FOSB_HUMAN.H11MO.0.A",
            "pwm": [
              [0.413975, 0.206001, 0.291983, 0.0880405], 
              [0.0100561, 0.0120395, 0.00204147, 0.975863], 
              [0.0120557, 0.0140391, 0.917858, 0.0560469], 
              [0.895879, 0.0120395, 0.0180383, 0.0740433], 
              [0.204017, 4.18716e-05, 0.795883, 5.81084e-05], 
              [0.0180545, 0.0300359, 0.106021, 0.845889], 
              [0.0540473, 0.903861, 0.0280363, 0.0140553], 
              [0.965865, 0.0100399, 0.00604067, 0.0180545], 
              [0.0720437, 0.329976, 0.229996, 0.367985]
            ]
          }, {
            "db": 0,
            "id": "FOSL1_HUMAN.H11MO.0.A",
            "len": 12,
            "nsites": 500,
            "evalue": "1.0e+000",
            "url": "http://hocomoco.autosome.ru/motif/FOSL1_HUMAN.H11MO.0.A",
            "pwm": [
              [0.198019, 0.186005, 0.405961, 0.210016], 
              [0.317995, 0.164009, 0.347972, 0.170024], 
              [0.429972, 0.269988, 0.281985, 0.0180545], 
              [5.81084e-05, 4.18716e-05, 0.00604067, 0.993859], 
              [5.81084e-05, 0.00404107, 0.941854, 0.0540473], 
              [0.987861, 0.00204147, 0.00204147, 0.00805651], 
              [0.0780425, 4.18716e-05, 0.921858, 5.81084e-05], 
              [5.81084e-05, 4.18716e-05, 4.18716e-05, 0.999858], 
              [0.0180545, 0.979846, 0.00204147, 5.81084e-05], 
              [0.995859, 0.00404107, 4.18716e-05, 5.81084e-05], 
              [0.0220537, 0.411959, 0.162009, 0.403977], 
              [0.210016, 0.401961, 0.154011, 0.234011]
            ]
          }, {
            "db": 0,
            "id": "FOSL2_HUMAN.H11MO.0.A",
            "len": 12,
            "nsites": 500,
            "evalue": "1.0e+000",
            "url": "http://hocomoco.autosome.ru/motif/FOSL2_HUMAN.H11MO.0.A",
            "pwm": [
              [0.194019, 0.190004, 0.373967, 0.24201], 
              [0.282002, 0.134015, 0.381965, 0.202018], 
              [0.519954, 0.15801, 0.297982, 0.0240533], 
              [5.81084e-05, 4.18716e-05, 0.00204147, 0.997859], 
              [5.81084e-05, 0.00204147, 0.95785, 0.0400501], 
              [0.985861, 0.00404107, 4.18716e-05, 0.0100561], 
              [0.102038, 4.18716e-05, 0.897862, 5.81084e-05], 
              [0.00405731, 0.00404107, 0.00404107, 0.987861], 
              [0.00605691, 0.991844, 0.00204147, 5.81084e-05], 
              [0.997859, 4.18716e-05, 4.18716e-05, 0.00205771], 
              [0.0240533, 0.351971, 0.114019, 0.509956], 
              [0.216015, 0.377966, 0.138014, 0.268005]
            ]
          }, {
            "db": 0,
            "id": "FOS_HUMAN.H11MO.0.A",
            "len": 9,
            "nsites": 500,
            "evalue": "1.0e+000",
            "url": "http://hocomoco.autosome.ru/motif/FOS_HUMAN.H11MO.0.A",
            "pwm": [
              [0.345989, 0.215999, 0.35997, 0.0780425], 
              [0.0100561, 0.0180383, 0.0100399, 0.961866], 
              [0.0160549, 0.0340351, 0.85987, 0.0900401], 
              [0.935871, 0.00804027, 0.0280363, 0.0280525], 
              [0.116035, 4.18716e-05, 0.883865, 5.81084e-05], 
              [0.0220537, 0.0260367, 0.0240371, 0.927873], 
              [0.0420497, 0.933855, 0.0240371, 5.81084e-05], 
              [0.959866, 0.0160387, 0.0120395, 0.0120557], 
              [0.0280525, 0.417958, 0.263989, 0.29]
            ]
          }, {
            "db": 0,
            "id": "FOXA1_HUMAN.H11MO.0.A",
            "len": 12,
            "nsites": 500,
            "evalue": "1.0e+000",
            "url": "http://hocomoco.autosome.ru/motif/FOXA1_HUMAN.H11MO.0.A",
            "pwm": [
              [0.0160549, 4.18716e-05, 4.18716e-05, 0.983861], 
              [0.246009, 0.00404107, 0.749892, 5.81084e-05], 
              [0.00205771, 4.18716e-05, 4.18716e-05, 0.997859], 
              [0.00405731, 4.18716e-05, 0.0560307, 0.93987], 
              [5.81084e-05, 4.18716e-05, 0.144013, 0.855887], 
              [0.781902, 4.18716e-05, 0.206001, 0.0120557], 
              [0.00805651, 0.797882, 0.00804027, 0.186021], 
              [0.317995, 0.138014, 0.00404107, 0.53995], 
              [0.0320517, 0.313979, 0.10802, 0.545949], 
              [0.463965, 0.0200379, 0.0160387, 0.499958], 
              [0.218015, 0.0980223, 0.493943, 0.19002], 
              [0.108037, 0.25999, 0.393963, 0.238011]
            ]
          }, {
            "db": 0,
            "id": "FOXA2_HUMAN.H11MO.0.A",
            "len": 12,
            "nsites": 500,
            "evalue": "1.0e+000",
            "url": "http://hocomoco.autosome.ru/motif/FOXA2_HUMAN.H11MO.0.A",
            "pwm": [
              [0.0160549, 4.18716e-05, 0.00204147, 0.981862], 
              [0.196019, 0.00204147, 0.799882, 0.00205771], 
              [5.81084e-05, 0.00404107, 4.18716e-05, 0.995859], 
              [0.00205771, 4.18716e-05, 0.0440331, 0.953867], 
              [5.81084e-05, 4.18716e-05, 0.144013, 0.855887], 
              [0.757907, 4.18716e-05, 0.235995, 0.00605691], 
              [0.00805651, 0.887864, 0.00204147, 0.102038], 
              [0.401978, 0.122017, 4.18716e-05, 0.475963], 
              [0.0440493, 0.40996, 0.120018, 0.425973], 
              [0.563945, 0.00804027, 0.0400339, 0.387981], 
              [0.19002, 0.0960227, 0.549932, 0.164025], 
              [0.128033, 0.35797, 0.281985, 0.232012]
            ]
          }, {
            "db": 0,
            "id": "FOXA3_HUMAN.H11MO.0.B",
            "len": 13,
            "nsites": 500,
            "evalue": "1.0e+000",
            "url": "http://hocomoco.autosome.ru/motif/FOXA3_HUMAN.H11MO.0.B",
            "pwm": [
              [0.158027, 0.465949, 0.215999, 0.160026], 
              [0.228013, 0.249992, 0.0780263, 0.443969], 
              [0.0120557, 4.18716e-05, 0.00604067, 0.981862], 
              [0.246009, 0.00804027, 0.737894, 0.00805651], 
              [0.00805651, 0.0220375, 0.0140391, 0.955867], 
              [0.00605691, 4.18716e-05, 0.0360347, 0.957867], 
              [0.00805651, 4.18716e-05, 0.271987, 0.719914], 
              [0.855887, 0.00604067, 0.114019, 0.0240533], 
              [0.00405731, 0.873867, 0.0220375, 0.100038], 
              [0.367985, 0.152011, 0.00804027, 0.471964], 
              [0.0940393, 0.231995, 0.106021, 0.567945], 
              [0.425973, 0.0140391, 0.0540311, 0.505957], 
              [0.154027, 0.116019, 0.577926, 0.152028]
            ]
          }, {
            "db": 0,
            "id": "FOXC1_HUMAN.H11MO.0.C",
            "len": 15,
            "nsites": 26,
            "evalue": "1.0e+000",
            "url": "http://hocomoco.autosome.ru/motif/FOXC1_HUMAN.H11MO.0.C",
            "pwm": [
              [0.135213, 0.47973, 0.173216, 0.211841], 
              [0.345941, 0.0774307, 0.34563, 0.230998], 
              [0.269313, 0.154059, 0.0774307, 0.499198], 
              [0.00111341, 0.000802299, 0.000802299, 0.997282], 
              [0.00111341, 0.000802299, 0.996971, 0.00111341], 
              [0.0394276, 0.000802299, 0.000802299, 0.958968], 
              [0.0394276, 0.000802299, 0.000802299, 0.958968], 
              [0.00111341, 0.000802299, 0.0391165, 0.958968], 
              [0.958968, 0.000802299, 0.000802299, 0.0394276], 
              [0.00111341, 0.728772, 0.000802299, 0.269313], 
              [0.230998, 0.115745, 0.000802299, 0.652454], 
              [0.00111341, 0.192373, 0.000802299, 0.805711], 
              [0.652454, 0.000802299, 0.000802299, 0.345941], 
              [0.460884, 0.192373, 0.269002, 0.0777418], 
              [0.0394276, 0.269002, 0.575515, 0.116056]
            ]
          }, {
            "db": 0,
            "id": "FOXD3_HUMAN.H11MO.0.D",
            "len": 15,
            "nsites": 465,
            "evalue": "1.0e+000",
            "url": "http://hocomoco.autosome.ru/motif/FOXD3_HUMAN.H11MO.0.D",
            "pwm": [
              [0.157018, 0.176351, 0.298905, 0.367725], 
              [0.118317, 0.217203, 0.266654, 0.397826], 
              [0.135517, 0.00649525, 0.055947, 0.802041], 
              [0.0387638, 0.0688474, 0.872976, 0.0194132], 
              [0.0925157, 0.0516468, 0.0365963, 0.819241], 
              [0.0366138, 0.111849, 0.0494968, 0.802041], 
              [0.0538144, 4.50226e-05, 0.0946483, 0.851492], 
              [0.339774, 0.200002, 0.225803, 0.234421], 
              [0.0581145, 0.599916, 0.0623972, 0.279572], 
              [0.294623, 0.202152, 0.0408965, 0.462329], 
              [0.109716, 0.223653, 0.0709975, 0.595633], 
              [0.404277, 0.0473467, 0.14625, 0.402127], 
              [0.230121, 0.14195, 0.42791, 0.200019], 
              [0.101116, 0.363408, 0.348357, 0.187119], 
              [0.356975, 0.292455, 0.111849, 0.238721]
            ]
          }, {
            "db": 0,
            "id": "FOXF1_HUMAN.H11MO.0.D",
            "len": 11,
            "nsites": 8,
            "evalue": "1.0e+000",
            "url": "http://hocomoco.autosome.ru/motif/FOXF1_HUMAN.H11MO.0.D",
            "pwm": [
              [0.4139, 0.15146, 0.15146, 0.283181], 
              [0.00358765, 0.00258519, 0.00258519, 0.991242], 
              [0.134307, 0.00258519, 0.859521, 0.00358765], 
              [0.00358765, 0.00258519, 0.00258519, 0.991242], 
              [0.00358765, 0.00258519, 0.00258519, 0.991242], 
              [0.00358765, 0.00258519, 0.00258519, 0.991242], 
              [0.729804, 0.0679447, 0.198664, 0.00358765], 
              [0.00358765, 0.133304, 0.00258519, 0.860523], 
              [0.0217431, 0.15146, 0.15146, 0.675338], 
              [0.265026, 0.169615, 0.00258519, 0.562774], 
              [0.432055, 0.00258519, 0.038896, 0.526463]
            ]
          }, {
            "db": 0,
            "id": "FOXF2_HUMAN.H11MO.0.D",
            "len": 11,
            "nsites": 26,
            "evalue": "1.0e+000",
            "url": "http://hocomoco.autosome.ru/motif/FOXF2_HUMAN.H11MO.0.D",
            "pwm": [
              [0.0163068, 0.0159957, 0.0159957, 0.951702], 
              [0.146776, 0.000802299, 0.820921, 0.0315001], 
              [0.00111341, 0.000802299, 0.031189, 0.966895], 
              [0.12266, 0.000802299, 0.000802299, 0.875735], 
              [0.12266, 0.000802299, 0.031189, 0.845348], 
              [0.770695, 0.000802299, 0.227389, 0.00111341], 
              [0.00111341, 0.782442, 0.031189, 0.185255], 
              [0.284709, 0.255833, 0.059472, 0.399985], 
              [0.0416156, 0.0413045, 0.0109178, 0.906162], 
              [0.48103, 0.000802299, 0.031189, 0.486979], 
              [0.254323, 0.0109178, 0.35723, 0.37753]
            ]
          }, {
            "db": 0,
            "id": "FOXG1_HUMAN.H11MO.0.D",
            "len": 17,
            "nsites": 310,
            "evalue": "1.0e+000",
            "url": "http://hocomoco.autosome.ru/motif/FOXG1_HUMAN.H11MO.0.D",
            "pwm": [
              [0.358379, 0.15223, 0.184554, 0.304838], 
              [0.150408, 0.111037, 0.121198, 0.617357], 
              [0.0332516, 0.0359946, 0.029715, 0.901039], 
              [0.102429, 0.0200178, 0.857509, 0.020044], 
              [9.37117e-05, 0.00320729, 0.00948682, 0.987212], 
              [9.37117e-05, 6.75266e-05, 0.231864, 0.767974], 
              [0.00341876, 6.75266e-05, 0.092613, 0.903901], 
              [0.687432, 0.164262, 0.108497, 0.039809], 
              [0.0396237, 0.353224, 0.0255562, 0.581597], 
              [0.309128, 0.0957528, 0.292271, 0.302848], 
              [0.191094, 0.0709952, 0.118647, 0.619264], 
              [0.366395, 0.0569538, 0.178498, 0.398153], 
              [0.0616459, 0.0549696, 0.0200616, 0.863323], 
              [0.313884, 0.0397315, 0.316256, 0.330128], 
              [0.0491331, 0.0747809, 0.0882664, 0.78782], 
              [0.238743, 0.0549233, 0.0785692, 0.627764], 
              [0.0828906, 0.134398, 0.197018, 0.585694]
            ]
          }, {
            "db": 0,
            "id": "FOXJ2_HUMAN.H11MO.0.C",
            "len": 10,
            "nsites": 41,
            "evalue": "1.0e+000",
            "url": "http://hocomoco.autosome.ru/motif/FOXJ2_HUMAN.H11MO.0.C",
            "pwm": [
              [0.000707056, 0.0241984, 0.000509489, 0.974585], 
              [0.308663, 0.000509489, 0.642743, 0.0480849], 
              [0.000707056, 0.000509489, 0.0241984, 0.974585], 
              [0.000707056, 0.000509489, 0.000509489, 0.998274], 
              [0.000707056, 0.000509489, 0.000509489, 0.998274], 
              [0.548184, 0.000509489, 0.450599, 0.000707056], 
              [0.000707056, 0.192653, 0.000509489, 0.80613], 
              [0.119152, 0.216342, 0.000509489, 0.663997], 
              [0.000707056, 0.0241984, 0.237399, 0.737696], 
              [0.465273, 0.0834207, 0.130799, 0.320508]
            ]
          }, {
            "db": 0,
            "id": "FOXJ3_HUMAN.H11MO.0.A",
            "len": 13,
            "nsites": 626,
            "evalue": "1.0e+000",
            "url": "http://hocomoco.autosome.ru/motif/FOXJ3_HUMAN.H11MO.0.A",
            "pwm": [
              [0.194111, 0.146481, 0.164697, 0.49471], 
              [4.64143e-05, 3.34451e-05, 3.34451e-05, 0.999887], 
              [0.0829682, 3.34451e-05, 0.914268, 0.00273054], 
              [0.00112006, 3.34451e-05, 3.34451e-05, 0.998813], 
              [4.64143e-05, 3.34451e-05, 3.34451e-05, 0.999887], 
              [0.00887921, 3.34451e-05, 0.175698, 0.815389], 
              [0.818158, 3.34451e-05, 0.0369545, 0.144854], 
              [4.64143e-05, 0.0711347, 3.34451e-05, 0.928785], 
              [0.11331, 3.34451e-05, 0.430175, 0.456481], 
              [0.0440611, 3.34451e-05, 0.325661, 0.630245], 
              [0.0528196, 3.34451e-05, 0.0291502, 0.917997], 
              [0.00591112, 0.0101673, 0.0168383, 0.967083], 
              [0.35851, 0.070401, 0.138469, 0.43262]
            ]
          }, {
            "db": 0,
            "id": "FOXK1_HUMAN.H11MO.0.A",
            "len": 10,
            "nsites": 500,
            "evalue": "1.0e+000",
            "url": "http://hocomoco.autosome.ru/motif/FOXK1_HUMAN.H11MO.0.A",
            "pwm": [
              [0.0200541, 0.00804027, 0.0100399, 0.961866], 
              [0.0760429, 0.0200379, 0.895863, 0.00805651], 
              [0.00605691, 0.0860247, 0.0200379, 0.887881], 
              [0.00205771, 0.0100399, 0.100022, 0.887881], 
              [0.0200541, 0.0200379, 0.166009, 0.793899], 
              [0.49196, 0.251991, 0.0620295, 0.194019], 
              [0.0240533, 0.655911, 0.0400339, 0.280002], 
              [0.303997, 0.233995, 0.11002, 0.351988], 
              [0.154027, 0.211999, 0.150012, 0.483961], 
              [0.116035, 0.227996, 0.144013, 0.511956]
            ]
          }, {
            "db": 0,
            "id": "FOXL1_HUMAN.H11MO.0.D",
            "len": 19,
            "nsites": 1207,
            "evalue": "1.0e+000",
            "url": "http://hocomoco.autosome.ru/motif/FOXL1_HUMAN.H11MO.0.D",
            "pwm": [
              [0.160533, 0.16384, 0.222658, 0.452969], 
              [0.140236, 0.189107, 0.444264, 0.226393], 
              [0.191185, 0.0404034, 0.132359, 0.636053], 
              [0.0629849, 0.0240419, 0.0414389, 0.871534], 
              [0.000645398, 0.000638671, 0.000638671, 0.998077], 
              [0.0874236, 0.000431563, 0.905079, 0.00706574], 
              [0.00830839, 1.73474e-05, 1.73474e-05, 0.991657], 
              [2.40742e-05, 1.73474e-05, 1.73474e-05, 0.999941], 
              [2.40742e-05, 1.73474e-05, 1.73474e-05, 0.999941], 
              [0.470573, 1.73474e-05, 0.529385, 2.40742e-05], 
              [2.40742e-05, 1.73474e-05, 1.73474e-05, 0.999941], 
              [2.40742e-05, 1.73474e-05, 1.73474e-05, 0.999941], 
              [2.40742e-05, 1.73474e-05, 1.73474e-05, 0.999941], 
              [0.985858, 1.73474e-05, 0.0116154, 0.00250937], 
              [0.000852506, 0.511988, 0.000845779, 0.486314], 
              [0.414861, 0.0188642, 0.0213495, 0.544925], 
              [0.103992, 0.0145149, 0.0186571, 0.862836], 
              [0.226186, 0.0174144, 0.0149291, 0.741471], 
              [0.193256, 0.125318, 0.0838961, 0.59753]
            ]
          }, {
            "db": 0,
            "id": "FOXM1_HUMAN.H11MO.0.A",
            "len": 12,
            "nsites": 500,
            "evalue": "1.0e+000",
            "url": "http://hocomoco.autosome.ru/motif/FOXM1_HUMAN.H11MO.0.A",
            "pwm": [
              [0.0560469, 0.0240371, 0.0340351, 0.885881], 
              [0.252008, 0.0220375, 0.715899, 0.0100561], 
              [0.0260529, 0.0300359, 0.0560307, 0.887881], 
              [5.81084e-05, 0.0680283, 0.0620295, 0.869884], 
              [0.00205771, 0.00204147, 0.0720275, 0.923873], 
              [0.319994, 0.0540311, 0.587924, 0.0380505], 
              [0.0740433, 0.745893, 0.0180383, 0.162026], 
              [0.246009, 0.16001, 0.0380343, 0.555947], 
              [0.0480485, 0.289984, 0.142013, 0.519954], 
              [0.359986, 0.0380343, 0.0280363, 0.573943], 
              [0.108037, 0.16001, 0.445953, 0.286001], 
              [0.166025, 0.341973, 0.25799, 0.234011]
            ]
          }, {
            "db": 0,
            "id": "FOXO3_HUMAN.H11MO.0.B",
            "len": 10,
            "nsites": 500,
            "evalue": "1.0e+000",
            "url": "http://hocomoco.autosome.ru/motif/FOXO3_HUMAN.H11MO.0.B",
            "pwm": [
              [0.112036, 0.393963, 0.261989, 0.232012], 
              [0.0580465, 0.365969, 0.188004, 0.387981], 
              [0.0200541, 0.00604067, 4.18716e-05, 0.973863], 
              [0.0520477, 0.00404107, 0.941854, 0.00205771], 
              [5.81084e-05, 0.00604067, 0.00604067, 0.987861], 
              [0.00405731, 0.00204147, 0.0300359, 0.963865], 
              [0.00205771, 0.0100399, 0.140014, 0.847889], 
              [0.779902, 0.0580303, 0.0200379, 0.14203], 
              [0.00205771, 0.86187, 0.00804027, 0.128033], 
              [0.383981, 0.25999, 0.0460327, 0.309996]
            ]
          }, {
            "db": 0,
            "id": "FOXO4_HUMAN.H11MO.0.C",
            "len": 9,
            "nsites": 28,
            "evalue": "1.0e+000",
            "url": "http://hocomoco.autosome.ru/motif/FOXO4_HUMAN.H11MO.0.C",
            "pwm": [
              [0.0370501, 0.108793, 0.108793, 0.745364], 
              [0.00103416, 0.000745196, 0.000745196, 0.997475], 
              [0.00103416, 0.000745196, 0.997186, 0.00103416], 
              [0.00103416, 0.000745196, 0.000745196, 0.997475], 
              [0.00103416, 0.000745196, 0.000745196, 0.997475], 
              [0.00103416, 0.000745196, 0.148811, 0.84941], 
              [0.709348, 0.000745196, 0.0367611, 0.253146], 
              [0.0370501, 0.348899, 0.180825, 0.433226], 
              [0.00103416, 0.108793, 0.360905, 0.529268]
            ]
          }, {
            "db": 0,
            "id": "FOXO6_HUMAN.H11MO.0.D",
            "len": 13,
            "nsites": 3383,
            "evalue": "1.0e+000",
            "url": "http://hocomoco.autosome.ru/motif/FOXO6_HUMAN.H11MO.0.D",
            "pwm": [
              [0.448562, 0.121345, 0.161544, 0.268549], 
              [0.359147, 0.17322, 0.148391, 0.319242], 
              [0.117948, 0.371263, 0.361805, 0.148984], 
              [0.385823, 0.0210668, 0.088165, 0.504945], 
              [0.000599764, 0.000301776, 0.00118854, 0.99791], 
              [0.00178211, 6.18959e-06, 0.998203, 8.58975e-06], 
              [8.58975e-06, 0.000301776, 0.000301776, 0.999388], 
              [0.00148652, 0.000301776, 0.0390237, 0.959188], 
              [8.58975e-06, 0.000301776, 0.104348, 0.895341], 
              [0.938275, 0.0195888, 0.00865211, 0.0334838], 
              [0.00481188, 0.881816, 0.00983445, 0.103538], 
              [0.271653, 0.11765, 0.463191, 0.147506], 
              [0.215122, 0.16014, 0.10457, 0.520168]
            ]
          }, {
            "db": 0,
            "id": "FOXP1_HUMAN.H11MO.0.A",
            "len": 9,
            "nsites": 295,
            "evalue": "1.0e+000",
            "url": "http://hocomoco.autosome.ru/motif/FOXP1_HUMAN.H11MO.0.A",
            "pwm": [
              [0.0577061, 0.139007, 0.176282, 0.627005], 
              [0.0136532, 0.281332, 0.31183, 0.393186], 
              [0.00687584, 0.020403, 0.0305691, 0.942152], 
              [0.0204306, 0.0407351, 0.840464, 0.0983702], 
              [9.84751e-05, 0.0170144, 0.0576785, 0.925209], 
              [0.00687584, 0.094954, 0.0407351, 0.857435], 
              [0.0102645, 0.0136257, 0.0813993, 0.89471], 
              [0.525344, 0.345717, 0.0373465, 0.0915929], 
              [0.0170419, 0.484652, 0.010237, 0.488069]
            ]
          }, {
            "db": 0,
            "id": "FOXP2_HUMAN.H11MO.0.C",
            "len": 9,
            "nsites": 500,
            "evalue": "1.0e+000",
            "url": "http://hocomoco.autosome.ru/motif/FOXP2_HUMAN.H11MO.0.C",
            "pwm": [
              [0.0720437, 0.399962, 0.215999, 0.311996], 
              [0.00605691, 0.00404107, 0.0140391, 0.975863], 
              [0.0400501, 0.00804027, 0.947852, 0.00405731], 
              [0.00605691, 0.0140391, 0.0120395, 0.967865], 
              [0.00205771, 0.0100399, 0.0880243, 0.899878], 
              [5.81084e-05, 4.18716e-05, 0.174007, 0.825893], 
              [0.787901, 0.100022, 0.0340351, 0.0780425], 
              [0.00805651, 0.747892, 0.0300359, 0.214015], 
              [0.33999, 0.289984, 0.104021, 0.266005]
            ]
          }, {
            "db": 0,
            "id": "FOXQ1_HUMAN.H11MO.0.C",
            "len": 12,
            "nsites": 13,
            "evalue": "1.0e+000",
            "url": "http://hocomoco.autosome.ru/motif/FOXQ1_HUMAN.H11MO.0.C",
            "pwm": [
              [0.307562, 0.306942, 0.0779344, 0.307562], 
              [0.689241, 0.0779344, 0.230606, 0.00221832], 
              [0.0785542, 0.15427, 0.00159847, 0.765577], 
              [0.00221832, 0.00159847, 0.00159847, 0.994585], 
              [0.00221832, 0.00159847, 0.993965, 0.00221832], 
              [0.00221832, 0.00159847, 0.00159847, 0.994585], 
              [0.00221832, 0.00159847, 0.00159847, 0.994585], 
              [0.00221832, 0.00159847, 0.00159847, 0.994585], 
              [0.994585, 0.00159847, 0.00159847, 0.00221832], 
              [0.00221832, 0.00159847, 0.0779344, 0.918249], 
              [0.15489, 0.00159847, 0.230606, 0.612905], 
              [0.00221832, 0.306942, 0.00159847, 0.689241]
            ]
          }, {
            "db": 0,
            "id": "GATA1_HUMAN.H11MO.0.A",
            "len": 19,
            "nsites": 500,
            "evalue": "1.0e+000",
            "url": "http://hocomoco.autosome.ru/motif/GATA1_HUMAN.H11MO.0.A",
            "pwm": [
              [0.19202, 0.403961, 0.206001, 0.198019], 
              [0.116035, 0.144013, 0.190004, 0.549948], 
              [0.0560469, 0.0780263, 0.639914, 0.226013], 
              [0.118035, 0.206001, 0.389964, 0.286001], 
              [0.194019, 0.313979, 0.281985, 0.210016], 
              [0.268005, 0.245993, 0.277986, 0.208017], 
              [0.224013, 0.21, 0.367968, 0.198019], 
              [0.262006, 0.168008, 0.339974, 0.230012], 
              [0.214015, 0.223997, 0.313979, 0.248009], 
              [0.331992, 0.188004, 0.323977, 0.156027], 
              [0.184021, 0.387964, 0.321977, 0.106037], 
              [0.719914, 0.0200379, 0.00804027, 0.252008], 
              [0.00605691, 4.18716e-05, 0.993843, 5.81084e-05], 
              [0.995859, 4.18716e-05, 4.18716e-05, 0.00405731], 
              [0.00205771, 4.18716e-05, 0.0120395, 0.985861], 
              [0.945869, 0.00404107, 0.0140391, 0.0360509], 
              [0.857887, 0.0160387, 0.0900239, 0.0360509], 
              [0.214015, 0.154011, 0.553931, 0.0780425], 
              [0.351988, 0.188004, 0.345973, 0.114035]
            ]
          }, {
            "db": 0,
            "id": "GATA1_HUMAN.H11MO.1.A",
            "len": 11,
            "nsites": 500,
            "evalue": "1.0e+000",
            "url": "http://hocomoco.autosome.ru/motif/GATA1_HUMAN.H11MO.1.A",
            "pwm": [
              [0.345989, 0.116019, 0.303981, 0.234011], 
              [0.152028, 0.441953, 0.305981, 0.100038], 
              [0.699918, 0.0140391, 0.00804027, 0.278003], 
              [5.81084e-05, 4.18716e-05, 0.997842, 0.00205771], 
              [0.999858, 4.18716e-05, 4.18716e-05, 5.81084e-05], 
              [0.00605691, 0.00804027, 4.18716e-05, 0.985861], 
              [0.969864, 0.00804027, 0.00604067, 0.0160549], 
              [0.921874, 0.00404107, 0.0580303, 0.0160549], 
              [0.14003, 0.174007, 0.663909, 0.0220537], 
              [0.371984, 0.200002, 0.339974, 0.0880405], 
