<!DOCTYPE HTML>
<html>
  <head>
    <meta charset="UTF-8">
    <title>SpaMo - Spaced Motif Analysis</title>
    <script type="text/javascript">
      //@JSON_VAR data
      var data = {"program":"SpaMo","version":"4.12.0","revision":"aacc9c3eb8c7b460b344d5c8aa1458097dae704d","release":"Tue Jun 27 16:22:50 2017 -0700","host":"Sudins-iMac.local","when":"Thu May 24 14:22:27 2018","cmd":["spamo","-verbosity","1","-oc","results/AHRpeaks_not-in-DHSs-withAHREs.bed-399.fa/hocomoco/spamo_out_3","-bgfile","results/AHRpeaks_not-in-DHSs-withAHREs.bed-399.fa/hocomoco/background","-primary","SYCTTTAGTTHAATTAVGTCCCAGCTATTT","results/AHRpeaks_not-in-DHSs-withAHREs.bed-399.fa/hocomoco/AHRpeaks_not-in-DHSs-withAHREs.bed-399.fa","results/AHRpeaks_not-in-DHSs-withAHREs.bed-399.fa/hocomoco/meme_out/meme.xml","results/AHRpeaks_not-in-DHSs-withAHREs.bed-399.fa/hocomoco/meme_out/meme.xml","/Users/filipov4/meme/db/motif_databases/HUMAN/HOCOMOCOv11_full_HUMAN_mono_meme_format.meme"],"options":{"seq_min_hit_score":7,"margin":150,"bin_size":1,"bin_pvalue_calc_range":150,"use_best_secondary":0,"seq_max_shared_fract":0.5,"seq_odds_ratio":20,"bin_pvalue_cutoff":0.05,"motif_evalue_cutoff":10,"redundant_overlap":2,"redundant_joint":0.5,"motif_pseudocount":0.1,"bgfile":"results/AHRpeaks_not-in-DHSs-withAHREs.bed-399.fa/hocomoco/background","motif_trim":0.25,"xalph":0,"seed":1,"bin_max":3},"alphabet":{"name":"DNA","like":"dna","ncore":4,"symbols":[{"symbol":"A","name":"Adenine","colour":"CC0000","complement":"T"},{"symbol":"C","name":"Cytosine","colour":"0000CC","complement":"G"},{"symbol":"G","name":"Guanine","colour":"FFB300","complement":"C"},{"symbol":"T","aliases":"U","name":"Thymine","colour":"008000","complement":"A"},{"symbol":"N","aliases":"X.","name":"Any base","equals":"ACGT"},{"symbol":"V","name":"Not T","equals":"ACG"},{"symbol":"H","name":"Not G","equals":"ACT"},{"symbol":"D","name":"Not C","equals":"AGT"},{"symbol":"B","name":"Not A","equals":"CGT"},{"symbol":"M","name":"Amino","equals":"AC"},{"symbol":"R","name":"Purine","equals":"AG"},{"symbol":"W","name":"Weak","equals":"AT"},{"symbol":"S","name":"Strong","equals":"CG"},{"symbol":"Y","name":"Pyrimidine","equals":"CT"},{"symbol":"K","name":"Keto","equals":"GT"}]},"background":[0.3083,0.1917,0.1917,0.3083],"sequence_dbs":[{"source":"results/AHRpeaks_not-in-DHSs-withAHREs.bed-399.fa/hocomoco/AHRpeaks_not-in-DHSs-withAHREs.bed-399.fa","name":"AHRpeaks_not-in-DHSs-withAHREs.bed-399","last_modified":"Thu May 24 11:14:35 2018","loaded":19,"excluded_too_short":0,"excluded_no_match":15,"excluded_ambigs":0,"excluded_similar":0,"erased_primary_matches":0}],"primary_dbs":[{"source":"results/AHRpeaks_not-in-DHSs-withAHREs.bed-399.fa/hocomoco/meme_out/meme.xml","name":"meme.xml","last_modified":"Thu May 24 14:22:02 2018","loaded":6,"excluded":5}],"secondary_dbs":[{"source":"results/AHRpeaks_not-in-DHSs-withAHREs.bed-399.fa/hocomoco/meme_out/meme.xml","name":"meme.xml","last_modified":"Thu May 24 14:22:02 2018","loaded":7,"excluded":1},{"source":"/Users/filipov4/meme/db/motif_databases/HUMAN/HOCOMOCOv11_full_HUMAN_mono_meme_format.meme","name":"HOCOMOCOv11_full_HUMAN_mono_meme_format","last_modified":"Wed Dec  6 21:59:30 2017","loaded":771,"excluded":0}],"secondary_motifs":[{"db":0,"id":"AGATAAYAKYRRAWAAAMYCT","alt":"MEME-4","len":21,"ltrim":0,"rtrim":0,"nsites":6,"evalue":"1.5e-001","pwm":[[0.988661,0.00314263,0.00314263,0.00505409],[0.168989,0.00314263,0.822814,0.00505409],[0.988661,0.00314263,0.00314263,0.00505409],[0.00505409,0.00314263,0.00314263,0.988661],[0.988661,0.00314263,0.00314263,0.00505409],[0.496857,0.167077,0.167077,0.168989],[0.00505409,0.658881,0.00314263,0.332923],[0.824726,0.00314263,0.00314263,0.168989],[0.00505409,0.00314263,0.494946,0.496857],[0.168989,0.494946,0.00314263,0.332923],[0.660792,0.00314263,0.331011,0.00505409],[0.332923,0.00314263,0.658881,0.00505409],[0.988661,0.00314263,0.00314263,0.00505409],[0.660792,0.00314263,0.00314263,0.332923],[0.824726,0.00314263,0.00314263,0.168989],[0.988661,0.00314263,0.00314263,0.00505409],[0.824726,0.00314263,0.00314263,0.168989],[0.332923,0.658881,0.00314263,0.00505409],[0.00505409,0.494946,0.00314263,0.496857],[0.00505409,0.986749,0.00314263,0.00505409],[0.00505409,0.00314263,0.00314263,0.988661]]},{"db":0,"id":"CCCAAAAGCAAATGCAATAAAAACAAAGAT","alt":"MEME-1","len":30,"ltrim":0,"rtrim":0,"nsites":4,"evalue":"1.0e-005","pwm":[[0.00751951,0.980285,0.00467562,0.00751951],[0.251422,0.736383,0.00467562,0.00751951],[0.00751951,0.736383,0.248578,0.00751951],[0.739227,0.248578,0.00467562,0.00751951],[0.739227,0.00467562,0.248578,0.00751951],[0.983129,0.00467562,0.00467562,0.00751951],[0.739227,0.00467562,0.248578,0.00751951],[0.00751951,0.248578,0.736383,0.00751951],[0.251422,0.736383,0.00467562,0.00751951],[0.983129,0.00467562,0.00467562,0.00751951],[0.983129,0.00467562,0.00467562,0.00751951],[0.983129,0.00467562,0.00467562,0.00751951],[0.00751951,0.00467562,0.00467562,0.983129],[0.00751951,0.00467562,0.736383,0.251422],[0.251422,0.736383,0.00467562,0.00751951],[0.739227,0.00467562,0.248578,0.00751951],[0.983129,0.00467562,0.00467562,0.00751951],[0.00751951,0.00467562,0.00467562,0.983129],[0.983129,0.00467562,0.00467562,0.00751951],[0.739227,0.00467562,0.248578,0.00751951],[0.983129,0.00467562,0.00467562,0.00751951],[0.983129,0.00467562,0.00467562,0.00751951],[0.983129,0.00467562,0.00467562,0.00751951],[0.00751951,0.736383,0.00467562,0.251422],[0.983129,0.00467562,0.00467562,0.00751951],[0.983129,0.00467562,0.00467562,0.00751951],[0.983129,0.00467562,0.00467562,0.00751951],[0.00751951,0.00467562,0.980285,0.00751951],[0.983129,0.00467562,0.00467562,0.00751951],[0.00751951,0.00467562,0.00467562,0.983129]]},{"db":1,"id":"ALX1_HUMAN.H11MO.0.B","len":12,"ltrim":1,"rtrim":0,"nsites":31,"evalue":"1.0e+000","url":"http://hocomoco.autosome.ru/motif/ALX1_HUMAN.H11MO.0.B","pwm":[[0.436419,0.209019,0.27287,0.0816918],[0.0648423,0.0963929,0.000616399,0.838148],[0.77075,0.0325419,0.0999401,0.0967678],[0.866527,0.0644674,0.000616399,0.0683896],[0.000991318,0.0963929,0.000616399,0.901999],[0.0329168,0.227642,0.128318,0.611123],[0.483421,0.000616399,0.514971,0.000991318],[0.355719,0.25602,0.355344,0.0329168],[0.774297,0.000616399,0.128318,0.0967678],[0.100315,0.000616399,0.0325419,0.866527],[0.0648423,0.0325419,0.0325419,0.870074],[0.827507,0.0573728,0.0573728,0.0577477]]},{"db":1,"id":"CDX2_HUMAN.H11MO.0.A","len":12,"ltrim":0,"rtrim":0,"nsites":151,"evalue":"1.0e+000","url":"http://hocomoco.autosome.ru/motif/CDX2_HUMAN.H11MO.0.A","pwm":[[0.152421,0.119253,0.211907,0.516418],[0.0597672,0.0729263,0.0596901,0.807616],[0.106094,0.00012687,0.0663082,0.827471],[0.0862398,0.244998,0.172198,0.496564],[0.986306,0.006745,0.006745,0.000204037],[0.00682217,0.0530719,0.0133631,0.926743],[0.046531,0.00012687,0.311179,0.642163],[0.185512,0.006745,0.807539,0.000204037],[0.0134403,0.761212,0.13249,0.0928579],[0.264929,0.211907,0.0861626,0.437001],[0.139185,0.198671,0.350888,0.311256],[0.0134403,0.231762,0.172198,0.5826]]},{"db":1,"id":"CPEB1_HUMAN.H11MO.0.D","len":17,"ltrim":0,"rtrim":0,"nsites":1803,"evalue":"1.0e+000","url":"http://hocomoco.autosome.ru/motif/CPEB1_HUMAN.H11MO.0.D","pwm":[[0.163624,0.217969,0.0893013,0.529106],[0.000571699,0.000565232,0.000565232,0.998298],[0.0047312,0.00361553,0.000287932,0.991365],[0.000710349,0.00181308,0.000149282,0.997327],[1.70983e-05,0.00167443,1.06317e-05,0.998298],[0.996634,0.000565232,0.00222903,0.000571699],[0.0022355,0.0543615,0.00333823,0.940065],[0.12813,0.235716,0.0282953,0.607859],[0.181926,0.25069,0.0732179,0.494166],[0.0926354,0.223515,0.0482609,0.635589],[0.0809888,0.184138,0.0343959,0.700477],[0.0654599,0.135888,0.0260769,0.772575],[0.1004,0.118141,0.016094,0.765366],[0.181233,0.0991455,0.0115186,0.708103],[0.224076,0.116477,0.0233038,0.636144],[0.240298,0.168748,0.0345345,0.55642],[0.22366,0.210343,0.0700289,0.495969]]},{"db":1,"id":"FOXA3_HUMAN.H11MO.0.B","len":13,"ltrim":2,"rtrim":0,"nsites":500,"evalue":"1.0e+000","url":"http://hocomoco.autosome.ru/motif/FOXA3_HUMAN.H11MO.0.B","pwm":[[0.15803,0.465945,0.215995,0.16003],[0.228016,0.249988,0.0780227,0.443973],[0.0120592,3.83324e-05,0.00603713,0.981865],[0.246012,0.00803673,0.737891,0.00806005],[0.00806005,0.0220339,0.0140355,0.95587],[0.00606045,3.83324e-05,0.0360311,0.95787],[0.00806005,3.83324e-05,0.271984,0.719918],[0.85589,0.00603713,0.114016,0.0240568],[0.00406085,0.873864,0.0220339,0.100042],[0.367988,0.152008,0.00803673,0.471967],[0.0940429,0.231992,0.106017,0.567948],[0.425976,0.0140355,0.0540275,0.50596],[0.154031,0.116015,0.577923,0.152031]]},{"db":1,"id":"FOXB1_HUMAN.H11MO.0.D","len":17,"ltrim":1,"rtrim":1,"nsites":7038,"evalue":"1.0e+000","url":"http://hocomoco.autosome.ru/motif/FOXB1_HUMAN.H11MO.0.D","pwm":[[0.219282,0.162615,0.422576,0.195527],[0.0892771,0.143925,0.225753,0.541045],[0.353902,0.384066,0.161097,0.100936],[0.803095,0.0550285,0.0564858,0.0853909],[0.724187,0.0823591,0.0299688,0.163485],[0.00346551,0.00334241,0.0160939,0.977098],[0.646658,0.000943907,0.349995,0.00240288],[0.0134238,0.000670661,0.00929312,0.976612],[0.0133631,0.00024561,0.0268416,0.95955],[0.00294937,0.000518857,0.279352,0.71718],[0.960035,0.000488496,0.0383787,0.00109737],[0.00313154,0.897339,0.0107808,0.0887489],[0.774926,0.0141812,0.0334906,0.177402],[0.0308206,0.143761,0.0300902,0.795328],[0.717605,0.0169744,0.0435704,0.22185],[0.573755,0.0628191,0.256399,0.107026],[0.123907,0.357172,0.327128,0.191793]]},{"db":1,"id":"FOXC2_HUMAN.H11MO.0.D","len":15,"ltrim":0,"rtrim":0,"nsites":5,"evalue":"1.0e+000","url":"http://hocomoco.autosome.ru/motif/FOXC2_HUMAN.H11MO.0.D","pwm":[[0.0585661,0.0562798,0.616504,0.26865],[0.216129,0.213843,0.00375883,0.566269],[0.00604509,0.213843,0.00375883,0.776353],[0.00604509,0.00375883,0.00375883,0.986437],[0.216129,0.00375883,0.774067,0.00604509],[0.00604509,0.00375883,0.00375883,0.986437],[0.00604509,0.00375883,0.00375883,0.986437],[0.216129,0.00375883,0.213843,0.566269],[0.356185,0.00375883,0.00375883,0.636297],[0.00604509,0.353899,0.634011,0.00604509],[0.216129,0.423927,0.00375883,0.356185],[0.00604509,0.634011,0.00375883,0.356185],[0.986437,0.00375883,0.00375883,0.00604509],[0.00604509,0.143815,0.844095,0.00604509],[0.478734,0.0562798,0.266364,0.198622]]},{"db":1,"id":"FOXD1_HUMAN.H11MO.0.D","len":15,"ltrim":0,"rtrim":0,"nsites":22,"evalue":"1.0e+000","url":"http://hocomoco.autosome.ru/motif/FOXD1_HUMAN.H11MO.0.D","pwm":[[0.120265,0.56658,0.119738,0.193417],[0.377711,0.110594,0.0740185,0.437676],[0.354143,0.170738,0.0975867,0.377532],[0.0379705,0.0374429,0.0740185,0.850568],[0.0379705,0.24371,0.680349,0.0379705],[0.0379705,0.0374429,0.0374429,0.887144],[0.00139502,0.000867422,0.0374429,0.960295],[0.00139502,0.000867422,0.0374429,0.960295],[0.923719,0.000867422,0.0374429,0.0379705],[0.00139502,0.85004,0.110594,0.0379705],[0.30456,0.24371,0.0740185,0.377711],[0.207662,0.0740185,0.000867422,0.717452],[0.450862,0.207135,0.0740185,0.267985],[0.424848,0.24371,0.220321,0.111122],[0.262525,0.238608,0.479184,0.0196828]]},{"db":1,"id":"GATA1_HUMAN.H11MO.1.A","len":11,"ltrim":2,"rtrim":2,"nsites":500,"evalue":"1.0e+000","url":"http://hocomoco.autosome.ru/motif/GATA1_HUMAN.H11MO.1.A","pwm":[[0.345992,0.116015,0.303978,0.234015],[0.152031,0.44195,0.305977,0.100042],[0.699922,0.0140355,0.00803673,0.278006],[6.16476e-05,3.83324e-05,0.997839,0.00206125],[0.999862,3.83324e-05,3.83324e-05,6.16476e-05],[0.00606045,0.00803673,3.83324e-05,0.985864],[0.969868,0.00803673,0.00603713,0.0160584],[0.921877,0.00403753,0.0580267,0.0160584],[0.140034,0.174004,0.663906,0.0220572],[0.371987,0.199998,0.33997,0.0880441],[0.339994,0.215995,0.321974,0.122037]]},{"db":1,"id":"GATA4_HUMAN.H11MO.0.A","len":10,"ltrim":2,"rtrim":0,"nsites":500,"evalue":"1.0e+000","url":"http://hocomoco.autosome.ru/motif/GATA4_HUMAN.H11MO.0.A","pwm":[[0.367988,0.128013,0.311976,0.192023],[0.188024,0.429952,0.283982,0.0980421],[0.663929,0.00803673,0.0160351,0.311999],[0.00406085,3.83324e-05,0.995839,6.16476e-05],[0.979866,0.00403753,0.00803673,0.00806005],[0.00806005,0.0220339,0.0400303,0.929876],[0.961869,0.00403753,0.00403753,0.0300556],[0.917878,0.00203793,0.0700243,0.0100596],[0.0940429,0.182002,0.697899,0.0260564],[0.569948,0.14201,0.255987,0.0320552]]},{"db":1,"id":"GATA5_HUMAN.H11MO.0.D","len":17,"ltrim":0,"rtrim":2,"nsites":13,"evalue":"1.0e+000","url":"http://hocomoco.autosome.ru/motif/GATA5_HUMAN.H11MO.0.D","pwm":[[0.310329,0.0784573,0.0870122,0.524201],[0.395878,0.292329,0.232445,0.0793474],[0.703854,0.138341,0.0784573,0.0793474],[0.301774,0.164006,0.317994,0.216226],[0.524201,0.00146336,0.164006,0.310329],[0.00235343,0.00146336,0.99383,0.00235343],[0.99472,0.00146336,0.00146336,0.00235343],[0.00235343,0.00146336,0.00146336,0.99472],[0.686744,0.00146336,0.00146336,0.310329],[0.686744,0.00146336,0.146896,0.164896],[0.0793474,0.454872,0.22389,0.24189],[0.156341,0.215335,0.155451,0.472872],[0.156341,0.292329,0.146896,0.404433],[0.438652,0.0784573,0.309439,0.173451],[0.387323,0.00146336,0.531866,0.0793474],[0.395878,0.309439,0.0784573,0.216226],[0.194838,0.116954,0.270942,0.417265]]},{"db":1,"id":"GATA6_HUMAN.H11MO.0.A","len":13,"ltrim":2,"rtrim":1,"nsites":500,"evalue":"1.0e+000","url":"http://hocomoco.autosome.ru/motif/GATA6_HUMAN.H11MO.0.A","pwm":[[0.337994,0.154008,0.331972,0.176026],[0.246012,0.407957,0.265985,0.0800457],[0.727916,3.83324e-05,0.00603713,0.266008],[6.16476e-05,3.83324e-05,0.999838,6.16476e-05],[0.993863,3.83324e-05,3.83324e-05,0.00606045],[0.0100596,0.00203793,3.83324e-05,0.987864],[0.917878,0.0100363,0.00803673,0.0640489],[0.949872,0.00403753,0.0280327,0.018058],[0.0360544,0.108017,0.847869,0.00806005],[0.599942,0.102018,0.263986,0.0340548],[0.232015,0.14401,0.162006,0.461969],[0.521957,0.130012,0.14401,0.204021],[0.501961,0.130012,0.195999,0.172027]]},{"db":1,"id":"GLI1_HUMAN.H11MO.0.D","len":12,"ltrim":1,"rtrim":0,"nsites":500,"evalue":"1.0e+000","url":"http://hocomoco.autosome.ru/motif/GLI1_HUMAN.H11MO.0.D","pwm":[[0.112039,0.39196,0.184002,0.311999],[0.0340548,0.471944,0.399958,0.0940429],[0.0700477,0.0760231,0.0120359,0.841893],[0.0200576,0.0280327,0.905857,0.0460524],[0.0100596,0.0120359,0.763886,0.214019],[0.0120592,0.0400303,0.947849,6.16476e-05],[0.0660485,0.0220339,0.0200343,0.891883],[0.0120592,0.00803673,0.973844,0.00606045],[0.0160584,0.00403753,0.937851,0.0420532],[0.0140588,0.237991,0.152008,0.595942],[0.0420532,0.879862,0.0420299,0.0360544],[0.116038,0.359966,0.0600263,0.463969]]},{"db":1,"id":"GLI3_HUMAN.H11MO.0.B","len":11,"ltrim":1,"rtrim":1,"nsites":15,"evalue":"1.0e+000","url":"http://hocomoco.autosome.ru/motif/GLI3_HUMAN.H11MO.0.B","pwm":[[0.103092,0.300996,0.294145,0.301768],[0.00204172,0.0697783,0.00126954,0.92691],[0.00204172,0.00126954,0.926138,0.0705505],[0.00204172,0.0697783,0.857629,0.0705505],[0.00204172,0.00126954,0.994647,0.00204172],[0.00204172,0.00126954,0.00126954,0.995419],[0.00204172,0.00126954,0.994647,0.00204172],[0.00204172,0.00126954,0.857629,0.139059],[0.0705505,0.00126954,0.0697783,0.858402],[0.0705505,0.652103,0.0697783,0.207568],[0.103092,0.369504,0.170829,0.356575]]},{"db":1,"id":"HSF2_HUMAN.H11MO.0.A","len":14,"ltrim":1,"rtrim":0,"nsites":1040,"evalue":"1.0e+000","url":"http://hocomoco.autosome.ru/motif/HSF2_HUMAN.H11MO.0.A","pwm":[[0.341389,0.261784,0.308823,0.0880043],[0.067236,0.0840988,0.766425,0.0822406],[0.750254,0.0685766,0.117068,0.064101],[0.692732,0.0605915,0.110654,0.136023],[0.120999,0.230396,0.28019,0.368416],[0.304405,0.189921,0.415796,0.0898777],[0.0960674,0.036198,0.078749,0.788986],[0.064569,0.048531,0.0926581,0.794242],[0.0443165,0.795037,0.120607,0.0400398],[0.0677233,0.137603,0.161987,0.632686],[0.581983,0.177808,0.174565,0.0656441],[0.0168916,0.11913,0.810069,0.053909],[0.725266,0.0617247,0.114396,0.098614],[0.550757,0.162438,0.138527,0.148278]]},{"db":1,"id":"HXA13_HUMAN.H11MO.0.C","len":11,"ltrim":2,"rtrim":0,"nsites":17,"evalue":"1.0e+000","url":"http://hocomoco.autosome.ru/motif/HXA13_HUMAN.H11MO.0.C","pwm":[[0.188635,0.194809,0.503339,0.113217],[0.344614,0.062827,0.371357,0.221202],[0.00180292,0.00112105,0.193095,0.803981],[0.289764,0.00112105,0.124533,0.584582],[0.0635089,0.00112105,0.00112105,0.934249],[0.262339,0.00112105,0.00112105,0.735419],[0.995955,0.00112105,0.00112105,0.00180292],[0.00180292,0.172527,0.00112105,0.824549],[0.111502,0.062827,0.234233,0.591438],[0.00180292,0.062827,0.762162,0.173208],[0.101218,0.189667,0.676459,0.0326559]]},{"db":1,"id":"HXC12_HUMAN.H11MO.0.D","len":12,"ltrim":1,"rtrim":2,"nsites":2465,"evalue":"1.0e+000","url":"http://hocomoco.autosome.ru/motif/HXC12_HUMAN.H11MO.0.D","pwm":[[0.301319,0.115926,0.221804,0.360951],[0.113294,0.058119,0.101931,0.726656],[0.0160362,0.00832387,0.0103522,0.965288],[0.0124866,0.002746,0.002746,0.982021],[0.143212,0.00163043,0.00893236,0.846226],[0.995104,0.00041344,0.000819103,0.00366347],[0.00204082,0.489643,0.00609272,0.502223],[0.0365222,0.0438194,0.544813,0.374845],[0.737914,0.0304325,0.185396,0.0462581],[0.054777,0.595115,0.133065,0.217042],[0.155787,0.356991,0.163084,0.324137],[0.166132,0.188438,0.188844,0.456586]]},{"db":1,"id":"HXD10_HUMAN.H11MO.0.D","len":10,"ltrim":0,"rtrim":0,"nsites":7,"evalue":"1.0e+000","url":"http://hocomoco.autosome.ru/motif/HXD10_HUMAN.H11MO.0.D","pwm":[[0.155793,0.0329902,0.0329902,0.778226],[0.246664,0.0027,0.746294,0.00434225],[0.125503,0.503972,0.123861,0.246664],[0.125503,0.0027,0.0027,0.869097],[0.125503,0.26165,0.0027,0.610147],[0.00434225,0.0027,0.0027,0.990258],[0.626775,0.0027,0.123861,0.246664],[0.610147,0.0027,0.26165,0.125503],[0.00434225,0.0027,0.0027,0.990258],[0.0346325,0.0329902,0.275312,0.657065]]},{"db":1,"id":"MAFG_HUMAN.H11MO.0.A","len":18,"ltrim":1,"rtrim":0,"nsites":430,"evalue":"1.0e+000","url":"http://hocomoco.autosome.ru/motif/MAFG_HUMAN.H11MO.0.A","pwm":[[0.395329,0.127922,0.309275,0.167475],[0.49298,0.0488704,0.188373,0.269776],[0.597607,0.0116698,0.0860711,0.304652],[0.495305,0.0395703,0.0372452,0.427879],[0.255826,0.262774,0.209298,0.272101],[0.0581977,0.0721208,0.00934473,0.860337],[7.1681e-05,4.45711e-05,0.999812,7.1681e-05],[0.0302972,0.962611,0.00236961,0.00472176],[0.00472176,0.00934473,4.45711e-05,0.985889],[7.1681e-05,4.45711e-05,0.992837,0.0070468],[0.997514,4.45711e-05,0.00236961,7.1681e-05],[0.020997,0.553404,0.413902,0.0116969],[0.0488975,0.0302701,0.0139948,0.906838],[0.0837731,0.813809,0.0511955,0.0512226],[0.813836,4.45711e-05,0.109321,0.076798],[0.0302972,4.45711e-05,0.837059,0.132599],[0.016347,0.899835,0.0721208,0.0116969],[0.709209,0.0442203,0.100021,0.146549]]},{"db":1,"id":"MAFK_HUMAN.H11MO.0.A","len":18,"ltrim":1,"rtrim":0,"nsites":431,"evalue":"1.0e+000","url":"http://hocomoco.autosome.ru/motif/MAFK_HUMAN.H11MO.0.A","pwm":[[0.482558,0.113707,0.255206,0.148529],[0.508074,0.0742732,0.22505,0.192602],[0.584623,0.0394785,0.0696339,0.306265],[0.519673,0.0487571,0.0325195,0.399051],[0.296986,0.201854,0.15778,0.343379],[0.0511038,0.0371588,0.00700341,0.904734],[7.15147e-05,0.00932306,0.990534,7.15147e-05],[0.062702,0.932543,4.44677e-05,0.00471081],[0.00703046,0.0116427,4.44677e-05,0.981282],[0.0093501,0.00236412,0.965018,0.023268],[0.972004,0.00236412,0.00236412,0.023268],[0.0325466,0.431499,0.480211,0.0557431],[0.0858985,0.0209213,0.016282,0.876898],[0.0951771,0.800323,0.0278802,0.0766199],[0.839784,0.00468376,0.0812321,0.0743002],[0.0255876,0.0487571,0.630989,0.294667],[0.0487841,0.742332,0.141543,0.0673413],[0.610139,0.139223,0.0997893,0.150849]]},{"db":1,"id":"MNX1_HUMAN.H11MO.0.D","len":19,"ltrim":0,"rtrim":3,"nsites":27,"evalue":"1.0e+000","url":"http://hocomoco.autosome.ru/motif/MNX1_HUMAN.H11MO.0.D","pwm":[[0.305566,0.489637,0.0837332,0.121064],[0.111839,0.22211,0.25901,0.407042],[0.554643,0.0745081,0.111408,0.25944],[0.130289,0.166759,0.0929583,0.609994],[0.00113764,0.000707381,0.0745081,0.923647],[0.111839,0.25901,0.0376077,0.591544],[0.333241,0.0745081,0.22211,0.370141],[0.443942,0.332811,0.000707381,0.22254],[0.370141,0.148309,0.148309,0.333241],[0.22254,0.0745081,0.111408,0.591544],[0.370141,0.29591,0.0745081,0.25944],[0.591544,0.0745081,0.000707381,0.333241],[0.038038,0.849416,0.0745081,0.038038],[0.0749384,0.443512,0.0745081,0.407042],[0.25944,0.480412,0.000707381,0.25944],[0.0103627,0.305135,0.157534,0.526968],[0.157964,0.194434,0.157534,0.490068],[0.351691,0.203659,0.129859,0.314791],[0.370141,0.185209,0.148309,0.296341]]},{"db":1,"id":"NKX31_HUMAN.H11MO.0.C","len":12,"ltrim":1,"rtrim":1,"nsites":500,"evalue":"1.0e+000","url":"http://hocomoco.autosome.ru/motif/NKX31_HUMAN.H11MO.0.C","pwm":[[0.190024,0.195999,0.321974,0.292003],[0.0860445,0.251988,0.0980187,0.563949],[0.252011,0.108017,0.152008,0.487964],[0.75991,0.0540275,0.172004,0.0140588],[0.95987,0.00203793,0.0200343,0.018058],[0.00406085,0.00403753,0.985841,0.00606045],[0.0880441,0.00203793,0.0180347,0.891883],[0.170028,0.0140355,0.803878,0.0120592],[0.018058,0.451948,0.265985,0.264009],[0.142033,0.255987,0.0380307,0.563949],[0.15603,0.0860211,0.106017,0.651931],[0.280006,0.0840215,0.295979,0.339994]]},{"db":1,"id":"PDX1_HUMAN.H11MO.0.A","len":9,"ltrim":0,"rtrim":0,"nsites":494,"evalue":"1.0e+000","url":"http://hocomoco.autosome.ru/motif/PDX1_HUMAN.H11MO.0.A","pwm":[[0.192331,0.00408656,0.030397,0.773185],[0.0769699,0.0263493,0.858165,0.0385162],[0.953311,0.0182537,0.00408656,0.024349],[0.0283967,0.149806,0.0627791,0.759018],[0.180188,0.014206,0.145758,0.659848],[0.161973,0.064803,0.752923,0.0203012],[0.892594,0.0607553,0.0344448,0.0122057],[0.0567311,0.064803,0.155878,0.722588],[0.0688744,0.0769463,0.562678,0.291501]]},{"db":1,"id":"PO2F1_HUMAN.H11MO.0.C","len":16,"ltrim":0,"rtrim":0,"nsites":134,"evalue":"1.0e+000","url":"http://hocomoco.autosome.ru/motif/PO2F1_HUMAN.H11MO.0.C","pwm":[[0.634085,0.112,0.156743,0.0971725],[0.432743,0.171657,0.171657,0.223944],[0.0748011,0.0448857,0.298428,0.581885],[0.0822582,0.365542,0.335713,0.216486],[0.298515,0.134371,0.469942,0.0971725],[0.4924,0.1642,0.0374286,0.305972],[0.947284,0.0374286,0.00760007,0.00768702],[0.0375155,0.0150572,0.00760007,0.939827],[0.0598869,0.000142953,0.93974,0.000229903],[0.0151441,0.462484,0.425199,0.0971725],[0.917456,0.0225143,0.0299714,0.0300584],[0.820513,0.0374286,0.126914,0.0151441],[0.537143,0.067257,0.0523428,0.343257],[0.119544,0.39537,0.0597999,0.425286],[0.604257,0.141828,0.171657,0.0822582],[0.462571,0.0821713,0.0747142,0.380543]]},{"db":1,"id":"PROP1_HUMAN.H11MO.0.D","len":11,"ltrim":0,"rtrim":0,"nsites":500,"evalue":"1.0e+000","url":"http://hocomoco.autosome.ru/motif/PROP1_HUMAN.H11MO.0.D","pwm":[[0.176026,0.0440295,0.0260331,0.753911],[0.90988,0.00603713,0.0460291,0.038054],[0.999862,3.83324e-05,3.83324e-05,6.16476e-05],[0.0300556,0.0680247,0.0460291,0.85589],[0.0760465,0.110016,0.172004,0.641933],[0.477966,3.83324e-05,0.521934,6.16476e-05],[0.489964,0.136011,0.297979,0.0760465],[0.751911,0.0180347,0.148009,0.0820453],[0.0120592,0.00403753,0.00603713,0.977866],[0.0420532,0.0940195,0.00403753,0.85989],[0.723917,0.0540275,0.0420299,0.180026]]},{"db":1,"id":"SOX10_HUMAN.H11MO.1.A","len":13,"ltrim":1,"rtrim":2,"nsites":500,"evalue":"1.0e+000","url":"http://hocomoco.autosome.ru/motif/SOX10_HUMAN.H11MO.1.A","pwm":[[0.0980421,0.333972,0.223994,0.343993],[0.0300556,0.309976,0.257987,0.401981],[0.0460524,0.507937,0.138011,0.308],[0.0260564,0.847869,0.0120359,0.114039],[0.134035,0.0780227,0.00203793,0.785904],[0.00206125,0.150008,0.0360311,0.811899],[0.0120592,0.0460291,0.0160351,0.925876],[0.0300556,0.24199,0.655907,0.0720473],[0.0400536,0.00603713,0.00803673,0.945872],[0.028056,0.229992,0.235991,0.50596],[0.0360544,0.477943,0.0320319,0.453971],[0.128036,0.357967,0.124014,0.389984],[0.138034,0.473944,0.118015,0.270008]]},{"db":1,"id":"SOX13_HUMAN.H11MO.0.D","len":8,"ltrim":1,"rtrim":1,"nsites":5,"evalue":"1.0e+000","url":"http://hocomoco.autosome.ru/motif/SOX13_HUMAN.H11MO.0.D","pwm":[[0.163608,0.371406,0.161322,0.303664],[0.776353,0.00375883,0.00375883,0.216129],[0.00604509,0.00375883,0.00375883,0.986437],[0.00604509,0.00375883,0.00375883,0.986437],[0.216129,0.00375883,0.774067,0.00604509],[0.00604509,0.00375883,0.00375883,0.986437],[0.00604509,0.143815,0.213843,0.636297],[0.163608,0.371406,0.161322,0.303664]]},{"db":1,"id":"SOX15_HUMAN.H11MO.0.D","len":7,"ltrim":0,"rtrim":0,"nsites":8,"evalue":"1.0e+000","url":"http://hocomoco.autosome.ru/motif/SOX15_HUMAN.H11MO.0.D","pwm":[[0.00380617,0.990021,0.00236667,0.00380617],[0.511743,0.129351,0.00236667,0.35654],[0.00380617,0.00236667,0.00236667,0.99146],[0.00380617,0.00236667,0.00236667,0.99146],[0.00380617,0.00236667,0.990021,0.00380617],[0.00380617,0.00236667,0.129351,0.864476],[0.148427,0.0341127,0.0341127,0.783348]]},{"db":1,"id":"SOX2_HUMAN.H11MO.0.A","len":13,"ltrim":1,"rtrim":2,"nsites":500,"evalue":"1.0e+000","url":"http://hocomoco.autosome.ru/motif/SOX2_HUMAN.H11MO.0.A","pwm":[[0.104041,0.227993,0.245989,0.421977],[0.0360544,0.351968,0.261986,0.349992],[0.0100596,0.64191,0.0800223,0.268008],[0.0160584,0.727893,0.0100363,0.246012],[0.292003,0.0100363,3.83324e-05,0.697922],[6.16476e-05,0.00203793,0.00203793,0.995862],[6.16476e-05,3.83324e-05,3.83324e-05,0.999862],[0.0160584,0.156007,0.807877,0.0200576],[0.0620493,0.0180347,3.83324e-05,0.919878],[0.0460524,0.253988,0.207997,0.491963],[0.10604,0.411956,0.0760231,0.40598],[0.102041,0.311976,0.136011,0.449972],[0.0760465,0.395959,0.257987,0.270008]]},{"db":1,"id":"SOX2_HUMAN.H11MO.1.A","len":16,"ltrim":1,"rtrim":0,"nsites":500,"evalue":"1.0e+000","url":"http://hocomoco.autosome.ru/motif/SOX2_HUMAN.H11MO.1.A","pwm":[[0.0780461,0.271984,0.267985,0.381985],[0.028056,0.631912,0.150008,0.190024],[0.0340548,0.677903,0.0180347,0.270008],[0.381985,0.0440295,0.0140355,0.55995],[0.00206125,0.0160351,0.00603713,0.975866],[0.00806005,3.83324e-05,0.00403753,0.987864],[0.0520512,0.233992,0.695899,0.018058],[0.198022,0.00803673,0.0180347,0.775906],[0.132035,0.279982,0.176003,0.411979],[0.50796,0.199998,0.0440295,0.248012],[0.0620493,0.0600263,0.0340315,0.843893],[0.0160584,0.19,0.58992,0.204021],[0.0600497,0.533932,0.106017,0.300002],[0.525956,0.106017,0.0960191,0.272007],[0.421977,0.14001,0.245989,0.192023],[0.631935,0.116015,0.0620259,0.190024]]},{"db":1,"id":"SOX4_HUMAN.H11MO.0.B","len":12,"ltrim":0,"rtrim":1,"nsites":500,"evalue":"1.0e+000","url":"http://hocomoco.autosome.ru/motif/SOX4_HUMAN.H11MO.0.B","pwm":[[0.0400536,0.333972,0.235991,0.389984],[0.018058,0.531932,0.122014,0.327996],[0.00606045,0.803878,0.00803673,0.182025],[0.10604,0.0300323,0.0100363,0.853891],[0.00406085,0.0160351,0.0360311,0.943873],[0.00206125,0.0120359,0.0260331,0.95987],[0.0220572,0.0920199,0.847869,0.038054],[0.0120592,0.0200343,0.0140355,0.953871],[0.0140588,0.333972,0.120014,0.531955],[0.028056,0.573924,0.0880207,0.31],[0.0560504,0.361966,0.162006,0.419978],[0.120038,0.379962,0.205997,0.294003]]},{"db":1,"id":"SOX9_HUMAN.H11MO.1.B","len":9,"ltrim":0,"rtrim":0,"nsites":500,"evalue":"1.0e+000","url":"http://hocomoco.autosome.ru/motif/SOX9_HUMAN.H11MO.1.B","pwm":[[0.0460524,0.451948,0.0640255,0.437974],[0.0320552,0.637911,0.201998,0.128036],[0.55995,0.0580267,0.0320319,0.349992],[0.00606045,0.00803673,0.0440295,0.941873],[0.00606045,3.83324e-05,0.0240335,0.969868],[0.0240568,0.0780227,0.875863,0.0220572],[0.0140588,0.0160351,0.383962,0.585944],[0.0300556,0.38996,0.128013,0.451971],[0.0780461,0.411956,0.0300323,0.479966]]},{"db":1,"id":"SPI1_HUMAN.H11MO.0.A","len":17,"ltrim":1,"rtrim":2,"nsites":500,"evalue":"1.0e+000","url":"http://hocomoco.autosome.ru/motif/SPI1_HUMAN.H11MO.0.A","pwm":[[0.423977,0.203998,0.253988,0.118038],[0.491963,0.100018,0.329972,0.0780461],[0.685924,0.0440295,0.168005,0.102041],[0.771907,0.0280327,0.126013,0.0740469],[0.651931,0.0140355,0.118015,0.216018],[0.148032,0.0680247,0.753888,0.0300556],[0.721917,0.0480287,0.223994,0.00606045],[0.05805,3.83324e-05,0.94185,6.16476e-05],[0.00206125,3.83324e-05,0.997839,6.16476e-05],[0.999862,3.83324e-05,3.83324e-05,6.16476e-05],[0.997862,3.83324e-05,3.83324e-05,0.00206125],[0.0360544,0.170004,0.79388,6.16476e-05],[0.0680481,0.0520279,0.0400303,0.839894],[0.0420532,0.122014,0.815875,0.0200576],[0.453971,0.122014,0.331972,0.0920433],[0.35999,0.182002,0.317975,0.140034],[0.397982,0.130012,0.257987,0.214019]]},{"db":1,"id":"SRY_HUMAN.H11MO.0.B","len":9,"ltrim":1,"rtrim":0,"nsites":108,"evalue":"1.0e+000","url":"http://hocomoco.autosome.ru/motif/SRY_HUMAN.H11MO.0.B","pwm":[[0.104516,0.285286,0.141042,0.469155],[0.366615,0.0368112,0.044629,0.551944],[0.0781516,0.00477607,0.0414099,0.875662],[0.0951669,0.00477607,0.030373,0.869684],[0.000285199,0.073445,0.909429,0.0168406],[0.05547,0.000177336,0.0351277,0.909225],[0.192652,0.0403342,0.0342079,0.732806],[0.260705,0.0947552,0.069922,0.574618],[0.338875,0.241906,0.0263901,0.392828]]},{"db":1,"id":"STAT2_HUMAN.H11MO.0.A","len":19,"ltrim":1,"rtrim":1,"nsites":500,"evalue":"1.0e+000","url":"http://hocomoco.autosome.ru/motif/STAT2_HUMAN.H11MO.0.A","pwm":[[0.419978,0.110016,0.34197,0.128036],[0.349992,0.134012,0.449948,0.0660485],[0.298002,0.0100363,0.635911,0.0560504],[0.603941,0.00403753,0.369964,0.0220572],[0.987864,0.00403753,0.00403753,0.00406085],[0.943873,0.0160351,0.0180347,0.0220572],[0.479966,0.168005,0.130012,0.222017],[0.238014,0.227993,0.14001,0.393983],[0.0780461,0.00203793,0.915855,0.00406085],[0.971867,0.00603713,0.0200343,0.00206125],[0.985864,3.83324e-05,0.0140355,6.16476e-05],[0.993863,3.83324e-05,0.00403753,0.00206125],[0.0880441,0.685901,0.213996,0.0120592],[0.104041,0.176003,0.0160351,0.703921],[0.182025,0.114016,0.54393,0.16003],[0.767908,0.0540275,0.112016,0.0660485],[0.641933,0.100018,0.148009,0.11004],[0.601941,0.106017,0.188001,0.104041],[0.204021,0.29198,0.371964,0.132035]]},{"db":1,"id":"TBX20_HUMAN.H11MO.0.D","len":14,"ltrim":1,"rtrim":1,"nsites":499,"evalue":"1.0e+000","url":"http://hocomoco.autosome.ru/motif/TBX20_HUMAN.H11MO.0.D","pwm":[[0.368725,0.126266,0.290561,0.214448],[0.276559,0.0962115,0.484911,0.142318],[0.0301159,0.264514,0.615146,0.0902241],[0.0641772,0.104226,0.0220781,0.809519],[0.0281123,0.01206,0.955759,0.00406898],[0.236487,0.362691,0.136284,0.264538],[0.0441411,0.01206,0.0601466,0.883652],[0.0281123,0.00604923,0.96177,0.00406898],[0.929735,0.0421141,0.0260853,0.00206538],[0.126289,0.783449,0.0701646,0.0200978],[0.935746,0.00204202,0.0180709,0.0441411],[0.140314,0.0200745,0.74538,0.0942313],[0.108257,0.336644,0.460868,0.0942313],[0.294592,0.238468,0.13428,0.33266]]},{"db":1,"id":"TF65_HUMAN.H11MO.0.A","len":14,"ltrim":1,"rtrim":1,"nsites":500,"evalue":"1.0e+000","url":"http://hocomoco.autosome.ru/motif/TF65_HUMAN.H11MO.0.A","pwm":[[0.272007,0.387961,0.132012,0.20802],[0.477966,0.0780227,0.130012,0.313999],[0.0200576,0.0140355,0.919854,0.0460524],[0.00606045,3.83324e-05,0.979842,0.0140588],[0.0100596,3.83324e-05,0.901858,0.0880441],[0.55595,0.0100363,0.395959,0.038054],[0.539954,0.237991,0.0660251,0.15603],[0.240014,0.0180347,0.00403753,0.737914],[0.0100596,0.0180347,0.0100363,0.961869],[0.00806005,0.180002,3.83324e-05,0.811899],[0.0160584,0.929852,0.00203793,0.0520512],[0.0240568,0.933852,0.00603713,0.0360544],[0.427976,0.357967,0.0760231,0.138034],[0.325996,0.217995,0.333972,0.122037]]},{"db":1,"id":"ZEP1_HUMAN.H11MO.0.D","len":12,"ltrim":0,"rtrim":1,"nsites":10,"evalue":"1.0e+000","url":"http://hocomoco.autosome.ru/motif/ZEP1_HUMAN.H11MO.0.D","pwm":[[0.062319,0.13089,0.200615,0.606176],[0.00305247,0.00189802,0.991997,0.00305247],[0.268009,0.00189802,0.727041,0.00305247],[0.281954,0.00189802,0.713096,0.00305247],[0.71425,0.00189802,0.280799,0.00305247],[0.993151,0.00189802,0.00189802,0.00305247],[0.71425,0.00189802,0.280799,0.00305247],[0.128558,0.00189802,0.00189802,0.867646],[0.00305247,0.796766,0.127404,0.0727778],[0.00305247,0.991997,0.00189802,0.00305247],[0.00305247,0.852546,0.00189802,0.142503],[0.0971816,0.430709,0.235478,0.236632]]},{"db":1,"id":"ZN214_HUMAN.H11MO.0.C","len":22,"ltrim":1,"rtrim":0,"nsites":264,"evalue":"1.0e+000","url":"http://hocomoco.autosome.ru/motif/ZN214_HUMAN.H11MO.0.C","pwm":[[0.257595,0.204541,0.117452,0.420412],[0.208371,0.545321,0.0985201,0.147788],[0.306819,0.511243,0.102307,0.0796321],[0.303032,0.0606557,0.0303641,0.605948],[0.00768963,0.132598,0.0606557,0.799057],[0.0379812,0.257551,0.200754,0.503714],[0.087205,0.329493,0.0644421,0.51886],[0.0228354,0.0947337,0.253764,0.628667],[0.386334,0.0568693,0.507456,0.0493405],[0.499927,0.0190048,0.219686,0.261381],[0.0266218,0.0114319,0.651341,0.310605],[0.0379812,0.424154,0.496097,0.0417676],[0.291673,0.549107,0.102307,0.0569134],[0.344683,0.359785,0.0303641,0.265168],[0.102351,0.272697,0.178035,0.446917],[0.0304083,0.0758015,0.0606557,0.833135],[0.00768963,0.280269,0.0530828,0.658958],[0.155361,0.166676,0.655127,0.0228354],[0.814202,0.072015,0.0455099,0.0682727],[0.053127,0.0303641,0.109879,0.806629],[0.0985643,0.0758015,0.639982,0.185653],[0.632453,0.128812,0.0682286,0.170507]]},{"db":1,"id":"ZN257_HUMAN.H11MO.0.C","len":12,"ltrim":0,"rtrim":0,"nsites":432,"evalue":"1.0e+000","url":"http://hocomoco.autosome.ru/motif/ZN257_HUMAN.H11MO.0.C","pwm":[[0.0764426,0.0579013,0.682757,0.182899],[0.314813,0.425872,0.0602156,0.199099],[0.013957,0.280072,0.171301,0.53467],[0.0926425,0.884099,0.0116158,0.0116427],[0.00469991,0.00930148,0.00235864,0.98364],[0.00238563,0.115758,0.0185586,0.863297],[0.0255284,0.00467292,0.798471,0.171328],[7.13492e-05,0.995184,4.43648e-05,0.00469991],[0.00469991,0.972042,4.43648e-05,0.0232141],[0.212985,0.00930148,0.0532728,0.724441],[0.0486712,0.847071,0.0324443,0.071814],[0.344899,0.152787,0.0671585,0.435156]]},{"db":1,"id":"ZN394_HUMAN.H11MO.1.D","len":9,"ltrim":0,"rtrim":0,"nsites":379,"evalue":"1.0e+000","url":"http://hocomoco.autosome.ru/motif/ZN394_HUMAN.H11MO.1.D","pwm":[[0.20847,0.0897367,0.532892,0.168902],[0.788791,0.0264288,0.182061,0.00271915],[0.688554,0.237455,0.0633584,0.0106326],[0.408944,0.00532622,0.0475314,0.538198],[0.0159083,5.05672e-05,0.98396,8.13241e-05],[0.0290974,0.0343423,0.915376,0.0211839],[0.925958,0.0317045,0.0290667,0.0132705],[0.762413,0.0343423,0.179423,0.0238218],[0.282329,0.0343423,0.184698,0.498631]]},{"db":1,"id":"ZN708_HUMAN.H11MO.1.D","len":9,"ltrim":0,"rtrim":0,"nsites":439,"evalue":"1.0e+000","url":"http://hocomoco.autosome.ru/motif/ZN708_HUMAN.H11MO.1.D","pwm":[[0.885973,0.00232104,0.0706426,0.0410632],[0.0137345,4.36575e-05,0.929217,0.0570049],[0.0114571,0.0592557,0.920107,0.00917975],[0.0615596,0.41225,0.0182627,0.507927],[0.922411,0.0250949,0.0159854,0.0365084],[0.0137345,0.835844,0.043314,0.107107],[0.901915,0.00687581,0.0683652,0.0228441],[0.00690237,0.00687581,0.972487,0.0137345],[0.0979978,0.794851,0.0524235,0.0547275]]},{"db":1,"id":"ZSC31_HUMAN.H11MO.0.C","len":18,"ltrim":0,"rtrim":0,"nsites":407,"evalue":"1.0e+000","url":"http://hocomoco.autosome.ru/motif/ZSC31_HUMAN.H11MO.0.C","pwm":[[0.282562,0.0540879,0.520804,0.142547],[0.0614857,0.0540879,0.621516,0.26291],[0.0885061,0.751705,0.098303,0.0614857],[0.651021,0.149887,0.0590007,0.14009],[0.0713113,0.0393495,0.859787,0.0295525],[0.0467473,0.894176,0.0319803,0.0270961],[0.707519,0.0418059,0.194103,0.0565729],[0.0246397,0.0147855,0.948217,0.0123577],[0.0492037,0.0270675,0.862243,0.0614857],[0.105701,0.0221547,0.845048,0.0270961],[0.0516601,0.904002,0.0319803,0.0123577],[0.66576,0.135149,0.0909338,0.108157],[0.299756,0.0933902,0.474132,0.132721],[0.0688549,0.0909338,0.253056,0.587155],[0.159742,0.117954,0.238318,0.483986],[0.673129,0.115498,0.1548,0.0565729],[0.115526,0.0933902,0.267795,0.523289],[0.373448,0.105672,0.439742,0.0811369]]}],"sequence_names":["chr17:78690100-78690649","chr4:131057400-131058299","chr5:53039550-53040149"],"primaries":[{"motif":{"db":0,"id":"SYCTTTAGTTHAATTAVGTCCCAGCTATTT","alt":"MEME-3","len":30,"ltrim":0,"rtrim":0,"nsites":4,"evalue":"1.6e-002","pwm":[[0.00751951,0.49248,0.49248,0.00751951],[0.00751951,0.49248,0.00467561,0.495324],[0.00751951,0.980285,0.00467561,0.00751951],[0.00751951,0.248578,0.00467561,0.739227],[0.00751951,0.00467561,0.00467561,0.983129],[0.251422,0.00467561,0.00467561,0.739227],[0.739227,0.00467561,0.248578,0.00751951],[0.00751951,0.248578,0.736383,0.00751951],[0.00751951,0.00467561,0.00467561,0.983129],[0.00751951,0.248578,0.00467561,0.739227],[0.251422,0.248578,0.00467561,0.495324],[0.739227,0.00467561,0.00467561,0.251422],[0.739227,0.00467561,0.248578,0.00751951],[0.00751951,0.00467561,0.00467561,0.983129],[0.00751951,0.00467561,0.00467561,0.983129],[0.983129,0.00467561,0.00467561,0.00751951],[0.495324,0.248578,0.248578,0.00751951],[0.00751951,0.00467561,0.736383,0.251422],[0.00751951,0.248578,0.00467561,0.739227],[0.00751951,0.980285,0.00467561,0.00751951],[0.00751951,0.980285,0.00467561,0.00751951],[0.00751951,0.980285,0.00467561,0.00751951],[0.983129,0.00467561,0.00467561,0.00751951],[0.00751951,0.00467561,0.980285,0.00751951],[0.00751951,0.980285,0.00467561,0.00751951],[0.00751951,0.00467561,0.248578,0.739227],[0.983129,0.00467561,0.00467561,0.00751951],[0.251422,0.00467561,0.00467561,0.739227],[0.00751951,0.248578,0.00467561,0.739227],[0.00751951,0.00467561,0.00467561,0.983129]]},"secondaries":[[{"idx":16,"counts":[[0,0,0,0,0,0,0,0,0,0,0,0,0,0,0,0,0,0,0,0,0,0,0,0,0,0,0,0,0,0,0,0,0,0,0,0,0,1,0,0,0,0,0,0,0,0,0,0,0,0,0,0,0,0,0,0,0,0,0,0,1,0,0,0,0,0,0,0,0,0,0,0,0,0,0,0,0,0,0,0,0,0,0,0,0,0,0,0,0,0,0,0,0,0,0,0,0,0,0,0,0,0,0,0,0,0,0,0,0,0,0,0,0,0,0,0,0,0,0,0,0,0,0,0,0,0,0,0,0,0,0,0,0,0,0,0,0,0,0,0,0,0,0],[0,0,0,0,0,0,0,0,3,0,0,0,0,0,0,0,0,0,0,0,0,0,0,0,0,0,0,0,0,0,0,0,0,0,0,0,0,0,0,0,0,0,0,0,0,0,0,0,0,0,0,0,0,0,0,0,0,0,0,0,0,0,0,0,0,0,0,0,0,0,0,0,0,0,0,0,0,0,0,0,0,0,0,0,0,0,0,0,0,0,0,0,0,0,0,0,0,0,0,0,0,0,0,0,0,0,0,0,0,0,0,0,0,0,0,0,0,0,0,0,0,0,0,0,0,0,0,0,0,0,0,0,0,0,0,0,0,0,0,0,0,0,0],[0,0,0,0,0,0,0,0,0,0,0,0,0,0,0,0,0,0,0,0,0,0,0,0,0,0,0,0,0,0,0,0,0,0,0,0,0,0,0,0,0,0,0,0,0,0,0,0,0,0,0,0,0,0,0,0,0,0,0,0,0,0,0,0,0,0,0,0,0,0,0,0,0,0,0,0,0,0,0,0,0,0,0,0,0,0,0,0,0,0,0,0,0,0,0,0,0,0,0,0,0,0,0,0,0,0,0,0,0,0,0,0,0,0,0,0,0,0,0,0,0,0,0,0,0,0,0,0,0,0,0,0,0,0,0,0,0,0,0,0,0,0,0],[0,0,0,0,0,0,0,0,0,0,0,0,0,0,0,0,0,0,0,0,0,0,0,0,0,0,0,0,0,0,0,0,0,0,0,0,0,0,0,0,0,0,0,0,0,0,0,0,0,0,0,0,0,0,0,0,0,0,0,0,0,0,0,0,0,0,0,0,0,0,0,0,0,0,0,0,0,0,0,0,0,0,0,0,0,0,0,0,0,0,0,0,0,0,0,0,0,0,0,0,0,0,0,0,0,0,0,0,0,0,0,0,0,0,0,0,0,0,0,0,0,0,0,0,0,0,0,0,0,0,0,0,0,0,0,0,0,0,0,0,0,0,0]],"spacings":[{"orient":1,"bin":8,"pvalue":5.44261e-08,"inferred_pwm":[[0,0,0,1],[0,0,0,1],[0,0,0,1],[0.333333,0,0,0.666667],[1,0,0,0],[0,0,0,1],[0,0,0,1],[0,0,0.666667,0.333333],[0,0.666667,0.333333,0]],"alignment_pwm":[null,[[0,0.666667,0.333333,0],[0,0.333333,0,0.666667],[0,0,0.666667,0.333333],[0.666667,0,0.333333,0],[0.333333,0.666667,0,0],[0,0.333333,0,0.666667],[0,0,0.666667,0.333333],[0,0,0.333333,0.666667],[0,0,0,1],[0,0.666667,0,0.333333],[0,1,0,0],[0,0.333333,0,0.666667],[0,0.333333,0,0.666667],[0,0,0,1],[0,0,0,1],[0,0,0.666667,0.333333],[0,0.333333,0.333333,0.333333],[0,1,0,0],[0.333333,0.333333,0.333333,0],[0,0,0.333333,0.666667],[0,0,0.666667,0.333333],[0,0.666667,0.333333,0],[0.666667,0.333333,0,0],[1,0,0,0],[1,0,0,0],[1,0,0,0],[0.333333,0,0.666667,0],[0,0.666667,0.333333,0],[0,0.333333,0,0.666667],[0,1,0,0],[0,0.333333,0,0.666667],[0,0,0,1],[0,0,0,1],[0.666667,0,0.333333,0],[0,0,1,0],[0,0,0,1],[0,0,0,1],[0.333333,0,0,0.666667],[1,0,0,0],[1,0,0,0],[0,0,0,1],[0,0,0,1],[1,0,0,0],[0.666667,0,0.333333,0],[0,0,1,0],[0,0,0,1],[0,1,0,0],[0,1,0,0],[0,1,0,0],[1,0,0,0],[0,0,1,0],[0,1,0,0],[0,0,0,1],[1,0,0,0],[0,0,0,1],[0,0,0,1],[0,0,0,1],[1,0,0,0],[0,0,0,1],[0,1,0,0],[0,0,0,1],[0,0,0,1],[0,0,0,1],[0,0,1,0],[0,0,0,1],[0,0,0,1],[0,0,0,1],[0,0,0,1],[0.333333,0,0,0.666667],[1,0,0,0],[0,0,0,1],[0,0,0,1],[0,0,0.666667,0.333333],[0,0.666667,0.333333,0],[0.666667,0.333333,0,0],[0,0,0,1],[0,0,0,1],[0,0,0,1],[0,0,0.666667,0.333333],[0,0.666667,0.333333,0],[0,0,0.333333,0.666667],[0,0,0.333333,0.666667],[0,0,0,1],[0,0,0,1]],null,null],"seqs":[0,1,2]},{"orient":6,"bin":8,"pvalue":4.34259e-07,"inferred_pwm":[[0,0,0,1],[0,0,0,1],[0,0,0,1],[0.333333,0,0,0.666667],[1,0,0,0],[0,0,0,1],[0,0,0,1],[0,0,0.666667,0.333333],[0,0.666667,0.333333,0]],"alignment_pwm":[null,[[0,0.666667,0.333333,0],[0,0.333333,0,0.666667],[0,0,0.666667,0.333333],[0.666667,0,0.333333,0],[0.333333,0.666667,0,0],[0,0.333333,0,0.666667],[0,0,0.666667,0.