<!DOCTYPE HTML>
<html>
  <head>
    <meta charset="UTF-8">
    <title>SpaMo - Spaced Motif Analysis</title>
    <script type="text/javascript">
      //@JSON_VAR data
      var data = {"program":"SpaMo","version":"4.12.0","revision":"aacc9c3eb8c7b460b344d5c8aa1458097dae704d","release":"Tue Jun 27 16:22:50 2017 -0700","host":"Sudins-iMac.local","when":"Thu May 24 14:31:53 2018","cmd":["spamo","-verbosity","1","-oc","results/AHRpeaks_not-in-DHSs.bed.fa/jaspar/spamo_out_4","-bgfile","results/AHRpeaks_not-in-DHSs.bed.fa/jaspar/background","-primary","HRKRAGRKRAMATYRGARRWA","results/AHRpeaks_not-in-DHSs.bed.fa/jaspar/AHRpeaks_not-in-DHSs.bed.fa","results/AHRpeaks_not-in-DHSs.bed.fa/jaspar/meme_out/meme.xml","results/AHRpeaks_not-in-DHSs.bed.fa/jaspar/meme_out/meme.xml","/Users/filipov4/meme/db/motif_databases/JASPAR/JASPAR2018_CORE_non-redundant.meme"],"options":{"seq_min_hit_score":7,"margin":150,"bin_size":1,"bin_pvalue_calc_range":150,"use_best_secondary":0,"seq_max_shared_fract":0.5,"seq_odds_ratio":20,"bin_pvalue_cutoff":0.05,"motif_evalue_cutoff":10,"redundant_overlap":2,"redundant_joint":0.5,"motif_pseudocount":0.1,"bgfile":"results/AHRpeaks_not-in-DHSs.bed.fa/jaspar/background","motif_trim":0.25,"xalph":0,"seed":1,"bin_max":4},"alphabet":{"name":"DNA","like":"dna","ncore":4,"symbols":[{"symbol":"A","name":"Adenine","colour":"CC0000","complement":"T"},{"symbol":"C","name":"Cytosine","colour":"0000CC","complement":"G"},{"symbol":"G","name":"Guanine","colour":"FFB300","complement":"C"},{"symbol":"T","aliases":"U","name":"Thymine","colour":"008000","complement":"A"},{"symbol":"N","aliases":"X.","name":"Any base","equals":"ACGT"},{"symbol":"V","name":"Not T","equals":"ACG"},{"symbol":"H","name":"Not G","equals":"ACT"},{"symbol":"D","name":"Not C","equals":"AGT"},{"symbol":"B","name":"Not A","equals":"CGT"},{"symbol":"M","name":"Amino","equals":"AC"},{"symbol":"R","name":"Purine","equals":"AG"},{"symbol":"W","name":"Weak","equals":"AT"},{"symbol":"S","name":"Strong","equals":"CG"},{"symbol":"Y","name":"Pyrimidine","equals":"CT"},{"symbol":"K","name":"Keto","equals":"GT"}]},"background":[0.2902,0.2098,0.2098,0.2902],"sequence_dbs":[{"source":"results/AHRpeaks_not-in-DHSs.bed.fa/jaspar/AHRpeaks_not-in-DHSs.bed.fa","name":"AHRpeaks_not-in-DHSs.bed","last_modified":"Thu May 24 11:14:28 2018","loaded":61,"excluded_too_short":1,"excluded_no_match":40,"excluded_ambigs":0,"excluded_similar":4,"erased_primary_matches":2}],"primary_dbs":[{"source":"results/AHRpeaks_not-in-DHSs.bed.fa/jaspar/meme_out/meme.xml","name":"meme.xml","last_modified":"Thu May 24 14:31:14 2018","loaded":6,"excluded":5}],"secondary_dbs":[{"source":"results/AHRpeaks_not-in-DHSs.bed.fa/jaspar/meme_out/meme.xml","name":"meme.xml","last_modified":"Thu May 24 14:31:14 2018","loaded":7,"excluded":1},{"source":"/Users/filipov4/meme/db/motif_databases/JASPAR/JASPAR2018_CORE_non-redundant.meme","name":"JASPAR2018_CORE_non-redundant","last_modified":"Thu Dec  7 14:38:42 2017","loaded":1404,"excluded":0}],"secondary_motifs":[{"db":1,"id":"MA0012.1","alt":"br(var.3)","len":11,"ltrim":0,"rtrim":2,"nsites":12,"url":"http://jaspar2018.genereg.net/matrix/MA0012.1","pwm":[[0.250332,0.0843782,0.0843782,0.58091],[0.7462,0.167023,0.0843782,0.00239835],[0.828844,0.00173389,0.00173389,0.167688],[0.994134,0.00173389,0.00173389,0.00239835],[0.00239835,0.82818,0.0843782,0.0850426],[0.332977,0.00173389,0.00173389,0.663556],[0.828844,0.00173389,0.00173389,0.167688],[0.498266,0.00173389,0.332312,0.167688],[0.498266,0.0843782,0.167023,0.250332],[0.332977,0.249668,0.167023,0.250332],[0.167688,0.249668,0.414957,0.167688]]},{"db":1,"id":"MA0039.3","alt":"KLF4","len":11,"ltrim":0,"rtrim":2,"nsites":969,"url":"http://jaspar2018.genereg.net/matrix/MA0039.3","pwm":[[0.270384,0.496358,0.130039,0.103218],[0.12076,0.668684,0.108369,0.102186],[0.953492,0.0144682,0.0185957,0.0134446],[0.00828509,0.978249,0.00621301,0.0072532],[0.856495,0.00208544,0.126944,0.0144765],[0.0134446,0.943164,0.0185957,0.0247954],[0.0299549,0.938005,0.0175638,0.0144765],[0.0155083,0.96277,0.00414922,0.0175721],[0.267288,0.074317,0.0402655,0.618129],[0.189896,0.287918,0.292046,0.23014],[0.237363,0.304428,0.208462,0.249746]]},{"db":1,"id":"MA0050.2","alt":"IRF1","len":21,"ltrim":3,"rtrim":0,"nsites":1362,"url":"http://jaspar2018.genereg.net/matrix/MA0050.2","pwm":[[0.232016,0.234947,0.195302,0.337736],[0.184296,0.208517,0.18429,0.422897],[0.127031,0.237883,0.155657,0.479428],[0.101336,0.315704,0.108671,0.474288],[0.53963,0.074166,0.265047,0.121157],[0.017641,0.581471,0.3715,0.0293881],[0.00883166,1.54027e-05,1.54027e-05,0.991138],[2.13053e-05,0.0227747,1.54027e-05,0.977189],[2.13053e-05,0.0411284,0.00295219,0.955898],[2.13053e-05,0.916982,1.54027e-05,0.0829812],[0.67031,0.0286473,0.174746,0.126297],[0.0147042,0.5778,0.253301,0.154195],[0.0117674,0.000749349,1.54027e-05,0.987467],[0.00516093,0.0102936,0.00368613,0.980859],[0.00809671,0.0425963,1.54027e-05,0.949291],[0.0125024,0.751061,0.0205719,0.215864],[0.376646,0.179885,0.193099,0.25037],[0.160069,0.340665,0.213656,0.285609],[0.106474,0.136569,0.0837093,0.673247],[0.145385,0.141708,0.0726971,0.640209],[0.121892,0.243023,0.110873,0.524212]]},{"db":1,"id":"MA0051.1","alt":"IRF2","len":18,"ltrim":0,"rtrim":0,"nsites":12,"url":"http://jaspar2018.genereg.net/matrix/MA0051.1","pwm":[[0.00239835,0.332312,0.580246,0.0850426],[0.167688,0.00173389,0.82818,0.00239835],[0.994134,0.00173389,0.00173389,0.00239835],[0.91149,0.00173389,0.00173389,0.0850426],[0.994134,0.00173389,0.00173389,0.00239835],[0.167688,0.00173389,0.82818,0.00239835],[0.00239835,0.497602,0.00173389,0.498266],[0.00239835,0.00173389,0.993469,0.00239835],[0.994134,0.00173389,0.00173389,0.00239835],[0.994134,0.00173389,0.00173389,0.00239835],[0.994134,0.00173389,0.00173389,0.00239835],[0.00239835,0.497602,0.497602,0.00239835],[0.00239835,0.580246,0.167023,0.250332],[0.415622,0.167023,0.249668,0.167688],[0.498266,0.00173389,0.167023,0.332977],[0.498266,0.0843782,0.0843782,0.332977],[0.415622,0.167023,0.0843782,0.332977],[0.250332,0.497602,0.0843782,0.167688]]},{"db":1,"id":"MA0125.1","alt":"Nobox","len":8,"ltrim":0,"rtrim":0,"nsites":38,"url":"http://jaspar2018.genereg.net/matrix/MA0125.1","pwm":[[0.000761679,0.0267976,0.000550657,0.97189],[0.945643,0.000550657,0.000550657,0.0532555],[0.998137,0.000550657,0.000550657,0.000761679],[0.0270086,0.0267976,0.0530445,0.89315],[0.0532555,0.000550657,0.105537,0.840656],[0.394463,0.000550657,0.577978,0.0270086],[0.105748,0.315511,0.472991,0.105748],[0.0532555,0.341758,0.158031,0.446955]]},{"db":1,"id":"MA0126.1","alt":"ovo","len":9,"ltrim":0,"rtrim":1,"nsites":21,"url":"http://jaspar2018.genereg.net/matrix/MA0126.1","pwm":[[0.475309,0.190568,0.000994314,0.333129],[0.0487687,0.190568,0.664502,0.096162],[0.190949,0.0957809,0.0957809,0.617489],[0.949243,0.000994314,0.000994314,0.0487687],[0.996636,0.000994314,0.000994314,0.00137535],[0.00137535,0.996255,0.000994314,0.00137535],[0.333129,0.237961,0.143174,0.285735],[0.00137535,0.000994314,0.996255,0.00137535],[0.238342,0.190568,0.0957809,0.475309]]},{"db":1,"id":"MA0239.1","alt":"prd","len":9,"ltrim":0,"rtrim":1,"nsites":21,"url":"http://jaspar2018.genereg.net/matrix/MA0239.1","pwm":[[0.475309,0.190568,0.000994314,0.333129],[0.0487687,0.190568,0.664502,0.096162],[0.190949,0.0957809,0.0957809,0.617489],[0.949243,0.000994314,0.000994314,0.0487687],[0.996636,0.000994314,0.000994314,0.00137535],[0.00137535,0.996255,0.000994314,0.00137535],[0.333129,0.237961,0.143174,0.285735],[0.00137535,0.000994314,0.996255,0.00137535],[0.238342,0.190568,0.0957809,0.475309]]},{"db":1,"id":"MA0270.1","alt":"AFT2","len":8,"ltrim":1,"rtrim":1,"nsites":100,"url":"http://jaspar2018.genereg.net/matrix/MA0270.1","pwm":[[0.08021,0.44976,0.26994,0.20009],[0.699591,0.000209591,0.29991,0.00028991],[0.00028991,0.999211,0.000209591,0.00028991],[0.999291,0.000209591,0.000209591,0.00028991],[0.00028991,0.999211,0.000209591,0.00028991],[0.00028991,0.999211,0.000209591,0.00028991],[0.00028991,0.999211,0.000209591,0.00028991],[0.0911081,0.424028,0.272664,0.212199]]},{"db":1,"id":"MA0350.1","alt":"TOD6","len":21,"ltrim":6,"rtrim":5,"nsites":998,"url":"http://jaspar2018.genereg.net/matrix/MA0350.1","pwm":[[0.362718,0.188379,0.218436,0.230467],[0.144159,0.213213,0.369353,0.273275],[0.101221,0.261518,0.370725,0.266535],[0.239484,0.327643,0.206413,0.226459],[0.369731,0.116241,0.235468,0.278558],[0.21222,0.36635,0.133141,0.288288],[0.650265,0.050116,0.0962034,0.203416],[0.0672243,0.397173,0.437289,0.0983142],[0.0200671,0.785513,0.193389,0.00103097],[0.00203287,0.0290761,0.0461084,0.922783],[0.00203287,0.992908,0.00202482,0.00303477],[0.977865,2.102e-05,0.00102392,0.02109],[0.00103097,0.00102292,0.0180552,0.979891],[2.90752e-05,0.980866,0.00102392,0.0180813],[0.0521798,0.0190761,0.871549,0.0571953],[0.135287,0.656268,0.186375,0.0220709],[0.181192,0.300291,0.383366,0.135151],[0.232238,0.282275,0.109119,0.376367],[0.187197,0.280273,0.111121,0.421408],[0.306304,0.213213,0.172176,0.308306],[0.201412,0.150307,0.32063,0.327651]]},{"db":1,"id":"MA0351.1","alt":"DOT6","len":21,"ltrim":6,"rtrim":5,"nsites":998,"url":"http://jaspar2018.genereg.net/matrix/MA0351.1","pwm":[[0.278558,0.135278,0.231461,0.354703],[0.194204,0.250246,0.26626,0.289289],[0.156326,0.332653,0.223446,0.287575],[0.131147,0.249245,0.268262,0.351345],[0.239724,0.0852685,0.401185,0.273823],[0.141298,0.480935,0.145297,0.232471],[0.517011,0.0591331,0.138284,0.285571],[0.0791791,0.420821,0.392768,0.107232],[0.0290552,0.770715,0.197198,0.00303177],[0.00603447,0.0520678,0.0830957,0.858802],[0.00103197,0.992901,0.00403262,0.00203487],[0.973879,2.102e-05,0.00102292,0.0250766],[0.00103197,2.102e-05,0.0270993,0.971848],[2.90752e-05,0.970837,0.00102392,0.0281103],[0.0360615,0.00902912,0.87681,0.0780993],[0.223678,0.576693,0.177536,0.0220929],[0.280281,0.265259,0.252248,0.202211],[0.188198,0.298289,0.0720858,0.441426],[0.16334,0.435849,0.208417,0.192395],[0.153474,0.3721,0.183554,0.290873],[0.185382,0.149305,0.202406,0.462909]]},{"db":1,"id":"MA0393.1","alt":"STE12","len":7,"ltrim":0,"rtrim":0,"nsites":28379,"url":"http://jaspar2018.genereg.net/matrix/MA0393.1","pwm":[[1.02258e-06,0.114909,0.00338373,0.881706],[0.150077,7.39277e-07,0.843006,0.006916],[0.954998,7.39277e-07,0.0450006,1.02258e-06],[0.89808,0.00593072,0.0959874,1.02258e-06],[0.999997,7.39277e-07,7.39277e-07,1.02258e-06],[0.00350401,0.993026,7.39277e-07,0.00346901],[0.510628,0.100184,0.313265,0.0759228]]},{"db":1,"id":"MA0406.1","alt":"TEC1","len":8,"ltrim":0,"rtrim":1,"nsites":100,"url":"http://jaspar2018.genereg.net/matrix/MA0406.1","pwm":[[0.51977,0.0701397,0.33987,0.07022],[0.00028991,0.949261,0.0501596,0.00028991],[0.999291,0.000209591,0.000209591,0.00028991],[0.05024,0.000209591,0.000209591,0.949341],[0.00028991,0.000209591,0.000209591,0.999291],[0.00028991,0.9093,0.0901197,0.00028991],[0.00028991,0.67953,0.000209591,0.31997],[0.10019,0.46974,0.15006,0.28001]]},{"db":1,"id":"MA0517.1","alt":"STAT1::STAT2","len":15,"ltrim":0,"rtrim":0,"nsites":620,"url":"http://jaspar2018.genereg.net/matrix/MA0517.1","pwm":[[0.111319,0.10163,0.124208,0.662843],[0.241943,0.370942,0.135496,0.251619],[0.693483,0.011322,0.243543,0.0516515],[0.00488502,0.238705,0.753138,0.00327228],[4.67989e-05,0.00325931,3.38333e-05,0.99666],[0.00488502,0.00325931,3.38333e-05,0.991822],[0.00488502,0.0209985,0.00648479,0.967633],[4.67989e-05,0.93698,3.38333e-05,0.0629397],[0.41127,0.120982,0.308049,0.159698],[0.1726,0.179037,0.259669,0.388694],[0.00649776,0.0209985,0.0161602,0.956345],[0.0161732,0.00325931,3.38333e-05,0.980534],[0.00649776,0.274184,0.00648479,0.712835],[0.0242369,0.788617,0.0145475,0.1726],[0.0452005,0.588649,0.0580895,0.308062]]},{"db":1,"id":"MA0537.1","alt":"blmp-1","len":11,"ltrim":0,"rtrim":0,"nsites":3368,"url":"http://jaspar2018.genereg.net/matrix/MA0537.1","pwm":[[0.566797,6.22904e-06,0.433188,8.61613e-06],[0.918033,6.22904e-06,0.0789829,0.00297753],[0.868748,6.22904e-06,0.131237,8.61613e-06],[0.954849,6.22904e-06,0.0451359,8.61613e-06],[0.250001,6.22904e-06,0.611627,0.138366],[0.343525,0.0994693,0.162709,0.394296],[8.61613e-06,6.22904e-06,0.999977,8.61613e-06],[0.999979,6.22904e-06,6.22904e-06,8.61613e-06],[0.632116,6.22904e-06,0.322444,0.0454353],[0.914767,6.22904e-06,0.07542,0.00980633],[0.518105,0.0380101,0.410623,0.0332616]]},{"db":1,"id":"MA0618.1","alt":"LBX1","len":8,"ltrim":1,"rtrim":0,"nsites":1000,"url":"http://jaspar2018.genereg.net/matrix/MA0618.1","pwm":[[0.217007,0.131008,0.174004,0.477981],[2.90171e-05,0.0490161,2.09779e-05,0.950934],[0.999929,2.09779e-05,2.09779e-05,2.90171e-05],[0.999929,2.09779e-05,2.09779e-05,2.90171e-05],[2.90171e-05,0.261995,2.09779e-05,0.737955],[0.143015,2.09779e-05,0.119009,0.737955],[0.731688,2.09779e-05,0.268262,2.90171e-05],[0.0290551,0.114124,0.799741,0.0570803]]},{"db":1,"id":"MA0623.1","alt":"Neurog1","len":10,"ltrim":1,"rtrim":1,"nsites":999,"url":"http://jaspar2018.genereg.net/matrix/MA0623.1","pwm":[[0.425411,0.113123,0.235232,0.226232],[0.170012,0.591962,0.171004,0.0670223],[0.271002,0.687952,0.0270183,0.0140276],[0.664962,0.0350175,0.187002,0.113018],[0.00102995,0.0640786,0.14315,0.791742],[0.79395,0.141007,0.0560154,0.00902815],[0.0759454,0.150855,0.0110089,0.762191],[0.0120158,0.0010199,0.869065,0.117899],[0.0389861,0.150855,0.421557,0.388601],[0.0920198,0.269994,0.234997,0.402989]]},{"db":1,"id":"MA0977.1","alt":"DOF2.5","len":8,"ltrim":0,"rtrim":0,"nsites":1000,"url":"http://jaspar2018.genereg.net/matrix/MA0977.1","pwm":[[0.755953,0.0260184,0.182003,0.0360254],[0.597969,0.00102088,0.0120198,0.38899],[0.98993,0.00102088,0.00402058,0.00502852],[0.984946,0.00101988,0.00801218,0.00602242],[0.743955,0.00102088,0.253996,0.00102892],[0.00402862,0.00102088,0.976923,0.0180272],[0.00802822,0.198001,0.0650145,0.728956],[0.238243,0.0440606,0.557523,0.160173]]},{"db":1,"id":"MA1117.1","alt":"RELB","len":11,"ltrim":2,"rtrim":2,"nsites":3290,"url":"http://jaspar2018.genereg.net/matrix/MA1117.1","pwm":[[0.241946,0.125839,0.478715,0.153499],[0.374161,0.170518,0.241336,0.213984],[0.861077,0.0386072,0.0477249,0.0525912],[0.0638369,0.0325284,0.0483329,0.855302],[0.027364,0.0313124,0.0161149,0.925209],[0.0437765,0.889949,0.012164,0.0541102],[0.027972,0.941619,0.00851712,0.0218922],[0.0443845,0.915784,0.0176348,0.0221961],[0.0240201,0.92247,0.0325284,0.0209812],[0.241946,0.190882,0.299085,0.268086],[0.216111,0.279937,0.302733,0.201219]]},{"db":1,"id":"MA1173.1","alt":"MYB101","len":15,"ltrim":0,"rtrim":1,"nsites":600,"url":"http://jaspar2018.genereg.net/matrix/MA1173.1","pwm":[[0.544958,0.136679,0.143344,0.175019],[0.614946,0.0883532,0.116683,0.180018],[0.329993,0.414966,0.0783549,0.176686],[0.233342,0.434962,0.0733557,0.258338],[0.299998,0.200002,0.313316,0.186684],[0.266671,0.0850208,0.0783549,0.569953],[0.993216,0.00336741,0.00170168,0.00171508],[0.996549,3.49609e-05,0.00336741,4.83586e-05],[4.83586e-05,0.999868,3.49609e-05,4.83586e-05],[0.0900334,0.706584,0.0816884,0.121695],[0.143357,0.00670085,0.849893,4.83586e-05],[0.611613,0.07169,0.0450275,0.27167],[0.678268,0.120015,0.00336741,0.198348],[0.343324,0.186671,0.0366959,0.433309],[0.231677,0.301652,0.113349,0.353322]]},{"db":1,"id":"MA1186.1","alt":"At1g49010","len":15,"ltrim":3,"rtrim":1,"nsites":599,"url":"http://jaspar2018.genereg.net/matrix/MA1186.1","pwm":[[0.315522,0.253749,0.140246,0.290484],[0.332213,0.171959,0.103524,0.392304],[0.270454,0.186982,0.105192,0.437371],[0.542529,0.108531,0.09017,0.25877],[0.550874,0.0334184,0.0517794,0.363928],[0.0234165,0.535839,0.0517794,0.388966],[0.148605,0.71444,0.111869,0.0250863],[0.0300934,0.0200647,3.50192e-05,0.949807],[0.0401088,0.09017,3.50192e-05,0.869686],[0.998213,3.50192e-05,3.50192e-05,0.00171716],[4.84393e-05,3.50192e-05,3.50192e-05,0.999882],[4.84393e-05,0.999868,3.50192e-05,4.84393e-05],[0.135251,0.465733,0.0067119,0.392304],[0.405657,0.0818244,0.0784859,0.434033],[0.323867,0.337208,0.0400953,0.29883]]},{"db":1,"id":"MA1188.1","alt":"At3g11280","len":14,"ltrim":0,"rtrim":0,"nsites":582,"url":"http://jaspar2018.genereg.net/matrix/MA1188.1","pwm":[[0.620218,0.0790605,0.103111,0.197611],[0.446708,0.0275223,0.0481378,0.477631],[0.0498693,0.560077,0.058445,0.331608],[0.201046,0.618487,0.109983,0.0704848],[4.98539e-05,0.029241,3.60419e-05,0.970673],[0.00692167,0.159803,3.60419e-05,0.83324],[0.999878,3.60419e-05,3.60419e-05,4.98539e-05],[4.98539e-05,0.00519016,0.0103433,0.984417],[4.98539e-05,0.999864,3.60419e-05,4.98539e-05],[0.2062,0.247417,0.0378305,0.508553],[0.209636,0.108264,0.0893677,0.592732],[0.324736,0.33503,0.08765,0.252583],[0.498246,0.0258046,0.0481378,0.427811],[0.192457,0.266313,0.0515732,0.489657]]},{"db":1,"id":"MA1193.1","alt":"At2g38090","len":21,"ltrim":1,"rtrim":0,"nsites":64,"url":"http://jaspar2018.genereg.net/matrix/MA1193.1","pwm":[[0.468471,0.203135,0.171934,0.156459],[0.593276,0.156334,0.125132,0.125258],[0.43727,0.156334,0.187535,0.218861],[0.499673,0.0159279,0.32794,0.156459],[0.374868,0.0315285,0.281139,0.312465],[0.530874,0.0159279,0.000327301,0.452871],[0.265663,0.140733,0.203135,0.390468],[0.406069,0.109532,0.000327301,0.484072],[0.312465,0.000327301,0.655554,0.031654],[0.00045273,0.000327301,0.998767,0.00045273],[0.998893,0.000327301,0.000327301,0.00045273],[0.00045273,0.000327301,0.0159279,0.983292],[0.967691,0.0159279,0.0159279,0.00045273],[0.983292,0.000327301,0.000327301,0.0160534],[0.18766,0.0471292,0.624352,0.140858],[0.281264,0.156334,0.374742,0.18766],[0.655679,0.0627298,0.0471292,0.234462],[0.109657,0.0471292,0.109532,0.733682],[0.406069,0.140733,0.374742,0.0784558],[0.468471,0.093931,0.281139,0.156459],[0.328066,0.000327301,0.374742,0.296865]]},{"db":1,"id":"MA1276.1","alt":"AT3G52440","len":11,"ltrim":1,"rtrim":1,"nsites":599,"url":"http://jaspar2018.genereg.net/matrix/MA1276.1","pwm":[[0.17865,0.343885,0.31217,0.165296],[0.779551,0.0067119,0.171959,0.0417775],[0.580919,3.50192e-05,3.50192e-05,0.41901],[0.999882,3.50192e-05,3.50192e-05,4.84393e-05],[0.999882,3.50192e-05,3.50192e-05,4.84393e-05],[0.999882,3.50192e-05,3.50192e-05,4.84393e-05],[4.84393e-05,3.50192e-05,0.999868,4.84393e-05],[0.00338688,0.0100503,0.365583,0.62098],[0.282138,0.0517794,0.330531,0.335551],[0.580919,0.0801556,0.227042,0.111883],[0.46074,0.218697,0.111869,0.208695]]},{"db":1,"id":"MA1377.1","alt":"PLT1","len":19,"ltrim":0,"rtrim":3,"nsites":195,"url":"http://jaspar2018.genereg.net/matrix/MA1377.1","pwm":[[0.153916,0.0667404,0.497289,0.282055],[0.215423,0.0257354,0.569047,0.189795],[0.0155259,0.876581,0.000107535,0.107786],[0.748483,0.0462379,0.123121,0.0821577],[0.0103995,0.95859,0.0154846,0.0155259],[0.148791,0.02061,0.799697,0.030902],[0.302558,0.210256,0.328144,0.159041],[0.471702,0.0462379,0.0821165,0.399944],[0.189795,0.102619,0.0257354,0.68185],[0.220549,0.420405,0.000107535,0.358939],[0.0667816,0.528042,0.00523291,0.399944],[0.000148744,0.989344,0.000107535,0.0103995],[0.241051,0.0462379,0.64593,0.0667816],[0.968883,0.000107535,0.0308608,0.000148744],[0.0821577,0.0462379,0.727939,0.143665],[0.389693,0.0154846,0.584423,0.0103995],[0.410194,0.317894,0.0513632,0.220549],[0.410194,0.143624,0.251261,0.194921],[0.36919,0.169252,0.276889,0.184669]]},{"db":1,"id":"MA1385.1","alt":"AT2G40260","len":15,"ltrim":0,"rtrim":1,"nsites":600,"url":"http://jaspar2018.genereg.net/matrix/MA1385.1","pwm":[[0.231677,0.214999,0.0450275,0.508297],[0.270003,0.201668,0.09002,0.438308],[0.416646,0.120015,0.111683,0.351657],[0.416646,0.110017,0.190003,0.283334],[0.638275,0.0583582,0.0133657,0.29],[0.768253,3.49609e-05,0.00336741,0.228343],[0.246674,0.25166,0.0583582,0.443307],[0.998215,3.49609e-05,3.49609e-05,0.00171508],[4.83586e-05,3.49609e-05,3.49609e-05,0.999882],[0.00171508,3.49609e-05,3.49609e-05,0.998215],[4.83586e-05,0.999868,3.49609e-05,4.83586e-05],[4.83586e-05,0.323314,0.0150325,0.661605],[0.223344,0.253326,0.0483599,0.474969],[0.126694,0.138345,0.0333624,0.701598],[0.216679,0.145011,0.130013,0.508297]]}],"sequence_names":["chr11:102323700-102324149","chr13:100629600-100630249","chr14:51331750-51332699","chr17:78690100-78690649","chr18:32629450-32630099","chr1:153650950-153651299","chr1:523900-524399","chr2:142015050-142015599","chr2:43826650-43827199","chr5:53039550-53040149","chr9:93712750-93713449"],"primaries":[{"motif":{"db":0,"id":"HRKRAGRKRAMATYRGARRWA","alt":"MEME-5","len":21,"ltrim":0,"rtrim":0,"nsites":15,"evalue":"2.6e-002","pwm":[[0.200597,0.39874,0.0013894,0.399273],[0.465498,0.133839,0.39874,0.00192185],[0.0681474,0.0013894,0.597416,0.333047],[0.465498,0.0676149,0.332515,0.134372],[0.995299,0.0013894,0.0013894,0.00192185],[0.00192185,0.0013894,0.994767,0.00192185],[0.597948,0.0013894,0.39874,0.00192185],[0.00192185,0.0676149,0.332515,0.597948],[0.597948,0.0013894,0.39874,0.00192185],[0.796624,0.0013894,0.200065,0.00192185],[0.531723,0.332515,0.133839,0.00192185],[0.730398,0.0676149,0.0013894,0.200597],[0.266823,0.0013894,0.133839,0.597948],[0.00192185,0.464966,0.200065,0.333047],[0.465498,0.0013894,0.53119,0.00192185],[0.00192185,0.0676149,0.729866,0.200597],[0.862849,0.0013894,0.133839,0.00192185],[0.465498,0.0013894,0.53119,0.00192185],[0.664174,0.0013894,0.332515,0.00192185],[0.664174,0.0013894,0.0013894,0.333047],[0.597948,0.200065,0.200065,0.00192185]]},"secondaries":[[{"idx":19,"counts":[[0,0,0,0,0,0,0,0,0,0,0,0,0,0,0,0,0,0,0,0,0,0,0,0,0,0,0,0,0,0,0,0,0,0,0,0,0,0,0,0,0,0,0,0,0,0,0,0,0,0,0,0,0,0,0,0,0,1,0,0,0,0,0,0,0,0,0,0,0,0,4,0,0,0,0,0,0,0,0,0,0,0,0,0,0,0,0,0,0,0,0,0,0,0,0,0,0,0,0,0,0,0,0,0,0,0,0,0,0,0,0,0,0,0,0,0,0,0,0,0,0,0,0,0,0,0,0,0,0,0,0,0,0,0,0,0,0,0,0,0,0],[0,0,0,0,0,0,0,0,0,0,0,0,0,0,0,0,0,0,0,0,0,0,0,0,0,0,1,0,0,0,0,0,0,0,0,0,0,0,0,0,0,0,0,0,0,0,0,0,0,0,1,0,0,0,0,0,0,0,0,0,0,0,0,0,0,0,0,0,0,0,0,0,0,0,0,0,0,0,0,0,0,0,0,0,0,0,0,0,0,0,0,0,0,0,0,0,0,0,0,0,0,0,0,0,0,0,0,0,0,0,0,0,0,0,0,0,0,0,0,0,0,0,0,0,0,0,0,0,0,0,0,0,0,0,0,0,0,0,0,0,0],[0,0,0,0,0,0,0,0,0,0,0,0,0,0,0,0,0,0,0,0,0,0,0,0,0,0,0,0,0,0,0,0,0,0,0,0,0,0,0,0,0,0,0,0,0,0,0,0,0,0,0,0,0,0,0,0,0,0,0,0,0,0,0,0,0,0,0,0,0,0,0,0,0,0,0,0,0,0,0,0,0,0,0,0,0,0,0,0,0,0,0,0,0,0,0,0,0,0,0,0,0,0,0,0,0,0,1,0,0,0,0,0,0,0,0,0,0,0,0,0,0,0,1,0,0,0,0,0,0,0,0,0,0,0,0,0,0,0,0,0,0],[0,0,0,0,0,0,0,0,0,0,0,0,0,0,0,0,0,0,0,0,0,0,0,0,0,0,0,0,0,0,0,0,0,0,0,0,0,0,0,0,0,0,0,0,0,0,0,0,0,0,0,0,0,0,0,0,0,0,0,0,0,0,0,0,0,0,0,0,0,0,0,0,0,0,0,0,0,0,0,0,0,0,0,0,0,0,0,0,0,0,0,0,0,0,0,0,0,0,0,0,0,0,0,0,0,0,0,0,0,0,0,0,0,0,0,0,0,0,0,0,0,0,0,0,0,0,0,0,0,0,0,0,0,0,0,0,0,1,0,0,0]],"spacings":[{"orient":0,"bin":70,"pvalue":2.11711e-09,"inferred_pwm":[[0.75,0,0,0.25],[0,0,0,1],[0,1,0,0],[0.25,0.75,0,0],[0,0,0,1],[0,0.75,0,0.25],[1,0,0,0],[0,0,0,1],[0,1,0,0],[0,0,0,1],[0,0.75,0,0.25]],"alignment_pwm":[[[0.75,0,0.25,0],[0.25,0,0,0.75],[0,0,1,0],[0.75,0,0.25,0],[0.75,0.25,0,0],[0.75,0,0.25,0],[0,0.75,0.25,0],[0,0,0.25,0.75],[0.25,0,0.75,0],[0.25,0.25,0.5,0],[0.75,0,0,0.25],[0,0,0,1],[0,1,0,0],[0.25,0.75,0,0],[0,0,0,1],[0,0.75,0,0.25],[1,0,0,0],[0,0,0,1],[0,1,0,0],[0,0,0,1],[0,0.75,0,0.25],[0,0.25,0,0.75],[0.25,0.5,0,0.25],[0.75,0.25,0,0],[0.25,0.5,0,0.25],[0,0.25,0,0.75],[0,0,0.25,0.75],[0,0,0.25,0.75],[0.75,0.25,0,0],[0,0.25,0,0.75],[0.75,0,0,0.25],[0,0.5,0.25,0.25],[0.75,0,0.25,0],[0.75,0.25,0,0],[0.75,0,0,0.25],[0.75,0,0,0.25],[1,0,0,0],[0,0,0.25,0.75],[0,1,0,0],[1,0,0,0],[0.5,0.25,0,0.25],[0,0.75,0.25,0],[0,0.5,0,0.5],[0.25,0.75,0,0],[1,0,0,0],[0.75,0,0.25,0],[0,0,1,0],[1,0,0,0],[0.25,0,0,0.75],[0,0.25,0.75,0],[0.25,0,0.75,0],[0.75,0,0.25,0],[0,0.25,0,0.75],[0,0.5,0,0.5],[0.75,0,0,0.25],[0.75,0,0.25,0],[0,0.25,0.75,0],[0,0.25,0.75,0],[0.75,0.25,0,0],[0,0.75,0,0.25],[0,0,0,1],[0.25,0,0,0.75],[0.75,0,0.25,0],[1,0,0,0],[0.75,0,0.25,0],[0.25,0.25,0,0.5],[0,0.75,0.25,0],[0,0,0.25,0.75],[0.75,0,0,0.25],[0.75,0,0.25,0],[0,0,0.75,0.25],[0.75,0,0,0.25],[0,0.5,0,0.5],[0,0.75,0,0.25],[0.25,0,0,0.75],[0.25,0,0.75,0],[1,0,0,0],[0.75,0.25,0,0],[0.75,0,0,0.25],[0.25,0.75,0,0],[0.25,0,0,0.75],[0.25,0.25,0.25,0.25],[0,0.25,0,0.75],[1,0,0,0],[0.75,0,0,0.25],[1,0,0,0],[0.75,0,0,0.25],[0.75,0,0.25,0],[0,0.25,0,0.75],[0.25,0,0,0.75],[0,0.75,0.25,0],[0,0.25,0,0.75],[0.75,0,0.25,0],[0,0,0.75,0.25],[0.75,0,0.25,0],[1,0,0,0],[0,0,1,0],[1,0,0,0],[0,0,0,1],[0.75,0,0.25,0],[1,0,0,0],[0,0.75,0.25,0],[1,0,0,0],[0,0,0,1],[0,0.25,0,0.75],[0.25,0,0.75,0],[0,0,0.75,0.25],[1,0,0,0],[0.75,0,0.25,0],[1,0,0,0],[0.75,0,0,0.25],[1,0,0,0],[0,0.75,0,0.25],[0,0.75,0.25,0],[0.25,0.75,0,0],[0.25,0,0,0.75],[0.25,0,0.25,0.5],[0.25,0.5,0.25,0],[0,0.5,0,0.5],[0.5,0,0.25,0.25],[0,0.25,0.5,0.25],[0.5,0,0,0.5],[0,0.25,0.5,0.25],[0.75,0,0.25,0],[0,0.5,0,0.5],[0,0.25,0,0.75],[0,0,0.5,0.5],[0.25,0,0.75,0],[0.25,0.25,0.25,0.25],[0.25,0,0.25,0.5],[0,0.25,0.25,0.5],[0.75,0,0,0.25],[0.25,0,0.5,0.25],[0.25,0,0.75,0],[0.25,0.5,0.25,0],[1,0,0,0],[0.75,0,0,0.25],[0.25,0,0.5,0.25],[0.25,0,0.5,0.25],[0.75,0.25,0,0],[0.5,0,0,0.5],[0.25,0.25,0,0.5],[0,0,0.25,0.75],[0.25,0.5,0,0.25],[0.5,0.5,0,0],[0.25,0.25,0,0.5],[0.25,0,0.75,0],[0.75,0.25,0,0],[0,0.5,0.5,0],[0.25,0.5,0,0.25],[1,0,0,0],[0.5,0.5,0,0],[0.25,0,0.5,0.25],[0.75,0.25,0,0],[0.75,0,0.25,0],[0.25,0.5,0,0.25],[0.25,0.5,0.25,0],[0.25,0.75,0,0],[0.75,0,0.25,0],[0.5,0.5,0,0],[1,0,0,0],[0.75,0,0.25,0],[0.25,0,0.5,0.25],[0.25,0.5,0,0.25],[0.75,0,0,0.25],[0.5,0.25,0,0.25],[0.75,0,0.25,0],[0.25,0,0.25,0.5],[0,0,0.5,0.5],[0.5,0.5,0,0],[0.75,0,0,0.25],[0.75,0,0,0.25],[0.5,0,0,0.5],[0.75,0,0,0.25],[0.5,0.25,0,0.25],[0.75,0,0,0.25],[0.75,0,0.25,0],[0.75,0,0,0.25],[0,0.5,0.25,0.25],[1,0,0,0],[0.75,0,0,0.25],[0.75,0,0,0.25],[0.25,0,0.75,0],[1,0,0,0],[0,0,0.25,0.75],[0.75,0,0,0.25],[0.5,0,0.5,0],[0.5,0,0,0.5],[0.25,0,0,0.75],[0.5,0,0.25,0.25],[0,0,0.75,0.25],[0,0.5,0.25,0.25],[0.25,0,0.25,0.5],[0.25,0.25,0.5,0],[0,0,0.5,0.5],[0.25,0,0.5,0.25],[0.75,0.25,0,0],[0,0.5,0.25,0.25],[0,0.5,0,0.5],[0,0,0,1],[0.75,0.25,0,0],[0.75,0,0,0.25],[0.25,0,0,0.75]],null,null,null],"seqs":[2,3,8,9]},{"orient":4,"bin":70,"pvalue":3.35841e-08,"inferred_pwm":[[0.75,0,0,0.25],[0,0,0,1],[0,1,0,0],[0.25,0.75,0,0],[0,0,0,1],[0,0.75,0,0.25],[1,0,0,0],[0,0,0,1],[0,1,0,0],[0,0,0,1],[0,0.75,0,0.25]],"alignment_pwm":[[[0.75,0,0.25,0],[0.25,0,0,0.75],[0,0,1,0],[0.75,0,0.25,0],[0.75,0.25,0,0],[0.75,0,0.25,0],[0,0.75,0.25,0],[0,0,0.25,0.75],[0.25,0,0.75,0],[0.25,0.25,0.5,0],[0.75,0,0,0.25],[0,0,0,1],[0,1,0,0],[0.25,0.75,0,0],[0,0,0,1],[0,0.75,0,0.25],[1,0,0,0],[0,0,0,1],[0,1,0,0],[0,0,0,1],[0,0.75,0,0.25],[0,0.25,0,0.75],[0.25,0.5,0,0.25],[0.75,0.25,0,0],[0.25,0.5,0,0.25],[0,0.25,0,0.75],[0,0,0.25,0.75],[0,0,0.25,0.75],[0.75,0.25,0,0],[0,0.25,0,0.75],[0.75,0,0,0.25],[0,0.5,0.25,0.25],[0.75,0,0.25,0],[0.75,0.25,0,0],[0.75,0,0,0.25],[0.75,0,0,0.25],[1,0,0,0],[0,0,0.25,0.75],[0,1,0,0],[1,0,0,0],[0.5,0.25,0,0.25],[0,0.75,0.25,0],[0,0.5,0,0.5],[0.25,0.75,0,0],[1,0,0,0],[0.75,0,0.25,0],[0,0,1,0],[1,0,0,0],[0.25,0,0,0.75],[0,0.25,0.75,0],[0.25,0,0.75,0],[0.75,0,0.25,0],[0,0.25,0,0.75],[0,0.5,0,0.5],[0.75,0,0,0.25],[0.75,0,0.25,0],[0,0.25,0.75,0],[0,0.25,0.75,0],[0.75,0.25,0,0],[0,0.75,0,0.25],[0,0,0,1],[0.25,0,0,0.75],[0.75,0,0.25,0],[1,0,0,0],[0.75,0,0.25,0],[0.25,0.25,0,0.5],[0,0.75,0.25,0],[0,0,0.25,0.75],[0.75,0,0,0.25],[0.75,0,0.25,0],[0,0,0.75,0.25],[0.75,0,0,0.25],[0,0.5,0,0.5],[0,0.75,0,0.25],[0.25,0,0,0.75],[0.25,0,0.75,0],[1,0,0,0],[0.75,0.25,0,0],[0.75,0,0,0.25],[0.25,0.75,0,0],[0.25,0,0,0.75],[0.25,0.25,0.25,0.25],[0,0.25,0,0.75],[1,0,0,0],[0.75,0,0,0.25],[1,0,0,0],[0.75,0,0,0.25],[0.75,0,0.25,0],[0,0.25,0,0.75],[0.25,0,0,0.75],[0,0.75,0.25,0],[0,0.25,0,0.75],[0.75,0,0.25,0],[0,0,0.75,0.25],[0.75,0,0.25,0],[1,0,0,0],[0,0,1,0],[1,0,0,0],[0,0,0,1],[0.75,0,0.25,0],[1,0,0,0],[0,0.75,0.25,0],[1,0,0,0],[0,0,0,1],[0,0.25,0,0.75],[0.25,0,0.75,0],[0,0,0.75,0.25],[1,0,0,0],[0.75,0,0.25,0],[1,0,0,0],[0.75,0,0,0.25],[1,0,0,0],[0,0.75,0,0.25],[0,0.75,0.25,0],[0.25,0.75,0,0],[0.25,0,0,0.75],[0.25,0,0.25,0.5],[0.25,0.5,0.25,0],[0,0.5,0,0.5],[0.5,0,0.25,0.25],[0,0.25,0.5,0.25],[0.5,0,0,0.5],[0,0.25,0.5,0.25],[0.75,0,0.25,0],[0,0.5,0,0.5],[0,0.25,0,0.75],[0,0,0.5,0.5],[0.25,0,0.75,0],[0.25,0.25,0.25,0.25],[0.25,0,0.25,0.5],[0,0.25,0.25,0.5],[0.75,0,0,0.25],[0.25,0,0.5,0.25],[0.25,0,0.75,0],[0.25,0.5,0.25,0],[1,0,0,0],[0.75,0,0,0.25],[0.25,0,0.5,0.25],[0.25,0,0.5,0.25],[0.75,0.25,0,0],[0.5,0,0,0.5],[0.25,0.25,0,0.5],[0,0,0.25,0.75],[0.25,0.5,0,0.25],[0.5,0.5,0,0],[0.25,0.25,0,0.5],[0.25,0,0.75,0],[0.75,0.25,0,0],[0,0.5,0.5,0],[0.25,0.5,0,0.25],[1,0,0,0],[0.5,0.5,0,0],[0.25,0,0.5,0.25],[0.75,0.25,0,0],[0.75,0,0.25,0],[0.25,0.5,0,0.25],[0.25,0.5,0.25,0],[0.25,0.75,0,0],[0.75,0,0.25,0],[0.5,0.5,0,0],[1,0,0,0],[0.75,0,0.25,0],[0.25,0,0.5,0.25],[0.25,0.5,0,0.25],[0.75,0,0,0.25],[0.5,0.25,0,0.25],[0.75,0,0.25,0],[0.25,0,0.25,0.5],[0,0,0.5,0.5],[0.5,0.5,0,0],[0.75,0,0,0.25],[0.75,0,0,0.25],[0.5,0,0,0.5],[0.75,0,0,0.25],[0.5,0.25,0,0.25],[0.75,0,0,0.25],[0.75,0,0.25,0],[0.75,0,0,0.25],[0,0.5,0.25,0.25],[1,0,0,0],[0.75,0,0,0.25],[0.75,0,0,0.25],[0.25,0,0.75,0],[1,0,0,0],[0,0,0.25,0.75],[0.75,0,0,0.25],[0.5,0,0.5,0],[0.5,0,0,0.5],[0.25,0,0,0.75],[0.5,0,0.25,0.25],[0,0,0.75,0.25],[0,0.5,0.25,0.25],[0.25,0,0.25,0.5],[0.25,0.25,0.5,0],[0,0,0.5,0.5],[0.25,0,0.5,0.25],[0.75,0.25,0,0],[0,0.5,0.25,0.25],[0,0.5,0,0.5],[0,0,0,1],[0.75,0.25,0,0],[0.75,0,0,0.25],[0.25,0,0,0.75]],null,null,null],"seqs":[2,3,8,9]},{"orient":5,"bin":70,"pvalue":3.35841e-08,"inferred_pwm":[[0.75,0,0,0.25],[0,0,0,1],[0,1,0,0],[0.25,0.75,0,0],[0,0,0,1],[0,0.75,0,0.25],[1,0,0,0],[0,0,0,1],[0,1,0,0],[0,0,0,1],[0,0.75,0,0.25]],"alignment_pwm":[[[0.75,0,0.25,0],[0.25,0,0,0.75],[0,0,1,0],[0.75,0,0.25,0],[0.75,0.25,0,0],[0.75,0,0.25,0],[0,0.75,0.25,0],[0,0,0.25,0.75],[0.25,0,0.75,0],[0.25,0.25,0.5,0],[0.75,0,0,0.25],[0,0,0,1],[0,1,0,0],[0.25,0.75,0,0],[0,0,0,1],[0,0.75,0,0.25],[1,0,0,0],[0,0,0,1],[0,1,0,0],[0,0,0,1],[0,0.75,0,0.25],[0,0.25,0,0.75],[0.25,0.5,0,0.25],[0.75,0.25,0,0],[0.25,0.5,0,0.25],[0,0.25,0,0.75],[0,0,0.25,0.75],[0,0,0.25,0.75],[0.75,0.25,0,0],[0,0.25,0,0.75],[0.75,0,0,0.25],[0,0.5,0.25,0.25],[0.75,0,0.25,0],[0.75,0.25,0,0],[0.75,0,0,0.25],[0.75,0,0,0.25],[1,0,0,0],[0,0,0.25,0.75],[0,1,0,0],[1,0,0,0],[0.5,0.25,0,0.25],[0,0.75,0.25,0],[0,0.5,0,0.5],[0.25,0.75,0,0],[1,0,0,0],[0.75,0,0.25,0],[0,0,1,0],[1,0,0,0],[0.25,0,0,0.75],[0,0.25,0.75,0],[0.25,0,0.75,0],[0.75,0,0.25,0],[0,0.25,0,0.75],[0,0.5,0,0.5],[0.75,0,0,0.25],[0.75,0,0.25,0],[0,0.25,0.75,0],[0,0.25,0.75,0],[0.75,0.25,0,0],[0,0.75,0,0.25],[0,0,0,1],[0.25,0,0,0.75],[0.75,0,0.25,0],[1,0,0,0],[0.75,0,0.25,0],[0.25,0.25,0,0.5],[0,0.75,0.25,0],[0,0,0.25,0.75],[0.75,0,0,0.25],[0.75,0,0.25,0],[0,0,0.75,0.25],[0.75,0,0,0.25],[0,0.5,0,0.5],[0,0.75,0,0.25],[0.25,0,0,0.75],[0.25,0,0.75,0],[1,0,0,0],[0.75,0.25,0,0],[0.75,0,0,0.25],[0.25,0.75,0,0],[0.25,0,0,0.75],[0.25,0.25,0.25,0.25],[0,0.25,0,0.75],[1,0,0,0],[0.75,0,0,0.25],[1,0,0,0],[0.75,0,0,0.25],[0.75,0,0.25,0],[0,0.25,0,0.75],[0.25,0,0,0.75],[0,0.75,0.25,0],[0,0.25,0,0.75],[0.75,0,0.25,0],[0,0,0.75,0.25],[0.75,0,0.25,0],[1,0,0,0],[0,0,1,0],[1,0,0,0],[0,0,0,1],[0.75,0,0.25,0],[1,0,0,0],[0,0.75,0.25,0],[1,0,0,0],[0,0,0,1],[0,0.25,0,0.75],[0.25,0,0.75,0],[0,0,0.75,0.25],[1,0,0,0],[0.75,0,0.25,0],[1,0,0,0],[0.75,0,0,0.25],[1,0,0,0],[0,0.75,0,0.25],[0,0.75,0.25,0],[0.25,0.75,0,0],[0.25,0,0,0.75],[0.25,0,0.25,0.5],[0.25,0.5,0.25,0],[0,0.5,0,0.5],[0.5,0,0.25,0.25],[0,0.25,0.5,0.25],[0.5,0,0,0.5],[0,0.25,0.5,0.25],[0.75,0,0.25,0],[0,0.5,0,0.5],[0,0.25,0,0.75],[0,0,0.5,0.5],[0.25,0,0.75,0],[0.25,0.25,0.25,0.25],[0.25,0,0.25,0.5],[0,0.25,0.25,0.5],[0.75,0,0,0.25],[0.25,0,0.5,0.25],[0.25,0,0.75,0],[0.25,0.5,0.25,0],[1,0,0,0],[0.75,0,0,0.25],[0.25,0,0.5,0.25],[0.25,0,0.5,0.25],[0.75,0.25,0,0],[0.5,0,0,0.5],[0.25,0.25,0,0.5],[0,0,0.25,0.75],[0.25,0.5,0,0.25],[0.5,0.5,0,0],[0.25,0.25,0,0.5],[0.25,0,0.75,0],[0.75,0.25,0,0],[0,0.5,0.5,0],[0.25,0.5,0,0.25],[1,0,0,0],[0.5,0.5,0,0],[0.25,0,0.5,0.25],[0.75,0.25,0,0],[0.75,0,0.25,0],[0.25,0.5,0,0.25],[0.25,0.5,0.25,0],[0.25,0.75,0,0],[0.75,0,0.25,0],[0.5,0.5,0,0],[1,0,0,0],[0.75,0,0.25,0],[0.25,0,0.5,0.25],[0.25,0.5,0,0.25],[0.75,0,0,0.25],[0.5,0.25,0,0.25],[0.75,0,0.25,0],[0.25,0,0.25,0.5],[0,0,0.5,0.5],[0.5,0.5,0,0],[0.75,0,0,0.25],[0.75,0,0,0.25],[0.5,0,0,0.5],[0.75,0,0,0.25],[0.5,0.25,0,0.25],[0.75,0,0,0.25],[0.75,0,0.25,0],[0.75,0,0,0.25],[0,0.5,0.25,0.25],[1,0,0,0],[0.75,0,0,0.25],[0.75,0,0,0.25],[0.25,0,0.75,0],[1,0,0,0],[0,0,0.25,0.75],[0.75,0,0,0.25],[0.5,0,0.5,0],[0.5,0,0,0.5],[0.25,0,0,0.75],[0.5,0,0.25,0.25],[0,0,0.75,0.25],[0,0.5,0.25,0.25],[0.25,0,0.25,0.5],[0.25,0.25,0.5,0],[0,0,0.5,0.5],[0.25,0,0.5,0.25],[0.75,0.25,0,0],[0,0.5,0.25,0.25],[0,0.5,0,0.5],[0,0,0,1],[0.75,0.25,0,0],[0.75,0,0,0.25],[0.25,0,0,0.75]],null,null,null],"seqs":[2,3,8,9]},{"orient":8,"bin":70,"pvalue":5.28182e-07,"inferred_pwm":[[0.75,0,0,0.25],[0,0,0,1],[0,1,0,0],[0.25,0.75,0,0],[0,0,0,1],[0,0.75,0,0.25],[1,0,0,0],[0,0,0,1],[0,1,0,0],[0,0,0,1],[0,0.75,0,0.25]],"alignment_pwm":[[[0.75,0,0.25,0],[0.25,0,0,0.75],[0,0,1,0],[0.75,0,0.25,0],[0.75,0.25,0,0],[0.75,0,0.25,0],[0,0.75,0.25,0],[0,0,0.25,0.75],[0.25,0,0.75,0],[0.25,0.25,0.5,0],[0.75,0,0,0.25],[0,0,0,1],[0,1,0,0],[0.25,0.75,0,0],[0,0,0,1],[0,0.75,0,0.25],[1,0,0,0],[0,0,0,1],[0,1,0,0],[0,0,0,1],[0,0.75,0,0.25],[0,0.25,0,0.75],[0.25,0.5,0,0.25],[0.75,0.25,0,0],[0.25,0.5,0,0.25],[0,0.25,0,0.75],[0,0,0.25,0.75],[0,0,0.25,0.75],[0.75,0.25,0,0],[0,0.25,0,0.75],[0.75,0,0,0.25],[0,0.5,0.25,0.25],[0.75,0,0.25,0],[0.75,0.25,0,0],[0.75,0,0,0.25],[0.75,0,0,0.25],[1,0,0,0],[0,0,0.25,0.75],[0,1,0,0],[1,0,0,0],[0.5,0.25,0,0.25],[0,0.75,0.25,0],[0,0.5,0,0.5],[0.25,0.75,0,0],[1,0,0,0],[0.75,0,0.25,0],[0,0,1,0],[1,0,0,0],[0.25,0,0,0.75],[0,0.25,0.75,0],[0.25,0,0.75,0],[0.75,0,0.25,0],[0,0.25,0,0.75],[0,0.5,0,0.5],[0.75,0,0,0.25],[0.75,0,0.25,0],[0,0.25,0.75,0],[0,0.25,0.75,0],[0.75,0.25,0,0],[0,0.75,0,0.25],[0,0,0,1],[0.25,0,0,0.75],[0.75,0,0.25,0],[1,0,0,0],[0.75,0,0.25,0],[0.25,0.25,0,0.5],[0,0.75,0.25,0],[0,0,0.25,0.75],[0.75,0,0,0.25],[0.75,0,0.25,0],[0,0,0.75,0.25],[0.75,0,0,0.25],[0,0.5,0,0.5],[0,0.75,0,0.25],[0.25,0,0,0.75],[0.25,0,0.75,0],[1,0,0,0],[0.75,0.25,0,0],[0.75,0,0,0.25],[0.25,0.75,0,0],[0.25,0,0,0.75],[0.25,0.25,0.25,0.25],[0,0.25,0,0.75],[1,0,0,0],[0.75,0,0,0.25],[1,0,0,0],[0.75,0,0,0.25],[0.75,0,0.25,0],[0,0.25,0,0.75],[0.25,0,0,0.75],[0,0.75,0.25,0],[0,0.25,0,0.75],[0.75,0,0.25,0],[0,0,0.75,0.25],[0.75,0,0.25,0],[1,0,0,0],[0,0,1,0],[1,0,0,0],[0,0,0,1],[0.75,0,0.25,0],[1,0,0,0],[0,0.75,0.25,0],[1,0,0,0],[0,0,0,1],[0,0.25,0,0.75],[0.25,0,0.75,0],[0,0,0.75,0.25],[1,0,0,0],[0.75,0,0.25,0],[1,0,0,0],[0.75,0,0,0.25],[1,0,0,0],[0,0.75,0,0.25],[0,0.75,0.25,0],[0.25,0.75,0,0],[0.25,0,0,0.75],[0.25,0,0.25,0.5],[0.25,0.5,0.25,0],[0,0.5,0,0.5],[0.5,0,0.25,0.25],[0,0.25,0.5,0.25],[0.5,0,0,0.5],[0,0.25,0.5,0.25],[0.75,0,0.25,0],[0,0.5,0,0.5],[0,0.25,0,0.75],[0,0,0.5,0.5],[0.25,0,0.75,0],[0.25,0.25,0.25,0.25],[0.25,0,0.25,0.5],[0,0.25,0.25,0.5],[0.75,0,0,0.25],[0.25,0,0.5,0.25],[0.25,0,0.75,0],[0.25,0.5,0.25,0],[1,0,0,0],[0.75,0,0,0.25],[0.25,0,0.5,0.25],[0.25,0,0.5,0.25],[0.75,0.25,0,0],[0.5,0,0,0.5],[0.25,0.25,0,0.5],[0,0,0.25,0.75],[0.25,0.5,0,0.25],[0.5,0.5,0,0],[0.25,0.25,0,0.5],[0.25,0,0.75,0],[0.75,0.25,0,0],[0,0.5,0.5,0],[0.25,0.5,0,0.25],[1,0,0,0],[0.5,0.5,0,0],[0.25,0,0.5,0.25],[0.75,0.25,0,0],[0.75,0,0.25,0],[0.25,0.5,0,0.25],[0.25,0.5,0.25,0],[0.25,0.75,0,0],[0.75,0,0.25,0],[0.5,0.5,0,0],[1,0,0,0],[0.75,0,0.25,0],[0.25,0,0.5,0.25],[0.25,0.5,0,0.25],[0.75,0,0,0.25],[0.5,0.25,0,0.25],[0.75,0,0.25,0],[0.25,0,0.25,0.5],[0,0,0.5,0.5],[0.5,0.5,0,0],[0.75,0,0,0.25],[0.75,0,0,0.25],[0.5,0,0,0.5],[0.75,0,0,0.25],[0.5,0.25,0,0.25],[0.75,0,0,0.25],[0.75,0,0.25,0],[0.75,0,0,0.25],[0,0.5,0.25,0.25],[1,0,0,0],[0.75,0,0,0.25],[0.75,0,0,0.25],[0.25,0,0.75,0],[1,0,0,0],[0,0,0.25,0.75],[0.75,0,0,0.25],[0.5,0,0.5,0],[0.5,0,0,0.5],[0.25,0,0,0.75],[0.5,0,0.25,0.25],[0,0,0.75,0.25],[0,0.5,0.25,0.25],[0.25,0,0.25,0.5],[0.25,0.25,0.5,0],[0,0,0.5,0.5],[0.25,0,0.5,0.25],[0.75,0.25,0,0],[0,0.5,0.25,0.25],[0,0.5,0,0.5],[0,0,0,1],[0.75,0.25,0,0],[0.75,0,0,0.25],[0.25,0,0,0.75]],null,null,null],"seqs":[2,3,8,9]}]},{"idx":20,"counts":[[0,0,0,0,0,0,0,0,0,0,0,0,0,0,0,0,0,0,0,0,0,0,0,0,0,0,0,0,0,0,0,0,0,0,0,0,0,0,0,0,0,0,0,0,0,0,0,0,0,0,0,0,0,0,0,0,0,0,0,0,0,0,0,0,0,0,0,4,0,0,0,0,0,0,0,0,0,0,0,0,0,0,0,0,0,0,0,0,0,0,0,0,0,0,0,0,0,0,0,0,0,0,0,0,0,0,0,0,0,0,0,0,0,0,0,0,0,0,0,0,0,0,0,0,0,0,0,0,0,0,0,0,0,0,0,0,0,0],[0,0,0,0,0,0,0,0,0,0,0,0,0,0,0,0,0,0,0,0,0,0,0,0,0,0,1,0,0,0,0,0,0,0,0,0,0,0,0,1,0,0,0,0,0,0,0,0,0,0,1,0,0,0,0,0,0,0,0,0,0,0,0,0,0,0,1,0,0,0,0,0,0,0,0,0,0,0,0,0,0,0,0,0,0,0,0,0,0,0,1,0,0,0,0,0,0,0,0,0,0,0,0,0,0,0,0,0,0,0,0,0,0,0,0,0,0,0,0,0,0,0,0,0,0,0,0,0,0,0,0,0,0,0,0,0,0,0],[0,0,0,0,0,0,0,0,0,0,0,0,0,0,0,0,0,0,0,0,0,0,0,0,0,0,0,0,0,0,0,0,0,0,0,0,0,0,1,0,0,0,0,0,0,0,0,0,0,0,0,0,0,0,0,0,0,0,0,0,0,0,0,0,0,0,0,0,0,0,0,0,0,0,0,0,0,0,0,0,0,0,0,0,0,0,0,0,0,0,0,0,0,0,0,0,0,0,0,0,0,0,0,0,0,0,0,0,0,0,0,0,0,0,0,0,0,0,0,0,0,0,1,0,0,0,0,0,0,0,0,0,0,0,0,0,0,0],[0,0,0,0,0,0,0,0,0,0,0,0,0,0,0,0,0,0,0,0,0,0,0,0,0,0,0,0,0,0,0,0,0,0,0,0,0,0,0,0,0,0,0,0,0,0,0,0,0,0,0,0,0,0,0,0,0,0,0,0,0,0,0,0,0,0,0,0,0,0,0,0,0,0,0,0,0,0,0,0,0,0,0,0,0,0,0,0,0,0,0,0,0,0,0,0,0,0,0,0,0,0,0,0,0,0,0,0,0,0,0,0,0,0,0,0,0,0,0,0,0,0,0,0,0,0,0,0,0,0,0,0,0,0,1,0,0,0]],"spacings":[{"orient":0,"bin":67,"pvalue":5.42511e-09,"inferred_pwm":[[0.75,0,0,0.25],[0,0,0,1],[0,1,0,0],[0.25,0.75,0,0],[0,0,0,1],[0,0.75,0,0.25],[1,0,0,0],[0,0,0,1],[0,1,0,0],[0,0,0,1],[0,0.75,0,0.25],[0,0.25,0,0.75],[0.25,0.5,0,0.25],[0.75,0.25,0,0]],"alignment_pwm":[[[0.75,0,0.25,0],[0.25,0,0,0.75],[0,0,1,0],[0.75,0,0.25,0],[0.75,0.25,0,0],[0.75,0,0.25,0],[0,0.75,0.25,0],[0,0,0.25,0.75],[0.25,0,0.75,0],[0.25,0.25,0.5,0],[0.75,0,0,0.25],[0,0,0,1],[0,1,0,0],[0.25,0.75,0,0],[0,0,0,1],[0,0.75,0,0.25],[1,0,0,0],[0,0,0,1],[0,1,0,0],[0,0,0,1],[0,0.75,0,0.25],[0,0.25,0,0.75],[0.25,0.5,0,0.25],[0.75,0.25,0,0],[0.25,0.5,0,0.25],[0,0.25,0,0.75],[0,0,0.25,0.75],[0,0,0.25,0.75],[0.75,0.25,0,0],[0,0.25,0,0.75],[0.75,0,0,0.25],[0,0.5,0.25,0.25],[0.75,0,0.25,0],[0.75,0.25,0,0],[0.75,0,0,0.25],[0.75,0,0,0.25],[1,0,0,0],[0,0,0.25,0.75],[0,1,0,0],[1,0,0,0],[0.5,0.25,0,0.25],[0,0.75,0.25,0],[0,0.5,0,0.5],[0.25,0.75,0,0],[1,0,0,0],[0.75,0,0.25,0],[0,0,1,0],[1,0,0,0],[0.25,0,0,0.75],[0,0.25,0.75,0],[0.25,0,0.75,0],[0.75,0,0.25,0],[0,0.25,0,0.75],[0,0.5,0,0.5],[0.75,0,0,0.25],[0.75,0,0.25,0],[0,0.25,0.75,0],[0,0.25,0.75,0],[0.75,0.25,0,0],[0,0.75,0,0.25],[0,0,0,1],[0.25,0,0,0.75],[0.75,0,0.25,0],[1,0,0,0],[0.75,0,0.25,0],[0.25,0.25,0,0.5],[0,0.75,0.25,0],[0,0,0.25,0.75],[0.75,0,0,0.25],[0.75,0,0.25,0],[0,0,0.75,0.25],[0.75,0,0,0.25],[0,0.5,0,0.5],[0,0.75,0,0.25],[0.25,0,0,0.75],[0.25,0,0.75,0],[1,0,0,0],[0.75,0.25,0,0],[0.75,0,0,0.25],[0.25,0.75,0,0],[0.25,0,0,0.75],[0.25,0.25,0.25,0.25],[0,0.25,0,0.75],[1,0,0,0],[0.75,0,0,0.25],[1,0,0,0],[0.75,0,0,0.25],[0.75,0,0.25,0],[0,0.25,0,0.75],[0.25,0,0,0.75],[0,0.75,0.25,0],[0,0.25,0,0.75],[0.75,0,0.25,0],[0,0,0.75,0.25],[0.75,0,0.25,0],[1,0,0,0],[0,0,1,0],[1,0,0,0],[0,0,0,1],[0.75,0,0.25,0],[1,0,0,0],[0,0.75,0.25,0],[1,0,0,0],[0,0,0,1],[0,0.25,0,0.75],[0.25,0,0.75,0],[0,0,0.75,0.25],[1,0,0,0],[0.75,0,0.25,0],[1,0,0,0],[0.75,0,0,0.25],[1,0,0,0],[0,0.75,0,0.25],[0,0.75,0.25,0],[0.25,0.75,0,0],[0.25,0,0,0.75],[0.25,0,0.25,0.5],[0.25,0.5,0.25,0],[0,0.5,0,0.5],[0.5,0,0.25,0.25],[0,0.25,0.5,0.25],[0.5,0,0,0.5],[0,0.25,0.5,0.25],[0.75,0,0.25,0],[0,0.5,0,0.5],[0,0.25,0,0.75],[0,0,0.5,0.5],[0.25,0,0.75,0],[0.25,0.25,0.25,0.25],[0.25,0,0.25,0.5],[0,0.25,0.25,0.5],[0.75,0,0,0.25],[0.25,0,0.5,0.25],[0.25,0,0.75,0],[0.25,0.5,0.25,0],[1,0,0,0],[0.75,0,0,0.25],[0.25,0,0.5,0.25],[0.25,0,0.5,0.25],[0.75,0.25,0,0],[0.5,0,0,0.5],[0.25,0.25,0,0.5],[0,0,0.25,0.75],[0.25,0.5,0,0.25],[0.5,0.5,0,0],[0.25,0.25,0,0.5],[0.25,0,0.75,0],[0.75,0.25,0,0],[0,0.5,0.5,0],[0.25,0.5,0,0.25],[1,0,0,0],[0.5,0.5,0,0],[0.25,0,0.5,0.25],[0.75,0.25,0,0],[0.75,0,0.25,0],[0.25,0.5,0,0.25],[0.25,0.5,0.25,0],[0.25,0.75,0,0],[0.75,0,0.25,0],[0.5,0.5,0,0],[1,0,0,0],[0.75,0,0.25,0],[0.25,0,0.5,0.25],[0.25,0.5,0,0.25],[0.75,0,0,0.25],[0.5,0.25,0,0.25],[0.75,0,0.25,0],[0.25,0,0.25,0.5],[0,0,0.5,0.5],[0.5,0.5,0,0],[0.75,0,0,0.25],[0.75,0,0,0.25],[0.5,0,0,0.5],[0.75,0,0,0.25],[0.5,0.25,0,0.25],[0.75,0,0,0.25],[0.75,0,0.25,0],[0.75,0,0,0.25],[0,0.5,0.25,0.25],[1,0,0,0],[0.75,0,0,0.25],[0.75,0,0,0.25],[0.25,0,0.75,0],[1,0,0,0],[0,0,0.25,0.75],[0.75,0,0,0.25],[0.5,0,0.5,0],[0.5,0,0,0.5],[0.25,0,0,0.75],[0.5,0,0.25,0.25],[0,0,0.75,0.25],[0,0.5,0.25,0.25],[0.25