<!DOCTYPE HTML>
<html>
  <head>
    <meta charset="UTF-8">
    <title>SpaMo - Spaced Motif Analysis</title>
    <script type="text/javascript">
      //@JSON_VAR data
      var data = {"program":"SpaMo","version":"4.12.0","revision":"aacc9c3eb8c7b460b344d5c8aa1458097dae704d","release":"Tue Jun 27 16:22:50 2017 -0700","host":"Sudins-iMac.local","when":"Thu May 24 14:23:45 2018","cmd":["spamo","-verbosity","1","-oc","results/AHRpeaks_not-in-DHSs-withAHREs.bed-499.fa/hocomoco/spamo_out_1","-bgfile","results/AHRpeaks_not-in-DHSs-withAHREs.bed-499.fa/hocomoco/background","-primary","RGCTTTTGCAYGRCAAADGGAACAGTSAR","results/AHRpeaks_not-in-DHSs-withAHREs.bed-499.fa/hocomoco/AHRpeaks_not-in-DHSs-withAHREs.bed-499.fa","results/AHRpeaks_not-in-DHSs-withAHREs.bed-499.fa/hocomoco/meme_out/meme.xml","results/AHRpeaks_not-in-DHSs-withAHREs.bed-499.fa/hocomoco/meme_out/meme.xml","results/AHRpeaks_not-in-DHSs-withAHREs.bed-499.fa/hocomoco/dreme_out/dreme.xml","/Users/filipov4/meme/db/motif_databases/HUMAN/HOCOMOCOv11_full_HUMAN_mono_meme_format.meme"],"options":{"seq_min_hit_score":7,"margin":150,"bin_size":1,"bin_pvalue_calc_range":150,"use_best_secondary":0,"seq_max_shared_fract":0.5,"seq_odds_ratio":20,"bin_pvalue_cutoff":0.05,"motif_evalue_cutoff":10,"redundant_overlap":2,"redundant_joint":0.5,"motif_pseudocount":0.1,"bgfile":"results/AHRpeaks_not-in-DHSs-withAHREs.bed-499.fa/hocomoco/background","motif_trim":0.25,"xalph":0,"seed":1,"bin_max":3},"alphabet":{"name":"DNA","like":"dna","ncore":4,"symbols":[{"symbol":"A","name":"Adenine","colour":"CC0000","complement":"T"},{"symbol":"C","name":"Cytosine","colour":"0000CC","complement":"G"},{"symbol":"G","name":"Guanine","colour":"FFB300","complement":"C"},{"symbol":"T","aliases":"U","name":"Thymine","colour":"008000","complement":"A"},{"symbol":"N","aliases":"X.","name":"Any base","equals":"ACGT"},{"symbol":"V","name":"Not T","equals":"ACG"},{"symbol":"H","name":"Not G","equals":"ACT"},{"symbol":"D","name":"Not C","equals":"AGT"},{"symbol":"B","name":"Not A","equals":"CGT"},{"symbol":"M","name":"Amino","equals":"AC"},{"symbol":"R","name":"Purine","equals":"AG"},{"symbol":"W","name":"Weak","equals":"AT"},{"symbol":"S","name":"Strong","equals":"CG"},{"symbol":"Y","name":"Pyrimidine","equals":"CT"},{"symbol":"K","name":"Keto","equals":"GT"}]},"background":[0.3192,0.1808,0.1808,0.3192],"sequence_dbs":[{"source":"results/AHRpeaks_not-in-DHSs-withAHREs.bed-499.fa/hocomoco/AHRpeaks_not-in-DHSs-withAHREs.bed-499.fa","name":"AHRpeaks_not-in-DHSs-withAHREs.bed-499","last_modified":"Thu May 24 11:14:35 2018","loaded":15,"excluded_too_short":0,"excluded_no_match":10,"excluded_ambigs":0,"excluded_similar":0,"erased_primary_matches":0}],"primary_dbs":[{"source":"results/AHRpeaks_not-in-DHSs-withAHREs.bed-499.fa/hocomoco/meme_out/meme.xml","name":"meme.xml","last_modified":"Thu May 24 14:23:21 2018","loaded":6,"excluded":5}],"secondary_dbs":[{"source":"results/AHRpeaks_not-in-DHSs-withAHREs.bed-499.fa/hocomoco/meme_out/meme.xml","name":"meme.xml","last_modified":"Thu May 24 14:23:21 2018","loaded":7,"excluded":1},{"source":"results/AHRpeaks_not-in-DHSs-withAHREs.bed-499.fa/hocomoco/dreme_out/dreme.xml","name":"dreme.xml","last_modified":"Thu May 24 14:23:22 2018","loaded":1,"excluded":0},{"source":"/Users/filipov4/meme/db/motif_databases/HUMAN/HOCOMOCOv11_full_HUMAN_mono_meme_format.meme","name":"HOCOMOCOv11_full_HUMAN_mono_meme_format","last_modified":"Wed Dec  6 21:59:30 2017","loaded":771,"excluded":0}],"secondary_motifs":[{"db":2,"id":"BRCA1_HUMAN.H11MO.0.D","len":9,"ltrim":1,"rtrim":0,"nsites":73,"evalue":"1.0e+000","url":"http://hocomoco.autosome.ru/motif/BRCA1_HUMAN.H11MO.0.D","pwm":[[0.144278,0.197178,0.29032,0.368224],[0.189654,0.000247333,0.275364,0.534735],[0.0284299,0.125257,0.153251,0.693062],[0.0564232,0.344387,0.481456,0.117733],[0.0284299,0.149883,0.450566,0.371121],[0.000436662,0.000247333,0.869524,0.129792],[0.000436662,0.0282406,0.000247333,0.971075],[0.000436662,0.000247333,0.000247333,0.999069],[0.0634215,0.0733721,0.827778,0.0354282]]},{"db":2,"id":"CDC5L_HUMAN.H11MO.0.D","len":15,"ltrim":0,"rtrim":0,"nsites":10,"evalue":"1.0e+000","url":"http://hocomoco.autosome.ru/motif/CDC5L_HUMAN.H11MO.0.D","pwm":[[0.151675,0.150305,0.645354,0.0526653],[0.00316039,0.19981,0.39783,0.3992],[0.20118,0.0017901,0.793869,0.00316039],[0.49821,0.1008,0.1008,0.30019],[0.00316039,0.1008,0.29882,0.59722],[0.20118,0.0017901,0.19981,0.59722],[0.10217,0.0017901,0.0017901,0.89425],[0.89425,0.0017901,0.1008,0.00316039],[0.79524,0.0017901,0.0017901,0.20118],[0.10217,0.59585,0.0017901,0.30019],[0.59722,0.0017901,0.29882,0.10217],[0.20118,0.1008,0.0017901,0.69623],[0.79524,0.1008,0.1008,0.00316039],[0.59722,0.0017901,0.1008,0.30019],[0.0774178,0.274067,0.175057,0.473457]]},{"db":2,"id":"FOXA1_HUMAN.H11MO.0.A","len":12,"ltrim":0,"rtrim":2,"nsites":500,"evalue":"1.0e+000","url":"http://hocomoco.autosome.ru/motif/FOXA1_HUMAN.H11MO.0.A","pwm":[[0.0160606,3.61528e-05,3.61528e-05,0.983867],[0.246015,0.00403535,0.749886,6.38272e-05],[0.00206343,3.61528e-05,3.61528e-05,0.997864],[0.00406303,3.61528e-05,0.056025,0.939876],[6.38272e-05,3.61528e-05,0.144007,0.855893],[0.781907,3.61528e-05,0.205995,0.0120614],[0.00806223,0.797877,0.00803455,0.186027],[0.318,0.138009,0.00403535,0.539956],[0.0320574,0.313973,0.108015,0.545955],[0.463971,0.0200322,0.016033,0.499964],[0.21802,0.0980166,0.493937,0.190026],[0.108042,0.259984,0.393957,0.238016]]},{"db":2,"id":"FOXA2_HUMAN.H11MO.0.A","len":12,"ltrim":0,"rtrim":1,"nsites":500,"evalue":"1.0e+000","url":"http://hocomoco.autosome.ru/motif/FOXA2_HUMAN.H11MO.0.A","pwm":[[0.0160606,3.61528e-05,0.00203575,0.981867],[0.196025,0.00203575,0.799876,0.00206343],[6.38272e-05,0.00403535,3.61528e-05,0.995865],[0.00206343,3.61528e-05,0.0440274,0.953873],[6.38272e-05,3.61528e-05,0.144007,0.855893],[0.757912,3.61528e-05,0.235989,0.00606263],[0.00806223,0.887859,0.00203575,0.102043],[0.401983,0.122012,3.61528e-05,0.475969],[0.044055,0.409954,0.120012,0.425979],[0.563951,0.00803455,0.0400282,0.387986],[0.190026,0.096017,0.549926,0.164031],[0.128038,0.357965,0.28198,0.232017]]},{"db":2,"id":"FOXA3_HUMAN.H11MO.0.B","len":13,"ltrim":2,"rtrim":0,"nsites":500,"evalue":"1.0e+000","url":"http://hocomoco.autosome.ru/motif/FOXA3_HUMAN.H11MO.0.B","pwm":[[0.158032,0.465943,0.215993,0.160032],[0.228018,0.249986,0.0780206,0.443975],[0.0120614,3.61528e-05,0.00603495,0.981867],[0.246015,0.00803455,0.737889,0.00806223],[0.00806223,0.0220318,0.0140334,0.955873],[0.00606263,3.61528e-05,0.036029,0.957872],[0.00806223,3.61528e-05,0.271982,0.71992],[0.855893,0.00603495,0.114013,0.024059],[0.00406303,0.873861,0.0220318,0.100044],[0.36799,0.152006,0.00803455,0.471969],[0.094045,0.23199,0.106015,0.56795],[0.425979,0.0140334,0.0540254,0.505963],[0.154033,0.116013,0.577921,0.152033]]},{"db":2,"id":"FOXB1_HUMAN.H11MO.0.D","len":17,"ltrim":1,"rtrim":1,"nsites":7038,"evalue":"1.0e+000","url":"http://hocomoco.autosome.ru/motif/FOXB1_HUMAN.H11MO.0.D","pwm":[[0.219282,0.162615,0.422576,0.195528],[0.0892773,0.143925,0.225753,0.541045],[0.353902,0.384066,0.161097,0.100936],[0.803095,0.0550284,0.0564857,0.0853911],[0.724187,0.082359,0.0299686,0.163485],[0.00346566,0.00334225,0.0160938,0.977098],[0.646658,0.000943752,0.349995,0.00240304],[0.013424,0.000670506,0.00929296,0.976613],[0.0133633,0.000245455,0.0268415,0.95955],[0.00294953,0.000518702,0.279352,0.71718],[0.960036,0.000488341,0.0383786,0.00109752],[0.00313169,0.897339,0.0107806,0.088749],[0.774926,0.014181,0.0334905,0.177402],[0.0308207,0.143761,0.0300901,0.795328],[0.717605,0.0169742,0.0435703,0.221851],[0.573756,0.062819,0.256399,0.107026],[0.123907,0.357172,0.327127,0.191793]]},{"db":2,"id":"FOXD3_HUMAN.H11MO.0.D","len":15,"ltrim":2,"rtrim":3,"nsites":465,"evalue":"1.0e+000","url":"http://hocomoco.autosome.ru/motif/FOXD3_HUMAN.H11MO.0.D","pwm":[[0.157024,0.176345,0.298899,0.367731],[0.118323,0.217196,0.266648,0.397833],[0.135523,0.0064891,0.0559408,0.802047],[0.03877,0.0688413,0.872969,0.0194193],[0.0925219,0.0516407,0.0365902,0.819247],[0.0366199,0.111843,0.0494906,0.802047],[0.0538205,3.88734e-05,0.0946422,0.851498],[0.339781,0.199996,0.225797,0.234427],[0.0581207,0.59991,0.0623911,0.279578],[0.294629,0.202146,0.0408903,0.462335],[0.109722,0.223647,0.0709914,0.595639],[0.404283,0.0473405,0.146244,0.402133],[0.230127,0.141944,0.427904,0.200026],[0.101122,0.363402,0.348351,0.187125],[0.356981,0.292449,0.111843,0.238727]]},{"db":2,"id":"FOXF1_HUMAN.H11MO.0.D","len":11,"ltrim":1,"rtrim":0,"nsites":8,"evalue":"1.0e+000","url":"http://hocomoco.autosome.ru/motif/FOXF1_HUMAN.H11MO.0.D","pwm":[[0.414253,0.151106,0.151106,0.283534],[0.00394074,0.0022321,0.0022321,0.991595],[0.13466,0.0022321,0.859167,0.00394074],[0.00394074,0.0022321,0.0022321,0.991595],[0.00394074,0.0022321,0.0022321,0.991595],[0.00394074,0.0022321,0.0022321,0.991595],[0.730157,0.0675916,0.198311,0.00394074],[0.00394074,0.132951,0.0022321,0.860876],[0.0220961,0.151106,0.151106,0.675691],[0.265379,0.169262,0.0022321,0.563127],[0.432408,0.0022321,0.0385429,0.526817]]},{"db":2,"id":"FOXF2_HUMAN.H11MO.0.D","len":11,"ltrim":0,"rtrim":0,"nsites":26,"evalue":"1.0e+000","url":"http://hocomoco.autosome.ru/motif/FOXF2_HUMAN.H11MO.0.D","pwm":[[0.0164163,0.0158861,0.0158861,0.951811],[0.146886,0.000692721,0.820812,0.0316097],[0.00122299,0.000692721,0.0310794,0.967005],[0.12277,0.000692721,0.000692721,0.875845],[0.12277,0.000692721,0.0310794,0.845458],[0.770805,0.000692721,0.227279,0.00122299],[0.00122299,0.782333,0.0310794,0.185365],[0.284819,0.255724,0.0593625,0.400095],[0.0417252,0.0411949,0.0108082,0.906272],[0.48114,0.000692721,0.0310794,0.487088],[0.254432,0.0108082,0.35712,0.377639]]},{"db":2,"id":"FOXJ2_HUMAN.H11MO.0.C","len":10,"ltrim":0,"rtrim":0,"nsites":41,"evalue":"1.0e+000","url":"http://hocomoco.autosome.ru/motif/FOXJ2_HUMAN.H11MO.0.C","pwm":[[0.000776642,0.0241288,0.000439903,0.974655],[0.308733,0.000439903,0.642673,0.0481545],[0.000776642,0.000439903,0.0241288,0.974655],[0.000776642,0.000439903,0.000439903,0.998344],[0.000776642,0.000439903,0.000439903,0.998344],[0.548254,0.000439903,0.450529,0.000776642],[0.000776642,0.192583,0.000439903,0.8062],[0.119221,0.216272,0.000439903,0.664067],[0.000776642,0.0241288,0.237329,0.737765],[0.465343,0.0833511,0.130729,0.320577]]},{"db":2,"id":"FOXJ3_HUMAN.H11MO.1.B","len":13,"ltrim":0,"rtrim":0,"nsites":613,"evalue":"1.0e+000","url":"http://hocomoco.autosome.ru/motif/FOXJ3_HUMAN.H11MO.1.B","pwm":[[0.12627,0.100124,0.122342,0.651264],[0.0348052,2.94895e-05,0.390453,0.574712],[0.0300438,2.94895e-05,0.516085,0.453841],[5.20632e-05,2.94895e-05,2.94895e-05,0.999889],[0.054742,2.94895e-05,0.115335,0.829893],[0.396797,2.94895e-05,0.115345,0.487829],[0.356269,0.0774949,2.94895e-05,0.566207],[5.20632e-05,2.94895e-05,2.94895e-05,0.999889],[0.163669,2.94895e-05,0.836249,5.20632e-05],[5.20632e-05,2.94895e-05,2.94895e-05,0.999889],[5.20632e-05,2.94895e-05,2.94895e-05,0.999889],[5.20632e-05,2.94895e-05,0.0127045,0.987214],[0.645563,0.104689,0.116946,0.132803]]},{"db":2,"id":"FOXK1_HUMAN.H11MO.0.A","len":10,"ltrim":0,"rtrim":0,"nsites":500,"evalue":"1.0e+000","url":"http://hocomoco.autosome.ru/motif/FOXK1_HUMAN.H11MO.0.A","pwm":[[0.0200598,0.00803455,0.0100342,0.961871],[0.0760486,0.0200322,0.895857,0.00806223],[0.00606263,0.086019,0.0200322,0.887886],[0.00206343,0.0100342,0.100016,0.887886],[0.0200598,0.0200322,0.166003,0.793905],[0.491965,0.251986,0.0620238,0.194025],[0.024059,0.655905,0.0400282,0.280008],[0.304003,0.233989,0.110014,0.351993],[0.154033,0.211994,0.150006,0.483967],[0.116041,0.227991,0.144007,0.511961]]},{"db":2,"id":"FOXM1_HUMAN.H11MO.0.A","len":12,"ltrim":0,"rtrim":2,"nsites":500,"evalue":"1.0e+000","url":"http://hocomoco.autosome.ru/motif/FOXM1_HUMAN.H11MO.0.A","pwm":[[0.0560526,0.0240314,0.0340294,0.885887],[0.252013,0.0220318,0.715893,0.0100618],[0.0260586,0.0300302,0.056025,0.887886],[6.38272e-05,0.0680226,0.0620238,0.86989],[0.00206343,0.00203575,0.0720218,0.923879],[0.32,0.0540254,0.587919,0.0380562],[0.074049,0.745887,0.0180326,0.162031],[0.246015,0.160004,0.0380286,0.555953],[0.0480542,0.289978,0.142008,0.51996],[0.359992,0.0380286,0.0280306,0.573949],[0.108042,0.160004,0.445947,0.286007],[0.166031,0.341968,0.257985,0.234017]]},{"db":2,"id":"FOXO1_HUMAN.H11MO.0.A","len":12,"ltrim":3,"rtrim":1,"nsites":500,"evalue":"1.0e+000","url":"http://hocomoco.autosome.ru/motif/FOXO1_HUMAN.H11MO.0.A","pwm":[[0.186027,0.160004,0.259984,0.393985],[0.0960446,0.309974,0.255985,0.337996],[0.0600518,0.451946,0.253985,0.234017],[0.0400558,0.477941,0.170002,0.312001],[0.00606263,0.0120338,0.0140334,0.96787],[0.0320574,0.0340294,0.917853,0.0160606],[0.00406303,0.185999,0.016033,0.793905],[0.0100618,0.0300302,0.0620238,0.897884],[0.0120614,0.0400282,0.221992,0.725919],[0.403983,0.223991,0.0520258,0.32],[0.00606263,0.691898,0.0520258,0.250014],[0.226019,0.263983,0.176001,0.333997]]},{"db":2,"id":"FOXO3_HUMAN.H11MO.0.B","len":10,"ltrim":2,"rtrim":1,"nsites":500,"evalue":"1.0e+000","url":"http://hocomoco.autosome.ru/motif/FOXO3_HUMAN.H11MO.0.B","pwm":[[0.112041,0.393957,0.261984,0.232017],[0.0580522,0.365963,0.187999,0.387986],[0.0200598,0.00603495,3.61528e-05,0.973869],[0.0520534,0.00403535,0.941848,0.00206343],[6.38272e-05,0.00603495,0.00603495,0.987866],[0.00406303,0.00203575,0.0300302,0.963871],[0.00206343,0.0100342,0.140008,0.847894],[0.779908,0.0580246,0.0200322,0.142035],[0.00206343,0.861864,0.00803455,0.128038],[0.383987,0.259984,0.046027,0.310002]]},{"db":2,"id":"FOXO4_HUMAN.H11MO.0.C","len":9,"ltrim":0,"rtrim":0,"nsites":28,"evalue":"1.0e+000","url":"http://hocomoco.autosome.ru/motif/FOXO4_HUMAN.H11MO.0.C","pwm":[[0.0371519,0.108691,0.108691,0.745466],[0.00113594,0.000643417,0.000643417,0.997577],[0.00113594,0.000643417,0.997085,0.00113594],[0.00113594,0.000643417,0.000643417,0.997577],[0.00113594,0.000643417,0.000643417,0.997577],[0.00113594,0.000643417,0.148709,0.849512],[0.70945,0.000643417,0.0366594,0.253248],[0.0371519,0.348798,0.180723,0.433327],[0.00113594,0.108691,0.360803,0.52937]]},{"db":2,"id":"FOXO6_HUMAN.H11MO.0.D","len":13,"ltrim":3,"rtrim":0,"nsites":3383,"evalue":"1.0e+000","url":"http://hocomoco.autosome.ru/motif/FOXO6_HUMAN.H11MO.0.D","pwm":[[0.448563,0.121344,0.161544,0.26855],[0.359148,0.173219,0.14839,0.319243],[0.117949,0.371262,0.361804,0.148985],[0.385824,0.0210659,0.0881641,0.504946],[0.000600609,0.000300931,0.00118769,0.997911],[0.00178296,5.34422e-06,0.998202,9.43513e-06],[9.43513e-06,0.000300931,0.000300931,0.999389],[0.00148737,0.000300931,0.0390228,0.959189],[9.43513e-06,0.000300931,0.104348,0.895342],[0.938276,0.019588,0.00865126,0.0334847],[0.00481272,0.881815,0.00983361,0.103539],[0.271654,0.117649,0.46319,0.147507],[0.215123,0.16014,0.104569,0.520168]]},{"db":2,"id":"FOXP1_HUMAN.H11MO.0.A","len":9,"ltrim":0,"rtrim":0,"nsites":295,"evalue":"1.0e+000","url":"http://hocomoco.autosome.ru/motif/FOXP1_HUMAN.H11MO.0.A","pwm":[[0.0577158,0.138997,0.176273,0.627014],[0.0136629,0.281322,0.31182,0.393195],[0.00688553,0.0203934,0.0305594,0.942162],[0.0204403,0.0407254,0.840454,0.0983799],[0.000108167,0.0170047,0.0576689,0.925218],[0.00688553,0.0949444,0.0407254,0.857445],[0.0102742,0.013616,0.0813896,0.89472],[0.525354,0.345707,0.0373368,0.0916026],[0.0170516,0.484643,0.0102273,0.488078]]},{"db":2,"id":"FOXP2_HUMAN.H11MO.0.C","len":9,"ltrim":1,"rtrim":1,"nsites":500,"evalue":"1.0e+000","url":"http://hocomoco.autosome.ru/motif/FOXP2_HUMAN.H11MO.0.C","pwm":[[0.0720494,0.399956,0.215993,0.312001],[0.00606263,0.00403535,0.0140334,0.975869],[0.0400558,0.00803455,0.947847,0.00406303],[0.00606263,0.0140334,0.0120338,0.96787],[0.00206343,0.0100342,0.0880186,0.899884],[6.38272e-05,3.61528e-05,0.174001,0.825899],[0.787906,0.100016,0.0340294,0.0780482],[0.00806223,0.747887,0.0300302,0.214021],[0.339996,0.289978,0.104015,0.266011]]},{"db":2,"id":"FUBP1_HUMAN.H11MO.0.D","len":12,"ltrim":0,"rtrim":0,"nsites":102,"evalue":"1.0e+000","url":"http://hocomoco.autosome.ru/motif/FUBP1_HUMAN.H11MO.0.D","pwm":[[0.00269125,0.163245,0.0310991,0.802965],[0.000312634,0.475901,0.019206,0.50458],[0.000312634,0.000177082,0.980169,0.0193416],[0.000312634,0.000177082,0.0297777,0.969733],[0.285747,0.179895,0.305698,0.22866],[0.125058,0.21901,0.104836,0.551095],[0.0764285,0.0752358,0.257068,0.591268],[0.0193416,0.0858074,0.0858074,0.809044],[0.0573995,0.0858074,0.0858074,0.770986],[0.066914,0.104836,0.180952,0.647297],[0.104972,0.122808,0.171438,0.600782],[0.100215,0.0895075,0.119108,0.69117]]},{"db":2,"id":"GATA2_HUMAN.H11MO.1.A","len":11,"ltrim":1,"rtrim":1,"nsites":500,"evalue":"1.0e+000","url":"http://hocomoco.autosome.ru/motif/GATA2_HUMAN.H11MO.1.A","pwm":[[0.349994,0.116013,0.33197,0.202023],[0.164031,0.435949,0.347967,0.0520534],[0.751913,0.0100342,0.00603495,0.232017],[6.38272e-05,0.00203575,0.993837,0.00406303],[0.977868,0.0140334,0.00603495,0.00206343],[0.0160606,0.0400282,0.0480266,0.895885],[0.861891,0.0500262,0.0300302,0.0580522],[0.76991,0.0220318,0.185999,0.0220594],[0.148034,0.239988,0.567923,0.044055],[0.41798,0.174001,0.369962,0.0380562],[0.41798,0.144007,0.273981,0.164031]]},{"db":2,"id":"GLI1_HUMAN.H11MO.0.D","len":12,"ltrim":1,"rtrim":0,"nsites":500,"evalue":"1.0e+000","url":"http://hocomoco.autosome.ru/motif/GLI1_HUMAN.H11MO.0.D","pwm":[[0.112041,0.391958,0.183999,0.312001],[0.034057,0.471942,0.399956,0.094045],[0.0700498,0.076021,0.0120338,0.841895],[0.0200598,0.0280306,0.905855,0.0460546],[0.0100618,0.0120338,0.763883,0.214021],[0.0120614,0.0400282,0.947847,6.38272e-05],[0.0660506,0.0220318,0.0200322,0.891885],[0.0120614,0.00803455,0.973841,0.00606263],[0.0160606,0.00403535,0.937849,0.0420554],[0.014061,0.237989,0.152006,0.595945],[0.0420554,0.87986,0.0420278,0.0360566],[0.116041,0.359964,0.0600242,0.463971]]},{"db":2,"id":"GLI3_HUMAN.H11MO.0.B","len":11,"ltrim":1,"rtrim":1,"nsites":15,"evalue":"1.0e+000","url":"http://hocomoco.autosome.ru/motif/GLI3_HUMAN.H11MO.0.B","pwm":[[0.103164,0.300923,0.294072,0.30184],[0.00211391,0.0697061,0.00119735,0.926983],[0.00211391,0.00119735,0.926066,0.0706227],[0.00211391,0.0697061,0.857557,0.0706227],[0.00211391,0.00119735,0.994575,0.00211391],[0.00211391,0.00119735,0.00119735,0.995491],[0.00211391,0.00119735,0.994575,0.00211391],[0.00211391,0.00119735,0.857557,0.139131],[0.0706227,0.00119735,0.0697061,0.858474],[0.0706227,0.652031,0.0697061,0.20764],[0.103164,0.369432,0.170757,0.356647]]},{"db":2,"id":"MIXL1_HUMAN.H11MO.0.D","len":11,"ltrim":0,"rtrim":0,"nsites":220,"evalue":"1.0e+000","url":"http://hocomoco.autosome.ru/motif/MIXL1_HUMAN.H11MO.0.D","pwm":[[0.183016,0.132976,0.591859,0.0921487],[0.120545,0.26587,0.21135,0.402235],[0.0274054,0.0227991,0.0227991,0.926996],[0.950849,0.00121799,0.0375651,0.0103677],[0.981517,0.0137123,0.00462553,0.000145025],[0.000145025,8.21446e-05,0.00462553,0.995147],[0.0092318,0.0546028,0.0273425,0.908823],[0.524906,0.138656,0.220437,0.116001],[0.345443,0.136384,0.440791,0.0773826],[0.540808,0.127297,0.186361,0.145533],[0.0876053,0.182954,0.182954,0.546488]]},{"db":2,"id":"NF2L1_HUMAN.H11MO.0.C","len":7,"ltrim":1,"rtrim":1,"nsites":112,"evalue":"1.0e+000","url":"http://hocomoco.autosome.ru/motif/NF2L1_HUMAN.H11MO.0.C","pwm":[[0.429207,0.248875,0.0801135,0.241805],[0.216064,0.0467034,0.709521,0.0277116],[0.000284746,0.000161285,0.00721389,0.99234],[0.0297831,0.891492,0.00192444,0.0768004],[0.942972,0.0213191,0.00721389,0.0284952],[0.0136063,0.160162,0.0608086,0.765423],[0.173748,0.226269,0.291143,0.30884]]},{"db":2,"id":"SPDEF_HUMAN.H11MO.0.D","len":14,"ltrim":1,"rtrim":3,"nsites":1889,"evalue":"1.0e+000","url":"http://hocomoco.autosome.ru/motif/SPDEF_HUMAN.H11MO.0.D","pwm":[[0.348359,0.161076,0.323942,0.166622],[0.52136,0.0984108,0.0381948,0.342034],[0.229934,0.493556,0.227569,0.0489418],[0.00492009,0.986804,0.00450112,0.0037748],[0.375757,0.61968,0.00303381,0.00152902],[1.68969e-05,9.57071e-06,0.999957,1.68969e-05],[0.100139,0.0179758,0.72892,0.152965],[0.998819,9.57071e-06,9.57071e-06,0.00116219],[0.403034,0.000284691,0.000284691,0.596396],[0.172724,0.14549,0.547293,0.134493],[0.551785,0.0947863,0.0623012,0.291128],[0.458422,0.196446,0.132827,0.212305],[0.178272,0.205214,0.489949,0.126566],[0.184772,0.170002,0.168534,0.476692]]}],"sequence_names":["chr16:78330900-78331399","chr17:78690100-78690649","chr2:223843200-223843749","chr4:131057400-131058299","chr5:53039550-53040149"],"primaries":[{"motif":{"db":0,"id":"RGCTTTTGCAYGRCAAADGGAACAGTSAR","alt":"MEME-1","len":29,"ltrim":0,"rtrim":0,"nsites":5,"evalue":"4.5e-006","pwm":[[0.398416,0.0035451,0.59178,0.00625882],[0.202337,0.199624,0.59178,0.00625882],[0.00625882,0.59178,0.199624,0.202337],[0.00625882,0.199624,0.0035451,0.790573],[0.00625882,0.199624,0.0035451,0.790573],[0.00625882,0.0035451,0.0035451,0.986651],[0.00625882,0.199624,0.0035451,0.790573],[0.00625882,0.0035451,0.983937,0.00625882],[0.00625882,0.983937,0.0035451,0.00625882],[0.986651,0.0035451,0.0035451,0.00625882],[0.00625882,0.59178,0.0035451,0.398416],[0.00625882,0.0035451,0.983937,0.00625882],[0.398416,0.0035451,0.59178,0.00625882],[0.202337,0.59178,0.199624,0.00625882],[0.790573,0.0035451,0.199624,0.00625882],[0.790573,0.199624,0.0035451,0.00625882],[0.986651,0.0035451,0.0035451,0.00625882],[0.398416,0.0035451,0.395702,0.202337],[0.00625882,0.0035451,0.983937,0.00625882],[0.00625882,0.199624,0.59178,0.202337],[0.986651,0.0035451,0.0035451,0.00625882],[0.790573,0.0035451,0.199624,0.00625882],[0.00625882,0.787859,0.199624,0.00625882],[0.790573,0.0035451,0.0035451,0.202337],[0.00625882,0.0035451,0.983937,0.00625882],[0.00625882,0.0035451,0.199624,0.790573],[0.00625882,0.59178,0.395702,0.00625882],[0.790573,0.0035451,0.0035451,0.202337],[0.398416,0.0035451,0.59178,0.00625882]]},"secondaries":[[{"idx":5,"counts":[[0,0,0,0,0,0,0,0,0,0,0,0,0,0,0,0,0,0,0,0,0,0,0,0,0,0,0,0,0,0,0,0,0,0,0,0,0,0,0,0,0,0,0,0,0,0,0,0,0,0,0,0,0,0,0,0,0,0,0,0,0,0,0,0,0,0,0,0,0,0,0,0,0,0,0,0,0,0,0,0,0,0,0,0,0,0,0,0,0,0,0,0,0,0,0,0,0,0,0,0,0,0,0,0,0,0,0,0,0,0,0,0,0,0,0,0,0,0,0,0,0,0,0,0,0,0,0,0,0,0,0,0,0,0,0,0,0],[0,0,0,0,0,0,0,0,0,0,0,0,0,0,0,0,0,0,0,0,0,0,0,0,0,0,0,0,0,0,0,0,0,0,0,0,0,0,0,0,0,0,0,0,0,0,0,0,0,0,0,0,0,0,0,0,0,0,0,0,0,0,0,0,0,0,0,0,0,0,0,0,0,0,0,0,0,0,0,0,0,0,0,0,0,0,0,0,0,0,0,0,0,0,0,0,0,0,0,0,0,0,0,0,0,0,0,0,0,0,0,0,0,0,0,0,0,0,0,0,0,0,0,0,0,0,0,0,1,0,0,0,0,0,0,0,0],[0,0,0,0,0,0,0,0,0,0,0,0,0,0,0,0,0,0,0,0,0,0,0,0,0,0,0,0,0,0,0,0,0,0,0,0,0,0,0,0,0,0,0,0,0,0,0,0,0,0,0,0,0,0,0,0,0,0,0,0,0,0,0,0,0,0,0,0,0,0,0,0,0,0,0,0,0,0,0,0,0,0,0,0,0,0,0,0,0,0,0,0,0,0,0,0,0,0,0,0,0,0,0,0,0,0,0,0,0,0,0,0,0,0,0,0,0,0,0,0,0,0,0,0,0,0,0,0,0,0,0,0,0,0,0,0,0],[3,0,0,0,0,0,0,0,0,0,0,0,0,0,0,0,0,0,0,0,0,0,0,0,0,0,0,0,0,0,0,0,0,0,0,0,0,0,0,0,0,0,0,0,0,0,0,0,0,0,0,0,0,0,0,0,0,0,0,0,0,0,0,0,0,0,0,0,0,0,0,0,0,0,0,0,0,0,0,0,0,0,0,0,0,0,0,0,0,0,0,0,0,0,0,0,0,0,0,0,0,0,0,0,0,0,0,0,0,0,0,0,0,0,0,0,0,0,0,0,0,0,0,0,0,0,0,0,0,0,0,0,0,0,0,0,0]],"spacings":[{"orient":3,"bin":0,"pvalue":2.48121e-08,"inferred_pwm":[[0,0,0,1],[0,0,1,0],[0,0,0,1],[0,1,0,0],[0,0,0,1],[0,0,1,0],[0,0,0,1],[0,0,0,1],[0,0,0,1],[1,0,0,0],[0,1,0,0],[0,0,0,1],[0,1,0,0],[0,0,0,1],[0,0,1,0]],"alignment_pwm":[null,null,null,[[0.333333,0,0,0.666667],[0.666667,0,0,0.333333],[0.333333,0,0.666667,0],[0,0.666667,0.333333,0],[0,0.333333,0,0.666667],[0,0,0.666667,0.333333],[0,0,1,0],[0,0,1,0],[0.666667,0,0.333333,0],[0.333333,0.666667,0,0],[0,0.333333,0,0.666667],[0,0.333333,0,0.666667],[0.666667,0,0,0.333333],[1,0,0,0],[0.333333,0,0,0.666667],[0,0,0,1],[0.333333,0,0,0.666667],[1,0,0,0],[1,0,0,0],[0.333333,0.666667,0,0],[0,0.666667,0,0.333333],[0.666667,0,0,0.333333],[1,0,0,0],[1,0,0,0],[0,0,1,0],[0.333333,0,0.666667,0],[0.333333,0.333333,0.333333,0],[0,0.666667,0.333333,0],[0,0,0,1],[0,0,0,1],[0,0,0,1],[0,0,0,1],[0,0,1,0],[0,1,0,0],[1,0,0,0],[0,0.666667,0,0.333333],[0,0,1,0],[0.333333,0,0.666667,0],[0,1,0,0],[1,0,0,0],[1,0,0,0],[1,0,0,0],[0.666667,0,0.333333,0],[0,0,1,0],[0,0,1,0],[1,0,0,0],[1,0,0,0],[0,1,0,0],[1,0,0,0],[0,0,1,0],[0,0,0,1],[0,1,0,0],[1,0,0,0],[0,0,1,0],[0,1,0,0],[1,0,0,0],[0,0,1,0],[1,0,0,0],[0,0,1,0],[0,0,0,1],[1,0,0,0],[1,0,0,0],[1,0,0,0],[0,1,0,0],[1,0,0,0],[0,0,1,0],[1,0,0,0],[0,1,0,0],[1,0,0,0],[1,0,0,0],[0,1,0,0],[0,1,0,0],[0.333333,0.666667,0,0],[0.666667,0.333333,0,0],[0.666667,0.333333,0,0],[0.666667,0,0.333333,0],[0.333333,0,0.333333,0.333333],[0.333333,0,0.333333,0.333333],[0,0,0.333333,0.666667]]],"seqs":[1,3,4]},{"orient":5,"bin":0,"pvalue":1.98223e-07,"inferred_pwm":[[0,0,0,1],[0,0,1,0],[0,0,0,1],[0,1,0,0],[0,0,0,1],[0,0,1,0],[0,0,0,1],[0,0,0,1],[0,0,0,1],[1,0,0,0],[0,1,0,0],[0,0,0,1],[0,1,0,0],[0,0,0,1],[0,0,1,0]],"alignment_pwm":[null,null,null,[[0.333333,0,0,0.666667],[0.666667,0,0,0.333333],[0.333333,0,0.666667,0],[0,0.666667,0.333333,0],[0,0.333333,0,0.666667],[0,0,0.666667,0.333333],[0,0,1,0],[0,0,1,0],[0.666667,0,0.333333,0],[0.333333,0.666667,0,0],[0,0.333333,0,0.666667],[0,0.333333,0,0.666667],[0.666667,0,0,0.333333],[1,0,0,0],[0.333333,0,0,0.666667],[0,0,0,1],[0.333333,0,0,0.666667],[1,0,0,0],[1,0,0,0],[0.333333,0.666667,0,0],[0,0.666667,0,0.333333],[0.666667,0,0,0.333333],[1,0,0,0],[1,0,0,0],[0,0,1,0],[0.333333,0,0.666667,0],[0.333333,0.333333,0.333333,0],[0,0.666667,0.333333,0],[0,0,0,1],[0,0,0,1],[0,0,0,1],[0,0,0,1],[0,0,1,0],[0,1,0,0],[1,0,0,0],[0,0.666667,0,0.333333],[0,0,1,0],[0.333333,0,0.666667,0],[0,1,0,0],[1,0,0,0],[1,0,0,0],[1,0,0,0],[0.666667,0,0.333333,0],[0,0,1,0],[0,0,1,0],[1,0,0,0],[1,0,0,0],[0,1,0,0],[1,0,0,0],[0,0,1,0],[0,0,0,1],[0,1,0,0],[1,0,0,0],[0,0,1,0],[0,1,0,0],[1,0,0,0],[0,0,1,0],[1,0,0,0],[0,0,1,0],[0,0,0,1],[1,0,0,0],[1,0,0,0],[1,0,0,0],[0,1,0,0],[1,0,0,0],[0,0,1,0],[1,0,0,0],[0,1,0,0],[1,0,0,0],[1,0,0,0],[0,1,0,0],[0,1,0,0],[0.333333,0.666667,0,0],[0.666667,0.333333,0,0],[0.666667,0.333333,0,0],[0.666667,0,0.333333,0],[0.333333,0,0.333333,0.333333],[0.333333,0,0.333333,0.333333],[0,0,0.333333,0.666667]]],"seqs":[1,3,4]},{"orient":7,"bin":0,"pvalue":1.98223e-07,"inferred_pwm":[[0,0,0,1],[0,0,1,0],[0,0,0,1],[0,1,0,0],[0,0,0,1],[0,0,1,0],[0,0,0,1],[0,0,0,1],[0,0,0,1],[1,0,0,0],[0,1,0,0],[0,0,0,1],[0,1,0,0],[0,0,0,1],[0,0,1,0]],"alignment_pwm":[null,null,null,[[0.333333,0,0,0.666667],[0.666667,0,0,0.333333],[0.333333,0,0.666667,0],[0,0.666667,0.333333,0],[0,0.333333,0,0.666667],[0,0,0.666667,0.333333],[0,0,1,0],[0,0,1,0],[0.666667,0,0.333333,0],[0.333333,0.666667,0,0],[0,0.333333,0,0.666667],[0,0.333333,0,0.666667],[0.666667,0,0,0.333333],[1,0,0,0],[0.333333,0,0,0.666667],[0,0,0,1],[0.333333,0,0,0.666667],[1,0,0,0],[1,0,0,0],[0.333333,0.666667,0,0],[0,0.666667,0,0.333333],[0.666667,0,0,0.333333],[1,0,0,0],[1,0,0,0],[0,0,1,0],[0.333333,0,0.666667,0],[0.333333,0.333333,0.333333,0],[0,0.666667,0.333333,0],[0,0,0,1],[0,0,0,1],[0,0,0,1],[0,0,0,1],[0,0,1,0],[0,1,0,0],[1,0,0,0],[0,0.666667,0,0.333333],[0,0,1,0],[0.333333,0,0.666667,0],[0,1,0,0],[1,0,0,0],[1,0,0,0],[1,0,0,0],[0.666667,0,0.333333,0],[0,0,1,0],[0,0,1,0],[1,0,0,0],[1,0,0,0],[0,1,0,0],[1,0,0,0],[0,0,1,0],[0,0,0,1],[0,1,0,0],[1,0,0,0],[0,0,1,0],[0,1,0,0],[1,0,0,0],[0,0,1,0],[1,0,0,0],[0,0,1,0],[0,0,0,1],[1,0,0,0],[1,0,0,0],[1,0,0,0],[0,1,0,0],[1,0,0,0],[0,0,1,0],[1,0,0,0],[0,1,0,0],[1,0,0,0],[1,0,0,0],[0,1,0,0],[0,1,0,0],[0.333333,0.666667,0,0],[0.666667,0.333333,0,0],[0.666667,0.333333,0,0],[0.666667,0,0.333333,0],[0.333333,0,0.333333,0.333333],[0.333333,0,0.333333,0.333333],[0,0,0.333333,0.666667]]],"seqs":[1,3,4]},{"orient":8,"bin":0,"pvalue":1.5814e-06,"inferred_pwm":[[0,0,0,1],[0,0,1,0],[0,0,0,1],[0,1,0,0],[0,0,0,1],[0,0,1,0],[0,0,0,1],[0,0,0,1],[0,0,0,1],[1,0,0,0],[0,1,0,0],[0,0,0,1],[0,1,0,0],[0,0,0,1],[0,0,1,0]],"alignment_pwm":[null,null,null,[[0.333333,0,0,0.666667],[0.666667,0,0,0.333333],[0.333333,0,0.666667,0],[0,0.666667,0.333333,0],[0,0.333333,0,0.666667],[0,0,0.666667,0.333333],[0,0,1,0],[0,0,1,0],[0.666667,0,0.333333,0],[0.333333,0.666667,0,0],[0,0.333333,0,0.666667],[0,0.333333,0,0.666667],[0.666667,0,0,0.333333],[1,0,0,0],[0.333333,0,0,0.666667],[0,0,0,1],[0.333333,0,0,0.666667],[1,0,0,0],[1,0,0,0],[0.333333,0.666667,0,0],[0,0.666667,0,0.333333],[0.666667,0,0,0.333333],[1,0,0,0],[1,0,0,0],[0,0,1,0],[0.333333,0,0.666667,0],[0.333333,0.333333,0.333333,0],[0,0.666667,0.333333,0],[0,0,0,1],[0,0,0,1],[0,0,0,1],[0,0,0,1],[0,0,1,0],[0,1,0,0],[1,0,0,0],[0,0.666667,0,0.333333],[0,0,1,0],[0.333333,0,0.666667,0],[0,1,0,0],[1,0,0,0],[1,0,0,0],[1,0,0,0],[0.666667,0,0.333333,0],[0,0,1,0],[0,0,1,0],[1,0,0,0],[1,0,0,0],[0,1,0,0],[1,0,0,0],[0,0,1,0],[0,0,0,1],[0,1,0,0],[1,0,0,0],[0,0,1,0],[0,1,0,0],[1,0,0,0],[0,0,1,0],[1,0,0,0],[0,0,1,0],[0,0,0,1],[1,0,0,0],[1,0,0,0],[1,0,0,0],[0,1,0,0],[1,0,0,0],[0,0,1,0],[1,0,0,0],[0,1,0,0],[1,0,0,0],[1,0,0,0],[0,1,0,0],[0,1,0,0],[0.333333,0.666667,0,0],[0.666667,0.333333,0,0],[0.666667,0.333333,0,0],[0.666667,0,0.333333,0],[0.333333,0,0.333333,0.333333],[0.333333,0,0.333333,0.333333],[0,0,0.333333,0.666667]]],"seqs":[1,3,4]}]}],[{"idx":14,"counts":[[0,0,0,0,0,1,0,0,0,0,0,0,0,0,0,0,0,0,0,0,0,0,0,0,0,0,0,0,0,0,0,0,0,0,0,0,0,0,0,0,0,0,0,0,0,0,0,0,0,0,0,0,0,0,0,0,0,0,0,0,0,0,0,0,1,0,0,0,0,0,0,0,0,0,0,0,0,0,0,0,0,0,0,0,0,1,0,0,0,0,0,0,0,0,0,0,0,0,0,0,0,0,0,0,0,0,0,0,0,0,0,0,0,0,0,0,0,0,0,0,0,0,0,0,0,0,0,0,0,0,0,0,0,0,0,0,0,0,0,0,0,0,0,0,0],[0,0,0,0,0,0,0,0,0,0,0,0,0,0,0,0,0,0,0,0,0,0,0,0,0,0,0,0,0,0,0,0,0,0,0,0,0,0,0,0,0,0,0,0,0,0,0,0,0,0,0,0,0,0,0,0,0,0,0,0,0,0,0,0,0,0,0,0,0,0,0,0,0,0,0,0,0,0,0,0,0,0,0,0,0,0,0,0,0,0,0,0,0,0,0,0,0,0,0,0,0,0,0,0,0,0,0,0,0,0,0,0,0,0,0,0,0,0,0,0,0,0,0,0,0,0,0,0,0,0,0,0,0,0,0,0,0,0,0,0,0,0,0,0,0],[0,0,0,0,0,0,0,0,0,0,0,0,0,0,0,0,0,0,0,0,0,0,0,0,0,0,0,0,0,0,0,0,0,0,0,0,0,0,0,0,0,0,0,0,0,0,0,0,0,0,0,0,0,0,0,0,0,0,0,0,0,0,0,0,0,0,0,0,0,0,0,0,0,0,0,0,0,0,0,0,0,0,0,0,0,0,0,0,0,0,0,0,0,0,0,0,0,0,0,0,0,0,0,0,0,0,0,0,0,0,0,0,0,0,0,0,0,0,0,0,0,0,0,0,0,0,0,0,0,0,0,0,0,0,0,0,0,0,0,0,0,0,0,0,0],[0,0,0,0,3,0,0,0,0,0,0,0,0,0,0,0,0,0,0,0,0,0,0,0,0,0,0,0,0,0,0,0,0,0,0,0,0,0,0,0,0,0,0,0,0,0,0,0,0,0,0,0,0,0,0,0,0,0,0,0,0,0,0,0,0,0,0,0,0,0,0,0,0,0,0,0,0,0,0,0,0,0,0,0,0,0,0,0,0,0,0,0,0,0,0,0,0,0,0,0,0,0,0,0,0,0,0,0,0,0,0,0,0,0,0,0,0,0,0,0,0,0,0,0,0,0,0,0,0,0,0,0,0,0,0,0,0,0,0,0,0,0,0,0,0]],"spacings":[{"orient":3,"bin":4,"pvalue":1.04247e-07,"inferred_pwm":[[0,0,0,1],[0,0,1,0],[0,0,0,1],[0,0,0,1],[0,0,0,1],[1,0,0,0],[0,1,0,0]],"alignment_pwm":[null,null,null,[[0,0.333333,0,0.666667],[0,0,0.666667,0.333333],[0,0,1,0],[0,0,1,0],[0.666667,0,0.333333,0],[0.333333,0.666667,0,0],[0,0.333333,0,0.666667],[0,0.333333,0,0.666667],[0.666667,0,0,0.333333],[1,0,0,0],[0.333333,0,0,0.666667],[0,0,0,1],[0.333333,0,0,0.666667],[1,0,0,0],[1,0,0,0],[0.333333,0.666667,0,0],[0,0.666667,0,0.333333],[0.666667,0,0,0.333333],[1,0,0,0],[1,0,0,0],[0,0,1,0],[0.333333,0,0.666667,0],[0.333333,0.333333,0.333333,0],[0,0.666667,0.333333,0],[0,0,0,1],[0,0,0,1],[0,0,0,1],[0,0,0,1],[0,0,1,0],[0,1,0,0],[1,0,0,0],[0,0.666667,0,0.333333],[0,0,1,0],[0.333333,0,0.666667,0],[0,1,0,0],[1,0,0,0],[1,0,0,0],[1,0,0,0],[0.666667,0,0.333333,0],[0,0,1,0],[0,0,1,0],[1,0,0,0],[1,0,0,0],[0,1,0,0],[1,0,0,0],[0,0,1,0],[0,0,0,1],[0,1,0,0],[1,0,0,0],[0,0,1,0],[0,1,0,0],[1,0,0,0],[0,0,1,0],[1,0,0,0],[0,0,1,0],[0,0,0,1],[1,0,0,0],[1,0,0,0],[1,0,0,0],[0,1,0,0],[1,0,0,0],[0,0,1,0],[1,0,0,0],[0,1,0,0],[1,0,0,0],[1,0,0,0],[0,1,0,0],[0,1,0,0],[0.333333,0.666667,0,0],[0.666667,0.333333,0,0],[0.666667,0.333333,0,0]]],"seqs":[1,3,4]},{"orient":5,"bin":4,"pvalue":8.30722e-07,"inferred_pwm":[[0,0,0,1],[0,0,1,0],[0,0,0,1],[0,0,0,1],[0,0,0,1],[1,0,0,0],[0,1,0,0]],"alignment_pwm":[null,null,null,[[0,0.333333,0,0.666667],[0,0,0.666667,0.333333],[0,0,1,0],[0,0,1,0],[0.666667,0,0.333333,0],[0.333333,0.666667,0,0],[0,0.333333,0,0.666667],[0,0.333333,0,0.666667],[0.666667,0,0,0.333333],[1,0,0,0],[0.333333,0,0,0.666667],[0,0,0,1],[0.333333,0,0,0.666667],[1,0,0,0],[1,0,0,0],[0.333333,0.666667,0,0],[0,0.666667,0,0.333333],[0.666667,0,0,0.333333],[1,0,0,0],[1,0,0,0],[0,0,1,0],[0.333333,0,0.666667,0],[0.333333,0.333333,0.333333,0],[0,0.666667,0.333333,0],[0,0,0,1],[0,0,0,1],[0,0,0,1],[0,0,0,1],[0,0,1,0],[0,1,0,0],[1,0,0,0],[0,0.666667,0,0.333333],[0,0,1,0],[0.333333,0,0.666667,0],[0,1,0,0],[1,0,0,0],[1,0,0,0],[1,0,0,0],[0.666667,0,0.333333,0],[0,0,1,0],[0,0,1,0],[1,0,0,0],[1,0,0,0],[0,1,0,0],[1,0,0,0],[0,0,1,0],[0,0,0,1],[0,1,0,0],[1,0,0,0],[0,0,1,0],[0,1,0,0],[1,0,0,0],[0,0,1,0],[1,0,0,0],[0,0,1,0],[0,0,0,1],[1,0,0,0],[1,0,0,0],[1,0,0,0],[0,1,0,0],[1,0,0,0],[0,0,1,0],[1,0,0,0],[0,1,0,0],[1,0,0,0],[1,0,0,0],[0,1,0,0],[0,1,0,0],[0.333333,0.666667,0,0],[0.666667,0.333333,0,0],[0.666667,0.333333,0,0]]],"seqs":[1,3,4]},{"orient":7,"bin":4,"pvalue":8.30722e-07,"inferred_pwm":[[0,0,0,1],[0,0,1,0],[0,0,0,1],[0,0,0,1],[0,0,0,1],[1,0,0,0],[0,1,0,0]],"alignment_pwm":[null,null,null,[[0,0.333333,0,0.666667],[0,0,0.666667,0.333333],[0,0,1,0],[0,0,1,0],[0.666667,0,0.333333,0],[0.333333,0.666667,0,0],[0,0.333333,0,0.666667],[0,0.333333,0,0.666667],[0.666667,0,0,0.333333],[1,0,0,0],[0.333333,0,0,0.666667],[0,0,0,1],[0.333333,0,0,0.666667],[1,0,0,0],[1,0,0,0],[0.333333,0.666667,0,0],[0,0.666667,0,0.333333],[0.666667,0,0,0.333333],[1,0,0,0],[1,0,0,0],[0,0,1,0],[0.333333,0,0.666667,0],[0.333333,0.333333,0.333333,0],[0,0.666667,0.333333,0],[0,0,0,1],[0,0,0,1],[0,0,0,1],[0,0,0,1],[0,0,1,0],[0,1,0,0],[1,0,0,0],[0,0.666667,0,0.333333],[0,0,1,0],[0.333333,0,0.666667,0],[0,1,0,0],[1,0,0,0],[1,0,0,0],[1,0,0,0],[0.666667,0,0.333333,0],[0,0,1,0],[0,0,1,0],[1,0,0,0],[1,0,0,0],[0,1,0,0],[1,0,0,0],[0,0,1,0],[0,0,0,1],[0,1,0,0],[1,0,0,0],[0,0,1,0],[0,1,0,0],[1,0,0,0],[0,0,1,0],[1,0,0,0],[0,0,1,0],[0,0,0,1],[1,0,0,0],[1,0,0,0],[1,0,0,0],[0,1,0,0],[1,0,0,0],[0,0,1,0],[1,0,0,0],[0,1,0,0],[1,0,0,0],[1,0,0,0],[0,1,0,0],[0,1,0,0],[0.333333,0.666667,0,0],[0.666667,0.333333,0,0],[0.666667,0.333333,0,0]]],"seqs":[1,3,4]},{"orient":8,"bin":4,"pvalue":6.59388e-06,"inferred_pwm":[[0,0,0,1],[0,0,1,0],[0,0,0,1],[0,0,0,1],[0,0,0,1],[1,0,0,0],[0,1,0,0]],"alignment_pwm":[null,null,null,[[0,0.333333,0,0.666667],[0,0,0.666667,0.333333],[0,0,1,0],[0,0,1,0],[0.666667,0,0.333333,0],[0.333333,0.666667,0,0],[0,0.333333,0,0.666667],[0,0.333333,0,0.666667],[0.666667,0,0,0.333333],[1,0,0,0],[0.333333,0,0,0.666667],[0,0,0,1],[0.333333,0,0,0.666667],[1,0,0,0],[1,0,0,0],[0.333333,0.666667,0,0],[0,0.666667,0,0.333333],[0.666667,0,0,0.333333],[1,0,0,0],[1,0,0,0],[0,0,1,0],[0.333333,0,0.666667,0],[0.333333,0.333333,0.333333,0],[0,0.666667,0.333333,0],[0,0,0,1],[0,0,0,1],[0,0,0,1],[0,0,0,1],[0,0,1,0],[0,1,0,0],[1,0,0,0],[0,0.666667,0,0.333333],[0,0,1,0],[0.333333,0,0.666667,0],[0,1,0,0],[1,0,0,0],[1,0,0,0],[1,0,0,0],[0.666667,0,0.333333,0],[0,0,1,0],[0,0,1,0],[1,0,0,0],[1,0,0,0],[0,1,0,0],[1,0,0,0],[0,0,1,0],[0,0,0,1],[0,1,0,0],[1,0,0,0],[0,0,1,0],[0,1,0,0],[1,0,0,0],[0,0,1,0],[1,0,0,0],[0,0,1,0],[0,0,0,1],[1,0,0,0],[1,0,0,0],[1,0,0,0],[0,1,0,0],[1,0,0,0],[0,0,1,0],[1,0,0,0],[0,1,0,0],[1,0,0,0],[1,0,0,0],[0,1,0,0],[0,1,0,0],[0.333333,0.666667,0,0],[0.666667,0.333333,0,0],[0.666667,0.333333,0,0]]],"seqs":[1,3,4]}]}],[{"idx":20,"counts":[[0,0,0,0,1,0,0,0,0,0,0,0,0,0,0,0,0,0,0,0,0,0,0,0,0,0,0,0,0,0,0,0,0,0,0,0,0,0,0,0,0,0,0,0,0,0,0,0,0,0,0,0,0,0,0,0,0,0,0,0,0,0,0,0,0,0,0,0,0,0,0,0,0,0,0,0,0,0,0,0,0,0,0,0,0,0,0,0,0,0,0,0,0,0,0,0,0,0,0,0,0,0,0,0,0,0,0,0,0,1,1,0,0,0,0,0,0,0,0,0,0,0,0,0,0,0,0,0,0,0,0,0,0,0,0,0,0,0,0,0,0,0,0],[0,0,0,0,0,0,0,0,0,3,0,0,0,0,0,0,0,0,0,0,0,0,0,0,0,0,0,0,0,0,0,0,0,0,0,0,0,0,0,0,0,0,0,0,0,0,0,0,0,0,0,0,0,0,0,0,0,0,0,0,0,0,0,0,0,0,0,0,0,0,0,0,0,0,0,0,0,0,0,0,0,0,0,0,0,0,0,0,0,0,0,0,0,0,0,0,0,0,0,0,0,0,0,0,0,0,0,0,0,0,0,0,0,0,0,0,0,0,0,0,0,0,0,0,0,0,0,0,0,0,0,0,0,0,0,0,0,0,0,0,0,0,0],[0,0,0,0,0,0,0,0,0,0,0,0,0,0,0,0,0,0,0,0,0,0,0,0,0,0,0,0,0,0,0,0,0,0,0,0,0,0,0,0,0,0,0,0,0,0,0,0,0,0,0,0,0,0,0,0,0,0,0,0,0,0,0,0,0,0,0,0,0,0,0,0,0,0,0,0,0,0,0,0,0,0,0,0,0,0,0,0,0,0,0,0,0,0,0,0,0,0,0,0,0,0,0,0,0,0,0,0,0,0,0,0,0,0,0,0,0,0,0,0,0,0,0,0,0,0,0,0,0,0,0,0,0,0,0,0,0,0,0,0,0,0,0],[0,0,0,0,0,0,0,0,0,0,0,0,0,0,0,0,0,0,0,0,0,0,0,0,0,0,0,0,0,0,0,0,0,0,0,0,0,0,0,0,0,0,0,0,0,0,0,0,0,0,0,0,0,0,0,0,0,0,0,0,0,0,0,0,0,0,0,0,0,0,0,0,0,0,0,0,0,0,0,0,0,0,0,0,0,0,0,0,0,0,0,0,0,0,0,0,0,0,0,0,0,0,0,0,0,0,0,0,0,0,0,0,0,0,0,0,0,0,0,0,0,0,0,0,0,0,0,0,0,0,0,0,0,0,0,0,0,0,0,0,0,0,0]],"spacings":[{"orient":1,"bin":9,"pvalue":1.08709e-07,"inferred_pwm":[[0,1,0,0],[1,0,0,0],[0,0,1,0],[1,0,0,0],[0,1,0,0],[1,0,0,0],[1,0,0,0],[0,1,0,0],[0,1,0,0]],"alignment_pwm":[null,[[0.666667,0,0,0.333333],[1,0,0,0],[1,0,0,0],[0.333333,0,0,0.666667],[0.666667,0,0,0.333333],[0.333333,0,0.666667,0],[0,0.666667,0.333333,0],[0,0.333333,0,0.666667],[0,0,0.666667,0.333333],[0,0,1,0],[0,0,1,0],[0.666667,0,0.333333,0],[0.333333,0.666667,0,0],[0,0.333333,0,0.666667],[0,0.333333,0,0.666667],[0.666667,0,0,0.333333],[1,0,0,0],[0.333333,0,0,0.666667],[0,0,0,1],[0.333333,0,0,0.666667],[1,0,0,0],[1,0,0,0],[0.333333,0.666667,0,0],[0,0.666667,0,0.333333],[0.666667,0,0,0.333333],[1,0,0,0],[1,0,0,0],[0,0,1,0],[0.333333,0,0.666667,0],[0.333333,0.333333,0.333333,0],[0,0.666667,0.333333,0],[0,0,0,1],[0,0,0,1],[0,0,0,1],[0,0,0,1],[0,0,1,0],[0,1,0,0],[1,0,0,0],[0,0.666667,0,0.333333],[0,0,1,0],[0.333333,0,0.666667,0],[0,1,0,0],[1,0,0,0],[1,0,0,0],[1,0,0,0],[0.666667,0,0.333333,0],[0,0,1,0],[0,0,1,0],[1,0,0,0],[1,0,0,0],[0,1,0,0],[1,0,0,0],[0,0,1,0],[0,0,0,1],[0,1,0,0],[1,0,0,0],[0,0,1,0],[0,1,0,0],[1,0,0,0],[0,0,1,0],[1,0,0,0],[0,0,1,0],[0,0,0,1],[1,0,0,0],[1,0,0,0],[1,0,0,0],[0,1,0,0],[1,0,0,0],[0,0,1,0],[1,0,0,0],[0,1,0,0],[1,0,0,0],[1,0,0,0],[0,1,0,0],[0,1,0,0],[0.333333,0.666667,0,0],[0.666667,0.333333,0,0],[0.666667,0.333333,0,0],[0.666667,0,0.333333,0],[0.333333,0,0.333333,0.333333],[0.333333,0,0.333333,0.333333],[0,0,0.333333,0.666667],[0,0,0.333333,0.666667],[0,0.333333,0.666667,0],[0.666667,0,0.333333,0]],null,null],"seqs":[1,3,4]},{"orient":6,"bin":9,"pvalue":8.66224e-07,"inferred_pwm":[[0,1,0,0],[1,0,0,0],[0,0,1,0],[1,0,0,0],[0,1,0,0],[1,0,0,0],[1,0,0,0],[0,1,0,0],[0,1,0,0]],"alignment_pwm":[null,[[0.666667,0,0,0.333333],[1,0,0,0],[1,0,0,0],[0.333333,0,0,0.666667],[0.666667,0,0,0.333333],[0.333333,0,0.666667,0],[0,0.666667,0.333333,0],[0,0.333333,0,0.666667],[0,0,0.666667,0.333333],[0,0,1,0],[0,0,1,0],[0.666667,0,0.333333,0],[0.333333,0.666667,0,0],[0,0.333333,0,0.666667],[0,0.333333,0,0.666667],[0.666667,0,0,0.333333],[1,0,0,0],[0.333333,0,0,0.666667],[0,0,0,1],[0.333333,0,0,0.666667],[1,0,0,0],[1,0,0,0],[0.333333,0.666667,0,0],[0,0.666667,0,0.333333],[0.666667,0,0,0.333333],[1,0,0,0],[1,0,0,0],[0,0,1,0],[0.333333,0,0.666667,0],[0.333333,0.333333,0.333333,0],[0,0.666667,0.333333,0],[0,0,0,1],[0,0,0,1],[0,0,0,1],[0,0,0,1],[0,0,1,0],[0,1,0,0],[1,0,0,0],[0,0.666667,0,0.333333],[0,0,1,0],[0.333333,0,0.666667,0],[0,1,0,0],[1,0,0,0],[1,0,0,0],[1,0,0,0],[0.666667,0,0.333333,0],[0,0,1,0],[0,0,1,0],[1,0,0,0],[1,0,0,0],[0,1,0,0],[1,0,0,0],[0,0,1,0],[0,0,0,1],[0,1,0,0],[1,0,0,0],[0,0,1,0],[0,1,0,0],[1,0,0,0],[0,0,1,0],[1,0,0,0],[0,0,1,0],[0,0,0,1],[1,0,0,0],[1,0,0,0],[1,0,0,0],[0,1,0,0],[1,0,0,0],[0,0,1,0],[1,0,0,0],[0,1,0,0],[1,0,0,0],[1,0,0,0],[0,1,0,0],[0,1,0,0],[0.333333,0.666667,0,0],[0.666667,0.333333,0,0],[0.666667,0.333333,0,0],[0.666667,0,0.333333,0],[0.333333,0,0.333333,0.333333],[0.333333,0,0.333333,0.333333],[0,0,0.333333,0.666667],[0,0,0.333333,0.666667],[0,0.333333,0.666667,0],[0.666667,0,0.333333,0]],null,null],"seqs":[1,3,4]},{"orient":7,"bin":9,"pvalue":8.66224e-07,"inferred_pwm":[[0,1,0,0],[1,0,0,0],[0,0,1,0],[1,0,0,0],[0,1,0,0],[1,0,0,0],[1,0,0,0],[0,1,0,0],[0,1,0,0]],"alignment_pwm":[null,[[0.666667,0,0,0.333333],[1,0,0,0],[1,0,0,0],[0.333333,0,0,0.666667],[0.666667,0,0,0.333333],[0.333333,0,0.666667,0],[0,0.666667,0.333333,0],[0,0.333333,0,0.666667],[0,0,0.666667,0.333333],[0,0,1,0],[0,0,1,0],[0.666667,0,0.333333,0],[0.333333,0.666667,0,0],[0,0.333333,0,0.666667],[0,0.333333,0,0.666667],[0.666667,0,0,0.333333],[1,0,0,0],[0.333333,0,0,0.666667],[0,0,0,1],[0.333333,0,0,0.666667],[1,0,0,0],[1,0,0,0],[0.333333,0.666667,0,0],[0,0.666667,0,0.333333],[0.666667,0,0,0.333333],[1,0,0,0],[1,0,0,0],[0,0,1,0],[0.333333,0,0.666667,0],[0.333333,0.333333,0.333333,0],[0,0.666667,0.333333,0],[0,0,0,1],[0,0,0,1],[0,0,0,1],[0,0,0,1],[0,0,1,0],[0,1,0,0],[1,0,0,0],[0,0.666667,0,0.333333],[0,0,1,0],[0.333333,0,0.666667,0],[0,1,0,0],[1,0,0,0],[1,0,0,0],[1,0,0,0],[0.666667,0,0.333333,0],[0,0,1,0],[0,0,1,0],[1,0,0,0],[1,0,0,0],[0,1,0,0],[1,0,0,0],[0,0,1,0],[0,0,0,1],[0,1,0,0],[1,0,0,0],[0,0,1,0],[0,1,0,0],[1,0,0,0],[0