<!DOCTYPE HTML>
<html>
  <head>
    <meta charset="UTF-8">
    <title>SpaMo - Spaced Motif Analysis</title>
    <script type="text/javascript">
      //@JSON_VAR data
      var data = {"program":"SpaMo","version":"4.12.0","revision":"aacc9c3eb8c7b460b344d5c8aa1458097dae704d","release":"Tue Jun 27 16:22:50 2017 -0700","host":"Sudins-iMac.local","when":"Thu May 24 14:30:19 2018","cmd":["spamo","-verbosity","1","-oc","results/AHRpeaks_not-in-DHSs.bed-499.fa/jaspar/spamo_out_3","-bgfile","results/AHRpeaks_not-in-DHSs.bed-499.fa/jaspar/background","-primary","TAGTTTAATTAAGTCCCAGCTA","results/AHRpeaks_not-in-DHSs.bed-499.fa/jaspar/AHRpeaks_not-in-DHSs.bed-499.fa","results/AHRpeaks_not-in-DHSs.bed-499.fa/jaspar/meme_out/meme.xml","results/AHRpeaks_not-in-DHSs.bed-499.fa/jaspar/meme_out/meme.xml","/Users/filipov4/meme/db/motif_databases/JASPAR/JASPAR2018_CORE_non-redundant.meme"],"options":{"seq_min_hit_score":7,"margin":150,"bin_size":1,"bin_pvalue_calc_range":150,"use_best_secondary":0,"seq_max_shared_fract":0.5,"seq_odds_ratio":20,"bin_pvalue_cutoff":0.05,"motif_evalue_cutoff":10,"redundant_overlap":2,"redundant_joint":0.5,"motif_pseudocount":0.1,"bgfile":"results/AHRpeaks_not-in-DHSs.bed-499.fa/jaspar/background","motif_trim":0.25,"xalph":0,"seed":1,"bin_max":4},"alphabet":{"name":"DNA","like":"dna","ncore":4,"symbols":[{"symbol":"A","name":"Adenine","colour":"CC0000","complement":"T"},{"symbol":"C","name":"Cytosine","colour":"0000CC","complement":"G"},{"symbol":"G","name":"Guanine","colour":"FFB300","complement":"C"},{"symbol":"T","aliases":"U","name":"Thymine","colour":"008000","complement":"A"},{"symbol":"N","aliases":"X.","name":"Any base","equals":"ACGT"},{"symbol":"V","name":"Not T","equals":"ACG"},{"symbol":"H","name":"Not G","equals":"ACT"},{"symbol":"D","name":"Not C","equals":"AGT"},{"symbol":"B","name":"Not A","equals":"CGT"},{"symbol":"M","name":"Amino","equals":"AC"},{"symbol":"R","name":"Purine","equals":"AG"},{"symbol":"W","name":"Weak","equals":"AT"},{"symbol":"S","name":"Strong","equals":"CG"},{"symbol":"Y","name":"Pyrimidine","equals":"CT"},{"symbol":"K","name":"Keto","equals":"GT"}]},"background":[0.2976,0.2024,0.2024,0.2976],"sequence_dbs":[{"source":"results/AHRpeaks_not-in-DHSs.bed-499.fa/jaspar/AHRpeaks_not-in-DHSs.bed-499.fa","name":"AHRpeaks_not-in-DHSs.bed-499","last_modified":"Thu May 24 11:14:35 2018","loaded":42,"excluded_too_short":0,"excluded_no_match":36,"excluded_ambigs":0,"excluded_similar":2,"erased_primary_matches":0}],"primary_dbs":[{"source":"results/AHRpeaks_not-in-DHSs.bed-499.fa/jaspar/meme_out/meme.xml","name":"meme.xml","last_modified":"Thu May 24 14:29:42 2018","loaded":6,"excluded":5}],"secondary_dbs":[{"source":"results/AHRpeaks_not-in-DHSs.bed-499.fa/jaspar/meme_out/meme.xml","name":"meme.xml","last_modified":"Thu May 24 14:29:42 2018","loaded":7,"excluded":1},{"source":"/Users/filipov4/meme/db/motif_databases/JASPAR/JASPAR2018_CORE_non-redundant.meme","name":"JASPAR2018_CORE_non-redundant","last_modified":"Thu Dec  7 14:38:42 2017","loaded":1404,"excluded":0}],"secondary_motifs":[{"db":0,"id":"CAAAAGCAAATRCAATARAAACAAAGATAA","alt":"MEME-1","len":30,"ltrim":0,"rtrim":0,"nsites":6,"evalue":"6.5e-014","pwm":[[0.00487869,0.82299,0.00331804,0.168813],[0.988485,0.00331804,0.00331804,0.00487869],[0.660617,0.167253,0.167253,0.00487869],[0.82455,0.00331804,0.00331804,0.168813],[0.82455,0.167253,0.00331804,0.00487869],[0.00487869,0.00331804,0.82299,0.168813],[0.00487869,0.82299,0.167253,0.00487869],[0.988485,0.00331804,0.00331804,0.00487869],[0.82455,0.00331804,0.167253,0.00487869],[0.988485,0.00331804,0.00331804,0.00487869],[0.00487869,0.00331804,0.00331804,0.988485],[0.332747,0.00331804,0.495121,0.168813],[0.168813,0.82299,0.00331804,0.00487869],[0.988485,0.00331804,0.00331804,0.00487869],[0.988485,0.00331804,0.00331804,0.00487869],[0.00487869,0.00331804,0.00331804,0.988485],[0.82455,0.167253,0.00331804,0.00487869],[0.496682,0.00331804,0.331187,0.168813],[0.988485,0.00331804,0.00331804,0.00487869],[0.82455,0.00331804,0.167253,0.00487869],[0.82455,0.00331804,0.167253,0.00487869],[0.00487869,0.82299,0.167253,0.00487869],[0.988485,0.00331804,0.00331804,0.00487869],[0.988485,0.00331804,0.00331804,0.00487869],[0.988485,0.00331804,0.00331804,0.00487869],[0.168813,0.167253,0.659056,0.00487869],[0.988485,0.00331804,0.00331804,0.00487869],[0.168813,0.00331804,0.00331804,0.82455],[0.988485,0.00331804,0.00331804,0.00487869],[0.988485,0.00331804,0.00331804,0.00487869]]},{"db":0,"id":"CTTGGTCATGAAATYCTTGCCTAAGSCAA","alt":"MEME-2","len":29,"ltrim":0,"rtrim":0,"nsites":4,"evalue":"1.2e-005","pwm":[[0.00725853,0.736644,0.00493659,0.251161],[0.00725853,0.00493659,0.00493659,0.982868],[0.00725853,0.00493659,0.00493659,0.982868],[0.251161,0.00493659,0.736644,0.00725853],[0.00725853,0.00493659,0.980546,0.00725853],[0.00725853,0.00493659,0.248839,0.738966],[0.00725853,0.980546,0.00493659,0.00725853],[0.982868,0.00493659,0.00493659,0.00725853],[0.251161,0.00493659,0.00493659,0.738966],[0.00725853,0.00493659,0.980546,0.00725853],[0.738966,0.248839,0.00493659,0.00725853],[0.982868,0.00493659,0.00493659,0.00725853],[0.982868,0.00493659,0.00493659,0.00725853],[0.00725853,0.00493659,0.248839,0.738966],[0.00725853,0.492741,0.00493659,0.495063],[0.00725853,0.980546,0.00493659,0.00725853],[0.00725853,0.00493659,0.00493659,0.982868],[0.00725853,0.248839,0.00493659,0.738966],[0.00725853,0.248839,0.736644,0.00725853],[0.00725853,0.980546,0.00493659,0.00725853],[0.00725853,0.980546,0.00493659,0.00725853],[0.00725853,0.00493659,0.00493659,0.982868],[0.738966,0.248839,0.00493659,0.00725853],[0.738966,0.00493659,0.248839,0.00725853],[0.00725853,0.00493659,0.980546,0.00725853],[0.00725853,0.492741,0.492741,0.00725853],[0.00725853,0.980546,0.00493659,0.00725853],[0.982868,0.00493659,0.00493659,0.00725853],[0.982868,0.00493659,0.00493659,0.00725853]]},{"db":0,"id":"WGYMRSGYACACASRC","alt":"MEME-6","len":16,"ltrim":0,"rtrim":0,"nsites":6,"evalue":"4.9e+003","pwm":[[0.660617,0.00331804,0.00331804,0.332747],[0.00487869,0.00331804,0.986925,0.00487869],[0.00487869,0.495121,0.167253,0.332747],[0.660617,0.331187,0.00331804,0.00487869],[0.332747,0.00331804,0.659056,0.00487869],[0.168813,0.331187,0.495121,0.00487869],[0.00487869,0.00331804,0.82299,0.168813],[0.00487869,0.331187,0.167253,0.496682],[0.988485,0.00331804,0.00331804,0.00487869],[0.168813,0.659056,0.167253,0.00487869],[0.988485,0.00331804,0.00331804,0.00487869],[0.00487869,0.986925,0.00331804,0.00487869],[0.988485,0.00331804,0.00331804,0.00487869],[0.00487869,0.331187,0.659056,0.00487869],[0.496682,0.00331804,0.495121,0.00487869],[0.00487869,0.986925,0.00331804,0.00487869]]},{"db":0,"id":"YTTGCRTGRCAAARGKAASAG","alt":"MEME-3","len":21,"ltrim":0,"rtrim":0,"nsites":7,"evalue":"1.9e-004","pwm":[[0.00419155,0.425385,0.00285071,0.567572],[0.00419155,0.143696,0.00285071,0.849262],[0.00419155,0.00285071,0.00285071,0.990107],[0.00419155,0.143696,0.847921,0.00419155],[0.00419155,0.988766,0.00285071,0.00419155],[0.567572,0.00285071,0.425385,0.00419155],[0.00419155,0.284541,0.00285071,0.708417],[0.00419155,0.00285071,0.988766,0.00419155],[0.567572,0.143696,0.284541,0.00419155],[0.00419155,0.847921,0.143696,0.00419155],[0.849262,0.00285071,0.143696,0.00419155],[0.708417,0.143696,0.143696,0.00419155],[0.849262,0.00285071,0.143696,0.00419155],[0.567572,0.00285071,0.425385,0.00419155],[0.00419155,0.143696,0.847921,0.00419155],[0.00419155,0.143696,0.425385,0.426726],[0.990107,0.00285071,0.00285071,0.00419155],[0.990107,0.00285071,0.00285071,0.00419155],[0.00419155,0.566231,0.425385,0.00419155],[0.849262,0.143696,0.00285071,0.00419155],[0.00419155,0.143696,0.707076,0.145036]]},{"db":1,"id":"MA0010.1","alt":"br","len":14,"ltrim":1,"rtrim":1,"nsites":9,"url":"http://jaspar2018.genereg.net/matrix/MA0010.1","pwm":[[0.33294,0.112114,0.441784,0.11316],[0.11316,0.112114,0.112114,0.662611],[0.552721,0.222004,0.112114,0.11316],[0.772501,0.00222418,0.112114,0.11316],[0.33294,0.00222418,0.00222418,0.662611],[0.662611,0.00222418,0.00222418,0.33294],[0.44283,0.112114,0.441784,0.00327033],[0.772501,0.00222418,0.112114,0.11316],[0.11316,0.881345,0.00222418,0.00327033],[0.992281,0.00222418,0.00222418,0.00327033],[0.882391,0.00222418,0.112114,0.00327033],[0.552721,0.00222418,0.331894,0.11316],[0.44283,0.00222418,0.00222418,0.552721],[0.22305,0.331894,0.222004,0.22305]]},{"db":1,"id":"MA0012.1","alt":"br(var.3)","len":11,"ltrim":0,"rtrim":2,"nsites":12,"url":"http://jaspar2018.genereg.net/matrix/MA0012.1","pwm":[[0.250393,0.084317,0.084317,0.580972],[0.746261,0.166962,0.084317,0.0024595],[0.828905,0.00167273,0.00167273,0.167749],[0.994195,0.00167273,0.00167273,0.0024595],[0.0024595,0.828119,0.084317,0.0851038],[0.333038,0.00167273,0.00167273,0.663617],[0.828905,0.00167273,0.00167273,0.167749],[0.498327,0.00167273,0.332251,0.167749],[0.498327,0.084317,0.166962,0.250393],[0.333038,0.249607,0.166962,0.250393],[0.167749,0.249607,0.414896,0.167749]]},{"db":1,"id":"MA0019.1","alt":"Ddit3::Cebpa","len":12,"ltrim":2,"rtrim":0,"nsites":39,"url":"http://jaspar2018.genereg.net/matrix/MA0019.1","pwm":[[0.358817,0.179546,0.307423,0.154214],[0.282091,0.179546,0.358574,0.179789],[0.461119,0.0772439,0.384149,0.0774874],[0.000761125,0.0260931,0.000517648,0.972628],[0.000761125,0.000517648,0.972385,0.0263365],[0.103063,0.844508,0.000517648,0.051912],[0.972628,0.0260931,0.000517648,0.000761125],[0.921477,0.0516685,0.0260931,0.000761125],[0.000761125,0.15397,0.000517648,0.844751],[0.358817,0.4353,0.128395,0.0774874],[0.103063,0.588753,0.230696,0.0774874],[0.000761125,0.66548,0.15397,0.179789]]},{"db":1,"id":"MA0020.1","alt":"Dof2","len":6,"ltrim":0,"rtrim":1,"nsites":21,"url":"http://jaspar2018.genereg.net/matrix/MA0020.1","pwm":[[0.996671,0.000959243,0.000959243,0.00141043],[0.996671,0.000959243,0.000959243,0.00141043],[0.996671,0.000959243,0.000959243,0.00141043],[0.00141043,0.000959243,0.99622,0.00141043],[0.14359,0.664467,0.0957459,0.0961971],[0.333164,0.285319,0.143139,0.238377]]},{"db":1,"id":"MA0021.1","alt":"Dof3","len":6,"ltrim":0,"rtrim":0,"nsites":21,"url":"http://jaspar2018.genereg.net/matrix/MA0021.1","pwm":[[0.996671,0.000959243,0.000959243,0.00141043],[0.996671,0.000959243,0.000959243,0.00141043],[0.996671,0.000959243,0.000959243,0.00141043],[0.00141043,0.000959243,0.99622,0.00141043],[0.00141043,0.474892,0.143139,0.380557],[0.28577,0.285319,0.427499,0.00141043]]},{"db":1,"id":"MA0030.1","alt":"FOXF2","len":14,"ltrim":0,"rtrim":1,"nsites":27,"url":"http://jaspar2018.genereg.net/matrix/MA0030.1","pwm":[[0.0379985,0.36975,0.259049,0.333201],[0.370101,0.259049,0.185249,0.1856],[0.628405,0.148348,0.0745475,0.148699],[0.463671,0.178659,0.178659,0.17901],[0.136959,0.498902,0.363041,0.00109815],[0.2594,0.000746864,0.738755,0.00109815],[0.00109815,0.000746864,0.000746864,0.997408],[0.997408,0.000746864,0.000746864,0.00109815],[0.997408,0.000746864,0.000746864,0.00109815],[0.997408,0.000746864,0.000746864,0.00109815],[0.00109815,0.923256,0.000746864,0.0748988],[0.997408,0.000746864,0.000746864,0.00109815],[0.591504,0.148348,0.0745475,0.1856],[0.2594,0.148348,0.222149,0.370101]]},{"db":1,"id":"MA0031.1","alt":"FOXD1","len":8,"ltrim":0,"rtrim":1,"nsites":20,"url":"http://jaspar2018.genereg.net/matrix/MA0031.1","pwm":[[0.0512318,0.0507582,0.846778,0.0512318],[0.0014806,0.00100697,0.00100697,0.996505],[0.946754,0.0507582,0.00100697,0.0014806],[0.996505,0.00100697,0.00100697,0.0014806],[0.897003,0.0507582,0.0507582,0.0014806],[0.0512318,0.896529,0.00100697,0.0512318],[0.996505,0.00100697,0.00100697,0.0014806],[0.349739,0.100509,0.150261,0.399491]]},{"db":1,"id":"MA0032.2","alt":"FOXC1","len":11,"ltrim":0,"rtrim":0,"nsites":19566,"url":"http://jaspar2018.genereg.net/matrix/MA0032.2","pwm":[[0.329756,0.0394568,0.015538,0.615249],[0.695237,0.0353359,0.202155,0.0672732],[0.344387,0.0876136,0.105677,0.462323],[0.257364,0.0178009,0.722131,0.00270351],[0.108395,0.0717427,0.0169379,0.802924],[0.706923,0.289518,0.00113303,0.00242651],[0.991151,0.005791,1.03444e-06,0.00305751],[0.983558,0.00298002,0.007502,0.00595949],[0.00649849,0.467699,0.00878799,0.517014],[0.966338,0.00141203,0.0226319,0.00961847],[0.31682,0.0736507,0.0523318,0.557199]]},{"db":1,"id":"MA0033.2","alt":"FOXL1","len":7,"ltrim":0,"rtrim":0,"nsites":4933,"url":"http://jaspar2018.genereg.net/matrix/MA0033.2","pwm":[[0.426107,0.00263905,0.542868,0.0283855],[0.00192699,0.0799105,4.1029e-06,0.918158],[0.874645,0.114915,0.0104339,6.03271e-06],[0.98902,0.00786694,4.1029e-06,0.00310997],[0.973113,0.0166978,0.0101829,6.03271e-06],[6.03271e-06,0.778858,4.1029e-06,0.221132],[0.98535,0.0111359,4.1029e-06,0.00350996]]},{"db":1,"id":"MA0034.1","alt":"Gam1","len":10,"ltrim":2,"rtrim":0,"nsites":25,"url":"http://jaspar2018.genereg.net/matrix/MA0034.1","pwm":[[0.160548,0.23985,0.439053,0.160548],[0.399592,0.20001,0.279691,0.120708],[0.120708,0.518735,0.000806375,0.359751],[0.91752,0.040647,0.040647,0.00118566],[0.997202,0.000806375,0.000806375,0.00118566],[0.0410263,0.956982,0.000806375,0.00118566],[0.120708,0.558575,0.23985,0.0808669],[0.240229,0.000806375,0.757778,0.00118566],[0.399592,0.439053,0.000806375,0.160548],[0.200389,0.757778,0.040647,0.00118566]]},{"db":1,"id":"MA0036.3","alt":"GATA2","len":11,"ltrim":2,"rtrim":2,"nsites":14213,"url":"http://jaspar2018.genereg.net/matrix/MA0036.3","pwm":[[0.232393,0.209526,0.225216,0.332864],[0.139732,0.288397,0.208682,0.363189],[0.0661386,0.746285,0.0860488,0.101528],[0.0312409,0.0182243,0.0105553,0.93998],[0.0293409,0.00239341,0.00147941,0.966786],[0.991904,0.000986417,0.0030264,0.00408307],[0.010204,0.00541939,0.0033784,0.980998],[0.00675605,0.969952,0.00886636,0.014425],[0.166961,0.0346172,0.0258222,0.7726],[0.204884,0.26131,0.257229,0.276578],[0.230634,0.272567,0.155914,0.340885]]},{"db":1,"id":"MA0037.3","alt":"GATA3","len":8,"ltrim":0,"rtrim":1,"nsites":1000,"url":"http://jaspar2018.genereg.net/matrix/MA0037.3","pwm":[[0.50198,0.225998,0.00102014,0.271003],[2.9757e-05,2.0238e-05,0.99992,2.9757e-05],[0.99993,2.0238e-05,2.0238e-05,2.9757e-05],[2.9757e-05,2.0238e-05,2.0238e-05,0.99993],[0.914853,0.00202204,2.0238e-05,0.0831044],[0.861944,0.0150187,0.0760126,0.0470251],[0.114018,0.30099,0.475973,0.109019],[0.422987,0.188001,0.320988,0.068023]]},{"db":1,"id":"MA0041.1","alt":"Foxd3","len":12,"ltrim":0,"rtrim":0,"nsites":47,"url":"http://jaspar2018.genereg.net/matrix/MA0041.1","pwm":[[0.234178,0.0641242,0.552446,0.149252],[0.637575,0.0428924,0.000429724,0.319103],[0.510186,0.0216616,0.000429724,0.467723],[0.0218637,0.085355,0.000429724,0.892352],[0.255409,0.000429724,0.722298,0.0218637],[0.000631847,0.000429724,0.000429724,0.998509],[0.0218637,0.000429724,0.000429724,0.977277],[0.106789,0.000429724,0.212744,0.680037],[0.297871,0.000429724,0.44629,0.255409],[0.128021,0.14905,0.000429724,0.7225],[0.0218637,0.0428924,0.085355,0.849889],[0.000631847,0.255207,0.000429724,0.743732]]},{"db":1,"id":"MA0042.2","alt":"FOXI1","len":7,"ltrim":0,"rtrim":0,"nsites":5832,"url":"http://jaspar2018.genereg.net/matrix/MA0042.2","pwm":[[0.10597,0.00669036,0.887334,5.10279e-06],[0.0138519,0.0112313,0.00655236,0.968364],[0.899677,0.0938819,0.00643636,5.10279e-06],[0.995563,0.00442839,3.47045e-06,5.10279e-06],[0.977694,0.0043484,0.00548238,0.0124739],[0.0253677,0.836015,0.00775734,0.130859],[0.992889,0.00230543,0.00480039,5.10279e-06]]},{"db":1,"id":"MA0047.2","alt":"Foxa2","len":12,"ltrim":0,"rtrim":1,"nsites":808,"url":"http://jaspar2018.genereg.net/matrix/MA0047.2","pwm":[[0.00127467,0.00126289,0.00126289,0.996201],[0.27318,0.00373259,0.719343,0.00374437],[0.00127267,0.00126089,0.00126089,0.996206],[0.00127267,0.00373259,0.0445185,0.950475],[0.00126967,0.00125789,0.215781,0.781691],[0.908566,0.00496244,0.0827308,0.00374037],[0.00250552,0.894976,0.00249374,0.100024],[0.417785,0.0951923,0.00373259,0.48329],[0.0618342,0.32755,0.0717092,0.538907],[0.516702,0.00745913,0.0297614,0.446079],[0.162548,0.0657739,0.597966,0.173712],[0.160665,0.242834,0.361126,0.235375]]},{"db":1,"id":"MA0053.1","alt":"MNB1A","len":5,"ltrim":0,"rtrim":0,"nsites":15,"url":"http://jaspar2018.genereg.net/matrix/MA0053.1","pwm":[[0.995348,0.0013404,0.0013404,0.00197086],[0.995348,0.0013404,0.0013404,0.00197086],[0.995348,0.0013404,0.0013404,0.00197086],[0.00197086,0.0013404,0.994718,0.00197086],[0.200646,0.597367,0.0013404,0.200646]]},{"db":1,"id":"MA0064.1","alt":"PBF","len":5,"ltrim":0,"rtrim":0,"nsites":16,"url":"http://jaspar2018.genereg.net/matrix/MA0064.1","pwm":[[0.995637,0.00125714,0.00125714,0.00184845],[0.995637,0.00125714,0.00125714,0.00184845],[0.995637,0.00125714,0.00125714,0.00184845],[0.00184845,0.00125714,0.995046,0.00184845],[0.0639602,0.560263,0.0633689,0.312407]]},{"db":1,"id":"MA0081.1","alt":"SPIB","len":7,"ltrim":0,"rtrim":0,"nsites":49,"url":"http://jaspar2018.genereg.net/matrix/MA0081.1","pwm":[[0.631971,0.00041222,0.00041222,0.367205],[0.0820729,0.285544,0.591044,0.041339],[0.489405,0.326278,0.142978,0.041339],[0.041339,0.00041222,0.957643,0.00060611],[0.0209725,0.00041222,0.957643,0.0209725],[0.978203,0.00041222,0.00041222,0.0209725],[0.957837,0.00041222,0.00041222,0.041339]]},{"db":1,"id":"MA0084.1","alt":"SRY","len":9,"ltrim":2,"rtrim":0,"nsites":28,"url":"http://jaspar2018.genereg.net/matrix/MA0084.1","pwm":[[0.178995,0.178656,0.356592,0.285756],[0.285756,0.107482,0.143069,0.463693],[0.534867,0.000720285,0.107482,0.356931],[0.641628,0.107482,0.107482,0.143408],[0.890739,0.000720285,0.000720285,0.107821],[0.00105907,0.925987,0.000720285,0.0722339],[0.9975,0.000720285,0.000720285,0.00105907],[0.961913,0.000720285,0.0363072,0.00105907],[0.250169,0.000720285,0.0718951,0.677215]]},{"db":1,"id":"MA0109.1","alt":"HLTF","len":10,"ltrim":2,"rtrim":2,"nsites":51,"url":"http://jaspar2018.genereg.net/matrix/MA0109.1","pwm":[[0.313693,0.19609,0.23523,0.254986],[0.377202,0.226368,0.0945515,0.301879],[0.440398,0.558624,0.000396086,0.000582387],[0.000582387,0.998439,0.000396086,0.000582387],[0.423482,0.000396086,0.000396086,0.575726],[0.000582387,0.000396086,0.000396086,0.998625],[0.406566,0.0849762,0.203388,0.30507],[0.000582387,0.000396086,0.372547,0.626474],[0.294125,0.274369,0.274369,0.157138],[0.245001,0.244815,0.204079,0.306105]]},{"db":1,"id":"MA0117.2","alt":"Mafb","len":12,"ltrim":0,"rtrim":1,"nsites":2183,"url":"http://jaspar2018.genereg.net/matrix/MA0117.2","pwm":[[0.566639,0.0797126,0.149338,0.20431],[0.578814,0.0554607,0.0728749,0.292851],[0.49495,0.0989967,0.0834155,0.322639],[0.34097,0.182402,0.196609,0.280019],[0.0853087,0.199677,0.0100248,0.704989],[0.00092159,0.00636398,0.990432,0.00228353],[0.118529,0.876626,0.00201818,0.0028255],[0.013785,0.0160015,0.000897231,0.969316],[0.0186848,0.00540302,0.905362,0.0705494],[0.980643,0.005852,0.00764892,0.00585636],[0.058214,0.69777,0.156702,0.0873136],[0.266729,0.0632514,0.296055,0.373966]]},{"db":1,"id":"MA0126.1","alt":"ovo","len":9,"ltrim":0,"rtrim":1,"nsites":21,"url":"http://jaspar2018.genereg.net/matrix/MA0126.1","pwm":[[0.475344,0.190533,0.000959243,0.333164],[0.0488037,0.190533,0.664467,0.0961971],[0.190984,0.0957459,0.0957459,0.617525],[0.949278,0.000959243,0.000959243,0.0488037],[0.996671,0.000959243,0.000959243,0.00141043],[0.00141043,0.99622,0.000959243,0.00141043],[0.333164,0.237926,0.143139,0.28577],[0.00141043,0.000959243,0.99622,0.00141043],[0.238377,0.190533,0.0957459,0.475344]]},{"db":1,"id":"MA0142.1","alt":"Pou5f1::Sox2","len":15,"ltrim":0,"rtrim":0,"nsites":1364,"url":"http://jaspar2018.genereg.net/matrix/MA0142.1","pwm":[[0.0462064,0.620204,0.0483983,0.285192],[0.423856,0.0424717,0.0205113,0.513161],[0.00806823,0.0365882,0.0263479,0.928996],[0.0343513,0.0087802,0.0577166,0.899152],[0.0862095,0.265152,0.602601,0.0460374],[0.303141,0.0131619,0.0211963,0.6625],[0.150486,0.266613,0.135871,0.447031],[0.902074,0.0219272,0.0175446,0.0584545],[0.0124389,0.00366657,0.010971,0.972923],[0.00732628,0.011701,0.904988,0.0759842],[0.0102551,0.752153,0.0943059,0.143286],[0.769196,0.011736,0.0219912,0.197077],[0.651222,0.0499382,0.231276,0.0675649],[0.881662,0.0242601,0.0551178,0.038961],[0.145492,0.0874444,0.152098,0.614966]]},{"db":1,"id":"MA0148.3","alt":"FOXA1","len":15,"ltrim":4,"rtrim":1,"nsites":22008,"url":"http://jaspar2018.genereg.net/matrix/MA0148.3","pwm":[[0.196656,0.219329,0.187386,0.396628],[0.211696,0.311296,0.214967,0.262041],[0.139132,0.388858,0.241458,0.230553],[0.3242,0.196156,0.16544,0.314204],[0.00318234,9.19662e-07,0.000545917,0.996271],[0.267312,9.19662e-07,0.732686,1.35223e-06],[1.35223e-06,9.19662e-07,9.19662e-07,0.999997],[1.35223e-06,9.19662e-07,0.0587067,0.941291],[1.35223e-06,9.19662e-07,0.129907,0.87009],[0.829333,9.19662e-07,0.170665,1.35223e-06],[1.35223e-06,0.934021,9.19662e-07,0.0659771],[0.417711,0.120638,9.19662e-07,0.461649],[0.0375782,0.331515,0.0632506,0.567656],[0.486277,4.59195e-05,0.00286391,0.510813],[0.218421,0.118275,0.427798,0.235505]]},{"db":1,"id":"MA0157.2","alt":"FOXO3","len":8,"ltrim":0,"rtrim":0,"nsites":553,"url":"http://jaspar2018.genereg.net/matrix/MA0157.2","pwm":[[0.0380219,3.65938e-05,0.961888,5.38058e-05],[5.38058e-05,3.65938e-05,0.0238853,0.976024],[0.960169,0.0289124,0.00905996,0.00185848],[0.997997,0.00191225,3.65938e-05,5.38058e-05],[0.981426,0.0184833,3.65938e-05,5.38058e-05],[0.0273219,0.967135,3.65938e-05,0.00550782],[0.979619,0.0202909,3.65938e-05,5.38058e-05],[0.546507,0.0207229,0.0620944,0.370677]]},{"db":1,"id":"MA0197.2","alt":"nub","len":12,"ltrim":0,"rtrim":0,"nsites":29,"url":"http://jaspar2018.genereg.net/matrix/MA0197.2","pwm":[[0.0697517,0.03506,0.03506,0.860129],[0.997586,0.000695533,0.000695533,0.00102268],[0.00102268,0.000695533,0.000695533,0.997586],[0.00102268,0.000695533,0.859802,0.13848],[0.00102268,0.653616,0.03506,0.310301],[0.825765,0.000695533,0.000695533,0.172844],[0.963222,0.000695533,0.03506,0.00102268],[0.963222,0.000695533,0.000695533,0.0353872],[0.13848,0.03506,0.000695533,0.825765],[0.207209,0.172517,0.27561,0.344666],[0.653943,0.172517,0.03506,0.13848],[0.13848,0.103788,0.516159,0.241572]]},{"db":1,"id":"MA0210.1","alt":"ara","len":5,"ltrim":0,"rtrim":0,"nsites":34,"url":"http://jaspar2018.genereg.net/matrix/MA0210.1","pwm":[[0.41143,0.000593549,0.147221,0.440755],[0.67536,0.000593549,0.000593549,0.323453],[0.99794,0.000593549,0.000593549,0.000872727],[0.000872727,0.997661,0.000593549,0.000872727],[0.99794,0.000593549,0.000593549,0.000872727]]},{"db":1,"id":"MA0233.1","alt":"mirr","len":5,"ltrim":0,"rtrim":0,"nsites":41,"url":"http://jaspar2018.genereg.net/matrix/MA0233.1","pwm":[[0.487342,0.0248231,0.0248231,0.463012],[0.70632,0.000492458,0.0491538,0.244033],[0.998291,0.000492458,0.000492458,0.000724087],[0.000724087,0.998059,0.000492458,0.000724087],[0.998291,0.000492458,0.000492458,0.000724087]]},{"db":1,"id":"MA0239.1","alt":"prd","len":9,"ltrim":0,"rtrim":1,"nsites":21,"url":"http://jaspar2018.genereg.net/matrix/MA0239.1","pwm":[[0.475344,0.190533,0.000959243,0.333164],[0.0488037,0.190533,0.664467,0.0961971],[0.190984,0.0957459,0.0957459,0.617525],[0.949278,0.000959243,0.000959243,0.0488037],[0.996671,0.000959243,0.000959243,0.00141043],[0.00141043,0.99622,0.000959243,0.00141043],[0.333164,0.237926,0.143139,0.28577],[0.00141043,0.000959243,0.99622,0.00141043],[0.238377,0.190533,0.0957459,0.475344]]},{"db":1,"id":"MA0244.1","alt":"slbo","len":8,"ltrim":0,"rtrim":0,"nsites":12,"url":"http://jaspar2018.genereg.net/matrix/MA0244.1","pwm":[[0.746261,0.084317,0.084317,0.0851038],[0.0024595,0.084317,0.00167273,0.911551],[0.0024595,0.00167273,0.249607,0.746261],[0.250393,0.166962,0.580185,0.0024595],[0.167749,0.828119,0.00167273,0.0024595],[0.580972,0.166962,0.166962,0.0851038],[0.498327,0.414896,0.084317,0.0024595],[0.911551,0.084317,0.00167273,0.0024595]]},{"db":1,"id":"MA0261.1","alt":"lin-14","len":6,"ltrim":0,"rtrim":0,"nsites":159,"url":"http://jaspar2018.genereg.net/matrix/MA0261.1","pwm":[[0.000187052,0.000127216,0.999499,0.000187052],[0.999559,0.000127216,0.000127216,0.000187052],[0.999559,0.000127216,0.000127216,0.000187052],[0.000187052,0.999499,0.000127216,0.000187052],[0.528157,0.0441245,0.352107,0.0756116],[0.0381382,0.531439,0.183556,0.246867]]},{"db":1,"id":"MA0277.1","alt":"AZF1","len":9,"ltrim":0,"rtrim":0,"nsites":102,"url":"http://jaspar2018.genereg.net/matrix/MA0277.1","pwm":[[0.617334,0.127524,0.127524,0.127618],[0.999312,0.000198237,0.000198237,0.000291479],[0.999312,0.000198237,0.000198237,0.000291479],[0.870725,0.128785,0.000198237,0.000291479],[0.749557,0.000198237,0.249953,0.000291479],[0.000291479,0.000198237,0.999219,0.000291479],[0.779528,0.160042,0.0301689,0.0302621],[0.817672,0.0607449,0.0607449,0.0608381],[0.617334,0.127524,0.127524,0.127618]]},{"db":1,"id":"MA0296.1","alt":"FKH1","len":20,"ltrim":2,"rtrim":5,"nsites":997,"url":"http://jaspar2018.genereg.net/matrix/MA0296.1","pwm":[[0.177545,0.287855,0.207622,0.326978],[0.2475,0.192386,0.334656,0.225458],[0.520499,0.0840959,0.0981085,0.297297],[0.527031,0.0761647,0.129266,0.267538],[0.365358,0.073086,0.150155,0.4114],[0.119256,0.146299,0.133274,0.601172],[0.146308,0.0040279,0.848632,0.00103175],[0.00705014,0.003029,2.02989e-05,0.989901],[0.961819,0.0371276,2.02989e-05,0.00103275],[0.97889,0.0110412,0.0010222,0.00904694],[0.991914,0.0010222,0.0020241,0.00503934],[0.00103175,0.926781,0.0010222,0.0711647],[0.991914,0.0010222,0.003026,0.00403744],[0.875694,0.0390944,0.0160507,0.0691609],[0.672307,0.0491134,0.0701533,0.208426],[0.248502,0.191384,0.407795,0.15232],[0.374741,0.158321,0.296584,0.170354],[0.28457,0.184371,0.330648,0.200411],[0.20542,0.116241,0.452881,0.225458],[0.421832,0.192386,0.248492,0.137291]]},{"db":1,"id":"MA0297.1","alt":"FKH2","len":7,"ltrim":0,"rtrim":0,"nsites":101,"url":"http://jaspar2018.genereg.net/matrix/MA0297.1","pwm":[[0.12888,0.000200198,0.870625,0.000294362],[0.000294362,0.000200198,0.000200198,0.999305],[0.999305,0.000200198,0.000200198,0.000294362],[0.999305,0.000200198,0.000200198,0.000294362],[0.999305,0.000200198,0.000200198,0.000294362],[0.000294362,0.999211,0.000200198,0.000294362],[0.999305,0.000200198,0.000200198,0.000294362]]},{"db":1,"id":"MA0307.1","alt":"GLN3","len":5,"ltrim":0,"rtrim":0,"nsites":100,"url":"http://jaspar2018.genereg.net/matrix/MA0307.1","pwm":[[0.000297303,0.000202198,0.999203,0.000297303],[0.999298,0.000202198,0.000202198,0.000297303],[0.000297303,0.000202198,0.000202198,0.999298],[0.739558,0.000202198,0.000202198,0.260038],[0.609688,0.000202198,0.269932,0.120177]]},{"db":1,"id":"MA0317.1","alt":"HCM1","len":8,"ltrim":0,"rtrim":0,"nsites":100,"url":"http://jaspar2018.genereg.net/matrix/MA0317.1","pwm":[[0.509788,0.160042,0.249952,0.0802174],[0.270028,0.0801223,0.0401622,0.609688],[0.663001,0.316718,0.0100933,0.0101884],[0.949348,0.0501522,0.000202198,0.000297303],[0.999298,0.000202198,0.000202198,0.000297303],[0.0102873,0.859343,0.000202198,0.130167],[0.939952,0.0199844,0.0199844,0.0200795],[0.57548,0.171748,0.111202,0.14157]]},{"db":1,"id":"MA0321.1","alt":"INO2","len":9,"ltrim":0,"rtrim":0,"nsites":249,"url":"http://jaspar2018.genereg.net/matrix/MA0321.1","pwm":[[0.0723794,0.1165,0.794943,0.016177],[0.00011947,0.99968,8.12526e-05,0.00011947],[0.93348,0.0422333,8.12526e-05,0.0242058],[0.00011947,0.142881,8.12526e-05,0.856918],[0.0265239,8.12526e-05,0.973275,0.00011947],[0.0482931,8.12526e-05,0.0663197,0.885306],[0.00011947,0.123668,0.876093,0.00011947],[0.783138,0.0889346,0.127808,0.00011947],[0.811914,0.0121974,0.0303721,0.145516]]},{"db":1,"id":"MA0336.1","alt":"MGA1","len":21,"ltrim":6,"rtrim":6,"nsites":998,"url":"http://jaspar2018.genereg.net/matrix/MA0336.1","pwm":[[0.384761,0.0911931,0.206413,0.317633],[0.305304,0.124132,0.376359,0.194204],[0.240487,0.26853,0.318625,0.172358],[0.367728,0.171346,0.306603,0.154323],[0.252257,0.280272,0.194195,0.273275],[0.11625,0.204409,0.230458,0.448883],[0.787739,0.00302298,0.198198,0.0110397],[0.192203,0.110119,0.16617,0.531509],[0.702364,0.197396,0.0982064,0.00203362],[0.00503931,0.00202408,0.990903,0.00203362],[0.992909,0.00202608,0.00302898,0.00203562],[0.990922,0.00202208,0.00202208,0.00503432],[0.0120526,0.816571,0.0150488,0.156327],[0.846485,0.0391334,0.082259,0.0321226],[0.068159,0.505982,0.0701533,0.355705],[0.20362,0.180544,0.195588,0.420249],[0.301603,0.353692,0.0841798,0.260525],[0.291584,0.26853,0.0972045,0.34268],[0.442312,0.0702242,0.229686,0.257777],[0.440868,0.16834,0.10522,0.285572],[0.343024,0.295879,0.216649,0.144448]]},{"db":1,"id":"MA0340.1","alt":"MOT3","len":6,"ltrim":0,"rtrim":0,"nsites":201,"url":"http://jaspar2018.genereg.net/matrix/MA0340.1","pwm":[[0.333315,0.333268,0.000100647,0.333315],[0.999651,0.000100647,0.000100647,0.000147986],[0.000147986,0.000100647,0.999603,0.000147986],[0.000147986,0.000100647,0.999603,0.000147986],[0.000147986,0.499852,0.000100647,0.499899],[0.999651,0.000100647,0.000100647,0.000147986]]},{"db":1,"id":"MA0355.1","alt":"PHD1","len":10,"ltrim":1,"rtrim":3,"nsites":100,"url":"http://jaspar2018.genereg.net/matrix/MA0355.1","pwm":[[0.359938,0.269932,0.190012,0.180117],[0.0911155,0.434111,0.393748,0.0810246],[0.373661,0.444202,0.151566,0.03057],[0.000297303,0.101111,0.000202198,0.898389],[0.000297303,0.000202198,0.999203,0.000297303],[0.000297303,0.989213,0.000202198,0.0102873],[0.909388,0.0101922,0.0701323,0.0102873],[0.0802174,0.219982,0.359843,0.339958],[0.220078,0.419783,0.219982,0.140157],[0.319978,0.279922,0.209992,0.190107]]},{"db":1,"id":"MA0356.1","alt":"PHO2","len":6,"ltrim":0,"rtrim":0,"nsites":101,"url":"http://jaspar2018.genereg.net/matrix/MA0356.1","pwm":[[0.514636,0.000200198,0.0793299,0.405834],[0.120176,0.000200198,0.000200198,0.879424],[0.999305,0.000200198,0.000200198,0.000294362],[0.55974,0.000200198,0.000200198,0.439859],[0.230067,0.000200198,0.000200198,0.769533],[0.629671,0.000200198,0.000200198,0.369928]]},{"db":1,"id":"MA0370.1","alt":"RME1","len":10,"ltrim":0,"rtrim":0,"nsites":183,"url":"http://jaspar2018.genereg.net/matrix/MA0370.1","pwm":[[0.000162534,0.284108,0.000110541,0.715619],[0.0748877,0.448464,0.154232,0.322416],[0.0718723,0.448296,0.219722,0.26011],[0.999616,0.000110541,0.000110541,0.000162534],[0.708109,0.000110541,0.160737,0.131043],[0.817363,0.170605,0.000110541,0.0119211],[0.0997391,0.000110541,0.899988,0.000162534],[0.12937,0.000110541,0.870357,0.000162534],[0.489257,0.207444,0.186179,0.11712],[0.772746,0.000110541,0.116611,0.110531]]},{"db":1,"id":"MA0442.2","alt":"SOX10","len":11,"ltrim":2,"rtrim":2,"nsites":2055,"url":"http://jaspar2018.genereg.net/matrix/MA0442.2","pwm":[[0.332358,0.193187,0.256445,0.218009],[0.351822,0.137716,0.277855,0.232606],[0.544027,0.181023,0.15426,0.12069],[0.984395,0.00195575,0.00146978,0.0121789],[0.00147441,0.967846,0.00536259,0.0253172],[0.987314,0.00341568,0.00341568,0.0058532],[0.957632,0.0136342,0.00974138,0.0189916],[0.953253,0.0112013,0.00584856,0.029697],[0.00488024,0.00633554,0.979037,0.00974601],[0.324087,0.26861,0.301212,0.106092],[0.310461,0.27007,0.24574,0.173729]]},{"db":1,"id":"MA0446.1","alt":"fkh","len":11,"ltrim":0,"rtrim":0,"nsites":27,"url":"http://jaspar2018.genereg.net/matrix/MA0446.1","pwm":[[0.111799,0.000746864,0.000746864,0.886707],[0.1856,0.000746864,0.812555,0.00109815],[0.00109815,0.000746864,0.000746864,0.997408],[0.00109815,0.000746864,0.000746864,0.997408],[0.00109815,0.000746864,0.0376472,0.960508],[0.480802,0.000746864,0.517353,0.00109815],[0.148699,0.480451,0.0745475,0.296301],[0.2225,0.259049,0.111448,0.407002],[0.00109815,0.406651,0.0745475,0.517704],[0.849807,0.000746864,0.0376472,0.111799],[0.554604,0.148348,0.148348,0.148699]]},{"db":1,"id":"MA0458.1","alt":"slp1","len":11,"ltrim":1,"rtrim":0,"nsites":41,"url":"http://jaspar2018.genereg.net/matrix/MA0458.1","pwm":[[0.195371,0.0734854,0.341125,0.390019],[0.000724087,0.000492458,0.000492458,0.998291],[0.0737171,0.000492458,0.925066,0.000724087],[0.000724087,0.000492458,0.000492458,0.998291],[0.000724087,0.000492458,0.0248231,0.97396],[0.000724087,0.000492458,0.0491538,0.94963],[0.657659,0.000492458,0.0978161,0.244033],[0.0250547,0.535772,0.170809,0.268364],[0.414349,0.19514,0.365456,0.0250547],[0.0980477,0.316794,0.0734854,0.511673],[0.365688,0.0734854,0.0978161,0.463012]]},{"db":1,"id":"MA0463.1","alt":"Bcl6","len":14,"ltrim":1,"rtrim":2,"nsites":956,"url":"http://jaspar2018.genereg.net/matrix/MA0463.1","pwm":[[0.199801,0.178872,0.25627,0.365056],[0.0366383,0.0230318,0.0293071,0.911024],[0.00526058,0.0836944,0.0313989,0.879646],[0.0314088,0.916243,0.0251235,0.0272253],[3.11264e-05,0.856627,2.11694e-05,0.143321],[3.11264e-05,2.11694e-05,2.11694e-05,0.999927],[0.466509,0.0899698,0.422571,0.0209499],[0.148552,2.11694e-05,0.851396,3.11264e-05],[0.984238,2.11694e-05,0.011526,0.00421469],[0.671509,0.105659,0.183056,0.039776],[0.643269,0.0073424,0.222801,0.126587],[0.105669,0.0962451,0.658948,0.139138],[0.197709,0.516703,0.121347,0.16424],[0.385974,0.196654,0.173643,0.24373]]},{"db":1,"id":"MA0480.1","alt":"Foxo1","len":11,"ltrim":1,"rtrim":0,"nsites":2490,"url":"http://jaspar2018.genereg.net/matrix/MA0480.1","pwm":[[0.187956,0.111249,0.191968,0.508827],[0.0510139,0.513643,0.302004,0.13334],[0.0349505,0.564644,0.0839408,0.316465],[1.19513e-05,8.1282e-06,8.1282e-06,0.999972],[1.19513e-05,8.1282e-06,0.999968,1.19513e-05],[1.19513e-05,8.1282e-06,8.1282e-06,0.999972],[1.19513e-05,8.1282e-06,8.1282e-06,0.999972],[1.19513e-05,8.1282e-06,0.115264,0.884715],[0.751388,0.0630576,8.1282e-06,0.185547],[1.19513e-05,0.806,8.1282e-06,0.19398],[0.430517,0.230119,0.028521,0.310842]]},{"db":1,"id":"MA0481.2","alt":"FOXP1","len":12,"ltrim":2,"rtrim":3,"nsites":4266,"url":"http://jaspar2018.genereg.net/matrix/MA0481.2","pwm":[[0.351382,0.212846,0.23277,0.203002],[0.359821,0.0625913,0.225737,0.351851],[0.0696253,0.0117255,0.904344,0.0143056],[0.0318862,0.0356349,0.0241482,0.908331],[0.956619,0.030478,0.00656859,0.00633583],[0.945602,0.03329,0.00422365,0.0168846],[0.976308,0.00469263,0.0131314,0.00586684],[0.00891477,0.932238,0.00703658,0.0518108],[0.962244,0.00328667,0.00867754,0.0257914],[0.21191,0.159166,0.509135,0.119788],[0.353492,0.202297,0.219175,0.225037],[0.305438,0.220581,0.212377,0.261604]]},{"db":1,"id":"MA0486.2","alt":"HSF1","len":13,"ltrim":0,"rtrim":0,"nsites":1562,"url":"http://jaspar2018.genereg.net/matrix/MA0486.2","pwm":[[0.0409894,0.0115362,0.0160169,0.931457],[0.00741558,0.00270278,0.0114442,0.978436],[0.00610766,0.984388,0.00610157,0.00340183],[0.00196293,0.175415,0.115652,0.706971],[0.642079,0.187115,0.169464,0.00134297],[1.90513e-05,1.29569e-05,0.999949,1.90513e-05],[0.988407,0.00544761,0.00137187,0.00477375],[0.976467,0.00269779,0.00269779,0.0181389],[0.04806,0.489344,0.109134,0.353462],[0.336767,0.130589,0.40686,0.125784],[0.016853,0.00337974,1.29569e-05,0.979754],[0.00410879,0.00137587,0.00273978,0.991776],[0.00206692,0.993123,0.00206083,0.00274888]]},{"db":1,"id":"MA0495.2","alt":"MAFF","len":21,"ltrim":1,"rtrim":1,"nsites":12296,"url":"http://jaspar2018.genereg.net/matrix/MA0495.2","pwm":[[0.383132,0.119064,0.197219,0.300586],[0.437702,0.0961299,0.104913,0.361255],[0.324577,0.102311,0.100928,0.472185],[0.216901,0.163305,0.132971,0.486823],[0.0955616,0.0465203,0.0499362,0.807982],[0.0431871,0.0503432,0.867432,0.0390391],[0.110363,0.817822,0.0302554,0.0415601],[0.0671779,0.0356224,0.00854058,0.888658],[0.057338,0.0255384,0.832217,0.0849077],[0.881501,0.0227735,0.0200895,0.0756358],[0.0906007,0.228855,0.590026,0.0905187],[0.0383881,0.0196825,0.0227735,0.919156],[0.0821428,0.850353,0.0196015,0.047904],[0.915903,0.00439361,0.0306614,0.049042],[0.0374941,0.0444063,0.774149,0.14395],[0.055305,0.836202,0.0567672,0.051726],[0.779111,0.0592892,0.0579062,0.103694],[0.475601,0.131019,0.167778,0.225603],[0.474544,0.104832,0.114184,0.306441],[0.353855,0.108492,0.105889,0.431765],[0.307498,0.184532,0.131751,0.376219]]},{"db":1,"id":"MA0496.2","alt":"MAFK","len":19,"ltrim":0,"rtrim":0,"nsites":7790,"url":"http://jaspar2018.genereg.net/matrix/MA0496.2","pwm":[[0.468419,0.0875495,0.107318,0.336713],[0.397945,0.0955084,0.111426,0.395121],[0.251221,0.179718,0.150707,0.418355],[0.0940976,0.0590518,0.0422361,0.804614],[0.0356904,0.049039,0.886255,0.0290154],[0.107576,0.845948,0.0116844,0.0347914],[0.064701,0.047756,0.00808949,0.879454],[0.0576411,0.0256763,0.832084,0.0845987],[0.891263,0.0184874,0.0190014,0.0712479],[0.0824158,0.282797,0.552242,0.0825448],[0.0387713,0.0195143,0.0197713,0.921943],[0.0831868,0.857117,0.0163054,0.0433923],[0.913342,0.00372555,0.0392831,0.0436493],[0.0294004,0.0124544,0.831699,0.126446],[0.0360754,0.880094,0.0508359,0.0329944],[0.791008,0.046215,0.0614908,0.101287],[0.4086,0.144032,0.18344,0.263928],[0.395891,0.109885,0.104751,0.389473],[0.335302,0.105264,0.0881915,0.471243]]},{"db":1,"id":"MA0507.1","alt":"POU2F2","len":13,"ltrim":3,"rtrim":0,"nsites":2287,"url":"http://jaspar2018.genereg.net/matrix/MA0507.1","pwm":[[0.181465,0.277653,0.175777,0.365104],[0.231748,0.116314,0.25929,0.39265],[0.26454,0.360728,0.181461,0.193271],[0.881478,0.00831649,0.000445831,0.109759],[1.30121e-05,8.84964e-06,8.84964e-06,0.999969],[0.111945,0.000883811,8.84964e-06,0.887162],[1.30121e-05,8.84964e-06,8.84964e-06,0.999969],[0.069096,8.84964e-06,0.873167,0.0577285],[1.30121e-05,0.992969,8.84964e-06,0.00700871],[0.986852,0.0131263,8.84964e-06,1.30121e-05],[1.30121e-05,0.000883811,8.84964e-06,0.999094],[0.506768,0.0170611,0.268034,0.208137],[0.259731,0.157851,0.0467928,0.535626]]},{"db":1,"id":"MA0514.1","alt":"Sox3","len":10,"ltrim":0,"rtrim":0,"nsites":2067,"url":"http://jaspar2018.genereg.net/matrix/MA0514.1","pwm":[[1.4397e-05,0.719375,0.159654,0.120957],[1.4397e-05,0.75082,9.7915e-06,0.249155],[0.126762,9.7915e-06,9.7915e-06,0.873218],[1.4397e-05,9.7915e-06,9.7915e-06,0.999966],[1.4397e-05,9.7915e-06,9.7915e-06,0.999966],[1.4397e-05,0.0696724,0.930299,1.4397e-05],[1.4397e-05,9.7915e-06,9.7915e-06,0.999966],[1.4397e-05,0.33768,0.122887,0.539417],[0.00920595,0.412665,0.0106523,0.567476],[0.0203324,0.316395,0.18481,0.478462]]},{"db":1,"id":"MA0515.1","alt":"Sox6","len":10,"ltrim":0,"rtrim":0,"nsites":249,"url":"http://jaspar2018.genereg.net/matrix/MA0515.1","pwm":[[0.016177,0.55809,0.200804,0.224929],[0.00011947,0.887275,8.12526e-05,0.112524],[0.646446,8.12526e-05,8.12526e-05,0.353392],[0.00011947,8.12526e-05,8.12526e-05,0.999718],[0.00011947,8.12526e-05,8.12526e-05,0.999718],[0.00011947,8.12526e-05,0.99968,0.00011947],[0.00011947,8.12526e-05,8.12526e-05,0.999718],[0.00011947,0.461743,0.0201532,0.517983],[0.016177,0.4497,8.12526e-05,0.534042],[0.0563219,0.30518,0.124529,0.513969]]},{"db":1,"id":"MA0541.1","alt":"efl-1","len":15,"ltrim":4,"rtrim":1,"nsites":2206,"url":"http://jaspar2018.genereg.net/matrix/MA0541.1","pwm":[[0.300091,0.334536,0.0879472,0.277426],[0.267,0.177245,0.367627,0.188128],[0.262921,0.362187,0.0752548,0.299637],[0.159571,0.142342,0.396637,0.301451],[0.0417156,0.521292,0.404796,0.032197],[0.0276642,0.00998172,0.962341,1.34899e-05],[0.00499926,0.993618,0.00136911,1.34899e-05],[1.34899e-05,9.17457e-06,0.999964,1.34899e-05],[1.34899e-05,0.561634,0.438339,1.34899e-05],[0.0603008,0.284674,0.655011,1.34899e-05],[0.950106,0.02494,0.0081688,0.0167847],[0.911577,0.0117946,0.070722,0.00590622],[0.645496,0.0621094,0.0802415,0.212153],[0.315502,0.0970128,0.0775217,0.509963],[0.144613,0.176338,0.159567,0.519482]]},{"db":1,"id":"MA0543.1","alt":"eor-1","len":15,"ltrim":2,"rtrim":0,"nsites":1253,"url":"http://jaspar2018.genereg.net/matrix/MA0543.1","pwm":[[0.350355,0.134881,0.340771,0.173992],[0.36472,0.106153,0.396632,0.132495],[0.749365,0.0710405,0.133286,0.0463091],[0.10616,0.00161202,0.888213,0.00401343],[0.962437,0.000814088,1.6152e-05,0.0367328],[0.0798254,1.6152e-05,0.898587,0.02157],[0.920142,0.00959239,0.0558777,0.0143886],[0.209105,0.476435,0.254585,0.059875],[0.342374,0.0351293,0.553843,0.0686533],[0.189155,0.436533,0.321618,0.0526935],[0.94488,0.0327345,0.0223604,2.37491e-05],[0.059077,0.0223604,0.918538,2.37491e-05],[0.933708,0.00240996,0.0590694,0.00481237],[0.161224,0.268151,0.547458,0.0231659],[0.777296,0.0207645,0.146852,0.0550874]]},{"db":1,"id":"MA0546.1","alt":"pha-4","len":10,"ltrim":0,"rtrim":0,"nsites":1010,"url":"http://jaspar2018.genereg.net/matrix/MA0546.1","pwm":[[0.57918,0.0703101,2.00376e-05,0.35049],[0.52869