<!DOCTYPE HTML>
<html>
  <head>
    <meta charset="UTF-8">
    <title>TOMTOM</title>
    <script>
      // @JSON_VAR data
      var data = {
        "program": "Tomtom",
        "version": "4.12.0",
        "release": "Tue Jun 27 16:22:50 2017 -0700",
        "cmd": [
          "tomtom", "-verbosity", "1", "-oc",
          "results/AHRpeaks_oneAHRE.bed-499.fa/jaspar/meme_tomtom_out",
          "-min-overlap", "5", "-dist", "pearson", "-evalue", "-thresh", "1",
          "-no-ssc", "-bfile",
          "results/AHRpeaks_oneAHRE.bed-499.fa/jaspar/background",
          "results/AHRpeaks_oneAHRE.bed-499.fa/jaspar/meme_out/meme.xml",
          "/Users/filipov4/meme/db/motif_databases/JASPAR/JASPAR2018_CORE_non-redundant.meme"
        ],
        "options": {
          "strands": "both",
          "distance_measure": "pearson",
          "threshold_type": "evalue",
          "threshold_value": 1,
          "background_source": "file",
          "background_file": "results/AHRpeaks_oneAHRE.bed-499.fa/jaspar/background"
        },
        "alphabet": {
          "name": "DNA",
          "like": "dna",
          "ncore": 4,
          "symbols": [
            {
              "symbol": "A",
              "name": "Adenine",
              "colour": "CC0000",
              "complement": "T"
            }, {
              "symbol": "C",
              "name": "Cytosine",
              "colour": "0000CC",
              "complement": "G"
            }, {
              "symbol": "G",
              "name": "Guanine",
              "colour": "FFB300",
              "complement": "C"
            }, {
              "symbol": "T",
              "aliases": "U",
              "name": "Thymine",
              "colour": "008000",
              "complement": "A"
            }, {
              "symbol": "N",
              "aliases": "X.",
              "name": "Any base",
              "equals": "ACGT"
            }, {
              "symbol": "V",
              "name": "Not T",
              "equals": "ACG"
            }, {
              "symbol": "H",
              "name": "Not G",
              "equals": "ACT"
            }, {
              "symbol": "D",
              "name": "Not C",
              "equals": "AGT"
            }, {
              "symbol": "B",
              "name": "Not A",
              "equals": "CGT"
            }, {
              "symbol": "M",
              "name": "Amino",
              "equals": "AC"
            }, {
              "symbol": "R",
              "name": "Purine",
              "equals": "AG"
            }, {
              "symbol": "W",
              "name": "Weak",
              "equals": "AT"
            }, {
              "symbol": "S",
              "name": "Strong",
              "equals": "CG"
            }, {
              "symbol": "Y",
              "name": "Pyrimidine",
              "equals": "CT"
            }, {
              "symbol": "K",
              "name": "Keto",
              "equals": "GT"
            }
          ]
        },
        "background": [0.2745, 0.2255, 0.2255, 0.2745],
        "query_dbs": [
          {
            "source": "results/AHRpeaks_oneAHRE.bed-499.fa/jaspar/meme_out/meme.xml",
            "name": "meme",
            "loaded": 7,
            "excluded": 0,
            "last_modified": "Thu May 24 16:17:36 2018"
          }
        ],
        "target_dbs": [
          {
            "source": "/Users/filipov4/meme/db/motif_databases/JASPAR/JASPAR2018_CORE_non-redundant.meme",
            "name": "JASPAR2018 CORE non-redundant",
            "loaded": 1404,
            "excluded": 0,
            "last_modified": "Thu Dec  7 14:38:42 2017"
          }
        ],
        "queries": [
          {
            "db": 0,
            "id": "AAATCYTCACMATCTATACATCTGACAMAG",
            "alt": "MEME-7",
            "len": 30,
            "nsites": 7,
            "evalue": "2.3e-008",
            "pwm": [
              [0.989782, 0.00317606, 0.00317606, 0.0038662], 
              [0.848937, 0.00317606, 0.00317606, 0.144711], 
              [0.708092, 0.00317606, 0.00317606, 0.285556], 
              [0.0038662, 0.144021, 0.00317606, 0.848937], 
              [0.0038662, 0.848247, 0.00317606, 0.144711], 
              [0.144711, 0.284866, 0.00317606, 0.567247], 
              [0.144711, 0.00317606, 0.00317606, 0.848937], 
              [0.0038662, 0.989092, 0.00317606, 0.0038662], 
              [0.989782, 0.00317606, 0.00317606, 0.0038662], 
              [0.144711, 0.848247, 0.00317606, 0.0038662], 
              [0.567247, 0.284866, 0.144021, 0.0038662], 
              [0.708092, 0.144021, 0.00317606, 0.144711], 
              [0.0038662, 0.00317606, 0.284866, 0.708092], 
              [0.144711, 0.848247, 0.00317606, 0.0038662], 
              [0.285556, 0.00317606, 0.00317606, 0.708092], 
              [0.708092, 0.284866, 0.00317606, 0.0038662], 
              [0.0038662, 0.00317606, 0.00317606, 0.989782], 
              [0.708092, 0.00317606, 0.284866, 0.0038662], 
              [0.0038662, 0.989092, 0.00317606, 0.0038662], 
              [0.708092, 0.144021, 0.144021, 0.0038662], 
              [0.0038662, 0.00317606, 0.144021, 0.848937], 
              [0.0038662, 0.707402, 0.284866, 0.0038662], 
              [0.0038662, 0.144021, 0.00317606, 0.848937], 
              [0.0038662, 0.00317606, 0.848247, 0.144711], 
              [0.708092, 0.00317606, 0.144021, 0.144711], 
              [0.0038662, 0.848247, 0.144021, 0.0038662], 
              [0.989782, 0.00317606, 0.00317606, 0.0038662], 
              [0.567247, 0.425711, 0.00317606, 0.0038662], 
              [0.989782, 0.00317606, 0.00317606, 0.0038662], 
              [0.0038662, 0.00317606, 0.989092, 0.0038662]
            ]
          }, {
            "db": 0,
            "id": "CHSKSTSHCCYHSCYCCYHCCC",
            "alt": "MEME-5",
            "len": 22,
            "nsites": 87,
            "evalue": "2.7e-012",
            "pwm": [
              [0.138088, 0.631717, 0.218399, 0.011796], 
              [0.37919, 0.275804, 0.000258898, 0.344747], 
              [0.011796, 0.44802, 0.344691, 0.195493], 
              [0.149569, 0.0806265, 0.310248, 0.459557], 
              [0.000315155, 0.367653, 0.539869, 0.0921636], 
              [0.0921636, 0.252843, 0.000258898, 0.654735], 
              [0.011796, 0.493944, 0.356172, 0.138088], 
              [0.241417, 0.390615, 0.138032, 0.229936], 
              [0.16105, 0.516906, 0.218399, 0.103644], 
              [0.000315155, 0.735046, 0.000258898, 0.26438], 
              [0.000315155, 0.493944, 0.000258898, 0.505482], 
              [0.206975, 0.367653, 0.0921073, 0.333265], 
              [0.184012, 0.413577, 0.252843, 0.149569], 
              [0.0921636, 0.528388, 0.138032, 0.241417], 
              [0.000315155, 0.643198, 0.000258898, 0.356228], 
              [0.0921636, 0.654679, 0.000258898, 0.252899], 
              [0.000315155, 0.677641, 0.0117397, 0.310304], 
              [0.149569, 0.379133, 0.0691457, 0.402152], 
              [0.298823, 0.356172, 0.138032, 0.206975], 
              [0.011796, 0.792451, 0.000258898, 0.195493], 
              [0.069202, 0.861338, 0.000258898, 0.069202], 
              [0.0806828, 0.66616, 0.0347023, 0.218455]
            ]
          }, {
            "db": 0,
            "id": "SCCYCWGGS",
            "alt": "MEME-1",
            "len": 9,
            "nsites": 105,
            "evalue": "6.3e-022",
            "pwm": [
              [0.00026118, 0.361775, 0.637702, 0.00026118], 
              [0.00026118, 0.93266, 0.0668181, 0.00026118], 
              [0.00026118, 0.685276, 0.000214558, 0.314248], 
              [0.00026118, 0.380804, 0.000214558, 0.61872], 
              [0.00026118, 0.999263, 0.000214558, 0.00026118], 
              [0.571146, 0.0192444, 0.104877, 0.304733], 
              [0.00026118, 0.000214558, 0.999263, 0.00026118], 
              [0.00026118, 0.000214558, 0.999263, 0.00026118], 
              [0.114438, 0.447408, 0.437893, 0.00026118]
            ]
          }, {
            "db": 0,
            "id": "TCARCAAATATTTRYTRARTG",
            "alt": "MEME-3",
            "len": 21,
            "nsites": 22,
            "evalue": "3.9e-019",
            "pwm": [
              [0.00124208, 0.00102036, 0.00102036, 0.996717], 
              [0.227487, 0.725003, 0.0462697, 0.00124208], 
              [0.90622, 0.00102036, 0.0462697, 0.0464914], 
              [0.45373, 0.0462697, 0.498758, 0.00124208], 
              [0.00124208, 0.725003, 0.00102036, 0.272735], 
              [0.815722, 0.00102036, 0.00102036, 0.182237], 
              [0.86097, 0.00102036, 0.136767, 0.00124208], 
              [0.951468, 0.0462697, 0.00102036, 0.00124208], 
              [0.0917397, 0.182016, 0.0462697, 0.679975], 
              [0.951468, 0.0462697, 0.00102036, 0.00124208], 
              [0.00124208, 0.00102036, 0.091518, 0.90622], 
              [0.00124208, 0.00102036, 0.00102036, 0.996717], 
              [0.00124208, 0.00102036, 0.091518, 0.90622], 
              [0.317984, 0.00102036, 0.589256, 0.0917397], 
              [0.182237, 0.317763, 0.00102036, 0.49898], 
              [0.227487, 0.227265, 0.0462697, 0.49898], 
              [0.408482, 0.182016, 0.40826, 0.00124208], 
              [0.634727, 0.136767, 0.091518, 0.136989], 
              [0.49898, 0.00102036, 0.498758, 0.00124208], 
              [0.272735, 0.0462697, 0.00102036, 0.679975], 
              [0.317984, 0.00102036, 0.679753, 0.00124208]
            ]
          }, {
            "db": 0,
            "id": "TGTGTGYGTGTGTRTGTKTGTG",
            "alt": "MEME-4",
            "len": 22,
            "nsites": 22,
            "evalue": "5.6e-016",
            "pwm": [
              [0.0917397, 0.182016, 0.0462697, 0.679975], 
              [0.227487, 0.091518, 0.679753, 0.00124208], 
              [0.00124208, 0.091518, 0.00102036, 0.90622], 
              [0.00124208, 0.091518, 0.905998, 0.00124208], 
              [0.272735, 0.091518, 0.00102036, 0.634727], 
              [0.0464914, 0.0462697, 0.905998, 0.00124208], 
              [0.0917397, 0.363011, 0.091518, 0.45373], 
              [0.227487, 0.0462697, 0.725003, 0.00124208], 
              [0.0464914, 0.0462697, 0.0462697, 0.86097], 
              [0.0464914, 0.091518, 0.8155, 0.0464914], 
              [0.0917397, 0.227265, 0.00102036, 0.679975], 
              [0.227487, 0.00102036, 0.725003, 0.0464914], 
              [0.0917397, 0.227265, 0.136767, 0.544229], 
              [0.589477, 0.00102036, 0.363011, 0.0464914], 
              [0.00124208, 0.091518, 0.227265, 0.679975], 
              [0.00124208, 0.091518, 0.905998, 0.00124208], 
              [0.0464914, 0.0462697, 0.00102036, 0.90622], 
              [0.00124208, 0.0462697, 0.634505, 0.317984], 
              [0.0464914, 0.227265, 0.00102036, 0.725224], 
              [0.272735, 0.0462697, 0.634505, 0.0464914], 
              [0.00124208, 0.00102036, 0.0462697, 0.951468], 
              [0.0464914, 0.00102036, 0.725003, 0.227487]
            ]
          }, {
            "db": 0,
            "id": "TSTGRKTTKTSTKTKTACTSTG",
            "alt": "MEME-6",
            "len": 22,
            "nsites": 12,
            "evalue": "3.5e-005",
            "pwm": [
              [0.167558, 0.00186364, 0.0845079, 0.74607], 
              [0.00226859, 0.332442, 0.580376, 0.0849129], 
              [0.0849129, 0.00186364, 0.00186364, 0.91136], 
              [0.00226859, 0.00186364, 0.993599, 0.00226859], 
              [0.415492, 0.00186364, 0.580376, 0.00226859], 
              [0.0849129, 0.167153, 0.497731, 0.250202], 
              [0.0849129, 0.00186364, 0.00186364, 0.91136], 
              [0.0849129, 0.0845079, 0.00186364, 0.828715], 
              [0.00226859, 0.00186364, 0.580376, 0.415492], 
              [0.00226859, 0.0845079, 0.00186364, 0.91136], 
              [0.00226859, 0.663021, 0.332442, 0.00226859], 
              [0.00226859, 0.00186364, 0.167153, 0.828715], 
              [0.00226859, 0.167153, 0.332442, 0.498136], 
              [0.00226859, 0.00186364, 0.00186364, 0.994004], 
              [0.00226859, 0.00186364, 0.332442, 0.663426], 
              [0.00226859, 0.167153, 0.167153, 0.663426], 
              [0.663426, 0.167153, 0.00186364, 0.167558], 
              [0.167558, 0.82831, 0.00186364, 0.00226859], 
              [0.0849129, 0.167153, 0.00186364, 0.74607], 
              [0.00226859, 0.580376, 0.415087, 0.00226859], 
              [0.00226859, 0.00186364, 0.00186364, 0.994004], 
              [0.00226859, 0.00186364, 0.993599, 0.00226859]
            ]
          }, {
            "db": 0,
            "id": "TTTTHWTCTTTKTTTTYTTTDTTYTTGWWT",
            "alt": "MEME-2",
            "len": 30,
            "nsites": 56,
            "evalue": "7.8e-026",
            "pwm": [
              [0.071791, 0.000401961, 0.232131, 0.695677], 
              [0.178742, 0.267781, 0.000401961, 0.553074], 
              [0.125266, 0.214306, 0.0538775, 0.60655], 
              [0.250044, 0.000401961, 0.125179, 0.624375], 
              [0.214393, 0.214306, 0.143004, 0.428296], 
              [0.446123, 0.0182271, 0.125179, 0.410471], 
              [0.143092, 0.143004, 0.000401961, 0.713502], 
              [0.125266, 0.481686, 0.214306, 0.178742], 
              [0.125266, 0.0717036, 0.000401961, 0.802628], 
              [0.000489305, 0.178655, 0.249956, 0.5709], 
              [0.107441, 0.0360523, 0.0360523, 0.820454], 
              [0.160917, 0.000401961, 0.481686, 0.356996], 
              [0.160917, 0.125179, 0.000401961, 0.713502], 
              [0.178742, 0.107354, 0.0538775, 0.660026], 
              [0.000489305, 0.178655, 0.0538775, 0.766978], 
              [0.267869, 0.000401961, 0.143004, 0.588725], 
              [0.125266, 0.267781, 0.196481, 0.410471], 
              [0.285694, 0.000401961, 0.0360523, 0.677851], 
              [0.000489305, 0.143004, 0.160829, 0.695677], 
              [0.143092, 0.107354, 0.0717036, 0.677851], 
              [0.339171, 0.0360523, 0.214306, 0.410471], 
              [0.0361396, 0.196481, 0.107354, 0.660026], 
              [0.0361396, 0.107354, 0.160829, 0.695677], 
              [0.0539648, 0.428209, 0.000401961, 0.517423], 
              [0.143092, 0.160829, 0.000401961, 0.695677], 
              [0.071791, 0.000401961, 0.125179, 0.802628], 
              [0.125266, 0.107354, 0.570812, 0.196568], 
              [0.267869, 0.196481, 0.000401961, 0.535248], 
              [0.250044, 0.160829, 0.160829, 0.428296], 
              [0.071791, 0.000401961, 0.0717036, 0.856104]
            ]
          }
        ],
        "targets": [
          {
            "db": 0,
            "id": "MA0003.3",
            "alt": "TFAP2A",
            "len": 11,
            "nsites": 5308,
            "url": "http://jaspar2018.genereg.net/matrix/MA0003.3",
            "pwm": [
              [0.321401, 0.365295, 0.0521883, 0.261115], 
              [0.0249497, 0.176257, 0.790229, 0.00856301], 
              [5.17134e-06, 0.974472, 0.0255178, 5.17134e-06], 
              [5.17134e-06, 0.947852, 0.00196821, 0.0501742], 
              [0.00622105, 0.310038, 0.123942, 0.559799], 
              [0.10833, 0.50527, 0.30388, 0.0825206], 
              [0.68562, 0.187419, 0.116408, 0.010553], 
              [0.154624, 0.0342286, 0.811143, 5.17134e-06], 
              [5.17134e-06, 0.00580914, 0.994181, 5.17134e-06], 
              [0.00578906, 0.881704, 0.108584, 0.0039231], 
              [0.351355, 0.15034, 0.243971, 0.254333]
            ]
          }, {
            "db": 0,
            "id": "MA0036.3",
            "alt": "GATA2",
            "len": 11,
            "nsites": 14213,
            "url": "http://jaspar2018.genereg.net/matrix/MA0036.3",
            "pwm": [
              [0.232393, 0.209526, 0.225216, 0.332864], 
              [0.139732, 0.288398, 0.208682, 0.363188], 
              [0.0661385, 0.746285, 0.086049, 0.101528], 
              [0.0312407, 0.0182245, 0.0105555, 0.93998], 
              [0.0293407, 0.00239357, 0.00147958, 0.966786], 
              [0.991904, 0.00098658, 0.00302657, 0.0040829], 
              [0.0102039, 0.00541955, 0.00337856, 0.980998], 
              [0.00675588, 0.969952, 0.00886652, 0.0144248], 
              [0.166961, 0.0346173, 0.0258224, 0.772599], 
              [0.204883, 0.26131, 0.257229, 0.276578], 
              [0.230634, 0.272567, 0.155914, 0.340885]
            ]
          }, {
            "db": 0,
            "id": "MA0057.1",
            "alt": "MZF1(var.2)",
            "len": 10,
            "nsites": 16,
            "url": "http://jaspar2018.genereg.net/matrix/MA0057.1",
            "pwm": [
              [0.0638168, 0.249848, 0.436183, 0.250152], 
              [0.125929, 0.00140062, 0.436183, 0.436488], 
              [0.933382, 0.0635124, 0.00140062, 0.00170497], 
              [0.00170497, 0.00140062, 0.68463, 0.312264], 
              [0.00170497, 0.00140062, 0.933078, 0.0638168], 
              [0.00170497, 0.125624, 0.870966, 0.00170497], 
              [0.00170497, 0.00140062, 0.870966, 0.125929], 
              [0.18804, 0.0635124, 0.498295, 0.250152], 
              [0.622823, 0.00140062, 0.249848, 0.125929], 
              [0.498599, 0.125624, 0.249848, 0.125929]
            ]
          }, {
            "db": 0,
            "id": "MA0065.2",
            "alt": "Pparg::Rxra",
            "len": 15,
            "nsites": 857,
            "url": "http://jaspar2018.genereg.net/matrix/MA0065.2",
            "pwm": [
              [0.109704, 0.369878, 0.373379, 0.14704], 
              [0.117734, 0.193477, 0.148028, 0.540762], 
              [0.453467, 0.0267672, 0.427883, 0.0918813], 
              [0.116162, 0.0035099, 0.779261, 0.101065], 
              [0.161266, 0.0174253, 0.781838, 0.0394704], 
              [0.168225, 0.149661, 0.45821, 0.223904], 
              [0.0822934, 0.633787, 0.207418, 0.0765001], 
              [0.948936, 0.0243575, 0.0174053, 0.00930095], 
              [0.604828, 0.0556398, 0.312852, 0.0266799], 
              [0.825167, 0.00581263, 0.158573, 0.0104478], 
              [0.0950379, 0.00234304, 0.888683, 0.0139354], 
              [0.0475355, 0.0104541, 0.802946, 0.139066], 
              [0.0255211, 0.114729, 0.304742, 0.555008], 
              [0.0626697, 0.643803, 0.16706, 0.126467], 
              [0.784164, 0.0673035, 0.0545439, 0.0939891]
            ]
          }, {
            "db": 0,
            "id": "MA0079.3",
            "alt": "SP1",
            "len": 11,
            "nsites": 8734,
            "url": "http://jaspar2018.genereg.net/matrix/MA0079.3",
            "pwm": [
              [0.098124, 0.204488, 0.489005, 0.208382], 
              [3.14285e-06, 0.711581, 0.0735077, 0.214908], 
              [0.011338, 0.767454, 2.58183e-06, 0.221205], 
              [3.14285e-06, 0.999991, 2.58183e-06, 3.14285e-06], 
              [3.14285e-06, 0.991633, 2.58183e-06, 0.00836105], 
              [0.1556, 2.58183e-06, 0.529422, 0.314976], 
              [3.14285e-06, 0.999991, 2.58183e-06, 3.14285e-06], 
              [3.14285e-06, 0.999991, 2.58183e-06, 3.14285e-06], 
              [3.14285e-06, 0.764707, 2.58183e-06, 0.235287], 
              [0.12068, 0.727839, 2.58183e-06, 0.151478], 
              [0.0746533, 0.568922, 0.0840406, 0.272384]
            ]
          }, {
            "db": 0,
            "id": "MA0277.1",
            "alt": "AZF1",
            "len": 9,
            "nsites": 102,
            "url": "http://jaspar2018.genereg.net/matrix/MA0277.1",
            "pwm": [
              [0.617311, 0.127547, 0.127547, 0.127595], 
              [0.999289, 0.000220862, 0.000220862, 0.000268854], 
              [0.999289, 0.000220862, 0.000220862, 0.000268854], 
              [0.870702, 0.128808, 0.000220862, 0.000268854], 
              [0.749534, 0.000220862, 0.249976, 0.000268854], 
              [0.000268854, 0.000220862, 0.999241, 0.000268854], 
              [0.779505, 0.160064, 0.0301915, 0.0302395], 
              [0.81765, 0.0607675, 0.0607675, 0.0608155], 
              [0.617311, 0.127547, 0.127547, 0.127595]
            ]
          }, {
            "db": 0,
            "id": "MA0516.1",
            "alt": "SP2",
            "len": 15,
            "nsites": 1686,
            "url": "http://jaspar2018.genereg.net/matrix/MA0516.1",
            "pwm": [
              [0.0949097, 0.150063, 0.609704, 0.145322], 
              [0.0231469, 0.481005, 0.152436, 0.343412], 
              [0.0308565, 0.822029, 0.000606339, 0.146509], 
              [1.62802e-05, 0.995802, 0.00416513, 1.62802e-05], 
              [1.62802e-05, 0.974452, 1.33741e-05, 0.0255188], 
              [0.103213, 1.33741e-05, 0.759161, 0.137612], 
              [1.62802e-05, 0.999954, 1.33741e-05, 1.62802e-05], 
              [1.62802e-05, 0.982161, 1.33741e-05, 0.0178092], 
              [1.62802e-05, 0.657151, 1.33741e-05, 0.342819], 
              [0.122192, 0.709342, 1.33741e-05, 0.168452], 
              [0.0682212, 0.575898, 0.0587289, 0.297152], 
              [0.110923, 0.328582, 0.192766, 0.367728], 
              [0.134053, 0.425255, 0.23784, 0.202851], 
              [0.135239, 0.470922, 0.241992, 0.151846], 
              [0.120412, 0.441861, 0.250296, 0.187431]
            ]
          }, {
            "db": 0,
            "id": "MA0524.2",
            "alt": "TFAP2C",
            "len": 12,
            "nsites": 5834,
            "url": "http://jaspar2018.genereg.net/matrix/MA0524.2",
            "pwm": [
              [0.220947, 0.244601, 0.052797, 0.481655], 
              [0.102765, 0.198151, 0.68281, 0.0162734], 
              [0.0106495, 0.887154, 0.0944362, 0.00775957], 
              [0.00401264, 0.974269, 0.00150684, 0.0202114], 
              [0.0063456, 0.615931, 0.0658127, 0.31191], 
              [0.0884502, 0.364071, 0.22746, 0.32002], 
              [0.412237, 0.248543, 0.291737, 0.0474839], 
              [0.379775, 0.0584429, 0.558863, 0.00291766], 
              [0.0270582, 0.00199583, 0.968286, 0.00266066], 
              [0.0165124, 0.110353, 0.867627, 0.00550761], 
              [0.0323242, 0.742325, 0.149129, 0.0762214], 
              [0.597354, 0.0666807, 0.177409, 0.158555]
            ]
          }, {
            "db": 0,
            "id": "MA0528.1",
            "alt": "ZNF263",
            "len": 21,
            "nsites": 15235,
            "url": "http://jaspar2018.genereg.net/matrix/MA0528.1",
            "pwm": [
              [0.155301, 0.0192334, 0.727138, 0.0983272], 
              [0.301674, 1.48014e-06, 0.698323, 1.80176e-06], 
              [0.729764, 1.48014e-06, 0.183919, 0.0863152], 
              [0.0297356, 1.48014e-06, 0.907052, 0.0632114], 
              [0.0663614, 0.11408, 0.816799, 0.00275878], 
              [0.913616, 0.0361682, 0.00282346, 0.0473925], 
              [0.102988, 0.0554001, 0.73856, 0.103053], 
              [0.101872, 0.0936669, 0.751622, 0.0528405], 
              [0.532522, 0.0635391, 0.361863, 0.0420755], 
              [0.336856, 0.101281, 0.462223, 0.0996401], 
              [0.203216, 0.070168, 0.621658, 0.104957], 
              [0.433081, 0.0387282, 0.441745, 0.0864472], 
              [0.27404, 0.0406972, 0.584376, 0.100887], 
              [0.269511, 0.106204, 0.5935, 0.0307856], 
              [0.521363, 0.0623571, 0.31375, 0.102528], 
              [0.250935, 6.74797e-05, 0.633998, 0.114999], 
              [0.205579, 1.48014e-06, 0.751162, 0.0432575], 
              [0.545124, 1.48014e-06, 0.38674, 0.0681344], 
              [0.343026, 0.0143764, 0.585689, 0.0569094], 
              [0.266951, 0.0426662, 0.6445, 0.0458825], 
              [0.476796, 0.0595351, 0.403084, 0.0605854]
            ]
          }, {
            "db": 0,
            "id": "MA0538.1",
            "alt": "daf-12",
            "len": 15,
            "nsites": 156,
            "url": "http://jaspar2018.genereg.net/matrix/MA0538.1",
            "pwm": [
              [0.141112, 0.128267, 0.724039, 0.00658174], 
              [0.455012, 0.000144459, 0.0834241, 0.461418], 
              [0.211578, 0.000144459, 0.788101, 0.000175849], 
              [0.147517, 0.333264, 0.0385818, 0.480637], 
              [0.000175849, 0.000144459, 0.999504, 0.000175849], 
              [0.000175849, 0.333264, 0.000144459, 0.666416], 
              [0.000175849, 0.000144459, 0.999504, 0.000175849], 
              [0.0962683, 0.160298, 0.089831, 0.653603], 
              [0.000175849, 0.128267, 0.621541, 0.250016], 
              [0.00658174, 0.000144459, 0.000144459, 0.993129], 
              [0.000175849, 0.00655035, 0.986691, 0.00658174], 
              [0.000175849, 0.50623, 0.102643, 0.390951], 
              [0.205172, 0.000144459, 0.538262, 0.256422], 
              [0.10908, 0.128267, 0.179516, 0.583135], 
              [0.10908, 0.275609, 0.358888, 0.256422]
            ]
          }, {
            "db": 0,
            "id": "MA0543.1",
            "alt": "eor-1",
            "len": 15,
            "nsites": 1253,
            "url": "http://jaspar2018.genereg.net/matrix/MA0543.1",
            "pwm": [
              [0.350353, 0.134883, 0.340773, 0.17399], 
              [0.364718, 0.106155, 0.396634, 0.132493], 
              [0.749363, 0.0710423, 0.133287, 0.0463072], 
              [0.106158, 0.00161387, 0.888215, 0.00401159], 
              [0.962435, 0.000815932, 1.79954e-05, 0.036731], 
              [0.0798235, 1.79954e-05, 0.898589, 0.0215682], 
              [0.92014, 0.00959423, 0.0558795, 0.0143868], 
              [0.209103, 0.476437, 0.254587, 0.0598731], 
              [0.342373, 0.0351312, 0.553845, 0.0686514], 
              [0.189153, 0.436535, 0.32162, 0.0526917], 
              [0.944878, 0.0327364, 0.0223622, 2.19057e-05], 
              [0.0590752, 0.0223622, 0.91854, 2.19057e-05], 
              [0.933706, 0.0024118, 0.0590713, 0.00481052], 
              [0.161222, 0.268153, 0.54746, 0.0231641], 
              [0.777294, 0.0207663, 0.146854, 0.0550855]
            ]
          }, {
            "db": 0,
            "id": "MA0593.1",
            "alt": "FOXP2",
            "len": 11,
            "nsites": 766,
            "url": "http://jaspar2018.genereg.net/matrix/MA0593.1",
            "pwm": [
              [0.430789, 0.14753, 0.248039, 0.173642], 
              [0.443842, 0.00916624, 0.185384, 0.361608], 
              [0.208886, 2.94348e-05, 0.791049, 3.58308e-05], 
              [0.0770488, 2.94348e-05, 2.94348e-05, 0.922892], 
              [0.999905, 2.94348e-05, 2.94348e-05, 3.58308e-05], 
              [0.999905, 2.94348e-05, 2.94348e-05, 3.58308e-05], 
              [0.999905, 2.94348e-05, 2.94348e-05, 3.58308e-05], 
              [3.58308e-05, 0.988151, 2.94348e-05, 0.0117833], 
              [0.999905, 2.94348e-05, 2.94348e-05, 3.58308e-05], 
              [0.387713, 0.201047, 0.382487, 0.0287531], 
              [0.433399, 0.161888, 0.240207, 0.164505]
            ]
          }, {
            "db": 0,
            "id": "MA0753.1",
            "alt": "ZNF740",
            "len": 10,
            "nsites": 2151,
            "url": "http://jaspar2018.genereg.net/matrix/MA0753.1",
            "pwm": [
              [0.273826, 0.462565, 0.177594, 0.0860158], 
              [0.0778181, 0.853881, 0.010729, 0.0575731], 
              [0.0620579, 0.91412, 0.00298534, 0.0208358], 
              [0.00949732, 0.97151, 0.00362332, 0.015369], 
              [0.00903734, 0.970633, 0.00542523, 0.0149041], 
              [0.00363259, 0.973268, 0.00951204, 0.0135871], 
              [0.0234117, 0.949635, 0.0167867, 0.0101673], 
              [0.0452747, 0.901478, 0.00965003, 0.0435987], 
              [0.680247, 0.185644, 0.0360618, 0.0980472], 
              [0.124575, 0.618797, 0.052942, 0.203685]
            ]
          }, {
            "db": 0,
            "id": "MA0810.1",
            "alt": "TFAP2A(var.2)",
            "len": 12,
            "nsites": 4005,
            "url": "http://jaspar2018.genereg.net/matrix/MA0810.1",
            "pwm": [
              [0.169291, 0.295379, 0.0432006, 0.49213], 
              [0.121506, 0.276351, 0.580823, 0.0213203], 
              [0.00353577, 0.94257, 0.0538863, 6.85376e-06], 
              [6.85376e-06, 0.989361, 0.00247557, 0.00815665], 
              [0.00250279, 0.701935, 0.0551713, 0.24039], 
              [0.0491946, 0.412729, 0.207491, 0.330586], 
              [0.330503, 0.359208, 0.263104, 0.0471847], 
              [0.423716, 0.101626, 0.467659, 0.00699768], 
              [0.0451487, 0.00804143, 0.946803, 6.85376e-06], 
              [0.00104683, 0.163861, 0.833006, 0.0020858], 
              [0.0210433, 0.834394, 0.0974832, 0.0470797], 
              [0.479775, 0.10834, 0.244383, 0.167502]
            ]
          }, {
            "db": 0,
            "id": "MA0811.1",
            "alt": "TFAP2B",
            "len": 12,
            "nsites": 3179,
            "url": "http://jaspar2018.genereg.net/matrix/MA0811.1",
            "pwm": [
              [0.22523, 0.240013, 0.0566273, 0.478132], 
              [0.135515, 0.202864, 0.641044, 0.020577], 
              [0.00660643, 0.911911, 0.0748757, 0.00660643], 
              [0.000319625, 0.989086, 7.0932e-06, 0.0105873], 
              [0.00346753, 0.645899, 0.0478046, 0.302829], 
              [0.0657506, 0.377158, 0.213589, 0.343502], 
              [0.407986, 0.256369, 0.279331, 0.0563139], 
              [0.400625, 0.066986, 0.53238, 8.63452e-06], 
              [0.0253208, 0.00519193, 0.96948, 8.63452e-06], 
              [0.0101593, 0.114406, 0.872134, 0.00330053], 
              [0.0230429, 0.795926, 0.121185, 0.0598468], 
              [0.579235, 0.0594392, 0.210692, 0.150633]
            ]
          }, {
            "db": 0,
            "id": "MA0812.1",
            "alt": "TFAP2B(var.2)",
            "len": 11,
            "nsites": 4549,
            "url": "http://jaspar2018.genereg.net/matrix/MA0812.1",
            "pwm": [
              [0.392171, 0.310396, 0.0510038, 0.246429], 
              [0.00780686, 0.131963, 0.853724, 0.00650689], 
              [6.03416e-06, 0.999104, 0.000883938, 6.03416e-06], 
              [6.03416e-06, 0.966212, 0.000216952, 0.0335653], 
              [0.00352396, 0.264731, 0.134567, 0.597179], 
              [0.126652, 0.467453, 0.329374, 0.0765214], 
              [0.765161, 0.133687, 0.0980678, 0.00308397], 
              [0.049066, 0.000839939, 0.949671, 0.000424025], 
              [0.00132001, 0.00219491, 0.99626, 0.000225029], 
              [0.0101768, 0.919699, 0.0647085, 0.00541592], 
              [0.400525, 0.0815592, 0.252582, 0.265333]
            ]
          }, {
            "db": 0,
            "id": "MA0813.1",
            "alt": "TFAP2B(var.3)",
            "len": 13,
            "nsites": 1305,
            "url": "http://jaspar2018.genereg.net/matrix/MA0813.1",
            "pwm": [
              [0.234486, 0.117249, 0.0728087, 0.575456], 
              [2.10329e-05, 0.23635, 0.763608, 2.10329e-05], 
              [2.10329e-05, 0.999941, 1.72784e-05, 2.10329e-05], 
              [2.10329e-05, 0.999941, 1.72784e-05, 2.10329e-05], 
              [0.00535662, 0.825995, 0.0234945, 0.145154], 
              [0.026597, 0.389522, 0.109644, 0.474237], 
              [0.115943, 0.272078, 0.309142, 0.302837], 
              [0.489489, 0.16793, 0.308138, 0.0344434], 
              [0.244763, 0.0444399, 0.701557, 0.00924033], 
              [2.10329e-05, 1.72784e-05, 0.999941, 2.10329e-05], 
              [2.10329e-05, 1.72784e-05, 0.999941, 2.10329e-05], 
              [2.10329e-05, 0.846178, 0.153779, 2.10329e-05], 
              [0.55984, 0.0913113, 0.154182, 0.194666]
            ]
          }, {
            "db": 0,
            "id": "MA0814.1",
            "alt": "TFAP2C(var.2)",
            "len": 11,
            "nsites": 7758,
            "url": "http://jaspar2018.genereg.net/matrix/MA0814.1",
            "pwm": [
              [0.354472, 0.295436, 0.072959, 0.277133], 
              [0.0199103, 0.104672, 0.866525, 0.00889242], 
              [3.53824e-06, 0.981268, 0.0187247, 3.53824e-06], 
              [0.000361534, 0.924764, 0.00393686, 0.0709376], 
              [0.0190853, 0.225761, 0.144019, 0.611136], 
              [0.144885, 0.37329, 0.370068, 0.111758], 
              [0.738037, 0.107905, 0.146836, 0.00722245], 
              [0.116671, 0.00955678, 0.871859, 0.00191451], 
              [3.53824e-06, 0.0137347, 0.986258, 3.53824e-06], 
              [0.0159143, 0.884982, 0.0869478, 0.0121554], 
              [0.387778, 0.0656201, 0.241073, 0.30553]
            ]
          }, {
            "db": 0,
            "id": "MA0815.1",
            "alt": "TFAP2C(var.3)",
            "len": 13,
            "nsites": 2563,
            "url": "http://jaspar2018.genereg.net/matrix/MA0815.1",
            "pwm": [
              [0.207572, 0.136562, 0.0838915, 0.571974], 
              [1.07097e-05, 0.216919, 0.783059, 1.07097e-05], 
              [1.07097e-05, 0.99997, 8.79794e-06, 1.07097e-05], 
              [1.07097e-05, 0.99997, 8.79794e-06, 1.07097e-05], 
              [0.00676945, 0.824231, 0.0377803, 0.131219], 
              [0.0328384, 0.36923, 0.149026, 0.448905], 
              [0.138947, 0.34754, 0.351727, 0.161785], 
              [0.416524, 0.148852, 0.404598, 0.0300255], 
              [0.132456, 0.0383483, 0.822215, 0.00698144], 
              [1.07097e-05, 8.79794e-06, 0.99997, 1.07097e-05], 
              [1.07097e-05, 8.79794e-06, 0.99997, 1.07097e-05], 
              [1.07097e-05, 0.803906, 0.196072, 1.07097e-05], 
              [0.573847, 0.0778928, 0.153539, 0.194721]
            ]
          }, {
            "db": 0,
            "id": "MA0846.1",
            "alt": "FOXC2",
            "len": 12,
            "nsites": 22189,
            "url": "http://jaspar2018.genereg.net/matrix/MA0846.1",
            "pwm": [
              [0.402856, 0.0576418, 0.0204619, 0.51904], 
              [0.698608, 0.0564198, 0.173935, 0.0710369], 
              [0.417611, 0.128451, 0.115628, 0.33831], 
              [0.305154, 0.0209219, 0.667457, 0.00646721], 
              [0.0755049, 0.142082, 0.012089, 0.770324], 
              [0.745914, 0.246463, 0.003173, 0.00445022], 
              [0.974649, 0.0163909, 0.00386, 0.00509921], 
              [0.970303, 0.00498199, 0.013235, 0.0114802], 
              [0.00150923, 0.70226, 0.003309, 0.292921], 
              [0.969476, 0.00478799, 0.0155459, 0.0101912], 
              [0.54822, 0.0860516, 0.0705077, 0.295221], 
              [0.419896, 0.117625, 0.101166, 0.361314]
            ]
          }, {
            "db": 0,
            "id": "MA0872.1",
            "alt": "TFAP2A(var.3)",
            "len": 13,
            "nsites": 1387,
            "url": "http://jaspar2018.genereg.net/matrix/MA0872.1",
            "pwm": [
              [0.188903, 0.111039, 0.0966203, 0.603437], 
              [1.97895e-05, 0.208043, 0.791917, 1.97895e-05], 
              [1.97895e-05, 0.999944, 1.62569e-05, 1.97895e-05], 
              [1.97895e-05, 0.999944, 1.62569e-05, 1.97895e-05], 
              [0.0345743, 0.802694, 0.0684063, 0.094325], 
              [0.038185, 0.363626, 0.147126, 0.451063], 
              [0.126101, 0.339362, 0.366187, 0.168351], 
              [0.39913, 0.160809, 0.386205, 0.0538569], 
              [0.110931, 0.0381415, 0.820292, 0.0306356], 
              [1.97895e-05, 1.62569e-05, 0.999944, 1.97895e-05], 
              [1.97895e-05, 1.62569e-05, 0.999944, 1.97895e-05], 
              [1.97895e-05, 0.750133, 0.249827, 1.97895e-05], 
              [0.562821, 0.0796355, 0.154572, 0.202971]
            ]
          }, {
            "db": 0,
            "id": "MA1125.1",
            "alt": "ZNF384",
            "len": 12,
            "nsites": 30433,
            "url": "http://jaspar2018.genereg.net/matrix/MA1125.1",
            "pwm": [
              [0.310847, 0.162488, 0.185654, 0.341011], 
              [0.299543, 0.230835, 0.168666, 0.300956], 
              [0.312884, 0.113561, 0.153715, 0.41984], 
              [0.431274, 0.252719, 0.155128, 0.160878], 
              [0.997402, 0.00023074, 0.00042774, 0.0019399], 
              [0.992046, 0.00115074, 0.000624739, 0.00617888], 
              [0.988136, 0.000690739, 0.000854738, 0.0103189], 
              [0.994051, 0.00042774, 0.000493739, 0.00502789], 
              [0.992408, 0.000854738, 0.000460739, 0.00627688], 
              [0.999111, 0.00019774, 7.4097e-07, 0.0006909], 
              [0.667761, 0.0955544, 0.0909214, 0.145763], 
              [0.621561, 0.13022, 0.0952264, 0.152992]
            ]
          }, {
            "db": 0,
            "id": "MA1156.1",
            "alt": "JKD",
            "len": 20,
            "nsites": 596,
            "url": "http://jaspar2018.genereg.net/matrix/MA1156.1",
            "pwm": [
              [0.27349, 0.181215, 0.112435, 0.432859], 
              [0.270135, 0.166117, 0.120823, 0.442925], 
              [0.271812, 0.169472, 0.132566, 0.426149], 
              [0.295299, 0.105725, 0.125856, 0.473121], 
              [0.243294, 0.117468, 0.124178, 0.515061], 
              [0.139285, 0.0503654, 0.0520421, 0.758308], 
              [0.0101114, 0.0402991, 0.0218462, 0.927742], 
              [4.60493e-05, 0.00842542, 0.0067477, 0.98478], 
              [4.60493e-05, 0.016814, 3.78292e-05, 0.983102], 
              [4.60493e-05, 3.78292e-05, 0.99987, 4.60493e-05], 
              [4.60493e-05, 3.78292e-05, 0.0218462, 0.97807], 
              [0.018499, 0.946188, 3.78292e-05, 0.0352751], 
              [0.0520503, 0.104047, 0.555314, 0.288589], 
              [0.0151445, 0.0335892, 0.070496, 0.88077], 
              [0.095668, 0.166117, 0.0570753, 0.68114], 
              [0.145995, 3.78292e-05, 3.78292e-05, 0.85393], 
              [0.22484, 0.0453322, 0.0134586, 0.716369], 
              [0.119154, 0.382524, 0.32381, 0.174514], 
              [0.0788918, 0.22651, 0.0654629, 0.629135], 
              [0.239939, 0.0923043, 0.35065, 0.317107]
            ]
          }, {
            "db": 0,
            "id": "MA1157.1",
            "alt": "NUC",
            "len": 20,
            "nsites": 570,
            "url": "http://jaspar2018.genereg.net/matrix/MA1157.1",
            "pwm": [
              [0.243865, 0.18071, 0.152645, 0.422781], 
              [0.247373, 0.182464, 0.157907, 0.412257], 
              [0.264914, 0.191234, 0.145628, 0.398224], 
              [0.298242, 0.135104, 0.147382, 0.419273], 
              [0.222816, 0.133349, 0.149136, 0.494698], 
              [0.122834, 0.0824811, 0.0737106, 0.720975], 
              [0.0140807, 0.0579244, 0.0333667, 0.894628], 
              [4.81494e-05, 0.00881002, 0.0140721, 0.97707], 
              [4.81494e-05, 0.0140721, 3.95545e-05, 0.98584], 
              [4.81494e-05, 3.95545e-05, 0.999864, 4.81494e-05], 
              [4.81494e-05, 3.95545e-05, 0.00881002, 0.991102], 
              [4.81494e-05, 0.999864, 3.95545e-05, 4.81494e-05], 
              [0.0316216, 0.0894979, 0.668343, 0.210537], 
              [0.00531023, 0.0333667, 0.0579244, 0.903399], 
              [0.110555, 0.156152, 0.0807274, 0.652566], 
              [0.12985, 3.95545e-05, 0.00530163, 0.864808], 
              [0.259652, 0.0719569, 0.0263509, 0.642041], 
              [0.0982769, 0.321036, 0.354363, 0.226324], 
              [0.0421458, 0.259643, 0.0965136, 0.601697], 
              [0.229833, 0.0947599, 0.398216, 0.277193]
            ]
          }, {
            "db": 0,
            "id": "MA1158.1",
            "alt": "MGP",
            "len": 20,
            "nsites": 594,
            "url": "http://jaspar2018.genereg.net/matrix/MA1158.1",
            "pwm": [
              [0.314808, 0.341731, 0.0841988, 0.259262], 
              [0.611054, 0.0841988, 0.234006, 0.0707413], 
              [0.240747, 0.308067, 0.311434, 0.139754], 
              [0.6767, 0.0252867, 0.0841988, 0.213815], 
