<!DOCTYPE HTML>
<html>
  <head>
    <meta charset="UTF-8">
    <title>SpaMo - Spaced Motif Analysis</title>
    <script type="text/javascript">
      //@JSON_VAR data
      var data = {"program":"SpaMo","version":"4.12.0","revision":"aacc9c3eb8c7b460b344d5c8aa1458097dae704d","release":"Tue Jun 27 16:22:50 2017 -0700","host":"Sudins-iMac.local","when":"Thu May 24 13:36:11 2018","cmd":["spamo","-verbosity","1","-oc","results/AHRpeaks_noAHREs.bed-499.fa/hocomoco/spamo_out_1","-bgfile","results/AHRpeaks_noAHREs.bed-499.fa/hocomoco/background","-primary","KTWTYTTTGTTKTTATYKYATTKRVTTTTK","results/AHRpeaks_noAHREs.bed-499.fa/hocomoco/AHRpeaks_noAHREs.bed-499.fa","results/AHRpeaks_noAHREs.bed-499.fa/hocomoco/meme_out/meme.xml","results/AHRpeaks_noAHREs.bed-499.fa/hocomoco/meme_out/meme.xml","results/AHRpeaks_noAHREs.bed-499.fa/hocomoco/dreme_out/dreme.xml","/Users/filipov4/meme/db/motif_databases/HUMAN/HOCOMOCOv11_full_HUMAN_mono_meme_format.meme"],"options":{"seq_min_hit_score":7,"margin":150,"bin_size":1,"bin_pvalue_calc_range":150,"use_best_secondary":0,"seq_max_shared_fract":0.5,"seq_odds_ratio":20,"bin_pvalue_cutoff":0.05,"motif_evalue_cutoff":10,"redundant_overlap":2,"redundant_joint":0.5,"motif_pseudocount":0.1,"bgfile":"results/AHRpeaks_noAHREs.bed-499.fa/hocomoco/background","motif_trim":0.25,"xalph":0,"seed":1,"bin_max":11},"alphabet":{"name":"DNA","like":"dna","ncore":4,"symbols":[{"symbol":"A","name":"Adenine","colour":"CC0000","complement":"T"},{"symbol":"C","name":"Cytosine","colour":"0000CC","complement":"G"},{"symbol":"G","name":"Guanine","colour":"FFB300","complement":"C"},{"symbol":"T","aliases":"U","name":"Thymine","colour":"008000","complement":"A"},{"symbol":"N","aliases":"X.","name":"Any base","equals":"ACGT"},{"symbol":"V","name":"Not T","equals":"ACG"},{"symbol":"H","name":"Not G","equals":"ACT"},{"symbol":"D","name":"Not C","equals":"AGT"},{"symbol":"B","name":"Not A","equals":"CGT"},{"symbol":"M","name":"Amino","equals":"AC"},{"symbol":"R","name":"Purine","equals":"AG"},{"symbol":"W","name":"Weak","equals":"AT"},{"symbol":"S","name":"Strong","equals":"CG"},{"symbol":"Y","name":"Pyrimidine","equals":"CT"},{"symbol":"K","name":"Keto","equals":"GT"}]},"background":[0.2918,0.2082,0.2082,0.2918],"sequence_dbs":[{"source":"results/AHRpeaks_noAHREs.bed-499.fa/hocomoco/AHRpeaks_noAHREs.bed-499.fa","name":"AHRpeaks_noAHREs.bed-499","last_modified":"Thu May 24 11:14:35 2018","loaded":959,"excluded_too_short":0,"excluded_no_match":915,"excluded_ambigs":0,"excluded_similar":12,"erased_primary_matches":12}],"primary_dbs":[{"source":"results/AHRpeaks_noAHREs.bed-499.fa/hocomoco/meme_out/meme.xml","name":"meme.xml","last_modified":"Thu May 24 13:35:02 2018","loaded":6,"excluded":5}],"secondary_dbs":[{"source":"results/AHRpeaks_noAHREs.bed-499.fa/hocomoco/meme_out/meme.xml","name":"meme.xml","last_modified":"Thu May 24 13:35:02 2018","loaded":7,"excluded":1},{"source":"results/AHRpeaks_noAHREs.bed-499.fa/hocomoco/dreme_out/dreme.xml","name":"dreme.xml","last_modified":"Thu May 24 13:35:29 2018","loaded":4,"excluded":0},{"source":"/Users/filipov4/meme/db/motif_databases/HUMAN/HOCOMOCOv11_full_HUMAN_mono_meme_format.meme","name":"HOCOMOCOv11_full_HUMAN_mono_meme_format","last_modified":"Wed Dec  6 21:59:30 2017","loaded":771,"excluded":0}],"secondary_motifs":[{"db":0,"id":"TCYTTSCCTMAGSCARTGTYT","alt":"MEME-4","len":21,"ltrim":0,"rtrim":0,"nsites":23,"evalue":"2.6e-022","pwm":[[0.044553,0.000901299,0.0874819,0.867064],[0.0878438,0.650252,0.000901299,0.261004],[0.174423,0.347222,0.000901299,0.477454],[0.0878438,0.000901299,0.217351,0.693904],[0.0878438,0.0441911,0.130772,0.737194],[0.0012632,0.563671,0.433802,0.0012632],[0.0012632,0.996572,0.000901299,0.0012632],[0.0012632,0.996572,0.000901299,0.0012632],[0.0012632,0.0874819,0.000901299,0.910354],[0.434164,0.347222,0.174061,0.044553],[0.910354,0.000901299,0.0874819,0.0012632],[0.044553,0.000901299,0.953283,0.0012632],[0.044553,0.347222,0.563671,0.044553],[0.0012632,0.953283,0.000901299,0.044553],[0.823774,0.000901299,0.000901299,0.174423],[0.390873,0.174061,0.347222,0.0878438],[0.0878438,0.0441911,0.0874819,0.780484],[0.261004,0.0441911,0.693542,0.0012632],[0.044553,0.130772,0.174061,0.650614],[0.131134,0.477092,0.0874819,0.304294],[0.044553,0.000901299,0.0874819,0.867064]]},{"db":0,"id":"TRTTTRYTTWK","alt":"MEME-3","len":11,"ltrim":0,"rtrim":1,"nsites":162,"evalue":"9.7e-031","pwm":[[0.000180012,0.000128439,0.000128439,0.999563],[0.339477,0.000128439,0.660215,0.000180012],[0.000180012,0.000128439,0.000128439,0.999563],[0.000180012,0.000128439,0.123509,0.876182],[0.000180012,0.000128439,0.000128439,0.999563],[0.493702,0.000128439,0.505989,0.000180012],[0.000180012,0.536834,0.000128439,0.462857],[0.135898,0.216044,0.000128439,0.647928],[0.000180012,0.197538,0.0124668,0.789816],[0.271617,0.0371426,0.166693,0.524547],[0.166744,0.166693,0.253058,0.413505]]},{"db":1,"id":"CASGW","alt":"DREME-3","len":5,"ltrim":0,"rtrim":0,"nsites":684,"evalue":"3.6e-006","pwm":[[4.26546e-05,0.999884,3.04342e-05,4.26546e-05],[0.999896,3.04342e-05,3.04342e-05,4.26546e-05],[4.26546e-05,0.192984,0.80693,4.26546e-05],[4.26546e-05,3.04342e-05,0.999884,4.26546e-05],[0.535052,3.04342e-05,3.04342e-05,0.464887]]},{"db":1,"id":"RYAAAYA","alt":"DREME-1","len":7,"ltrim":0,"rtrim":0,"nsites":482,"evalue":"7.7e-026","pwm":[[0.535219,4.31861e-05,0.464677,6.05268e-05],[6.05268e-05,0.502014,4.31861e-05,0.497882],[0.999853,4.31861e-05,4.31861e-05,6.05268e-05],[0.999853,4.31861e-05,4.31861e-05,6.05268e-05],[0.999853,4.31861e-05,4.31861e-05,6.05268e-05],[6.05268e-05,0.56839,4.31861e-05,0.431506],[0.999853,4.31861e-05,4.31861e-05,6.05268e-05]]},{"db":2,"id":"ALX3_HUMAN.H11MO.0.D","len":11,"ltrim":0,"rtrim":0,"nsites":8236,"evalue":"1.0e+000","url":"http://hocomoco.autosome.ru/motif/ALX3_HUMAN.H11MO.0.D","pwm":[[0.0593557,0.0292877,0.0125403,0.898816],[0.935254,0.000883969,0.0127345,0.0511271],[0.99982,2.70124e-05,0.00012495,2.80274e-05],[0.000493233,0.00401798,0.000198404,0.99529],[0.0068592,0.109791,0.016652,0.866698],[0.703233,0.00166747,0.295096,3.54294e-06],[0.476897,0.0894461,0.412179,0.0214782],[0.658444,0.158693,0.132124,0.0507389],[0.0224593,0.0203036,0.0188346,0.938403],[0.171225,0.0612189,0.0304664,0.73709],[0.800539,0.0456258,0.0573783,0.0964566]]},{"db":2,"id":"ALX4_HUMAN.H11MO.0.D","len":12,"ltrim":1,"rtrim":0,"nsites":23223,"evalue":"1.0e+000","url":"http://hocomoco.autosome.ru/motif/ALX4_HUMAN.H11MO.0.D","pwm":[[0.166685,0.314129,0.138493,0.380693],[0.00484365,0.00162973,0.00101776,0.992509],[0.995913,0.000172035,0.000838087,0.00307712],[0.999929,1.44168e-05,4.14574e-05,1.47768e-05],[1.25651e-06,0.000342461,5.49777e-05,0.999601],[0.000334282,0.044124,0.00068545,0.954856],[0.785114,8.96522e-07,0.214884,1.25651e-06],[0.591414,0.0179942,0.389556,0.00103591],[0.952457,0.00913775,0.0295192,0.00888621],[0.00264198,0.00363073,0.00249788,0.991229],[0.0153976,0.00998491,0.00386805,0.970749],[0.980307,0.00494754,0.00543284,0.00931281]]},{"db":2,"id":"ANDR_HUMAN.H11MO.0.A","len":18,"ltrim":0,"rtrim":0,"nsites":499,"evalue":"1.0e+000","url":"http://hocomoco.autosome.ru/motif/ANDR_HUMAN.H11MO.0.A","pwm":[[0.148325,0.0701679,0.0361066,0.7454],[0.0621703,0.0481283,0.777441,0.11226],[0.0681811,0.0661607,0.014067,0.851591],[0.188397,0.172352,0.144301,0.494949],[0.0781991,0.733362,0.0361066,0.152333],[0.122278,0.278543,0.0320994,0.567079],[0.180383,0.134283,0.196395,0.488938],[0.198416,0.178363,0.216431,0.406791],[0.176376,0.192388,0.222442,0.408794],[0.200419,0.256503,0.120258,0.422819],[0.0721883,0.014067,0.014067,0.899678],[0.254516,0.0300958,0.691286,0.0241017],[0.028109,0.0220814,0.0200778,0.929732],[0.0180909,0.00605253,0.0982184,0.877638],[0.00807289,0.00805614,0.0641571,0.919714],[0.420816,0.0280922,0.494933,0.0561594],[0.0862135,0.524987,0.0481283,0.340672],[0.290581,0.158327,0.0541391,0.496953]]},{"db":2,"id":"ANDR_HUMAN.H11MO.2.A","len":12,"ltrim":1,"rtrim":3,"nsites":500,"evalue":"1.0e+000","url":"http://hocomoco.autosome.ru/motif/ANDR_HUMAN.H11MO.2.A","pwm":[[0.14003,0.323977,0.241993,0.294],[0.248009,0.130016,0.118018,0.503958],[0.138031,0.389964,0.317978,0.154028],[0.0460492,0.0160384,0.00204123,0.935871],[0.00605715,0.0200376,0.969848,0.00405755],[0.0100563,0.0120392,0.00204123,0.975863],[0.0540476,0.120018,0.188004,0.637931],[5.83483e-05,0.983845,0.00604043,0.0100563],[0.0280527,0.40596,0.00404083,0.561946],[0.172024,0.237994,0.114019,0.475963],[0.186021,0.140014,0.269988,0.403978],[0.122034,0.217998,0.241993,0.417975]]},{"db":2,"id":"ARI5B_HUMAN.H11MO.0.C","len":13,"ltrim":2,"rtrim":1,"nsites":15,"evalue":"1.0e+000","url":"http://hocomoco.autosome.ru/motif/ARI5B_HUMAN.H11MO.0.C","pwm":[[0.217164,0.0841603,0.349061,0.349615],[0.134383,0.266279,0.39873,0.200608],[0.00193245,0.266279,0.200054,0.531734],[0.00193245,0.133829,0.332505,0.531734],[0.333058,0.067604,0.332505,0.266833],[0.200608,0.067604,0.66363,0.0681576],[0.00193245,0.00137881,0.00137881,0.99531],[0.86286,0.00137881,0.133829,0.00193245],[0.00193245,0.133829,0.00137881,0.86286],[0.00193245,0.067604,0.067604,0.86286],[0.134383,0.266279,0.53118,0.0681576],[0.134383,0.067604,0.266279,0.531734],[0.250277,0.117273,0.448399,0.184052]]},{"db":2,"id":"ARX_HUMAN.H11MO.0.D","len":13,"ltrim":1,"rtrim":1,"nsites":623,"evalue":"1.0e+000","url":"http://hocomoco.autosome.ru/motif/ARX_HUMAN.H11MO.0.D","pwm":[[0.15448,0.2815,0.154443,0.409576],[0.0597562,0.0575877,0.0565101,0.826146],[0.964913,0.00488243,0.0167118,0.0134925],[0.972726,0.00407426,0.0180349,0.00516524],[0.00408768,0.0793607,0.00622939,0.910322],[0.00031622,0.406138,0.0261166,0.567429],[0.00031622,0.25856,0.00138036,0.739743],[0.942015,0.00138036,0.0552108,0.00139378],[0.996923,0.000302804,0.000302804,0.00247134],[0.000855001,0.000841584,0.000841584,0.997462],[0.017264,0.00111097,0.00111097,0.980514],[0.74583,0.0825636,0.0836412,0.0879648],[0.312979,0.166536,0.370076,0.15041]]},{"db":2,"id":"BACH2_HUMAN.H11MO.0.A","len":11,"ltrim":0,"rtrim":1,"nsites":500,"evalue":"1.0e+000","url":"http://hocomoco.autosome.ru/motif/BACH2_HUMAN.H11MO.0.A","pwm":[[0.122034,0.0960224,0.068028,0.713916],[0.0140555,0.078026,0.893863,0.0140555],[0.0440496,0.923857,0.0120392,0.0200543],[0.0780428,0.038034,0.00804003,0.875883],[0.0580468,0.0600296,0.793883,0.0880408],[0.757907,0.038034,0.0560304,0.148029],[0.0440496,0.223997,0.669908,0.062046],[0.0100563,0.0160384,0.00804003,0.965865],[0.0600464,0.919858,0.0160384,0.00405755],[0.963866,0.0120392,0.00804003,0.0160551],[0.0560472,0.319978,0.211999,0.411976]]},{"db":2,"id":"BARX1_HUMAN.H11MO.0.D","len":12,"ltrim":1,"rtrim":0,"nsites":461,"evalue":"1.0e+000","url":"http://hocomoco.autosome.ru/motif/BARX1_HUMAN.H11MO.0.D","pwm":[[0.0998247,0.362223,0.268967,0.268985],[0.364409,0.0130575,0.0434197,0.579113],[0.756949,0.184387,0.0455884,0.0130756],[0.958641,0.00221388,0.00872006,0.0304255],[0.0391004,0.0455884,0.297161,0.61815],[0.0651251,0.0217324,0.427284,0.485858],[0.0889811,0.147519,0.74175,0.0217506],[0.0456065,0.156193,0.0325761,0.765624],[0.0629564,0.041251,0.0325761,0.863217],[0.0174131,0.0217324,0.0434197,0.917435],[0.147537,0.329692,0.0716131,0.451158],[0.154043,0.260292,0.0781193,0.507545]]},{"db":2,"id":"BATF3_HUMAN.H11MO.0.B","len":17,"ltrim":1,"rtrim":2,"nsites":500,"evalue":"1.0e+000","url":"http://hocomoco.autosome.ru/motif/BATF3_HUMAN.H11MO.0.B","pwm":[[0.172024,0.353971,0.206,0.268005],[0.483962,0.0560304,0.243993,0.216015],[0.0300523,0.389964,0.501941,0.0780428],[0.0300523,0.0160384,0.0140388,0.93987],[0.0460492,0.0640288,0.00804003,0.881882],[0.0420499,0.16001,0.0420332,0.755907],[0.0180547,0.85587,0.0200376,0.106037],[0.501958,0.178006,0.120018,0.200018],[0.210016,0.182005,0.217998,0.38998],[0.230012,0.0420332,0.0640288,0.663926],[0.481962,0.198002,0.0560304,0.264006],[0.00805675,4.16317e-05,0.0100396,0.981862],[0.0120559,0.0240368,0.80988,0.154028],[0.863886,0.00604043,0.0420332,0.0880408],[0.100038,0.461949,0.317978,0.120034],[0.252008,0.120018,0.146012,0.481962],[0.24201,0.385964,0.186004,0.186021]]},{"db":2,"id":"BATF_HUMAN.H11MO.0.A","len":18,"ltrim":1,"rtrim":1,"nsites":500,"evalue":"1.0e+000","url":"http://hocomoco.autosome.ru/motif/BATF_HUMAN.H11MO.0.A","pwm":[[0.451968,0.078026,0.263989,0.206017],[0.0480488,0.399962,0.345972,0.206017],[0.0120559,0.018038,0.0440328,0.925873],[0.134032,0.327976,0.0240368,0.513956],[0.0860412,0.237994,0.0520312,0.623934],[0.14203,0.545932,0.0460324,0.266005],[0.379982,0.0860244,0.395962,0.138031],[0.369984,0.114019,0.229996,0.286001],[0.337991,0.018038,0.0840248,0.559946],[0.577943,0.15801,0.0220372,0.24201],[0.00205795,0.00204123,4.16317e-05,0.995859],[0.00405755,0.0560304,0.849872,0.0900404],[0.977863,0.00804003,0.0120392,0.00205795],[0.104038,0.55793,0.315978,0.0220539],[0.072044,0.0300356,0.0200376,0.877883],[0.212016,0.50794,0.211999,0.0680448],[0.611936,0.0840248,0.11002,0.19402],[0.14203,0.186004,0.30598,0.365985]]},{"db":2,"id":"BRAC_HUMAN.H11MO.1.B","len":11,"ltrim":1,"rtrim":1,"nsites":500,"evalue":"1.0e+000","url":"http://hocomoco.autosome.ru/motif/BRAC_HUMAN.H11MO.1.B","pwm":[[0.467965,0.088024,0.21,0.234012],[0.248009,0.038034,0.581925,0.132032],[0.0340515,0.253991,0.699902,0.0120559],[0.0140555,0.0100396,0.00404083,0.971864],[0.00605715,4.16317e-05,0.979846,0.0140555],[0.208017,0.00604043,0.11002,0.675923],[0.0240535,0.11002,0.761889,0.104038],[0.94187,0.0100396,0.0440328,0.00405755],[0.695919,0.0100396,0.25799,0.0360511],[0.509956,0.10802,0.235994,0.146029],[0.295999,0.114019,0.247992,0.34199]]},{"db":2,"id":"BRCA1_HUMAN.H11MO.0.D","len":9,"ltrim":1,"rtrim":0,"nsites":73,"evalue":"1.0e+000","url":"http://hocomoco.autosome.ru/motif/BRCA1_HUMAN.H11MO.0.D","pwm":[[0.14424,0.197216,0.290357,0.368187],[0.189616,0.000284816,0.275401,0.534698],[0.0283924,0.125295,0.153288,0.693025],[0.0563857,0.344425,0.481494,0.117696],[0.0283924,0.14992,0.450603,0.371084],[0.000399179,0.000284816,0.869561,0.129755],[0.000399179,0.0282781,0.000284816,0.971038],[0.000399179,0.000284816,0.000284816,0.999031],[0.063384,0.0734096,0.827816,0.0353908]]},{"db":2,"id":"CDC5L_HUMAN.H11MO.0.D","len":15,"ltrim":0,"rtrim":0,"nsites":10,"evalue":"1.0e+000","url":"http://hocomoco.autosome.ru/motif/CDC5L_HUMAN.H11MO.0.D","pwm":[[0.151404,0.150576,0.645626,0.0523941],[0.00288911,0.200081,0.398101,0.398929],[0.200909,0.00206139,0.794141,0.00288911],[0.497939,0.101071,0.101071,0.299919],[0.00288911,0.101071,0.299091,0.596949],[0.200909,0.00206139,0.200081,0.596949],[0.101899,0.00206139,0.00206139,0.893978],[0.893978,0.00206139,0.101071,0.00288911],[0.794968,0.00206139,0.00206139,0.200909],[0.101899,0.596121,0.00206139,0.299919],[0.596949,0.00206139,0.299091,0.101899],[0.200909,0.101071,0.00206139,0.695958],[0.794968,0.101071,0.101071,0.00288911],[0.596949,0.00206139,0.101071,0.299919],[0.0771465,0.274339,0.175329,0.473186]]},{"db":2,"id":"CDX1_HUMAN.H11MO.0.C","len":8,"ltrim":0,"rtrim":1,"nsites":30,"evalue":"1.0e+000","url":"http://hocomoco.autosome.ru/motif/CDX1_HUMAN.H11MO.0.C","pwm":[[0.465371,0.24361,0.048918,0.242101],[0.0331203,0.000691695,0.0971444,0.869044],[0.0331203,0.000691695,0.0328426,0.933345],[0.0652712,0.0542765,0.129295,0.751157],[0.804742,0.000691695,0.161446,0.0331203],[0.24746,0.0935721,0.0328426,0.626126],[0.206378,0.000691695,0.791961,0.000969435],[0.200126,0.0998236,0.339169,0.360881]]},{"db":2,"id":"CEBPA_HUMAN.H11MO.0.A","len":12,"ltrim":1,"rtrim":1,"nsites":500,"evalue":"1.0e+000","url":"http://hocomoco.autosome.ru/motif/CEBPA_HUMAN.H11MO.0.A","pwm":[[0.230012,0.132015,0.365968,0.272004],[0.345989,0.182005,0.465948,0.00605715],[0.00805675,0.00404083,0.00604043,0.981862],[0.00205795,0.00204123,0.279986,0.715915],[0.158027,0.00804003,0.619918,0.214016],[0.176023,0.118018,0.116018,0.58994],[5.83483e-05,4.16317e-05,0.995842,0.00405755],[0.156027,0.771887,4.16317e-05,0.072044],[0.983862,0.0100396,0.00204123,0.00405755],[0.98986,4.16317e-05,0.00804003,0.00205795],[0.0140555,0.297982,0.176006,0.511956],[0.319994,0.331975,0.221997,0.126033]]},{"db":2,"id":"CEBPB_HUMAN.H11MO.0.A","len":12,"ltrim":1,"rtrim":1,"nsites":454,"evalue":"1.0e+000","url":"http://hocomoco.autosome.ru/motif/CEBPB_HUMAN.H11MO.0.A","pwm":[[0.237897,0.099143,0.352391,0.310569],[0.453709,0.132175,0.387626,0.0264902],[6.42589e-05,0.00224801,0.00224801,0.99544],[6.42589e-05,4.5849e-05,0.299539,0.700351],[0.30176,0.00224801,0.513149,0.182843],[0.167428,0.259901,0.0815257,0.491146],[6.42589e-05,4.5849e-05,0.999826,6.42589e-05],[0.0815441,0.898526,4.5849e-05,0.0198837],[0.999844,4.5849e-05,4.5849e-05,6.42589e-05],[0.999844,4.5849e-05,4.5849e-05,6.42589e-05],[6.42589e-05,0.244485,0.14759,0.60786],[0.370027,0.332572,0.182825,0.114576]]},{"db":2,"id":"CEBPD_HUMAN.H11MO.0.C","len":11,"ltrim":0,"rtrim":0,"nsites":500,"evalue":"1.0e+000","url":"http://hocomoco.autosome.ru/motif/CEBPD_HUMAN.H11MO.0.C","pwm":[[0.454467,0.232495,0.268488,0.0445495],[0.00255785,0.130516,0.0205375,0.846389],[0.00655705,0.0285359,0.0185379,0.946369],[0.0425498,0.0265363,0.812379,0.118535],[0.016555,0.96035,0.0105395,0.0125558],[0.458467,0.120518,0.278486,0.14253],[0.122534,0.580426,0.0265363,0.270504],[0.59044,0.382465,0.00454073,0.0225538],[0.828393,0.0645287,0.0445327,0.0625459],[0.0240535,0.481945,0.178006,0.315995],[0.208017,0.487944,0.0720272,0.232012]]},{"db":2,"id":"CEBPE_HUMAN.H11MO.0.A","len":12,"ltrim":0,"rtrim":1,"nsites":812,"evalue":"1.0e+000","url":"http://hocomoco.autosome.ru/motif/CEBPE_HUMAN.H11MO.0.A","pwm":[[0.11229,0.107031,0.201586,0.579093],[3.59315e-05,2.56373e-05,0.0992336,0.900705],[0.227299,2.56373e-05,0.46549,0.307186],[0.047433,0.570534,0.218066,0.163967],[0.0859568,2.56373e-05,0.913982,3.59315e-05],[0.320883,0.445732,0.000705446,0.232679],[0.846997,0.151404,0.00156327,3.59315e-05],[0.999913,2.56373e-05,2.56373e-05,3.59315e-05],[3.59315e-05,0.1497,0.0107568,0.839507],[0.264579,0.485646,0.0407413,0.209033],[0.212993,0.0703394,0.18069,0.535977],[0.112941,0.311437,0.205293,0.370329]]},{"db":2,"id":"CEBPG_HUMAN.H11MO.0.B","len":12,"ltrim":0,"rtrim":2,"nsites":500,"evalue":"1.0e+000","url":"http://hocomoco.autosome.ru/motif/CEBPG_HUMAN.H11MO.0.B","pwm":[[0.561946,0.124017,0.287984,0.0260531],[5.83483e-05,4.16317e-05,4.16317e-05,0.999858],[0.00205795,4.16317e-05,0.0400336,0.957867],[0.176023,0.00204123,0.687904,0.134032],[0.00205795,0.995842,0.00204123,5.83483e-05],[0.867885,0.0420332,0.0740268,0.0160551],[0.0160551,0.0320352,0.0140388,0.937871],[0.0560472,0.923857,0.00804003,0.0120559],[0.99186,4.16317e-05,0.00604043,0.00205795],[0.0160551,0.136014,0.397962,0.449968],[0.256007,0.397962,0.132015,0.214016],[0.196019,0.363969,0.0940228,0.345989]]},{"db":2,"id":"CEBPZ_HUMAN.H11MO.0.D","len":11,"ltrim":0,"rtrim":0,"nsites":26,"evalue":"1.0e+000","url":"http://hocomoco.autosome.ru/motif/CEBPZ_HUMAN.H11MO.0.D","pwm":[[0.313718,0.0332251,0.344528,0.308529],[0.00111801,0.685664,0.223898,0.0893204],[0.0270599,0.21871,0.000797702,0.753433],[0.00111801,0.363984,0.566331,0.0685669],[0.997287,0.000797702,0.000797702,0.00111801],[0.00111801,0.000797702,0.000797702,0.997287],[0.00111801,0.000797702,0.000797702,0.997287],[0.00111801,0.000797702,0.996966,0.00111801],[0.00111801,0.000797702,0.996966,0.00111801],[0.0270599,0.79462,0.000797702,0.177523],[0.00760348,0.131804,0.0332251,0.827367]]},{"db":2,"id":"COT2_HUMAN.H11MO.0.A","len":13,"ltrim":1,"rtrim":1,"nsites":500,"evalue":"1.0e+000","url":"http://hocomoco.autosome.ru/motif/COT2_HUMAN.H11MO.0.A","pwm":[[0.188828,0.470313,0.185439,0.15542],[0.666722,0.149232,0.0850838,0.0989629],[0.531151,0.0743055,0.343914,0.0506288],[0.732766,0.0021332,0.259158,0.00594267],[0.00756597,4.16317e-05,0.981046,0.0113467],[0.0355248,0.00746584,0.903606,0.0534035],[0.00756645,0.0501497,0.0817592,0.860525],[0.00187716,0.925656,0.0217691,0.0506975],[0.988317,4.16317e-05,0.00798152,0.00365941],[0.373569,0.120958,0.377548,0.127925],[0.408915,0.116643,0.383312,0.0911306],[0.212837,0.0575012,0.564794,0.164868],[0.232584,0.12738,0.379905,0.260131]]},{"db":2,"id":"CRX_HUMAN.H11MO.0.B","len":13,"ltrim":1,"rtrim":1,"nsites":500,"evalue":"1.0e+000","url":"http://hocomoco.autosome.ru/motif/CRX_HUMAN.H11MO.0.B","pwm":[[0.248009,0.164009,0.152011,0.435971],[0.533952,0.104021,0.261989,0.100038],[0.573944,0.0460324,0.275986,0.104038],[0.172024,0.0920232,0.565928,0.170024],[0.497959,0.164009,0.261989,0.0760432],[0.19202,0.00604043,0.775886,0.0260531],[0.0320519,0.0100396,0.935854,0.0220539],[0.763906,0.217998,0.0160384,0.00205795],[5.83483e-05,4.16317e-05,4.16317e-05,0.999858],[0.0220539,0.05803,0.0240368,0.895879],[0.879882,0.00404083,0.0340348,0.082042],[0.270004,0.0660284,0.525936,0.138031],[0.234012,0.323977,0.343973,0.0980388]]},{"db":2,"id":"DBP_HUMAN.H11MO.0.B","len":11,"ltrim":0,"rtrim":2,"nsites":25,"evalue":"1.0e+000","url":"http://hocomoco.autosome.ru/motif/DBP_HUMAN.H11MO.0.B","pwm":[[0.312737,0.230679,0.429883,0.0267014],[0.0726714,0.000829483,0.0467994,0.8797],[0.0931025,0.0467994,0.0978772,0.762221],[0.639634,0.0774461,0.164278,0.118641],[0.0267014,0.131078,0.0927694,0.749451],[0.0931025,0.000829483,0.853828,0.0522403],[0.00116255,0.455421,0.000829483,0.542587],[0.900131,0.0519072,0.000829483,0.0471325],[0.951209,0.000829483,0.000829483,0.0471325],[0.0905486,0.330281,0.258772,0.320398],[0.394461,0.246003,0.184709,0.174827]]},{"db":2,"id":"DDIT3_HUMAN.H11MO.0.D","len":10,"ltrim":0,"rtrim":0,"nsites":500,"evalue":"1.0e+000","url":"http://hocomoco.autosome.ru/motif/DDIT3_HUMAN.H11MO.0.D","pwm":[[0.435971,0.399962,0.146012,0.0180547],[0.0220539,0.018038,0.0160384,0.94387],[0.0120559,0.028036,0.929856,0.0300523],[0.899878,0.028036,0.0320352,0.0400503],[0.0220539,0.05803,0.0460324,0.873884],[0.0140555,0.00804003,0.951851,0.0260531],[0.335991,0.431955,0.00404083,0.228013],[0.883882,0.112019,0.00404083,5.83483e-05],[0.987861,4.16317e-05,0.00804003,0.00405755],[0.072044,0.241993,0.164009,0.521954]]},{"db":2,"id":"DLX1_HUMAN.H11MO.0.D","len":16,"ltrim":1,"rtrim":0,"nsites":16252,"evalue":"1.0e+000","url":"http://hocomoco.autosome.ru/motif/DLX1_HUMAN.H11MO.0.D","pwm":[[0.356832,0.136115,0.136793,0.370259],[0.452964,0.0963248,0.0763796,0.374331],[0.532742,0.057905,0.0766993,0.332654],[0.46403,0.0493462,0.0743761,0.412248],[0.339625,0.0394754,0.110197,0.510702],[0.22041,0.0722776,0.11822,0.589093],[0.562225,0.08969,0.152019,0.196066],[0.164777,0.141951,0.203084,0.490189],[0.12521,0.153758,0.584949,0.136083],[0.101867,0.460239,0.302961,0.134932],[0.220662,0.128848,0.000135553,0.650354],[0.992561,0.00306549,0.0043523,2.09772e-05],[0.996768,0.000738968,0.000854058,0.0016394],[0.0116507,0.010656,0.00950832,0.968185],[0.0369358,0.0356758,0.0740186,0.85337],[0.594043,0.108977,0.168692,0.128288]]},{"db":2,"id":"DLX2_HUMAN.H11MO.0.D","len":8,"ltrim":0,"rtrim":1,"nsites":5,"evalue":"1.0e+000","url":"http://hocomoco.autosome.ru/motif/DLX2_HUMAN.H11MO.0.D","pwm":[[0.832215,0.0553819,0.0553819,0.0570212],[0.00572157,0.00408236,0.00408236,0.986114],[0.986114,0.00408236,0.00408236,0.00572157],[0.780915,0.00408236,0.209281,0.00572157],[0.00572157,0.00408236,0.00408236,0.986114],[0.00572157,0.00408236,0.00408236,0.986114],[0.644116,0.00408236,0.34608,0.00572157],[0.0570212,0.26058,0.26058,0.421818]]},{"db":2,"id":"DLX3_HUMAN.H11MO.0.C","len":10,"ltrim":0,"rtrim":1,"nsites":34,"evalue":"1.0e+000","url":"http://hocomoco.autosome.ru/motif/DLX3_HUMAN.H11MO.0.C","pwm":[[0.173429,0.12843,0.658974,0.0391664],[0.412146,0.403686,0.183312,0.000855718],[0.000855718,0.0229877,0.000610558,0.975546],[0.975546,0.000610558,0.0229877,0.000855718],[0.997923,0.000610558,0.000610558,0.000855718],[0.000855718,0.000610558,0.000610558,0.997923],[0.000855718,0.000610558,0.0453648,0.953169],[0.541592,0.000610558,0.363749,0.0940488],[0.16118,0.515572,0.277638,0.04561],[0.445639,0.154491,0.102656,0.297213]]},{"db":2,"id":"DLX4_HUMAN.H11MO.0.D","len":16,"ltrim":0,"rtrim":1,"nsites":2355,"evalue":"1.0e+000","url":"http://hocomoco.autosome.ru/motif/DLX4_HUMAN.H11MO.0.D","pwm":[[0.0473565,0.133973,0.0473529,0.771317],[0.998802,0.000539603,0.000114993,0.000543153],[0.99997,8.8404e-06,8.8404e-06,1.23901e-05],[1.23901e-05,8.8404e-06,0.000858061,0.999121],[1.23901e-05,0.00213189,0.0025565,0.995299],[0.6951,8.8404e-06,0.304455,0.000437001],[0.123574,0.490858,0.261569,0.123999],[0.220385,0.368146,0.221655,0.189813],[0.169432,0.349039,0.222929,0.2586],[0.284501,0.247132,0.115503,0.352864],[0.437467,0.186094,0.050219,0.326219],[0.568672,0.0846125,0.0268654,0.31985],[0.512517,0.0186917,0.0101995,0.458592],[0.328236,0.0259101,0.0254855,0.620368],[0.29448,0.0647619,0.0949093,0.545849],[0.349148,0.116034,0.181848,0.35297]]},{"db":2,"id":"DLX6_HUMAN.H11MO.0.D","len":15,"ltrim":1,"rtrim":0,"nsites":1138,"evalue":"1.0e+000","url":"http://hocomoco.autosome.ru/motif/DLX6_HUMAN.H11MO.0.D","pwm":[[0.399595,0.128083,0.10348,0.368842],[0.481969,0.0733862,0.0672356,0.377409],[0.438256,0.0674552,0.0955723,0.398716],[0.347315,0.0837104,0.128522,0.440453],[0.293497,0.105457,0.187172,0.413873],[0.326008,0.118637,0.256586,0.298769],[0.310192,0.198595,0.303155,0.188058],[0.216175,0.217047,0.359389,0.207389],[0.227598,0.20826,0.311063,0.253079],[0.00881221,0.228469,0.00265427,0.760064],[0.956884,0.00792621,0.0272567,0.00793356],[0.987637,0.00880487,0.00177561,0.00178295],[0.0033206,0.00507057,0.00594923,0.98566],[0.0195758,0.0160538,0.0345056,0.929865],[0.659458,0.0162735,0.293051,0.031218]]},{"db":2,"id":"DMBX1_HUMAN.H11MO.0.D","len":20,"ltrim":3,"rtrim":2,"nsites":29,"evalue":"1.0e+000","url":"http://hocomoco.autosome.ru/motif/DMBX1_HUMAN.H11MO.0.D","pwm":[[0.172824,0.27563,0.138173,0.413374],[0.421965,0.284221,0.112399,0.181415],[0.430556,0.292812,0.155355,0.121278],[0.207188,0.138173,0.103808,0.550831],[0.413374,0.0350797,0.0350797,0.516467],[0.516467,0.0350797,0.0350797,0.413374],[0.310281,0.103808,0.0350797,0.550831],[0.550831,0.172537,0.0350797,0.241553],[0.585195,0.103808,0.0350797,0.275917],[0.13846,0.309994,0.172537,0.37901],[0.104096,0.619272,0.0350797,0.241553],[0.00100275,0.447451,0.069444,0.482102],[0.757016,0.0350797,0.138173,0.0697313],[0.894474,0.0350797,0.069444,0.00100275],[0.00100275,0.0350797,0.000715464,0.963202],[0.00100275,0.000715464,0.000715464,0.997566],[0.997566,0.000715464,0.000715464,0.00100275],[0.619559,0.138173,0.138173,0.104096],[0.0955045,0.232674,0.335767,0.336054],[0.241553,0.103808,0.241265,0.413374]]},{"db":2,"id":"DRGX_HUMAN.H11MO.0.D","len":11,"ltrim":0,"rtrim":0,"nsites":10531,"evalue":"1.0e+000","url":"http://hocomoco.autosome.ru/motif/DRGX_HUMAN.H11MO.0.D","pwm":[[0.0552439,0.0103285,0.0029219,0.931506],[0.940313,0.00213851,0.0374625,0.0200861],[0.996883,0.00107024,0.0011652,0.000881122],[0.0122759,0.105143,0.0101861,0.872395],[0.0104718,0.314618,0.0915641,0.583346],[2.651e-05,0.320315,2.57162e-05,0.679633],[0.827362,0.0107321,0.158295,0.00361113],[0.997501,0.000642936,0.00111772,0.000738686],[0.000192685,0.000286848,0.000286848,0.999234],[0.0307925,0.00904662,0.000310587,0.95985],[0.949239,0.00118894,0.0103048,0.0392674]]},{"db":2,"id":"EGR1_HUMAN.H11MO.0.A","len":17,"ltrim":4,"rtrim":1,"nsites":500,"evalue":"1.0e+000","url":"http://hocomoco.autosome.ru/motif/EGR1_HUMAN.H11MO.0.A","pwm":[[0.232012,0.247992,0.40996,0.110036],[0.319994,0.128016,0.317978,0.234012],[0.278003,0.180006,0.45995,0.082042],[0.236011,0.112019,0.353971,0.297999],[0.112036,0.0300356,0.80788,0.0500484],[0.236011,0.50594,0.0460324,0.212016],[0.0560472,0.0340348,0.869868,0.0400503],[0.0320519,0.00404083,0.40996,0.553948],[0.09204,0.00204123,0.891863,0.0140555],[0.0160551,0.00404083,0.95785,0.0220539],[0.0240535,0.0320352,0.929856,0.0140555],[0.220014,0.475946,0.00404083,0.299998],[0.0880408,0.0100396,0.841873,0.0600464],[0.110036,0.0220372,0.695902,0.172024],[0.337991,0.128016,0.40596,0.128033],[0.311996,0.0820252,0.45595,0.150028],[0.264006,0.182005,0.435954,0.118035]]},{"db":2,"id":"EGR2_HUMAN.H11MO.1.A","len":16,"ltrim":3,"rtrim":1,"nsites":498,"evalue":"1.0e+000","url":"http://hocomoco.autosome.ru/motif/EGR2_HUMAN.H11MO.1.A","pwm":[[0.194799,0.144591,0.457781,0.202829],[0.281127,0.172698,0.453766,0.0924095],[0.188776,0.100423,0.373461,0.33734],[0.0622951,0.0662936,0.849269,0.0221425],[0.244989,0.36543,0.058263,0.331317],[0.00608147,0.0181105,0.969727,0.00608147],[0.0121044,0.0100799,0.347362,0.630454],[0.162677,0.00405706,0.813132,0.0201349],[0.0241501,0.0100799,0.923551,0.0422188],[0.0241501,0.0181105,0.953666,0.00407384],[0.321279,0.3574,0.0120876,0.309233],[0.0321806,0.00606469,0.911505,0.0502493],[0.068318,0.0281486,0.71275,0.190783],[0.299195,0.0944004,0.459789,0.146615],[0.220898,0.080347,0.524033,0.174722],[0.188776,0.164667,0.516002,0.130554]]},{"db":2,"id":"EMX1_HUMAN.H11MO.0.D","len":12,"ltrim":0,"rtrim":0,"nsites":30488,"evalue":"1.0e+000","url":"http://hocomoco.autosome.ru/motif/EMX1_HUMAN.H11MO.0.D","pwm":[[0.0339814,0.140908,0.0283068,0.796804],[0.827217,0.158005,0.00722481,0.00755308],[0.989535,0.00426464,0.00262466,0.00357612],[0.00232153,0.00192766,0.00225566,0.993495],[0.00124735,0.00180467,0.00597023,0.990978],[0.993241,0.00147667,0.00347745,0.00180494],[0.227778,0.141909,0.624195,0.0061181],[0.0472653,0.41777,0.182597,0.352368],[0.141802,0.143048,0.20973,0.505419],[0.523131,0.150986,0.100999,0.224884],[0.599202,0.122885,0.0901178,0.187796],[0.278954,0.110691,0.0865836,0.523771]]},{"db":2,"id":"EMX2_HUMAN.H11MO.0.D","len":12,"ltrim":0,"rtrim":1,"nsites":35820,"evalue":"1.0e+000","url":"http://hocomoco.autosome.ru/motif/EMX2_HUMAN.H11MO.0.D","pwm":[[0.0219508,0.103804,0.01539,0.858855],[0.848679,0.121825,0.0138406,0.0156554],[0.987072,0.00524903,0.00357399,0.00410466],[0.00148741,0.00042632,0.00210136,0.995985],[0.00126407,0.00126384,0.00545143,0.992021],[0.991413,0.000656637,0.00562591,0.00230399],[0.267797,0.133403,0.585328,0.0134709],[0.0343112,0.393523,0.195561,0.376605],[0.202855,0.151794,0.243725,0.401626],[0.444025,0.153964,0.116053,0.285958],[0.528985,0.124379,0.0979414,0.248695],[0.333187,0.125007,0.100161,0.441645]]},{"db":2,"id":"EOMES_HUMAN.H11MO.0.D","len":12,"ltrim":1,"rtrim":0,"nsites":375,"evalue":"1.0e+000","url":"http://hocomoco.autosome.ru/motif/EOMES_HUMAN.H11MO.0.D","pwm":[[0.460718,0.106743,0.287263,0.145276],[0.253933,0.0509313,0.465368,0.229768],[0.220243,0.188865,0.447197,0.143695],[0.834415,0.00814508,0.0691233,0.088317],[0.265748,5.55052e-05,0.678395,0.0558015],[0.0209324,0.0840145,0.884435,0.0106179],[0.0236163,0.00281586,0.0155228,0.958045],[7.77925e-05,0.00543104,0.991822,0.00266941],[0.363888,0.181093,0.02685,0.428169],[0.0531032,0.168738,0.342989,0.435169],[0.898499,0.00820596,0.032184,0.0611112],[0.656826,0.0351854,0.262845,0.0451432]]},{"db":2,"id":"ESX1_HUMAN.H11MO.0.D","len":17,"ltrim":2,"rtrim":1,"nsites":8260,"evalue":"1.0e+000","url":"http://hocomoco.autosome.ru/motif/ESX1_HUMAN.H11MO.0.D","pwm":[[0.234404,0.208247,0.426595,0.130754],[0.126858,0.39527,0.192319,0.285553],[0.0225828,0.0500315,0.0212362,0.90615],[0.993554,0.00133557,0.00336136,0.00174896],[0.999854,2.52055e-06,0.000139981,3.53264e-06],[3.53264e-06,2.52055e-06,0.00340291,0.996591],[0.000249523,0.00687571,0.00304839,0.989826],[0.582428,2.52055e-06,0.417566,3.53264e-06],[0.246805,0.221045,0.49818,0.0339704],[0.0776465,0.530054,0.114559,0.277741],[0.293932,0.260317,0.215386,0.230366],[0.380207,0.192903,0.0759631,0.350926],[0.44048,0.0612143,0.0379031,0.460403],[0.53942,0.034649,0.020577,0.405355],[0.489906,0.020221,0.0155616,0.474311],[0.282206,0.0581417,0.0668164,0.592836],[0.319888,0.119923,0.155426,0.404763]]},{"db":2,"id":"ETV3_HUMAN.H11MO.0.D","len":14,"ltrim":0,"rtrim":0,"nsites":12,"evalue":"1.0e+000","url":"http://hocomoco.autosome.ru/motif/ETV3_HUMAN.H11MO.0.D","pwm":[[0.209023,0.043043,0.290977,0.456957],[0.415635,0.16701,0.16701,0.250345],[0.250345,0.497588,0.0843653,0.167701],[0.415635,0.00172066,0.414944,0.167701],[0.167701,0.00172066,0.0843653,0.746213],[0.167701,0.00172066,0.16701,0.663569],[0.00241157,0.0843653,0.0843653,0.828858],[0.167701,0.0843653,0.745522,0.00241157],[0.00241157,0.828167,0.0843653,0.0850562],[0.828858,0.00172066,0.16701,0.00241157],[0.00241157,0.828167,0.0843653,0.0850562],[0.00241157,0.249655,0.16701,0.580924],[0.0850562,0.00172066,0.16701,0.746213],[0.00241157,0.580233,0.16701,0.250345]]},{"db":2,"id":"EVX2_HUMAN.H11MO.0.A","len":13,"ltrim":2,"rtrim":2,"nsites":500,"evalue":"1.0e+000","url":"http://hocomoco.autosome.ru/motif/EVX2_HUMAN.H11MO.0.A","pwm":[[0.164026,0.176006,0.361969,0.297999],[0.116035,0.182005,0.208,0.49396],[0.0120559,0.0100396,0.0140388,0.963866],[0.0140555,0.00804003,4.16317e-05,0.977863],[0.0280527,0.0220372,0.028036,0.921874],[0.983862,0.0100396,0.00404083,0.00205795],[0.00405755,0.05803,4.16317e-05,0.937871],[0.0460492,0.00604043,0.495942,0.451968],[0.385981,4.16317e-05,0.60592,0.00805675],[0.0460492,0.735894,0.10602,0.112036],[0.156027,0.413959,0.048032,0.381982],[0.128033,0.30798,0.196002,0.367985],[0.14203,0.249992,0.190004,0.417975]]},{"db":2,"id":"FEZF1_HUMAN.H11MO.0.C","len":12,"ltrim":1,"rtrim":1,"nsites":500,"evalue":"1.0e+000","url":"http://hocomoco.autosome.ru/motif/FEZF1_HUMAN.H11MO.0.C","pwm":[[0.305997,0.122017,0.361969,0.210016],[0.132032,0.485944,0.0740268,0.307997],[0.0700444,0.0320352,0.0220372,0.875883],[0.0120559,0.0200376,0.949852,0.0180547],[0.0140555,0.55593,0.102021,0.327993],[0.0260531,0.433955,0.0520312,0.487961],[0.062046,0.725896,0.0260364,0.186021],[0.24001,0.0600296,0.0140388,0.685921],[0.00605715,0.134015,0.0500316,0.809896],[0.0200543,0.0100396,0.018038,0.951868],[0.0440496,0.116018,0.0700276,0.769904],[0.172024,0.331975,0.15801,0.337991]]},{"db":2,"id":"FOXA1_HUMAN.H11MO.0.A","len":12,"ltrim":0,"rtrim":2,"nsites":500,"evalue":"1.0e+000","url":"http://hocomoco.autosome.ru/motif/FOXA1_HUMAN.H11MO.0.A","pwm":[[0.0160551,4.16317e-05,4.16317e-05,0.983862],[0.246009,0.00404083,0.749892,5.83483e-05],[0.00205795,4.16317e-05,4.16317e-05,0.997859],[0.00405755,4.16317e-05,0.0560304,0.93987],[5.83483e-05,4.16317e-05,0.144013,0.855887],[0.781902,4.16317e-05,0.206,0.0120559],[0.00805675,0.797882,0.00804003,0.186021],[0.317995,0.138014,0.00404083,0.53995],[0.0320519,0.313979,0.10802,0.545949],[0.463966,0.0200376,0.0160384,0.499958],[0.218015,0.098022,0.493943,0.19002],[0.108037,0.25999,0.393963,0.238011]]},{"db":2,"id":"FOXA2_HUMAN.H11MO.0.A","len":12,"ltrim":0,"rtrim":1,"nsites":500,"evalue":"1.0e+000","url":"http://hocomoco.autosome.ru/motif/FOXA2_HUMAN.H11MO.0.A","pwm":[[0.0160551,4.16317e-05,0.00204123,0.981862],[0.196019,0.00204123,0.799882,0.00205795],[5.83483e-05,0.00404083,4.16317e-05,0.995859],[0.00205795,4.16317e-05,0.0440328,0.953868],[5.83483e-05,4.16317e-05,0.144013,0.855887],[0.757907,4.16317e-05,0.235994,0.00605715],[0.00805675,0.887864,0.00204123,0.102038],[0.401978,0.122017,4.16317e-05,0.475963],[0.0440496,0.40996,0.120018,0.425973],[0.563946,0.00804003,0.0400336,0.387981],[0.19002,0.0960224,0.549932,0.164026],[0.128033,0.35797,0.281985,0.232012]]},{"db":2,"id":"FOXA3_HUMAN.H11MO.0.B","len":13,"ltrim":2,"rtrim":0,"nsites":500,"evalue":"1.0e+000","url":"http://hocomoco.autosome.ru/motif/FOXA3_HUMAN.H11MO.0.B","pwm":[[0.158027,0.465948,0.215998,0.160026],[0.228013,0.249992,0.078026,0.44397],[0.0120559,4.16317e-05,0.00604043,0.981862],[0.246009,0.00804003,0.737894,0.00805675],[0.00805675,0.0220372,0.0140388,0.955867],[0.00605715,4.16317e-05,0.0360344,0.957867],[0.00805675,4.16317e-05,0.271987,0.719914],[0.855887,0.00604043,0.114019,0.0240535],[0.00405755,0.873867,0.0220372,0.100038],[0.367985,0.152011,0.00804003,0.471964],[0.0940396,0.231995,0.10602,0.567945],[0.425973,0.0140388,0.0540308,0.505957],[0.154028,0.116018,0.577926,0.152028]]},{"db":2,"id":"FOXB1_HUMAN.H11MO.0.D","len":17,"ltrim":1,"rtrim":1,"nsites":7038,"evalue":"1.0e+000","url":"http://hocomoco.autosome.ru/motif/FOXB1_HUMAN.H11MO.0.D","pwm":[[0.219282,0.162615,0.422576,0.195527],[0.0892769,0.143925,0.225753,0.541045],[0.353901,0.384066,0.161097,0.100935],[0.803094,0.0550288,0.0564861,0.0853907],[0.724187,0.0823594,0.029969,0.163485],[0.00346527,0.00334264,0.0160942,0.977098],[0.646658,0.000944142,0.349995,0.00240265],[0.0134236,0.000670895,0.00929335,0.976612],[0.0133629,0.000245844,0.0268419,0.959549],[0.00294914,0.000519091,0.279352,0.717179],[0.960035,0.00048873,0.038379,0.00109713],[0.0031313,0.897339,0.010781,0.0887487],[0.774926,0.0141814,0.0334909,0.177402],[0.0308203,0.143761,0.0300905,0.795328],[0.717604,0.0169746,0.0435707,0.22185],[0.573755,0.0628194,0.2564,0.107026],[0.123906,0.357173,0.327128,0.191793]]},{"db":2,"id":"FOXC1_HUMAN.H11MO.0.C","len":15,"ltrim":2,"rtrim":0,"nsites":26,"evalue":"1.0e+000","url":"http://hocomoco.autosome.ru/motif/FOXC1_HUMAN.H11MO.0.C","pwm":[[0.135218,0.479725,0.173211,0.211846],[0.345946,0.0774261,0.345625,0.231003],[0.269317,0.154054,0.0774261,0.499202],[0.00111801,0.000797702,0.000797702,0.997287],[0.00111801,0.000797702,0.996966,0.00111801],[0.0394322,0.000797702,0.000797702,0.958972],[0.0394322,0.000797702,0.000797702,0.958972],[0.00111801,0.000797702,0.0391119,0.958972],[0.958972,0.000797702,0.000797702,0.0394322],[0.00111801,0.728767,0.000797702,0.269317],[0.231003,0.11574,0.000797702,0.652459],[0.00111801,0.192369,0.000797702,0.805716],[0.652459,0.000797702,0.000797702,0.345946],[0.460888,0.192369,0.268997,0.0777464],[0.0394322,0.268997,0.57551,0.116061]]},{"db":2,"id":"FOXC2_HUMAN.H11MO.0.D","len":15,"ltrim":0,"rtrim":0,"nsites":5,"evalue":"1.0e+000","url":"http://hocomoco.autosome.ru/motif/FOXC2_HUMAN.H11MO.0.D","pwm":[[0.0582426,0.0566034,0.616827,0.268327],[0.215806,0.214166,0.00408236,0.565946],[0.00572157,0.214166,0.00408236,0.77603],[0.00572157,0.00408236,0.00408236,0.986114],[0.215806,0.00408236,0.77439,0.00572157],[0.00572157,0.00408236,0.00408236,0.986114],[0.00572157,0.00408236,0.00408236,0.986114],[0.215806,0.00408236,0.214166,0.565946],[0.355862,0.00408236,0.00408236,0.635974],[0.00572157,0.354222,0.634334,0.00572157],[0.215806,0.42425,0.00408236,0.355862],[0.00572157,0.634334,0.00408236,0.355862],[0.986114,0.00408236,0.00408236,0.00572157],[0.00572157,0.144138,0.844418,0.00572157],[0.478411,0.0566034,0.266687,0.198299]]},{"db":2,"id":"FOXD1_HUMAN.H11MO.0.D","len":15,"ltrim":0,"rtrim":0,"nsites":22,"evalue":"1.0e+000","url":"http://hocomoco.autosome.ru/motif/FOXD1_HUMAN.H11MO.0.D","pwm":[[0.120191,0.566655,0.119813,0.193342],[0.377637,0.110669,0.0740931,0.437602],[0.354068,0.170812,0.0976614,0.377458],[0.0378959,0.0375176,0.0740931,0.850493],[0.0378959,0.243785,0.680424,0.0378959],[0.0378959,0.0375176,0.0375176,0.887069],[0.00132036,0.000942082,0.0375176,0.96022],[0.00132036,0.000942082,0.0375176,0.96022],[0.923644,0.000942082,0.0375176,0.0378959],[0.00132036,0.850115,0.110669,0.0378959],[0.304486,0.243785,0.0740931,0.377637],[0.207587,0.0740931,0.000942082,0.717377],[0.450788,0.207209,0.0740931,0.26791],[0.424773,0.243785,0.220395,0.111047],[0.262451,0.238683,0.479258,0.0196081]]},{"db":2,"id":"FOXD3_HUMAN.H11MO.0.D","len":15,"ltrim":2,"rtrim":3,"nsites":465,"evalue":"1.0e+000","url":"http://hocomoco.autosome.ru/motif/FOXD3_HUMAN.H11MO.0.D","pwm":[[0.157018,0.176351,0.298905,0.367726],[0.118317,0.217202,0.266654,0.397827],[0.135517,0.00649499,0.0559467,0.802041],[0.0387641,0.0688472,0.872975,0.0194134],[0.092516,0.0516466,0.036596,0.819241],[0.036614,0.111849,0.0494965,0.802041],[0.0538146,4.47646e-05,0.0946481,0.851493],[0.339775,0.200002,0.225803,0.234421],[0.0581148,0.599916,0.0623969,0.279573],[0.294623,0.202152,0.0408962,0.462329],[0.109717,0.223653,0.0709972,0.595634],[0.404277,0.0473464,0.14625,0.402127],[0.230121,0.14195,0.42791,0.20002],[0.101116,0.363407,0.348357,0.187119],[0.356975,0.292455,0.111849,0.238721]]},{"db":2,"id":"FOXF1_HUMAN.H11MO.0.D","len":11,"ltrim":1,"rtrim":0,"nsites":8,"evalue":"1.0e+000","url":"http://hocomoco.autosome.ru/motif/FOXF1_HUMAN.H11MO.0.D","pwm":[[0.413915,0.151445,0.151445,0.283196],[0.00360247,0.00257037,0.00257037,0.991257],[0.134321,0.00257037,0.859506,0.00360247],[0.00360247,0.00257037,0.00257037,0.991257],[0.00360247,0.00257037,0.00257037,0.991257],[0.00360247,0.00257037,0.00257037,0.991257],[0.729819,0.0679298,0.198649,0.00360247],[0.00360247,0.133289,0.00257037,0.860538],[0.0217579,0.151445,0.151445,0.675353],[0.26504,0.1696,0.00257037,0.56278