<!DOCTYPE HTML>
<html>
  <head>
    <meta charset="UTF-8">
    <title>TOMTOM</title>
    <script>
      // @JSON_VAR data
      var data = {
        "program": "Tomtom",
        "version": "4.12.0",
        "release": "Tue Jun 27 16:22:50 2017 -0700",
        "cmd": [
          "tomtom", "-verbosity", "1", "-oc",
          "results/AHRpeaks_noAHREs.bed.fa/hocomoco/meme_tomtom_out",
          "-min-overlap", "5", "-dist", "pearson", "-evalue", "-thresh", "1",
          "-no-ssc", "-bfile",
          "results/AHRpeaks_noAHREs.bed.fa/hocomoco/background",
          "results/AHRpeaks_noAHREs.bed.fa/hocomoco/meme_out/meme.xml",
          "/Users/filipov4/meme/db/motif_databases/HUMAN/HOCOMOCOv11_full_HUMAN_mono_meme_format.meme"
        ],
        "options": {
          "strands": "both",
          "distance_measure": "pearson",
          "threshold_type": "evalue",
          "threshold_value": 1,
          "background_source": "file",
          "background_file": "results/AHRpeaks_noAHREs.bed.fa/hocomoco/background"
        },
        "alphabet": {
          "name": "DNA",
          "like": "dna",
          "ncore": 4,
          "symbols": [
            {
              "symbol": "A",
              "name": "Adenine",
              "colour": "CC0000",
              "complement": "T"
            }, {
              "symbol": "C",
              "name": "Cytosine",
              "colour": "0000CC",
              "complement": "G"
            }, {
              "symbol": "G",
              "name": "Guanine",
              "colour": "FFB300",
              "complement": "C"
            }, {
              "symbol": "T",
              "aliases": "U",
              "name": "Thymine",
              "colour": "008000",
              "complement": "A"
            }, {
              "symbol": "N",
              "aliases": "X.",
              "name": "Any base",
              "equals": "ACGT"
            }, {
              "symbol": "V",
              "name": "Not T",
              "equals": "ACG"
            }, {
              "symbol": "H",
              "name": "Not G",
              "equals": "ACT"
            }, {
              "symbol": "D",
              "name": "Not C",
              "equals": "AGT"
            }, {
              "symbol": "B",
              "name": "Not A",
              "equals": "CGT"
            }, {
              "symbol": "M",
              "name": "Amino",
              "equals": "AC"
            }, {
              "symbol": "R",
              "name": "Purine",
              "equals": "AG"
            }, {
              "symbol": "W",
              "name": "Weak",
              "equals": "AT"
            }, {
              "symbol": "S",
              "name": "Strong",
              "equals": "CG"
            }, {
              "symbol": "Y",
              "name": "Pyrimidine",
              "equals": "CT"
            }, {
              "symbol": "K",
              "name": "Keto",
              "equals": "GT"
            }
          ]
        },
        "background": [0.2912, 0.2088, 0.2088, 0.2912],
        "query_dbs": [
          {
            "source": "results/AHRpeaks_noAHREs.bed.fa/hocomoco/meme_out/meme.xml",
            "name": "meme",
            "loaded": 7,
            "excluded": 0,
            "last_modified": "Thu May 24 14:10:11 2018"
          }
        ],
        "target_dbs": [
          {
            "source": "/Users/filipov4/meme/db/motif_databases/HUMAN/HOCOMOCOv11_full_HUMAN_mono_meme_format.meme",
            "name": "HOCOMOCOv11 full HUMAN mono meme format",
            "loaded": 771,
            "excluded": 0,
            "last_modified": "Wed Dec  6 21:59:30 2017"
          }
        ],
        "queries": [
          {
            "db": 0,
            "id": "AARAGCTTCTGCACRGCAAARGAA",
            "alt": "MEME-4",
            "len": 24,
            "nsites": 6,
            "evalue": "5.0e-004",
            "pwm": [
              [0.98838, 0.00342295, 0.00342295, 0.00477377], 
              [0.824446, 0.00342295, 0.00342295, 0.168709], 
              [0.660512, 0.00342295, 0.331291, 0.00477377], 
              [0.98838, 0.00342295, 0.00342295, 0.00477377], 
              [0.168709, 0.00342295, 0.823095, 0.00477377], 
              [0.00477377, 0.98703, 0.00342295, 0.00477377], 
              [0.00477377, 0.00342295, 0.00342295, 0.98838], 
              [0.00477377, 0.00342295, 0.167358, 0.824446], 
              [0.00477377, 0.823095, 0.00342295, 0.168709], 
              [0.00477377, 0.00342295, 0.00342295, 0.98838], 
              [0.168709, 0.00342295, 0.823095, 0.00477377], 
              [0.00477377, 0.98703, 0.00342295, 0.00477377], 
              [0.98838, 0.00342295, 0.00342295, 0.00477377], 
              [0.00477377, 0.823095, 0.00342295, 0.168709], 
              [0.660512, 0.00342295, 0.331291, 0.00477377], 
              [0.168709, 0.00342295, 0.823095, 0.00477377], 
              [0.00477377, 0.823095, 0.00342295, 0.168709], 
              [0.824446, 0.167358, 0.00342295, 0.00477377], 
              [0.98838, 0.00342295, 0.00342295, 0.00477377], 
              [0.98838, 0.00342295, 0.00342295, 0.00477377], 
              [0.660512, 0.00342295, 0.331291, 0.00477377], 
              [0.00477377, 0.00342295, 0.823095, 0.168709], 
              [0.824446, 0.00342295, 0.167358, 0.00477377], 
              [0.98838, 0.00342295, 0.00342295, 0.00477377]
            ]
          }, {
            "db": 0,
            "id": "CTTSTAGACAYTGNCTTAGGCAARKAYTTC",
            "alt": "MEME-5",
            "len": 30,
            "nsites": 6,
            "evalue": "6.2e-016",
            "pwm": [
              [0.00477377, 0.98703, 0.00342295, 0.00477377], 
              [0.00477377, 0.00342295, 0.00342295, 0.98838], 
              [0.00477377, 0.00342295, 0.00342295, 0.98838], 
              [0.00477377, 0.659161, 0.331291, 0.00477377], 
              [0.00477377, 0.167358, 0.00342295, 0.824446], 
              [0.98838, 0.00342295, 0.00342295, 0.00477377], 
              [0.00477377, 0.167358, 0.823095, 0.00477377], 
              [0.824446, 0.00342295, 0.167358, 0.00477377], 
              [0.00477377, 0.98703, 0.00342295, 0.00477377], 
              [0.98838, 0.00342295, 0.00342295, 0.00477377], 
              [0.00477377, 0.331291, 0.00342295, 0.660512], 
              [0.00477377, 0.00342295, 0.00342295, 0.98838], 
              [0.00477377, 0.00342295, 0.98703, 0.00477377], 
              [0.168709, 0.167358, 0.331291, 0.332642], 
              [0.00477377, 0.98703, 0.00342295, 0.00477377], 
              [0.00477377, 0.167358, 0.00342295, 0.824446], 
              [0.00477377, 0.00342295, 0.167358, 0.824446], 
              [0.98838, 0.00342295, 0.00342295, 0.00477377], 
              [0.00477377, 0.00342295, 0.98703, 0.00477377], 
              [0.00477377, 0.00342295, 0.98703, 0.00477377], 
              [0.00477377, 0.823095, 0.00342295, 0.168709], 
              [0.98838, 0.00342295, 0.00342295, 0.00477377], 
              [0.98838, 0.00342295, 0.00342295, 0.00477377], 
              [0.496577, 0.00342295, 0.495226, 0.00477377], 
              [0.00477377, 0.00342295, 0.659161, 0.332642], 
              [0.98838, 0.00342295, 0.00342295, 0.00477377], 
              [0.00477377, 0.331291, 0.167358, 0.496577], 
              [0.00477377, 0.00342295, 0.00342295, 0.98838], 
              [0.00477377, 0.00342295, 0.00342295, 0.98838], 
              [0.00477377, 0.98703, 0.00342295, 0.00477377]
            ]
          }, {
            "db": 0,
            "id": "GTCTATGTTCAGCDDTGCACRTATTGTCTT",
            "alt": "MEME-7",
            "len": 30,
            "nsites": 4,
            "evalue": "2.9e-005",
            "pwm": [
              [0.00710244, 0.00509268, 0.980702, 0.00710244], 
              [0.00710244, 0.00509268, 0.00509268, 0.982712], 
              [0.00710244, 0.980702, 0.00509268, 0.00710244], 
              [0.00710244, 0.00509268, 0.00509268, 0.982712], 
              [0.982712, 0.00509268, 0.00509268, 0.00710244], 
              [0.00710244, 0.00509268, 0.00509268, 0.982712], 
              [0.00710244, 0.00509268, 0.980702, 0.00710244], 
              [0.00710244, 0.248995, 0.00509268, 0.73881], 
              [0.00710244, 0.00509268, 0.00509268, 0.982712], 
              [0.00710244, 0.980702, 0.00509268, 0.00710244], 
              [0.982712, 0.00509268, 0.00509268, 0.00710244], 
              [0.00710244, 0.00509268, 0.980702, 0.00710244], 
              [0.00710244, 0.980702, 0.00509268, 0.00710244], 
              [0.251005, 0.00509268, 0.248995, 0.494907], 
              [0.251005, 0.00509268, 0.492898, 0.251005], 
              [0.00710244, 0.00509268, 0.00509268, 0.982712], 
              [0.00710244, 0.00509268, 0.980702, 0.00710244], 
              [0.00710244, 0.980702, 0.00509268, 0.00710244], 
              [0.982712, 0.00509268, 0.00509268, 0.00710244], 
              [0.00710244, 0.980702, 0.00509268, 0.00710244], 
              [0.494907, 0.00509268, 0.492898, 0.00710244], 
              [0.00710244, 0.00509268, 0.00509268, 0.982712], 
              [0.73881, 0.00509268, 0.248995, 0.00710244], 
              [0.00710244, 0.00509268, 0.00509268, 0.982712], 
              [0.00710244, 0.00509268, 0.00509268, 0.982712], 
              [0.00710244, 0.00509268, 0.980702, 0.00710244], 
              [0.00710244, 0.248995, 0.00509268, 0.73881], 
              [0.00710244, 0.980702, 0.00509268, 0.00710244], 
              [0.00710244, 0.00509268, 0.00509268, 0.982712], 
              [0.00710244, 0.00509268, 0.00509268, 0.982712]
            ]
          }, {
            "db": 0,
            "id": "GVARAGTAAACAVAMA",
            "alt": "MEME-2",
            "len": 16,
            "nsites": 43,
            "evalue": "4.3e-012",
            "pwm": [
              [0.000675638, 0.0700896, 0.626935, 0.3023], 
              [0.395107, 0.394916, 0.209301, 0.000675638], 
              [0.743135, 0.000484455, 0.0468885, 0.209492], 
              [0.371905, 0.116494, 0.510925, 0.000675638], 
              [0.882346, 0.0236865, 0.0700896, 0.0238777], 
              [0.255896, 0.000484455, 0.742944, 0.000675638], 
              [0.000675638, 0.209301, 0.000484455, 0.789539], 
              [0.92875, 0.0468885, 0.000484455, 0.0238777], 
              [0.998355, 0.000484455, 0.000484455, 0.000675638], 
              [0.998355, 0.000484455, 0.000484455, 0.000675638], 
              [0.000675638, 0.928559, 0.0700896, 0.000675638], 
              [0.951951, 0.000484455, 0.000484455, 0.0470797], 
              [0.232694, 0.232503, 0.371714, 0.163089], 
              [0.603924, 0.162898, 0.0468885, 0.186291], 
              [0.418309, 0.371714, 0.1861, 0.0238777], 
              [0.650328, 0.162898, 0.0236865, 0.163089]
            ]
          }, {
            "db": 0,
            "id": "TGCCCTSAGGCW",
            "alt": "MEME-3",
            "len": 12,
            "nsites": 43,
            "evalue": "2.1e-004",
            "pwm": [
              [0.0702808, 0.139696, 0.139696, 0.650328], 
              [0.139887, 0.000484455, 0.742944, 0.116685], 
              [0.000675638, 0.650137, 0.0932916, 0.255896], 
              [0.000675638, 0.95176, 0.000484455, 0.0470797], 
              [0.139887, 0.835751, 0.0236865, 0.000675638], 
              [0.000675638, 0.302109, 0.0700896, 0.627126], 
              [0.000675638, 0.557329, 0.441319, 0.000675638], 
              [0.789539, 0.000484455, 0.116494, 0.0934828], 
              [0.000675638, 0.000484455, 0.974962, 0.0238777], 
              [0.000675638, 0.0468885, 0.95176, 0.000675638], 
              [0.000675638, 0.882155, 0.116494, 0.000675638], 
              [0.3023, 0.1861, 0.000484455, 0.511117]
            ]
          }, {
            "db": 0,
            "id": "TGTGGTCAGACYGGTTCTCTGCTCTYRAAC",
            "alt": "MEME-6",
            "len": 30,
            "nsites": 6,
            "evalue": "4.6e-008",
            "pwm": [
              [0.00477377, 0.00342295, 0.167358, 0.824446], 
              [0.00477377, 0.167358, 0.823095, 0.00477377], 
              [0.00477377, 0.00342295, 0.00342295, 0.98838], 
              [0.168709, 0.00342295, 0.823095, 0.00477377], 
              [0.00477377, 0.00342295, 0.98703, 0.00477377], 
              [0.00477377, 0.00342295, 0.167358, 0.824446], 
              [0.00477377, 0.823095, 0.167358, 0.00477377], 
              [0.660512, 0.00342295, 0.167358, 0.168709], 
              [0.00477377, 0.00342295, 0.98703, 0.00477377], 
              [0.98838, 0.00342295, 0.00342295, 0.00477377], 
              [0.168709, 0.823095, 0.00342295, 0.00477377], 
              [0.00477377, 0.331291, 0.167358, 0.496577], 
              [0.168709, 0.00342295, 0.823095, 0.00477377], 
              [0.00477377, 0.167358, 0.823095, 0.00477377], 
              [0.00477377, 0.00342295, 0.00342295, 0.98838], 
              [0.00477377, 0.00342295, 0.00342295, 0.98838], 
              [0.00477377, 0.823095, 0.00342295, 0.168709], 
              [0.00477377, 0.00342295, 0.167358, 0.824446], 
              [0.00477377, 0.98703, 0.00342295, 0.00477377], 
              [0.168709, 0.00342295, 0.167358, 0.660512], 
              [0.00477377, 0.00342295, 0.98703, 0.00477377], 
              [0.00477377, 0.823095, 0.00342295, 0.168709], 
              [0.00477377, 0.00342295, 0.00342295, 0.98838], 
              [0.00477377, 0.823095, 0.167358, 0.00477377], 
              [0.168709, 0.00342295, 0.00342295, 0.824446], 
              [0.168709, 0.495226, 0.00342295, 0.332642], 
              [0.660512, 0.00342295, 0.331291, 0.00477377], 
              [0.824446, 0.00342295, 0.167358, 0.00477377], 
              [0.98838, 0.00342295, 0.00342295, 0.00477377], 
              [0.00477377, 0.659161, 0.167358, 0.168709]
            ]
          }, {
            "db": 0,
            "id": "TNTTTKTTTTTDTTKTWKTTKBTTTT",
            "alt": "MEME-1",
            "len": 26,
            "nsites": 59,
            "evalue": "1.8e-034",
            "pwm": [
              [0.000492724, 0.0172736, 0.0003533, 0.98188], 
              [0.169698, 0.220319, 0.288002, 0.321982], 
              [0.000492724, 0.0172736, 0.0003533, 0.98188], 
              [0.0512537, 0.0680356, 0.135717, 0.744994], 
              [0.000492724, 0.0680356, 0.0003533, 0.931118], 
              [0.135856, 0.135717, 0.338763, 0.389664], 
              [0.017413, 0.101876, 0.0680356, 0.812675], 
              [0.0343334, 0.135717, 0.169559, 0.660391], 
              [0.068175, 0.0003533, 0.152637, 0.778835], 
              [0.000492724, 0.0680356, 0.203399, 0.728074], 
              [0.135856, 0.169559, 0.0680356, 0.626551], 
              [0.321982, 0.0680356, 0.389525, 0.220459], 
              [0.135856, 0.0003533, 0.0003533, 0.863437], 
              [0.0343334, 0.118797, 0.0680356, 0.778835], 
              [0.000492724, 0.186479, 0.304922, 0.508107], 
              [0.203539, 0.186479, 0.118797, 0.491186], 
              [0.457345, 0.101876, 0.118797, 0.321982], 
              [0.102016, 0.0003533, 0.304922, 0.592709], 
              [0.0850953, 0.203399, 0.101876, 0.609629], 
              [0.000492724, 0.0849559, 0.203399, 0.711152], 
              [0.068175, 0.0172736, 0.541809, 0.372743], 
              [0.068175, 0.355683, 0.304922, 0.27122], 
              [0.203539, 0.0511143, 0.169559, 0.575789], 
              [0.000492724, 0.118797, 0.288002, 0.592709], 
              [0.305062, 0.0003533, 0.0003533, 0.694232], 
              [0.186618, 0.0003533, 0.118797, 0.694232]
            ]
          }
        ],
        "targets": [
          {
            "db": 0,
            "id": "ANDR_HUMAN.H11MO.0.A",
            "len": 18,
            "nsites": 499,
            "evalue": "1.0e+000",
            "url": "http://hocomoco.autosome.ru/motif/ANDR_HUMAN.H11MO.0.A",
            "pwm": [
              [0.148325, 0.0701681, 0.0361068, 0.7454], 
              [0.0621701, 0.0481284, 0.777441, 0.11226], 
              [0.068181, 0.0661608, 0.0140671, 0.851591], 
              [0.188397, 0.172352, 0.144302, 0.494949], 
              [0.078199, 0.733362, 0.0361068, 0.152332], 
              [0.122278, 0.278543, 0.0320995, 0.567079], 
              [0.180383, 0.134283, 0.196395, 0.488938], 
              [0.198415, 0.178363, 0.216431, 0.40679], 
              [0.176376, 0.192388, 0.222442, 0.408794], 
              [0.200419, 0.256503, 0.120258, 0.422819], 
              [0.0721882, 0.0140671, 0.0140671, 0.899678], 
              [0.254516, 0.0300959, 0.691286, 0.0241016], 
              [0.0281088, 0.0220815, 0.0200779, 0.929732], 
              [0.0180908, 0.00605265, 0.0982186, 0.877638], 
              [0.00807277, 0.00805626, 0.0641572, 0.919714], 
              [0.420816, 0.0280923, 0.494933, 0.0561593], 
              [0.0862134, 0.524987, 0.0481284, 0.340671], 
              [0.290581, 0.158327, 0.0541392, 0.496953]
            ]
          }, {
            "db": 0,
            "id": "AP2A_HUMAN.H11MO.0.A",
            "len": 15,
            "nsites": 500,
            "evalue": "1.0e+000",
            "url": "http://hocomoco.autosome.ru/motif/AP2A_HUMAN.H11MO.0.A",
            "pwm": [
              [0.416132, 0.185369, 0.193129, 0.20537], 
              [0.231129, 0.0911441, 0.134684, 0.543043], 
              [0.176784, 0.0944216, 0.470174, 0.258621], 
              [0.0108896, 0.520543, 0.431405, 0.0371631], 
              [5.82283e-05, 0.999842, 4.17517e-05, 5.82283e-05], 
              [5.82283e-05, 0.900835, 4.17517e-05, 0.0990653], 
              [0.0509866, 0.111325, 0.0128239, 0.824865], 
              [0.00189642, 4.17517e-05, 0.796449, 0.201613], 
              [0.535285, 0.0386215, 0.409196, 0.0168974], 
              [0.142189, 4.17517e-05, 0.855957, 0.00181295], 
              [5.82283e-05, 4.17517e-05, 0.999842, 5.82283e-05], 
              [0.0479134, 0.556049, 0.379963, 0.016074], 
              [0.308251, 0.381601, 0.0917632, 0.218385], 
              [0.512997, 0.0934439, 0.204259, 0.1893], 
              [0.238531, 0.148905, 0.208397, 0.404167]
            ]
          }, {
            "db": 0,
            "id": "AP2B_HUMAN.H11MO.0.B",
            "len": 10,
            "nsites": 28,
            "evalue": "1.0e+000",
            "url": "http://hocomoco.autosome.ru/motif/AP2B_HUMAN.H11MO.0.B",
            "pwm": [
              [0.0404213, 0.000743061, 0.780567, 0.178269], 
              [0.0010363, 0.646658, 0.24493, 0.107376], 
              [0.0010363, 0.961738, 0.000743061, 0.0364828], 
              [0.115253, 0.571826, 0.000743061, 0.312178], 
              [0.0758679, 0.0361896, 0.886906, 0.0010363], 
              [0.327932, 0.315823, 0.355208, 0.0010363], 
              [0.0719294, 0.0361896, 0.85146, 0.0404213], 
              [0.0010363, 0.000743061, 0.997184, 0.0010363], 
              [0.191069, 0.123821, 0.675212, 0.00989793], 
              [0.222577, 0.446779, 0.253792, 0.0768525]
            ]
          }, {
            "db": 0,
            "id": "AP2C_HUMAN.H11MO.0.A",
            "len": 14,
            "nsites": 500,
            "evalue": "1.0e+000",
            "url": "http://hocomoco.autosome.ru/motif/AP2C_HUMAN.H11MO.0.A",
            "pwm": [
              [0.387209, 0.201032, 0.269555, 0.142205], 
              [0.196094, 0.123615, 0.166409, 0.513882], 
              [0.184618, 0.0997939, 0.518368, 0.19722], 
              [0.00959112, 0.50698, 0.47184, 0.0115889], 
              [0.00386108, 0.988127, 0.00795326, 5.82283e-05], 
              [0.00192608, 0.951674, 0.00238613, 0.0440137], 
              [0.0500635, 0.131882, 0.0254138, 0.792641], 
              [0.0354154, 4.17517e-05, 0.917067, 0.0474757], 
              [0.554985, 0.0254353, 0.415796, 0.00378414], 
              [0.0734842, 4.17517e-05, 0.924445, 0.00202864], 
              [5.82283e-05, 4.17517e-05, 0.997959, 0.00194133], 
              [0.028984, 0.618165, 0.340991, 0.0118599], 
              [0.313922, 0.351511, 0.0971746, 0.237393], 
              [0.428248, 0.170528, 0.241662, 0.159562]
            ]
          }, {
            "db": 0,
            "id": "CPEB1_HUMAN.H11MO.0.D",
            "len": 17,
            "nsites": 1803,
            "evalue": "1.0e+000",
            "url": "http://hocomoco.autosome.ru/motif/CPEB1_HUMAN.H11MO.0.D",
            "pwm": [
              [0.163623, 0.21797, 0.0893022, 0.529105], 
              [0.00057075, 0.00056618, 0.00056618, 0.998297], 
              [0.00473025, 0.00361648, 0.00028888, 0.991364], 
              [0.0007094, 0.00181403, 0.00015023, 0.997326], 
              [1.615e-05, 0.00167538, 1.15801e-05, 0.998297], 
              [0.996633, 0.00056618, 0.00222998, 0.00057075], 
              [0.00223455, 0.0543624, 0.00333918, 0.940064], 
              [0.128129, 0.235717, 0.0282962, 0.607858], 
              [0.181925, 0.250691, 0.0732188, 0.494165], 
              [0.0926344, 0.223516, 0.0482618, 0.635588], 
              [0.0809878, 0.184139, 0.0343968, 0.700476], 
              [0.065459, 0.135889, 0.0260778, 0.772575], 
              [0.100399, 0.118141, 0.016095, 0.765365], 
              [0.181232, 0.0991464, 0.0115195, 0.708102], 
              [0.224075, 0.116478, 0.0233048, 0.636143], 
              [0.240297, 0.168749, 0.0345355, 0.556419], 
              [0.223659, 0.210344, 0.0700299, 0.495968]
            ]
          }, {
            "db": 0,
            "id": "CR3L1_HUMAN.H11MO.0.D",
            "len": 11,
            "nsites": 30982,
            "evalue": "1.0e+000",
            "url": "http://hocomoco.autosome.ru/motif/CR3L1_HUMAN.H11MO.0.D",
            "pwm": [
              [0.0714832, 0.0761541, 0.686216, 0.166147], 
              [0.265587, 0.581048, 0.00339892, 0.149966], 
              [0.0281622, 0.788326, 0.159464, 0.0240476], 
              [0.999998, 6.73938e-07, 6.73938e-07, 9.39897e-07], 
              [9.39897e-07, 0.999997, 6.73938e-07, 9.39897e-07], 
              [9.39897e-07, 6.73938e-07, 0.999997, 9.39897e-07], 
              [9.39897e-07, 6.73938e-07, 6.73938e-07, 0.999998], 
              [9.39897e-07, 6.73938e-07, 0.999997, 9.39897e-07], 
              [9.39897e-07, 6.73938e-07, 0.999997, 9.39897e-07], 
              [9.39897e-07, 0.999997, 6.73938e-07, 9.39897e-07], 
              [0.982503, 0.0058323, 0.0058323, 0.00583256]
            ]
          }, {
            "db": 0,
            "id": "FOXA1_HUMAN.H11MO.0.A",
            "len": 12,
            "nsites": 500,
            "evalue": "1.0e+000",
            "url": "http://hocomoco.autosome.ru/motif/FOXA1_HUMAN.H11MO.0.A",
            "pwm": [
              [0.016055, 4.17517e-05, 4.17517e-05, 0.983861], 
              [0.246009, 0.00404095, 0.749892, 5.82283e-05], 
              [0.00205783, 4.17517e-05, 4.17517e-05, 0.997859], 
              [0.00405743, 4.17517e-05, 0.0560306, 0.93987], 
              [5.82283e-05, 4.17517e-05, 0.144013, 0.855887], 
              [0.781902, 4.17517e-05, 0.206001, 0.0120558], 
              [0.00805663, 0.797882, 0.00804015, 0.186021], 
              [0.317995, 0.138014, 0.00404095, 0.53995], 
              [0.0320518, 0.313979, 0.10802, 0.545949], 
              [0.463965, 0.0200378, 0.0160386, 0.499958], 
              [0.218015, 0.0980222, 0.493943, 0.19002], 
              [0.108037, 0.25999, 0.393963, 0.238011]
            ]
          }, {
            "db": 0,
            "id": "FOXA2_HUMAN.H11MO.0.A",
            "len": 12,
            "nsites": 500,
            "evalue": "1.0e+000",
            "url": "http://hocomoco.autosome.ru/motif/FOXA2_HUMAN.H11MO.0.A",
            "pwm": [
              [0.016055, 4.17517e-05, 0.00204135, 0.981862], 
              [0.196019, 0.00204135, 0.799882, 0.00205783], 
              [5.82283e-05, 0.00404095, 4.17517e-05, 0.995859], 
              [0.00205783, 4.17517e-05, 0.044033, 0.953867], 
              [5.82283e-05, 4.17517e-05, 0.144013, 0.855887], 
              [0.757907, 4.17517e-05, 0.235995, 0.00605703], 
              [0.00805663, 0.887864, 0.00204135, 0.102038], 
              [0.401978, 0.122017, 4.17517e-05, 0.475963], 
              [0.0440494, 0.40996, 0.120018, 0.425973], 
              [0.563945, 0.00804015, 0.0400338, 0.387981], 
              [0.19002, 0.0960226, 0.549932, 0.164025], 
              [0.128033, 0.35797, 0.281985, 0.232012]
            ]
          }, {
            "db": 0,
            "id": "FOXA3_HUMAN.H11MO.0.B",
            "len": 13,
            "nsites": 500,
            "evalue": "1.0e+000",
            "url": "http://hocomoco.autosome.ru/motif/FOXA3_HUMAN.H11MO.0.B",
            "pwm": [
              [0.158027, 0.465949, 0.215999, 0.160026], 
              [0.228013, 0.249992, 0.0780262, 0.443969], 
              [0.0120558, 4.17517e-05, 0.00604055, 0.981862], 
              [0.246009, 0.00804015, 0.737894, 0.00805663], 
              [0.00805663, 0.0220374, 0.014039, 0.955867], 
              [0.00605703, 4.17517e-05, 0.0360346, 0.957867], 
              [0.00805663, 4.17517e-05, 0.271987, 0.719914], 
              [0.855887, 0.00604055, 0.114019, 0.0240534], 
              [0.00405743, 0.873867, 0.0220374, 0.100038], 
              [0.367985, 0.152011, 0.00804015, 0.471964], 
              [0.0940394, 0.231995, 0.106021, 0.567945], 
              [0.425973, 0.014039, 0.054031, 0.505957], 
              [0.154027, 0.116019, 0.577926, 0.152028]
            ]
          }, {
            "db": 0,
            "id": "FOXD3_HUMAN.H11MO.0.D",
            "len": 15,
            "nsites": 465,
            "evalue": "1.0e+000",
            "url": "http://hocomoco.autosome.ru/motif/FOXD3_HUMAN.H11MO.0.D",
            "pwm": [
              [0.157018, 0.176351, 0.298905, 0.367725], 
              [0.118317, 0.217202, 0.266654, 0.397827], 
              [0.135517, 0.00649512, 0.0559469, 0.802041], 
              [0.038764, 0.0688473, 0.872975, 0.0194133], 
              [0.0925158, 0.0516467, 0.0365962, 0.819241], 
              [0.0366139, 0.111849, 0.0494966, 0.802041], 
              [0.0538145, 4.48936e-05, 0.0946482, 0.851492], 
              [0.339775, 0.200002, 0.225803, 0.234421], 
              [0.0581146, 0.599916, 0.0623971, 0.279572], 
              [0.294623, 0.202152, 0.0408963, 0.462329], 
              [0.109716, 0.223653, 0.0709974, 0.595633], 
              [0.404277, 0.0473465, 0.14625, 0.402127], 
              [0.230121, 0.14195, 0.42791, 0.20002], 
              [0.101116, 0.363408, 0.348357, 0.187119], 
              [0.356975, 0.292455, 0.111849, 0.238721]
            ]
          }, {
            "db": 0,
            "id": "FOXF1_HUMAN.H11MO.0.D",
            "len": 11,
            "nsites": 8,
            "evalue": "1.0e+000",
            "url": "http://hocomoco.autosome.ru/motif/FOXF1_HUMAN.H11MO.0.D",
            "pwm": [
              [0.413907, 0.151452, 0.151452, 0.283188], 
              [0.00359506, 0.00257778, 0.00257778, 0.991249], 
              [0.134314, 0.00257778, 0.859513, 0.00359506], 
              [0.00359506, 0.00257778, 0.00257778, 0.991249], 
              [0.00359506, 0.00257778, 0.00257778, 0.991249], 
              [0.00359506, 0.00257778, 0.00257778, 0.991249], 
              [0.729811, 0.0679373, 0.198656, 0.00359506], 
              [0.00359506, 0.133297, 0.00257778, 0.86053], 
              [0.0217505, 0.151452, 0.151452, 0.675345], 
              [0.265033, 0.169608, 0.00257778, 0.562782], 
              [0.432063, 0.00257778, 0.0388886, 0.526471]
            ]
          }, {
            "db": 0,
            "id": "FOXF2_HUMAN.H11MO.0.D",
            "len": 11,
            "nsites": 26,
            "evalue": "1.0e+000",
            "url": "http://hocomoco.autosome.ru/motif/FOXF2_HUMAN.H11MO.0.D",
            "pwm": [
              [0.0163091, 0.0159934, 0.0159934, 0.951704], 
              [0.146779, 0.0008, 0.820919, 0.0315024], 
              [0.00111571, 0.0008, 0.0311867, 0.966898], 
              [0.122663, 0.0008, 0.0008, 0.875737], 
              [0.122663, 0.0008, 0.0311867, 0.845351], 
              [0.770698, 0.0008, 0.227387, 0.00111571], 
              [0.00111571, 0.78244, 0.0311867, 0.185258], 
              [0.284712, 0.255831, 0.0594697, 0.399988], 
              [0.0416179, 0.0413022, 0.0109155, 0.906164], 
              [0.481032, 0.0008, 0.0311867, 0.486981], 
              [0.254325, 0.0109155, 0.357227, 0.377532]
            ]
          }, {
            "db": 0,
            "id": "FOXG1_HUMAN.H11MO.0.D",
            "len": 17,
            "nsites": 310,
            "evalue": "1.0e+000",
            "url": "http://hocomoco.autosome.ru/motif/FOXG1_HUMAN.H11MO.0.D",
            "pwm": [
              [0.358379, 0.15223, 0.184554, 0.304838], 
              [0.150408, 0.111037, 0.121197, 0.617357], 
              [0.0332517, 0.0359944, 0.0297148, 0.901039], 
              [0.102429, 0.0200176, 0.857509, 0.0200442], 
              [9.39052e-05, 0.0032071, 0.00948662, 0.987212], 
              [9.39052e-05, 6.73331e-05, 0.231864, 0.767975], 
              [0.00341895, 6.73331e-05, 0.0926128, 0.903901], 
              [0.687432, 0.164261, 0.108497, 0.0398092], 
              [0.0396239, 0.353223, 0.025556, 0.581597], 
              [0.309128, 0.0957526, 0.292271, 0.302849], 
              [0.191094, 0.070995, 0.118647, 0.619264], 
              [0.366395, 0.0569537, 0.178498, 0.398153], 
              [0.0616461, 0.0549694, 0.0200614, 0.863323], 
              [0.313884, 0.0397313, 0.316256, 0.330129], 
              [0.0491333, 0.0747807, 0.0882662, 0.78782], 
              [0.238744, 0.0549231, 0.078569, 0.627764], 
              [0.0828908, 0.134397, 0.197018, 0.585694]
            ]
          }, {
            "db": 0,
            "id": "FOXJ2_HUMAN.H11MO.0.C",
            "len": 10,
            "nsites": 41,
            "evalue": "1.0e+000",
            "url": "http://hocomoco.autosome.ru/motif/FOXJ2_HUMAN.H11MO.0.C",
            "pwm": [
              [0.000708516, 0.024197, 0.000508029, 0.974587], 
              [0.308665, 0.000508029, 0.642741, 0.0480864], 
              [0.000708516, 0.000508029, 0.024197, 0.974587], 
              [0.000708516, 0.000508029, 0.000508029, 0.998275], 
              [0.000708516, 0.000508029, 0.000508029, 0.998275], 
              [0.548186, 0.000508029, 0.450598, 0.000708516], 
              [0.000708516, 0.192652, 0.000508029, 0.806132], 
              [0.119153, 0.21634, 0.000508029, 0.663998], 
              [0.000708516, 0.024197, 0.237397, 0.737697], 
              [0.465275, 0.0834193, 0.130797, 0.320509]
            ]
          }, {
            "db": 0,
            "id": "FOXJ3_HUMAN.H11MO.0.A",
            "len": 13,
            "nsites": 626,
            "evalue": "1.0e+000",
            "url": "http://hocomoco.autosome.ru/motif/FOXJ3_HUMAN.H11MO.0.A",
            "pwm": [
              [0.194111, 0.146481, 0.164697, 0.49471], 
              [4.65101e-05, 3.33493e-05, 3.33493e-05, 0.999887], 
              [0.0829683, 3.33493e-05, 0.914268, 0.00273063], 
              [0.00112016, 3.33493e-05, 3.33493e-05, 0.998813], 
              [4.65101e-05, 3.33493e-05, 3.33493e-05, 0.999887], 
              [0.00887931, 3.33493e-05, 0.175698, 0.815389], 
              [0.818158, 3.33493e-05, 0.0369544, 0.144854], 
              [4.65101e-05, 0.0711346, 3.33493e-05, 0.928786], 
              [0.11331, 3.33493e-05, 0.430175, 0.456482], 
              [0.0440612, 3.33493e-05, 0.325661, 0.630245], 
              [0.0528197, 3.33493e-05, 0.0291501, 0.917997], 
              [0.00591122, 0.0101672, 0.0168382, 0.967083], 
              [0.35851, 0.0704009, 0.138469, 0.43262]
            ]
          }, {
            "db": 0,
            "id": "FOXJ3_HUMAN.H11MO.1.B",
            "len": 13,
            "nsites": 613,
            "evalue": "1.0e+000",
            "url": "http://hocomoco.autosome.ru/motif/FOXJ3_HUMAN.H11MO.1.B",
            "pwm": [
              [0.126265, 0.100128, 0.122347, 0.65126], 
              [0.0348007, 3.40564e-05, 0.390458, 0.574707], 
              [0.0300393, 3.40564e-05, 0.51609, 0.453837], 
              [4.74963e-05, 3.40564e-05, 3.40564e-05, 0.999884], 
              [0.0547374, 3.40564e-05, 0.11534, 0.829889], 
              [0.396792, 3.40564e-05, 0.115349, 0.487824], 
              [0.356264, 0.0774995, 3.40564e-05, 0.566202], 
              [4.74963e-05, 3.40564e-05, 3.40564e-05, 0.999884], 
              [0.163665, 3.40564e-05, 0.836254, 4.74963e-05], 
              [4.74963e-05, 3.40564e-05, 3.40564e-05, 0.999884], 
              [4.74963e-05, 3.40564e-05, 3.40564e-05, 0.999884], 
              [4.74963e-05, 3.40564e-05, 0.012709, 0.987209], 
              [0.645558, 0.104693, 0.11695, 0.132798]
            ]
          }, {
            "db": 0,
            "id": "FOXK1_HUMAN.H11MO.0.A",
            "len": 10,
            "nsites": 500,
            "evalue": "1.0e+000",
            "url": "http://hocomoco.autosome.ru/motif/FOXK1_HUMAN.H11MO.0.A",
            "pwm": [
              [0.0200542, 0.00804015, 0.0100398, 0.961866], 
              [0.076043, 0.0200378, 0.895863, 0.00805663], 
              [0.00605703, 0.0860246, 0.0200378, 0.887881], 
              [0.00205783, 0.0100398, 0.100022, 0.887881], 
              [0.0200542, 0.0200378, 0.166009, 0.793899], 
              [0.49196, 0.251991, 0.0620294, 0.194019], 
              [0.0240534, 0.655911, 0.0400338, 0.280002], 
              [0.303997, 0.233995, 0.11002, 0.351988], 
              [0.154027, 0.211999, 0.150012, 0.483961], 
              [0.116035, 0.227996, 0.144013, 0.511956]
            ]
          }, {
            "db": 0,
            "id": "FOXL1_HUMAN.H11MO.0.D",
            "len": 19,
            "nsites": 1207,
            "evalue": "1.0e+000",
            "url": "http://hocomoco.autosome.ru/motif/FOXL1_HUMAN.H11MO.0.D",
            "pwm": [
              [0.160533, 0.16384, 0.222658, 0.452969], 
              [0.140236, 0.189107, 0.444264, 0.226393], 
              [0.191185, 0.0404033, 0.132359, 0.636053], 
              [0.0629849, 0.0240418, 0.0414389, 0.871534], 
              [0.000645448, 0.000638621, 0.000638621, 0.998077], 
              [0.0874237, 0.000431514, 0.905079, 0.00706579], 
              [0.00830844, 1.72977e-05, 1.72977e-05, 0.991657], 
              [2.41239e-05, 1.72977e-05, 1.72977e-05, 0.999941], 
              [2.41239e-05, 1.72977e-05, 1.72977e-05, 0.999941], 
              [0.470573, 1.72977e-05, 0.529385, 2.41239e-05], 
              [2.41239e-05, 1.72977e-05, 1.72977e-05, 0.999941], 
              [2.41239e-05, 1.72977e-05, 1.72977e-05, 0.999941], 
              [2.41239e-05, 1.72977e-05, 1.72977e-05, 0.999941], 
              [0.985858, 1.72977e-05, 0.0116153, 0.00250942], 
              [0.000852556, 0.511988, 0.000845729, 0.486314], 
              [0.414861, 0.0188641, 0.0213494, 0.544925], 
              [0.103992, 0.0145149, 0.018657, 0.862836], 
              [0.226186, 0.0174144, 0.0149291, 0.741471], 
              [0.193256, 0.125318, 0.083896, 0.597531]
            ]
          }, {
            "db": 0,
            "id": "FOXM1_HUMAN.H11MO.0.A",
            "len": 12,
            "nsites": 500,
            "evalue": "1.0e+000",
            "url": "http://hocomoco.autosome.ru/motif/FOXM1_HUMAN.H11MO.0.A",
            "pwm": [
              [0.056047, 0.024037, 0.034035, 0.885881], 
              [0.252008, 0.0220374, 0.715899, 0.0100562], 
              [0.026053, 0.0300358, 0.0560306, 0.887881], 
              [5.82283e-05, 0.0680282, 0.0620294, 0.869884], 
              [0.00205783, 0.00204135, 0.0720274, 0.923873], 
              [0.319994, 0.054031, 0.587924, 0.0380506], 
              [0.0740434, 0.745893, 0.0180382, 0.162026], 
              [0.246009, 0.16001, 0.0380342, 0.555947], 
              [0.0480486, 0.289984, 0.142013, 0.519954], 
              [0.359986, 0.0380342, 0.0280362, 0.573943], 
              [0.108037, 0.16001, 0.445953, 0.286001], 
              [0.166025, 0.341973, 0.25799, 0.234011]
            ]
          }, {
            "db": 0,
            "id": "FOXO1_HUMAN.H11MO.0.A",
            "len": 12,
            "nsites": 500,
            "evalue": "1.0e+000",
            "url": "http://hocomoco.autosome.ru/motif/FOXO1_HUMAN.H11MO.0.A",
            "pwm": [
              [0.186021, 0.16001, 0.25999, 0.393979], 
              [0.096039, 0.30998, 0.255991, 0.337991], 
              [0.0600462, 0.451951, 0.253991, 0.234011], 
              [0.0400502, 0.477946, 0.170008, 0.311996], 
              [0.00605703, 0.0120394, 0.014039, 0.967865], 
              [0.0320518, 0.034035, 0.917858, 0.016055], 
              [0.00405743, 0.186005, 0.0160386, 0.793899], 
              [0.0100562, 0.0300358, 0.0620294, 0.897879], 
              [0.0120558, 0.0400338, 0.221997, 0.725913], 
              [0.403977, 0.223997, 0.0520314, 0.319994], 
              [0.00605703, 0.691903, 0.0520314, 0.250008], 
              [0.226013, 0.263989, 0.176007, 0.333991]
            ]
          }, {
            "db": 0,
            "id": "FOXO3_HUMAN.H11MO.0.B",
            "len": 10,
            "nsites": 500,
            "evalue": "1.0e+000",
            "url": "http://hocomoco.autosome.ru/motif/FOXO3_HUMAN.H11MO.0.B",
            "pwm": [
              [0.112036, 0.393963, 0.261989, 0.232012], 
              [0.0580466, 0.365969, 0.188004, 0.387981], 
              [0.0200542, 0.00604055, 4.17517e-05, 0.973863], 
              [0.0520478, 0.00404095, 0.941853, 0.00205783], 
              [5.82283e-05, 0.00604055, 0.00604055, 0.987861], 
              [0.00405743, 0.00204135, 0.0300358, 0.963865], 
              [0.00205783, 0.0100398, 0.140014, 0.847889], 
              [0.779902, 0.0580302, 0.0200378, 0.14203], 
              [0.00205783, 0.861869, 0.00804015, 0.128033], 
              [0.383981, 0.25999, 0.0460326, 0.309996]
            ]
          }, {
            "db": 0,
            "id": "FOXO4_HUMAN.H11MO.0.C",
            "len": 9,
            "nsites": 28,
            "evalue": "1.0e+000",
            "url": "http://hocomoco.autosome.ru/motif/FOXO4_HUMAN.H11MO.0.C",
            "pwm": [
              [0.0370522, 0.108791, 0.108791, 0.745366], 
              [0.0010363, 0.000743061, 0.000743061, 0.997478], 
              [0.0010363, 0.000743061, 0.997184, 0.0010363], 
              [0.0010363, 0.000743061, 0.000743061, 0.997478], 
              [0.0010363, 0.000743061, 0.000743061, 0.997478], 
              [0.0010363, 0.000743061, 0.148809, 0.849412], 
              [0.70935, 0.000743061, 0.036759, 0.253148], 
              [0.0370522, 0.348897, 0.180823, 0.433228], 
              [0.0010363, 0.108791, 0.360903, 0.52927]
            ]
          }, {
            "db": 0,
            "id": "FOXP1_HUMAN.H11MO.0.A",
            "len": 9,
            "nsites": 295,
            "evalue": "1.0e+000",
            "url": "http://hocomoco.autosome.ru/motif/FOXP1_HUMAN.H11MO.0.A",
            "pwm": [
              [0.0577063, 0.139007, 0.176282, 0.627005], 
              [0.0136534, 0.281331, 0.311829, 0.393186], 
              [0.00687604, 0.0204028, 0.0305689, 0.942152], 
              [0.0204308, 0.0407349, 0.840464, 0.0983705], 
              [9.86784e-05, 0.0170142, 0.0576783, 0.925209], 
              [0.00687604, 0.0949538, 0.0407349, 0.857435], 
              [0.0102647, 0.0136255, 0.0813991, 0.894711], 
              [0.525344, 0.345716, 0.0373463, 0.0915931], 
              [0.0170421, 0.484652, 0.0102368, 0.488069]
            ]
          }, {
            "db": 0,
            "id": "FOXP2_HUMAN.H11MO.0.C",
            "len": 9,
            "nsites": 500,
            "evalue": "1.0e+000",
            "url": "http://hocomoco.autosome.ru/motif/FOXP2_HUMAN.H11MO.0.C",
            "pwm": [
              [0.0720438, 0.399962, 0.215999, 0.311996], 
              [0.00605703, 0.00404095, 0.014039, 0.975863], 
              [0.0400502, 0.00804015, 0.947852, 0.00405743], 
              [0.00605703, 0.014039, 0.0120394, 0.967865], 
