<!DOCTYPE HTML>
<html>
  <head>
    <meta charset="UTF-8">
    <title>TOMTOM</title>
    <script>
      // @JSON_VAR data
      var data = {
        "program": "Tomtom",
        "version": "4.12.0",
        "release": "Tue Jun 27 16:22:50 2017 -0700",
        "cmd": [
          "tomtom", "-verbosity", "1", "-oc",
          "results/AHRpeaks_oneAHRE.bed-399.fa/jaspar/dreme_tomtom_out",
          "-min-overlap", "5", "-dist", "pearson", "-evalue", "-thresh", "1",
          "-no-ssc", "-bfile",
          "results/AHRpeaks_oneAHRE.bed-399.fa/jaspar/background",
          "results/AHRpeaks_oneAHRE.bed-399.fa/jaspar/dreme_out/dreme.xml",
          "/Users/filipov4/meme/db/motif_databases/JASPAR/JASPAR2018_CORE_non-redundant.meme"
        ],
        "options": {
          "strands": "both",
          "distance_measure": "pearson",
          "threshold_type": "evalue",
          "threshold_value": 1,
          "background_source": "file",
          "background_file": "results/AHRpeaks_oneAHRE.bed-399.fa/jaspar/background"
        },
        "alphabet": {
          "name": "DNA",
          "like": "dna",
          "ncore": 4,
          "symbols": [
            {
              "symbol": "A",
              "name": "Adenine",
              "colour": "CC0000",
              "complement": "T"
            }, {
              "symbol": "C",
              "name": "Cytosine",
              "colour": "0000CC",
              "complement": "G"
            }, {
              "symbol": "G",
              "name": "Guanine",
              "colour": "FFB300",
              "complement": "C"
            }, {
              "symbol": "T",
              "aliases": "U",
              "name": "Thymine",
              "colour": "008000",
              "complement": "A"
            }, {
              "symbol": "N",
              "aliases": "X.",
              "name": "Any base",
              "equals": "ACGT"
            }, {
              "symbol": "V",
              "name": "Not T",
              "equals": "ACG"
            }, {
              "symbol": "H",
              "name": "Not G",
              "equals": "ACT"
            }, {
              "symbol": "D",
              "name": "Not C",
              "equals": "AGT"
            }, {
              "symbol": "B",
              "name": "Not A",
              "equals": "CGT"
            }, {
              "symbol": "M",
              "name": "Amino",
              "equals": "AC"
            }, {
              "symbol": "R",
              "name": "Purine",
              "equals": "AG"
            }, {
              "symbol": "W",
              "name": "Weak",
              "equals": "AT"
            }, {
              "symbol": "S",
              "name": "Strong",
              "equals": "CG"
            }, {
              "symbol": "Y",
              "name": "Pyrimidine",
              "equals": "CT"
            }, {
              "symbol": "K",
              "name": "Keto",
              "equals": "GT"
            }
          ]
        },
        "background": [0.2732, 0.2268, 0.2268, 0.2732],
        "query_dbs": [
          {
            "source": "results/AHRpeaks_oneAHRE.bed-399.fa/jaspar/dreme_out/dreme.xml",
            "name": "dreme",
            "loaded": 6,
            "excluded": 0,
            "last_modified": "Thu May 24 15:46:36 2018"
          }
        ],
        "target_dbs": [
          {
            "source": "/Users/filipov4/meme/db/motif_databases/JASPAR/JASPAR2018_CORE_non-redundant.meme",
            "name": "JASPAR2018 CORE non-redundant",
            "loaded": 1404,
            "excluded": 0,
            "last_modified": "Thu Dec  7 14:38:42 2017"
          }
        ],
        "queries": [
          {
            "db": 0,
            "id": "AAAYA",
            "alt": "DREME-2",
            "len": 5,
            "nsites": 768,
            "evalue": "3.4e-007",
            "pwm": [
              [0.999905, 2.95274e-05, 2.95274e-05, 3.55683e-05], 
              [0.999905, 2.95274e-05, 2.95274e-05, 3.55683e-05], 
              [0.999905, 2.95274e-05, 2.95274e-05, 3.55683e-05], 
              [3.55683e-05, 0.563758, 2.95274e-05, 0.436177], 
              [0.999905, 2.95274e-05, 2.95274e-05, 3.55683e-05]
            ]
          }, {
            "db": 0,
            "id": "CACMCAC",
            "alt": "DREME-5",
            "len": 7,
            "nsites": 73,
            "evalue": "3.2e-002",
            "pwm": [
              [0.000373735, 0.998942, 0.00031026, 0.000373735], 
              [0.999006, 0.00031026, 0.00031026, 0.000373735], 
              [0.000373735, 0.998942, 0.00031026, 0.000373735], 
              [0.643329, 0.355987, 0.00031026, 0.000373735], 
              [0.000373735, 0.998942, 0.00031026, 0.000373735], 
              [0.999006, 0.00031026, 0.00031026, 0.000373735], 
              [0.000373735, 0.998942, 0.00031026, 0.000373735]
            ]
          }, {
            "db": 0,
            "id": "CCCAGGSC",
            "alt": "DREME-6",
            "len": 8,
            "nsites": 27,
            "evalue": "4.0e-002",
            "pwm": [
              [0.00100812, 0.997147, 0.000836901, 0.00100812], 
              [0.00100812, 0.997147, 0.000836901, 0.00100812], 
              [0.00100812, 0.997147, 0.000836901, 0.00100812], 
              [0.997318, 0.000836901, 0.000836901, 0.00100812], 
              [0.00100812, 0.000836901, 0.997147, 0.00100812], 
              [0.00100812, 0.000836901, 0.997147, 0.00100812], 
              [0.00100812, 0.480541, 0.517443, 0.00100812], 
              [0.00100812, 0.997147, 0.000836901, 0.00100812]
            ]
          }, {
            "db": 0,
            "id": "DCACGC",
            "alt": "DREME-1",
            "len": 6,
            "nsites": 186,
            "evalue": "2.5e-029",
            "pwm": [
              [0.268819, 0.00012187, 0.419252, 0.311807], 
              [0.000146803, 0.999585, 0.00012187, 0.000146803], 
              [0.999609, 0.00012187, 0.00012187, 0.000146803], 
              [0.000146803, 0.999585, 0.00012187, 0.000146803], 
              [0.000146803, 0.00012187, 0.999585, 0.000146803], 
              [0.000146803, 0.999585, 0.00012187, 0.000146803]
            ]
          }, {
            "db": 0,
            "id": "GATAA",
            "alt": "DREME-4",
            "len": 5,
            "nsites": 217,
            "evalue": "1.2e-003",
            "pwm": [
              [0.000125841, 0.000104468, 0.999644, 0.000125841], 
              [0.999665, 0.000104468, 0.000104468, 0.000125841], 
              [0.000125841, 0.000104468, 0.000104468, 0.999665], 
              [0.999665, 0.000104468, 0.000104468, 0.000125841], 
              [0.999665, 0.000104468, 0.000104468, 0.000125841]
            ]
          }, {
            "db": 0,
            "id": "RTGASTCA",
            "alt": "DREME-3",
            "len": 8,
            "nsites": 54,
            "evalue": "1.6e-004",
            "pwm": [
              [0.518066, 0.000419224, 0.48101, 0.000504991], 
              [0.000504991, 0.000419224, 0.000419224, 0.998657], 
              [0.000504991, 0.000419224, 0.998571, 0.000504991], 
              [0.998657, 0.000419224, 0.000419224, 0.000504991], 
              [0.000504991, 0.51798, 0.48101, 0.000504991], 
              [0.000504991, 0.000419224, 0.000419224, 0.998657], 
              [0.000504991, 0.998571, 0.000419224, 0.000504991], 
              [0.998657, 0.000419224, 0.000419224, 0.000504991]
            ]
          }
        ],
        "targets": [
          {
            "db": 0,
            "id": "MA0006.1",
            "alt": "Ahr::Arnt",
            "len": 6,
            "nsites": 24,
            "url": "http://jaspar2018.genereg.net/matrix/MA0006.1",
            "pwm": [
              [0.125615, 0.332891, 0.0839283, 0.457565], 
              [0.00113361, 0.000941079, 0.955298, 0.0426277], 
              [0.00113361, 0.955298, 0.000941079, 0.0426277], 
              [0.00113361, 0.000941079, 0.955298, 0.0426277], 
              [0.00113361, 0.000941079, 0.000941079, 0.996984], 
              [0.00113361, 0.000941079, 0.996792, 0.00113361]
            ]
          }, {
            "db": 0,
            "id": "MA0032.2",
            "alt": "FOXC1",
            "len": 11,
            "nsites": 19566,
            "url": "http://jaspar2018.genereg.net/matrix/MA0032.2",
            "pwm": [
              [0.329756, 0.039457, 0.0155381, 0.615249], 
              [0.695237, 0.035336, 0.202155, 0.0672731], 
              [0.344387, 0.0876137, 0.105678, 0.462323], 
              [0.257364, 0.0178011, 0.722131, 0.00270338], 
              [0.108395, 0.0717428, 0.0169381, 0.802924], 
              [0.706923, 0.289518, 0.00113315, 0.00242638], 
              [0.991151, 0.00579113, 1.15915e-06, 0.00305738], 
              [0.983558, 0.00298014, 0.00750212, 0.00595937], 
              [0.00649836, 0.467699, 0.00878811, 0.517014], 
              [0.966337, 0.00141215, 0.022632, 0.00961835], 
              [0.31682, 0.0736508, 0.0523319, 0.557199]
            ]
          }, {
            "db": 0,
            "id": "MA0033.2",
            "alt": "FOXL1",
            "len": 7,
            "nsites": 4933,
            "url": "http://jaspar2018.genereg.net/matrix/MA0033.2",
            "pwm": [
              [0.426107, 0.00263954, 0.542869, 0.028385], 
              [0.0019265, 0.079911, 4.59752e-06, 0.918158], 
              [0.874645, 0.114915, 0.0104344, 5.5381e-06], 
              [0.989019, 0.00786744, 4.59752e-06, 0.00310948], 
              [0.973113, 0.0166983, 0.0101834, 5.5381e-06], 
              [5.5381e-06, 0.778859, 4.59752e-06, 0.221131], 
              [0.98535, 0.0111364, 4.59752e-06, 0.00350947]
            ]
          }, {
            "db": 0,
            "id": "MA0035.3",
            "alt": "Gata1",
            "len": 11,
            "nsites": 17955,
            "url": "http://jaspar2018.genereg.net/matrix/MA0035.3",
            "pwm": [
              [0.11334, 0.240657, 0.140908, 0.505095], 
              [0.0281834, 0.35678, 0.1555, 0.459537], 
              [1.52157e-06, 0.828123, 0.0243401, 0.147537], 
              [1.52157e-06, 0.03882, 1.26315e-06, 0.961177], 
              [1.52157e-06, 1.26315e-06, 1.26315e-06, 0.999996], 
              [0.999996, 1.26315e-06, 1.26315e-06, 1.52157e-06], 
              [1.52157e-06, 1.26315e-06, 1.26315e-06, 0.999996], 
              [1.52157e-06, 0.999996, 1.26315e-06, 1.52157e-06], 
              [0.120636, 1.26315e-06, 1.26315e-06, 0.879362], 
              [0.139349, 0.343413, 0.37243, 0.144807], 
              [0.105041, 0.282484, 0.0890008, 0.523474]
            ]
          }, {
            "db": 0,
            "id": "MA0036.3",
            "alt": "GATA2",
            "len": 11,
            "nsites": 14213,
            "url": "http://jaspar2018.genereg.net/matrix/MA0036.3",
            "pwm": [
              [0.232393, 0.209526, 0.225216, 0.332864], 
              [0.139732, 0.288398, 0.208682, 0.363188], 
              [0.0661385, 0.746285, 0.086049, 0.101528], 
              [0.0312407, 0.0182245, 0.0105555, 0.93998], 
              [0.0293407, 0.00239358, 0.00147959, 0.966786], 
              [0.991904, 0.000986589, 0.00302657, 0.00408289], 
              [0.0102039, 0.00541956, 0.00337857, 0.980998], 
              [0.00675587, 0.969952, 0.00886653, 0.0144248], 
              [0.166961, 0.0346174, 0.0258224, 0.772599], 
              [0.204883, 0.26131, 0.257229, 0.276578], 
              [0.230634, 0.272567, 0.155914, 0.340885]
            ]
          }, {
            "db": 0,
            "id": "MA0037.3",
            "alt": "GATA3",
            "len": 8,
            "nsites": 1000,
            "url": "http://jaspar2018.genereg.net/matrix/MA0037.3",
            "pwm": [
              [0.501977, 0.226, 0.00102258, 0.271], 
              [2.73173e-05, 2.26777e-05, 0.999923, 2.73173e-05], 
              [0.999927, 2.26777e-05, 2.26777e-05, 2.73173e-05], 
              [2.73173e-05, 2.26777e-05, 2.26777e-05, 0.999927], 
              [0.914851, 0.00202448, 2.26777e-05, 0.083102], 
              [0.861941, 0.0150212, 0.0760151, 0.0470226], 
              [0.114016, 0.300993, 0.475975, 0.109016], 
              [0.422985, 0.188004, 0.320991, 0.0680205]
            ]
          }, {
            "db": 0,
            "id": "MA0042.2",
            "alt": "FOXI1",
            "len": 7,
            "nsites": 5832,
            "url": "http://jaspar2018.genereg.net/matrix/MA0042.2",
            "pwm": [
              [0.10597, 0.00669077, 0.887335, 4.68442e-06], 
              [0.0138514, 0.0112317, 0.00655278, 0.968364], 
              [0.899676, 0.0938823, 0.00643678, 4.68442e-06], 
              [0.995563, 0.00442881, 3.88882e-06, 4.68442e-06], 
              [0.977694, 0.00434881, 0.00548279, 0.0124735], 
              [0.0253672, 0.836016, 0.00775776, 0.130858], 
              [0.992889, 0.00230585, 0.00480081, 4.68442e-06]
            ]
          }, {
            "db": 0,
            "id": "MA0099.3",
            "alt": "FOS::JUN",
            "len": 10,
            "nsites": 1000,
            "url": "http://jaspar2018.genereg.net/matrix/MA0099.3",
            "pwm": [
              [0.591968, 0.111012, 0.256997, 0.0400233], 
              [0.00302702, 0.00502218, 0.00202248, 0.989928], 
              [0.00702662, 0.00102258, 0.82394, 0.168011], 
              [0.819945, 0.13101, 0.00402228, 0.0450228], 
              [0.0780195, 0.180005, 0.687954, 0.0540219], 
              [0.00502682, 0.00202248, 0.00202248, 0.990928], 
              [0.0300243, 0.962926, 0.00302238, 0.00402692], 
              [0.991928, 0.00202248, 0.00202248, 0.00402692], 
              [0.0240249, 0.312991, 0.0950132, 0.567971], 
              [0.277, 0.396983, 0.164006, 0.162011]
            ]
          }, {
            "db": 0,
            "id": "MA0150.2",
            "alt": "Nfe2l2",
            "len": 15,
            "nsites": 726,
            "url": "http://jaspar2018.genereg.net/matrix/MA0150.2",
            "pwm": [
              [0.228656, 0.465532, 0.150149, 0.155663], 
              [0.552304, 0.107454, 0.219009, 0.121233], 
              [0.162549, 0.329187, 0.378767, 0.129497], 
              [0.279613, 0.340204, 0.209368, 0.170813], 
              [0.672121, 0.0385929, 0.282361, 0.00692368], 
              [3.76257e-05, 3.12354e-05, 3.12354e-05, 0.9999], 
              [3.76257e-05, 3.12354e-05, 0.979235, 0.0206958], 
              [0.9999, 3.12354e-05, 3.12354e-05, 3.76257e-05], 
              [0.0275818, 0.73409, 0.162543, 0.0757852], 
              [0.115724, 0.0275754, 0.0220672, 0.834634], 
              [0.0895573, 0.756125, 0.0633835, 0.0909341], 
              [0.794694, 0.00416267, 0.123981, 0.077162], 
              [0.0138097, 0.0151811, 0.961332, 0.0096783], 
              [0.00554687, 0.962709, 0.0261986, 0.00554687], 
              [0.858046, 0.0358393, 0.0427254, 0.0633899]
            ]
          }, {
            "db": 0,
            "id": "MA0272.1",
            "alt": "ARG81",
            "len": 8,
            "nsites": 198,
            "url": "http://jaspar2018.genereg.net/matrix/MA0272.1",
            "pwm": [
              [0.297967, 0.0606899, 0.419095, 0.222248], 
              [0.0367044, 0.000114488, 0.0244922, 0.938688], 
              [0.0773189, 0.000114488, 0.922429, 0.00013791], 
              [0.999633, 0.000114488, 0.000114488, 0.00013791], 
              [0.00013791, 0.995936, 0.000114488, 0.00381205], 
              [0.00619585, 0.000114488, 0.000114488, 0.993575], 
              [0.00013791, 0.99961, 0.000114488, 0.00013791], 
              [0.317182, 0.317158, 0.0216086, 0.34405]
            ]
          }, {
            "db": 0,
            "id": "MA0289.1",
            "alt": "DAL80",
            "len": 7,
            "nsites": 101,
            "url": "http://jaspar2018.genereg.net/matrix/MA0289.1",
            "pwm": [
              [0.109074, 0.662934, 0.0595716, 0.168421], 
              [0.000270227, 0.000224332, 0.999235, 0.000270227], 
              [0.999281, 0.000224332, 0.000224332, 0.000270227], 
              [0.000270227, 0.000224332, 0.000224332, 0.999281], 
              [0.999281, 0.000224332, 0.000224332, 0.000270227], 
              [0.908462, 0.0103153, 0.0103153, 0.0709073], 
              [0.0302406, 0.190036, 0.749482, 0.0302406]
            ]
          }, {
            "db": 0,
            "id": "MA0300.1",
            "alt": "GAT1",
            "len": 8,
            "nsites": 101,
            "url": "http://jaspar2018.genereg.net/matrix/MA0300.1",
            "pwm": [
              [0.128856, 0.435437, 0.188157, 0.24755], 
              [0.170102, 0.419809, 0.0501749, 0.359914], 
              [0.000270227, 0.000224332, 0.999235, 0.000270227], 
              [0.999281, 0.000224332, 0.000224332, 0.000270227], 
              [0.000270227, 0.000224332, 0.000224332, 0.999281], 
              [0.999281, 0.000224332, 0.000224332, 0.000270227], 
              [0.999281, 0.000224332, 0.000224332, 0.000270227], 
              [0.0305433, 0.0910434, 0.84787, 0.0305433]
            ]
          }, {
            "db": 0,
            "id": "MA0303.1",
            "alt": "GCN4",
            "len": 21,
            "nsites": 998,
            "url": "http://jaspar2018.genereg.net/matrix/MA0303.1",
            "pwm": [
              [0.218442, 0.295584, 0.245489, 0.240484], 
              [0.371733, 0.217436, 0.268533, 0.142298], 
              [0.362716, 0.213428, 0.150309, 0.273547], 
              [0.282564, 0.119249, 0.325641, 0.272545], 
              [0.275551, 0.17736, 0.316624, 0.230465], 
              [0.169179, 0.140149, 0.365351, 0.32532], 
              [0.536046, 0.0350892, 0.413809, 0.0150559], 
              [0.0110483, 0.00803792, 0.00603412, 0.97488], 
              [0.00203117, 0.00503222, 0.935801, 0.0571356], 
              [0.96987, 0.0130474, 0.00403032, 0.0130521], 
              [0.00203117, 0.433847, 0.563092, 0.00102927], 
              [0.0130521, 0.00403032, 0.0130474, 0.96987], 
              [0.0571356, 0.935801, 0.00503222, 0.00203117], 
              [0.97488, 0.00603412, 0.00803792, 0.0110483], 
              [0.0150559, 0.413809, 0.0350892, 0.536046], 
              [0.376366, 0.290284, 0.131141, 0.202209], 
              [0.207214, 0.354341, 0.194197, 0.244247], 
              [0.284568, 0.216434, 0.202407, 0.296591], 
              [0.226458, 0.234468, 0.17736, 0.361714], 
              [0.254511, 0.329649, 0.232464, 0.183376], 
              [0.337669, 0.169345, 0.195394, 0.297593]
            ]
          }, {
            "db": 0,
            "id": "MA0307.1",
            "alt": "GLN3",
            "len": 5,
            "nsites": 100,
            "url": "http://jaspar2018.genereg.net/matrix/MA0307.1",
            "pwm": [
              [0.000272927, 0.000226573, 0.999228, 0.000272927], 
              [0.999274, 0.000226573, 0.000226573, 0.000272927], 
              [0.000272927, 0.000226573, 0.000226573, 0.999274], 
              [0.739534, 0.000226573, 0.000226573, 0.260013], 
              [0.609664, 0.000226573, 0.269957, 0.120153]
            ]
          }, {
            "db": 0,
            "id": "MA0309.1",
            "alt": "GZF3",
            "len": 8,
            "nsites": 100,
            "url": "http://jaspar2018.genereg.net/matrix/MA0309.1",
            "pwm": [
              [0.180093, 0.389837, 0.0202066, 0.409863], 
              [0.000272927, 0.000226573, 0.999228, 0.000272927], 
              [0.999274, 0.000226573, 0.000226573, 0.000272927], 
              [0.000272927, 0.000226573, 0.000226573, 0.999274], 
              [0.999274, 0.000226573, 0.000226573, 0.000272927], 
              [0.729544, 0.0901367, 0.000226573, 0.180093], 
              [0.0398374, 0.376089, 0.583801, 0.000272927], 
              [0.389883, 0.180047, 0.269957, 0.160113]
            ]
          }, {
            "db": 0,
            "id": "MA0462.1",
            "alt": "BATF::JUN",
            "len": 11,
            "nsites": 10522,
            "url": "http://jaspar2018.genereg.net/matrix/MA0462.1",
            "pwm": [
              [0.29291, 0.0457157, 0.488118, 0.173257], 
              [0.454474, 0.0525587, 0.274568, 0.218401], 
              [0.42948, 0.016159, 0.210891, 0.34347], 
              [0.784827, 0.140469, 2.15546e-06, 0.0747029], 
              [2.59644e-06, 2.15546e-06, 2.15546e-06, 0.999993], 
              [2.59644e-06, 2.15546e-06, 0.985927, 0.0140685], 
              [0.999993, 2.15546e-06, 2.15546e-06, 2.59644e-06], 
              [0.0556951, 0.477664, 0.466639, 2.59644e-06], 
              [2.59644e-06, 2.15546e-06, 2.15546e-06, 0.999993], 
              [0.122696, 0.816379, 0.0609216, 2.59644e-06], 
              [0.975473, 2.15546e-06, 2.15546e-06, 0.0245224]
            ]
          }, {
            "db": 0,
            "id": "MA0476.1",
            "alt": "FOS",
            "len": 11,
            "nsites": 29396,
            "url": "http://jaspar2018.genereg.net/matrix/MA0476.1",
            "pwm": [
              [0.26803, 0.0242217, 0.329501, 0.378249], 
              [0.254286, 0.346204, 0.368792, 0.0307188], 
              [9.29375e-07, 7.71531e-07, 7.71531e-07, 0.999998], 
              [9.29375e-07, 7.71531e-07, 0.922164, 0.0778347], 
              [0.999998, 7.71531e-07, 7.71531e-07, 9.29375e-07], 
              [0.0339508, 0.478942, 0.381207, 0.1059], 
              [9.29375e-07, 7.71531e-07, 7.71531e-07, 0.999998], 
              [9.29375e-07, 0.999997, 7.71531e-07, 9.29375e-07], 
              [0.999998, 7.71531e-07, 7.71531e-07, 9.29375e-07], 
              [0.0087779, 0.198088, 0.0523206, 0.740813], 
              [0.136277, 0.280174, 0.268642, 0.314907]
            ]
          }, {
            "db": 0,
            "id": "MA0477.1",
            "alt": "FOSL1",
            "len": 11,
            "nsites": 5272,
            "url": "http://jaspar2018.genereg.net/matrix/MA0477.1",
            "pwm": [
              [0.339718, 0.0225759, 0.452196, 0.18551], 
              [0.29742, 0.0828937, 0.589712, 0.0299746], 
              [5.18199e-06, 4.30189e-06, 4.30189e-06, 0.999986], 
              [5.18199e-06, 4.30189e-06, 0.999985, 5.18199e-06], 
              [0.999986, 4.30189e-06, 4.30189e-06, 5.18199e-06], 
              [0.0235247, 0.591799, 0.384671, 5.18199e-06], 
              [5.18199e-06, 4.30189e-06, 4.30189e-06, 0.999986], 
              [0.0335785, 0.966412, 4.30189e-06, 5.18199e-06], 
              [0.999986, 4.30189e-06, 4.30189e-06, 5.18199e-06], 
              [0.00702305, 0.153833, 0.328905, 0.510239], 
              [0.224584, 0.319421, 0.355651, 0.100344]
            ]
          }, {
            "db": 0,
            "id": "MA0478.1",
            "alt": "FOSL2",
            "len": 11,
            "nsites": 5318,
            "url": "http://jaspar2018.genereg.net/matrix/MA0478.1",
            "pwm": [
              [0.15664, 0.186913, 0.39225, 0.264197], 
              [0.286762, 0.111322, 0.509021, 0.0928954], 
              [0.537979, 0.0103461, 0.437755, 0.0139199], 
              [5.13717e-06, 4.26468e-06, 4.26468e-06, 0.999986], 
              [5.13717e-06, 4.26468e-06, 0.999985, 5.13717e-06], 
              [0.954293, 0.00959408, 0.0361076, 5.13717e-06], 
              [5.13717e-06, 0.617894, 0.345617, 0.0364845], 
              [5.13717e-06, 4.26468e-06, 4.26468e-06, 0.999986], 
              [0.0385524, 0.961438, 4.26468e-06, 5.13717e-06], 
              [0.999986, 4.26468e-06, 4.26468e-06, 5.13717e-06], 
              [5.13717e-06, 0.263068, 0.36348, 0.373447]
            ]
          }, {
            "db": 0,
            "id": "MA0482.1",
            "alt": "Gata4",
            "len": 11,
            "nsites": 2746,
            "url": "http://jaspar2018.genereg.net/matrix/MA0482.1",
            "pwm": [
              [0.00365182, 0.378363, 0.136201, 0.481784], 
              [9.94865e-06, 0.7884, 0.111439, 0.100152], 
              [9.94865e-06, 0.0324181, 8.25899e-06, 0.967564], 
              [9.94865e-06, 8.25899e-06, 8.25899e-06, 0.999974], 
              [0.985772, 0.0142097, 8.25899e-06, 9.94865e-06], 
              [9.94865e-06, 8.25899e-06, 8.25899e-06, 0.999974], 
              [9.94865e-06, 0.999972, 8.25899e-06, 9.94865e-06], 
              [0.199202, 8.25899e-06, 8.25899e-06, 0.800782], 
              [9.94865e-06, 0.451558, 0.342312, 0.20612], 
              [0.218866, 0.365618, 0.0571802, 0.358336], 
              [0.140573, 0.338306, 0.24836, 0.27276]
            ]
          }, {
            "db": 0,
            "id": "MA0489.1",
            "alt": "JUN(var.2)",
            "len": 14,
            "nsites": 10956,
            "url": "http://jaspar2018.genereg.net/matrix/MA0489.1",
            "pwm": [
              [0.44286, 0.114094, 0.257211, 0.185835], 
              [0.358433, 0.120848, 0.375136, 0.145583], 
              [0.340087, 0.102867, 0.395215, 0.16183], 
              [0.40124, 0.102411, 0.315899, 0.18045], 
              [0.378422, 0.0541276, 0.384537, 0.182914], 
              [0.541254, 0.0906362, 0.368108, 2.49359e-06], 
              [2.49359e-06, 2.07008e-06, 2.07008e-06, 0.999993], 
              [2.49359e-06, 2.07008e-06, 0.999993, 2.49359e-06], 
              [0.999719, 2.07008e-06, 2.07008e-06, 0.000276491], 
              [0.0348692, 0.520625, 0.37331, 0.0711958], 
              [0.0181663, 2.07008e-06, 2.07008e-06, 0.98183], 
              [0.0872597, 0.912736, 2.07008e-06, 2.49359e-06], 
              [0.999993, 2.07008e-06, 2.07008e-06, 2.49359e-06], 
              [0.0343212, 0.229007, 0.24142, 0.495252]
            ]
          }, {
            "db": 0,
            "id": "MA0490.1",
            "alt": "JUNB",
            "len": 11,
            "nsites": 16992,
            "url": "http://jaspar2018.genereg.net/matrix/MA0490.1",
            "pwm": [
              [0.212159, 0.198093, 0.352106, 0.237641], 
              [0.297493, 0.062207, 0.495937, 0.144363], 
              [0.493408, 0.0342521, 0.472339, 1.60781e-06], 
              [1.60781e-06, 1.33474e-06, 1.33474e-06, 0.999996], 
              [1.60781e-06, 1.33474e-06, 0.999995, 1.60781e-06], 
              [0.999996, 1.33474e-06, 1.33474e-06, 1.60781e-06], 
              [1.60781e-06, 0.580212, 0.369644, 0.0501423], 
              [1.60781e-06, 1.33474e-06, 1.33474e-06, 0.999996], 
              [0.0739182, 0.926079, 1.33474e-06, 1.60781e-06], 
              [0.999996, 1.33474e-06, 1.33474e-06, 1.60781e-06], 
              [0.0433164, 0.174317, 0.359992, 0.422374]
            ]
          }, {
            "db": 0,
            "id": "MA0491.1",
            "alt": "JUND",
            "len": 11,
            "nsites": 38710,
            "url": "http://jaspar2018.genereg.net/matrix/MA0491.1",
            "pwm": [
              [0.320046, 0.0196075, 0.352364, 0.307982], 
              [0.391708, 0.124619, 0.483672, 7.05759e-07], 
              [7.05759e-07, 5.85894e-07, 5.85894e-07, 0.999998], 
              [7.05759e-07, 5.85894e-07, 0.999998, 7.05759e-07], 
              [0.999998, 5.85894e-07, 5.85894e-07, 7.05759e-07], 
              [7.05759e-07, 0.590467, 0.363679, 0.0458546], 
              [7.05759e-07, 5.85894e-07, 5.85894e-07, 0.999998], 
              [0.0399646, 0.960034, 5.85894e-07, 7.05759e-07], 
              [0.999998, 5.85894e-07, 5.85894e-07, 7.05759e-07], 
              [7.05759e-07, 0.132679, 0.0594424, 0.807878], 
              [0.14947, 0.38636, 0.32108, 0.14309]
            ]
          }, {
            "db": 0,
            "id": "MA0501.1",
            "alt": "MAF::NFE2",
            "len": 15,
            "nsites": 1090,
            "url": "http://jaspar2018.genereg.net/matrix/MA0501.1",
            "pwm": [
              [0.666019, 0.0238716, 0.306415, 0.00369473], 
              [2.50619e-05, 2.08054e-05, 2.08054e-05, 0.999933], 
              [2.50619e-05, 2.08054e-05, 0.992591, 0.00736339], 
              [0.999933, 2.08054e-05, 2.08054e-05, 2.50619e-05], 
              [0.0147027, 0.799031, 0.152301, 0.0339669], 
              [0.100933, 0.000937721, 0.0110288, 0.8871], 
              [0.0734123, 0.859575, 0.020202, 0.0468098], 
              [0.897191, 2.08054e-05, 0.0468055, 0.0559829], 
              [0.00736339, 0.00369047, 0.954979, 0.0339669], 
              [2.50619e-05, 0.97516, 0.020202, 0.00461164], 
              [0.854075, 0.0156154, 0.0669867, 0.0633223], 
              [0.351369, 0.186243, 0.25963, 0.202758], 
              [0.331188, 0.0917554, 0.119276, 0.457781], 
              [0.26789, 0.0935902, 0.0834991, 0.55502], 
              [0.193585, 0.25963, 0.0972599, 0.449525]
            ]
          }, {
            "db": 0,
            "id": "MA0524.2",
            "alt": "TFAP2C",
            "len": 12,
            "nsites": 5834,
            "url": "http://jaspar2018.genereg.net/matrix/MA0524.2",
            "pwm": [
              [0.220947, 0.244601, 0.052797, 0.481655], 
              [0.102765, 0.198151, 0.68281, 0.0162734], 
              [0.0106495, 0.887154, 0.0944363, 0.00775955], 
              [0.00401261, 0.974269, 0.00150686, 0.0202113], 
              [0.00634557, 0.615931, 0.0658128, 0.31191], 
              [0.0884502, 0.364071, 0.22746, 0.32002], 
              [0.412237, 0.248543, 0.291737, 0.0474839], 
              [0.379775, 0.0584429, 0.558863, 0.00291763], 
              [0.0270582, 0.00199585, 0.968286, 0.00266064], 
              [0.0165124, 0.110353, 0.867627, 0.00550759], 
              [0.0323241, 0.742325, 0.149129, 0.0762214], 
              [0.597354, 0.0666807, 0.177409, 0.158555]
            ]
          }, {
            "db": 0,
            "id": "MA0538.1",
            "alt": "daf-12",
            "len": 15,
            "nsites": 156,
            "url": "http://jaspar2018.genereg.net/matrix/MA0538.1",
            "pwm": [
              [0.141111, 0.128268, 0.72404, 0.00658091], 
              [0.455011, 0.000145292, 0.0834249, 0.461417], 
              [0.211578, 0.000145292, 0.788102, 0.000175016], 
              [0.147517, 0.333265, 0.0385827, 0.480636], 
              [0.000175016, 0.000145292, 0.999505, 0.000175016], 
              [0.000175016, 0.333265, 0.000145292, 0.666415], 
              [0.000175016, 0.000145292, 0.999505, 0.000175016], 
              [0.0962674, 0.160299, 0.0898318, 0.653602], 
              [0.000175016, 0.128268, 0.621542, 0.250015], 
              [0.00658091, 0.000145292, 0.000145292, 0.993129], 
              [0.000175016, 0.00655119, 0.986692, 0.00658091], 
              [0.000175016, 0.506231, 0.102644, 0.390951], 
              [0.205172, 0.000145292, 0.538262, 0.256421], 
              [0.109079, 0.128268, 0.179517, 0.583134], 
              [0.109079, 0.27561, 0.358889, 0.256421]
            ]
          }, {
            "db": 0,
            "id": "MA0542.1",
            "alt": "elt-3",
            "len": 8,
            "nsites": 722,
            "url": "http://jaspar2018.genereg.net/matrix/MA0542.1",
            "pwm": [
              [3.78341e-05, 0.149595, 3.14084e-05, 0.850336], 
              [3.78341e-05, 0.598287, 0.171753, 0.229923], 
              [3.78341e-05, 3.14084e-05, 3.14084e-05, 0.999899], 
              [3.78341e-05, 3.14084e-05, 3.14084e-05, 0.999899], 
              [0.999899, 3.14084e-05, 3.14084e-05, 3.78341e-05], 
              [3.78341e-05, 3.14084e-05, 3.14084e-05, 0.999899], 
              [3.78341e-05, 0.999893, 3.14084e-05, 3.78341e-05], 
              [0.999899, 3.14084e-05, 3.14084e-05, 3.78341e-05]
            ]
          }, {
            "db": 0,
            "id": "MA0546.1",
            "alt": "pha-4",
            "len": 10,
            "nsites": 1010,
            "url": "http://jaspar2018.genereg.net/matrix/MA0546.1",
            "pwm": [
              [0.579178, 0.0703125, 2.24532e-05, 0.350487], 
              [0.528688, 2.24532e-05, 0.466313, 0.00497656], 
              [0.531657, 2.24532e-05, 0.0782327, 0.390087], 
              [0.040617, 2.24532e-05, 0.959333, 2.70468e-05], 
              [2.70468e-05, 0.402953, 2.24532e-05, 0.596998], 
              [0.853408, 0.146543, 2.24532e-05, 2.70468e-05], 
              [0.999928, 2.24532e-05, 2.24532e-05, 2.70468e-05], 
              [0.999928, 2.24532e-05, 2.24532e-05, 2.70468e-05], 
              [2.70468e-05, 0.616793, 2.24532e-05, 0.383157], 
              [0.999928, 2.24532e-05, 2.24532e-05, 2.70468e-05]
            ]
          }, {
            "db": 0,
            "id": "MA0580.1",
            "alt": "DYT1",
            "len": 14,
            "nsites": 11,
            "url": "http://jaspar2018.genereg.net/matrix/MA0580.1",
            "pwm": [
              [0.362821, 0.542584, 0.00204324, 0.0925513], 
              [0.272731, 0.0921332, 0.632674, 0.00246126], 
              [0.0925513, 0.182223, 0.0921332, 0.633092], 
              [0.182641, 0.182223, 0.542584, 0.0925513], 
              [0.903362, 0.0921332, 0.00204324, 0.00246126], 
              [0.272731, 0.00204324, 0.632674, 0.0925513], 
              [0.362821, 0.00204324, 0.00204324, 0.633092], 
              [0.00246126, 0.993034, 0.00204324, 0.00246126], 
              [0.993452, 0.00204324, 0.00204324, 0.00246126], 
              [0.00246126, 0.993034, 0.00204324, 0.00246126], 
              [0.0925513, 0.00204324, 0.902944, 0.00246126], 
              [0.00246126, 0.00204324, 0.00204324, 0.993452], 
              [0.00246126, 0.00204324, 0.993034, 0.00246126], 
              [0.993452, 0.00204324, 0.00204324, 0.00246126]
            ]
          }, {
            "db": 0,
            "id": "MA0591.1",
            "alt": "Bach1::Mafk",
            "len": 15,
            "nsites": 114,
            "url": "http://jaspar2018.genereg.net/matrix/MA0591.1",
            "pwm": [
              [0.39463, 0.122898, 0.359533, 0.122939], 
              [0.122939, 0.315711, 0.403354, 0.157996], 
              [0.131703, 0.359533, 0.473468, 0.0352967], 
              [0.578679, 0.140427, 0.280655, 0.000239439], 
              [0.0177681, 0.00896309, 0.000198773, 0.97307], 
              [0.000239439, 0.000198773, 0.937972, 0.0615896], 
              [0.990599, 0.000198773, 0.000198773, 0.00900375], 
              [0.000239439, 0.824037, 0.175484, 0.000239439], 
              [0.00900375, 0.000198773, 0.035256, 0.955541], 
              [0.044061, 0.937972, 0.0177274, 0.000239439], 
              [0.946777, 0.00896309, 0.0264917, 0.0177681], 
              [0.000239439, 0.00896309, 0.990558, 0.000239439], 
              [0.000239439, 0.999322, 0.000198773, 0.000239439], 
              [0.859135, 0.035256, 0.0527846, 0.0528253], 
              [0.10541, 0.368297, 0.33324, 0.193052]
            ]
          }, {
            "db": 0,
            "id": "MA0655.1",
            "alt": "JDP2",
            "len": 9,
            "nsites": 1801,
            "url": "http://jaspar2018.genereg.net/matrix/MA0655.1",
            "pwm": [
              [0.907239, 0.010562, 0.0777433, 0.00445692], 
              [0.003053, 0.00365739, 0.000620559, 0.99267], 
              [1.51685e-05, 0.00182049, 0.984889, 0.0132754], 
              [0.983114, 0.000614559, 0.00121553, 0.0150563], 
              [0.0084437, 0.722428, 0.261286, 0.00784173], 
              [0.00365997, 1.25923e-05, 0.00365739, 0.99267], 
              [0.0132034, 0.979574, 0.00181149, 0.00541087], 
              [0.995694, 1.25923e-05, 1.25923e-05, 0.00428093], 
              [0.0106686, 0.195644, 0.00243346, 0.791254]
            ]
          }, {
            "db": 0,
            "id": "MA0766.1",
            "alt": "GATA5",
            "len": 8,
            "nsites": 5288,
            "url": "http://jaspar2018.genereg.net/matrix/MA0766.1",
            "pwm": [
              [0.446101, 0.192891, 0.0313957, 0.329613], 
              [5.16632e-06, 4.28888e-06, 0.999985, 5.16632e-06], 
              [0.997871, 4.28888e-06, 0.00211925, 5.16632e-06], 
              [5.16632e-06, 4.28888e-06, 4.28888e-06, 0.999986], 
              [0.759244, 0.0589022, 0.00966011, 0.172194], 
              [0.719858, 0.0640861, 0.108638, 0.107418], 
              [0.169989, 0.300126, 0.419241, 0.110643], 
              [0.413308, 0.18101, 0.320049, 0.0856335]
            ]
          }, {
            "db": 0,
            "id": "MA0810.1",
            "alt": "TFAP2A(var.2)",
            "len": 12,
            "nsites": 4005,
            "url": "http://jaspar2018.genereg.net/matrix/MA0810.1",
            "pwm": [
              [0.169291, 0.295379, 0.0432006, 0.49213], 
              [0.121506, 0.276351, 0.580823, 0.0213203], 
              [0.00353573, 0.94257, 0.0538863, 6.8213e-06], 
              [6.8213e-06, 0.989361, 0.0024756, 0.00815662], 
              [0.00250276, 0.701935, 0.0551713, 0.24039], 
              [0.0491946, 0.412729, 0.207491, 0.330586], 
              [0.330503, 0.359208, 0.263104, 0.0471846], 
              [0.423716, 0.101626, 0.467659, 0.00699765], 
              [0.0451487, 0.00804146, 0.946803, 6.8213e-06], 
              [0.0010468, 0.163861, 0.833006, 0.00208577], 
              [0.0210433, 0.834394, 0.0974832, 0.0470796], 
              [0.479775, 0.10834, 0.244383, 0.167502]
            ]
          }, {
            "db": 0,
            "id": "MA0811.1",
            "alt": "TFAP2B",
            "len": 12,
            "nsites": 3179,
            "url": "http://jaspar2018.genereg.net/matrix/MA0811.1",
            "pwm": [
              [0.22523, 0.240013, 0.0566274, 0.478132], 
              [0.135515, 0.202864, 0.641044, 0.0205769], 
              [0.00660639, 0.911911, 0.0748758, 0.00660639], 
              [0.000319584, 0.989086, 7.1341e-06, 0.0105873], 
              [0.00346748, 0.645899, 0.0478046, 0.302829], 
              [0.0657505, 0.377158, 0.213589, 0.343502], 
              [0.407986, 0.256369, 0.279331, 0.0563138], 
              [0.400625, 0.066986, 0.53238, 8.59363e-06], 
              [0.0253208, 0.00519197, 0.96948, 8.59363e-06], 
              [0.0101593, 0.114407, 0.872134, 0.00330049], 
              [0.0230429, 0.795926, 0.121185, 0.0598467], 
              [0.579235, 0.0594393, 0.210693, 0.150633]
            ]
          }, {
            "db": 0,
            "id": "MA0815.1",
            "alt": "TFAP2C(var.3)",
            "len": 13,
            "nsites": 2563,
            "url": "http://jaspar2018.genereg.net/matrix/MA0815.1",
            "pwm": [
              [0.207572, 0.136563, 0.0838916, 0.571974], 
              [1.0659e-05, 0.216919, 0.783059, 1.0659e-05], 
              [1.0659e-05, 0.99997, 8.84866e-06, 1.0659e-05], 
              [1.0659e-05, 0.99997, 8.84866e-06, 1.0659e-05], 
              [0.0067694, 0.824231, 0.0377804, 0.131219], 
              [0.0328384, 0.36923, 0.149026, 0.448905], 
              [0.138947, 0.34754, 0.351727, 0.161785], 
              [0.416524, 0.148852, 0.404598, 0.0300255], 
              [0.132455, 0.0383484, 0.822215, 0.00698139], 
              [1.0659e-05, 8.84866e-06, 0.99997, 1.0659e-05], 
              [1.0659e-05, 8.84866e-06, 0.99997, 1.0659e-05], 
              [1.0659e-05, 0.803906, 0.196072, 1.0659e-05], 
              [0.573847, 0.0778928, 0.153539, 0.194721]
            ]
          }, {
            "db": 0,
            "id": "MA0841.1",
            "alt": "NFE2",
            "len": 11,
            "nsites": 18831,
            "url": "http://jaspar2018.genereg.net/matrix/MA0841.1",
            "pwm": [
              [0.296798, 0.382772, 0.28161, 0.0388202], 
              [0.934491, 0.000448202, 0.0648119, 0.000249449], 
              [0.00010745, 0.000426202, 1.20439e-06, 0.999465], 
              [1.45079e-06, 1.20439e-06, 0.99989, 0.00010745], 
              [0.9992, 0.000585201, 1.20439e-06, 0.00021345], 
              [0.00196044, 0.760349, 0.236789, 0.000901446], 
              [1.45079e-06, 0.0010622, 0.000160204, 0.998776], 
              [5.44505e-05, 0.999784, 1.20439e-06, 0.00016045], 
              [0.998617, 0.000690201, 0.000425202, 0.000266449], 
