<!DOCTYPE HTML>
<html>
  <head>
    <meta charset="UTF-8">
    <title>SpaMo - Spaced Motif Analysis</title>
    <script type="text/javascript">
      //@JSON_VAR data
      var data = {"program":"SpaMo","version":"4.12.0","revision":"aacc9c3eb8c7b460b344d5c8aa1458097dae704d","release":"Tue Jun 27 16:22:50 2017 -0700","host":"Sudins-iMac.local","when":"Thu May 24 14:28:46 2018","cmd":["spamo","-verbosity","1","-oc","results/AHRpeaks_not-in-DHSs.bed-399.fa/jaspar/spamo_out_2","-bgfile","results/AHRpeaks_not-in-DHSs.bed-399.fa/jaspar/background","-primary","AAARRRYTKDTGCAYGAVMAMAGRAASAG","results/AHRpeaks_not-in-DHSs.bed-399.fa/jaspar/AHRpeaks_not-in-DHSs.bed-399.fa","results/AHRpeaks_not-in-DHSs.bed-399.fa/jaspar/meme_out/meme.xml","results/AHRpeaks_not-in-DHSs.bed-399.fa/jaspar/meme_out/meme.xml","/Users/filipov4/meme/db/motif_databases/JASPAR/JASPAR2018_CORE_non-redundant.meme"],"options":{"seq_min_hit_score":7,"margin":150,"bin_size":1,"bin_pvalue_calc_range":150,"use_best_secondary":0,"seq_max_shared_fract":0.5,"seq_odds_ratio":20,"bin_pvalue_cutoff":0.05,"motif_evalue_cutoff":10,"redundant_overlap":2,"redundant_joint":0.5,"motif_pseudocount":0.1,"bgfile":"results/AHRpeaks_not-in-DHSs.bed-399.fa/jaspar/background","motif_trim":0.25,"xalph":0,"seed":1,"bin_max":3},"alphabet":{"name":"DNA","like":"dna","ncore":4,"symbols":[{"symbol":"A","name":"Adenine","colour":"CC0000","complement":"T"},{"symbol":"C","name":"Cytosine","colour":"0000CC","complement":"G"},{"symbol":"G","name":"Guanine","colour":"FFB300","complement":"C"},{"symbol":"T","aliases":"U","name":"Thymine","colour":"008000","complement":"A"},{"symbol":"N","aliases":"X.","name":"Any base","equals":"ACGT"},{"symbol":"V","name":"Not T","equals":"ACG"},{"symbol":"H","name":"Not G","equals":"ACT"},{"symbol":"D","name":"Not C","equals":"AGT"},{"symbol":"B","name":"Not A","equals":"CGT"},{"symbol":"M","name":"Amino","equals":"AC"},{"symbol":"R","name":"Purine","equals":"AG"},{"symbol":"W","name":"Weak","equals":"AT"},{"symbol":"S","name":"Strong","equals":"CG"},{"symbol":"Y","name":"Pyrimidine","equals":"CT"},{"symbol":"K","name":"Keto","equals":"GT"}]},"background":[0.2917,0.2083,0.2083,0.2917],"sequence_dbs":[{"source":"results/AHRpeaks_not-in-DHSs.bed-399.fa/jaspar/AHRpeaks_not-in-DHSs.bed-399.fa","name":"AHRpeaks_not-in-DHSs.bed-399","last_modified":"Thu May 24 11:14:35 2018","loaded":56,"excluded_too_short":0,"excluded_no_match":47,"excluded_ambigs":0,"excluded_similar":1,"erased_primary_matches":0}],"primary_dbs":[{"source":"results/AHRpeaks_not-in-DHSs.bed-399.fa/jaspar/meme_out/meme.xml","name":"meme.xml","last_modified":"Thu May 24 14:28:06 2018","loaded":6,"excluded":5}],"secondary_dbs":[{"source":"results/AHRpeaks_not-in-DHSs.bed-399.fa/jaspar/meme_out/meme.xml","name":"meme.xml","last_modified":"Thu May 24 14:28:06 2018","loaded":7,"excluded":1},{"source":"/Users/filipov4/meme/db/motif_databases/JASPAR/JASPAR2018_CORE_non-redundant.meme","name":"JASPAR2018_CORE_non-redundant","last_modified":"Thu Dec  7 14:38:42 2017","loaded":1404,"excluded":0}],"secondary_motifs":[{"db":1,"id":"MA0030.1","alt":"FOXF2","len":14,"ltrim":0,"rtrim":1,"nsites":27,"url":"http://jaspar2018.genereg.net/matrix/MA0030.1","pwm":[[0.0379767,0.369772,0.259071,0.333179],[0.37008,0.259071,0.18527,0.185578],[0.628383,0.14837,0.0745693,0.148678],[0.463649,0.178681,0.178681,0.178988],[0.136937,0.498924,0.363063,0.00107638],[0.259379,0.000768635,0.738776,0.00107638],[0.00107638,0.000768635,0.000768635,0.997386],[0.997386,0.000768635,0.000768635,0.00107638],[0.997386,0.000768635,0.000768635,0.00107638],[0.997386,0.000768635,0.000768635,0.00107638],[0.00107638,0.923278,0.000768635,0.074877],[0.997386,0.000768635,0.000768635,0.00107638],[0.591483,0.14837,0.0745693,0.185578],[0.259379,0.14837,0.222171,0.37008]]},{"db":1,"id":"MA0031.1","alt":"FOXD1","len":8,"ltrim":0,"rtrim":1,"nsites":20,"url":"http://jaspar2018.genereg.net/matrix/MA0031.1","pwm":[[0.0512025,0.0507876,0.846807,0.0512025],[0.00145124,0.00103632,0.00103632,0.996476],[0.946725,0.0507876,0.00103632,0.00145124],[0.996476,0.00103632,0.00103632,0.00145124],[0.896974,0.0507876,0.0507876,0.00145124],[0.0512025,0.896559,0.00103632,0.0512025],[0.996476,0.00103632,0.00103632,0.00145124],[0.34971,0.100539,0.15029,0.399461]]},{"db":1,"id":"MA0032.2","alt":"FOXC1","len":11,"ltrim":0,"rtrim":0,"nsites":19566,"url":"http://jaspar2018.genereg.net/matrix/MA0032.2","pwm":[[0.329756,0.0394569,0.015538,0.615249],[0.695237,0.0353359,0.202155,0.0672731],[0.344387,0.0876136,0.105678,0.462323],[0.257364,0.017801,0.722131,0.00270348],[0.108395,0.0717427,0.016938,0.802924],[0.706923,0.289518,0.00113306,0.00242648],[0.991151,0.00579104,1.0646e-06,0.00305748],[0.983558,0.00298005,0.00750203,0.00595946],[0.00649846,0.467699,0.00878802,0.517014],[0.966338,0.00141206,0.0226319,0.00961844],[0.31682,0.0736507,0.0523318,0.557199]]},{"db":1,"id":"MA0033.2","alt":"FOXL1","len":7,"ltrim":0,"rtrim":0,"nsites":4933,"url":"http://jaspar2018.genereg.net/matrix/MA0033.2","pwm":[[0.426107,0.00263917,0.542868,0.0283853],[0.00192687,0.0799106,4.2225e-06,0.918158],[0.874645,0.114915,0.010434,5.91311e-06],[0.98902,0.00786706,4.2225e-06,0.00310985],[0.973113,0.0166979,0.010183,5.91311e-06],[5.91311e-06,0.778858,4.2225e-06,0.221131],[0.98535,0.011136,4.2225e-06,0.00350984]]},{"db":1,"id":"MA0034.1","alt":"Gam1","len":10,"ltrim":2,"rtrim":0,"nsites":25,"url":"http://jaspar2018.genereg.net/matrix/MA0034.1","pwm":[[0.160525,0.239874,0.439077,0.160525],[0.399569,0.200033,0.279714,0.120684],[0.120684,0.518758,0.000829881,0.359728],[0.917497,0.0406705,0.0406705,0.00116215],[0.997178,0.000829881,0.000829881,0.00116215],[0.0410028,0.957005,0.000829881,0.00116215],[0.120684,0.558599,0.239874,0.0808434],[0.240206,0.000829881,0.757802,0.00116215],[0.399569,0.439077,0.000829881,0.160525],[0.200365,0.757802,0.0406705,0.00116215]]},{"db":1,"id":"MA0041.1","alt":"Foxd3","len":12,"ltrim":0,"rtrim":0,"nsites":47,"url":"http://jaspar2018.genereg.net/matrix/MA0041.1","pwm":[[0.234165,0.0641367,0.552459,0.149239],[0.637562,0.0429049,0.000442251,0.319091],[0.510173,0.0216741,0.000442251,0.467711],[0.0218511,0.0853676,0.000442251,0.892339],[0.255396,0.000442251,0.72231,0.0218511],[0.00061932,0.000442251,0.000442251,0.998496],[0.0218511,0.000442251,0.000442251,0.977264],[0.106776,0.000442251,0.212757,0.680025],[0.297859,0.000442251,0.446303,0.255396],[0.128008,0.149062,0.000442251,0.722487],[0.0218511,0.0429049,0.0853676,0.849876],[0.00061932,0.255219,0.000442251,0.743719]]},{"db":1,"id":"MA0042.2","alt":"FOXI1","len":7,"ltrim":0,"rtrim":0,"nsites":5832,"url":"http://jaspar2018.genereg.net/matrix/MA0042.2","pwm":[[0.10597,0.00669046,0.887334,5.00163e-06],[0.0138518,0.0112314,0.00655246,0.968364],[0.899677,0.093882,0.00643646,5.00163e-06],[0.995563,0.0044285,3.57162e-06,5.00163e-06],[0.977694,0.0043485,0.00548248,0.0124738],[0.0253676,0.836015,0.00775744,0.130859],[0.992889,0.00230553,0.00480049,5.00163e-06]]},{"db":1,"id":"MA0047.2","alt":"Foxa2","len":12,"ltrim":0,"rtrim":1,"nsites":808,"url":"http://jaspar2018.genereg.net/matrix/MA0047.2","pwm":[[0.00127394,0.00126362,0.00126362,0.9962],[0.273179,0.00373332,0.719344,0.00374364],[0.00127194,0.00126162,0.00126162,0.996205],[0.00127194,0.00373332,0.0445193,0.950474],[0.00126894,0.00125862,0.215782,0.78169],[0.908566,0.00496317,0.0827315,0.00373964],[0.00250479,0.894977,0.00249447,0.100024],[0.417784,0.095193,0.00373332,0.483289],[0.0618334,0.32755,0.0717099,0.538906],[0.516701,0.00745986,0.0297621,0.446078],[0.162547,0.0657746,0.597967,0.173712],[0.160664,0.242835,0.361127,0.235374]]},{"db":1,"id":"MA0148.3","alt":"FOXA1","len":15,"ltrim":4,"rtrim":1,"nsites":22008,"url":"http://jaspar2018.genereg.net/matrix/MA0148.3","pwm":[[0.196656,0.219329,0.187386,0.396628],[0.211696,0.311296,0.214967,0.262041],[0.139132,0.388858,0.241458,0.230553],[0.3242,0.196156,0.16544,0.314204],[0.00318231,9.4647e-07,0.000545944,0.996271],[0.267312,9.4647e-07,0.732686,1.32542e-06],[1.32542e-06,9.4647e-07,9.4647e-07,0.999997],[1.32542e-06,9.4647e-07,0.0587067,0.941291],[1.32542e-06,9.4647e-07,0.129907,0.87009],[0.829333,9.4647e-07,0.170665,1.32542e-06],[1.32542e-06,0.934021,9.4647e-07,0.065977],[0.417711,0.120638,9.4647e-07,0.461649],[0.0375782,0.331515,0.0632507,0.567656],[0.486277,4.59463e-05,0.00286393,0.510813],[0.218421,0.118275,0.427798,0.235505]]},{"db":1,"id":"MA0157.2","alt":"FOXO3","len":8,"ltrim":0,"rtrim":0,"nsites":553,"url":"http://jaspar2018.genereg.net/matrix/MA0157.2","pwm":[[0.0380209,3.76605e-05,0.961889,5.27391e-05],[5.27391e-05,3.76605e-05,0.0238863,0.976023],[0.960168,0.0289134,0.00906103,0.00185741],[0.997996,0.00191332,3.76605e-05,5.27391e-05],[0.981425,0.0184843,3.76605e-05,5.27391e-05],[0.0273208,0.967136,3.76605e-05,0.00550675],[0.979618,0.020292,3.76605e-05,5.27391e-05],[0.546506,0.0207239,0.0620954,0.370676]]},{"db":1,"id":"MA0277.1","alt":"AZF1","len":9,"ltrim":0,"rtrim":0,"nsites":102,"url":"http://jaspar2018.genereg.net/matrix/MA0277.1","pwm":[[0.617328,0.12753,0.12753,0.127612],[0.999306,0.000204016,0.000204016,0.0002857],[0.999306,0.000204016,0.000204016,0.0002857],[0.870719,0.128791,0.000204016,0.0002857],[0.749551,0.000204016,0.249959,0.0002857],[0.0002857,0.000204016,0.999225,0.0002857],[0.779522,0.160047,0.0301746,0.0302563],[0.817666,0.0607507,0.0607507,0.0608323],[0.617328,0.12753,0.12753,0.127612]]},{"db":1,"id":"MA0296.1","alt":"FKH1","len":20,"ltrim":2,"rtrim":5,"nsites":997,"url":"http://jaspar2018.genereg.net/matrix/MA0296.1","pwm":[[0.177544,0.287856,0.207623,0.326977],[0.247499,0.192387,0.334656,0.225458],[0.520498,0.0840965,0.0981091,0.297296],[0.52703,0.0761653,0.129267,0.267537],[0.365358,0.0730866,0.150156,0.411399],[0.119255,0.146299,0.133275,0.601171],[0.146308,0.00402849,0.848633,0.00103115],[0.00704955,0.00302959,2.08906e-05,0.9899],[0.961819,0.0371282,2.08906e-05,0.00103215],[0.978889,0.0110418,0.00102279,0.00904635],[0.991914,0.00102279,0.00202469,0.00503875],[0.00103115,0.926782,0.00102279,0.0711641],[0.991914,0.00102279,0.00302659,0.00403685],[0.875693,0.039095,0.0160513,0.0691603],[0.672307,0.049114,0.0701539,0.208425],[0.248501,0.191385,0.407796,0.152319],[0.374741,0.158322,0.296584,0.170353],[0.28457,0.184371,0.330649,0.20041],[0.20542,0.116241,0.452881,0.225458],[0.421831,0.192387,0.248493,0.13729]]},{"db":1,"id":"MA0297.1","alt":"FKH2","len":7,"ltrim":0,"rtrim":0,"nsites":101,"url":"http://jaspar2018.genereg.net/matrix/MA0297.1","pwm":[[0.128874,0.000206034,0.870631,0.000288526],[0.000288526,0.000206034,0.000206034,0.999299],[0.999299,0.000206034,0.000206034,0.000288526],[0.999299,0.000206034,0.000206034,0.000288526],[0.999299,0.000206034,0.000206034,0.000288526],[0.000288526,0.999217,0.000206034,0.000288526],[0.999299,0.000206034,0.000206034,0.000288526]]},{"db":1,"id":"MA0446.1","alt":"fkh","len":11,"ltrim":0,"rtrim":0,"nsites":27,"url":"http://jaspar2018.genereg.net/matrix/MA0446.1","pwm":[[0.111777,0.000768635,0.000768635,0.886685],[0.185578,0.000768635,0.812577,0.00107638],[0.00107638,0.000768635,0.000768635,0.997386],[0.00107638,0.000768635,0.000768635,0.997386],[0.00107638,0.000768635,0.037669,0.960486],[0.480781,0.000768635,0.517374,0.00107638],[0.148678,0.480473,0.0745693,0.296279],[0.222478,0.259071,0.11147,0.40698],[0.00107638,0.406672,0.0745693,0.517682],[0.849785,0.000768635,0.037669,0.111777],[0.554582,0.14837,0.14837,0.148678]]},{"db":1,"id":"MA0458.1","alt":"slp1","len":11,"ltrim":1,"rtrim":0,"nsites":41,"url":"http://jaspar2018.genereg.net/matrix/MA0458.1","pwm":[[0.195357,0.0734998,0.341139,0.390004],[0.000709732,0.000506813,0.000506813,0.998277],[0.0737027,0.000506813,0.925081,0.000709732],[0.000709732,0.000506813,0.000506813,0.998277],[0.000709732,0.000506813,0.0248375,0.973946],[0.000709732,0.000506813,0.0491681,0.949615],[0.657644,0.000506813,0.0978304,0.244018],[0.0250404,0.535786,0.170823,0.26835],[0.414335,0.195154,0.365471,0.0250404],[0.0980334,0.316808,0.0734998,0.511659],[0.365674,0.0734998,0.0978304,0.462997]]},{"db":1,"id":"MA0480.1","alt":"Foxo1","len":11,"ltrim":1,"rtrim":0,"nsites":2490,"url":"http://jaspar2018.genereg.net/matrix/MA0480.1","pwm":[[0.187956,0.111249,0.191969,0.508826],[0.0510137,0.513643,0.302004,0.133339],[0.0349503,0.564645,0.083941,0.316465],[1.17144e-05,8.36513e-06,8.36513e-06,0.999972],[1.17144e-05,8.36513e-06,0.999968,1.17144e-05],[1.17144e-05,8.36513e-06,8.36513e-06,0.999972],[1.17144e-05,8.36513e-06,8.36513e-06,0.999972],[1.17144e-05,8.36513e-06,0.115265,0.884715],[0.751388,0.0630578,8.36513e-06,0.185546],[1.17144e-05,0.806,8.36513e-06,0.19398],[0.430516,0.230119,0.0285212,0.310842]]},{"db":1,"id":"MA0481.2","alt":"FOXP1","len":12,"ltrim":2,"rtrim":3,"nsites":4266,"url":"http://jaspar2018.genereg.net/matrix/MA0481.2","pwm":[[0.351382,0.212846,0.23277,0.203002],[0.35982,0.0625914,0.225738,0.351851],[0.0696252,0.0117256,0.904344,0.0143055],[0.0318861,0.035635,0.0241483,0.908331],[0.956618,0.0304782,0.00656873,0.00633569],[0.945602,0.0332901,0.00422378,0.0168844],[0.976308,0.00469277,0.0131316,0.0058667],[0.00891463,0.932238,0.00703672,0.0518106],[0.962244,0.00328681,0.00867768,0.0257912],[0.21191,0.159166,0.509135,0.119788],[0.353492,0.202297,0.219175,0.225037],[0.305438,0.220581,0.212377,0.261604]]},{"db":1,"id":"MA0546.1","alt":"pha-4","len":10,"ltrim":0,"rtrim":0,"nsites":1010,"url":"http://jaspar2018.genereg.net/matrix/MA0546.1","pwm":[[0.57918,0.0703107,2.06217e-05,0.350489],[0.52869,2.06217e-05,0.466311,0.00497839],[0.531659,2.06217e-05,0.0782309,0.390089],[0.0406189,2.06217e-05,0.959332,2.88783e-05],[2.88783e-05,0.402951,2.06217e-05,0.597],[0.853409,0.146541,2.06217e-05,2.88783e-05],[0.99993,2.06217e-05,2.06217e-05,2.88783e-05],[0.99993,2.06217e-05,2.06217e-05,2.88783e-05],[2.88783e-05,0.616792,2.06217e-05,0.383159],[0.99993,2.06217e-05,2.06217e-05,2.88783e-05]]},{"db":1,"id":"MA0593.1","alt":"FOXP2","len":11,"ltrim":1,"rtrim":1,"nsites":766,"url":"http://jaspar2018.genereg.net/matrix/MA0593.1","pwm":[[0.430791,0.147528,0.248037,0.173644],[0.443844,0.009164,0.185382,0.36161],[0.208888,2.71897e-05,0.791047,3.80759e-05],[0.077051,2.71897e-05,2.71897e-05,0.922895],[0.999908,2.71897e-05,2.71897e-05,3.80759e-05],[0.999908,2.71897e-05,2.71897e-05,3.80759e-05],[0.999908,2.71897e-05,2.71897e-05,3.80759e-05],[3.80759e-05,0.988149,2.71897e-05,0.0117855],[0.999908,2.71897e-05,2.71897e-05,3.80759e-05],[0.387715,0.201045,0.382484,0.0287553],[0.433402,0.161886,0.240205,0.164508]]},{"db":1,"id":"MA0614.1","alt":"Foxj2","len":8,"ltrim":0,"rtrim":0,"nsites":999,"url":"http://jaspar2018.genereg.net/matrix/MA0614.1","pwm":[[0.461444,2.08488e-05,0.538506,2.91963e-05],[0.0500742,0.0250433,2.08488e-05,0.924862],[0.79495,0.205,2.08488e-05,2.91963e-05],[0.977909,2.08488e-05,2.08488e-05,0.022049],[0.999929,2.08488e-05,2.08488e-05,2.91963e-05],[2.91963e-05,0.953925,2.08488e-05,0.0460246],[0.999929,2.08488e-05,2.08488e-05,2.91963e-05],[0.593564,0.125133,0.125133,0.15617]]},{"db":1,"id":"MA0845.1","alt":"FOXB1","len":11,"ltrim":0,"rtrim":0,"nsites":7303,"url":"http://jaspar2018.genereg.net/matrix/MA0845.1","pwm":[[0.327674,0.0372473,0.0260195,0.609061],[0.697059,0.0343144,0.195434,0.073193],[0.265533,0.0291935,0.0547691,0.650504],[0.141724,0.00660576,0.836504,0.0151668],[0.0244137,0.0325494,0.0153266,0.92771],[0.699808,0.279009,0.0107337,0.0104489],[0.920099,0.0286505,2.85222e-06,0.0512473],[0.95664,0.00657576,0.00657576,0.0302096],[0.00401894,0.322958,0.0149176,0.658105],[0.957444,2.85222e-06,0.0219756,0.0205777],[0.249087,0.0837617,0.0812767,0.585875]]},{"db":1,"id":"MA0847.1","alt":"FOXD2","len":7,"ltrim":0,"rtrim":0,"nsites":1949,"url":"http://jaspar2018.genereg.net/matrix/MA0847.1","pwm":[[0.310415,0.0272023,0.646975,0.0154072],[0.103953,0.15293,1.0687e-05,0.743107],[0.823087,0.123956,1.0687e-05,0.0529453],[0.943821,0.0298522,0.0101262,0.0162001],[0.981554,1.0687e-05,1.0687e-05,0.018425],[1.49659e-05,0.718559,0.0147939,0.266632],[0.823814,1.0687e-05,0.0984606,0.077715]]},{"db":1,"id":"MA0848.1","alt":"FOXO4","len":7,"ltrim":0,"rtrim":0,"nsites":7060,"url":"http://jaspar2018.genereg.net/matrix/MA0848.1","pwm":[[0.236403,0.00184392,0.761748,4.13167e-06],[0.0583293,0.0116678,0.0207977,0.909205],[0.804,0.188219,0.00478688,0.00299409],[0.966735,0.0262476,0.0034179,0.00359908],[0.981735,2.95039e-06,0.0164317,0.00182911],[0.009028,0.836773,0.00513788,0.149061],[0.988957,0.00184192,0.00184192,0.00736003]]},{"db":1,"id":"MA0849.1","alt":"FOXO6","len":7,"ltrim":0,"rtrim":0,"nsites":8470,"url":"http://jaspar2018.genereg.net/matrix/MA0849.1","pwm":[[0.170603,2.45924e-06,0.829391,3.44388e-06],[0.0213592,2.45924e-06,0.00444041,0.974198],[0.8589,0.140238,0.000858449,3.44388e-06],[0.969492,0.0269131,2.45924e-06,0.0035914],[0.999992,2.45924e-06,2.45924e-06,3.44388e-06],[3.44388e-06,0.944085,0.00416841,0.0517428],[0.998145,2.45924e-06,0.00184944,3.44388e-06]]},{"db":1,"id":"MA0850.1","alt":"FOXP3","len":7,"ltrim":0,"rtrim":0,"nsites":211,"url":"http://jaspar2018.genereg.net/matrix/MA0850.1","pwm":[[0.350683,9.86737e-05,0.64908,0.000138181],[0.0707757,0.183758,9.86737e-05,0.745368],[0.871626,9.86737e-05,9.86737e-05,0.128176],[0.925139,9.86737e-05,0.039554,0.0352096],[0.767048,0.0546178,0.178196,0.000138181],[0.000138181,0.747971,0.11352,0.138371],[0.921099,9.86737e-05,0.0786644,0.000138181]]},{"db":1,"id":"MA0851.1","alt":"Foxj3","len":17,"ltrim":5,"rtrim":3,"nsites":100,"url":"http://jaspar2018.genereg.net/matrix/MA0851.1","pwm":[[0.270022,0.259948,0.209998,0.260032],[0.339952,0.130078,0.309898,0.220072],[0.479812,0.190018,0.160048,0.170122],[0.509782,0.130078,0.170038,0.190102],[0.34648,0.128793,0.326615,0.198114],[0.303019,0.010299,0.686391,0.000291408],[0.0102814,0.0201881,0.000208092,0.969322],[0.918565,0.0809354,0.000208092,0.000291408],[0.949837,0.0199903,0.000208092,0.0299647],[0.989302,0.000208092,0.000208092,0.0102814],[0.000291408,0.817573,0.000208092,0.181928],[0.989302,0.000208092,0.000208092,0.0102814],[0.781688,0.0694459,0.0595547,0.0893114],[0.569722,0.0901182,0.0701382,0.270022],[0.220072,0.339868,0.259948,0.180112],[0.270022,0.269938,0.239968,0.220072],[0.242473,0.393754,0.171754,0.192019]]},{"db":1,"id":"MA0852.2","alt":"FOXK1","len":14,"ltrim":3,"rtrim":2,"nsites":1056,"url":"http://jaspar2018.genereg.net/matrix/MA0852.2","pwm":[[0.311551,0.174245,0.244315,0.269888],[0.393929,0.165724,0.255678,0.184669],[0.233907,0.134477,0.257571,0.374045],[0.135432,0.0265322,0.821912,0.0161241],[0.0568402,0.00475428,0.0416828,0.896723],[0.949749,0.0350544,0.00948883,0.00570908],[0.945961,0.0350544,0.0104357,0.00854981],[0.967739,0.0123296,0.00948883,0.0104436],[0.00949672,0.907131,0.0113826,0.0719908],[0.961111,0.0151703,0.0113826,0.0123375],[0.48483,0.188449,0.193183,0.133538],[0.1752,0.190343,0.537848,0.0966095],[0.229173,0.254731,0.34279,0.173306],[0.267994,0.272721,0.255678,0.203606]]},{"db":1,"id":"MA0920.1","alt":"fkh-2","len":8,"ltrim":0,"rtrim":1,"nsites":999,"url":"http://jaspar2018.genereg.net/matrix/MA0920.1","pwm":[[0.416404,2.08488e-05,0.541509,0.042067],[0.0290263,2.08488e-05,2.08488e-05,0.970932],[0.827946,0.172004,2.08488e-05,2.91963e-05],[0.942878,2.08488e-05,2.08488e-05,0.0570805],[0.999929,2.08488e-05,2.08488e-05,2.91963e-05],[0.0570235,0.913929,2.08488e-05,0.0290263],[0.999929,2.08488e-05,2.08488e-05,2.91963e-05],[0.43442,0.217216,0.131139,0.217224]]},{"db":1,"id":"MA0925.1","alt":"sma-4","len":11,"ltrim":2,"rtrim":2,"nsites":1000,"url":"http://jaspar2018.genereg.net/matrix/MA0925.1","pwm":[[0.330996,0.222999,0.222999,0.223007],[0.273002,0.227998,0.299991,0.199009],[0.0330259,0.0330175,0.0330175,0.900939],[2.91671e-05,2.08279e-05,0.916929,0.0830209],[0.0830209,2.08279e-05,2.08279e-05,0.916937],[2.91671e-05,0.999921,2.08279e-05,2.91671e-05],[2.91671e-05,2.08279e-05,2.08279e-05,0.999929],[0.215008,2.08279e-05,0.784942,2.91671e-05],[0.0270265,0.0270181,0.835937,0.110018],[0.359993,0.241997,0.255995,0.142015],[0.217007,0.348986,0.216999,0.217007]]},{"db":1,"id":"MA0929.1","alt":"NCU00019","len":12,"ltrim":3,"rtrim":2,"nsites":1001,"url":"http://jaspar2018.genereg.net/matrix/MA0929.1","pwm":[[0.325671,0.224773,0.224773,0.224782],[0.224782,0.224773,0.224773,0.325671],[0.319997,0.127008,0.229998,0.322997],[0.149864,0.0549603,0.740207,0.0549686],[0.111018,2.08071e-05,2.08071e-05,0.88894],[0.802949,0.101011,2.08071e-05,0.0960195],[0.999929,2.08071e-05,2.08071e-05,2.91379e-05],[0.898838,2.08071e-05,2.08071e-05,0.10112],[0.0260005,0.520449,0.0259922,0.427558],[0.922015,0.0259922,0.0259922,0.0260005],[0.437985,0.218999,0.124008,0.219007],[0.412575,0.195805,0.195805,0.195814]]},{"db":1,"id":"MA0943.1","alt":"ARF5","len":8,"ltrim":0,"rtrim":1,"nsites":999,"url":"http://jaspar2018.genereg.net/matrix/MA0943.1","pwm":[[0.303302,0.160165,0.47745,0.0590823],[0.0090193,0.967956,0.0150043,0.0080204],[0.0969225,0.897034,0.00401645,0.002027],[0.012028,0.00102075,0.984922,0.002029],[0.951934,0.00102075,0.0460162,0.0010291],[0.002029,0.991922,0.00302055,0.0030289],[0.77218,0.223774,0.00201865,0.002027],[0.49098,0.098011,0.217999,0.19301]]},{"db":1,"id":"MA0944.1","alt":"ARF8","len":9,"ltrim":2,"rtrim":1,"nsites":1000,"url":"http://jaspar2018.genereg.net/matrix/MA0944.1","pwm":[[0.270002,0.232998,0.204,0.293],[0.225007,0.258995,0.10601,0.409988],[0.00402877,2.08279e-05,0.0900118,0.905939],[0.0380634,0.00102173,0.900832,0.0600832],[2.91671e-05,0.0130195,2.08279e-05,0.98693],[0.0539698,0.862073,0.00201863,0.081939],[0.0610231,0.0270181,0.797941,0.114018],[0.121138,0.138145,0.651608,0.0891093],[0.227778,0.33665,0.216782,0.218788]]},{"db":1,"id":"MA1079.1","alt":"WRKY21","len":10,"ltrim":2,"rtrim":1,"nsites":1000,"url":"http://jaspar2018.genereg.net/matrix/MA1079.1","pwm":[[0.281001,0.222999,0.248996,0.247004],[0.320997,0.195001,0.223998,0.260003],[0.402989,0.0870121,0.40698,0.103019],[0.0510241,2.08279e-05,0.90993,0.0390253],[0.0909291,0.00401643,0.00201863,0.903036],[2.91671e-05,0.998921,2.08279e-05,0.00102907],[0.868942,0.0660142,0.0210187,0.0440248],[0.780732,0.0100298,0.162167,0.0470715],[0.208008,0.60696,0.0650143,0.120017],[0.159013,0.209,0.428978,0.203009]]},{"db":1,"id":"MA1103.1","alt":"FOXK2","len":11,"ltrim":2,"rtrim":2,"nsites":7977,"url":"http://jaspar2018.genereg.net/matrix/MA1103.1","pwm":[[0.41983,0.169613,0.196314,0.214242],[0.254482,0.16485,0.194183,0.386485],[0.22753,0.04626,0.677818,0.0483921],[0.0145455,0.00664653,0.0175524,0.961256],[0.969028,0.0149204,0.00777451,0.00827755],[0.881653,0.050146,0.0141684,0.054033],[0.965016,0.00940449,0.00714852,0.0184314],[0.0114115,0.873002,0.00990549,0.105681],[0.96276,0.00840151,0.0141684,0.0146705],[0.304751,0.235051,0.222389,0.23781],[0.277924,0.235928,0.336465,0.149682]]},{"db":1,"id":"MA1206.1","alt":"ARF2","len":10,"ltrim":2,"rtrim":2,"nsites":599,"url":"http://jaspar2018.genereg.net/matrix/MA1206.1","pwm":[[0.408995,0.193658,0.0834928,0.313852],[0.252094,0.101854,0.322185,0.323868],[4.86897e-05,0.659357,0.340546,4.86897e-05],[0.333883,0.640996,0.0250726,4.86897e-05],[0.186995,3.47688e-05,0.812921,4.86897e-05],[0.933115,3.47688e-05,0.0668016,4.86897e-05],[4.86897e-05,0.999868,3.47688e-05,4.86897e-05],[0.938122,0.0617945,3.47688e-05,4.86897e-05],[0.452394,0.0951779,0.218696,0.233733],[0.365597,0.145253,0.345553,0.143598]]}],"sequence_names":["chr17:78690100-78690649","chr1:523900-524399","chr2:223843200-223843749","chr3:133718450-133718949","chr3:30367300-30367849","chr4:131057400-131058299","chr5:53039550-53040149"],"primaries":[{"motif":{"db":0,"id":"AAARRRYTKDTGCAYGAVMAMAGRAASAG","alt":"MEME-2","len":29,"ltrim":0,"rtrim":0,"nsites":9,"evalue":"2.6e-008","pwm":[[0.882326,0.00228901,0.00228901,0.113095],[0.772436,0.00228901,0.00228901,0.222985],[0.882326,0.112179,0.00228901,0.00320549],[0.332875,0.00228901,0.66163,0.00320549],[0.332875,0.00228901,0.66163,0.00320549],[0.442765,0.112179,0.331959,0.113095],[0.00320549,0.441849,0.112179,0.442765],[0.00320549,0.112179,0.00228901,0.882326],[0.00320549,0.00228901,0.441849,0.552656],[0.222985,0.112179,0.222069,0.442765],[0.00320549,0.00228901,0.222069,0.772436],[0.113095,0.00228901,0.77152,0.113095],[0.00320549,0.77152,0.222069,0.00320549],[0.882326,0.112179,0.00228901,0.00320549],[0.00320549,0.441849,0.00228901,0.552656],[0.113095,0.00228901,0.88141,0.00320549],[0.552656,0.222069,0.222069,0.00320549],[0.332875,0.331959,0.331959,0.00320549],[0.662546,0.331959,0.00228901,0.00320549],[0.882326,0.00228901,0.112179,0.00320549],[0.662546,0.331959,0.00228901,0.00320549],[0.772436,0.00228901,0.222069,0.00320549],[0.00320549,0.00228901,0.88141,0.113095],[0.442765,0.112179,0.331959,0.113095],[0.662546,0.222069,0.00228901,0.113095],[0.992216,0.00228901,0.00228901,0.00320549],[0.00320549,0.55174,0.441849,0.00320549],[0.772436,0.00228901,0.222069,0.00320549],[0.00320549,0.222069,0.77152,0.00320549]]},"secondaries":[[{"idx":12,"counts":[[0,0,0,0,0,0,0,0,0,0,0,0,0,0,0,0,0,0,0,0,0,0,0,0,0,0,0,0,0,0,0,0,0,0,0,0,0,0,0,0,0,0,0,0,0,0,0,0,0,0,0,0,0,0,0,0,0,0,0,0,0,0,0,0,0,0,0,0,0,0,0,0,0,0,0,0,0,0,0,0,0,0,0,0,0,0,0,0,0,0,0,0,0,0,0,0,0,0,0,0,0,0,0,0,0,0,0,0,0,0,0,0,0,0,0,0,0,0,0,0,0,0,0,0,0,0,0,0,0,0,0,0,0,0,0,0,0,0,0,0,0,0,0,0,0],[0,0,0,0,0,0,0,0,3,0,0,0,0,0,0,0,0,0,0,0,0,0,0,0,0,0,0,0,0,0,0,0,0,0,0,0,0,0,0,0,0,0,0,0,0,0,0,0,0,0,0,0,0,0,0,0,0,0,0,0,0,0,0,0,0,0,0,0,0,0,0,0,0,0,0,0,0,0,0,0,0,0,0,0,0,0,0,0,0,0,0,0,0,0,0,0,0,0,0,0,0,0,0,0,0,0,0,0,0,0,0,0,0,0,0,0,0,0,0,0,0,0,0,0,0,0,0,0,0,0,0,0,0,0,0,0,0,0,0,0,0,0,0,0,0],[0,0,0,0,0,0,0,0,0,0,0,0,0,0,0,0,0,0,0,0,0,0,0,0,0,0,0,0,0,0,0,0,0,0,0,0,0,0,0,1,0,0,0,0,0,0,0,0,0,0,0,0,0,0,0,0,0,0,0,0,0,0,0,0,0,0,0,0,0,0,0,0,0,0,0,0,0,0,0,0,0,0,0,0,0,0,0,0,0,0,0,0,0,0,0,0,0,0,0,0,0,0,0,0,0,0,0,0,0,0,0,0,0,0,0,0,0,0,0,0,0,0,0,0,0,0,0,0,0,0,0,0,0,0,0,0,0,0,0,0,0,0,0,0,0],[0,0,0,0,0,0,0,0,0,0,0,0,0,0,0,0,0,0,0,0,0,0,0,0,0,0,0,0,0,0,0,0,0,0,0,0,0,0,0,0,0,0,0,0,0,0,0,0,0,0,0,0,0,0,0,0,0,0,0,0,0,0,0,0,0,0,0,0,0,0,0,0,0,0,0,0,0,0,0,0,0,0,0,0,0,0,0,0,0,0,0,0,0,0,0,0,0,0,0,0,0,0,0,0,0,0,0,0,0,0,0,0,0,0,0,0,0,0,0,0,0,0,0,0,0,0,0,0,0,0,0,0,0,0,0,0,0,0,0,0,0,0,0,0,0]],"spacings":[{"orient":1,"bin":8,"pvalue":2.09039e-08,"inferred_pwm":[[0,0,1,0],[0,0,0,1],[1,0,0,0],[1,0,0,0],[1,0,0,0],[0,1,0,0],[1,0,0,0]],"alignment_pwm":[null,[[0.333333,0,0,0.666667],[0.666667,0,0,0.333333],[1,0,0,0],[1,0,0,0],[0.333333,0,0,0.666667],[0.666667,0,0,0.333333],[0.333333,0,0.666667,0],[0,0.666667,0.333333,0],[0,0.333333,0,0.666667],[0,0,0.666667,0.333333],[0,0,1,0],[0,0,1,0],[0.666667,0,0.333333,0],[0.333333,0.666667,0,0],[0,0.333333,0,0.666667],[0,0.333333,0,0.666667],[0.666667,0,0,0.333333],[1,0,0,0],[0.333333,0,0,0.666667],[0,0,0,1],[0.333333,0,0,0.666667],[1,0,0,0],[1,0,0,0],[0.333333,0.666667,0,0],[0,0.666667,0,0.333333],[0.666667,0,0,0.333333],[1,0,0,0],[1,0,0,0],[0,0,1,0],[0.333333,0,0.666667,0],[0.333333,0.333333,0.333333,0],[0,0.666667,0.333333,0],[0,0,0,1],[0,0,0,1],[0,0,0,1],[0,0,0,1],[0,0,1,0],[0,1,0,0],[1,0,0,0],[0,0.666667,0,0.333333],[0,0,1,0],[0.333333,0,0.666667,0],[0,1,0,0],[1,0,0,0],[1,0,0,0],[1,0,0,0],[0.666667,0,0.333333,0],[0,0,1,0],[0,0,1,0],[1,0,0,0],[1,0,0,0],[0,1,0,0],[1,0,0,0],[0,0,1,0],[0,0,0,1],[0,1,0,0],[1,0,0,0],[0,0,1,0],[0,1,0,0],[1,0,0,0],[0,0,1,0],[1,0,0,0],[0,0,1,0],[0,0,0,1],[1,0,0,0],[1,0,0,0],[1,0,0,0],[0,1,0,0],[1,0,0,0],[0,0,1,0],[1,0,0,0],[0,1,0,0],[1,0,0,0],[1,0,0,0],[0,1,0,0],[0,1,0,0],[0.333333,0.666667,0,0],[0.666667,0.333333,0,0],[0.666667,0.333333,0,0]],null,null],"seqs":[0,5,6]},{"orient":6,"bin":8,"pvalue":1.67013e-07,"inferred_pwm":[[0,0,1,0],[0,0,0,1],[1,0,0,0],[1,0,0,0],[1,0,0,0],[0,1,0,0],[1,0,0,0]],"alignment_pwm":[null,[[0.333333,0,0,0.666667],[0.666667,0,0,0.333333],[1,0,0,0],[1,0,0,0],[0.333333,0,0,0.666667],[0.666667,0,0,0.333333],[0.333333,0,0.666667,0],[0,0.666667,0.333333,0],[0,0.333333,0,0.666667],[0,0,0.666667,0.333333],[0,0,1,0],[0,0,1,0],[0.666667,0,0.333333,0],[0.333333,0.666667,0,0],[0,0.333333,0,0.666667],[0,0.333333,0,0.666667],[0.666667,0,0,0.333333],[1,0,0,0],[0.333333,0,0,0.666667],[0,0,0,1],[0.333333,0,0,0.666667],[1,0,0,0],[1,0,0,0],[0.333333,0.666667,0,0],[0,0.666667,0,0.333333],[0.666667,0,0,0.333333],[1,0,0,0],[1,0,0,0],[0,0,1,0],[0.333333,0,0.666667,0],[0.333333,0.333333,0.333333,0],[0,0.666667,0.333333,0],[0,0,0,1],[0,0,0,1],[0,0,0,1],[0,0,0,1],[0,0,1,0],[0,1,0,0],[1,0,0,0],[0,0.666667,0,0.333333],[0,0,1,0],[0.333333,0,0.666667,0],[0,1,0,0],[1,0,0,0],[1,0,0,0],[1,0,0,0],[0.666667,0,0.333333,0],[0,0,1,0],[0,0,1,0],[1,0,0,0],[1,0,0,0],[0,1,0,0],[1,0,0,0],[0,0,1,0],[0,0,0,1],[0,1,0,0],[1,0,0,0],[0,0,1,0],[0,1,0,0],[1,0,0,0],[0,0,1,0],[1,0,0,0],[0,0,1,0],[0,0,0,1],[1,0,0,0],[1,0,0,0],[1,0,0,0],[0,1,0,0],[1,0,0,0],[0,0,1,0],[1,0,0,0],[0,1,0,0],[1,0,0,0],[1,0,0,0],[0,1,0,0],[0,1,0,0],[0.333333,0.666667,0,0],[0.666667,0.333333,0,0],[0.666667,0.333333,0,0]],null,null],"seqs":[0,5,6]},{"orient":7,"bin":8,"pvalue":1.67013e-07,"inferred_pwm":[[0,0,1,0],[0,0,0,1],[1,0,0,0],[1,0,0,0],[1,0,0,0],[0,1,0,0],[1,0,0,0]],"alignment_pwm":[null,[[0.333333,0,0,0.666667],[0.666667,0,0,0.333333],[1,0,0,0],[1,0,0,0],[0.333333,0,0,0.666667],[0.666667,0,0,0.333333],[0.333333,0,0.666667,0],[0,0.666667,0.333333,0],[0,0.333333,0,0.666667],[0,0,0.666667,0.333333],[0,0,1,0],[0,0,1,0],[0.666667,0,0.333333,0],[0.333333,0.666667,0,0],[0,0.333333,0,0.666667],[0,0.333333,0,0.666667],[0.666667,0,0,0.333333],[1,0,0,0],[0.333333,0,0,0.666667],[0,0,0,1],[0.333333,0,0,0.666667],[1,0,0,0],[1,0,0,0],[0.333333,0.666667,0,0],[0,0.666667,0,0.333333],[0.666667,0,0,0.333333],[1,0,0,0],[1,0,0,0],[0,0,1,0],[0.333333,0,0.666667,0],[0.333333,0.333333,0.333333,0],[0,0.666667,0.333333,0],[0,0,0,1],[0,0,0,1],[0,0,0,1],[0,0,0,1],[0,0,1,0],[0,1,0,0],[1,0,0,0],[0,0.666667,0,0.333333],[0,0,1,0],[0.333333,0,0.666667,0],[0,1,0,0],[1,0,0,0],[1,0,0,0],[1,0,0,0],[0.666667,0,0.333333,0],[0,0,1,0],[0,0,1,0],[1,0,0,0],[1,0,0,0],[0,1,0,0],[1,0,0,0],[0,0,1,0],[0,0,0,1],[0,1,0,0],[1,0,0,0],[0,0,1,0],[0,1,0,0],[1,0,0,0],[0,0,1,0],[1,0,0,0],[0,0,1,0],[0,0,0,1],[1,0,0,0],[1,0,0,0],[1,0,0,0],[0,1,0,0],[1,0,0,0],[0,0,1,0],[1,0,0,0],[0,1,0,0],[1,0,0,0],[1,0,0,0],[0,1,0,0],[0,1,0,0],[0.333333,0.666667,0,0],[0.666667,0.333333,0,0],[0.666667,0.333333,0,0]],null,null],"seqs":[0,5,6]},{"orient":8,"bin":8,"pvalue":1.33261e-06,"inferred_pwm":[[0,0,1,0],[0,0,0,1],[1,0,0,0],[1,0,0,0],[1,0,0,0],[0,1,0,0],[1,0,0,0]],"alignment_pwm":[null,[[0.333333,0,0,0.666667],[0.666667,0,0,0.333333],[1,0,0,0],[1,0,0,0],[0.333333,0,0,0.666667],[0.666667,0,0,0.333333],[0.333333,0,0.666667,0],[0,0.666667,0.333333,0],[0,0.333333,0,0.666667],[0,0,0.666667,0.333333],[0,0,1,0],[0,0,1,0],[0.666667,0,0.333333,0],[0.333333,0.666667,0,0],[0,0.333333,0,0.666667],[0,0.333333,0,0.666667],[0.666667,0,0,0.333333],[1,0,0,0],[0.333333,0,0,0.666667],[0,0,0,1],[0.333333,0,0,0.666667],[1,0,0,0],[1,0,0,0],[0.333333,0.666667,0,0],[0,0.666667,0,0.333333],[0.666667,0,0,0.333333],[1,0,0,0],[1,0,0,0],[0,0,1,0],[0.333333,0,0.666667,0],[0.333333,0.333333,0.333333,0],[0,0.666667,0.333333,0],[0,0,0,1],[0,0,0,1],[0,0,0,1],[0,0,0,1],[0,0,1,0],[0,1,0,0],[1,0,0,0],[0,0.666667,0,0.333333],[0,0,1,0],[0.333333,0,0.666667,0],[0,1,0,0],[1,0,0,0],[1,0,0,0],[1,0,0,0],[0.666667,0,0.333333,0],[0,0,1,0],[0,0,1,0],[1,0,0,0],[1,0,0,0],[0,1,0,0],[1,0,0,0],[0,0,1,0],[0,0,0,1],[0,1,0,0],[1,0,0,0],[0,0,1,0],[0,1,0,0],[1,0,0,0],[0,0,1,0],[1,0,0,0],[0,0,1,0],[0,0,0,1],[1,0,0,0],[1,0,0,0],[1,0,0,0],[0,1,0,0],[1,0,0,0],[0,0,1,0],[1,0,0,0],[0,1,0,0],[1,0,0,0],[1,0,0,0],[0,1,0,0],[0,1,0,0],[0.333333,0.666667,0,0],[0.666667,0.333333,0,0],[0.666667,0.333333,0,0]],null,null],"seqs":[0,5,6]}]}],[{"idx":30,"counts":[[0,0,0,0,0,0,0,0,0,0,0,0,0,0,0,0,0,0,0,0,0,0,0,0,0,0,0,0,0,0,0,0,0,0,0,0,0,1,0,0,0,0,0,0,0,0,0,0,0,0,0,0,0,0,0,0,0,0,0,0,0,0,0,0,0,0,0,0,0,0,0,0,0,0,0,0,0,0,0,0,0,0,0,0,0,0,0,0,0,0,0,0,0,0,0,0,0,0,0,0,0,0,0,0,0,0,0,0,0,0,0,0,0,0,0,0,0,0,0,0,0,0,0,0,0,0,0,0,0,0,0,0,0,0,0,0,0,0,0,0,0,0,0,0,0],[0,0,0,0,0,0,0,0,0,0,0,0,3,0,0,0,0,0,0,0,0,0,0,0,0,0,0,0,0,0,0,0,0,0,0,0,0,0,0,0,0,0,0,0,0,0,0,0,0,0,0,0,0,0,0,0,0,0,0,0,0,0,0,0,0,0,0,0,0,0,0,0,0,0,0,0,0,0,0,0,0,0,0,0,0,0,0,0,0,0,0,0,0,0,0,0,0,0,0,0,0,0,0,0,0,0,0,0,0,0,0,0,0,0,0,0,0,0,0,0,0,0,0,0,0,0,0,0,0,0,0,0,0,0,0,0,0,0,0,0,0,0,0,0,0],[0,0,0,0,0,0,0,0,0,0,0,0,0,0,0,0,0,0,0,0,0,0,0,0,0,0,0,0,0,0,0,0,0,0,0,0,0,0,0,0,0,0,0,0,0,0,0,0,0,0,0,0,0,0,0,0,0,0,0,0,0,0,0,0,0,0,0,0,0,0,0,0,0,0,0,0,0,0,0,0,0,0,0,0,0,0,0,0,0,0,0,0,0,0,0,0,0,0,0,0,0,0,0,0,0,0,0,0,0,0,0,0,0,0,0,0,0,0,0,0,0,0,0,0,0,0,0,0,0,0,0,0,0,0,0,0,0,0,0,0,0,0,0,0,0],[0,0,0,0,0,0,0,0,0,0,0,0,0,0,0,0,0,0,0,0,0,0,0,0,0,0,0,0,0,0,0,0,0,0,0,0,0,0,0,0,0,0,0,0,0,0,0,0,0,0,0,0,0,0,0,0,0,0,0,0,0,0,0,0,0,0,0,0,0,0,0,0,0,0,0,0,0,0,0,0,0,0,0,0,0,0,0,0,0,0,0,0,0,0,0,0,0,0,0,0,0,0,0,0,0,0,0,0,0,0,0,0,0,0,0,0,0,0,0,0,0,0,0,0,0,0,0,0,0,0,0,0,0,0,0,0,0,0,0,0,0,0,0,0,0]],"spacings":[{"orient":1,"bin":12,"pvalue":2.09039e-08,"inferred_pwm":[[1,0,0,0],[0,1,0,0],[1,0,0,0],[0,0,1,0],[1,0,0,0],[0,1,0,0],[1,0,0,0]],"alignment_pwm":[null,[[1,0,0,0],[1,0,0,0],[0.333333,0,0.666667,0],[0.666667,0,0.333333,0],[0.333333,0,0,0.666667],[0.666667,0,0,0.333333],[1,0,0,0],[1,0,0,0],[0.333333,0,0,0.666667],[0.666667,0,0,0.333333],[0.333333,0,0.666667,0],[0,0.666667,0.333333,0],[0,0.333333,0,0.666667],[0,0,0.666667,0.333333],[0,0,1,0],[0,0,1,0],[0.666667,0,0.333333,0],[0.333333,0.666667,0,0],[0,0.333333,0,0.666667],[0,0.333333,0,0.666667],[0.666667,0,0,0.333333],[1,0,0,0],[0.333333,0,0,0.666667],[0,0,0,1],[0.333333,0,0,0.666667],[1,0,0,0],[1,0,0,0],[0.333333,0.666667,0,0],[0,0.666667,0,0.333333],[0.666667,0,0,0.333333],[1,0,0,0],[1,0,0,0],[0,0,1,0],[0.333333,0,0.666667,0],[0.333333,0.333333,0.333333,0],[0,0.666667,0.333333,0],[0,0,0,1],[0,0,0,1],[0,0,0,1],[0,0,0,1],[0,0,1,0],[0,1,0,0],[1,0,0,0],[0,0.666667,0,0.333333],[0,0,1,0],[0.333333,0,0.666667,0],[0,1,0,0],[1,0,0,0],[1,0,0,0],[1,0,0,0],[0.666667,0,0.333333,0],[0,0,1,0],[0,0,1,0],[1,0,0,0],[1,0,0,0],[0,1,0,0],[1,0,0,0],[0,0,1,0],[0,0,0,1],[0,1,0,0],[1,0,0,0],[0,0,1,0],[0,1,0,0],[1,0,0,0],[0,0,1,0],[1,0,0,0],[0,0,1,0],[0,0,0,1],[1,0,0,0],[1,0,0,0],[1,0,0,0],[0,1,0,0],[1,0,0,0],[0,0,1,0],[1,0,0,0],[0,1,0,0],[1,0,0,0],[1,0,0,0],[0,1,0,0],[0,1,0,0],[0.333333,0.666667,0,0],[0.666667,0.333333,0,0],[0.666667,0.333333,0,0],[0.666667,0,0.333333,0],[0.333333,0,0.333333,0.333333],[0.333333,0,0.333333,0.333333],[0,0,0.333333,0.666667]],null,null],"seqs":[0,5,6]},{"orient":6,"bin":12,"pvalue":1.67013e-07,"inferred_pwm":[[1,0,0,0],[0,1,0,0],[1,0,0,0],[0,0,1,0],[1,0,0,0],[0,1,0,0],[1,0,0,0]],"alignment_pwm":[null,[[1,0,0,0],[1,0,0,0],[0.333333,0,0.666667,0],[0.666667,0,0.333333,0],[0.333333,0,0,0.666667],[0.666667,0,0,0.333333],[1,0,0,0],[1,0,0,0],[0.333333,0,0,0.666667],[0.666667,0,0,0.333333],[0.333333,0,0.666667,0],[0,0.666667,0.333333,0],[0,0.333333,0,0.666667],[0,0,0.666667,0.333333],[0,0,1,0],[0,0,1,0],[0.666667,0,0.333333,0],[0.333333,0.666667,0,0],[0,0.333333,0,0.666667],[0,0.333333,0,0.666667],[0.666667,0,0,0.333333],[1,0,0,0],[0.333333,0,0,0.666667],[0,0,0,1],[0.333333,0,0,0.666667],[1,0,0,0],[1,0,0,0],[0.333333,0.666667,0,0],[0,0.666667,0,0.333333],[0.666667,0,0,0.333333],[1,0,0,0],[1,0,0,0],[0,0,1,0],[0.333333,0,0.666667,0],[0.333333,0.333333,0.333333,0],[0,0.666667,0.333333,0],[0,0,0,1],[0,0,0,1],[0,0,0,1],[0,0,0,1],[0,0,1,0],[0,1,0,0],[1,0,0,0],[0,0.666667,0,0.333333],[0,0,1,0],[0.333333,0,0.666667,0],[0,1,0,0],[1,0,0,0],[1,0,0,0],[1,0,0,0],[0.666667,0,0.333333,0],[0,0,1,0],[0,0,1,0],[1,0,0,0],[1,0,0,0],[0,1,0,0],[1,0,0,0],[0,0,1,0],[0,0,0,1],[0,1,0,0],[1,0,0,0],[0,0,1,0],[0,1,0,0],[1,0,0,0],[0,0,1,0],[1,0,0,0],[0,0,1,0],[0,0,0,1],[1,0,0,0],[1,0,0,0],[1,0,0,0],[0,1,0,0],[1,0,0,0],[0,0,1,0],[1,0,0,0],[0,1,0,0],[1,0,0,0],[1,0,0,0],[0,1,0,0],[0,1,0,0],[0.333333,0.666667,0,0],[0.666667,0.333333,0,0],[0.666667,0.333333,0,0],[0.666667,0,0.333333,0],[0.333333,0,0.333333,0.333333],[0.333333,0,0.333333,0.333333],[0,0,0.333333,0.666667]],null,null],"seqs":[0,5,6]},{"orient":7,"bin":12,"pvalue":1.67013e-07,"inferred_pwm":[[1,0,0,0],[0,1,0,0],[1,0,0,0],[0,0,1,0],[1,0,0,0],[0,1,0,0],[1,0,0,0]],"alignment_pwm":[null,[[1,0,0,0],[1,0,0,0],[0.333333,0,0.666667,0],[0.666667,0,0.333333,0],[0.333333,0,0,0.666667],[0.666667,0,0,0.333333],[1,0,0,0],[1,0,0,0],[0.333333,0,0,0.666667],[0.666667,0,0,0.333333],[0.333333,0,0.666667,0],[0,0.666667,0.333333,0],[0,0.333333,0,0.666667],[0,0,0.666667,0.333333],[0,0,1,0],[0,0,1,0],[0.666667,0,0.333333,0],[0.333333,0.666667,0,0],[0,0.333333,0,0.666667],[0,0.333333,0,0.666667],[0.666667,0,0,0.333333],[1,0,0,0],[0.333333,0,0,0.666667],[0,0,0,1],[0.333333,0,0,0.666667],[1,0,0,0],[1,0,0,0],[0.333333,0.666667,0,0],[0,0.666667,0,0.333333],[0.666667,0,0,0.333333],[1,0,0,0],[1,0,0,0],[0,0,1,0],[0.333333,0,0.666667,0],[0.333333,0.333333,0.333333,0],[0,0.666667,0.333333,0],[0,0,0,1],[0,0,0,1],[0,0,0,1],[0,0,0,1],[0,0,1,0],[0,1,0,0],[1,0,0,0],[0,0.666667,0,0.333333],[0,0,1,0],[0.333333,0,0.666667,0],[0,1,0,0],[1,0,0,0],[1,0,0,0],[1,0,0,0],[0.666667,0,0.333333,0],[0,0,1,0],[0,0,1,0],[1,0,0,0],[1,0,0,0],[0,1,0,0],[1,0,0,0],[0,0,1,0],[0,0,0,1],[0,1,0,0],[1,0,0,0],[0,0,1,0],[0,1,0,0],[1,0,0,0],[0,0,1,0],[1,0,0,0],[0,0,1,0],[0,0,0,1],[1,0,0,0],[1,0,0,0],[1,0,0,0],[0,1,0,0],[1,0,0,0],[0,0,1,0],[1,0,0,0],[0,1,0,0],[1,0,0,0],[1,0,0,0],[0,1,0,0],[0,1,0,0],[0.333333,0.666667,0,0],[0.666667,0.333333,0,0],[0.666667,0.333333,0,0],[0.666667,0,0.333333,0],[0.333333,0,0.333333,0.333333],[0.333333,0,0.333333,0.333333],[0,0,0.333333,0.666667]],null,null],"seqs":[0,5,6]},{"orient":8,"bin":12,"pvalue":1.33261e-06,"inferred_pwm":[[1,0,0,0],[0,1,0,0],[1,0,0,0],[0,0,1,0],[1,0,0,0],[0,1,0,0],[1,0,0,0]],"alignment_pwm":[null,[[1,0,0,0],[1,0,0,0],[0.333333,0,0.666667,0],[0.666667,0,0.333333,0],[0.333333,0,0,0.666667],[0.666667,0,0,0.333333],[1,0,0,0],[1,0,0,0],[0.333333,0,0,0.666667],[0.666667,0,0,0.333333],[0.333333,0,0.666667,0],[0,0.666667,0.333333,0],[0,0.333333,0,0.666667],[0,0,0.666667,0.333333],[0,0,1,0],[0,0,1,0],[0.666667,0,0.333333,0],[0.333333,0.666667,0,0],[0,0.333333,0,0.666667],[0,0.333333,0,0.666667],[0.666667,0,0,0.333333],[1,0,0,0],[0.333333,0,0,0.666667],[0,0,0,1],[0.333333,0,0,0.666667],[1,0,0,0],[1,0,0,0],[0.333333,0.666667,0,0],[0,0.666667,0,0.333333],[0.666667,0,0,0.333333],[1,0,0,0],[1,0,0,0],[0,0,1,0],[0.333333,0,0.666667,0],[0.333333,0.333333,0.333333,0],[0,0.666667,0.333333,0],[0,0,0,1],[0,0,0,1],[0,0,0,1],[0,0,0,1],[0,0,1,0],[0,1,0,0],[1,0,0,0],[0,0.666667,0,0.333333],[0,0,1,0],[0.333333,0,0.666667,0],[0,1,0,0],[1,0,0,0],[1,0,0,0],[1,0,0,0],[0.666667,0,0.333333,0],[0,0,1,0],[0,0,1,0],[1,0,0,0],[1,0,0,0],[0,1,0,0],[1,0,0,0],[0,0,1,0],[0,0,0,1],[0,1,0,0],[1,0,0,0],[0,0,1,0],[0,1,0,0],[1,0,0,0],[0,0,1,0],[1,0,0,0],[0,0,1,0],[0,0,0,1],[1,0,0,0],[1,0,0,0],[1,0,0,0],[0,1,0,0],[1,0,0,0],[0,0,1,0],[1,0,0,0],[0,1,0,0],[1,0,0,0],[1,0,0,0],[0,1,0,0],[0,1,0,0],[0.333333,0.666667,0,0],[0.666667,0.333333,0,0],[0.666667,0.333333,0,0],[0.666667,0,0.333333,0],[0.333333,0,0.333333,0.333333],[0.333333,0,0.333333,0.333333],[0,0,0.333333,0.666667]],null,null],"seqs":[0,5,6]}]}],[{"idx":9,"counts":[[0,0,0,0,0,0,0,0,0,0,0,0,0,0,0,0,0,0,0,0,0,0,0,0,0,0,0,0,0,0,0,0,0,0,0,0,0,0,0,0,0,0,0,0,0,0,0,0,0,0,0,0,0,0,0,0,0,0,0,0,0,0,0,0,0,0,0,0,0,0,0,0,0,0,0,0,0,0,0,0,0,0,0,0,0,0,0,0,0,0,0,0,0,0,0,0,0,0,0,0,0,0,0,0,0,0,0,0,0,0,0,0,0,0,0,0,0,0,0,1,0,0,0,0,0,0,0,0,0,0,0,0,0,0,0,0,0,0,0,0,0,0,0,0],[0,0,0,0,0,0,0,0,3,0,0,0,0,0,0,0,0,0,0,0,0,0,0,0,0,0,0,0,0,0,0,0,0,0,0,0,0,0,0,0,0,0,0,0,0,0,0,0,0,0,0,0,0,0,0,0,0,0,0,0,0,0,0,0,0,0,0,0,0,0,0,0,0,0,0,0,0,0,0,0,0,0,0,0,0,0,0,0,0,0,0,0,0,0,0,0,0,0,0,0,0,0,0,0,0,0,0,0,0,0,0,0,0,0,0,0,0,0,0,1,0,0,0,0,0,0,0,0,0,0,0,0,0,0,0,0,0,0,0,0,0,0,0,0],[0,0,0,0,0,0,0,0,0,0,0,0,0,0,0,0,0,0,0,0,0,0,0,0,0,0,0,0,0,0,0,0,0,0,0,0,0,0,0,0,0,0,0,0,0,0,0,0,0,0,0,0,0,0,0,0,0,0,0,0,0,0,0,0,0,0,0,0,0,0,0,0,0,0,0,0,0,0,0,0,0,0,0,0,0,0,0,0,0,0,0,0,0,0,0,0,0,0,0,0,0,0,0,0,0,0,0,0,0,0,0,0,0,0,0,0,0,0,0,0,0,0,0,0,0,0,0,0,0,0,0,0,0,0,0,0,0,0,0,0,0,0,0,0],[0,0,0,0,0,0,0,0,0,0,0,0,0,0,0,0,0,0,0,0,0,0,0,0,0,0,0,0,0,0,0,0,0,0,0,0,0,0,0,0,0,0,0,0,0,0,0,0,0,0,0,0,0,0,0,0,0,0,0,0,0,0,0,0,0,0,0,0,0,0,0,0,0,0,0,0,0,0,0,0,0,0,0,0,0,0,0,0,0,0,0,0,0,0,0,0,0,0,0,0,0,0,0,0,0,0,0,0,0,0,0,0,0,0,0,0,0,0,0,0,0,0,0,0,0,0,0,0,0,0,0,0,0,0,0,0,0,0,0,0,0,0,0,0]],"spacings":[{"orient":1,"bin":8,"pvalue":5.32933e-08,"inferred_pwm":[[0,0,1,0],[0,0,0,1],[1,0,0,0],[1,0,0,0],[1,0,0,0],[0,1,0,0],[1,0,0,0],[0,0,1,0]