<!DOCTYPE HTML>
<html>
  <head>
    <meta charset="UTF-8">
    <title>SpaMo - Spaced Motif Analysis</title>
    <script type="text/javascript">
      //@JSON_VAR data
      var data = {"program":"SpaMo","version":"4.12.0","revision":"aacc9c3eb8c7b460b344d5c8aa1458097dae704d","release":"Tue Jun 27 16:22:50 2017 -0700","host":"Sudins-iMac.local","when":"Thu May 24 14:23:13 2018","cmd":["spamo","-verbosity","1","-oc","results/AHRpeaks_not-in-DHSs-withAHREs.bed-499.fa/jaspar/spamo_out_2","-bgfile","results/AHRpeaks_not-in-DHSs-withAHREs.bed-499.fa/jaspar/background","-primary","CCCAAAAGCAAATKCAATARAAACAAAGAT","results/AHRpeaks_not-in-DHSs-withAHREs.bed-499.fa/jaspar/AHRpeaks_not-in-DHSs-withAHREs.bed-499.fa","results/AHRpeaks_not-in-DHSs-withAHREs.bed-499.fa/jaspar/meme_out/meme.xml","results/AHRpeaks_not-in-DHSs-withAHREs.bed-499.fa/jaspar/meme_out/meme.xml","results/AHRpeaks_not-in-DHSs-withAHREs.bed-499.fa/jaspar/dreme_out/dreme.xml","/Users/filipov4/meme/db/motif_databases/JASPAR/JASPAR2018_CORE_non-redundant.meme"],"options":{"seq_min_hit_score":7,"margin":150,"bin_size":1,"bin_pvalue_calc_range":150,"use_best_secondary":0,"seq_max_shared_fract":0.5,"seq_odds_ratio":20,"bin_pvalue_cutoff":0.05,"motif_evalue_cutoff":10,"redundant_overlap":2,"redundant_joint":0.5,"motif_pseudocount":0.1,"bgfile":"results/AHRpeaks_not-in-DHSs-withAHREs.bed-499.fa/jaspar/background","motif_trim":0.25,"xalph":0,"seed":1,"bin_max":3},"alphabet":{"name":"DNA","like":"dna","ncore":4,"symbols":[{"symbol":"A","name":"Adenine","colour":"CC0000","complement":"T"},{"symbol":"C","name":"Cytosine","colour":"0000CC","complement":"G"},{"symbol":"G","name":"Guanine","colour":"FFB300","complement":"C"},{"symbol":"T","aliases":"U","name":"Thymine","colour":"008000","complement":"A"},{"symbol":"N","aliases":"X.","name":"Any base","equals":"ACGT"},{"symbol":"V","name":"Not T","equals":"ACG"},{"symbol":"H","name":"Not G","equals":"ACT"},{"symbol":"D","name":"Not C","equals":"AGT"},{"symbol":"B","name":"Not A","equals":"CGT"},{"symbol":"M","name":"Amino","equals":"AC"},{"symbol":"R","name":"Purine","equals":"AG"},{"symbol":"W","name":"Weak","equals":"AT"},{"symbol":"S","name":"Strong","equals":"CG"},{"symbol":"Y","name":"Pyrimidine","equals":"CT"},{"symbol":"K","name":"Keto","equals":"GT"}]},"background":[0.3192,0.1808,0.1808,0.3192],"sequence_dbs":[{"source":"results/AHRpeaks_not-in-DHSs-withAHREs.bed-499.fa/jaspar/AHRpeaks_not-in-DHSs-withAHREs.bed-499.fa","name":"AHRpeaks_not-in-DHSs-withAHREs.bed-499","last_modified":"Thu May 24 11:14:35 2018","loaded":15,"excluded_too_short":0,"excluded_no_match":11,"excluded_ambigs":0,"excluded_similar":1,"erased_primary_matches":0}],"primary_dbs":[{"source":"results/AHRpeaks_not-in-DHSs-withAHREs.bed-499.fa/jaspar/meme_out/meme.xml","name":"meme.xml","last_modified":"Thu May 24 14:22:30 2018","loaded":6,"excluded":5}],"secondary_dbs":[{"source":"results/AHRpeaks_not-in-DHSs-withAHREs.bed-499.fa/jaspar/meme_out/meme.xml","name":"meme.xml","last_modified":"Thu May 24 14:22:30 2018","loaded":7,"excluded":1},{"source":"results/AHRpeaks_not-in-DHSs-withAHREs.bed-499.fa/jaspar/dreme_out/dreme.xml","name":"dreme.xml","last_modified":"Thu May 24 14:22:31 2018","loaded":1,"excluded":0},{"source":"/Users/filipov4/meme/db/motif_databases/JASPAR/JASPAR2018_CORE_non-redundant.meme","name":"JASPAR2018_CORE_non-redundant","last_modified":"Thu Dec  7 14:38:42 2017","loaded":1404,"excluded":0}],"secondary_motifs":[{"db":0,"id":"GTTWAATTARGTCCCAGCTAT","alt":"MEME-4","len":21,"ltrim":0,"rtrim":0,"nsites":3,"evalue":"4.5e-001","pwm":[[0.0102968,0.00583227,0.973574,0.0102968],[0.0102968,0.00583227,0.00583227,0.978039],[0.0102968,0.00583227,0.00583227,0.978039],[0.332877,0.00583227,0.00583227,0.655458],[0.978039,0.00583227,0.00583227,0.0102968],[0.978039,0.00583227,0.00583227,0.0102968],[0.0102968,0.00583227,0.00583227,0.978039],[0.0102968,0.00583227,0.00583227,0.978039],[0.978039,0.00583227,0.00583227,0.0102968],[0.655458,0.00583227,0.328413,0.0102968],[0.0102968,0.00583227,0.973574,0.0102968],[0.0102968,0.00583227,0.00583227,0.978039],[0.0102968,0.973574,0.00583227,0.0102968],[0.0102968,0.973574,0.00583227,0.0102968],[0.0102968,0.973574,0.00583227,0.0102968],[0.978039,0.00583227,0.00583227,0.0102968],[0.0102968,0.00583227,0.973574,0.0102968],[0.0102968,0.973574,0.00583227,0.0102968],[0.0102968,0.00583227,0.00583227,0.978039],[0.978039,0.00583227,0.00583227,0.0102968],[0.0102968,0.00583227,0.00583227,0.978039]]},{"db":0,"id":"RGCTTTTGCAYGRCAAADGGAACAGTSAR","alt":"MEME-1","len":29,"ltrim":0,"rtrim":0,"nsites":5,"evalue":"4.5e-006","pwm":[[0.398416,0.0035451,0.59178,0.00625882],[0.202337,0.199624,0.59178,0.00625882],[0.00625882,0.59178,0.199624,0.202337],[0.00625882,0.199624,0.0035451,0.790573],[0.00625882,0.199624,0.0035451,0.790573],[0.00625882,0.0035451,0.0035451,0.986651],[0.00625882,0.199624,0.0035451,0.790573],[0.00625882,0.0035451,0.983937,0.00625882],[0.00625882,0.983937,0.0035451,0.00625882],[0.986651,0.0035451,0.0035451,0.00625882],[0.00625882,0.59178,0.0035451,0.398416],[0.00625882,0.0035451,0.983937,0.00625882],[0.398416,0.0035451,0.59178,0.00625882],[0.202337,0.59178,0.199624,0.00625882],[0.790573,0.0035451,0.199624,0.00625882],[0.790573,0.199624,0.0035451,0.00625882],[0.986651,0.0035451,0.0035451,0.00625882],[0.398416,0.0035451,0.395702,0.202337],[0.00625882,0.0035451,0.983937,0.00625882],[0.00625882,0.199624,0.59178,0.202337],[0.986651,0.0035451,0.0035451,0.00625882],[0.790573,0.0035451,0.199624,0.00625882],[0.00625882,0.787859,0.199624,0.00625882],[0.790573,0.0035451,0.0035451,0.202337],[0.00625882,0.0035451,0.983937,0.00625882],[0.00625882,0.0035451,0.199624,0.790573],[0.00625882,0.59178,0.395702,0.00625882],[0.790573,0.0035451,0.0035451,0.202337],[0.398416,0.0035451,0.59178,0.00625882]]},{"db":0,"id":"TTGSCYKAGGSRAGRMTTKCWTGMCYAA","alt":"MEME-5","len":28,"ltrim":0,"rtrim":0,"nsites":3,"evalue":"2.8e+000","pwm":[[0.0102968,0.00583227,0.00583227,0.978039],[0.0102968,0.00583227,0.00583227,0.978039],[0.0102968,0.00583227,0.973574,0.0102968],[0.0102968,0.650994,0.328413,0.0102968],[0.0102968,0.973574,0.00583227,0.0102968],[0.0102968,0.328413,0.00583227,0.655458],[0.0102968,0.00583227,0.328413,0.655458],[0.978039,0.00583227,0.00583227,0.0102968],[0.0102968,0.00583227,0.973574,0.0102968],[0.0102968,0.00583227,0.973574,0.0102968],[0.0102968,0.650994,0.328413,0.0102968],[0.655458,0.00583227,0.328413,0.0102968],[0.978039,0.00583227,0.00583227,0.0102968],[0.0102968,0.00583227,0.973574,0.0102968],[0.332877,0.00583227,0.650994,0.0102968],[0.655458,0.328413,0.00583227,0.0102968],[0.0102968,0.00583227,0.00583227,0.978039],[0.0102968,0.00583227,0.00583227,0.978039],[0.0102968,0.00583227,0.328413,0.655458],[0.0102968,0.973574,0.00583227,0.0102968],[0.655458,0.00583227,0.00583227,0.332877],[0.0102968,0.00583227,0.00583227,0.978039],[0.0102968,0.00583227,0.973574,0.0102968],[0.655458,0.328413,0.00583227,0.0102968],[0.0102968,0.973574,0.00583227,0.0102968],[0.0102968,0.650994,0.00583227,0.332877],[0.978039,0.00583227,0.00583227,0.0102968],[0.978039,0.00583227,0.00583227,0.0102968]]},{"db":2,"id":"MA0003.3","alt":"TFAP2A","len":11,"ltrim":1,"rtrim":1,"nsites":5308,"url":"http://jaspar2018.genereg.net/matrix/MA0003.3","pwm":[[0.321402,0.365295,0.0521874,0.261116],[0.0249505,0.176256,0.790229,0.00856385],[6.01345e-06,0.974471,0.0255169,6.01345e-06],[6.01345e-06,0.947852,0.00196737,0.0501751],[0.0062219,0.310038,0.123941,0.559799],[0.108331,0.505269,0.303879,0.0825215],[0.685621,0.187418,0.116407,0.0105538],[0.154625,0.0342278,0.811142,6.01345e-06],[6.01345e-06,0.0058083,0.99418,6.01345e-06],[0.0057899,0.881703,0.108583,0.00392394],[0.351355,0.15034,0.24397,0.254334]]},{"db":2,"id":"MA0011.1","alt":"br(var.2)","len":8,"ltrim":0,"rtrim":0,"nsites":12,"url":"http://jaspar2018.genereg.net/matrix/MA0011.1","pwm":[[0.250572,0.0841385,0.0841385,0.58115],[0.415861,0.166784,0.0841385,0.333216],[0.00263801,0.82794,0.00149422,0.167928],[0.00263801,0.0841385,0.00149422,0.911729],[0.994374,0.00149422,0.00149422,0.00263801],[0.0852823,0.0841385,0.166784,0.663795],[0.167928,0.00149422,0.0841385,0.74644],[0.0852823,0.166784,0.0841385,0.663795]]},{"db":2,"id":"MA0019.1","alt":"Ddit3::Cebpa","len":12,"ltrim":2,"rtrim":0,"nsites":39,"url":"http://jaspar2018.genereg.net/matrix/MA0019.1","pwm":[[0.358872,0.17949,0.307367,0.154269],[0.282146,0.17949,0.358518,0.179844],[0.461174,0.0771887,0.384094,0.0775426],[0.000816368,0.0260378,0.000462405,0.972683],[0.000816368,0.000462405,0.972329,0.0263918],[0.103118,0.844452,0.000462405,0.0519672],[0.972683,0.0260378,0.000462405,0.000816368],[0.921533,0.0516132,0.0260378,0.000816368],[0.000816368,0.153915,0.000462405,0.844806],[0.358872,0.435245,0.12834,0.0775426],[0.103118,0.588698,0.230641,0.0775426],[0.000816368,0.665424,0.153915,0.179844]]},{"db":2,"id":"MA0020.1","alt":"Dof2","len":6,"ltrim":0,"rtrim":1,"nsites":21,"url":"http://jaspar2018.genereg.net/matrix/MA0020.1","pwm":[[0.996773,0.000856873,0.000856873,0.00151279],[0.996773,0.000856873,0.000856873,0.00151279],[0.996773,0.000856873,0.000856873,0.00151279],[0.00151279,0.000856873,0.996118,0.00151279],[0.143693,0.664364,0.0956435,0.0962994],[0.333266,0.285217,0.143037,0.238479]]},{"db":2,"id":"MA0053.1","alt":"MNB1A","len":5,"ltrim":0,"rtrim":0,"nsites":15,"url":"http://jaspar2018.genereg.net/matrix/MA0053.1","pwm":[[0.995491,0.00119735,0.00119735,0.00211391],[0.995491,0.00119735,0.00119735,0.00211391],[0.995491,0.00119735,0.00119735,0.00211391],[0.00211391,0.00119735,0.994575,0.00211391],[0.200789,0.597224,0.00119735,0.200789]]},{"db":2,"id":"MA0089.1","alt":"MAFG::NFE2L1","len":6,"ltrim":1,"rtrim":0,"nsites":34,"url":"http://jaspar2018.genereg.net/matrix/MA0089.1","pwm":[[0.206214,0.32311,0.293786,0.17689],[0.851376,0.0591817,0.0885065,0.00093607],[0.00093607,0.000530206,0.000530206,0.998004],[0.0302618,0.000530206,0.938946,0.0302618],[0.998004,0.000530206,0.000530206,0.00093607],[0.00093607,0.762994,0.0591817,0.17689]]},{"db":2,"id":"MA0095.2","alt":"YY1","len":12,"ltrim":0,"rtrim":0,"nsites":7171,"url":"http://jaspar2018.genereg.net/matrix/MA0095.2","pwm":[[0.157023,0.639096,0.111701,0.0921802],[0.972659,2.52123e-06,0.0252432,0.00209642],[0.940027,0.0138083,0.037375,0.00878933],[0.349463,0.155766,0.457673,0.0370979],[0.999991,2.52123e-06,2.52123e-06,4.4512e-06],[4.4512e-06,0.0016755,2.52123e-06,0.998318],[0.00153843,2.52123e-06,0.998455,4.4512e-06],[0.00181743,2.52123e-06,0.998176,4.4512e-06],[0.113237,0.786075,0.00530145,0.0953871],[0.120907,0.234415,0.385578,0.2591],[0.125369,0.12202,0.649135,0.103475],[0.18575,0.637004,0.0545268,0.122719]]},{"db":2,"id":"MA0111.1","alt":"Spz1","len":11,"ltrim":0,"rtrim":0,"nsites":12,"url":"http://jaspar2018.genereg.net/matrix/MA0111.1","pwm":[[0.74644,0.00149422,0.249428,0.00263801],[0.00263801,0.166784,0.745296,0.0852823],[0.167928,0.00149422,0.82794,0.00263801],[0.00263801,0.00149422,0.910585,0.0852823],[0.0852823,0.00149422,0.0841385,0.829084],[0.663795,0.00149422,0.00149422,0.333216],[0.498506,0.00149422,0.166784,0.333216],[0.0852823,0.745296,0.166784,0.00263801],[0.829084,0.00149422,0.166784,0.00263801],[0.00263801,0.0841385,0.745296,0.167928],[0.167928,0.662652,0.166784,0.00263801]]},{"db":2,"id":"MA0142.1","alt":"Pou5f1::Sox2","len":15,"ltrim":0,"rtrim":0,"nsites":1364,"url":"http://jaspar2018.genereg.net/matrix/MA0142.1","pwm":[[0.046208,0.620203,0.0483967,0.285193],[0.423857,0.0424701,0.0205098,0.513163],[0.00806981,0.0365866,0.0263463,0.928997],[0.0343529,0.00877861,0.057715,0.899153],[0.0862111,0.265151,0.602599,0.046039],[0.303142,0.0131603,0.0211947,0.662502],[0.150487,0.266612,0.135869,0.447033],[0.902075,0.0219256,0.017543,0.0584561],[0.0124405,0.00366499,0.0109695,0.972925],[0.00732786,0.0116994,0.904987,0.0759858],[0.0102566,0.752151,0.0943043,0.143288],[0.769198,0.0117344,0.0219896,0.197079],[0.651224,0.0499366,0.231274,0.0675664],[0.881664,0.0242585,0.0551162,0.0389625],[0.145494,0.0874428,0.152096,0.614967]]},{"db":2,"id":"MA0216.2","alt":"cad","len":11,"ltrim":0,"rtrim":0,"nsites":2303,"url":"http://jaspar2018.genereg.net/matrix/MA0216.2","pwm":[[0.370819,7.8503e-06,0.496295,0.132878],[0.249677,0.148069,0.60224,1.38596e-05],[1.38596e-05,0.643054,7.8503e-06,0.356924],[0.323491,0.640449,7.8503e-06,0.0360523],[0.91921,7.8503e-06,0.0807683,1.38596e-05],[1.38596e-05,0.0412571,7.8503e-06,0.958721],[0.97088,7.8503e-06,7.8503e-06,0.0291046],[0.99997,7.8503e-06,7.8503e-06,1.38596e-05],[0.99997,7.8503e-06,7.8503e-06,1.38596e-05],[0.710795,0.0499407,0.0638351,0.175429],[0.454184,0.327827,7.8503e-06,0.217981]]},{"db":2,"id":"MA0244.1","alt":"slbo","len":8,"ltrim":0,"rtrim":0,"nsites":12,"url":"http://jaspar2018.genereg.net/matrix/MA0244.1","pwm":[[0.74644,0.0841385,0.0841385,0.0852823],[0.00263801,0.0841385,0.00149422,0.911729],[0.00263801,0.00149422,0.249428,0.74644],[0.250572,0.166784,0.580006,0.00263801],[0.167928,0.82794,0.00149422,0.00263801],[0.58115,0.166784,0.166784,0.0852823],[0.498506,0.414718,0.0841385,0.00263801],[0.911729,0.0841385,0.00149422,0.00263801]]},{"db":2,"id":"MA0296.1","alt":"FKH1","len":20,"ltrim":2,"rtrim":5,"nsites":997,"url":"http://jaspar2018.genereg.net/matrix/MA0296.1","pwm":[[0.177547,0.287853,0.20762,0.32698],[0.247502,0.192384,0.334654,0.22546],[0.520501,0.0840937,0.0981063,0.297299],[0.527033,0.0761625,0.129264,0.26754],[0.36536,0.0730838,0.150153,0.411402],[0.119258,0.146296,0.133272,0.601174],[0.14631,0.00402573,0.84863,0.00103391],[0.00705231,0.00302683,1.81326e-05,0.989903],[0.961822,0.0371254,1.81326e-05,0.00103491],[0.978892,0.011039,0.00102003,0.00904911],[0.991917,0.00102003,0.00202193,0.00504151],[0.00103391,0.926779,0.00102003,0.0711669],[0.991917,0.00102003,0.00302383,0.00403961],[0.875696,0.0390922,0.0160485,0.0691631],[0.67231,0.0491112,0.0701511,0.208428],[0.248504,0.191382,0.407793,0.152322],[0.374743,0.158319,0.296581,0.170356],[0.284572,0.184369,0.330646,0.200413],[0.205422,0.116238,0.452879,0.22546],[0.421834,0.192384,0.24849,0.137293]]},{"db":2,"id":"MA0321.1","alt":"INO2","len":9,"ltrim":0,"rtrim":0,"nsites":249,"url":"http://jaspar2018.genereg.net/matrix/MA0321.1","pwm":[[0.0723881,0.116492,0.794934,0.0161857],[0.000128141,0.999671,7.25814e-05,0.000128141],[0.933488,0.0422247,7.25814e-05,0.0242145],[0.000128141,0.142872,7.25814e-05,0.856927],[0.0265325,7.25814e-05,0.973267,0.000128141],[0.0483018,7.25814e-05,0.066311,0.885315],[0.000128141,0.123659,0.876085,0.000128141],[0.783147,0.0889259,0.127799,0.000128141],[0.811923,0.0121887,0.0303634,0.145525]]},{"db":2,"id":"MA0340.1","alt":"MOT3","len":6,"ltrim":0,"rtrim":0,"nsites":201,"url":"http://jaspar2018.genereg.net/matrix/MA0340.1","pwm":[[0.333326,0.333257,8.99057e-05,0.333326],[0.999661,8.99057e-05,8.99057e-05,0.000158727],[0.000158727,8.99057e-05,0.999593,0.000158727],[0.000158727,8.99057e-05,0.999593,0.000158727],[0.000158727,0.499841,8.99057e-05,0.49991],[0.999661,8.99057e-05,8.99057e-05,0.000158727]]},{"db":2,"id":"MA0355.1","alt":"PHD1","len":10,"ltrim":1,"rtrim":3,"nsites":100,"url":"http://jaspar2018.genereg.net/matrix/MA0355.1","pwm":[[0.359959,0.269911,0.189991,0.180139],[0.0911371,0.43409,0.393726,0.0810462],[0.373683,0.444181,0.151544,0.0305916],[0.000318881,0.10109,0.00018062,0.898411],[0.000318881,0.00018062,0.999182,0.000318881],[0.000318881,0.989192,0.00018062,0.0103089],[0.90941,0.0101706,0.0701107,0.0103089],[0.080239,0.219961,0.359821,0.339979],[0.220099,0.419761,0.219961,0.140179],[0.319999,0.279901,0.209971,0.190129]]},{"db":2,"id":"MA0398.1","alt":"SUM1","len":9,"ltrim":1,"rtrim":0,"nsites":100,"url":"http://jaspar2018.genereg.net/matrix/MA0398.1","pwm":[[0.499819,0.140041,0.140041,0.220099],[0.519799,0.0801007,0.0801007,0.319999],[0.6197,0.0201606,0.0201606,0.339979],[0.99932,0.00018062,0.00018062,0.000318881],[0.000318881,0.00018062,0.00018062,0.99932],[0.080239,0.00018062,0.00018062,0.9194],[0.240079,0.00018062,0.00018062,0.75956],[0.282864,0.0506352,0.0506352,0.615865],[0.150169,0.150031,0.110071,0.589729]]},{"db":2,"id":"MA0404.1","alt":"TBS1","len":8,"ltrim":0,"rtrim":0,"nsites":100,"url":"http://jaspar2018.genereg.net/matrix/MA0404.1","pwm":[[0.120199,0.779401,0.0501307,0.0502689],[0.0305916,0.0304533,0.908363,0.0305916],[0.0201011,0.0199628,0.939835,0.0201011],[0.757138,0.0809079,0.0809079,0.0810462],[0.202137,0.131362,0.131362,0.535138],[0.000318881,0.999182,0.00018062,0.000318881],[0.000318881,0.999182,0.00018062,0.000318881],[0.0810462,0.0809079,0.757,0.0810462]]},{"db":2,"id":"MA0433.1","alt":"YOX1","len":8,"ltrim":0,"rtrim":0,"nsites":99,"url":"http://jaspar2018.genereg.net/matrix/MA0433.1","pwm":[[0.0104129,0.252453,0.0708181,0.666316],[0.000322099,0.000182442,0.000182442,0.999313],[0.999313,0.000182442,0.000182442,0.000322099],[0.999313,0.000182442,0.000182442,0.000322099],[0.000322099,0.000182442,0.000182442,0.999313],[0.000322099,0.000182442,0.000182442,0.999313],[0.613564,0.0298555,0.148548,0.208033],[0.545227,0.131363,0.131363,0.192047]]},{"db":2,"id":"MA0463.1","alt":"Bcl6","len":14,"ltrim":1,"rtrim":2,"nsites":956,"url":"http://jaspar2018.genereg.net/matrix/MA0463.1","pwm":[[0.199803,0.17887,0.256268,0.365058],[0.0366406,0.0230295,0.0293048,0.911026],[0.00526284,0.0836922,0.0313966,0.879648],[0.0314111,0.916241,0.0251213,0.0272275],[3.33856e-05,0.856624,1.89102e-05,0.143323],[3.33856e-05,1.89102e-05,1.89102e-05,0.999929],[0.466512,0.0899675,0.422569,0.0209522],[0.148554,1.89102e-05,0.851394,3.33856e-05],[0.98424,1.89102e-05,0.0115237,0.00421695],[0.671511,0.105657,0.183054,0.0397782],[0.643271,0.00734014,0.222799,0.126589],[0.105671,0.0962428,0.658946,0.13914],[0.197712,0.516701,0.121345,0.164242],[0.385976,0.196651,0.173641,0.243732]]},{"db":2,"id":"MA0465.1","alt":"CDX2","len":11,"ltrim":1,"rtrim":0,"nsites":1597,"url":"http://jaspar2018.genereg.net/matrix/MA0465.1","pwm":[[0.383841,0.199749,0.300557,0.115855],[0.4164,0.00502001,0.314331,0.264248],[0.19287,0.085166,0.721945,1.99862e-05],[1.99862e-05,0.6562,1.13205e-05,0.343768],[0.436436,0.520956,1.13205e-05,0.0425973],[0.999957,1.13205e-05,1.13205e-05,1.99862e-05],[1.99862e-05,1.13205e-05,1.13205e-05,0.999957],[0.999957,1.13205e-05,1.13205e-05,1.99862e-05],[0.999957,1.13205e-05,1.13205e-05,1.99862e-05],[0.999957,1.13205e-05,1.13205e-05,1.99862e-05],[0.634294,0.0939314,0.195991,0.0757822]]},{"db":2,"id":"MA0486.2","alt":"HSF1","len":13,"ltrim":0,"rtrim":0,"nsites":1562,"url":"http://jaspar2018.genereg.net/matrix/MA0486.2","pwm":[[0.0409908,0.0115348,0.0160155,0.931459],[0.00741696,0.0027014,0.0114428,0.978438],[0.00610904,0.984387,0.00610018,0.00340322],[0.00196431,0.175413,0.11565,0.706972],[0.64208,0.187114,0.169463,0.00134435],[2.0434e-05,1.15742e-05,0.999948,2.0434e-05],[0.988408,0.00544623,0.00137049,0.00477513],[0.976468,0.0026964,0.0026964,0.0181403],[0.0480614,0.489342,0.109133,0.353464],[0.336769,0.130587,0.406859,0.125785],[0.0168544,0.00337836,1.15742e-05,0.979756],[0.00411017,0.00137449,0.0027384,0.991777],[0.0020683,0.993122,0.00205944,0.00275026]]},{"db":2,"id":"MA0495.2","alt":"MAFF","len":21,"ltrim":1,"rtrim":1,"nsites":12296,"url":"http://jaspar2018.genereg.net/matrix/MA0495.2","pwm":[[0.383132,0.119064,0.197219,0.300586],[0.437702,0.0961297,0.104913,0.361256],[0.324577,0.102311,0.100928,0.472185],[0.216901,0.163305,0.13297,0.486824],[0.0955618,0.0465201,0.0499361,0.807982],[0.0431872,0.0503431,0.867431,0.0390393],[0.110363,0.817822,0.0302552,0.0415603],[0.067178,0.0356222,0.0085404,0.888658],[0.0573381,0.0255383,0.832217,0.0849079],[0.881501,0.0227733,0.0200893,0.075636],[0.0906009,0.228855,0.590026,0.0905189],[0.0383883,0.0196823,0.0227733,0.919156],[0.0821429,0.850353,0.0196013,0.0479042],[0.915903,0.00439343,0.0306612,0.0490422],[0.0374943,0.0444061,0.774149,0.14395],[0.0553051,0.836202,0.056767,0.0517262],[0.779111,0.059289,0.057906,0.103694],[0.475601,0.131018,0.167778,0.225603],[0.474544,0.104832,0.114184,0.306441],[0.353855,0.108492,0.105889,0.431765],[0.307498,0.184532,0.13175,0.37622]]},{"db":2,"id":"MA0496.2","alt":"MAFK","len":19,"ltrim":0,"rtrim":0,"nsites":7790,"url":"http://jaspar2018.genereg.net/matrix/MA0496.2","pwm":[[0.468419,0.0875492,0.107318,0.336714],[0.397945,0.0955081,0.111426,0.395121],[0.251221,0.179718,0.150706,0.418356],[0.0940979,0.0590516,0.0422358,0.804615],[0.0356906,0.0490387,0.886255,0.0290157],[0.107577,0.845947,0.0116842,0.0347917],[0.0647013,0.0477557,0.00808922,0.879454],[0.0576414,0.025676,0.832084,0.084599],[0.891264,0.0184871,0.0190011,0.0712482],[0.082416,0.282797,0.552241,0.082545],[0.0387716,0.0195141,0.0197711,0.921943],[0.083187,0.857116,0.0163051,0.0433925],[0.913342,0.00372527,0.0392828,0.0436495],[0.0294007,0.0124542,0.831699,0.126446],[0.0360756,0.880094,0.0508357,0.0329947],[0.791008,0.0462147,0.0614905,0.101287],[0.4086,0.144031,0.18344,0.263929],[0.395891,0.109885,0.104751,0.389473],[0.335302,0.105264,0.0881912,0.471243]]},{"db":2,"id":"MA0517.1","alt":"STAT1::STAT2","len":15,"ltrim":0,"rtrim":0,"nsites":620,"url":"http://jaspar2018.genereg.net/matrix/MA0517.1","pwm":[[0.111324,0.101626,0.124203,0.662848],[0.241947,0.370937,0.135491,0.251624],[0.693488,0.0113173,0.243538,0.0516562],[0.0048897,0.238701,0.753134,0.00327696],[5.14755e-05,0.00325464,2.91566e-05,0.996665],[0.0048897,0.00325464,2.91566e-05,0.991827],[0.0048897,0.0209938,0.00648012,0.967637],[5.14755e-05,0.936975,2.91566e-05,0.0629443],[0.411275,0.120978,0.308044,0.159703],[0.172605,0.179032,0.259664,0.388699],[0.00650244,0.0209938,0.0161556,0.956349],[0.0161779,0.00325464,2.91566e-05,0.980538],[0.00650244,0.274179,0.00648012,0.71284],[0.0242416,0.788612,0.0145428,0.172605],[0.0452052,0.588644,0.0580848,0.308067]]},{"db":2,"id":"MA0541.1","alt":"efl-1","len":15,"ltrim":4,"rtrim":1,"nsites":2206,"url":"http://jaspar2018.genereg.net/matrix/MA0541.1","pwm":[[0.300092,0.334535,0.0879462,0.277427],[0.267001,0.177244,0.367626,0.188129],[0.262922,0.362186,0.0752538,0.299638],[0.159572,0.142341,0.396636,0.301452],[0.0417166,0.521291,0.404795,0.032198],[0.0276652,0.00998074,0.96234,1.4469e-05],[0.00500024,0.993617,0.00136813,1.4469e-05],[1.4469e-05,8.19547e-06,0.999963,1.4469e-05],[1.4469e-05,0.561633,0.438338,1.4469e-05],[0.0603017,0.284673,0.655011,1.4469e-05],[0.950107,0.0249391,0.00816783,0.0167857],[0.911578,0.0117937,0.070721,0.0059072],[0.645497,0.0621084,0.0802406,0.212154],[0.315503,0.0970118,0.0775207,0.509964],[0.144614,0.176337,0.159566,0.519483]]},{"db":2,"id":"MA0543.1","alt":"eor-1","len":15,"ltrim":2,"rtrim":0,"nsites":1253,"url":"http://jaspar2018.genereg.net/matrix/MA0543.1","pwm":[[0.350357,0.13488,0.340769,0.173994],[0.364721,0.106151,0.396631,0.132497],[0.749367,0.0710388,0.133284,0.0463108],[0.106162,0.0016103,0.888212,0.00401515],[0.962439,0.000812365,1.44282e-05,0.0367345],[0.0798271,1.44282e-05,0.898586,0.0215718],[0.920144,0.00959066,0.055876,0.0143903],[0.209107,0.476433,0.254583,0.0598767],[0.342376,0.0351276,0.553841,0.068655],[0.189156,0.436532,0.321617,0.0526953],[0.944882,0.0327328,0.0223586,2.54728e-05],[0.0590788,0.0223586,0.918536,2.54728e-05],[0.93371,0.00240824,0.0590677,0.00481409],[0.161226,0.268149,0.547457,0.0231676],[0.777297,0.0207628,0.146851,0.0550891]]},{"db":2,"id":"MA0601.1","alt":"Arid3b","len":11,"ltrim":1,"rtrim":2,"nsites":999,"url":"http://jaspar2018.genereg.net/matrix/MA0601.1","pwm":[[0.468453,0.177177,0.177177,0.177191],[0.273278,0.0800901,0.0800901,0.566542],[0.608971,0.119006,0.0340147,0.238008],[0.104126,1.80963e-05,1.80963e-05,0.895838],[3.19487e-05,1.80963e-05,1.80963e-05,0.999932],[0.999932,1.80963e-05,1.80963e-05,3.19487e-05],[0.910941,1.80963e-05,1.80963e-05,0.089023],[0.089023,1.80963e-05,1.80963e-05,0.910941],[0.261744,0.167833,0.0729378,0.497484],[0.489983,0.170001,0.170001,0.170015],[0.351348,0.216212,0.216212,0.216226]]},{"db":2,"id":"MA0650.1","alt":"HOXA13","len":10,"ltrim":0,"rtrim":1,"nsites":384,"url":"http://jaspar2018.genereg.net/matrix/MA0650.1","pwm":[[0.161499,0.643109,0.184895,0.0104974],[0.00270742,0.648172,0.0210386,0.328082],[0.669286,0.1897,0.0244307,0.116584],[0.888341,4.70711e-05,4.70711e-05,0.111565],[8.31033e-05,4.70711e-05,4.70711e-05,0.999823],[0.894778,0.0326476,0.0181584,0.054417],[0.939002,4.70711e-05,4.70711e-05,0.0609043],[0.987826,0.0120439,4.70711e-05,8.31033e-05],[0.641474,0.15585,0.114303,0.0883721],[0.421026,0.291469,0.0931398,0.194365]]},{"db":2,"id":"MA0665.1","alt":"MSC","len":10,"ltrim":0,"rtrim":0,"nsites":94,"url":"http://jaspar2018.genereg.net/matrix/MA0665.1","pwm":[[0.733602,0.000192136,0.191478,0.0747281],[0.820895,0.142897,0.0358682,0.000339213],[0.000339213,0.944393,0.0412445,0.0140237],[0.999277,0.000192136,0.000192136,0.000339213],[0.000339213,0.148183,0.851139,0.000339213],[0.000339213,0.957507,0.0418149,0.000339213],[0.000339213,0.000192136,0.000192136,0.999277],[0.000339213,0.000192136,0.944393,0.055076],[0.0351861,0.116348,0.0466547,0.801813],[0.000339213,0.109831,0.0489203,0.840908]]},{"db":2,"id":"MA0696.1","alt":"ZIC1","len":14,"ltrim":0,"rtrim":0,"nsites":39709,"url":"http://jaspar2018.genereg.net/matrix/MA0696.1","pwm":[[0.0280297,0.0990712,0.647258,0.225642],[0.692468,0.0810653,0.225764,0.000701802],[0.0278967,0.965995,0.00193545,0.00417179],[0.0408197,0.943517,0.00658844,0.00907478],[0.0886796,0.868647,0.0111274,0.0315457],[8.03845e-07,0.999624,0.000136455,0.000238803],[0.00622079,0.992971,0.000336454,0.000471803],[0.000765802,0.640483,4.55312e-07,0.35875],[0.0630236,0.00131545,0.935251,0.000409803],[0.000664802,0.79213,0.0126794,0.194524],[0.0341427,0.0493723,0.155422,0.761063],[0.0021018,0.000691454,0.997178,2.98038e-05],[0.108769,0.268105,0.0588973,0.564228],[0.000928802,0.0137894,0.913021,0.0722606]]},{"db":2,"id":"MA0697.1","alt":"ZIC3","len":15,"ltrim":0,"rtrim":1,"nsites":302,"url":"http://jaspar2018.genereg.net/matrix/MA0697.1","pwm":[[0.0663087,0.165568,0.539616,0.228507],[0.684753,0.134469,0.180672,0.00010566],[0.0328048,0.948344,5.98478e-05,0.0187915],[0.0317692,0.922831,0.0136304,0.0317692],[0.0961439,0.820749,5.98478e-05,0.0830472],[0.00010566,0.999729,5.98478e-05,0.00010566],[0.00010566,0.999729,5.98478e-05,0.00010566],[0.00010566,0.699335,5.98478e-05,0.300499],[0.0895071,0.0203781,0.881882,0.00823297],[0.0185326,0.820064,0.0277007,0.133702],[0.0693137,0.100027,0.203838,0.626821],[0.0130884,5.98478e-05,0.973763,0.0130884],[0.120066,0.444913,0.0650383,0.369983],[0.0124986,0.00832111,0.884065,0.0951152],[0.27862,0.392965,0.0647154,0.2637]]},{"db":2,"id":"MA0706.1","alt":"MEOX2","len":10,"ltrim":1,"rtrim":2,"nsites":23929,"url":"http://jaspar2018.genereg.net/matrix/MA0706.1","pwm":[[0.33846,0.159681,0.285553,0.216307],[0.108934,0.298614,0.500483,0.0919699],[0.0472421,0.162561,0.0206467,0.76955],[0.64967,0.244014,0.0818814,0.0244352],[0.939091,0.0309246,0.0106747,0.0193093],[0.00314032,0.00156975,0.00698073,0.988309],[0.0319172,0.167308,0.137803,0.662972],[0.81339,0.0122037,0.139327,0.0350792],[0.402591,0.141245,0.170748,0.285416],[0.247315,0.30068,0.238539,0.213465]]},{"db":2,"id":"MA0719.1","alt":"RHOXF1","len":8,"ltrim":1,"rtrim":1,"nsites":10916,"url":"http://jaspar2018.genereg.net/matrix/MA0719.1","pwm":[[0.295346,0.242212,0.169934,0.292506],[0.199355,1.65627e-06,0.0335903,0.767054],[0.451273,1.65627e-06,0.437432,0.111294],[0.999994,1.65627e-06,1.65627e-06,2.92412e-06],[2.92412e-06,1.65627e-06,0.324294,0.675702],[2.92412e-06,0.999992,1.65627e-06,2.92412e-06],[2.92412e-06,0.827528,1.65627e-06,0.172467],[0.295255,0.316324,0.193936,0.194486]]},{"db":2,"id":"MA0739.1","alt":"Hic1","len":9,"ltrim":0,"rtrim":1,"nsites":12392,"url":"http://jaspar2018.genereg.net/matrix/MA0739.1","pwm":[[0.511376,0.058022,0.376854,0.0537461],[0.00536353,0.0364942,0.00631441,0.951828],[0.074641,0.0461981,0.86478,0.0143805],[0.00447554,0.984696,0.0108264,2.57583e-06],[0.00786351,0.983289,0.00277044,0.00607753],[0.795264,0.176481,0.000266457,0.0279883],[0.557825,0.180431,0.20596,0.0557851],[0.0795119,0.717345,0.106166,0.0969778],[0.146258,0.438043,0.171148,0.24455]]},{"db":2,"id":"MA0751.1","alt":"ZIC4","len":15,"ltrim":0,"rtrim":1,"nsites":7525,"url":"http://jaspar2018.genereg.net/matrix/MA0751.1","pwm":[[0.0768142,0.124121,0.548301,0.250765],[0.558063,0.150398,0.287645,0.00389419],[0.094456,0.860561,0.0155942,0.0293889],[0.0620764,0.858322,0.0359389,0.0436627],[0.158617,0.712212,0.0581266,0.0710443],[0.00266421,0.996997,2.40263e-06,0.000336237],[0.0366598,0.959797,2.40263e-06,0.00354119],[0.00721115,0.667261,0.00180438,0.323724],[0.181684,0.0112853,0.795579,0.0114521],[0.00672315,0.638012,0.0705505,0.284714],[0.143954,0.118364,0.260399,0.477283],[0.0475266,0.00331836,0.936811,0.0123451],[0.185216,0.274664,0.15759,0.38253],[0.0119321,0.0728574,0.728878,0.186333],[0.302008,0.341325,0.101228,0.255439]]},{"db":2,"id":"MA0809.1","alt":"TEAD4","len":10,"ltrim":1,"rtrim":1,"nsites":1011,"url":"http://jaspar2018.genereg.net/matrix/MA0809.1","pwm":[[0.218605,0.356066,0.212658,0.212672],[0.606745,0.0207118,0.344293,0.0282508],[0.289916,0.675302,0.0227276,0.0120544],[0.944798,0.0112318,0.0196419,0.0243282],[0.0203786,1.78815e-05,1.78815e-05,0.979586],[0.171789,1.78815e-05,0.0129196,0.815274],[3.15696e-05,0.956404,0.0179911,0.025573],[0.0348041,0.717477,0.000727811,0.246991],[0.433651,0.0621797,0.171343,0.332827],[0.216627,0.285846,0.196833,0.300694]]},{"db":2,"id":"MA0814.1","alt":"TFAP2C(var.2)","len":11,"ltrim":1,"rtrim":1,"nsites":7758,"url":"http://jaspar2018.genereg.net/matrix/MA0814.1","pwm":[[0.354473,0.295436,0.0729584,0.277134],[0.0199109,0.104671,0.866524,0.008893],[4.11441e-06,0.981268,0.0187241,4.11441e-06],[0.00036211,0.924763,0.00393628,0.0709382],[0.0190859,0.22576,0.144018,0.611136],[0.144885,0.37329,0.370068,0.111759],[0.738038,0.107904,0.146835,0.00722302],[0.116672,0.00955621,0.871858,0.00191509],[4.11441e-06,0.0137342,0.986258,4.11441e-06],[0.0159149,0.884982,0.0869472,0.012156],[0.387778,0.0656195,0.241072,0.30553]]},{"db":2,"id":"MA0901.1","alt":"HOXB13","len":10,"ltrim":0,"rtrim":1,"nsites":3737,"url":"http://jaspar2018.genereg.net/matrix/MA0901.1","pwm":[[0.0741306,0.744165,0.138615,0.0430904],[0.0322117,0.772055,0.00389173,0.191841],[0.644636,0.231802,0.00278676,0.120775],[0.944295,0.00747464,0.0129075,0.0353216],[8.54137e-06,0.00251577,4.83798e-06,0.997471],[0.887633,0.00702665,0.00830362,0.0970379],[0.993906,4.83798e-06,4.83798e-06,0.00608438],[0.966615,0.0267681,0.000352829,0.00626537],[0.723454,0.143081,0.0437077,0.0897561],[0.355267,0.364612,0.069043,0.211078]]},{"db":2,"id":"MA0911.1","alt":"Hoxa11","len":12,"ltrim":1,"rtrim":2,"nsites":704,"url":"http://jaspar2018.genereg.net/matrix/MA0911.1","pwm":[[0.25285,0.153413,0.436044,0.157693],[0.235306,0.2027,0.559564,0.00243],[0.00138014,0.0374034,0.0213846,0.939832],[0.0390008,0.914182,2.56782e-05,0.0467917],[0.259613,0.00210238,0.730971,0.0073133],[0.0194336,0.00141048,0.00418009,0.974976],[0.679116,0.00419209,0.0180791,0.298614],[0.955134,2.56782e-05,0.00273929,0.0421014],[0.909477,0.0349047,0.00390113,0.051718],[0.598091,0.135095,0.0994166,0.167397],[0.25427,0.232948,0.213063,0.299719],[0.19746,0.156253,0.159094,0.487192]]},{"db":2,"id":"MA0925.1","alt":"sma-4","len":11,"ltrim":2,"rtrim":2,"nsites":1000,"url":"http://jaspar2018.genereg.net/matrix/MA0925.1","pwm":[[0.330999,0.222996,0.222996,0.22301],[0.273005,0.227995,0.299988,0.199012],[0.0330286,0.0330148,0.0330148,0.900942],[3.19168e-05,1.80782e-05,0.916926,0.0830236],[0.0830236,1.80782e-05,1.80782e-05,0.91694],[3.19168e-05,0.999918,1.80782e-05,3.19168e-05],[3.19168e-05,1.80782e-05,1.80782e-05,0.999932],[0.21501,1.80782e-05,0.78494,3.19168e-05],[0.0270292,0.0270154,0.835934,0.110021],[0.359996,0.241994,0.255992,0.142018],[0.21701,0.348983,0.216996,0.21701]]},{"db":2,"id":"MA0936.1","alt":"T11I18.17","len":8,"ltrim":0,"rtrim":0,"nsites":1000,"url":"http://jaspar2018.genereg.net/matrix/MA0936.1","pwm":[[0.543978,0.216996,0.0800101,0.159016],[0.0659593,0.629326,0.0379763,0.266738],[0.812951,0.120006,0.0430138,0.0240295],[0.102022,0.857932,0.0240157,0.0160303],[0.0940225,0.0490132,0.811937,0.0450274],[0.143018,0.564962,0.112007,0.180014],[0.458986,0.401978,0.0480133,0.0910228],[0.804951,0.0400141,0.0960085,0.059026]]},{"db":2,"id":"MA0943.1","alt":"ARF5","len":8,"ltrim":0,"rtrim":1,"nsites":999,"url":"http://jaspar2018.genereg.net/matrix/MA0943.1","pwm":[[0.303305,0.160162,0.477447,0.059085],[0.00902205,0.967953,0.0150016,0.00802315],[0.0969252,0.897031,0.0040137,0.00202975],[0.0120307,0.001018,0.98492,0.00203175],[0.951937,0.001018,0.0460135,0.00103185],[0.00203175,0.991919,0.0030178,0.00303165],[0.772183,0.223772,0.0020159,0.00202975],[0.490983,0.0980083,0.217996,0.193013]]},{"db":2,"id":"MA0973.1","alt":"CDF2","len":10,"ltrim":1,"rtrim":2,"nsites":1001,"url":"http://jaspar2018.genereg.net/matrix/MA0973.1","pwm":[[0.333665,0.283706,0.23476,0.147869],[0.607971,0.0920089,0.150003,0.150017],[0.692963,0.0160165,0.041014,0.250007],[0.980915,0.0100271,0.00402166,0.00503638],[0.978934,0.0100171,0.00201786,0.00903099],[0.867945,0.0290152,0.08101,0.0220297],[0.0170472,0.00702436,0.969891,0.00603728],[0.0530266,0.294989,0.154003,0.497982],[0.327999,0.0770104,0.394979,0.200012],[0.299002,0.28199,0.155003,0.264006]]},{"db":2,"id":"MA0974.1","alt":"CDF3","len":9,"ltrim":1,"rtrim":2,"nsites":1001,"url":"http://jaspar2018.genereg.net/matrix/MA0974.1","pwm":[[0.44654,0.142861,0.219776,0.190822],[0.607579,0.0290442,0.0650766,0.2983],[0.993933,0.00301776,0.00101796,0.00203169],[0.988933,0.00501756,1.80602e-05,0.00603129],[0.879944,0.0270154,0.0830098,0.0100309],[0.019011,0.00701036,0.967953,0.00602529],[0.0700249,0.290989,0.160002,0.478984],[0.222232,0.10211,0.495464,0.180194],[0.286003,0.342984,0.169001,0.202012]]},{"db":2,"id":"MA0993.1","alt":"ERF7","len":10,"ltrim":1,"rtrim":3,"nsites":1001,"url":"http://jaspar2018.genereg.net/matrix/MA0993.1","pwm":[[0.262743,0.441532,0.139864,0.15586],[0.0770242,0.0140167,0.873931,0.0350284],[0.0480271,0.867931,0.0840097,3.18849e-05],[0.129019,0.769941,0.0360145,0.0650254],[0.0900229,0.0250156,0.874931,0.0100309],[0.146017,0.455973,0.132005,0.266005],[0.212223,0.593553,0.0660775,0.128147],[0.418571,0.173827,0.209787,0.197814],[0.27628,0.208205,0.198196,0.317317],[0.278725,0.208788,0.200797,0.311689]]},{"db":2,"id":"MA0997.1","alt":"ERF069","len":9,"ltrim":2,"rtrim":3,"nsites":999,"url":"http://jaspar2018.genereg.net/matrix/MA0997.1","pwm":[[0.193206,0.294283,0.315302,0.197209],[0.197012,0.470971,0.175001,0.157016],[0.0180301,1.80963e-05,0.98192,3.19487e-05],[0.0610868,0.828764,0.0860955,0.0240535],[0.0980221,0.67995,0.0760105,0.146017],[0.179193,1.80963e-05,0.820757,3.19487e-05],[0.138156,0.419395,0.212209,0.230239],[0.223786,0.403574,0.192806,0.179834],[0.350997,0.208997,0.230995,0.209011]]},{"db":2,"id":"MA1001.1","alt":"ERF11","len":10,"ltrim":2,"rtrim":2,"nsites":1000,"url":"http://jaspar2018.genereg.net/matrix/MA1001.1","pwm":[[0.206011,0.312987,0.315986,0.165015],[0.213224,0.494463,0.123129,0.169184],[0.109021,1.80782e-05,0.886929,0.00403152],[0.0250294,0.834935,0.0550126,0.0850234],[0.145162,0.704653,0.051064,0.099121],[0.131019,0.0100171,0.827935,0.0310288],[0.190013,0.38298,0.154003,0.273005],[0.258006,0.489969,0.0770104,0.175014],[0.42399,0.162002,0.181,0.233009],[0.276004,0.195998,0.203998,0.324]]},{"db":2,"id":"MA1016.1","alt":"GATA15","len":9,"ltrim":2,"rtrim":2,"nsites":1000,"url":"http://jaspar2018.genereg.net/matrix/MA1016.1","pwm":[[0.206011,0.28099,0.216996,0.296002],[0.308001,0.199998,0.28399,0.208011],[0.181832,0.287701,0.0659455,0.46452],[0.0400279,0.0380143,0.902928,0.01903],[0.980915,1.80782e-05,1.80782e-05,0.019049],[0.00303162,0.00101798,1.80782e-05,0.995932],[0.0550264,0.662952,0.156002,0.126019],[0.324,0.200998,0.267991,0.207011],[0.269005,0.238994,0.27999,0.212011]]},{"db":2,"id":"MA1044.1","alt":"NAC92","len":12,"ltrim":2,"rtrim":2,"nsites":999,"url":"http://jaspar2018.genereg.net/matrix/MA1044.1","pwm":[[0.227236,0.227222,0.227222,0.318318],[0.318318,0.227222,0.227222,0.227236],[0.558418,0.0799301,0.281708,0.0799439],[0.0220077,0.933991,0.0219939,0.0220077],[0.908941,1.80963e-05,1.80963e-05,0.0910228],[0.429559,0.47949,1.80963e-05,0.0909318],[3.19487e-05,1.80963e-05,0.999918,3.19487e-05],[0.224234,0.497465,0.0921009,0.186199],[0.247007,0.606957,0.0230158,0.12302],[0.931008,0.0229928,0.0229928,0.0230066],[0.274278,0.299287,0.256248,0.170185],[0.313687,0.228766,0.228766,0.22878]]},{"db":2,"id":"MA1057.1","alt":"SPL12","len":8,"ltrim":1,"rtrim":1,"nsites":1000,"url":"http://jaspar2018.genereg.net/matrix/MA1057.1","pwm":[[0.272005,0.182,0.210997,0.334998],[0.143018,0.0490132,0.760942,0.0470272],[0.00803112,0.0380143,0.0120169,0.941938],[0.946937,0.0460135,0.00501758,0.00203172],[0.00503142,0.993919,1.80782e-05,0.00103182],[0.0760243,0.0780103,0.743944,0.102022],[0.249256,0.0530658,0.538503,0.159175],[0.277726,0.26173,0.150852,0.309691]]},{"db":2,"id":"MA1115.1","alt":"POU5F1","len":11,"ltrim":2,"rtrim":2,"nsites":13114,"url":"http://jaspar2018.genereg.net/matrix/MA1115.1","pwm":[[0.379899,0.0983686,0.152204,0.369529],[0.274745,0.212368,0.145493,0.367394],[0.967892,0.00930431,0.0174632,0.00534039],[0.00633139,0.0099143,0.00511034,0.978644],[0.054676,0.0146423,0.882334,0.0483471],[0.0406461,0.786178,0.0417881,0.131387],[0.896443,0.0100673,0.00899931,0.0844918],[0.805242,0.052617,0.0782378,0.0639029],[0.936399,0.0205902,0.0195982,0.0234123],[0.194907,0.160439,0.157923,0.486731],[0.26506,0.186823,0.270778,0.277337]]},{"db":2,"id":"MA1206.1","alt":"ARF2","len":10,"ltrim":2,"rtrim":2,"nsites":599,"url":"http://jaspar2018.genereg.net/matrix/MA1206.1","pwm":[[0.409,0.193654,0.0834882,0.313857],[0.252098,0.101849,0.32218,0.323872],[5.32799e-05,0.659352,0.340541,5.32799e-05],[0.333888,0.640991,0.025068,5.32799e-05],[0.187,3.01786e-05,0.812916,5.32799e-05],[0.93312,3.01786e-05,0.066797,5.32799e-05],[5.32799e-05,0.999863,3.01786e-05,5.32799e-05],[0.938127,0.0617899,3.01786e-05,5.32799e-05],[0.452399,0.0951733,0.218692,0.233737],[0.365601,0.145248,0.345548,0.143602]]},{"db":2,"id":"MA1269.1","alt":"dof4.5","len":14,"ltrim":1,"rtrim":0,"nsites":600,"url":"http://jaspar2018.genereg.net/matrix/MA1269.1","pwm":[[0.303336,0.18,0.323309,0.193354],[0.669942,0.12001,0.0783501,0.131698],[0.581623,0.0116952,0.0450226,0.36166],[0.999887,3.01284e-05,3.01284e-05,5.31911e-05],[0.999887,3.01284e-05,3.01284e-05,5.31911e-05],[0.999887,3.01284e-05,3.01284e-05,5.31911e-05],[5.31911e-05,3.01284e-05,0.999863,5.31911e-05],[0.173357,0.208328,0.0950143,0.523299],[0.469975,0.025026,0.224993,0.280007],[0.391655,0.0900151,0.388298,0.130032],[0.231682,0.601597,0.0750176,0.0917049],[0.151695,0.0800168,0.055021,0.713267],[0.111702,0.0516885,0.0750176,0.761593],[0.108368,0.085016,0.0400235,0.766592]]},{"db":2,"id":"MA1294.1","alt":"MYB62","len":15,"ltrim":4,"rtrim":1,"nsites":440,"url":"http://jaspar2018.genereg.net/matrix/MA1294.1","pwm":[[0.44997,0.136374,0.218174,0.195483],[0.386349,0.199996,0.168185,0.245472],[0.463603,0.109107,0.172729,0.25456],[0.484054,0.150007,0.138646,0.227294],[0.515864,0.0523022,0.136374,0.29546],[0.679463,0.0273079,0.131829,0.1614],[0.25456,0.0727516,0.597632,0.0750555],[7.25289e-05,4.10816e-05,0.0114025,0.988484],[7.25289e-05,4.10816e-05,4.10816e-05,0.999845],[0.933951,4.10816e-05,4.10816e-05,0.0659666],[7.25289e-05,4.10816e-05,0.999814,7.25289e-05],[7.25289e-05,4.10816e-05,0.999814,7.25289e-05],[0.0114339,0.427217,0.0114025,0.549948],[0.518137,0.106835,0.161368,0.21366],[0.29546,0.150007,0.304517,0.250016]]},{"db":2,"id":"MA1324.1","alt":"GATA20","len":8,"ltrim":0,"rtrim":0,"nsites":76,"url":"http://jaspar2018.genereg.net/matrix/MA1324.1","pwm":[[0.920262,0.000237582,0.0133783,0.066122],[0.000419448,0.105362,0.000237582,0.893981],[0.0267009,0.92008,0.000237582,0.0529823],[0.171248,0.328752,0.499581,0.000419448],[0.000419448,0.000237582,0.998924,0.000419448],[0.999105,0.000237582,0.000237582,0.000419448],[0.000419448,0.000237582,0.000237582,0.999105],[0.0267009,0.959501,0.000237582,0.0135602]]},{"db":2,"id":"MA1385.1","alt":"AT2G40260","len":15,"ltrim":0,"rtrim":1,"nsites":600,"url":"http://jaspar2018.genereg.net/matrix/MA1385.1","pwm":[[0.231682,0.214994,0.0450226,0.508301],[0.270008,0.201664,0.0900151,0.438313],[0.416651,0.12001,0.111