<!DOCTYPE HTML>
<html>
  <head>
    <meta charset="UTF-8">
    <title>TOMTOM</title>
    <script>
      // @JSON_VAR data
      var data = {
        "program": "Tomtom",
        "version": "4.12.0",
        "release": "Tue Jun 27 16:22:50 2017 -0700",
        "cmd": [
          "tomtom", "-verbosity", "1", "-oc",
          "results/AHRpeaks_oneAHRE.bed.fa/jaspar/meme_tomtom_out",
          "-min-overlap", "5", "-dist", "pearson", "-evalue", "-thresh", "1",
          "-no-ssc", "-bfile",
          "results/AHRpeaks_oneAHRE.bed.fa/jaspar/background",
          "results/AHRpeaks_oneAHRE.bed.fa/jaspar/meme_out/meme.xml",
          "/Users/filipov4/meme/db/motif_databases/JASPAR/JASPAR2018_CORE_non-redundant.meme"
        ],
        "options": {
          "strands": "both",
          "distance_measure": "pearson",
          "threshold_type": "evalue",
          "threshold_value": 1,
          "background_source": "file",
          "background_file": "results/AHRpeaks_oneAHRE.bed.fa/jaspar/background"
        },
        "alphabet": {
          "name": "DNA",
          "like": "dna",
          "ncore": 4,
          "symbols": [
            {
              "symbol": "A",
              "name": "Adenine",
              "colour": "CC0000",
              "complement": "T"
            }, {
              "symbol": "C",
              "name": "Cytosine",
              "colour": "0000CC",
              "complement": "G"
            }, {
              "symbol": "G",
              "name": "Guanine",
              "colour": "FFB300",
              "complement": "C"
            }, {
              "symbol": "T",
              "aliases": "U",
              "name": "Thymine",
              "colour": "008000",
              "complement": "A"
            }, {
              "symbol": "N",
              "aliases": "X.",
              "name": "Any base",
              "equals": "ACGT"
            }, {
              "symbol": "V",
              "name": "Not T",
              "equals": "ACG"
            }, {
              "symbol": "H",
              "name": "Not G",
              "equals": "ACT"
            }, {
              "symbol": "D",
              "name": "Not C",
              "equals": "AGT"
            }, {
              "symbol": "B",
              "name": "Not A",
              "equals": "CGT"
            }, {
              "symbol": "M",
              "name": "Amino",
              "equals": "AC"
            }, {
              "symbol": "R",
              "name": "Purine",
              "equals": "AG"
            }, {
              "symbol": "W",
              "name": "Weak",
              "equals": "AT"
            }, {
              "symbol": "S",
              "name": "Strong",
              "equals": "CG"
            }, {
              "symbol": "Y",
              "name": "Pyrimidine",
              "equals": "CT"
            }, {
              "symbol": "K",
              "name": "Keto",
              "equals": "GT"
            }
          ]
        },
        "background": [0.2754, 0.2246, 0.2246, 0.2754],
        "query_dbs": [
          {
            "source": "results/AHRpeaks_oneAHRE.bed.fa/jaspar/meme_out/meme.xml",
            "name": "meme",
            "loaded": 7,
            "excluded": 0,
            "last_modified": "Thu May 24 16:50:55 2018"
          }
        ],
        "target_dbs": [
          {
            "source": "/Users/filipov4/meme/db/motif_databases/JASPAR/JASPAR2018_CORE_non-redundant.meme",
            "name": "JASPAR2018 CORE non-redundant",
            "loaded": 1404,
            "excluded": 0,
            "last_modified": "Thu Dec  7 14:38:42 2017"
          }
        ],
        "queries": [
          {
            "db": 0,
            "id": "AAAMAAARWAAAWAAA",
            "alt": "MEME-3",
            "len": 16,
            "nsites": 50,
            "evalue": "1.7e-012",
            "pwm": [
              [0.958634, 0.000448303, 0.000448303, 0.0404699], 
              [0.958634, 0.000448303, 0.000448303, 0.0404699], 
              [0.958634, 0.000448303, 0.000448303, 0.0404699], 
              [0.439671, 0.39965, 0.160129, 0.0005497], 
              [0.739073, 0.000448303, 0.000448303, 0.260031], 
              [0.599352, 0.120209, 0.160129, 0.12031], 
              [0.838873, 0.000448303, 0.0603285, 0.10035], 
              [0.579392, 0.000448303, 0.31981, 0.10035], 
              [0.619312, 0.000448303, 0.000448303, 0.379791], 
              [0.699152, 0.000448303, 0.000448303, 0.299951], 
              [0.759033, 0.0603285, 0.140169, 0.0404699], 
              [0.759033, 0.0802886, 0.000448303, 0.16023], 
              [0.559432, 0.000448303, 0.000448303, 0.439671], 
              [0.778993, 0.140169, 0.0403685, 0.0404699], 
              [0.798953, 0.000448303, 0.100249, 0.10035], 
              [0.719113, 0.000448303, 0.279889, 0.0005497]
            ]
          }, {
            "db": 0,
            "id": "CCHCACCCTSCC",
            "alt": "MEME-5",
            "len": 12,
            "nsites": 35,
            "evalue": "5.3e-006",
            "pwm": [
              [0.000784615, 0.798361, 0.000639886, 0.200215], 
              [0.000784615, 0.82685, 0.000639886, 0.171725], 
              [0.285685, 0.34252, 0.000639886, 0.371155], 
              [0.000784615, 0.940811, 0.0576201, 0.000784615], 
              [0.542095, 0.22856, 0.000639886, 0.228704], 
              [0.000784615, 0.997791, 0.000639886, 0.000784615], 
              [0.000784615, 0.997791, 0.000639886, 0.000784615], 
              [0.000784615, 0.82685, 0.17158, 0.000784615], 
              [0.257195, 0.20007, 0.000639886, 0.542095], 
              [0.000784615, 0.655911, 0.34252, 0.000784615], 
              [0.285685, 0.712891, 0.000639886, 0.000784615], 
              [0.000784615, 0.912321, 0.000639886, 0.0862544]
            ]
          }, {
            "db": 0,
            "id": "CTCTGTCACSCAGGCTGGARTGCAGTGGCG",
            "alt": "MEME-6",
            "len": 30,
            "nsites": 5,
            "evalue": "7.6e-006",
            "pwm": [
              [0.0054, 0.984796, 0.00440392, 0.0054], 
              [0.0054, 0.00440392, 0.00440392, 0.985792], 
              [0.0054, 0.788718, 0.200482, 0.0054], 
              [0.0054, 0.00440392, 0.00440392, 0.985792], 
              [0.0054, 0.00440392, 0.984796, 0.0054], 
              [0.0054, 0.200482, 0.00440392, 0.789714], 
              [0.0054, 0.788718, 0.00440392, 0.201478], 
              [0.789714, 0.00440392, 0.200482, 0.0054], 
              [0.0054, 0.788718, 0.00440392, 0.201478], 
              [0.0054, 0.592639, 0.396561, 0.0054], 
              [0.201478, 0.592639, 0.00440392, 0.201478], 
              [0.789714, 0.00440392, 0.200482, 0.0054], 
              [0.0054, 0.00440392, 0.984796, 0.0054], 
              [0.201478, 0.00440392, 0.788718, 0.0054], 
              [0.0054, 0.788718, 0.00440392, 0.201478], 
              [0.0054, 0.00440392, 0.00440392, 0.985792], 
              [0.0054, 0.00440392, 0.984796, 0.0054], 
              [0.201478, 0.00440392, 0.788718, 0.0054], 
              [0.985792, 0.00440392, 0.00440392, 0.0054], 
              [0.397557, 0.00440392, 0.592639, 0.0054], 
              [0.0054, 0.00440392, 0.00440392, 0.985792], 
              [0.0054, 0.00440392, 0.984796, 0.0054], 
              [0.0054, 0.984796, 0.00440392, 0.0054], 
              [0.593635, 0.00440392, 0.200482, 0.201478], 
              [0.0054, 0.00440392, 0.984796, 0.0054], 
              [0.0054, 0.00440392, 0.00440392, 0.985792], 
              [0.0054, 0.00440392, 0.984796, 0.0054], 
              [0.201478, 0.00440392, 0.788718, 0.0054], 
              [0.0054, 0.592639, 0.200482, 0.201478], 
              [0.201478, 0.00440392, 0.788718, 0.0054]
            ]
          }, {
            "db": 0,
            "id": "GARCCCAGGARRSRGWGGWKGCASTGAGSC",
            "alt": "MEME-4",
            "len": 30,
            "nsites": 14,
            "evalue": "4.0e-009",
            "pwm": [
              [0.143797, 0.214359, 0.639891, 0.00195319], 
              [0.640251, 0.143437, 0.143437, 0.0728756], 
              [0.427485, 0.0725153, 0.427124, 0.0728756], 
              [0.00195319, 0.923578, 0.0725153, 0.00195319], 
              [0.143797, 0.781734, 0.0725153, 0.00195319], 
              [0.00195319, 0.781734, 0.143437, 0.0728756], 
              [0.711173, 0.0725153, 0.214359, 0.00195319], 
              [0.00195319, 0.00159291, 0.923578, 0.0728756], 
              [0.143797, 0.143437, 0.710813, 0.00195319], 
              [0.640251, 0.214359, 0.0725153, 0.0728756], 
              [0.356563, 0.00159291, 0.568969, 0.0728756], 
              [0.356563, 0.00159291, 0.639891, 0.00195319], 
              [0.0728756, 0.568969, 0.285281, 0.0728756], 
              [0.285641, 0.143437, 0.427124, 0.143797], 
              [0.00195319, 0.00159291, 0.923578, 0.0728756], 
              [0.56933, 0.00159291, 0.143437, 0.285641], 
              [0.285641, 0.0725153, 0.639891, 0.00195319], 
              [0.143797, 0.143437, 0.639891, 0.0728756], 
              [0.498407, 0.0725153, 0.143437, 0.285641], 
              [0.0728756, 0.00159291, 0.427124, 0.498407], 
              [0.00195319, 0.143437, 0.639891, 0.214719], 
              [0.0728756, 0.781734, 0.143437, 0.00195319], 
              [0.923939, 0.00159291, 0.0725153, 0.00195319], 
              [0.00195319, 0.356203, 0.639891, 0.00195319], 
              [0.214719, 0.214359, 0.00159291, 0.56933], 
              [0.00195319, 0.143437, 0.781734, 0.0728756], 
              [0.923939, 0.00159291, 0.00159291, 0.0728756], 
              [0.00195319, 0.00159291, 0.923578, 0.0728756], 
              [0.143797, 0.568969, 0.285281, 0.00195319], 
              [0.00195319, 0.781734, 0.0725153, 0.143797]
            ]
          }, {
            "db": 0,
            "id": "GCCYCAGGS",
            "alt": "MEME-1",
            "len": 9,
            "nsites": 46,
            "evalue": "1.8e-010",
            "pwm": [
              [0.000597397, 0.000487202, 0.998318, 0.000597397], 
              [0.000597397, 0.998318, 0.000487202, 0.000597397], 
              [0.000597397, 0.998318, 0.000487202, 0.000597397], 
              [0.000597397, 0.499403, 0.000487202, 0.499513], 
              [0.000597397, 0.998318, 0.000487202, 0.000597397], 
              [0.521205, 0.0655627, 0.195715, 0.217517], 
              [0.000597397, 0.000487202, 0.998318, 0.000597397], 
              [0.000597397, 0.152331, 0.846474, 0.000597397], 
              [0.000597397, 0.542786, 0.456019, 0.000597397]
            ]
          }, {
            "db": 0,
            "id": "GTATGTGTGTGTGTSY",
            "alt": "MEME-2",
            "len": 16,
            "nsites": 39,
            "evalue": "1.8e-009",
            "pwm": [
              [0.0262798, 0.000574425, 0.87014, 0.103006], 
              [0.0518552, 0.307479, 0.000574425, 0.640091], 
              [0.537789, 0.0261498, 0.230753, 0.205308], 
              [0.000704348, 0.0517253, 0.102876, 0.844694], 
              [0.230883, 0.179602, 0.58881, 0.000704348], 
              [0.000704348, 0.230753, 0.000574425, 0.767968], 
              [0.000704348, 0.205178, 0.716687, 0.0774306], 
              [0.179732, 0.000574425, 0.000574425, 0.819119], 
              [0.000704348, 0.000574425, 0.998017, 0.000704348], 
              [0.103006, 0.281904, 0.000574425, 0.614515], 
              [0.0262798, 0.230753, 0.742263, 0.000704348], 
              [0.000704348, 0.000574425, 0.000574425, 0.998147], 
              [0.000704348, 0.0773007, 0.895715, 0.0262798], 
              [0.128581, 0.0517253, 0.128452, 0.691242], 
              [0.128581, 0.256329, 0.460932, 0.154157], 
              [0.154157, 0.281904, 0.000574425, 0.563365]
            ]
          }, {
            "db": 0,
            "id": "WGSVTGACTCAY",
            "alt": "MEME-7",
            "len": 12,
            "nsites": 31,
            "evalue": "7.6e-003",
            "pwm": [
              [0.451046, 0.161494, 0.000722187, 0.386738], 
              [0.00088553, 0.000722187, 0.804581, 0.193811], 
              [0.00088553, 0.290112, 0.515192, 0.193811], 
              [0.386738, 0.225802, 0.386575, 0.00088553], 
              [0.00088553, 0.000722187, 0.000722187, 0.99767], 
              [0.00088553, 0.0328765, 0.933198, 0.0330398], 
              [0.99767, 0.000722187, 0.000722187, 0.00088553], 
              [0.00088553, 0.836735, 0.161494, 0.00088553], 
              [0.00088553, 0.000722187, 0.000722187, 0.99767], 
              [0.00088553, 0.901044, 0.097185, 0.00088553], 
              [0.99767, 0.000722187, 0.000722187, 0.00088553], 
              [0.00088553, 0.5795, 0.129339, 0.290275]
            ]
          }
        ],
        "targets": [
          {
            "db": 0,
            "id": "MA0003.3",
            "alt": "TFAP2A",
            "len": 11,
            "nsites": 5308,
            "url": "http://jaspar2018.genereg.net/matrix/MA0003.3",
            "pwm": [
              [0.321401, 0.365295, 0.0521882, 0.261115], 
              [0.0249497, 0.176257, 0.790229, 0.00856303], 
              [5.1883e-06, 0.974472, 0.0255178, 5.1883e-06], 
              [5.1883e-06, 0.947852, 0.00196819, 0.0501742], 
              [0.00622107, 0.310038, 0.123942, 0.559799], 
              [0.10833, 0.50527, 0.30388, 0.0825206], 
              [0.68562, 0.187419, 0.116408, 0.010553], 
              [0.154624, 0.0342286, 0.811143, 5.1883e-06], 
              [5.1883e-06, 0.00580912, 0.994181, 5.1883e-06], 
              [0.00578908, 0.881704, 0.108584, 0.00392311], 
              [0.351355, 0.15034, 0.243971, 0.254333]
            ]
          }, {
            "db": 0,
            "id": "MA0039.3",
            "alt": "KLF4",
            "len": 11,
            "nsites": 969,
            "url": "http://jaspar2018.genereg.net/matrix/MA0039.3",
            "pwm": [
              [0.270383, 0.49636, 0.130041, 0.103217], 
              [0.120759, 0.668685, 0.108371, 0.102185], 
              [0.95349, 0.0144697, 0.0185973, 0.013443], 
              [0.00828357, 0.97825, 0.00621454, 0.00725167], 
              [0.856493, 0.00208696, 0.126945, 0.0144749], 
              [0.013443, 0.943166, 0.0185973, 0.0247939], 
              [0.0299533, 0.938006, 0.0175654, 0.0144749], 
              [0.0155068, 0.962772, 0.00415075, 0.0175706], 
              [0.267287, 0.0743185, 0.040267, 0.618128], 
              [0.189895, 0.287919, 0.292047, 0.230139], 
              [0.237362, 0.30443, 0.208464, 0.249745]
            ]
          }, {
            "db": 0,
            "id": "MA0073.1",
            "alt": "RREB1",
            "len": 20,
            "nsites": 11,
            "url": "http://jaspar2018.genereg.net/matrix/MA0073.1",
            "pwm": [
              [0.272751, 0.722744, 0.00202342, 0.00248108], 
              [0.0925711, 0.902924, 0.00202342, 0.00248108], 
              [0.272751, 0.722744, 0.00202342, 0.00248108], 
              [0.00248108, 0.993014, 0.00202342, 0.00248108], 
              [0.633112, 0.362383, 0.00202342, 0.00248108], 
              [0.813292, 0.182203, 0.00202342, 0.00248108], 
              [0.723202, 0.272293, 0.00202342, 0.00248108], 
              [0.362841, 0.542564, 0.00202342, 0.0925711], 
              [0.00248108, 0.993014, 0.00202342, 0.00248108], 
              [0.993472, 0.00202342, 0.00202342, 0.00248108], 
              [0.362841, 0.632654, 0.00202342, 0.00248108], 
              [0.0925711, 0.902924, 0.00202342, 0.00248108], 
              [0.272751, 0.722744, 0.00202342, 0.00248108], 
              [0.362841, 0.542564, 0.0921134, 0.00248108], 
              [0.182661, 0.812834, 0.00202342, 0.00248108], 
              [0.362841, 0.452473, 0.00202342, 0.182661], 
              [0.362841, 0.452473, 0.0921134, 0.0925711], 
              [0.362841, 0.542564, 0.00202342, 0.0925711], 
              [0.0925711, 0.632654, 0.272293, 0.00248108], 
              [0.362841, 0.362383, 0.182203, 0.0925711]
            ]
          }, {
            "db": 0,
            "id": "MA0099.3",
            "alt": "FOS::JUN",
            "len": 10,
            "nsites": 1000,
            "url": "http://jaspar2018.genereg.net/matrix/MA0099.3",
            "pwm": [
              [0.591968, 0.111011, 0.256997, 0.0400235], 
              [0.00302724, 0.00502196, 0.00202226, 0.989929], 
              [0.00702684, 0.00102236, 0.82394, 0.168011], 
              [0.819946, 0.131009, 0.00402206, 0.045023], 
              [0.0780197, 0.180004, 0.687954, 0.0540221], 
              [0.00502704, 0.00202226, 0.00202226, 0.990928], 
              [0.0300245, 0.962926, 0.00302216, 0.00402714], 
              [0.991928, 0.00202226, 0.00202226, 0.00402714], 
              [0.0240251, 0.312991, 0.095013, 0.567971], 
              [0.277, 0.396983, 0.164006, 0.162011]
            ]
          }, {
            "db": 0,
            "id": "MA0150.2",
            "alt": "Nfe2l2",
            "len": 15,
            "nsites": 726,
            "url": "http://jaspar2018.genereg.net/matrix/MA0150.2",
            "pwm": [
              [0.228656, 0.465532, 0.150148, 0.155663], 
              [0.552304, 0.107454, 0.219009, 0.121233], 
              [0.16255, 0.329187, 0.378767, 0.129497], 
              [0.279613, 0.340204, 0.209368, 0.170813], 
              [0.672121, 0.0385926, 0.282361, 0.00692398], 
              [3.79287e-05, 3.09324e-05, 3.09324e-05, 0.9999], 
              [3.79287e-05, 3.09324e-05, 0.979235, 0.0206961], 
              [0.9999, 3.09324e-05, 3.09324e-05, 3.79287e-05], 
              [0.0275821, 0.73409, 0.162543, 0.0757855], 
              [0.115724, 0.0275751, 0.0220669, 0.834634], 
              [0.0895576, 0.756125, 0.0633832, 0.0909344], 
              [0.794694, 0.00416236, 0.123981, 0.0771623], 
              [0.01381, 0.0151808, 0.961332, 0.0096786], 
              [0.00554717, 0.962708, 0.0261983, 0.00554717], 
              [0.858047, 0.035839, 0.0427251, 0.0633902]
            ]
          }, {
            "db": 0,
            "id": "MA0272.1",
            "alt": "ARG81",
            "len": 8,
            "nsites": 198,
            "url": "http://jaspar2018.genereg.net/matrix/MA0272.1",
            "pwm": [
              [0.297969, 0.0606888, 0.419094, 0.222249], 
              [0.0367056, 0.000113377, 0.0244911, 0.938689], 
              [0.07732, 0.000113377, 0.922428, 0.000139021], 
              [0.999634, 0.000113377, 0.000113377, 0.000139021], 
              [0.000139021, 0.995934, 0.000113377, 0.00381317], 
              [0.00619696, 0.000113377, 0.000113377, 0.993576], 
              [0.000139021, 0.999609, 0.000113377, 0.000139021], 
              [0.317183, 0.317157, 0.0216075, 0.344051]
            ]
          }, {
            "db": 0,
            "id": "MA0303.1",
            "alt": "GCN4",
            "len": 21,
            "nsites": 998,
            "url": "http://jaspar2018.genereg.net/matrix/MA0303.1",
            "pwm": [
              [0.218443, 0.295584, 0.245489, 0.240484], 
              [0.371733, 0.217436, 0.268533, 0.142298], 
              [0.362716, 0.213428, 0.150308, 0.273547], 
              [0.282564, 0.119249, 0.325641, 0.272545], 
              [0.275551, 0.17736, 0.316624, 0.230466], 
              [0.16918, 0.140148, 0.365351, 0.32532], 
              [0.536046, 0.035089, 0.413809, 0.0150561], 
              [0.0110485, 0.0080377, 0.0060339, 0.97488], 
              [0.00203139, 0.005032, 0.935801, 0.0571359], 
              [0.96987, 0.0130472, 0.0040301, 0.0130523], 
              [0.00203139, 0.433847, 0.563092, 0.00102949], 
              [0.0130523, 0.0040301, 0.0130472, 0.96987], 
              [0.0571359, 0.935801, 0.005032, 0.00203139], 
              [0.97488, 0.0060339, 0.0080377, 0.0110485], 
              [0.0150561, 0.413809, 0.035089, 0.536046], 
              [0.376366, 0.290283, 0.13114, 0.202209], 
              [0.207214, 0.354341, 0.194197, 0.244247], 
              [0.284568, 0.216434, 0.202407, 0.296591], 
              [0.226458, 0.234468, 0.17736, 0.361714], 
              [0.254511, 0.329648, 0.232464, 0.183376], 
              [0.337669, 0.169345, 0.195394, 0.297593]
            ]
          }, {
            "db": 0,
            "id": "MA0346.1",
            "alt": "NHP6B",
            "len": 20,
            "nsites": 999,
            "url": "http://jaspar2018.genereg.net/matrix/MA0346.1",
            "pwm": [
              [0.182191, 0.304296, 0.0991116, 0.4144], 
              [0.217223, 0.225225, 0.216217, 0.341334], 
              [0.13542, 0.108337, 0.107334, 0.64891], 
              [0.377121, 0.208628, 0.0772468, 0.337005], 
              [0.195399, 0.316624, 0.111233, 0.376744], 
              [0.154321, 0.317626, 0.143295, 0.384759], 
              [0.393776, 0.0691536, 0.0260719, 0.510998], 
              [0.579709, 0.0892815, 0.0511704, 0.27984], 
              [0.16918, 0.065081, 0.0160369, 0.749703], 
              [0.808564, 0.0320833, 0.0671498, 0.0922023], 
              [0.0922023, 0.0671498, 0.0320833, 0.808564], 
              [0.749703, 0.0160369, 0.065081, 0.16918], 
              [0.27984, 0.0511704, 0.0892815, 0.579709], 
              [0.510998, 0.0260719, 0.0691536, 0.393776], 
              [0.461905, 0.0962049, 0.121252, 0.320636], 
              [0.372735, 0.106224, 0.111233, 0.409807], 
              [0.465913, 0.0841821, 0.336662, 0.113242], 
              [0.202412, 0.160327, 0.302597, 0.334663], 
              [0.287574, 0.12025, 0.339667, 0.252507], 
              [0.287574, 0.257512, 0.252502, 0.202412]
            ]
          }, {
            "db": 0,
            "id": "MA0476.1",
            "alt": "FOS",
            "len": 11,
            "nsites": 29396,
            "url": "http://jaspar2018.genereg.net/matrix/MA0476.1",
            "pwm": [
              [0.26803, 0.0242217, 0.329501, 0.378249], 
              [0.254286, 0.346204, 0.368792, 0.0307188], 
              [9.36859e-07, 7.64047e-07, 7.64047e-07, 0.999998], 
              [9.36859e-07, 7.64047e-07, 0.922164, 0.0778347], 
              [0.999998, 7.64047e-07, 7.64047e-07, 9.36859e-07], 
              [0.0339508, 0.478942, 0.381207, 0.1059], 
              [9.36859e-07, 7.64047e-07, 7.64047e-07, 0.999998], 
              [9.36859e-07, 0.999997, 7.64047e-07, 9.36859e-07], 
              [0.999998, 7.64047e-07, 7.64047e-07, 9.36859e-07], 
              [0.00877791, 0.198088, 0.0523206, 0.740813], 
              [0.136277, 0.280174, 0.268642, 0.314907]
            ]
          }, {
            "db": 0,
            "id": "MA0477.1",
            "alt": "FOSL1",
            "len": 11,
            "nsites": 5272,
            "url": "http://jaspar2018.genereg.net/matrix/MA0477.1",
            "pwm": [
              [0.339718, 0.0225758, 0.452196, 0.18551], 
              [0.29742, 0.0828937, 0.589712, 0.0299747], 
              [5.22372e-06, 4.26016e-06, 4.26016e-06, 0.999986], 
              [5.22372e-06, 4.26016e-06, 0.999985, 5.22372e-06], 
              [0.999986, 4.26016e-06, 4.26016e-06, 5.22372e-06], 
              [0.0235248, 0.591799, 0.384671, 5.22372e-06], 
              [5.22372e-06, 4.26016e-06, 4.26016e-06, 0.999986], 
              [0.0335786, 0.966412, 4.26016e-06, 5.22372e-06], 
              [0.999986, 4.26016e-06, 4.26016e-06, 5.22372e-06], 
              [0.00702309, 0.153833, 0.328905, 0.510239], 
              [0.224584, 0.319421, 0.355651, 0.100344]
            ]
          }, {
            "db": 0,
            "id": "MA0478.1",
            "alt": "FOSL2",
            "len": 11,
            "nsites": 5318,
            "url": "http://jaspar2018.genereg.net/matrix/MA0478.1",
            "pwm": [
              [0.15664, 0.186913, 0.39225, 0.264197], 
              [0.286762, 0.111322, 0.509021, 0.0928954], 
              [0.537979, 0.010346, 0.437755, 0.0139199], 
              [5.17854e-06, 4.22331e-06, 4.22331e-06, 0.999986], 
              [5.17854e-06, 4.22331e-06, 0.999985, 5.17854e-06], 
              [0.954293, 0.00959404, 0.0361075, 5.17854e-06], 
              [5.17854e-06, 0.617894, 0.345617, 0.0364845], 
              [5.17854e-06, 4.22331e-06, 4.22331e-06, 0.999986], 
              [0.0385525, 0.961438, 4.22331e-06, 5.17854e-06], 
              [0.999986, 4.22331e-06, 4.22331e-06, 5.17854e-06], 
              [5.17854e-06, 0.263068, 0.36348, 0.373447]
            ]
          }, {
            "db": 0,
            "id": "MA0489.1",
            "alt": "JUN(var.2)",
            "len": 14,
            "nsites": 10956,
            "url": "http://jaspar2018.genereg.net/matrix/MA0489.1",
            "pwm": [
              [0.44286, 0.114094, 0.257211, 0.185835], 
              [0.358433, 0.120848, 0.375136, 0.145583], 
              [0.340087, 0.102867, 0.395215, 0.16183], 
              [0.40124, 0.102411, 0.315899, 0.18045], 
              [0.378422, 0.0541276, 0.384537, 0.182914], 
              [0.541254, 0.0906362, 0.368108, 2.51367e-06], 
              [2.51367e-06, 2.05e-06, 2.05e-06, 0.999993], 
              [2.51367e-06, 2.05e-06, 0.999993, 2.51367e-06], 
              [0.999719, 2.05e-06, 2.05e-06, 0.000276511], 
              [0.0348692, 0.520625, 0.37331, 0.0711959], 
              [0.0181663, 2.05e-06, 2.05e-06, 0.98183], 
              [0.0872597, 0.912736, 2.05e-06, 2.51367e-06], 
              [0.999993, 2.05e-06, 2.05e-06, 2.51367e-06], 
              [0.0343212, 0.229007, 0.24142, 0.495252]
            ]
          }, {
            "db": 0,
            "id": "MA0490.1",
            "alt": "JUNB",
            "len": 11,
            "nsites": 16992,
            "url": "http://jaspar2018.genereg.net/matrix/MA0490.1",
            "pwm": [
              [0.212159, 0.198093, 0.352106, 0.237641], 
              [0.297493, 0.062207, 0.495937, 0.144363], 
              [0.493408, 0.0342521, 0.472339, 1.62075e-06], 
              [1.62075e-06, 1.32179e-06, 1.32179e-06, 0.999996], 
              [1.62075e-06, 1.32179e-06, 0.999995, 1.62075e-06], 
              [0.999996, 1.32179e-06, 1.32179e-06, 1.62075e-06], 
              [1.62075e-06, 0.580212, 0.369644, 0.0501423], 
              [1.62075e-06, 1.32179e-06, 1.32179e-06, 0.999996], 
              [0.0739182, 0.926079, 1.32179e-06, 1.62075e-06], 
              [0.999996, 1.32179e-06, 1.32179e-06, 1.62075e-06], 
              [0.0433164, 0.174317, 0.359992, 0.422374]
            ]
          }, {
            "db": 0,
            "id": "MA0491.1",
            "alt": "JUND",
            "len": 11,
            "nsites": 38710,
            "url": "http://jaspar2018.genereg.net/matrix/MA0491.1",
            "pwm": [
              [0.320046, 0.0196075, 0.352364, 0.307982], 
              [0.391708, 0.124619, 0.483672, 7.11442e-07], 
              [7.11442e-07, 5.8021e-07, 5.8021e-07, 0.999998], 
              [7.11442e-07, 5.8021e-07, 0.999998, 7.11442e-07], 
              [0.999998, 5.8021e-07, 5.8021e-07, 7.11442e-07], 
              [7.11442e-07, 0.590467, 0.363679, 0.0458546], 
              [7.11442e-07, 5.8021e-07, 5.8021e-07, 0.999998], 
              [0.0399646, 0.960034, 5.8021e-07, 7.11442e-07], 
              [0.999998, 5.8021e-07, 5.8021e-07, 7.11442e-07], 
              [7.11442e-07, 0.132679, 0.0594424, 0.807878], 
              [0.14947, 0.38636, 0.32108, 0.14309]
            ]
          }, {
            "db": 0,
            "id": "MA0493.1",
            "alt": "Klf1",
            "len": 11,
            "nsites": 526,
            "url": "http://jaspar2018.genereg.net/matrix/MA0493.1",
            "pwm": [
              [0.285169, 0.144502, 0.384, 0.186329], 
              [0.317482, 0.0760742, 0.57978, 0.0266633], 
              [0.127404, 0.752752, 0.0608681, 0.0589761], 
              [0.0247626, 0.876302, 4.26915e-05, 0.0988926], 
              [0.767967, 0.224335, 4.26915e-05, 0.0076559], 
              [5.23475e-05, 0.999853, 4.26915e-05, 5.23475e-05], 
              [0.760364, 4.26915e-05, 0.184419, 0.0551749], 
              [5.23475e-05, 0.999853, 4.26915e-05, 5.23475e-05], 
              [5.23475e-05, 0.999853, 4.26915e-05, 5.23475e-05], 
              [5.23475e-05, 0.965638, 4.26915e-05, 0.0342668], 
              [0.53227, 0.06657, 4.26915e-05, 0.401117]
            ]
          }, {
            "db": 0,
            "id": "MA0516.1",
            "alt": "SP2",
            "len": 15,
            "nsites": 1686,
            "url": "http://jaspar2018.genereg.net/matrix/MA0516.1",
            "pwm": [
              [0.0949097, 0.150063, 0.609704, 0.145322], 
              [0.023147, 0.481005, 0.152436, 0.343412], 
              [0.0308565, 0.822029, 0.000606286, 0.146509], 
              [1.63335e-05, 0.995802, 0.00416507, 1.63335e-05], 
              [1.63335e-05, 0.974452, 1.33207e-05, 0.0255188], 
              [0.103213, 1.33207e-05, 0.759161, 0.137612], 
              [1.63335e-05, 0.999954, 1.33207e-05, 1.63335e-05], 
              [1.63335e-05, 0.982161, 1.33207e-05, 0.0178093], 
              [1.63335e-05, 0.657151, 1.33207e-05, 0.342819], 
              [0.122192, 0.709342, 1.33207e-05, 0.168452], 
              [0.0682213, 0.575898, 0.0587288, 0.297152], 
              [0.110923, 0.328582, 0.192766, 0.367729], 
              [0.134053, 0.425255, 0.23784, 0.202851], 
              [0.135239, 0.470922, 0.241992, 0.151846], 
              [0.120412, 0.441861, 0.250295, 0.187431]
            ]
          }, {
            "db": 0,
            "id": "MA0524.2",
            "alt": "TFAP2C",
            "len": 12,
            "nsites": 5834,
            "url": "http://jaspar2018.genereg.net/matrix/MA0524.2",
            "pwm": [
              [0.220947, 0.244601, 0.0527969, 0.481655], 
              [0.102765, 0.198151, 0.68281, 0.0162734], 
              [0.0106495, 0.887154, 0.0944362, 0.00775959], 
              [0.00401265, 0.974269, 0.00150682, 0.0202114], 
              [0.00634561, 0.615931, 0.0658127, 0.31191], 
              [0.0884502, 0.364071, 0.22746, 0.32002], 
              [0.412237, 0.248543, 0.291737, 0.0474839], 
              [0.379775, 0.0584428, 0.558863, 0.00291767], 
              [0.0270583, 0.00199582, 0.968286, 0.00266067], 
              [0.0165124, 0.110353, 0.867627, 0.00550763], 
              [0.0323242, 0.742325, 0.149129, 0.0762214], 
              [0.597354, 0.0666807, 0.177409, 0.158555]
            ]
          }, {
            "db": 0,
            "id": "MA0528.1",
            "alt": "ZNF263",
            "len": 21,
            "nsites": 15235,
            "url": "http://jaspar2018.genereg.net/matrix/MA0528.1",
            "pwm": [
              [0.155301, 0.0192333, 0.727138, 0.0983272], 
              [0.301674, 1.47423e-06, 0.698323, 1.80767e-06], 
              [0.729764, 1.47423e-06, 0.183919, 0.0863152], 
              [0.0297356, 1.47423e-06, 0.907052, 0.0632114], 
              [0.0663614, 0.11408, 0.816799, 0.00275879], 
              [0.913616, 0.0361682, 0.00282346, 0.0473925], 
              [0.102988, 0.0554001, 0.73856, 0.103053], 
              [0.101872, 0.0936669, 0.751622, 0.0528405], 
              [0.532522, 0.0635391, 0.361863, 0.0420755], 
              [0.336856, 0.101281, 0.462223, 0.0996402], 
              [0.203216, 0.070168, 0.621658, 0.104957], 
              [0.433081, 0.0387282, 0.441745, 0.0864472], 
              [0.27404, 0.0406972, 0.584376, 0.100887], 
              [0.269511, 0.106204, 0.5935, 0.0307856], 
              [0.521363, 0.0623571, 0.31375, 0.102528], 
              [0.250935, 6.74738e-05, 0.633998, 0.114999], 
              [0.205579, 1.47423e-06, 0.751162, 0.0432575], 
              [0.545124, 1.47423e-06, 0.38674, 0.0681344], 
              [0.343026, 0.0143764, 0.585689, 0.0569094], 
              [0.266951, 0.0426662, 0.6445, 0.0458825], 
              [0.476796, 0.0595351, 0.403084, 0.0605854]
            ]
          }, {
            "db": 0,
            "id": "MA0538.1",
            "alt": "daf-12",
            "len": 15,
            "nsites": 156,
            "url": "http://jaspar2018.genereg.net/matrix/MA0538.1",
            "pwm": [
              [0.141112, 0.128267, 0.724039, 0.00658232], 
              [0.455013, 0.000143882, 0.0834235, 0.461419], 
              [0.211579, 0.000143882, 0.788101, 0.000176425], 
              [0.147518, 0.333263, 0.0385812, 0.480637], 
              [0.000176425, 0.000143882, 0.999503, 0.000176425], 
              [0.000176425, 0.333263, 0.000143882, 0.666416], 
              [0.000176425, 0.000143882, 0.999503, 0.000176425], 
              [0.0962688, 0.160297, 0.0898304, 0.653604], 
              [0.000176425, 0.128267, 0.621541, 0.250016], 
              [0.00658232, 0.000143882, 0.000143882, 0.99313], 
              [0.000176425, 0.00654978, 0.98669, 0.00658232], 
              [0.000176425, 0.506229, 0.102642, 0.390952], 
              [0.205173, 0.000143882, 0.538261, 0.256422], 
              [0.109081, 0.128267, 0.179516, 0.583136], 
              [0.109081, 0.275608, 0.358888, 0.256422]
            ]
          }, {
            "db": 0,
            "id": "MA0583.1",
            "alt": "RAV1(var.2)",
            "len": 12,
            "nsites": 62,
            "url": "http://jaspar2018.genereg.net/matrix/MA0583.1",
            "pwm": [
              [0.354711, 0.193598, 0.161392, 0.290299], 
              [0.203241, 0.234359, 0.12516, 0.437239], 
              [0.123322, 0.752994, 0.0157219, 0.107962], 
              [0.614838, 0.092521, 0.12324, 0.169402], 
              [0.0158037, 0.860512, 0.0464414, 0.0772426], 
              [0.000443478, 0.998751, 0.000361675, 0.000443478], 
              [0.000443478, 0.000361675, 0.000361675, 0.998833], 
              [0.000443478, 0.000361675, 0.998751, 0.000443478], 
              [0.436105, 0.12743, 0.34526, 0.0912061], 
              [0.222308, 0.277692, 0.333158, 0.166842], 
              [0.230841, 0.269159, 0.307558, 0.192442], 
              [0.174076, 0.434445, 0.108883, 0.282597]
            ]
          }, {
            "db": 0,
            "id": "MA0591.1",
            "alt": "Bach1::Mafk",
            "len": 15,
            "nsites": 114,
            "url": "http://jaspar2018.genereg.net/matrix/MA0591.1",
            "pwm": [
              [0.394632, 0.122896, 0.359531, 0.122941], 
              [0.122941, 0.315709, 0.403352, 0.157998], 
              [0.131705, 0.359531, 0.473466, 0.0352986], 
              [0.578681, 0.140425, 0.280653, 0.000241367], 
              [0.01777, 0.00896116, 0.000196845, 0.973072], 
              [0.000241367, 0.000196845, 0.93797, 0.0615916], 
              [0.990601, 0.000196845, 0.000196845, 0.00900568], 
              [0.000241367, 0.824035, 0.175482, 0.000241367], 
              [0.00900568, 0.000196845, 0.0352541, 0.955543], 
              [0.0440629, 0.93797, 0.0177255, 0.000241367], 
              [0.946779, 0.00896116, 0.0264898, 0.01777], 
              [0.000241367, 0.00896116, 0.990556, 0.000241367], 
              [0.000241367, 0.99932, 0.000196845, 0.000241367], 
              [0.859137, 0.0352541, 0.0527827, 0.0528272], 
              [0.105412, 0.368295, 0.333238, 0.193054]
            ]
          }, {
            "db": 0,
            "id": "MA0599.1",
            "alt": "KLF5",
            "len": 10,
            "nsites": 13611,
            "url": "http://jaspar2018.genereg.net/matrix/MA0599.1",
            "pwm": [
              [0.10499, 0.148631, 0.556313, 0.190068], 
              [2.02335e-06, 0.874288, 1.65012e-06, 0.125708], 
              [2.02335e-06, 0.882223, 1.65012e-06, 0.117773], 
              [0.255455, 0.70303, 1.65012e-06, 0.0415127], 
              [2.02335e-06, 0.999994, 1.65012e-06, 2.02335e-06], 
              [0.371096, 1.65012e-06, 0.38072, 0.248182], 
              [2.02335e-06, 0.999994, 1.65012e-06, 2.02335e-06], 
              [2.02335e-06, 0.999994, 1.65012e-06, 2.02335e-06], 
              [2.02335e-06, 0.965023, 1.65012e-06, 0.0349738], 
              [0.287635, 0.411064, 1.65012e-06, 0.3013]
            ]
          }, {
            "db": 0,
            "id": "MA0655.1",
            "alt": "JDP2",
            "len": 9,
            "nsites": 1801,
            "url": "http://jaspar2018.genereg.net/matrix/MA0655.1",
            "pwm": [
              [0.907239, 0.0105619, 0.0777432, 0.00445704], 
              [0.00305312, 0.00365727, 0.000620436, 0.99267], 
              [1.52907e-05, 0.00182037, 0.984889, 0.0132756], 
              [0.983114, 0.000614437, 0.0012154, 0.0150565], 
              [0.00844382, 0.722428, 0.261286, 0.00784186], 
              [0.00366009, 1.24702e-05, 0.00365727, 0.99267], 
              [0.0132036, 0.979574, 0.00181137, 0.00541099], 
              [0.995694, 1.24702e-05, 1.24702e-05, 0.00428105], 
              [0.0106687, 0.195644, 0.00243334, 0.791254]
            ]
          }, {
            "db": 0,
            "id": "MA0753.1",
            "alt": "ZNF740",
            "len": 10,
            "nsites": 2151,
            "url": "http://jaspar2018.genereg.net/matrix/MA0753.1",
            "pwm": [
              [0.273826, 0.462565, 0.177594, 0.0860158], 
              [0.0778182, 0.853881, 0.0107289, 0.0575731], 
              [0.0620579, 0.91412, 0.0029853, 0.0208358], 
              [0.00949736, 0.97151, 0.00362327, 0.0153691], 
              [0.00903738, 0.970633, 0.00542519, 0.0149041], 
              [0.00363263, 0.973268, 0.009512, 0.0135872], 
              [0.0234117, 0.949635, 0.0167867, 0.0101673], 
              [0.0452747, 0.901478, 0.00964999, 0.0435988], 
              [0.680247, 0.185644, 0.0360618, 0.0980472], 
              [0.124575, 0.618797, 0.052942, 0.203685]
            ]
          }, {
            "db": 0,
            "id": "MA0757.1",
            "alt": "ONECUT3",
            "len": 14,
            "nsites": 6080,
            "url": "http://jaspar2018.genereg.net/matrix/MA0757.1",
            "pwm": [
              [0.466938, 0.168093, 0.228289, 0.13668], 
              [0.633382, 0.0623387, 0.187665, 0.116615], 
              [0.786538, 0.0354491, 0.0644266, 0.113586], 
              [0.801467, 0.0228083, 0.0147675, 0.160956], 
              [0.970615, 0.00447362, 0.0162874, 0.00862539], 
              [0.9907, 0.000818681, 0.00668458, 0.0017965], 
              [0.00514145, 0.0165394, 0.00225166, 0.976068], 
              [0.00376847, 0.994914, 0.000494686, 0.000822516], 
              [0.646369, 0.00327664, 0.34855, 0.0018045], 
              [0.993939, 0.000984678, 0.00147467, 0.00360147], 
              [0.00701241, 0.000981678, 0.00114468, 0.990862], 
              [0.905156, 0.0156354, 0.0278432, 0.0513657], 
              [0.59539, 0.141613, 0.0685886, 0.194409], 
              [0.306199, 0.209012, 0.104097, 0.380692]
            ]
          }, {
            "db": 0,
            "id": "MA0810.1",
            "alt": "TFAP2A(var.2)",
            "len": 12,
            "nsites": 4005,
            "url": "http://jaspar2018.genereg.net/matrix/MA0810.1",
            "pwm": [
              [0.169291, 0.295379, 0.0432005, 0.49213], 
              [0.121506, 0.276351, 0.580823, 0.0213203], 
              [0.00353579, 0.94257, 0.0538863, 6.87623e-06], 
              [6.87623e-06, 0.989361, 0.00247555, 0.00815667], 
              [0.00250281, 0.701935, 0.0551712, 0.24039], 
              [0.0491946, 0.412729, 0.207491, 0.330586], 
              [0.330503, 0.359208, 0.263104, 0.0471847], 
              [0.423716, 0.101626, 0.467659, 0.0069977], 
              [0.0451487, 0.00804141, 0.946803, 6.87623e-06], 
              [0.00104685, 0.163861, 0.833006, 0.00208582], 
              [0.0210434, 0.834394, 0.0974832, 0.0470797], 
              [0.479775, 0.10834, 0.244383, 0.167502]
            ]
          }, {
            "db": 0,
            "id": "MA0811.1",
            "alt": "TFAP2B",
            "len": 12,
            "nsites": 3179,
            "url": "http://jaspar2018.genereg.net/matrix/MA0811.1",
            "pwm": [
              [0.22523, 0.240013, 0.0566273, 0.478132], 
