<!DOCTYPE HTML>
<html>
  <head>
    <meta charset="UTF-8">
    <title>SpaMo - Spaced Motif Analysis</title>
    <script type="text/javascript">
      //@JSON_VAR data
      var data = {"program":"SpaMo","version":"4.12.0","revision":"aacc9c3eb8c7b460b344d5c8aa1458097dae704d","release":"Tue Jun 27 16:22:50 2017 -0700","host":"Sudins-iMac.local","when":"Thu May 24 14:28:49 2018","cmd":["spamo","-verbosity","1","-oc","results/AHRpeaks_not-in-DHSs.bed-399.fa/jaspar/spamo_out_4","-bgfile","results/AHRpeaks_not-in-DHSs.bed-399.fa/jaspar/background","-primary","AATTRAGTSCCAGCTA","results/AHRpeaks_not-in-DHSs.bed-399.fa/jaspar/AHRpeaks_not-in-DHSs.bed-399.fa","results/AHRpeaks_not-in-DHSs.bed-399.fa/jaspar/meme_out/meme.xml","results/AHRpeaks_not-in-DHSs.bed-399.fa/jaspar/meme_out/meme.xml","/Users/filipov4/meme/db/motif_databases/JASPAR/JASPAR2018_CORE_non-redundant.meme"],"options":{"seq_min_hit_score":7,"margin":150,"bin_size":1,"bin_pvalue_calc_range":150,"use_best_secondary":0,"seq_max_shared_fract":0.5,"seq_odds_ratio":20,"bin_pvalue_cutoff":0.05,"motif_evalue_cutoff":10,"redundant_overlap":2,"redundant_joint":0.5,"motif_pseudocount":0.1,"bgfile":"results/AHRpeaks_not-in-DHSs.bed-399.fa/jaspar/background","motif_trim":0.25,"xalph":0,"seed":1,"bin_max":3},"alphabet":{"name":"DNA","like":"dna","ncore":4,"symbols":[{"symbol":"A","name":"Adenine","colour":"CC0000","complement":"T"},{"symbol":"C","name":"Cytosine","colour":"0000CC","complement":"G"},{"symbol":"G","name":"Guanine","colour":"FFB300","complement":"C"},{"symbol":"T","aliases":"U","name":"Thymine","colour":"008000","complement":"A"},{"symbol":"N","aliases":"X.","name":"Any base","equals":"ACGT"},{"symbol":"V","name":"Not T","equals":"ACG"},{"symbol":"H","name":"Not G","equals":"ACT"},{"symbol":"D","name":"Not C","equals":"AGT"},{"symbol":"B","name":"Not A","equals":"CGT"},{"symbol":"M","name":"Amino","equals":"AC"},{"symbol":"R","name":"Purine","equals":"AG"},{"symbol":"W","name":"Weak","equals":"AT"},{"symbol":"S","name":"Strong","equals":"CG"},{"symbol":"Y","name":"Pyrimidine","equals":"CT"},{"symbol":"K","name":"Keto","equals":"GT"}]},"background":[0.2917,0.2083,0.2083,0.2917],"sequence_dbs":[{"source":"results/AHRpeaks_not-in-DHSs.bed-399.fa/jaspar/AHRpeaks_not-in-DHSs.bed-399.fa","name":"AHRpeaks_not-in-DHSs.bed-399","last_modified":"Thu May 24 11:14:35 2018","loaded":56,"excluded_too_short":0,"excluded_no_match":50,"excluded_ambigs":0,"excluded_similar":1,"erased_primary_matches":0}],"primary_dbs":[{"source":"results/AHRpeaks_not-in-DHSs.bed-399.fa/jaspar/meme_out/meme.xml","name":"meme.xml","last_modified":"Thu May 24 14:28:06 2018","loaded":6,"excluded":5}],"secondary_dbs":[{"source":"results/AHRpeaks_not-in-DHSs.bed-399.fa/jaspar/meme_out/meme.xml","name":"meme.xml","last_modified":"Thu May 24 14:28:06 2018","loaded":7,"excluded":1},{"source":"/Users/filipov4/meme/db/motif_databases/JASPAR/JASPAR2018_CORE_non-redundant.meme","name":"JASPAR2018_CORE_non-redundant","last_modified":"Thu Dec  7 14:38:42 2017","loaded":1404,"excluded":0}],"secondary_motifs":[{"db":1,"id":"MA0012.1","alt":"br(var.3)","len":11,"ltrim":0,"rtrim":2,"nsites":12,"url":"http://jaspar2018.genereg.net/matrix/MA0012.1","pwm":[[0.250345,0.0843658,0.0843658,0.580923],[0.746212,0.167011,0.0843658,0.00241074],[0.828857,0.00172149,0.00172149,0.1677],[0.994146,0.00172149,0.00172149,0.00241074],[0.00241074,0.828167,0.0843658,0.085055],[0.332989,0.00172149,0.00172149,0.663568],[0.828857,0.00172149,0.00172149,0.1677],[0.498279,0.00172149,0.3323,0.1677],[0.498279,0.0843658,0.167011,0.250345],[0.332989,0.249655,0.167011,0.250345],[0.1677,0.249655,0.414945,0.1677]]},{"db":1,"id":"MA0023.1","alt":"dl(var.2)","len":10,"ltrim":0,"rtrim":0,"nsites":9,"url":"http://jaspar2018.genereg.net/matrix/MA0023.1","pwm":[[0.00320549,0.112179,0.77152,0.113095],[0.00320549,0.00228901,0.77152,0.222985],[0.00320549,0.00228901,0.9913,0.00320549],[0.00320549,0.00228901,0.88141,0.113095],[0.442765,0.112179,0.00228901,0.442765],[0.222985,0.112179,0.00228901,0.662546],[0.00320549,0.00228901,0.00228901,0.992216],[0.00320549,0.112179,0.00228901,0.882326],[0.00320549,0.9913,0.00228901,0.00320549],[0.113095,0.88141,0.00228901,0.00320549]]},{"db":1,"id":"MA0036.3","alt":"GATA2","len":11,"ltrim":2,"rtrim":2,"nsites":14213,"url":"http://jaspar2018.genereg.net/matrix/MA0036.3","pwm":[[0.232393,0.209526,0.225216,0.332864],[0.139732,0.288397,0.208682,0.363188],[0.0661386,0.746285,0.0860489,0.101528],[0.0312408,0.0182243,0.0105554,0.93998],[0.0293408,0.00239345,0.00147946,0.966786],[0.991904,0.000986459,0.00302644,0.00408302],[0.010204,0.00541943,0.00337844,0.980998],[0.006756,0.969952,0.0088664,0.014425],[0.166961,0.0346172,0.0258223,0.7726],[0.204884,0.26131,0.257229,0.276578],[0.230634,0.272567,0.155914,0.340885]]},{"db":1,"id":"MA0037.3","alt":"GATA3","len":8,"ltrim":0,"rtrim":1,"nsites":1000,"url":"http://jaspar2018.genereg.net/matrix/MA0037.3","pwm":[[0.501979,0.225998,0.00102073,0.271002],[2.91671e-05,2.08279e-05,0.999921,2.91671e-05],[0.999929,2.08279e-05,2.08279e-05,2.91671e-05],[2.91671e-05,2.08279e-05,2.08279e-05,0.999929],[0.914853,0.00202263,2.08279e-05,0.0831039],[0.861943,0.0150193,0.0760132,0.0470245],[0.114018,0.300991,0.475973,0.109018],[0.422987,0.188002,0.320989,0.0680224]]},{"db":1,"id":"MA0053.1","alt":"MNB1A","len":5,"ltrim":0,"rtrim":0,"nsites":15,"url":"http://jaspar2018.genereg.net/matrix/MA0053.1","pwm":[[0.995309,0.00137947,0.00137947,0.00193179],[0.995309,0.00137947,0.00137947,0.00193179],[0.995309,0.00137947,0.00137947,0.00193179],[0.00193179,0.00137947,0.994757,0.00193179],[0.200607,0.597406,0.00137947,0.200607]]},{"db":1,"id":"MA0084.1","alt":"SRY","len":9,"ltrim":2,"rtrim":0,"nsites":28,"url":"http://jaspar2018.genereg.net/matrix/MA0084.1","pwm":[[0.178974,0.178677,0.356613,0.285735],[0.285735,0.107503,0.14309,0.463672],[0.534846,0.000741282,0.107503,0.35691],[0.641607,0.107503,0.107503,0.143387],[0.890718,0.000741282,0.000741282,0.1078],[0.00103808,0.926008,0.000741282,0.0722129],[0.997479,0.000741282,0.000741282,0.00103808],[0.961892,0.000741282,0.0363282,0.00103808],[0.250148,0.000741282,0.0719161,0.677194]]},{"db":1,"id":"MA0173.1","alt":"CG11617","len":7,"ltrim":0,"rtrim":0,"nsites":17,"url":"http://jaspar2018.genereg.net/matrix/MA0173.1","pwm":[[0.0601858,0.00121813,0.00121813,0.937378],[0.00170585,0.00121813,0.00121813,0.995858],[0.586501,0.00121813,0.176657,0.235624],[0.995858,0.00121813,0.00121813,0.00170585],[0.00170585,0.99537,0.00121813,0.00170585],[0.995858,0.00121813,0.00121813,0.00170585],[0.00170585,0.00121813,0.00121813,0.995858]]},{"db":1,"id":"MA0210.1","alt":"ara","len":5,"ltrim":0,"rtrim":0,"nsites":34,"url":"http://jaspar2018.genereg.net/matrix/MA0210.1","pwm":[[0.411413,0.000610851,0.147239,0.440738],[0.675343,0.000610851,0.000610851,0.323436],[0.997923,0.000610851,0.000610851,0.000855425],[0.000855425,0.997678,0.000610851,0.000855425],[0.997923,0.000610851,0.000610851,0.000855425]]},{"db":1,"id":"MA0233.1","alt":"mirr","len":5,"ltrim":0,"rtrim":0,"nsites":41,"url":"http://jaspar2018.genereg.net/matrix/MA0233.1","pwm":[[0.487328,0.0248375,0.0248375,0.462997],[0.706306,0.000506813,0.0491681,0.244018],[0.998277,0.000506813,0.000506813,0.000709732],[0.000709732,0.998074,0.000506813,0.000709732],[0.998277,0.000506813,0.000506813,0.000709732]]},{"db":1,"id":"MA0277.1","alt":"AZF1","len":9,"ltrim":0,"rtrim":0,"nsites":102,"url":"http://jaspar2018.genereg.net/matrix/MA0277.1","pwm":[[0.617328,0.12753,0.12753,0.127612],[0.999306,0.000204016,0.000204016,0.0002857],[0.999306,0.000204016,0.000204016,0.0002857],[0.870719,0.128791,0.000204016,0.0002857],[0.749551,0.000204016,0.249959,0.0002857],[0.0002857,0.000204016,0.999225,0.0002857],[0.779522,0.160047,0.0301746,0.0302563],[0.817666,0.0607507,0.0607507,0.0608323],[0.617328,0.12753,0.12753,0.127612]]},{"db":1,"id":"MA0307.1","alt":"GLN3","len":5,"ltrim":0,"rtrim":0,"nsites":100,"url":"http://jaspar2018.genereg.net/matrix/MA0307.1","pwm":[[0.000291408,0.000208092,0.999209,0.000291408],[0.999292,0.000208092,0.000208092,0.000291408],[0.000291408,0.000208092,0.000208092,0.999292],[0.739552,0.000208092,0.000208092,0.260032],[0.609682,0.000208092,0.269938,0.120172]]},{"db":1,"id":"MA0317.1","alt":"HCM1","len":8,"ltrim":0,"rtrim":0,"nsites":100,"url":"http://jaspar2018.genereg.net/matrix/MA0317.1","pwm":[[0.509782,0.160048,0.249958,0.0802115],[0.270022,0.0801282,0.0401681,0.609682],[0.662995,0.316724,0.0100992,0.0101825],[0.949342,0.0501581,0.000208092,0.000291408],[0.999292,0.000208092,0.000208092,0.000291408],[0.0102814,0.859349,0.000208092,0.130162],[0.939946,0.0199903,0.0199903,0.0200736],[0.575474,0.171754,0.111208,0.141564]]},{"db":1,"id":"MA0347.1","alt":"NRG1","len":20,"ltrim":6,"rtrim":2,"nsites":999,"url":"http://jaspar2018.genereg.net/matrix/MA0347.1","pwm":[[0.181192,0.404384,0.14315,0.271273],[0.243248,0.225223,0.1992,0.332328],[0.293587,0.250497,0.27855,0.177366],[0.259522,0.239476,0.26252,0.238482],[0.419827,0.112234,0.269533,0.198406],[0.213221,0.25525,0.0921036,0.439424],[0.455896,0.48895,0.00903795,0.0461166],[0.960894,0.00302355,0.0360532,2.91963e-05],[0.002033,0.00102275,0.992907,0.0040368],[0.002033,0.00102275,0.994911,0.002033],[0.0110501,2.08488e-05,0.987898,0.0010311],[0.0710931,0.0110307,0.00202265,0.915854],[0.00404079,0.93072,0.00202665,0.0632129],[0.0030319,0.82076,0.00302355,0.173185],[0.503987,0.0871861,0.0390949,0.369731],[0.245742,0.202609,0.239716,0.311934],[0.124265,0.303597,0.269533,0.302604],[0.224456,0.0671481,0.549064,0.159332],[0.206629,0.401185,0.228684,0.163503],[0.325648,0.171347,0.233464,0.269541]]},{"db":1,"id":"MA0377.1","alt":"SFL1","len":21,"ltrim":6,"rtrim":0,"nsites":999,"url":"http://jaspar2018.genereg.net/matrix/MA0377.1","pwm":[[0.272274,0.183186,0.130138,0.414402],[0.368729,0.26252,0.124256,0.244494],[0.281564,0.244485,0.332653,0.141298],[0.382373,0.256251,0.117126,0.244249],[0.314627,0.098207,0.349685,0.23748],[0.36836,0.22122,0.198199,0.21222],[0.727684,0.0300478,0.124132,0.118135],[0.127143,0.178181,0.108118,0.586557],[0.506485,0.261256,0.226224,0.0060346],[0.0180634,0.0100398,0.961849,0.0100482],[0.957849,0.0160512,0.00503035,0.0210691],[0.960855,0.00903795,0.0210607,0.00904629],[0.022071,0.0471101,0.807555,0.123263],[0.616584,0.129137,0.218217,0.0360616],[0.597163,0.134276,0.0360892,0.232471],[0.536048,0.221442,0.048112,0.194399],[0.256517,0.156318,0.146299,0.440867],[0.492966,0.0962032,0.217434,0.193397],[0.43185,0.0671481,0.0992089,0.401793],[0.369731,0.123255,0.146299,0.360714],[0.410219,0.121373,0.0722306,0.396179]]},{"db":1,"id":"MA0442.2","alt":"SOX10","len":11,"ltrim":2,"rtrim":2,"nsites":2055,"url":"http://jaspar2018.genereg.net/matrix/MA0442.2","pwm":[[0.332358,0.193188,0.256446,0.218009],[0.351822,0.137716,0.277856,0.232606],[0.544027,0.181023,0.154261,0.120689],[0.984394,0.00195604,0.00147006,0.0121786],[0.00147412,0.967846,0.00536288,0.025317],[0.987314,0.00341597,0.00341597,0.00585291],[0.957632,0.0136345,0.00974166,0.0189913],[0.953253,0.0112016,0.00584885,0.0296967],[0.00487996,0.00633583,0.979037,0.00974572],[0.324086,0.26861,0.301212,0.106092],[0.310461,0.27007,0.24574,0.173729]]},{"db":1,"id":"MA0445.1","alt":"D","len":11,"ltrim":0,"rtrim":0,"nsites":29,"url":"http://jaspar2018.genereg.net/matrix/MA0445.1","pwm":[[0.0353669,0.27563,0.241265,0.447738],[0.0010024,0.859822,0.000715808,0.138459],[0.0010024,0.584908,0.000715808,0.413373],[0.688287,0.000715808,0.000715808,0.310281],[0.0010024,0.000715808,0.000715808,0.997566],[0.0010024,0.000715808,0.103808,0.894473],[0.0697314,0.000715808,0.92855,0.0010024],[0.0010024,0.000715808,0.000715808,0.997566],[0.0353669,0.0694448,0.138173,0.757016],[0.138459,0.344359,0.206902,0.310281],[0.207188,0.0350803,0.0350803,0.722652]]},{"db":1,"id":"MA0452.2","alt":"Kr","len":14,"ltrim":1,"rtrim":3,"nsites":1296,"url":"http://jaspar2018.genereg.net/matrix/MA0452.2","pwm":[[0.138129,0.325608,0.183644,0.352618],[0.158189,0.145838,0.168213,0.52776],[0.116526,0.297833,0.0563387,0.529303],[0.962911,1.60713e-05,1.60713e-05,0.0370566],[0.833291,0.16667,1.60713e-05,2.2506e-05],[0.00850985,0.902724,1.60713e-05,0.0887507],[2.2506e-05,0.908125,1.60713e-05,0.0918364],[2.2506e-05,0.999939,1.60713e-05,2.2506e-05],[2.2506e-05,0.155868,1.60713e-05,0.844093],[2.2506e-05,1.60713e-05,1.60713e-05,0.999945],[2.2506e-05,0.0872003,1.60713e-05,0.912761],[0.0872068,0.307862,0.178243,0.426688],[0.245374,0.248454,0.219906,0.286265],[0.162819,0.334867,0.168984,0.33333]]},{"db":1,"id":"MA0458.1","alt":"slp1","len":11,"ltrim":1,"rtrim":0,"nsites":41,"url":"http://jaspar2018.genereg.net/matrix/MA0458.1","pwm":[[0.195357,0.0734998,0.341139,0.390004],[0.000709732,0.000506813,0.000506813,0.998277],[0.0737027,0.000506813,0.925081,0.000709732],[0.000709732,0.000506813,0.000506813,0.998277],[0.000709732,0.000506813,0.0248375,0.973946],[0.000709732,0.000506813,0.0491681,0.949615],[0.657644,0.000506813,0.0978304,0.244018],[0.0250404,0.535786,0.170823,0.26835],[0.414335,0.195154,0.365471,0.0250404],[0.0980334,0.316808,0.0734998,0.511659],[0.365674,0.0734998,0.0978304,0.462997]]},{"db":1,"id":"MA0486.2","alt":"HSF1","len":13,"ltrim":0,"rtrim":0,"nsites":1562,"url":"http://jaspar2018.genereg.net/matrix/MA0486.2","pwm":[[0.0409891,0.0115366,0.0160173,0.931457],[0.0074152,0.00270316,0.0114446,0.978436],[0.00610728,0.984388,0.00610194,0.00340146],[0.00196255,0.175415,0.115652,0.70697],[0.642079,0.187115,0.169464,0.00134259],[1.86736e-05,1.33346e-05,0.999949,1.86736e-05],[0.988406,0.00544799,0.00137225,0.00477337],[0.976466,0.00269816,0.00269816,0.0181385],[0.0480596,0.489344,0.109134,0.353462],[0.336767,0.130589,0.40686,0.125784],[0.0168526,0.00338012,1.33346e-05,0.979754],[0.00410841,0.00137625,0.00274016,0.991775],[0.00206654,0.993124,0.0020612,0.0027485]]},{"db":1,"id":"MA0514.1","alt":"Sox3","len":10,"ltrim":0,"rtrim":0,"nsites":2067,"url":"http://jaspar2018.genereg.net/matrix/MA0514.1","pwm":[[1.41115e-05,0.719375,0.159654,0.120956],[1.41115e-05,0.750821,1.00769e-05,0.249155],[0.126762,1.00769e-05,1.00769e-05,0.873218],[1.41115e-05,1.00769e-05,1.00769e-05,0.999966],[1.41115e-05,1.00769e-05,1.00769e-05,0.999966],[1.41115e-05,0.0696727,0.930299,1.41115e-05],[1.41115e-05,1.00769e-05,1.00769e-05,0.999966],[1.41115e-05,0.337681,0.122887,0.539417],[0.00920567,0.412665,0.0106526,0.567476],[0.0203321,0.316396,0.18481,0.478462]]},{"db":1,"id":"MA0515.1","alt":"Sox6","len":10,"ltrim":0,"rtrim":0,"nsites":249,"url":"http://jaspar2018.genereg.net/matrix/MA0515.1","pwm":[[0.0161747,0.558093,0.200806,0.224927],[0.000117101,0.887277,8.36211e-05,0.112522],[0.646444,8.36211e-05,8.36211e-05,0.353389],[0.000117101,8.36211e-05,8.36211e-05,0.999716],[0.000117101,8.36211e-05,8.36211e-05,0.999716],[0.000117101,8.36211e-05,0.999682,0.000117101],[0.000117101,8.36211e-05,8.36211e-05,0.999716],[0.000117101,0.461745,0.0201556,0.517981],[0.0161747,0.449702,8.36211e-05,0.53404],[0.0563195,0.305182,0.124532,0.513967]]},{"db":1,"id":"MA0766.1","alt":"GATA5","len":8,"ltrim":0,"rtrim":2,"nsites":5288,"url":"http://jaspar2018.genereg.net/matrix/MA0766.1","pwm":[[0.446101,0.19289,0.0313953,0.329613],[5.51616e-06,3.93904e-06,0.999985,5.51616e-06],[0.997872,3.93904e-06,0.0021189,5.51616e-06],[5.51616e-06,3.93904e-06,3.93904e-06,0.999987],[0.759244,0.0589018,0.00965976,0.172194],[0.719858,0.0640857,0.108638,0.107418],[0.169989,0.300125,0.419241,0.110643],[0.413309,0.18101,0.320049,0.0856339]]},{"db":1,"id":"MA0770.1","alt":"HSF2","len":13,"ltrim":0,"rtrim":0,"nsites":3488,"url":"http://jaspar2018.genereg.net/matrix/MA0770.1","pwm":[[0.0496059,0.0106137,0.0260942,0.913686],[0.00706516,0.000619954,0.0144276,0.977887],[0.00500022,0.994361,0.000629954,8.36271e-06],[0.000247356,0.169412,0.069916,0.760426],[0.701352,0.124342,0.174297,8.36271e-06],[0.000635345,5.97174e-06,0.999037,0.000321354],[0.975194,0.0149995,0.00122994,0.00857612],[0.96021,0.000306963,0.00693577,0.0325474],[0.0533488,0.44116,0.197678,0.307813],[0.31346,0.146849,0.379349,0.160343],[0.0407532,0.0195174,0.0252562,0.914473],[0.013385,0.0264622,0.0127876,0.947365],[0.0236967,0.848265,0.0311471,0.0968916]]},{"db":1,"id":"MA1152.1","alt":"SOX15","len":10,"ltrim":0,"rtrim":3,"nsites":1000,"url":"http://jaspar2018.genereg.net/matrix/MA1152.1","pwm":[[0.032026,0.553965,0.147006,0.267002],[0.061961,0.411568,0.0259922,0.500479],[0.630336,0.00301753,0.00501533,0.361631],[0.00302887,0.00302053,0.00602023,0.98793],[0.00302587,0.00201863,0.00201863,0.992937],[0.0831039,0.0210397,0.890823,0.00503367],[0.0240268,0.00202063,0.00302053,0.970932],[0.180191,0.18819,0.125133,0.506486],[0.215008,0.252996,0.114009,0.417987],[0.240764,0.187814,0.164839,0.406582]]},{"db":1,"id":"MA1159.1","alt":"SGR5","len":15,"ltrim":0,"rtrim":0,"nsites":600,"url":"http://jaspar2018.genereg.net/matrix/MA1159.1","pwm":[[0.4883,0.21,0.0666906,0.235009],[0.57162,0.0950189,0.266657,0.0667045],[0.566621,0.0800214,0.193335,0.160022],[0.721595,3.47109e-05,0.0733555,0.205014],[0.51663,0.0266973,0.0450272,0.411647],[0.809914,0.0366956,0.153342,4.86085e-05],[0.886568,0.0067006,0.0366956,0.0700369],[0.0550394,3.47109e-05,0.943211,0.00171533],[0.984884,0.010033,3.47109e-05,0.00504778],[4.86085e-05,0.998201,0.00170143,4.86085e-05],[0.986551,0.00170143,0.0116998,4.86085e-05],[0.99655,0.00170143,3.47109e-05,0.00171533],[0.933226,0.0166989,0.0183647,0.0317103],[0.713263,0.0566923,0.0350289,0.195016],[0.474969,0.138345,0.0716898,0.314996]]},{"db":1,"id":"MA1189.1","alt":"AT5G61620","len":15,"ltrim":1,"rtrim":0,"nsites":599,"url":"http://jaspar2018.genereg.net/matrix/MA1189.1","pwm":[[0.342229,0.136907,0.248741,0.272123],[0.429025,0.0300798,0.113539,0.427356],[0.347236,0.016726,0.016726,0.619311],[0.292154,0.0501094,0.186982,0.470755],[0.190334,0.0968466,0.0100501,0.702769],[0.160289,3.47688e-05,0.839628,4.86897e-05],[4.86897e-05,3.47688e-05,0.999868,4.86897e-05],[0.999882,3.47688e-05,3.47688e-05,4.86897e-05],[4.86897e-05,3.47688e-05,3.47688e-05,0.999882],[0.933115,0.0267413,0.0150573,0.0250865],[0.854664,3.47688e-05,0.088501,0.0568002],[0.252094,0.0784857,0.517477,0.151943],[0.44071,0.0918394,0.318847,0.148605],[0.308845,0.118546,0.058456,0.514153],[0.29883,0.0868313,0.103523,0.510814]]},{"db":1,"id":"MA1195.1","alt":"AT5G56840","len":15,"ltrim":0,"rtrim":1,"nsites":600,"url":"http://jaspar2018.genereg.net/matrix/MA1195.1","pwm":[[0.558289,0.0750222,0.0950189,0.27167],[0.628277,0.0333622,0.120015,0.218345],[0.0783686,0.539945,0.0616914,0.319995],[0.190017,0.596602,0.0983513,0.115029],[0.0183786,0.040028,0.00336716,0.938225],[0.021712,0.0316964,0.0116998,0.934893],[0.989884,0.00503388,3.47109e-05,0.00504778],[4.86085e-05,0.00336716,0.00170143,0.994883],[4.86085e-05,0.999868,3.47109e-05,4.86085e-05],[0.0100469,0.801568,3.47109e-05,0.18835],[0.719929,0.010033,0.0783547,0.191684],[0.373319,0.143344,0.0500264,0.433309],[0.554956,0.0067006,0.0166989,0.421645],[0.423311,0.113349,0.0416948,0.421645],[0.328327,0.244994,0.146677,0.280002]]},{"db":1,"id":"MA1268.1","alt":"AT1G69570","len":27,"ltrim":1,"rtrim":2,"nsites":596,"url":"http://jaspar2018.genereg.net/matrix/MA1268.1","pwm":[[0.219811,0.201343,0.0956569,0.483189],[0.231554,0.142628,0.104044,0.521773],[0.152708,0.0855906,0.137596,0.624105],[0.125867,0.0704931,0.1896,0.61404],[0.114124,0.441236,0.0369418,0.407699],[0.583844,0.12082,0.135918,0.159418],[4.89347e-05,0.999867,3.49438e-05,4.89347e-05],[4.89347e-05,0.0402962,3.49438e-05,0.95962],[4.89347e-05,0.00674482,3.49438e-05,0.993171],[4.89347e-05,3.49438e-05,3.49438e-05,0.999881],[0.149353,0.035264,0.0134557,0.801927],[0.134254,0.172825,0.100689,0.592232],[0.164451,0.419428,0.0990113,0.31711],[0.134254,0.253348,0.0503625,0.562036],[0.109091,0.13424,0.035264,0.721405],[0.110768,0.104044,0.0419739,0.743213],[0.140965,0.100689,0.0570724,0.701273],[0.162774,0.18289,0.0604278,0.593909],[0.130899,0.23825,0.100689,0.530161],[0.191292,0.184568,0.0855906,0.53855],[0.122511,0.167792,0.11411,0.595587],[0.134254,0.137596,0.0939792,0.634171],[0.166128,0.127531,0.0872683,0.619073],[0.203035,0.166114,0.0990113,0.531839],[0.191292,0.149339,0.135918,0.523451],[0.224843,0.164437,0.122497,0.488222],[0.256717,0.204699,0.0805584,0.458026]]},{"db":1,"id":"MA1275.1","alt":"AT1G47655","len":11,"ltrim":2,"rtrim":0,"nsites":600,"url":"http://jaspar2018.genereg.net/matrix/MA1275.1","pwm":[[0.263338,0.239995,0.256659,0.240009],[0.220012,0.263324,0.339978,0.176686],[0.57162,0.140011,0.146677,0.141692],[0.553289,0.00336716,0.00503388,0.438309],[0.999882,3.47109e-05,3.47109e-05,4.86085e-05],[0.999882,3.47109e-05,3.47109e-05,4.86085e-05],[0.906565,3.47109e-05,0.0933522,4.86085e-05],[4.86085e-05,3.47109e-05,0.999868,4.86085e-05],[4.86085e-05,0.143344,0.0383613,0.818245],[0.569954,0.00170143,0.378305,0.0500403],[0.496633,0.0750222,0.258325,0.17002]]},{"db":1,"id":"MA1398.1","alt":"At5g47390","len":15,"ltrim":3,"rtrim":0,"nsites":599,"url":"http://jaspar2018.genereg.net/matrix/MA1398.1","pwm":[[0.375612,0.198666,0.0868313,0.33889],[0.317191,0.203674,0.111869,0.367266],[0.462409,0.121884,0.105192,0.310515],[0.484108,0.0751472,0.153598,0.287146],[0.126906,0.475748,0.0801554,0.317191],[0.227056,0.500786,0.0951779,0.176981],[0.0184096,0.0734785,3.47688e-05,0.908077],[0.0184096,0.0100501,0.0250726,0.946469],[0.999882,3.47688e-05,3.47688e-05,4.86897e-05],[4.86897e-05,3.47688e-05,3.47688e-05,0.999882],[4.86897e-05,0.999868,3.47688e-05,4.86897e-05],[4.86897e-05,0.879688,3.47688e-05,0.120229],[0.736153,0.00671165,0.123553,0.133582],[0.357251,0.210351,0.046772,0.385627],[0.509146,0.0267413,0.0150573,0.449056]]},{"db":1,"id":"MA1399.1","alt":"At5g08520","len":13,"ltrim":1,"rtrim":0,"nsites":598,"url":"http://jaspar2018.genereg.net/matrix/MA1399.1","pwm":[[0.32441,0.115401,0.27758,0.282611],[0.488261,0.0384904,0.120416,0.352833],[0.414695,0.0284581,0.0251146,0.531733],[0.349488,0.0702571,0.300988,0.279266],[0.369552,0.0986803,0.0501934,0.481573],[0.329425,0.00337827,0.628693,0.0385043],[4.87711e-05,3.4827e-05,0.996524,0.00339221],[0.999882,3.4827e-05,3.4827e-05,4.87711e-05],[4.87711e-05,3.4827e-05,3.4827e-05,0.999882],[0.986506,3.4827e-05,0.0134106,4.87711e-05],[0.999882,3.4827e-05,3.4827e-05,4.87711e-05],[0.00840837,0.088649,0.827655,0.0752872],[0.341129,0.0669136,0.521687,0.070271]]}],"sequence_names":["chr17:78690100-78690649","chr4:131057400-131058299","chr5:53039550-53040149"],"primaries":[{"motif":{"db":0,"id":"AATTRAGTSCCAGCTA","alt":"MEME-4","len":16,"ltrim":0,"rtrim":0,"nsites":6,"evalue":"2.3e-002","pwm":[[0.824454,0.00341476,0.00341476,0.168717],[0.988389,0.00341476,0.00341476,0.00478197],[0.00478197,0.00341476,0.00341476,0.988389],[0.00478197,0.16735,0.00341476,0.824454],[0.66052,0.00341476,0.331283,0.00478197],[0.496585,0.16735,0.16735,0.168717],[0.00478197,0.00341476,0.987021,0.00478197],[0.00478197,0.00341476,0.00341476,0.988389],[0.00478197,0.659153,0.331283,0.00478197],[0.00478197,0.987021,0.00341476,0.00478197],[0.00478197,0.987021,0.00341476,0.00478197],[0.824454,0.00341476,0.00341476,0.168717],[0.00478197,0.00341476,0.987021,0.00478197],[0.00478197,0.823087,0.16735,0.00478197],[0.00478197,0.00341476,0.00341476,0.988389],[0.988389,0.00341476,0.00341476,0.00478197]]},"secondaries":[[{"idx":14,"counts":[[0,0,0,0,0,0,0,0,0,0,0,0,0,0,0,0,0,0,0,0,0,0,0,0,0,0,0,0,0,0,0,0,0,0,0,0,0,0,0,0,0,0,0,0,0,0,0,0,0,0,0,0,0,0,0,0,0,0,0,0,0,0,0,0,0,0,0,0,0,0,0,0,0,0,0,0,0,0,0,0,0,0,0,0,0,0,0,0,0,0,0,0,0,0,0,0,0,0,0,0,0,0,0,0,0,0,0,0,0,0,0,0,0,0,0,0,0,0,0,0,0,0,0,0,0,0,0,0,0,0,0,0,0,0,0,0,0,0,0,0,0,0,0,0,0],[0,0,0,0,0,0,0,0,0,0,0,0,0,0,0,0,0,0,0,0,0,0,0,0,0,0,0,0,0,0,0,0,0,0,0,0,0,0,0,0,0,0,0,0,0,0,0,0,0,0,0,0,0,0,0,0,0,0,0,0,0,0,0,0,0,0,0,0,0,0,0,0,0,0,0,0,0,0,0,0,0,0,0,0,0,0,0,0,0,0,0,0,0,0,0,0,0,0,0,0,0,0,0,0,0,0,0,0,0,0,0,0,0,0,0,0,0,0,0,0,0,0,0,0,0,0,0,0,0,0,0,0,0,0,0,0,0,0,0,0,0,0,0,0,0],[0,0,0,0,0,0,0,0,0,0,0,0,0,0,0,0,0,0,0,0,0,0,0,0,0,0,0,0,0,0,0,0,0,0,0,0,0,0,0,0,0,0,0,0,0,0,0,0,0,0,0,0,0,0,0,0,0,0,0,0,0,0,0,0,0,0,0,0,0,0,0,0,0,0,0,0,0,0,0,0,1,0,0,0,0,0,0,0,0,0,0,0,0,0,0,0,0,0,0,0,0,0,0,0,0,0,0,0,0,0,0,0,0,0,0,0,0,0,0,0,0,0,0,0,0,0,0,0,0,0,0,0,0,0,0,0,0,1,0,0,0,0,0,0,0],[0,0,0,0,0,3,0,0,0,0,0,0,0,0,0,0,0,0,0,0,0,0,0,0,0,0,0,0,0,0,0,0,0,0,0,0,0,0,0,0,0,0,0,0,0,0,0,0,0,0,0,0,0,0,0,0,0,0,0,0,0,0,0,0,0,0,0,0,0,0,0,0,0,0,0,0,0,0,0,0,0,0,0,0,0,0,0,0,0,0,0,0,0,0,0,0,0,0,0,0,0,0,0,0,0,0,0,0,0,0,0,0,0,0,0,0,0,0,0,0,0,0,0,0,0,0,0,0,0,0,0,0,0,0,0,0,0,0,0,0,0,0,0,0,0]],"spacings":[{"orient":3,"bin":5,"pvalue":5.21916e-08,"inferred_pwm":[[1,0,0,0],[1,0,0,0],[0,1,0,0],[1,0,0,0],[1,0,0,0],[1,0,0,0],[0,0,1,0]],"alignment_pwm":[null,null,null,[[0,0.333333,0.333333,0.333333],[0,1,0,0],[0.333333,0.333333,0.333333,0],[0,0,0.333333,0.666667],[0,0,0.666667,0.333333],[0,0.666667,0.333333,0],[0.666667,0.333333,0,0],[1,0,0,0],[1,0,0,0],[1,0,0,0],[0.333333,0,0.666667,0],[0,0.666667,0.333333,0],[0,0.333333,0,0.666667],[0,1,0,0],[0,0.333333,0,0.666667],[0,0,0,1],[0,0,0,1],[0.666667,0,0.333333,0],[0,0,1,0],[0,0,0,1],[0,0,0,1],[0.333333,0,0,0.666667],[1,0,0,0],[1,0,0,0],[0,0,0,1],[0,0,0,1],[1,0,0,0],[0.666667,0,0.333333,0],[0,0,1,0],[0,0,0,1],[0,1,0,0],[0,1,0,0],[0,1,0,0],[1,0,0,0],[0,0,1,0],[0,1,0,0],[0,0,0,1],[1,0,0,0],[0,0,0,1],[0,0,0,1],[0,0,0,1],[1,0,0,0],[0,0,0,1],[0,1,0,0],[0,0,0,1],[0,0,0,1],[0,0,0,1],[0,0,1,0],[0,0,0,1],[0,0,0,1],[0,0,0,1],[0,0,0,1],[0.333333,0,0,0.666667],[1,0,0,0],[0,0,0,1],[0,0,0,1],[0,0,0.666667,0.333333],[0,0.666667,0.333333,0],[0.666667,0.333333,0,0],[0,0,0,1]]],"seqs":[0,1,2]},{"orient":5,"bin":5,"pvalue":4.16445e-07,"inferred_pwm":[[1,0,0,0],[1,0,0,0],[0,1,0,0],[1,0,0,0],[1,0,0,0],[1,0,0,0],[0,0,1,0]],"alignment_pwm":[null,null,null,[[0,0.333333,0.333333,0.333333],[0,1,0,0],[0.333333,0.333333,0.333333,0],[0,0,0.333333,0.666667],[0,0,0.666667,0.333333],[0,0.666667,0.333333,0],[0.666667,0.333333,0,0],[1,0,0,0],[1,0,0,0],[1,0,0,0],[0.333333,0,0.666667,0],[0,0.666667,0.333333,0],[0,0.333333,0,0.666667],[0,1,0,0],[0,0.333333,0,0.666667],[0,0,0,1],[0,0,0,1],[0.666667,0,0.333333,0],[0,0,1,0],[0,0,0,1],[0,0,0,1],[0.333333,0,0,0.666667],[1,0,0,0],[1,0,0,0],[0,0,0,1],[0,0,0,1],[1,0,0,0],[0.666667,0,0.333333,0],[0,0,1,0],[0,0,0,1],[0,1,0,0],[0,1,0,0],[0,1,0,0],[1,0,0,0],[0,0,1,0],[0,1,0,0],[0,0,0,1],[1,0,0,0],[0,0,0,1],[0,0,0,1],[0,0,0,1],[1,0,0,0],[0,0,0,1],[0,1,0,0],[0,0,0,1],[0,0,0,1],[0,0,0,1],[0,0,1,0],[0,0,0,1],[0,0,0,1],[0,0,0,1],[0,0,0,1],[0.333333,0,0,0.666667],[1,0,0,0],[0,0,0,1],[0,0,0,1],[0,0,0.666667,0.333333],[0,0.666667,0.333333,0],[0.666667,0.333333,0,0],[0,0,0,1]]],"seqs":[0,1,2]},{"orient":7,"bin":5,"pvalue":4.16445e-07,"inferred_pwm":[[1,0,0,0],[1,0,0,0],[0,1,0,0],[1,0,0,0],[1,0,0,0],[1,0,0,0],[0,0,1,0]],"alignment_pwm":[null,null,null,[[0,0.333333,0.333333,0.333333],[0,1,0,0],[0.333333,0.333333,0.333333,0],[0,0,0.333333,0.666667],[0,0,0.666667,0.333333],[0,0.666667,0.333333,0],[0.666667,0.333333,0,0],[1,0,0,0],[1,0,0,0],[1,0,0,0],[0.333333,0,0.666667,0],[0,0.666667,0.333333,0],[0,0.333333,0,0.666667],[0,1,0,0],[0,0.333333,0,0.666667],[0,0,0,1],[0,0,0,1],[0.666667,0,0.333333,0],[0,0,1,0],[0,0,0,1],[0,0,0,1],[0.333333,0,0,0.666667],[1,0,0,0],[1,0,0,0],[0,0,0,1],[0,0,0,1],[1,0,0,0],[0.666667,0,0.333333,0],[0,0,1,0],[0,0,0,1],[0,1,0,0],[0,1,0,0],[0,1,0,0],[1,0,0,0],[0,0,1,0],[0,1,0,0],[0,0,0,1],[1,0,0,0],[0,0,0,1],[0,0,0,1],[0,0,0,1],[1,0,0,0],[0,0,0,1],[0,1,0,0],[0,0,0,1],[0,0,0,1],[0,0,0,1],[0,0,1,0],[0,0,0,1],[0,0,0,1],[0,0,0,1],[0,0,0,1],[0.333333,0,0,0.666667],[1,0,0,0],[0,0,0,1],[0,0,0,1],[0,0,0.666667,0.333333],[0,0.666667,0.333333,0],[0.666667,0.333333,0,0],[0,0,0,1]]],"seqs":[0,1,2]},{"orient":8,"bin":5,"pvalue":3.31419e-06,"inferred_pwm":[[1,0,0,0],[1,0,0,0],[0,1,0,0],[1,0,0,0],[1,0,0,0],[1,0,0,0],[0,0,1,0]],"alignment_pwm":[null,null,null,[[0,0.333333,0.333333,0.333333],[0,1,0,0],[0.333333,0.333333,0.333333,0],[0,0,0.333333,0.666667],[0,0,0.666667,0.333333],[0,0.666667,0.333333,0],[0.666667,0.333333,0,0],[1,0,0,0],[1,0,0,0],[1,0,0,0],[0.333333,0,0.666667,0],[0,0.666667,0.333333,0],[0,0.333333,0,0.666667],[0,1,0,0],[0,0.333333,0,0.666667],[0,0,0,1],[0,0,0,1],[0.666667,0,0.333333,0],[0,0,1,0],[0,0,0,1],[0,0,0,1],[0.333333,0,0,0.666667],[1,0,0,0],[1,0,0,0],[0,0,0,1],[0,0,0,1],[1,0,0,0],[0.666667,0,0.333333,0],[0,0,1,0],[0,0,0,1],[0,1,0,0],[0,1,0,0],[0,1,0,0],[1,0,0,0],[0,0,1,0],[0,1,0,0],[0,0,0,1],[1,0,0,0],[0,0,0,1],[0,0,0,1],[0,0,0,1],[1,0,0,0],[0,0,0,1],[0,1,0,0],[0,0,0,1],[0,0,0,1],[0,0,0,1],[0,0,1,0],[0,0,0,1],[0,0,0,1],[0,0,0,1],[0,0,0,1],[0.333333,0,0,0.666667],[1,0,0,0],[0,0,0,1],[0,0,0,1],[0,0,0.666667,0.333333],[0,0.666667,0.333333,0],[0.666667,0.333333,0,0],[0,0,0,1]]],"seqs":[0,1,2]}]}],[{"idx":28,"counts":[[0,0,0,0,0,0,0,0,0,0,0,0,0,0,0,0,0,0,0,0,0,0,0,0,0,0,0,0,0,0,0,0,0,0,0,0,0,0,0,0,0,0,0,0,0,0,0,0,0,0,0,0,0,0,0,0,0,0,0,0,0,0,0,0,0,0,0,0,0,0,0,0,0,0,0,0,0,1,0,0,0,0,0,0,0,0,0,0,0,0,0,0,0,0,0,1,0,0,0,0,0,0,0,0,0,0,0,0,0,0,0,0,0,0,0,0,0,0,0,0,0,0,0,0,0,0,0,0,0,0,0,0,0,0,0,0,0,0,0,0,0,0,0],[0,0,0,0,0,0,0,0,0,0,0,0,0,0,0,0,0,0,0,0,0,0,0,0,0,0,0,0,0,0,0,0,0,0,0,0,0,0,0,0,0,0,0,0,0,0,0,0,0,0,0,0,0,0,0,0,0,0,0,0,0,0,0,0,0,0,0,0,0,0,0,0,0,0,0,0,0,0,0,0,0,0,0,0,0,0,0,0,0,0,0,0,0,0,0,0,0,0,0,0,0,0,0,0,0,0,0,0,0,0,0,0,0,0,0,0,0,0,0,0,0,0,0,0,0,0,0,0,0,0,0,0,0,0,0,0,0,0,0,0,0,0,0],[0,0,0,0,0,0,0,0,0,0,0,0,0,0,0,0,0,0,0,0,0,0,2,0,0,0,0,0,0,0,0,0,0,0,0,0,0,0,0,0,0,0,0,0,0,0,0,0,0,0,0,0,0,0,0,0,0,0,0,0,0,0,0,0,0,0,0,0,0,0,0,0,0,0,0,0,0,0,0,0,0,0,0,0,0,0,0,0,0,0,0,0,0,0,0,0,0,0,0,0,0,0,0,0,0,0,0,0,0,0,0,0,0,0,0,0,0,0,0,0,0,0,0,0,0,0,0,0,0,0,0,0,0,0,0,0,0,0,0,0,0,0,0],[0,0,0,0,0,0,0,0,0,0,0,0,0,0,0,0,0,1,0,0,0,0,2,0,0,0,0,0,0,0,0,0,0,0,0,0,0,0,0,0,0,0,0,0,0,0,0,0,0,0,0,0,0,0,0,0,0,0,0,0,0,0,0,0,0,0,0,0,0,0,0,0,0,0,0,0,0,0,0,0,0,0,0,0,0,0,0,0,0,0,0,0,0,0,0,0,0,0,0,0,0,0,0,0,0,0,0,0,0,0,0,0,0,0,0,0,0,0,0,0,0,0,0,0,0,0,0,0,0,0,0,0,0,0,0,0,0,0,0,0,0,0,0]],"spacings":[{"orient":8,"bin":22,"pvalue":8.46361e-08,"inferred_pwm":[[0,1,0,0],[1,0,0,0],[1,0,0,0],[1,0,0,0],[1,0,0,0],[0,0,1,0],[0,0.5,0.5,0],[1,0,0,0],[1,0,0,0]],"alignment_pwm":[null,null,[[0,1,0,0],[0,0,0,1],[0,0,1,0],[0,1,0,0],[0,0,0,1],[0,0,1,0],[1,0,0,0],[0,1,0,0],[0,0,0,1],[0,0,1,0],[0,0,0,1],[0,0,0,1],[0,1,0,0],[0,1,0,0],[0,0,0,1],[0,0,0,1],[0,0,0,1],[0,0,0,1],[0,0,1,0],[0,0.5,0,0.5],[0,1,0,0],[0.5,0,0.5,0],[0,0,0,1],[0,0,1,0],[0,1,0,0],[1,0,0,0],[1,0,0,0],[1,0,0,0],[1,0,0,0],[0,0,1,0],[0,0.5,0.5,0],[0,0.5,0,0.5],[0,1,0,0],[0,0,0,1],[0,0,0,1],[0,0,0,1],[0.5,0,0.5,0],[0,0,1,0],[0,0,0,1],[0,0,0,1],[0.5,0,0,0.5],[1,0,0,0],[1,0,0,0],[0,0,0,1],[0,0,0,1],[1,0,0,0],[1,0,0,0],[0,0,1,0],[0,0,0,1],[0,1,0,0],[0,1,0,0],[0,1,0,0],[1,0,0,0],[0,0,1,0],[0,1,0,0],[0,0,0,1],[1,0,0,0],[0,0,0,1],[0,0,0,1],[0,0,0,1],[1,0,0,0],[0,0,0,1],[0,1,0,0],[0,0,0,1],[0,0,0,1],[0,0,0,1],[0,0,1,0],[0,0,0,1],[0,0,0,1],[0,0,0,1],[0,0,0,1],[0.5,0,0,0.5],[1,0,0,0],[0,0,0,1],[0,0,0,1],[0,0,0.5,0.5],[0,0.5,0.5,0],[0.5,0.5,0,0],[0,0,0,1],[0,0,0,1],[0,0,0,1],[0,0,0.5,0.5],[0,0.5,0.5,0],[0,0,0.5,0.5],[0,0,0.5,0.5],[0,0,0,1],[0,0,0,1],[0,0.5,0.5,0],[0,0,0.5,0.5],[0,0,0.5,0.5],[0,0,0.5,0.5],[0,0,0.5,0.5],[0,0.5,0,0.5],[0,0.5,0,0.5],[0.5,0,0,0.5],[0,0.5,0.5,0],[0,0.5,0.5,0],[0.5,0,0,0.5]],[[0,0.5,0,0.5],[0,0.5,0,0.5],[0,0,0.5,0.5],[0,0.5,0.5,0],[0,0.5,0,0.5],[0,0,0.5,0.5],[0.5,0,0.5,0],[0.5,0.5,0,0],[0,0.5,0,0.5],[0,0,0.5,0.5],[0,0,0.5,0.5],[0,0,0,1],[0,0.5,0,0.5],[0,1,0,0],[0,0.5,0,0.5],[0,0.5,0,0.5],[0,0,0,1],[0,0,0,1],[0,0,0.5,0.5],[0,0.5,0.5,0],[0,1,0,0],[0,0.5,0.5,0],[0,0,0.5,0.5],[0,0,0.5,0.5],[0,0.5,0.5,0],[0.5,0.5,0,0],[1,0,0,0],[1,0,0,0],[1,0,0,0],[0.5,0,0.5,0],[0,0.5,0.5,0],[0,0.5,0,0.5],[0,1,0,0],[0,0.5,0,0.5],[0,0,0,1],[0,0,0,1],[1,0,0,0],[0,0,1,0],[0,0,0,1],[0,0,0,1],[0.5,0,0,0.5],[1,0,0,0],[1,0,0,0],[0,0,0,1],[0,0,0,1],[1,0,0,0],[0.5,0,0.5,0],[0,0,1,0],[0,0,0,1],[0,1,0,0],[0,1,0,0],[0,1,0,0],[1,0,0,0],[0,0,1,0],[0,1,0,0],[0,0,0,1],[1,0,0,0],[0,0,0,1],[0,0,0,1],[0,0,0,1],[1,0,0,0],[0,0,0,1],[0,1,0,0],[0,0,0,1],[0,0,0,1],[0,0,0,1],[0,0,1,0],[0,0,0,1],[0,0,0,1],[0,0,0,1],[0,0,0,1],[0,0,0,1],[1,0,0,0],[0,0,0,1],[0,0,0,1],[0,0,1,0],[0,1,0,0],[1,0,0,0],[0,0,0,1],[0,0,0,1],[0,0,0,1],[0,0,1,0],[0,1,0,0],[0,0,0,1],[0,0,0,1],[0,0,0,1],[0,0,0,1],[0,0,1,0],[0,0,1,0],[0,0,1,0],[0,0.5,0,0.5],[0,0,0,1],[0,1,0,0],[0,0,0,1],[0,0,0,1],[0,0,1,0],[0,0.5,0.5,0],[0,0,0,1]]],"seqs":[0,1,0,2]}]},{"idx":9,"counts":[[0,0,0,0,0,0,0,0,0,0,0,0,0,0,0,0,0,0,0,0,0,0,0,0,0,0,0,0,0,0,0,0,0,0,0,0,0,0,0,0,0,0,0,0,0,0,0,0,0,0,0,0,0,0,0,0,0,0,0,0,0,0,0,0,0,0,0,0,0,0,0,0,0,0,0,0,0,0,0,0,0,0,0,0,0,0,0,0,0,0,0,0,0,0,0,0,0,0,0,0,0,0,0,0,0,0,0,0,0,0,0,0,0,0,0,0,0,0,0,0,0,0,0,0,0,0,0,0,0,0,0,0,0,0,0,0,0,0,0,0,0,0,0],[0,0,0,0,0,0,0,0,0,0,0,0,0,0,0,0,0,0,0,0,0,0,0,0,0,0,0,0,0,0,0,0,0,0,0,0,0,0,0,0,0,0,0,0,0,0,0,0,0,0,0,0,0,0,0,0,0,0,0,0,0,0,0,1,0,0,0,0,0,0,0,0,0,0,0,0,0,0,0,0,0,0,0,0,0,0,0,0,0,0,0,0,0,0,0,0,0,0,0,0,0,0,0,0,0,0,0,0,0,0,0,0,0,0,0,0,0,0,0,0,0,0,0,0,0,0,0,0,0,0,0,0,0,0,0,0,0,0,0,0,0,0,0],[0,0,0,0,0,0,0,0,0,0,0,0,0,0,0,0,0,0,0,0,0,0,2,2,0,0,0,0,0,0,0,0,0,0,0,0,0,0,0,0,0,0,0,1,2,0,0,0,0,0,0,0,0,0,0,0,0,0,0,0,0,0,0,0,0,0,0,0,0,0,0,0,0,0,0,0,0,0,0,0,0,0,0,0,0,0,0,0,0,0,0,0,0,0,0,0,0,0,0,0,0,0,0,0,0,0,0,0,0,0,0,0,0,0,0,0,0,0,0,0,0,0,0,0,0,0,0,0,0,0,0,0,0,0,0,0,0,0,0,1,0,0,0],[0,0,0,0,0,0,0,0,0,0,0,0,0,0,0,0,0,1,0,0,0,0,2,0,0,0,0,0,0,0,0,0,0,0,0,0,0,0,0,0,0,0,0,0,0,0,0,0,0,0,0,0,0,0,0,0,0,0,0,0,0,0,0,0,0,0,0,0,0,0,0,0,0,0,0,0,0,0,0,0,0,0,0,0,0,0,0,0,0,0,0,0,0,0,0,0,0,0,0,0,0,0,0,0,0,0,0,0,0,0,0,0,0,0,0,0,0,0,0,0,0,0,0,0,0,0,0,0,0,0,0,0,0,0,0,0,0,0,0,0,0,0,0]],"spacings":[{"orient":8,"bin":22,"pvalue":1.16369e-06,"inferred_pwm":[[0,1,0,0],[1,0,0,0],[1,0,0,0],[1,0,0,0],[1,0,0,0],[0,0,1,0],[0,0.5,0.5,0],[1,0,0,0],[1,0,0,0]],"alignment_pwm":[null,null,[[0,1,0,0],[0,0,0,1],[0,0,1,0],[0,1,0,0],[0,0,0,1],[0,0,1,0],[1,0,0,0],[0,1,0,0],[0,0,0,1],[0,0,1,0],[0,0,0,1],[0,0,0,1],[0,1,0,0],[0,1,0,0],[0,0,0,1],[0,0,0,1],[0,0,0,1],[0,0,0,1],[0,0,1,0],[0,0.5,0,0.5],[0,1,0,0],[0.5,0,0.5,0],[0,0,0,1],[0,0,1,0],[0,1,0,0],[1,0,0,0],[1,0,0,0],[1,0,0,0],[1,0,0,0],[0,0,1,0],[0,0.5,0.5,0],[0,0.5,0,0.5],[0,1,0,0],[0,0,0,1],[0,0,0,1],[0,0,0,1],[0.5,0,0.5,0],[0,0,1,0],[0,0,0,1],[0,0,0,1],[0.5,0,0,0.5],[1,0,0,0],[1,0,0,0],[0,0,0,1],[0,0,0,1],[1,0,0,0],[1,0,0,0],[0,0,1,0],[0,0,0,1],[0,1,0,0],[0,1,0,0],[0,1,0,0],[1,0,0,0],[0,0,1,0],[0,1,0,0],[0,0,0,1],[1,0,0,0],[0,0,0,1],[0,0,0,1],[0,0,0,1],[1,0,0,0],[0,0,0,1],[0,1,0,0],[0,0,0,1],[0,0,0,1],[0,0,0,1],[0,0,1,0],[0,0,0,1],[0,0,0,1],[0,0,0,1],[0,0,0,1],[0.5,0,0,0.5],[1,0,0,0],[0,0,0,1],[0,0,0,1],[0,0,0.5,0.5],[0,0.5,0.5,0],[0.5,0.5,0,0],[0,0,0,1],[0,0,0,1],[0,0,0,1],[0,0,0.5,0.5],[0,0.5,0.5,0],[0,0,0.5,0.5],[0,0,0.5,0.5],[0,0,0,1],[0,0,0,1],[0,0.5,0.5,0],[0,0,0.5,0.5],[0,0,0.5,0.5],[0,0,0.5,0.5],[0,0,0.5,0.5],[0,0.5,0,0.5],[0,0.5,0,0.5],[0.5,0,0,0.5],[0,0.5,0.5,0],[0,0.5,0.5,0],[0.5,0,0,0.5]],[[0,0.5,0,0.5],[0,0.5,0,0.5],[0,0,0.5,0.5],[0,0.5,0.5,0],[0,0.5,0,0.5],[0,0,0.5,0.5],[0.5,0,0.5,0],[0.5,0.5,0,0],[0,0.5,0,0.5],[0,0,0.5,0.5],[0,0,0.5,0.5],[0,0,0,1],[0,0.5,0,0.5],[0,1,0,0],[0,0.5,0,0.5],[0,0.5,0,0.5],[0,0,0,1],[0,0,0,1],[0,0,0.5,0.5],[0,0.5,0.5,0],[0,1,0,0],[0,0.5,0.5,0],[0,0,0.5,0.5],[0,0,0.5,0.5],[0,0.5,0.5,0],[0.5,0.5,0,0],[1,0,0,0],[1,0,0,0],[1,0,0,0],[0.5,0,0.5,0],[0,0.5,0.5,0],[0,0.5,0,0.5],[0,1,0,0],[0,0.5,0,0.5],[0,0,0,1],[0,0,0,1],[1,0,0,0],[0,0,1,0],[0,0,0,1],[0,0,0,1],[0.5,0,0,0.5],[1,0,0,0],[1,0,0,0],[0,0,0,1],[0,0,0,1],[1,0,0,0],[0.5,0,0.5,0],[0,0,1,0],[0,0,0,1],[0,1,0,0],[0,1,0,0],[0,1,0,0],[1,0,0,0],[0,0,1,0],[0,1,0,0],[0,0,0,1],[1,0,0,0],[0,0,0,1],[0,0,0,1],[0,0,0,1],[1,0,0,0],[0,0,0,1],[0,1,0,0],[0,0,0,1],[0,0,0,1],[0,0,0,1],[0,0,1,0],[0,0,0,1],[0,0,0,1],[0,0,0,1],[0,0,0,1],[0,0,0,1],[1,0,0,0],[0,0,0,1],[0,0,0,1],[0,0,1,0],[0,1,0,0],[1,0,0,0],[0,0,0,1],[0,0,0,1],[0,0,0,1],[0,0,1,0],[0,1,0,0],[0,0,0,1],[0,0,0,1],[0,0,0,1],[0,0,0,1],[0,0,1,0],[0,0,1,0],[0,0,1,0],[0,0.5,0,0.5],[0,0,0,1],[0,1,0,0],[0,0,0,1],[0,0,0,1],[0,0,1,0],[0,0.5,0.5,0],[0,0,0,1]]],"seqs":[0,1,0,2]}]}],[{"idx":20,"counts":[[0,0,0,0,0,0,0,0,0,0,0,0,0,0,0,0,0,0,0,0,0,0,0,0,0,0,0,0,0,0,0,0,0,0,0,0,0,0,0,0,0,0,0,0,0,0,0,0,0,0,0,0,0,0,0,0,0,0,0,0,0,0,0,0,0,0,0,0,0,0,0,0,0,0,0,0,0,0,1,0,0,0,0,0,0,0,0,0,0,0,0,0,0,0,0,0,0,0,0,0,0,0,0,0,0,0,0,0,0,0,0,0,0,0,0,0,0,0,0,0,0,0,0,0,0,0,0,0,0,0,0,0,0,0,0,1,0,0,0,0,0,0],[0,0,0,0,3,0,0,0,0,0,0,0,0,0,0,0,0,0,0,0,0,0,0,0,0,0,0,0,0,0,0,0,0,0,0,0,0,0,0,0,0,0,0,0,0,0,0,0,0,0,0,0,0,0,0,0,0,0,0,0,0,0,0,0,0,0,0,0,0,0,0,0,0,0,0,0,0,0,0,0,0,0,0,0,0,0,0,0,0,0,0,0,0,0,0,0,0,0,0,0,0,0,0,0,0,0,0,0,0,0,0,0,0,0,0,0,0,0,0,0,0,0,0,0,0,0,0,0,0,0,0,0,0,0,0,0,0,0,0,0,0,0],[0,0,0,0,0,0,0,0,0,0,0,0,0,0,0,0,0,0,0,0,0,0,0,0,0,0,0,0,0,0,0,0,0,0,0,0,0,0,0,0,0,0,0,0,0,0,0,0,0,0,0,0,0,0,0,0,0,0,0,0,0,0,0,0,0,0,0,0,0,0,0,0,0,0,0,0,0,0,0,0,1,0,0,0,0,0,0,0,0,0,0,0,0,0,0,0,0,0,0,0,0,0,0,0,0,0,0,0,0,0,0,0,0,0,0,0,0,0,0,0,0,0,0,0,0,0,0,0,0,0,0,0,0,0,0,0,0,0,0,0,0,0],[0,0,0,0,0,0,0,0,0,0,0,0,0,0,0,0,0,0,0,0,0,0,0,0,0,0,0,0,0,0,0,0,0,0,0,0,0,0,0,0,0,0,0,0,0,0,0,0,0,0,0,0,0,0,0,0,0,0,0,0,0,0,0,0,0,0,0,0,0,0,0,0,0,0,0,0,0,0,0,0,0,0,0,0,0,0,0,0,0,0,0,0,0,0,0,0,0,0,0,0,0,0,0,0,0,0,0,0,0,0,0,0,0,0,0,0,0,0,0,0,0,0,0,0,0,0,0,0,0,0,0,0,0,0,0,0,0,0,0,0,0,0]],"spacings":[{"orient":1,"bin":4,"pvalue":1.11035e-07,"inferred_pwm":[[0,0,0,1],[0,1,0,0],[0,0,0,1],[0,0,0,1],[0,0,0,1],[0,0,1,0],[0,0,0,1],[0,0,0,1],[0,0,0,1],[0,0,0,1]],"alignment_pwm":[null,[[0,0,0,1],[0,0,0.666667,0.333333],[0,0.333333,0.333333,0.333333],[0,1,0,0],[0.333333,0.333333,0.333333,0],[0,0,0.333333,0.666667],[0,0,0.666667,0.333333],[0,0.666667,0.333333,0],[0.666667,0.333333,0,0],[1,0,0,0],[1,0,0,0],[1,0,0,0],[0.333333,0,0.666667,0],[0,0.666667,0.333333,0],[0,0.333333,0,0.666667],[0,1,0,0],[0,0.333333,0,0.666667],[0,0,0,1],[0,0,0,1],[0.666667,0,0.333333,0],[0,0,1,0],[0,0,0,1],[0,0,0,1],[0.333333,0,0,0.666667],[1,0,0,0],[1,0,0,0],[0,0,0,1],[0,0,0,1],[1,0,0,0],[0.666667,0,0.333333,0],[0,0,1,0],[0,0,0,1],[0,1,0,0],[0,1,0,0],[0,1,0,0],[1,0,0,0],[0,0,1,0],[0,1,0,0],[0,0,0,1],[1,0,0,0],[0,0,0,1],[0,0,0,1],[0,0,0,1],[1,0,0,0],[0,0,0,1],[0,1,0,0],[0,0,0,1],[0,0,0,1],[0,0,0,1],[0,0,1,0],[0,0,0,1],[0,0,0,1],[0,0,0,1],[0,0,0,1],[0.333333,0,0,0.666667],[1,0,0,0],[0,0,0,1],[0,0,0,1],[0,0,0.666667,0.333333],[0,0.666667,0.333333,0],[0.666667,0.333333,0,0],[0,0,0,1],[0,0,0,1],[0,0,0,1]],null,null],"seqs":[0,1,2]},{"orient":6,"bin":4,"pvalue":8.84736e-07,"inferred_pwm":[[0,0,0,1],[0,1,0,0],[0,0,0,1],[0,0,0,1],[0,0,0,1],[0,0,1,0],[0,0,0,1],[0,0,0,1],[0,0,0,1],[0,0,0,1]],"alignment_pwm":[null,[[0,0,0,1],[0,0,0.666667,0.333333],[0,0.333333,0.333333,0.333333],[0,1,0,0],[0.333333,0.333333,0.333333,0],[0,0,0.333333,0.666667],[0,0,0.666667,0.333333],[0,0.666667,0.333333,0],[0.666667,0.333333,0,0],[1,0,0,0],[1,0,0,0],[1,0,0,0],[0.333333,0,0.666667,0],[0,0.666667,0.333333,0],[0,0.333333,0,0.666667],[0,1,0,0],[0,0.333333,0,0.666667],[0,0,0,1],[0,0,0,1],[0.666667,0,0.333333,0],[0,0,1,0],[0,0,0,1],[0,0,0,1],[0.333333,0,0,0.666667],[1,0,0,0],[1,0,0,0],[0,0,0,1],[0,0,0,1],[1,0,0,0],[0.666667,0,0.333333,0],[0,0,1,0],[0,0,0,1],[0,1,0,0],[0,1,0,0],[0,1,0,0],[1,0,0,0],[0,0,1,0],[0,1,0,0],[0,0,0,1],[1,0,0,0],[0,0,0,1],[0,0,0,1],[0,0,0,1],[1,0,0,0],[0,0,0,1],[0,1,0,0],[0,0,0,1],[0,0,0,1],[0,0,0,1],[0,0,1,0],[0,0,0,1],[0,0,0,1],[0,0,0,1],[0,0,0,1],[0.333333,0,0,0.666667],[1,0,0,0],[0,0,0,1],[0,0,0,1],[0,0,0.666667,0.333333],[0,0.666667,0.333333,0],[0.666667,0.333333,0,0],[0,0,0,1],[0,0,0,1],[0,0,0,1]],null,null],"seqs":[0,1,2]},{"orient":7,"bin":4,"pvalue":8.84736e-07,"inferred_pwm":[[0,0,0,1],[0,1,0,0],[0,0,0,1],[0,0,0,1],[0,0,0,1],[0,0,1,0],[0,0,0,1],[0,0,0,1],[0,0,0,1],[0,0,0,1]],"alignment_pwm":[null,[[0,0,0,1],[0,0,0.666667,0.333333],[0,0.333333,0.333333,0.333333],[0,1,0,0],[0.333333,0.333333,0.333333,0],[0,0,0.333333,0.666667],[0,0,0.666667,0.333333],[0,0.666667,0.333333,0],[0.666667,0.333333,0,0],[1,0,0,0],[1,0,0,0],[1,0,0,0],[0.333333,0,0.666667,0],[0,0.666667,0.333333,0],[0,0.333333,0,0.666667],[0,1,0,0],[0,0.333333,0,0.666667],[0,0,0,1],[0,0,0,1],[0.666667,0,0.333333,0],[0,0,1,0],[0,0,0,1],[0,0,0,1],[0.333333,0,0,0.666667],[1,0,0,0],[1,0,0,0],[0,0,0,1],[0,0,0,1],[1,0,0,0],[0.666667,0,0.333333,0],[0,0,1,0],[0,0,0,1],[0,1,0,0],[0,1,0,0],[0,1,0,0],[1,0,0,0],[0,0,1,0],[0,1,0,0],[0,0,0,1],[1,0,0,0],[0,0,0,1],[0,0,0,1],[0,0,0,1],[1,0,0,0],[0,0,0,1],[0,1,0,0],[0,0,0,1],[0,0,0,1],[0,0,0,1],[0,0,1,0],[0,0,0,1],[0,0,0,1],[0,0,0,1],[0,0,0,1],[0.333333,0,0,0.666667],[1,0,0,0],[0,0,0,1],[0,0,0,1],[0,0,0.666667,0.333333],[0,0.666667,0.333