<!DOCTYPE HTML>
<html>
  <head>
    <meta charset="UTF-8">
    <title>TOMTOM</title>
    <script>
      // @JSON_VAR data
      var data = {
        "program": "Tomtom",
        "version": "4.12.0",
        "release": "Tue Jun 27 16:22:50 2017 -0700",
        "cmd": [
          "tomtom", "-verbosity", "1", "-oc",
          "results/AHRpeaks_oneAHRE.bed-499.fa/hocomoco/dreme_tomtom_out",
          "-min-overlap", "5", "-dist", "pearson", "-evalue", "-thresh", "1",
          "-no-ssc", "-bfile",
          "results/AHRpeaks_oneAHRE.bed-499.fa/hocomoco/background",
          "results/AHRpeaks_oneAHRE.bed-499.fa/hocomoco/dreme_out/dreme.xml",
          "/Users/filipov4/meme/db/motif_databases/HUMAN/HOCOMOCOv11_full_HUMAN_mono_meme_format.meme"
        ],
        "options": {
          "strands": "both",
          "distance_measure": "pearson",
          "threshold_type": "evalue",
          "threshold_value": 1,
          "background_source": "file",
          "background_file": "results/AHRpeaks_oneAHRE.bed-499.fa/hocomoco/background"
        },
        "alphabet": {
          "name": "DNA",
          "like": "dna",
          "ncore": 4,
          "symbols": [
            {
              "symbol": "A",
              "name": "Adenine",
              "colour": "CC0000",
              "complement": "T"
            }, {
              "symbol": "C",
              "name": "Cytosine",
              "colour": "0000CC",
              "complement": "G"
            }, {
              "symbol": "G",
              "name": "Guanine",
              "colour": "FFB300",
              "complement": "C"
            }, {
              "symbol": "T",
              "aliases": "U",
              "name": "Thymine",
              "colour": "008000",
              "complement": "A"
            }, {
              "symbol": "N",
              "aliases": "X.",
              "name": "Any base",
              "equals": "ACGT"
            }, {
              "symbol": "V",
              "name": "Not T",
              "equals": "ACG"
            }, {
              "symbol": "H",
              "name": "Not G",
              "equals": "ACT"
            }, {
              "symbol": "D",
              "name": "Not C",
              "equals": "AGT"
            }, {
              "symbol": "B",
              "name": "Not A",
              "equals": "CGT"
            }, {
              "symbol": "M",
              "name": "Amino",
              "equals": "AC"
            }, {
              "symbol": "R",
              "name": "Purine",
              "equals": "AG"
            }, {
              "symbol": "W",
              "name": "Weak",
              "equals": "AT"
            }, {
              "symbol": "S",
              "name": "Strong",
              "equals": "CG"
            }, {
              "symbol": "Y",
              "name": "Pyrimidine",
              "equals": "CT"
            }, {
              "symbol": "K",
              "name": "Keto",
              "equals": "GT"
            }
          ]
        },
        "background": [0.2745, 0.2255, 0.2255, 0.2745],
        "query_dbs": [
          {
            "source": "results/AHRpeaks_oneAHRE.bed-499.fa/hocomoco/dreme_out/dreme.xml",
            "name": "dreme",
            "loaded": 6,
            "excluded": 0,
            "last_modified": "Thu May 24 16:35:07 2018"
          }
        ],
        "target_dbs": [
          {
            "source": "/Users/filipov4/meme/db/motif_databases/HUMAN/HOCOMOCOv11_full_HUMAN_mono_meme_format.meme",
            "name": "HOCOMOCOv11 full HUMAN mono meme format",
            "loaded": 771,
            "excluded": 0,
            "last_modified": "Wed Dec  6 21:59:30 2017"
          }
        ],
        "queries": [
          {
            "db": 0,
            "id": "AGRTAA",
            "alt": "DREME-4",
            "len": 6,
            "nsites": 144,
            "evalue": "6.8e-004",
            "pwm": [
              [0.999497, 0.000156489, 0.000156489, 0.000190493], 
              [0.000190493, 0.000156489, 0.999463, 0.000190493], 
              [0.701093, 0.000156489, 0.29856, 0.000190493], 
              [0.000190493, 0.000156489, 0.000156489, 0.999497], 
              [0.999497, 0.000156489, 0.000156489, 0.000190493], 
              [0.999497, 0.000156489, 0.000156489, 0.000190493]
            ]
          }, {
            "db": 0,
            "id": "CAAATAW",
            "alt": "DREME-5",
            "len": 7,
            "nsites": 51,
            "evalue": "2.5e-003",
            "pwm": [
              [0.000537182, 0.998484, 0.000441292, 0.000537182], 
              [0.99858, 0.000441292, 0.000441292, 0.000537182], 
              [0.99858, 0.000441292, 0.000441292, 0.000537182], 
              [0.99858, 0.000441292, 0.000441292, 0.000537182], 
              [0.000537182, 0.000441292, 0.000441292, 0.99858], 
              [0.99858, 0.000441292, 0.000441292, 0.000537182], 
              [0.391927, 0.000441292, 0.000441292, 0.607191]
            ]
          }, {
            "db": 0,
            "id": "CCCASG",
            "alt": "DREME-6",
            "len": 6,
            "nsites": 126,
            "evalue": "2.4e-002",
            "pwm": [
              [0.000217684, 0.999386, 0.000178826, 0.000217684], 
              [0.000217684, 0.999386, 0.000178826, 0.000217684], 
              [0.000217684, 0.999386, 0.000178826, 0.000217684], 
              [0.999425, 0.000178826, 0.000178826, 0.000217684], 
              [0.000217684, 0.142923, 0.856642, 0.000217684], 
              [0.000217684, 0.000178826, 0.999386, 0.000217684]
            ]
          }, {
            "db": 0,
            "id": "DCACGC",
            "alt": "DREME-1",
            "len": 6,
            "nsites": 163,
            "evalue": "1.5e-027",
            "pwm": [
              [0.269942, 0.000138259, 0.423192, 0.306728], 
              [0.000168302, 0.999525, 0.000138259, 0.000168302], 
              [0.999555, 0.000138259, 0.000138259, 0.000168302], 
              [0.000168302, 0.999525, 0.000138259, 0.000168302], 
              [0.000168302, 0.000138259, 0.999525, 0.000168302], 
              [0.000168302, 0.999525, 0.000138259, 0.000168302]
            ]
          }, {
            "db": 0,
            "id": "GAGTCAB",
            "alt": "DREME-3",
            "len": 7,
            "nsites": 85,
            "evalue": "9.0e-006",
            "pwm": [
              [0.000322562, 0.000264982, 0.99909, 0.000322562], 
              [0.999147, 0.000264982, 0.000264982, 0.000322562], 
              [0.000322562, 0.000264982, 0.99909, 0.000322562], 
              [0.000322562, 0.000264982, 0.000264982, 0.999147], 
              [0.000322562, 0.99909, 0.000264982, 0.000322562], 
              [0.999147, 0.000264982, 0.000264982, 0.000322562], 
              [0.000322562, 0.294037, 0.317539, 0.388101]
            ]
          }, {
            "db": 0,
            "id": "GYAAAYA",
            "alt": "DREME-2",
            "len": 7,
            "nsites": 150,
            "evalue": "8.9e-009",
            "pwm": [
              [0.000182878, 0.000150233, 0.999484, 0.000182878], 
              [0.000182878, 0.499817, 0.000150233, 0.49985], 
              [0.999517, 0.000150233, 0.000150233, 0.000182878], 
              [0.999517, 0.000150233, 0.000150233, 0.000182878], 
              [0.999517, 0.000150233, 0.000150233, 0.000182878], 
              [0.000182878, 0.573101, 0.000150233, 0.426566], 
              [0.999517, 0.000150233, 0.000150233, 0.000182878]
            ]
          }
        ],
        "targets": [
          {
            "db": 0,
            "id": "AHR_HUMAN.H11MO.0.B",
            "len": 9,
            "nsites": 154,
            "evalue": "1.0e+000",
            "url": "http://hocomoco.autosome.ru/motif/AHR_HUMAN.H11MO.0.B",
            "pwm": [
              [0.263152, 0.118667, 0.366322, 0.251859], 
              [0.0707842, 0.0772006, 0.225146, 0.626869], 
              [0.141141, 0.284993, 0.134555, 0.439312], 
              [0.0167076, 0.00869608, 0.946952, 0.0276439], 
              [0.000178131, 0.976128, 0.00983604, 0.0138577], 
              [0.022514, 0.00527618, 0.969752, 0.00245806], 
              [0.000178131, 0.0224822, 0.0047062, 0.972633], 
              [0.000178131, 0.000146334, 0.999497, 0.000178131], 
              [0.279807, 0.434238, 0.105041, 0.180915]
            ]
          }, {
            "db": 0,
            "id": "ANDR_HUMAN.H11MO.0.A",
            "len": 18,
            "nsites": 499,
            "evalue": "1.0e+000",
            "url": "http://hocomoco.autosome.ru/motif/ANDR_HUMAN.H11MO.0.A",
            "pwm": [
              [0.148322, 0.0701714, 0.0361101, 0.745397], 
              [0.0621668, 0.0481317, 0.777445, 0.112257], 
              [0.0681776, 0.0661642, 0.0140704, 0.851588], 
              [0.188394, 0.172355, 0.144305, 0.494946], 
              [0.0781957, 0.733365, 0.0361101, 0.152329], 
              [0.122275, 0.278546, 0.0321029, 0.567076], 
              [0.18038, 0.134287, 0.196399, 0.488935], 
              [0.198412, 0.178366, 0.216435, 0.406787], 
              [0.176372, 0.192391, 0.222446, 0.408791], 
              [0.200416, 0.256507, 0.120262, 0.422816], 
              [0.0721848, 0.0140704, 0.0140704, 0.899674], 
              [0.254513, 0.0300993, 0.691289, 0.0240983], 
              [0.0281055, 0.0220849, 0.0200812, 0.929728], 
              [0.0180875, 0.006056, 0.0982219, 0.877635], 
              [0.00806942, 0.00805961, 0.0641606, 0.91971], 
              [0.420812, 0.0280957, 0.494936, 0.056156], 
              [0.0862101, 0.52499, 0.0481317, 0.340668], 
              [0.290578, 0.15833, 0.0541426, 0.496949]
            ]
          }, {
            "db": 0,
            "id": "BACH1_HUMAN.H11MO.0.A",
            "len": 13,
            "nsites": 500,
            "evalue": "1.0e+000",
            "url": "http://hocomoco.autosome.ru/motif/BACH1_HUMAN.H11MO.0.A",
            "pwm": [
              [0.0628563, 0.168176, 0.0975398, 0.671427], 
              [0.00921156, 0.0664201, 0.922331, 0.00203695], 
              [0.0209193, 0.967521, 0.00396954, 0.00759045], 
              [0.0362231, 0.0795783, 0.0801341, 0.804064], 
              [0.00390314, 0.0613515, 0.890883, 0.0438628], 
              [0.802825, 0.0206141, 0.124518, 0.0520427], 
              [0.0133165, 0.21486, 0.763218, 0.00860526], 
              [0.00625447, 0.0361745, 0.145873, 0.811698], 
              [0.016246, 0.943687, 0.0343118, 0.00575483], 
              [0.786286, 0.0958327, 0.0824484, 0.0354326], 
              [0.00983221, 0.334257, 0.256601, 0.39931], 
              [0.151633, 0.265551, 0.394687, 0.188129], 
              [0.10527, 0.378559, 0.372596, 0.143575]
            ]
          }, {
            "db": 0,
            "id": "BACH2_HUMAN.H11MO.0.A",
            "len": 11,
            "nsites": 500,
            "evalue": "1.0e+000",
            "url": "http://hocomoco.autosome.ru/motif/BACH2_HUMAN.H11MO.0.A",
            "pwm": [
              [0.12203, 0.0960259, 0.0680315, 0.713912], 
              [0.0140521, 0.0780295, 0.893866, 0.0140521], 
              [0.0440461, 0.92386, 0.0120427, 0.0200509], 
              [0.0780393, 0.0380375, 0.00804349, 0.87588], 
              [0.0580433, 0.0600331, 0.793886, 0.0880373], 
              [0.757903, 0.0380375, 0.0560339, 0.148025], 
              [0.0440461, 0.224, 0.669911, 0.0620425], 
              [0.0100529, 0.0160419, 0.00804349, 0.965862], 
              [0.0600429, 0.919861, 0.0160419, 0.00405409], 
              [0.963862, 0.0120427, 0.00804349, 0.0160517], 
              [0.0560437, 0.319981, 0.212003, 0.411973]
            ]
          }, {
            "db": 0,
            "id": "BATF_HUMAN.H11MO.1.A",
            "len": 11,
            "nsites": 500,
            "evalue": "1.0e+000",
            "url": "http://hocomoco.autosome.ru/motif/BATF_HUMAN.H11MO.1.A",
            "pwm": [
              [0.32399, 0.0680315, 0.391967, 0.216012], 
              [0.57394, 0.218001, 0.192007, 0.0160517], 
              [0.0140521, 0.00404429, 0.00404429, 0.977859], 
              [5.4889e-05, 0.0120427, 0.933858, 0.0540441], 
              [0.967861, 0.0100431, 0.00804349, 0.0140521], 
              [0.0100529, 0.513942, 0.0540343, 0.421971], 
              [0.0280493, 0.0280395, 0.431959, 0.511953], 
              [0.0940361, 0.87587, 0.0140423, 0.0160517], 
              [0.97586, 0.0180415, 4.5091e-05, 0.00605369], 
              [0.609933, 0.0560339, 0.144016, 0.190017], 
              [0.238007, 0.283988, 0.100025, 0.377979]
            ]
          }, {
            "db": 0,
            "id": "COE1_HUMAN.H11MO.0.A",
            "len": 15,
            "nsites": 500,
            "evalue": "1.0e+000",
            "url": "http://hocomoco.autosome.ru/motif/COE1_HUMAN.H11MO.0.A",
            "pwm": [
              [0.417971, 0.202005, 0.200005, 0.180019], 
              [0.419971, 0.0900271, 0.271991, 0.218011], 
              [0.118031, 0.255994, 0.413962, 0.212012], 
              [0.0580433, 0.202005, 0.0240403, 0.715912], 
              [0.00205449, 0.989847, 0.00204469, 0.00605369], 
              [0.0140521, 0.813882, 4.5091e-05, 0.17202], 
              [0.00605369, 0.945856, 0.00204469, 0.0460457], 
              [0.250005, 0.62392, 0.0400371, 0.0860377], 
              [0.67392, 0.0140423, 0.0120427, 0.299995], 
              [0.0180513, 4.5091e-05, 0.981849, 5.4889e-05], 
              [0.248005, 0.00204469, 0.7239, 0.0260497], 
              [0.00605369, 0.00404429, 0.989847, 5.4889e-05], 
              [0.657923, 0.0460359, 0.255994, 0.0400469], 
              [0.220011, 0.433958, 0.253994, 0.0920365], 
              [0.212012, 0.351975, 0.0920267, 0.343986]
            ]
          }, {
            "db": 0,
            "id": "EVI1_HUMAN.H11MO.0.B",
            "len": 16,
            "nsites": 141,
            "evalue": "1.0e+000",
            "url": "http://hocomoco.autosome.ru/motif/EVI1_HUMAN.H11MO.0.B",
            "pwm": [
              [0.418874, 0.152805, 0.189325, 0.238997], 
              [0.635755, 0.0373328, 0.0836495, 0.243263], 
              [0.0210944, 0.0295503, 0.906763, 0.0425925], 
              [0.972708, 0.00603791, 0.00603791, 0.0152163], 
              [0.0413412, 0.455706, 0.00603791, 0.496915], 
              [0.951808, 0.00603791, 0.0177941, 0.02436], 
              [0.917547, 0.000159816, 0.0158073, 0.0664864], 
              [0.0306735, 0.00603791, 0.962005, 0.00128308], 
              [0.96683, 0.000159816, 0.000159816, 0.0328506], 
              [0.000194543, 0.124714, 0.00538479, 0.869707], 
              [0.900158, 0.0325433, 0.000159816, 0.0671385], 
              [0.771711, 0.00930352, 0.156744, 0.0622411], 
              [0.210878, 0.183467, 0.352296, 0.253358], 
              [0.743764, 0.0920577, 0.0765201, 0.0876579], 
              [0.129348, 0.156091, 0.308159, 0.406403], 
              [0.490342, 0.119203, 0.158446, 0.232008]
            ]
          }, {
            "db": 0,
            "id": "FOSB_HUMAN.H11MO.0.A",
            "len": 9,
            "nsites": 500,
            "evalue": "1.0e+000",
            "url": "http://hocomoco.autosome.ru/motif/FOSB_HUMAN.H11MO.0.A",
            "pwm": [
              [0.413972, 0.206004, 0.291987, 0.0880373], 
              [0.0100529, 0.0120427, 0.00204469, 0.97586], 
              [0.0120525, 0.0140423, 0.917862, 0.0560437], 
              [0.895876, 0.0120427, 0.0180415, 0.0740401], 
              [0.204014, 4.5091e-05, 0.795886, 5.4889e-05], 
              [0.0180513, 0.0300391, 0.106024, 0.845886], 
              [0.0540441, 0.903864, 0.0280395, 0.0140521], 
              [0.965862, 0.0100431, 0.00604389, 0.0180513], 
              [0.0720405, 0.329979, 0.229999, 0.367981]
            ]
          }, {
            "db": 0,
            "id": "FOSL1_HUMAN.H11MO.0.A",
            "len": 12,
            "nsites": 500,
            "evalue": "1.0e+000",
            "url": "http://hocomoco.autosome.ru/motif/FOSL1_HUMAN.H11MO.0.A",
            "pwm": [
              [0.198015, 0.186008, 0.405964, 0.210013], 
              [0.317991, 0.164012, 0.347976, 0.170021], 
              [0.429969, 0.269991, 0.281989, 0.0180513], 
              [5.4889e-05, 4.5091e-05, 0.00604389, 0.993856], 
              [5.4889e-05, 0.00404429, 0.941857, 0.0540441], 
              [0.987857, 0.00204469, 0.00204469, 0.00805329], 
              [0.0780393, 4.5091e-05, 0.921861, 5.4889e-05], 
              [5.4889e-05, 4.5091e-05, 4.5091e-05, 0.999855], 
              [0.0180513, 0.979849, 0.00204469, 5.4889e-05], 
              [0.995856, 0.00404429, 4.5091e-05, 5.4889e-05], 
              [0.0220505, 0.411963, 0.162013, 0.403974], 
              [0.210013, 0.401965, 0.154014, 0.234008]
            ]
          }, {
            "db": 0,
            "id": "FOSL2_HUMAN.H11MO.0.A",
            "len": 12,
            "nsites": 500,
            "evalue": "1.0e+000",
            "url": "http://hocomoco.autosome.ru/motif/FOSL2_HUMAN.H11MO.0.A",
            "pwm": [
              [0.194016, 0.190007, 0.37397, 0.242006], 
              [0.281999, 0.134018, 0.381969, 0.202014], 
              [0.519951, 0.158013, 0.297986, 0.0240501], 
              [5.4889e-05, 4.5091e-05, 0.00204469, 0.997855], 
              [5.4889e-05, 0.00204469, 0.957854, 0.0400469], 
              [0.985858, 0.00404429, 4.5091e-05, 0.0100529], 
              [0.102034, 4.5091e-05, 0.897866, 5.4889e-05], 
              [0.00405409, 0.00404429, 0.00404429, 0.987857], 
              [0.00605369, 0.991847, 0.00204469, 5.4889e-05], 
              [0.997855, 4.5091e-05, 4.5091e-05, 0.00205449], 
              [0.0240501, 0.351975, 0.114022, 0.509953], 
              [0.216012, 0.37797, 0.138017, 0.268001]
            ]
          }, {
            "db": 0,
            "id": "FOS_HUMAN.H11MO.0.A",
            "len": 9,
            "nsites": 500,
            "evalue": "1.0e+000",
            "url": "http://hocomoco.autosome.ru/motif/FOS_HUMAN.H11MO.0.A",
            "pwm": [
              [0.345986, 0.216002, 0.359973, 0.0780393], 
              [0.0100529, 0.0180415, 0.0100431, 0.961863], 
              [0.0160517, 0.0340383, 0.859873, 0.0900369], 
              [0.935868, 0.00804349, 0.0280395, 0.0280493], 
              [0.116032, 4.5091e-05, 0.883868, 5.4889e-05], 
              [0.0220505, 0.0260399, 0.0240403, 0.927869], 
              [0.0420465, 0.933858, 0.0240403, 5.4889e-05], 
              [0.959863, 0.0160419, 0.0120427, 0.0120525], 
              [0.0280493, 0.417962, 0.263992, 0.289997]
            ]
          }, {
            "db": 0,
            "id": "FOXA1_HUMAN.H11MO.0.A",
            "len": 12,
            "nsites": 500,
            "evalue": "1.0e+000",
            "url": "http://hocomoco.autosome.ru/motif/FOXA1_HUMAN.H11MO.0.A",
            "pwm": [
              [0.0160517, 4.5091e-05, 4.5091e-05, 0.983858], 
              [0.246006, 0.00404429, 0.749895, 5.4889e-05], 
              [0.00205449, 4.5091e-05, 4.5091e-05, 0.997855], 
              [0.00405409, 4.5091e-05, 0.0560339, 0.939867], 
              [5.4889e-05, 4.5091e-05, 0.144016, 0.855884], 
              [0.781899, 4.5091e-05, 0.206004, 0.0120525], 
              [0.00805329, 0.797886, 0.00804349, 0.186018], 
              [0.317991, 0.138017, 0.00404429, 0.539947], 
              [0.0320485, 0.313982, 0.108023, 0.545946], 
              [0.463962, 0.0200411, 0.0160419, 0.499955], 
              [0.218011, 0.0980255, 0.493946, 0.190017], 
              [0.108033, 0.259993, 0.393966, 0.238007]
            ]
          }, {
            "db": 0,
            "id": "FOXA2_HUMAN.H11MO.0.A",
            "len": 12,
            "nsites": 500,
            "evalue": "1.0e+000",
            "url": "http://hocomoco.autosome.ru/motif/FOXA2_HUMAN.H11MO.0.A",
            "pwm": [
              [0.0160517, 4.5091e-05, 0.00204469, 0.981859], 
              [0.196016, 0.00204469, 0.799885, 0.00205449], 
              [5.4889e-05, 0.00404429, 4.5091e-05, 0.995856], 
              [0.00205449, 4.5091e-05, 0.0440363, 0.953864], 
              [5.4889e-05, 4.5091e-05, 0.144016, 0.855884], 
              [0.757903, 4.5091e-05, 0.235998, 0.00605369], 
              [0.00805329, 0.887868, 0.00204469, 0.102034], 
              [0.401975, 0.122021, 4.5091e-05, 0.47596], 
              [0.0440461, 0.409963, 0.120021, 0.42597], 
              [0.563942, 0.00804349, 0.0400371, 0.387977], 
              [0.190017, 0.0960259, 0.549935, 0.164022], 
              [0.128029, 0.357974, 0.281989, 0.232008]
            ]
          }, {
            "db": 0,
            "id": "FOXA3_HUMAN.H11MO.0.B",
            "len": 13,
            "nsites": 500,
            "evalue": "1.0e+000",
            "url": "http://hocomoco.autosome.ru/motif/FOXA3_HUMAN.H11MO.0.B",
            "pwm": [
              [0.158023, 0.465952, 0.216002, 0.160023], 
              [0.228009, 0.249995, 0.0780295, 0.443966], 
              [0.0120525, 4.5091e-05, 0.00604389, 0.981859], 
              [0.246006, 0.00804349, 0.737898, 0.00805329], 
              [0.00805329, 0.0220407, 0.0140423, 0.955864], 
              [0.00605369, 4.5091e-05, 0.0360379, 0.957863], 
              [0.00805329, 4.5091e-05, 0.271991, 0.719911], 
              [0.855884, 0.00604389, 0.114022, 0.0240501], 
              [0.00405409, 0.87387, 0.0220407, 0.100035], 
              [0.367981, 0.152015, 0.00804349, 0.471961], 
              [0.0940361, 0.231999, 0.106024, 0.567941], 
              [0.42597, 0.0140423, 0.0540343, 0.505954], 
              [0.154024, 0.116022, 0.57793, 0.152024]
            ]
          }, {
            "db": 0,
            "id": "FOXB1_HUMAN.H11MO.0.D",
            "len": 17,
            "nsites": 7038,
            "evalue": "1.0e+000",
            "url": "http://hocomoco.autosome.ru/motif/FOXB1_HUMAN.H11MO.0.D",
            "pwm": [
              [0.219281, 0.162615, 0.422576, 0.195527], 
              [0.0892766, 0.143925, 0.225753, 0.541045], 
              [0.353901, 0.384067, 0.161097, 0.100935], 
              [0.803094, 0.055029, 0.0564863, 0.0853905], 
              [0.724187, 0.0823596, 0.0299693, 0.163484], 
              [0.00346503, 0.00334289, 0.0160944, 0.977098], 
              [0.646658, 0.000944388, 0.349995, 0.0024024], 
              [0.0134234, 0.000671141, 0.0092936, 0.976612], 
              [0.0133626, 0.00024609, 0.0268421, 0.959549], 
              [0.00294889, 0.000519337, 0.279353, 0.717179], 
              [0.960035, 0.000488976, 0.0383792, 0.00109689], 
              [0.00313106, 0.897339, 0.0107813, 0.0887484], 
              [0.774925, 0.0141817, 0.0334911, 0.177402], 
              [0.0308201, 0.143761, 0.0300907, 0.795328], 
              [0.717604, 0.0169749, 0.0435709, 0.22185], 
              [0.573755, 0.0628196, 0.2564, 0.107026], 
              [0.123906, 0.357173, 0.327128, 0.191793]
            ]
          }, {
            "db": 0,
            "id": "FOXC1_HUMAN.H11MO.0.C",
            "len": 15,
            "nsites": 26,
            "evalue": "1.0e+000",
            "url": "http://hocomoco.autosome.ru/motif/FOXC1_HUMAN.H11MO.0.C",
            "pwm": [
              [0.135151, 0.479791, 0.173278, 0.21178], 
              [0.345879, 0.0774923, 0.345692, 0.230937], 
              [0.269251, 0.154121, 0.0774923, 0.499136], 
              [0.00105172, 0.000863985, 0.000863985, 0.99722], 
              [0.00105172, 0.000863985, 0.997033, 0.00105172], 
              [0.0393659, 0.000863985, 0.000863985, 0.958906], 
              [0.0393659, 0.000863985, 0.000863985, 0.958906], 
              [0.00105172, 0.000863985, 0.0391782, 0.958906], 
              [0.958906, 0.000863985, 0.000863985, 0.0393659], 
              [0.00105172, 0.728833, 0.000863985, 0.269251], 
              [0.230937, 0.115807, 0.000863985, 0.652393], 
              [0.00105172, 0.192435, 0.000863985, 0.805649], 
              [0.652393, 0.000863985, 0.000863985, 0.345879], 
              [0.460822, 0.192435, 0.269063, 0.0776801], 
              [0.0393659, 0.269063, 0.575577, 0.115994]
            ]
          }, {
            "db": 0,
            "id": "FOXD1_HUMAN.H11MO.0.D",
            "len": 15,
            "nsites": 22,
            "evalue": "1.0e+000",
            "url": "http://hocomoco.autosome.ru/motif/FOXD1_HUMAN.H11MO.0.D",
            "pwm": [
              [0.120113, 0.566733, 0.119891, 0.193264], 
              [0.377558, 0.110747, 0.0741714, 0.437523], 
              [0.35399, 0.170891, 0.0977397, 0.37738], 
              [0.0378176, 0.0375959, 0.0741714, 0.850415], 
              [0.0378176, 0.243863, 0.680502, 0.0378176], 
              [0.0378176, 0.0375959, 0.0375959, 0.886991], 
              [0.00124208, 0.00102036, 0.0375959, 0.960142], 
              [0.00124208, 0.00102036, 0.0375959, 0.960142], 
              [0.923566, 0.00102036, 0.0375959, 0.0378176], 
              [0.00124208, 0.850193, 0.110747, 0.0378176], 
              [0.304407, 0.243863, 0.0741714, 0.377558], 
              [0.207509, 0.0741714, 0.00102036, 0.717299], 
              [0.450709, 0.207287, 0.0741714, 0.267832], 
              [0.424695, 0.243863, 0.220473, 0.110969], 
              [0.262372, 0.238761, 0.479336, 0.0195298]
            ]
          }, {
            "db": 0,
            "id": "FOXD3_HUMAN.H11MO.0.D",
            "len": 15,
            "nsites": 465,
            "evalue": "1.0e+000",
            "url": "http://hocomoco.autosome.ru/motif/FOXD3_HUMAN.H11MO.0.D",
            "pwm": [
              [0.157015, 0.176355, 0.298909, 0.367722], 
              [0.118313, 0.217206, 0.266658, 0.397823], 
              [0.135514, 0.00649871, 0.0559504, 0.802037], 
              [0.0387604, 0.0688509, 0.872979, 0.0194097], 
              [0.0925123, 0.0516503, 0.0365998, 0.819238], 
              [0.0366103, 0.111852, 0.0495002, 0.802037], 
              [0.0538109, 4.84842e-05, 0.0946518, 0.851489], 
              [0.339771, 0.200005, 0.225806, 0.234417], 
              [0.0581111, 0.599919, 0.0624007, 0.279569], 
              [0.294619, 0.202156, 0.0408999, 0.462325], 
              [0.109713, 0.223656, 0.071001, 0.59563], 
              [0.404273, 0.0473501, 0.146254, 0.402123], 
              [0.230117, 0.141953, 0.427913, 0.200016], 
              [0.101113, 0.363411, 0.348361, 0.187116], 
              [0.356972, 0.292459, 0.111852, 0.238717]
            ]
          }, {
            "db": 0,
            "id": "FOXF2_HUMAN.H11MO.0.D",
            "len": 11,
            "nsites": 26,
            "evalue": "1.0e+000",
            "url": "http://hocomoco.autosome.ru/motif/FOXF2_HUMAN.H11MO.0.D",
            "pwm": [
              [0.0162451, 0.0160573, 0.0160573, 0.95164], 
              [0.146715, 0.000863985, 0.820983, 0.0314384], 
              [0.00105172, 0.000863985, 0.0312507, 0.966834], 
              [0.122599, 0.000863985, 0.000863985, 0.875673], 
              [0.122599, 0.000863985, 0.0312507, 0.845287], 
              [0.770634, 0.000863985, 0.227451, 0.00105172], 
              [0.00105172, 0.782504, 0.0312507, 0.185194], 
              [0.284648, 0.255895, 0.0595337, 0.399924], 
              [0.0415539, 0.0413662, 0.0109795, 0.9061], 
              [0.480968, 0.000863985, 0.0312507, 0.486917], 
              [0.254261, 0.0109795, 0.357291, 0.377468]
            ]
          }, {
            "db": 0,
            "id": "FOXJ2_HUMAN.H11MO.0.C",
            "len": 10,
            "nsites": 41,
            "evalue": "1.0e+000",
            "url": "http://hocomoco.autosome.ru/motif/FOXJ2_HUMAN.H11MO.0.C",
            "pwm": [
              [0.000667883, 0.0242376, 0.000548662, 0.974546], 
              [0.308624, 0.000548662, 0.642782, 0.0480457], 
              [0.000667883, 0.000548662, 0.0242376, 0.974546], 
              [0.000667883, 0.000548662, 0.000548662, 0.998235], 
              [0.000667883, 0.000548662, 0.000548662, 0.998235], 
              [0.548145, 0.000548662, 0.450638, 0.000667883], 
              [0.000667883, 0.192692, 0.000548662, 0.806091], 
              [0.119113, 0.216381, 0.000548662, 0.663958], 
              [0.000667883, 0.0242376, 0.237438, 0.737657], 
              [0.465234, 0.0834599, 0.130838, 0.320468]
            ]
          }, {
            "db": 0,
            "id": "FOXK1_HUMAN.H11MO.0.A",
            "len": 10,
            "nsites": 500,
            "evalue": "1.0e+000",
            "url": "http://hocomoco.autosome.ru/motif/FOXK1_HUMAN.H11MO.0.A",
            "pwm": [
              [0.0200509, 0.00804349, 0.0100431, 0.961863], 
              [0.0760397, 0.0200411, 0.895866, 0.00805329], 
              [0.00605369, 0.0860279, 0.0200411, 0.887877], 
              [0.00205449, 0.0100431, 0.100025, 0.887877], 
              [0.0200509, 0.0200411, 0.166012, 0.793896], 
              [0.491957, 0.251995, 0.0620327, 0.194016], 
              [0.0240501, 0.655914, 0.0400371, 0.279999], 
              [0.303994, 0.233998, 0.110023, 0.351985], 
              [0.154024, 0.212003, 0.150015, 0.483958], 
              [0.116032, 0.228, 0.144016, 0.511953]
            ]
          }, {
            "db": 0,
            "id": "FOXL1_HUMAN.H11MO.0.D",
            "len": 19,
            "nsites": 1207,
            "evalue": "1.0e+000",
            "url": "http://hocomoco.autosome.ru/motif/FOXL1_HUMAN.H11MO.0.D",
            "pwm": [
              [0.160531, 0.163841, 0.22266, 0.452968], 
              [0.140235, 0.189108, 0.444265, 0.226392], 
              [0.191183, 0.0404047, 0.132361, 0.636051], 
              [0.0629836, 0.0240432, 0.0414403, 0.871533], 
              [0.000644064, 0.000640005, 0.000640005, 0.998076], 
              [0.0874223, 0.000432897, 0.90508, 0.00706441], 
              [0.00830706, 1.86811e-05, 1.86811e-05, 0.991656], 
              [2.27404e-05, 1.86811e-05, 1.86811e-05, 0.99994], 
              [2.27404e-05, 1.86811e-05, 1.86811e-05, 0.99994], 
              [0.470572, 1.86811e-05, 0.529387, 2.27404e-05], 
              [2.27404e-05, 1.86811e-05, 1.86811e-05, 0.99994], 
              [2.27404e-05, 1.86811e-05, 1.86811e-05, 0.99994], 
              [2.27404e-05, 1.86811e-05, 1.86811e-05, 0.99994], 
              [0.985857, 1.86811e-05, 0.0116167, 0.00250804], 
              [0.000851172, 0.51199, 0.000847113, 0.486312], 
              [0.41486, 0.0188655, 0.0213508, 0.544924], 
              [0.103991, 0.0145162, 0.0186584, 0.862834], 
              [0.226185, 0.0174157, 0.0149305, 0.741469], 
              [0.193254, 0.125319, 0.0838974, 0.597529]
            ]
          }, {
            "db": 0,
            "id": "FOXM1_HUMAN.H11MO.0.A",
            "len": 12,
            "nsites": 500,
            "evalue": "1.0e+000",
            "url": "http://hocomoco.autosome.ru/motif/FOXM1_HUMAN.H11MO.0.A",
            "pwm": [
              [0.0560437, 0.0240403, 0.0340383, 0.885878], 
              [0.252004, 0.0220407, 0.715902, 0.0100529], 
              [0.0260497, 0.0300391, 0.0560339, 0.887877], 
              [5.4889e-05, 0.0680315, 0.0620327, 0.869881], 
              [0.00205449, 0.00204469, 0.0720307, 0.92387], 
              [0.319991, 0.0540343, 0.587928, 0.0380473], 
              [0.0740401, 0.745896, 0.0180415, 0.162022], 
              [0.246006, 0.160013, 0.0380375, 0.555944], 
              [0.0480453, 0.289987, 0.142017, 0.519951], 
              [0.359983, 0.0380375, 0.0280395, 0.57394], 
              [0.108033, 0.160013, 0.445956, 0.285998], 
              [0.166022, 0.341977, 0.257994, 0.234008]
            ]
          }, {
            "db": 0,
            "id": "FOXO3_HUMAN.H11MO.0.B",
            "len": 10,
            "nsites": 500,
            "evalue": "1.0e+000",
            "url": "http://hocomoco.autosome.ru/motif/FOXO3_HUMAN.H11MO.0.B",
            "pwm": [
              [0.112032, 0.393966, 0.261993, 0.232008], 
              [0.0580433, 0.365972, 0.188007, 0.387977], 
              [0.0200509, 0.00604389, 4.5091e-05, 0.97386], 
              [0.0520445, 0.00404429, 0.941857, 0.00205449], 
              [5.4889e-05, 0.00604389, 0.00604389, 0.987857], 
              [0.00405409, 0.00204469, 0.0300391, 0.963862], 
              [0.00205449, 0.0100431, 0.140017, 0.847885], 
              [0.779899, 0.0580335, 0.0200411, 0.142026], 
              [0.00205449, 0.861873, 0.00804349, 0.128029], 
              [0.383978, 0.259993, 0.0460359, 0.309993]
            ]
          }, {
            "db": 0,
            "id": "FOXO6_HUMAN.H11MO.0.D",
            "len": 13,
            "nsites": 3383,
            "evalue": "1.0e+000",
            "url": "http://hocomoco.autosome.ru/motif/FOXO6_HUMAN.H11MO.0.D",
            "pwm": [
              [0.448561, 0.121345, 0.161545, 0.268549], 
              [0.359146, 0.173221, 0.148391, 0.319242], 
              [0.117947, 0.371264, 0.361805, 0.148984], 
              [0.385823, 0.0210672, 0.0881655, 0.504944], 
              [0.000599288, 0.000302252, 0.00118901, 0.997909], 
              [0.00178164, 6.66549e-06, 0.998204, 8.11386e-06], 
              [8.11386e-06, 0.000302252, 0.000302252, 0.999387], 
              [0.00148605, 0.000302252, 0.0390241, 0.959188], 
              [8.11386e-06, 0.000302252, 0.104349, 0.895341], 
              [0.938275, 0.0195893, 0.00865258, 0.0334833], 
              [0.0048114, 0.881816, 0.00983493, 0.103537], 
              [0.271652, 0.11765, 0.463191, 0.147506], 
              [0.215121, 0.160141, 0.104571, 0.520167]
            ]
          }, {
            "db": 0,
            "id": "FOXP2_HUMAN.H11MO.0.C",
            "len": 9,
            "nsites": 500,
            "evalue": "1.0e+000",
            "url": "http://hocomoco.autosome.ru/motif/FOXP2_HUMAN.H11MO.0.C",
            "pwm": [
              [0.0720405, 0.399965, 0.216002, 0.311993], 
              [0.00605369, 0.00404429, 0.0140423, 0.97586], 
              [0.0400469, 0.00804349, 0.947856, 0.00405409], 
              [0.00605369, 0.0140423, 0.0120427, 0.967861], 
              [0.00205449, 0.0100431, 0.0880275, 0.899875], 
              [5.4889e-05, 4.5091e-05, 0.17401, 0.82589], 
              [0.787897, 0.100025, 0.0340383, 0.0780393], 
              [0.00805329, 0.747896, 0.0300391, 0.214012], 
              [0.339987, 0.289987, 0.104024, 0.266002]
            ]
          }, {
            "db": 0,
            "id": "GATA1_HUMAN.H11MO.0.A",
            "len": 19,
            "nsites": 500,
            "evalue": "1.0e+000",
            "url": "http://hocomoco.autosome.ru/motif/GATA1_HUMAN.H11MO.0.A",
            "pwm": [
              [0.192016, 0.403964, 0.206004, 0.198015], 
              [0.116032, 0.144016, 0.190007, 0.549945], 
              [0.0560437, 0.0780295, 0.639917, 0.22601], 
              [0.118031, 0.206004, 0.389967, 0.285998], 
              [0.194016, 0.313982, 0.281989, 0.210013], 
              [0.268001, 0.245996, 0.27799, 0.208013], 
              [0.22401, 0.210003, 0.367972, 0.198015], 
              [0.262002, 0.168011, 0.339977, 0.230009], 
              [0.214012, 0.224, 0.313982, 0.248005], 
              [0.331989, 0.188007, 0.32398, 0.156024], 
              [0.184018, 0.387968, 0.321981, 0.106034], 
              [0.719911, 0.0200411, 0.00804349, 0.252004], 
              [0.00605369, 4.5091e-05, 0.993846, 5.4889e-05], 
              [0.995856, 4.5091e-05, 4.5091e-05, 0.00405409], 
              [0.00205449, 4.5091e-05, 0.0120427, 0.985858], 
              [0.945866, 0.00404429, 0.0140423, 0.0360477], 
              [0.857883, 0.0160419, 0.0900271, 0.0360477], 
              [0.214012, 0.154014, 0.553934, 0.0780393], 
              [0.351985, 0.188007, 0.345976, 0.114032]
            ]
          }, {
            "db": 0,
            "id": "GATA1_HUMAN.H11MO.1.A",
            "len": 11,
            "nsites": 500,
            "evalue": "1.0e+000",
            "url": "http://hocomoco.autosome.ru/motif/GATA1_HUMAN.H11MO.1.A",
            "pwm": [
              [0.345986, 0.116022, 0.303984, 0.234008], 
              [0.152024, 0.441957, 0.305984, 0.100035], 
              [0.699915, 0.0140423, 0.00804349, 0.277999], 
              [5.4889e-05, 4.5091e-05, 0.997846, 0.00205449], 
              [0.999855, 4.5091e-05, 4.5091e-05, 5.4889e-05], 
              [0.00605369, 0.00804349, 4.5091e-05, 0.985858], 
              [0.969861, 0.00804349, 0.00604389, 0.0160517], 
              [0.921871, 0.00404429, 0.0580335, 0.0160517], 
              [0.140027, 0.17401, 0.663912, 0.0220505], 
              [0.371981, 0.200005, 0.339977, 0.0880373], 
              [0.339987, 0.216002, 0.321981, 0.12203]
            ]
          }, {
            "db": 0,
            "id": "GATA2_HUMAN.H11MO.0.A",
            "len": 19,
            "nsites": 500,
            "evalue": "1.0e+000",
            "url": "http://hocomoco.autosome.ru/motif/GATA2_HUMAN.H11MO.0.A",
            "pwm": [
              [0.132028, 0.451955, 0.226, 0.190017], 
              [0.12403, 0.104024, 0.158013, 0.613932], 
              [0.0800389, 0.0500351, 0.651915, 0.218011], 
              [0.132028, 0.222001, 0.413962, 0.232008], 
              [0.272, 0.156014, 0.289987, 0.281999], 
              [0.303994, 0.158013, 0.305984, 0.232008], 
              [0.248005, 0.198005, 0.367972, 0.186018], 
              [0.270001, 0.196006, 0.27599, 0.258003], 
              [0.22201, 0.224, 0.267992, 0.285998], 
              [0.32599, 0.114022, 0.343976, 0.216012], 
              [0.192016, 0.337978, 0.371971, 0.0980353], 
              [0.7739, 0.00404429, 0.00804349, 0.214012], 
              [5.4889e-05, 4.5091e-05, 0.995846, 0.00405409], 
              [0.985858, 4.5091e-05, 0.00804349, 0.00605369], 
              [0.00605369, 0.00204469, 0.0160419, 0.97586], 
              [0.965862, 0.00604389, 4.5091e-05, 0.0280493], 
              [0.843886, 0.0100431, 0.114022, 0.0320485], 
              [0.140027, 0.168011, 0.62792, 0.0640421], 
              [0.343986, 0.192007, 0.389967, 0.0740401]
            ]
          }, {
            "db": 0,
            "id": "GATA2_HUMAN.H11MO.1.A",
            "len": 11,
            "nsites": 500,
            "evalue": "1.0e+000",
            "url": "http://hocomoco.autosome.ru/motif/GATA2_HUMAN.H11MO.1.A",
            "pwm": [
              [0.349985, 0.116022, 0.331979, 0.202014], 
              [0.164022, 0.435958, 0.347976, 0.0520445], 
              [0.751905, 0.0100431, 0.00604389, 0.232008], 
              [5.4889e-05, 0.00204469, 0.993846, 0.00405409], 
              [0.977859, 0.0140423, 0.00604389, 0.00205449], 
              [0.0160517, 0.0400371, 0.0480355, 0.895876], 
              [0.861883, 0.0500351, 0.0300391, 0.0580433], 
              [0.769901, 0.0220407, 0.186008, 0.0220505], 
              [0.148025, 0.239997, 0.567932, 0.0440461], 
              [0.417971, 0.17401, 0.369971, 0.0380473], 
              [0.417971, 0.144016, 0.27399, 0.164022]
            ]
          }, {
            "db": 0,
            "id": "GATA3_HUMAN.H11MO.0.A",
            "len": 11,
            "nsites": 500,
            "evalue": "1.0e+000",
            "url": "http://hocomoco.autosome.ru/motif/GATA3_HUMAN.H11MO.0.A",
            "pwm": [
              [0.447965, 0.0920267, 0.253994, 0.206014], 
              [0.347985, 0.303984, 0.261993, 0.0860377], 
              [0.777899, 0.00604389, 0.00804349, 0.208013], 
              [0.0100529, 0.00404429, 0.985848, 5.4889e-05], 
              [0.987857, 0.00404429, 0.00604389, 0.00205449], 
              [0.146026, 0.0100431, 0.0400371, 0.803894], 
              [0.921871, 0.0160419, 0.0420367, 0.0200509], 
              [0.867881, 0.00204469, 0.0940263, 0.0360477], 
              [0.329989, 0.224, 0.403964, 0.0420465], 
              [0.557943, 0.120021, 0.255994, 0.0660417], 
              [0.443966, 0.0800291, 0.224, 0.252004]
            ]
          }, {
            "db": 0,
            "id": "GATA4_HUMAN.H11MO.0.A",
            "len": 10,
            "nsites": 500,
            "evalue": "1.0e+000",
