<!DOCTYPE HTML>
<html>
  <head>
    <meta charset="UTF-8">
    <title>SpaMo - Spaced Motif Analysis</title>
    <script type="text/javascript">
      //@JSON_VAR data
      var data = {"program":"SpaMo","version":"4.12.0","revision":"aacc9c3eb8c7b460b344d5c8aa1458097dae704d","release":"Tue Jun 27 16:22:50 2017 -0700","host":"Sudins-iMac.local","when":"Thu May 24 13:19:51 2018","cmd":["spamo","-verbosity","1","-oc","results/AHRpeaks_noAHREs.bed-499.fa/jaspar/spamo_out_10","-bgfile","results/AHRpeaks_noAHREs.bed-499.fa/jaspar/background","-primary","MA0647.1","results/AHRpeaks_noAHREs.bed-499.fa/jaspar/AHRpeaks_noAHREs.bed-499.fa","/Users/filipov4/meme/db/motif_databases/JASPAR/JASPAR2018_CORE_non-redundant.meme","results/AHRpeaks_noAHREs.bed-499.fa/jaspar/meme_out/meme.xml","results/AHRpeaks_noAHREs.bed-499.fa/jaspar/dreme_out/dreme.xml","/Users/filipov4/meme/db/motif_databases/JASPAR/JASPAR2018_CORE_non-redundant.meme"],"options":{"seq_min_hit_score":7,"margin":150,"bin_size":1,"bin_pvalue_calc_range":150,"use_best_secondary":0,"seq_max_shared_fract":0.5,"seq_odds_ratio":20,"bin_pvalue_cutoff":0.05,"motif_evalue_cutoff":10,"redundant_overlap":2,"redundant_joint":0.5,"motif_pseudocount":0.1,"bgfile":"results/AHRpeaks_noAHREs.bed-499.fa/jaspar/background","motif_trim":0.25,"xalph":0,"seed":1,"bin_max":6},"alphabet":{"name":"DNA","like":"dna","ncore":4,"symbols":[{"symbol":"A","name":"Adenine","colour":"CC0000","complement":"T"},{"symbol":"C","name":"Cytosine","colour":"0000CC","complement":"G"},{"symbol":"G","name":"Guanine","colour":"FFB300","complement":"C"},{"symbol":"T","aliases":"U","name":"Thymine","colour":"008000","complement":"A"},{"symbol":"N","aliases":"X.","name":"Any base","equals":"ACGT"},{"symbol":"V","name":"Not T","equals":"ACG"},{"symbol":"H","name":"Not G","equals":"ACT"},{"symbol":"D","name":"Not C","equals":"AGT"},{"symbol":"B","name":"Not A","equals":"CGT"},{"symbol":"M","name":"Amino","equals":"AC"},{"symbol":"R","name":"Purine","equals":"AG"},{"symbol":"W","name":"Weak","equals":"AT"},{"symbol":"S","name":"Strong","equals":"CG"},{"symbol":"Y","name":"Pyrimidine","equals":"CT"},{"symbol":"K","name":"Keto","equals":"GT"}]},"background":[0.2918,0.2082,0.2082,0.2918],"sequence_dbs":[{"source":"results/AHRpeaks_noAHREs.bed-499.fa/jaspar/AHRpeaks_noAHREs.bed-499.fa","name":"AHRpeaks_noAHREs.bed-499","last_modified":"Thu May 24 11:14:35 2018","loaded":959,"excluded_too_short":0,"excluded_no_match":831,"excluded_ambigs":0,"excluded_similar":4,"erased_primary_matches":115}],"primary_dbs":[{"source":"/Users/filipov4/meme/db/motif_databases/JASPAR/JASPAR2018_CORE_non-redundant.meme","name":"JASPAR2018_CORE_non-redundant","last_modified":"Thu Dec  7 14:38:42 2017","loaded":1403,"excluded":1402}],"secondary_dbs":[{"source":"results/AHRpeaks_noAHREs.bed-499.fa/jaspar/meme_out/meme.xml","name":"meme.xml","last_modified":"Thu May 24 13:16:56 2018","loaded":7,"excluded":0},{"source":"results/AHRpeaks_noAHREs.bed-499.fa/jaspar/dreme_out/dreme.xml","name":"dreme.xml","last_modified":"Thu May 24 13:17:23 2018","loaded":4,"excluded":0},{"source":"/Users/filipov4/meme/db/motif_databases/JASPAR/JASPAR2018_CORE_non-redundant.meme","name":"JASPAR2018_CORE_non-redundant","last_modified":"Thu Dec  7 14:38:42 2017","loaded":1404,"excluded":1}],"secondary_motifs":[{"db":0,"id":"AAAAKYAGAAYYACTGATRAGGGTCTATGT","alt":"MEME-6","len":30,"ltrim":0,"rtrim":0,"nsites":5,"evalue":"4.4e-008","pwm":[[0.790035,0.00408236,0.200161,0.00572157],[0.986114,0.00408236,0.00408236,0.00572157],[0.986114,0.00408236,0.00408236,0.00572157],[0.986114,0.00408236,0.00408236,0.00572157],[0.00572157,0.00408236,0.396239,0.593957],[0.00572157,0.396239,0.00408236,0.593957],[0.986114,0.00408236,0.00408236,0.00572157],[0.00572157,0.00408236,0.984475,0.00572157],[0.986114,0.00408236,0.00408236,0.00572157],[0.986114,0.00408236,0.00408236,0.00572157],[0.00572157,0.396239,0.00408236,0.593957],[0.00572157,0.396239,0.00408236,0.593957],[0.986114,0.00408236,0.00408236,0.00572157],[0.00572157,0.984475,0.00408236,0.00572157],[0.00572157,0.00408236,0.00408236,0.986114],[0.00572157,0.00408236,0.984475,0.00572157],[0.986114,0.00408236,0.00408236,0.00572157],[0.00572157,0.00408236,0.00408236,0.986114],[0.397878,0.00408236,0.592318,0.00572157],[0.986114,0.00408236,0.00408236,0.00572157],[0.2018,0.00408236,0.592318,0.2018],[0.00572157,0.00408236,0.984475,0.00572157],[0.00572157,0.00408236,0.984475,0.00572157],[0.00572157,0.200161,0.00408236,0.790035],[0.00572157,0.984475,0.00408236,0.00572157],[0.00572157,0.200161,0.00408236,0.790035],[0.790035,0.00408236,0.200161,0.00572157],[0.00572157,0.00408236,0.00408236,0.986114],[0.00572157,0.00408236,0.984475,0.00572157],[0.00572157,0.00408236,0.00408236,0.986114]]},{"db":0,"id":"TGCAYGTATTGTCTTGATAAACATCTTAAA","alt":"MEME-2","len":30,"ltrim":0,"rtrim":0,"nsites":7,"evalue":"3.6e-032","pwm":[[0.00410986,0.0029324,0.0029324,0.990025],[0.00410986,0.0029324,0.988848,0.00410986],[0.00410986,0.988848,0.0029324,0.00410986],[0.990025,0.0029324,0.0029324,0.00410986],[0.00410986,0.566313,0.143777,0.2858],[0.2858,0.0029324,0.707158,0.00410986],[0.00410986,0.143777,0.0029324,0.84918],[0.990025,0.0029324,0.0029324,0.00410986],[0.00410986,0.143777,0.0029324,0.84918],[0.00410986,0.0029324,0.0029324,0.990025],[0.00410986,0.0029324,0.988848,0.00410986],[0.00410986,0.0029324,0.0029324,0.990025],[0.00410986,0.988848,0.0029324,0.00410986],[0.00410986,0.0029324,0.0029324,0.990025],[0.00410986,0.0029324,0.0029324,0.990025],[0.00410986,0.0029324,0.988848,0.00410986],[0.990025,0.0029324,0.0029324,0.00410986],[0.00410986,0.0029324,0.0029324,0.990025],[0.990025,0.0029324,0.0029324,0.00410986],[0.990025,0.0029324,0.0029324,0.00410986],[0.990025,0.0029324,0.0029324,0.00410986],[0.00410986,0.988848,0.0029324,0.00410986],[0.84918,0.0029324,0.143777,0.00410986],[0.00410986,0.0029324,0.0029324,0.990025],[0.00410986,0.988848,0.0029324,0.00410986],[0.00410986,0.0029324,0.0029324,0.990025],[0.00410986,0.0029324,0.0029324,0.990025],[0.990025,0.0029324,0.0029324,0.00410986],[0.990025,0.0029324,0.0029324,0.00410986],[0.708335,0.284622,0.0029324,0.00410986]]},{"db":2,"id":"MA0030.1","alt":"FOXF2","len":14,"ltrim":0,"rtrim":1,"nsites":27,"url":"http://jaspar2018.genereg.net/matrix/MA0030.1","pwm":[[0.0379771,0.369772,0.259071,0.33318],[0.37008,0.259071,0.18527,0.185578],[0.628383,0.14837,0.0745689,0.148678],[0.46365,0.17868,0.17868,0.178989],[0.136938,0.498923,0.363062,0.00107675],[0.259379,0.000768266,0.738776,0.00107675],[0.00107675,0.000768266,0.000768266,0.997387],[0.997387,0.000768266,0.000768266,0.00107675],[0.997387,0.000768266,0.000768266,0.00107675],[0.997387,0.000768266,0.000768266,0.00107675],[0.00107675,0.923278,0.000768266,0.0748774],[0.997387,0.000768266,0.000768266,0.00107675],[0.591483,0.14837,0.0745689,0.185578],[0.259379,0.14837,0.22217,0.37008]]},{"db":2,"id":"MA0082.1","alt":"squamosa","len":14,"ltrim":0,"rtrim":1,"nsites":30,"url":"http://jaspar2018.genereg.net/matrix/MA0082.1","pwm":[[0.366418,0.465808,0.033914,0.133859],[0.000969435,0.731588,0.000691695,0.26675],[0.798312,0.000691695,0.133582,0.0674149],[0.532531,0.0671372,0.033914,0.366418],[0.765089,0.000691695,0.000691695,0.233527],[0.565754,0.000691695,0.000691695,0.432863],[0.798312,0.033914,0.000691695,0.167083],[0.26675,0.000691695,0.033914,0.698644],[0.466086,0.033914,0.499031,0.000969435],[0.0341917,0.033914,0.930924,0.000969435],[0.466086,0.166805,0.033914,0.333195],[0.831534,0.166805,0.000691695,0.000969435],[0.698644,0.0671372,0.100359,0.133859],[0.233527,0.166805,0.266473,0.333195]]},{"db":2,"id":"MA0127.1","alt":"PEND","len":10,"ltrim":0,"rtrim":0,"nsites":42,"url":"http://jaspar2018.genereg.net/matrix/MA0127.1","pwm":[[0.713282,0.0480004,0.190518,0.048199],[0.143211,0.451801,0.166766,0.238223],[0.0244466,0.000494537,0.0480004,0.927058],[0.0957049,0.000494537,0.0955063,0.808294],[0.0719524,0.784342,0.0480004,0.0957049],[0.000693111,0.0480004,0.0480004,0.903306],[0.048199,0.000494537,0.024248,0.927058],[0.760788,0.166766,0.0480004,0.0244466],[0.0957049,0.0717539,0.000494537,0.832047],[0.048199,0.11926,0.333036,0.499505]]},{"db":2,"id":"MA0157.2","alt":"FOXO3","len":8,"ltrim":0,"rtrim":0,"nsites":553,"url":"http://jaspar2018.genereg.net/matrix/MA0157.2","pwm":[[0.0380209,3.76424e-05,0.961889,5.27572e-05],[5.27572e-05,3.76424e-05,0.0238863,0.976023],[0.960168,0.0289134,0.00906101,0.00185743],[0.997996,0.0019133,3.76424e-05,5.27572e-05],[0.981425,0.0184843,3.76424e-05,5.27572e-05],[0.0273208,0.967136,3.76424e-05,0.00550677],[0.979618,0.020292,3.76424e-05,5.27572e-05],[0.546506,0.0207239,0.0620954,0.370676]]},{"db":2,"id":"MA0174.1","alt":"Dbx","len":7,"ltrim":0,"rtrim":0,"nsites":16,"url":"http://jaspar2018.genereg.net/matrix/MA0174.1","pwm":[[0.126036,0.00129317,0.00129317,0.871378],[0.126036,0.00129317,0.00129317,0.871378],[0.374483,0.00129317,0.125517,0.498707],[0.995601,0.00129317,0.00129317,0.00181242],[0.00181242,0.00129317,0.00129317,0.995601],[0.00181242,0.125517,0.373964,0.498707],[0.809266,0.00129317,0.187629,0.00181242]]},{"db":2,"id":"MA0218.1","alt":"ct","len":6,"ltrim":0,"rtrim":0,"nsites":20,"url":"http://jaspar2018.genereg.net/matrix/MA0218.1","pwm":[[0.00145174,0.299543,0.00103582,0.697969],[0.051203,0.100538,0.00103582,0.847223],[0.449213,0.00103582,0.5483,0.00145174],[0.996477,0.00103582,0.00103582,0.00145174],[0.847223,0.00103582,0.0507871,0.100954],[0.00145174,0.946309,0.0507871,0.00145174]]},{"db":2,"id":"MA0297.1","alt":"FKH2","len":7,"ltrim":0,"rtrim":0,"nsites":101,"url":"http://jaspar2018.genereg.net/matrix/MA0297.1","pwm":[[0.128874,0.000205935,0.870631,0.000288625],[0.000288625,0.000205935,0.000205935,0.9993],[0.9993,0.000205935,0.000205935,0.000288625],[0.9993,0.000205935,0.000205935,0.000288625],[0.9993,0.000205935,0.000205935,0.000288625],[0.000288625,0.999217,0.000205935,0.000288625],[0.9993,0.000205935,0.000205935,0.000288625]]},{"db":2,"id":"MA0403.1","alt":"TBF1","len":8,"ltrim":0,"rtrim":1,"nsites":100,"url":"http://jaspar2018.genereg.net/matrix/MA0403.1","pwm":[[0.609682,0.110098,0.120088,0.160132],[0.459832,0.110098,0.349858,0.0802116],[0.148658,0.83106,0.0100991,0.0101826],[0.000291508,0.999209,0.000207992,0.000291508],[0.000291508,0.999209,0.000207992,0.000291508],[0.000291508,0.010198,0.000207992,0.989302],[0.757111,0.0809353,0.111208,0.0507461],[0.376154,0.188139,0.267268,0.16844]]},{"db":2,"id":"MA0421.1","alt":"NSI1","len":10,"ltrim":0,"rtrim":0,"nsites":1905,"url":"http://jaspar2018.genereg.net/matrix/MA0421.1","pwm":[[0.0913495,1.09286e-05,0.143835,0.764804],[1.53168e-05,1.09286e-05,0.0215498,0.978424],[1.53168e-05,0.0545921,1.09286e-05,0.945382],[0.999963,1.09286e-05,1.09286e-05,1.53168e-05],[1.53168e-05,0.999958,1.09286e-05,1.53168e-05],[1.53168e-05,0.999958,1.09286e-05,1.53168e-05],[0.063555,0.936419,1.09286e-05,1.53168e-05],[1.53168e-05,1.09286e-05,0.999958,1.53168e-05],[0.0267459,1.09286e-05,0.973228,1.53168e-05],[0.384117,0.414683,0.0576999,0.143499]]},{"db":2,"id":"MA0480.1","alt":"Foxo1","len":11,"ltrim":1,"rtrim":0,"nsites":2490,"url":"http://jaspar2018.genereg.net/matrix/MA0480.1","pwm":[[0.187956,0.111249,0.191969,0.508826],[0.0510137,0.513643,0.302004,0.133339],[0.0349503,0.564645,0.083941,0.316465],[1.17184e-05,8.36112e-06,8.36112e-06,0.999972],[1.17184e-05,8.36112e-06,0.999968,1.17184e-05],[1.17184e-05,8.36112e-06,8.36112e-06,0.999972],[1.17184e-05,8.36112e-06,8.36112e-06,0.999972],[1.17184e-05,8.36112e-06,0.115265,0.884715],[0.751388,0.0630578,8.36112e-06,0.185546],[1.17184e-05,0.806,8.36112e-06,0.19398],[0.430516,0.230119,0.0285212,0.310842]]},{"db":2,"id":"MA0481.2","alt":"FOXP1","len":12,"ltrim":2,"rtrim":3,"nsites":4266,"url":"http://jaspar2018.genereg.net/matrix/MA0481.2","pwm":[[0.351382,0.212846,0.23277,0.203002],[0.35982,0.0625914,0.225738,0.351851],[0.0696252,0.0117256,0.904344,0.0143055],[0.0318861,0.035635,0.0241483,0.908331],[0.956618,0.0304782,0.00656873,0.00633569],[0.945602,0.0332901,0.00422378,0.0168844],[0.976308,0.00469277,0.0131316,0.0058667],[0.00891463,0.932238,0.00703672,0.0518106],[0.962244,0.0032868,0.00867768,0.0257912],[0.21191,0.159166,0.509135,0.119788],[0.353492,0.202297,0.219175,0.225037],[0.305438,0.220581,0.212377,0.261604]]},{"db":2,"id":"MA0554.1","alt":"SOC1","len":15,"ltrim":2,"rtrim":0,"nsites":888,"url":"http://jaspar2018.genereg.net/matrix/MA0554.1","pwm":[[0.32432,0.138522,0.111497,0.425661],[0.193705,0.297287,0.127261,0.381747],[0.0732226,0.030425,0.0383071,0.858044],[0.069845,2.34433e-05,0.057449,0.872683],[0.131775,0.0529455,0.100237,0.715042],[0.0225533,0.962753,0.0146618,3.28566e-05],[3.28566e-05,0.694765,0.0101573,0.295045],[0.516867,0.0416858,0.0630793,0.378368],[0.154294,0.0878516,2.34433e-05,0.757831],[0.146412,0.00677968,2.34433e-05,0.846785],[0.0248051,0.00903143,2.34433e-05,0.96614],[0.11038,0.0270474,2.34433e-05,0.862549],[0.101372,0.0799694,0.0968595,0.721799],[0.203839,0.0112832,0.769081,0.0157971],[0.0191747,0.0259215,0.748813,0.206091]]},{"db":2,"id":"MA0613.1","alt":"FOXG1","len":8,"ltrim":0,"rtrim":0,"nsites":999,"url":"http://jaspar2018.genereg.net/matrix/MA0613.1","pwm":[[0.374366,0.00102174,0.623582,0.00103011],[0.00102911,0.00102074,0.00102074,0.996929],[0.996929,0.00102074,0.00102074,0.00102911],[0.996929,0.00102074,0.00102074,0.00102911],[0.996929,0.00102074,0.00102074,0.00102911],[0.00102911,0.996921,0.00102074,0.00102911],[0.996929,0.00102074,0.00102074,0.00102911],[0.497979,0.167004,0.00202064,0.332996]]},{"db":2,"id":"MA0762.1","alt":"ETV2","len":11,"ltrim":0,"rtrim":1,"nsites":2202,"url":"http://jaspar2018.genereg.net/matrix/MA0762.1","pwm":[[0.537682,0.113991,0.180746,0.167581],[0.968872,0.00819208,0.0188306,0.00410507],[0.0422333,0.877007,0.0807468,1.3251e-05],[0.0890342,0.90864,0.00231135,1.3251e-05],[1.3251e-05,9.45462e-06,0.999964,1.3251e-05],[1.3251e-05,9.45462e-06,0.999964,1.3251e-05],[0.999968,9.45462e-06,9.45462e-06,1.3251e-05],[0.891539,0.00076242,9.45462e-06,0.107689],[0.713905,0.00169738,0.284385,1.3251e-05],[0.0105518,0.257609,0.0386497,0.69319],[0.471103,0.102227,0.279997,0.146674]]},{"db":2,"id":"MA0767.1","alt":"GCM2","len":10,"ltrim":1,"rtrim":1,"nsites":1321,"url":"http://jaspar2018.genereg.net/matrix/MA0767.1","pwm":[[0.135515,0.257377,0.28387,0.323238],[0.75815,0.0442394,0.171743,0.0258671],[0.0163559,0.0291326,0.0170595,0.937451],[0.162858,0.0198283,0.817291,2.20876e-05],[0.0503483,0.790849,0.0826935,0.0761093],[0.0354854,0.000710707,0.917888,0.0459156],[2.20876e-05,1.57596e-05,0.990189,0.00977335],[0.00077903,1.57596e-05,0.999183,2.20876e-05],[0.0452057,0.261784,0.0447074,0.648303],[0.453776,0.106069,0.258329,0.181826]]},{"db":2,"id":"MA0810.1","alt":"TFAP2A(var.2)","len":12,"ltrim":0,"rtrim":1,"nsites":4005,"url":"http://jaspar2018.genereg.net/matrix/MA0810.1","pwm":[[0.169291,0.295379,0.0432001,0.49213],[0.121506,0.27635,0.580823,0.0213208],[0.0035362,0.94257,0.0538859,7.28571e-06],[7.28571e-06,0.98936,0.00247514,0.00815708],[0.00250322,0.701935,0.0551708,0.24039],[0.0491951,0.412729,0.207491,0.330586],[0.330503,0.359207,0.263104,0.0471851],[0.423717,0.101626,0.467659,0.00699811],[0.0451492,0.008041,0.946803,7.28571e-06],[0.00104726,0.16386,0.833005,0.00208623],[0.0210438,0.834393,0.0974828,0.0470801],[0.479775,0.108339,0.244382,0.167502]]},{"db":2,"id":"MA0848.1","alt":"FOXO4","len":7,"ltrim":0,"rtrim":0,"nsites":7060,"url":"http://jaspar2018.genereg.net/matrix/MA0848.1","pwm":[[0.236403,0.00184392,0.761748,4.13308e-06],[0.0583293,0.0116678,0.0207977,0.909205],[0.804,0.188219,0.00478688,0.00299409],[0.966735,0.0262476,0.0034179,0.00359908],[0.981735,2.94897e-06,0.0164317,0.00182911],[0.00902801,0.836773,0.00513788,0.149061],[0.988957,0.00184192,0.00184192,0.00736003]]},{"db":2,"id":"MA0852.2","alt":"FOXK1","len":14,"ltrim":3,"rtrim":2,"nsites":1056,"url":"http://jaspar2018.genereg.net/matrix/MA0852.2","pwm":[[0.311551,0.174245,0.244315,0.269888],[0.393929,0.165724,0.255678,0.184669],[0.233907,0.134477,0.257571,0.374045],[0.135432,0.0265322,0.821912,0.0161241],[0.0568402,0.00475427,0.0416828,0.896723],[0.949749,0.0350544,0.00948882,0.00570909],[0.945961,0.0350544,0.0104357,0.00854982],[0.967739,0.0123295,0.00948882,0.0104436],[0.00949673,0.907131,0.0113826,0.0719908],[0.961111,0.0151703,0.0113826,0.0123375],[0.48483,0.188449,0.193183,0.133538],[0.1752,0.190343,0.537848,0.0966095],[0.229173,0.254731,0.34279,0.173306],[0.267994,0.272721,0.255678,0.203606]]},{"db":2,"id":"MA1030.1","alt":"P0510F09.23","len":10,"ltrim":0,"rtrim":3,"nsites":1000,"url":"http://jaspar2018.genereg.net/matrix/MA1030.1","pwm":[[0.415988,0.11301,0.0600148,0.410988],[0.534976,0.0240184,0.368984,0.072022],[0.415988,0.561965,0.00702012,0.0150277],[0.0260266,0.961925,0.00102072,0.0110281],[0.0410251,0.927928,0.0270181,0.00402878],[0.0100282,0.00102072,2.08179e-05,0.98893],[0.831115,0.0319856,0.0829295,0.0539698],[0.372992,0.132008,0.388982,0.106019],[0.266003,0.257995,0.225998,0.250004],[0.241005,0.255995,0.219999,0.283001]]},{"db":2,"id":"MA1057.1","alt":"SPL12","len":8,"ltrim":1,"rtrim":1,"nsites":1000,"url":"http://jaspar2018.genereg.net/matrix/MA1057.1","pwm":[[0.272002,0.182003,0.211,0.334996],[0.143015,0.0490159,0.760945,0.0470245],[0.00802838,0.038017,0.0120196,0.941935],[0.946934,0.0460162,0.00502032,0.00202898],[0.00502868,0.993921,2.08179e-05,0.00102908],[0.0760216,0.078013,0.743946,0.102019],[0.249253,0.0530685,0.538506,0.159172],[0.277723,0.261733,0.150855,0.309688]]},{"db":2,"id":"MA1105.1","alt":"GRHL2","len":15,"ltrim":3,"rtrim":3,"nsites":13377,"url":"http://jaspar2018.genereg.net/matrix/MA1105.1","pwm":[[0.225163,0.156612,0.455257,0.162967],[0.296629,0.271511,0.166106,0.265755],[0.305375,0.403602,0.148389,0.142634],[0.669355,0.108172,0.0955378,0.126935],[0.892722,0.0138315,0.0529282,0.0405189],[0.916942,0.0129345,0.0349863,0.0351369],[0.00844912,0.971213,0.0122615,0.00807612],[0.0645897,0.863268,0.0231004,0.0490408],[0.731476,0.0246704,0.0889599,0.154894],[0.00538414,0.0169704,0.968447,0.00919711],[0.0364829,0.0411912,0.0167464,0.905579],[0.0493398,0.073934,0.0213814,0.855345],[0.174853,0.264484,0.141512,0.419151],[0.217688,0.199297,0.242581,0.340435],[0.252523,0.180235,0.274501,0.292741]]},{"db":2,"id":"MA1175.1","alt":"MYB81","len":11,"ltrim":1,"rtrim":1,"nsites":600,"url":"http://jaspar2018.genereg.net/matrix/MA1175.1","pwm":[[0.24834,0.271656,0.37164,0.108364],[0.0500403,0.165007,3.46942e-05,0.784918],[0.999882,3.46942e-05,3.46942e-05,4.86252e-05],[0.999882,3.46942e-05,3.46942e-05,4.86252e-05],[4.86252e-05,0.999868,3.46942e-05,4.86252e-05],[0.196683,0.38997,0.190003,0.223344],[0.15669,3.46942e-05,0.843227,4.86252e-05],[0.446641,0.170006,3.46942e-05,0.383318],[0.439975,0.158341,0.00170142,0.399982],[0.206681,0.0983513,0.0116998,0.683268],[0.18835,0.299985,0.0650239,0.446641]]},{"db":2,"id":"MA1193.1","alt":"At2g38090","len":21,"ltrim":1,"rtrim":0,"nsites":64,"url":"http://jaspar2018.genereg.net/matrix/MA1193.1","pwm":[[0.468474,0.203133,0.171932,0.156461],[0.593279,0.156331,0.12513,0.12526],[0.437273,0.156331,0.187532,0.218864],[0.499675,0.0159254,0.327938,0.156461],[0.37487,0.0315261,0.281136,0.312468],[0.530876,0.0159254,0.000324805,0.452873],[0.265666,0.14073,0.203133,0.390471],[0.406071,0.109529,0.000324805,0.484075],[0.312468,0.000324805,0.655551,0.0316565],[0.000455226,0.000324805,0.998765,0.000455226],[0.998895,0.000324805,0.000324805,0.000455226],[0.000455226,0.000324805,0.0159254,0.983295],[0.967694,0.0159254,0.0159254,0.000455226],[0.983295,0.000324805,0.000324805,0.0160558],[0.187663,0.0471267,0.62435,0.140861],[0.281266,0.156331,0.37474,0.187663],[0.655681,0.0627273,0.0471267,0.234465],[0.10966,0.0471267,0.109529,0.733685],[0.406071,0.14073,0.37474,0.0784583],[0.468474,0.0939285,0.281136,0.156461],[0.328068,0.000324805,0.37474,0.296867]]},{"db":2,"id":"MA1194.1","alt":"AT3G10580","len":15,"ltrim":1,"rtrim":0,"nsites":140,"url":"http://jaspar2018.genereg.net/matrix/MA1194.1","pwm":[[0.457025,0.100077,0.235694,0.207203],[0.435611,0.0144244,0.22142,0.328545],[0.435611,0.0286992,0.0144244,0.521265],[0.307132,0.100077,0.214282,0.378509],[0.464163,0.0858014,0.0786635,0.371372],[0.342821,0.0358371,0.542618,0.0787232],[0.00020828,0.000148608,0.942333,0.0573105],[0.992357,0.00728651,0.000148608,0.00020828],[0.0287589,0.000148608,0.000148608,0.970944],[0.978081,0.000148608,0.000148608,0.021622],[0.985219,0.000148608,0.00728651,0.00734618],[0.121551,0.042975,0.692511,0.142963],[0.292856,0.264246,0.378449,0.0644484],[0.449887,0.000148608,0.000148608,0.549816],[0.0858611,0.157179,0.0858014,0.671158]]},{"db":2,"id":"MA1321.1","alt":"SPL13","len":11,"ltrim":2,"rtrim":1,"nsites":578,"url":"http://jaspar2018.genereg.net/matrix/MA1321.1","pwm":[[0.453259,0.110744,0.166097,0.2699],[0.211087,0.204153,0.155718,0.429042],[0.0865405,0.164368,0.112474,0.636618],[5.04757e-05,3.60146e-05,0.999863,5.04757e-05],[5.04757e-05,3.60146e-05,3.60146e-05,0.999877],[0.999877,3.60146e-05,3.60146e-05,5.04757e-05],[5.04757e-05,0.999863,3.60146e-05,5.04757e-05],[0.00350988,0.0329023,0.795746,0.167841],[0.136705,3.60146e-05,0.75769,0.105568],[0.598563,0.122852,0.017334,0.261251],[0.301036,0.281994,0.102094,0.314875]]},{"db":2,"id":"MA1415.1","alt":"REF6","len":11,"ltrim":0,"rtrim":0,"nsites":3687,"url":"http://jaspar2018.genereg.net/matrix/MA1415.1","pwm":[[0.537829,0.0566901,0.310276,0.0952043],[0.714391,0.0371626,0.156497,0.0919504],[0.937872,0.00732845,0.00651447,0.0482846],[0.952247,0.0092274,0.0320088,0.00651674],[0.000278907,0.992927,0.000276639,0.00651674],[0.982351,0.00678646,0.00814243,0.00271984],[0.00163487,0.00570149,0.983163,0.00950066],[0.958214,0.00570149,0.0284829,0.00760171],[0.0122126,0.00271757,0.971229,0.0138395],[0.203962,0.288308,0.23976,0.26797],[0.609972,0.128291,0.119611,0.142125]]}],"sequence_names":["chr10:110212850-110213349","chr10:29387800-29388449","chr10:29393600-29394699","chr10:38447950-38448499","chr10:7275150-7275949","chr15:70385750-70386399","chr15:84422400-84423299","chr16:19554900-19555449","chr16:29794700-29795349","chr16:79711800-79712549","chr17:26652900-26653699","chr17:55660100-55660749","chr18:18764100-18764799","chr1:188738900-188739549","chr1:20558950-20559549","chr1:207489500-207490549","chr20:17585700-17586449","chr20:20740000-20740799","chr21:20144150-20144849","chr21:37560200-37560799","chr2:106946800-106947499","chr2:130715400-130715899","chr2:19172650-19173249","chr3:156469350-156469899","chr3:161133400-161134099","chr3:168890900-168891549","chr3:193589800-193590599","chr3:25732500-25733099","chr3:8843250-8843749","chr4:143522050-143522549","chr5:134303750-134304249","chr5:148508550-148509249","chr5:74332850-74333449","chr5:79789150-79789799","chr6:149382200-149382949","chr7:89401350-89402049","chr8:27772800-27773499","chr8:52763550-52764099","chr8:67102950-67103499","chr8:68624350-68625049","chr8:71405250-71406149","chr9:115154300-115154899","chr9:25519200-25519699","chr9:80278450-80279149","chrX:104945100-104945599","chrX:17318700-17319249","chrX:82068200-82069199","chrX:9384550-9385399"],"primaries":[{"motif":{"db":0,"id":"MA0647.1","alt":"GRHL1","len":12,"ltrim":0,"rtrim":1,"nsites":2491,"url":"http://jaspar2018.genereg.net/matrix/MA0647.1","pwm":[[0.539934,0.189483,0.0991614,0.171422],[0.726858,0.0318131,0.11935,0.12198],[0.933632,0.00113231,0.0419857,0.0232488],[0.985726,0.000404342,0.00277825,0.0110913],[1.17137e-05,0.999968,8.35776e-06,1.17137e-05],[0.118386,0.794807,0.0162807,0.0705259],[0.107974,0.0169187,0.810057,0.0650501],[1.17137e-05,0.000409342,0.999567,1.17137e-05],[0.0295485,0.0015633,0.000785327,0.968104],[0.0451089,0.0660567,0.00426919,0.884564],[0.188697,0.133155,0.0605069,0.617641],[0.274991,0.116022,0.262945,0.346044]]},"secondaries":[[{"idx":1,"counts":[[0,0,0,0,0,0,1,0,0,0,0,0,0,0,0,0,0,0,0,0,0,0,4,0,0,0,2,0,0,0,0,0,0,0,0,0,0,0,0,0,0,0,0,0,0,0,0,0,0,0,0,0,0,0,0,0,0,0,0,0,0,0,0,0,0,0,0,0,0,0,0,0,0,0,0,0,0,0,0,0,0,0,0,0,0,0,0,0,0,0,0,0,0,0,0,0,0,0,0,0,0,0,0,0,0,0,0,0,0,0,0,0,0,0,0,0,0,0,0,0,0,0],[0,0,0,0,0,0,0,0,0,0,0,0,0,0,0,0,0,0,0,0,0,0,0,0,0,0,0,0,0,0,0,0,0,0,0,0,0,0,0,0,0,0,0,0,0,0,0,0,0,0,0,0,0,0,0,0,0,0,0,0,0,0,0,0,0,0,0,0,0,0,0,0,0,0,0,0,0,0,0,0,0,0,0,0,0,0,0,0,0,0,0,0,0,0,0,0,0,0,0,0,0,0,0,0,0,0,0,0,0,0,0,0,0,0,0,0,0,0,0,0,0,0],[0,0,0,0,0,0,0,0,0,0,0,0,0,0,0,0,0,0,0,0,0,0,0,0,0,0,0,0,0,0,0,0,0,0,0,0,0,0,0,0,0,0,0,0,0,0,0,0,0,0,0,0,0,0,0,0,0,0,0,0,0,0,0,0,0,0,0,0,0,0,0,0,0,0,0,0,0,0,0,0,0,0,0,0,0,0,0,0,0,0,0,0,0,0,0,0,0,0,0,0,0,0,0,0,0,0,0,0,0,0,0,0,0,0,0,0,0,0,0,0,0,0],[0,0,0,0,0,0,0,0,0,0,0,0,0,0,0,0,0,0,0,0,0,0,0,0,0,0,0,0,0,0,0,0,0,0,0,0,0,0,0,0,0,0,0,0,0,0,0,0,0,0,0,0,0,0,0,0,0,0,0,0,0,0,0,0,0,0,0,0,0,0,0,0,0,0,0,0,0,0,0,0,0,0,0,0,0,0,0,0,0,0,0,0,0,0,0,0,0,0,0,0,0,0,0,0,0,0,0,0,0,0,0,0,0,0,0,0,0,0,0,0,0,0]],"spacings":[{"orient":0,"bin":22,"pvalue":6.34646e-10,"inferred_pwm":[[0,0,0,1],[0,0,1,0],[0,1,0,0],[1,0,0,0],[0,0.5,0,0.5],[0.25,0,0.75,0],[0,0,0,1],[1,0,0,0],[0,0.25,0,0.75],[0,0,0,1],[0,0,1,0],[0,0,0,1],[0,0.75,0,0.25],[0,0,0,1],[0,0,0,1],[0,0,1,0],[1,0,0,0],[0,0,0,1],[1,0,0,0],[1,0,0,0],[1,0,0,0],[0,1,0,0],[1,0,0,0],[0,0,0,1],[0,1,0,0],[0,0,0,1],[0,0,0,1],[1,0,0,0],[1,0,0,0],[0.25,0.75,0,0]],"alignment_pwm":[[[0,0,0,1],[0,0,1,0],[0,0,0,1],[0,0.5,0,0.5],[0,1,0,0],[0.5,0.5,0,0],[0,0,1,0],[0,1,0,0],[0,0,0,1],[0,0,1,0],[0,0,0,1],[0,0,1,0],[0,1,0,0],[1,0,0,0],[0,0.5,0,0.5],[0.25,0,0.75,0],[0,0,0,1],[1,0,0,0],[0,0.25,0,0.75],[0,0,0,1],[0,0,1,0],[0,0,0,1],[0,0.75,0,0.25],[0,0,0,1],[0,0,0,1],[0,0,1,0],[1,0,0,0],[0,0,0,1],[1,0,0,0],[1,0,0,0],[1,0,0,0],[0,1,0,0],[1,0,0,0],[0,0,0,1],[0,1,0,0],[0,0,0,1],[0,0,0,1],[1,0,0,0],[1,0,0,0],[0.25,0.75,0,0],[1,0,0,0],[0,0,1,0],[0.25,0,0.75,0],[1,0,0,0],[0.75,0,0.25,0],[1,0,0,0],[0,1,0,0],[1,0,0,0],[0,0,1,0],[0,0,1,0],[0,0,1,0],[0,0,0,1],[0,0,0,1],[0,0.5,0,0.5],[0,0,1,0],[1,0,0,0],[0,0,1,0],[1,0,0,0],[0,0,1,0],[0,1,0,0],[1,0,0,0],[0,0,1,0],[1,0,0,0],[0,0,1,0],[1,0,0,0],[1,0,0,0],[0,1,0,0],[0,0,0,1],[0,0,1,0],[0,0,1,0],[0,0,0,1],[0,1,0,0],[0,1,0,0],[0,0,1,0],[1,0,0,0],[0,1,0,0],[0,0.5,0,0.5],[1,0,0,0],[0.25,0.25,0.5,0],[1,0,0,0],[1,0,0,0],[0.25,0,0,0.75],[0,0,0,1],[0,0,0,1],[0.75,0,0,0.25],[0.25,0.5,0,0.25],[0,1,0,0],[0.75,0.25,0,0],[0.25,0,0.75,0],[0,0,1,0],[0,0.5,0.25,0.25],[0,0,0.25,0.75],[0,0,0.75,0.25],[0,0.25,0.75,0],[0.75,0,0.25,0],[1,0,0,0],[0.25,0,0,0.75],[0,0,0,1],[0,0,0,1],[0,0.75,0,0.25],[0,1,0,0],[0,1,0,0],[0.75,0.25,0,0],[1,0,0,0],[0.25,0,0,0.75],[0,0.75,0,0.25],[0,1,0,0],[0,0.25,0,0.75],[0.5,0,0,0.5],[0.25,0,0.75,0],[0,0,0.25,0.75],[0.75,0,0,0.25],[1,0,0,0],[0.25,0,0.75,0],[0,0.75,0.25,0],[0,1,0,0],[0,0.25,0,0.75],[0,0,0.75,0.25],[0.75,0,0.25,0],[0.25,0,0.75,0],[0,0,1,0],[0,0,1,0],[0,0,0.25,0.75],[0.75,0,0,0.25],[0.25,0.75,0,0],[0,0.25,0,0.75],[0,0,0.75,0.25],[0,0.75,0.25,0],[0.75,0.25,0,0],[0.25,0,0.75,0],[0,0,1,0],[0.75,0,0.25,0],[0.25,0,0.75,0],[0.5,0,0.5,0],[0.25,0.75,0,0]],null,null,null],"seqs":[7,8,14,33]},{"orient":4,"bin":22,"pvalue":1.0104e-08,"inferred_pwm":[[0,0,0,1],[0,0,1,0],[0,1,0,0],[1,0,0,0],[0,0.5,0,0.5],[0.25,0,0.75,0],[0,0,0,1],[1,0,0,0],[0,0.25,0,0.75],[0,0,0,1],[0,0,1,0],[0,0,0,1],[0,0.75,0,0.25],[0,0,0,1],[0,0,0,1],[0,0,1,0],[1,0,0,0],[0,0,0,1],[1,0,0,0],[1,0,0,0],[1,0,0,0],[0,1,0,0],[1,0,0,0],[0,0,0,1],[0,1,0,0],[0,0,0,1],[0,0,0,1],[1,0,0,0],[1,0,0,0],[0.25,0.75,0,0]],"alignment_pwm":[[[0,0,0,1],[0,0,1,0],[0,0,0,1],[0,0.5,0,0.5],[0,1,0,0],[0.5,0.5,0,0],[0,0,1,0],[0,1,0,0],[0,0,0,1],[0,0,1,0],[0,0,0,1],[0,0,1,0],[0,1,0,0],[1,0,0,0],[0,0.5,0,0.5],[0.25,0,0.75,0],[0,0,0,1],[1,0,0,0],[0,0.25,0,0.75],[0,0,0,1],[0,0,1,0],[0,0,0,1],[0,0.75,0,0.25],[0,0,0,1],[0,0,0,1],[0,0,1,0],[1,0,0,0],[0,0,0,1],[1,0,0,0],[1,0,0,0],[1,0,0,0],[0,1,0,0],[1,0,0,0],[0,0,0,1],[0,1,0,0],[0,0,0,1],[0,0,0,1],[1,0,0,0],[1,0,0,0],[0.25,0.75,0,0],[1,0,0,0],[0,0,1,0],[0.25,0,0.75,0],[1,0,0,0],[0.75,0,0.25,0],[1,0,0,0],[0,1,0,0],[1,0,0,0],[0,0,1,0],[0,0,1,0],[0,0,1,0],[0,0,0,1],[0,0,0,1],[0,0.5,0,0.5],[0,0,1,0],[1,0,0,0],[0,0,1,0],[1,0,0,0],[0,0,1,0],[0,1,0,0],[1,0,0,0],[0,0,1,0],[1,0,0,0],[0,0,1,0],[1,0,0,0],[1,0,0,0],[0,1,0,0],[0,0,0,1],[0,0,1,0],[0,0,1,0],[0,0,0,1],[0,1,0,0],[0,1,0,0],[0,0,1,0],[1,0,0,0],[0,1,0,0],[0,0.5,0,0.5],[1,0,0,0],[0.25,0.25,0.5,0],[1,0,0,0],[1,0,0,0],[0.25,0,0,0.75],[0,0,0,1],[0,0,0,1],[0.75,0,0,0.25],[0.25,0.5,0,0.25],[0,1,0,0],[0.75,0.25,0,0],[0.25,0,0.75,0],[0,0,1,0],[0,0.5,0.25,0.25],[0,0,0.25,0.75],[0,0,0.75,0.25],[0,0.25,0.75,0],[0.75,0,0.25,0],[1,0,0,0],[0.25,0,0,0.75],[0,0,0,1],[0,0,0,1],[0,0.75,0,0.25],[0,1,0,0],[0,1,0,0],[0.75,0.25,0,0],[1,0,0,0],[0.25,0,0,0.75],[0,0.75,0,0.25],[0,1,0,0],[0,0.25,0,0.75],[0.5,0,0,0.5],[0.25,0,0.75,0],[0,0,0.25,0.75],[0.75,0,0,0.25],[1,0,0,0],[0.25,0,0.75,0],[0,0.75,0.25,0],[0,1,0,0],[0,0.25,0,0.75],[0,0,0.75,0.25],[0.75,0,0.25,0],[0.25,0,0.75,0],[0,0,1,0],[0,0,1,0],[0,0,0.25,0.75],[0.75,0,0,0.25],[0.25,0.75,0,0],[0,0.25,0,0.75],[0,0,0.75,0.25],[0,0.75,0.25,0],[0.75,0.25,0,0],[0.25,0,0.75,0],[0,0,1,0],[0.75,0,0.25,0],[0.25,0,0.75,0],[0.5,0,0.5,0],[0.25,0.75,0,0]],null,null,null],"seqs":[7,8,14,33]},{"orient":5,"bin":22,"pvalue":1.0104e-08,"inferred_pwm":[[0,0,0,1],[0,0,1,0],[0,1,0,0],[1,0,0,0],[0,0.5,0,0.5],[0.25,0,0.75,0],[0,0,0,1],[1,0,0,0],[0,0.25,0,0.75],[0,0,0,1],[0,0,1,0],[0,0,0,1],[0,0.75,0,0.25],[0,0,0,1],[0,0,0,1],[0,0,1,0],[1,0,0,0],[0,0,0,1],[1,0,0,0],[1,0,0,0],[1,0,0,0],[0,1,0,0],[1,0,0,0],[0,0,0,1],[0,1,0,0],[0,0,0,1],[0,0,0,1],[1,0,0,0],[1,0,0,0],[0.25,0.75,0,0]],"alignment_pwm":[[[0,0,0,1],[0,0,1,0],[0,0,0,1],[0,0.5,0,0.5],[0,1,0,0],[0.5,0.5,0,0],[0,0,1,0],[0,1,0,0],[0,0,0,1],[0,0,1,0],[0,0,0,1],[0,0,1,0],[0,1,0,0],[1,0,0,0],[0,0.5,0,0.5],[0.25,0,0.75,0],[0,0,0,1],[1,0,0,0],[0,0.25,0,0.75],[0,0,0,1],[0,0,1,0],[0,0,0,1],[0,0.75,0,0.25],[0,0,0,1],[0,0,0,1],[0,0,1,0],[1,0,0,0],[0,0,0,1],[1,0,0,0],[1,0,0,0],[1,0,0,0],[0,1,0,0],[1,0,0,0],[0,0,0,1],[0,1,0,0],[0,0,0,1],[0,0,0,1],[1,0,0,0],[1,0,0,0],[0.25,0.75,0,0],[1,0,0,0],[0,0,1,0],[0.25,0,0.75,0],[1,0,0,0],[0.75,0,0.25,0],[1,0,0,0],[0,1,0,0],[1,0,0,0],[0,0,1,0],[0,0,1,0],[0,0,1,0],[0,0,0,1],[0,0,0,1],[0,0.5,0,0.5],[0,0,1,0],[1,0,0,0],[0,0,1,0],[1,0,0,0],[0,0,1,0],[0,1,0,0],[1,0,0,0],[0,0,1,0],[1,0,0,0],[0,0,1,0],[1,0,0,0],[1,0,0,0],[0,1,0,0],[0,0,0,1],[0,0,1,0],[0,0,1,0],[0,0,0,1],[0,1,0,0],[0,1,0,0],[0,0,1,0],[1,0,0,0],[0,1,0,0],[0,0.5,0,0.5],[1,0,0,0],[0.25,0.25,0.5,0],[1,0,0,0],[1,0,0,0],[0.25,0,0,0.75],[0,0,0,1],[0,0,0,1],[0.75,0,0,0.25],[0.25,0.5,0,0.25],[0,1,0,0],[0.75,0.25,0,0],[0.25,0,0.75,0],[0,0,1,0],[0,0.5,0.25,0.25],[0,0,0.25,0.75],[0,0,0.75,0.25],[0,0.25,0.75,0],[0.75,0,0.25,0],[1,0,0,0],[0.25,0,0,0.75],[0,0,0,1],[0,0,0,1],[0,0.75,0,0.25],[0,1,0,0],[0,1,0,0],[0.75,0.25,0,0],[1,0,0,0],[0.25,0,0,0.75],[0,0.75,0,0.25],[0,1,0,0],[0,0.25,0,0.75],[0.5,0,0,0.5],[0.25,0,0.75,0],[0,0,0.25,0.75],[0.75,0,0,0.25],[1,0,0,0],[0.25,0,0.75,0],[0,0.75,0.25,0],[0,1,0,0],[0,0.25,0,0.75],[0,0,0.75,0.25],[0.75,0,0.25,0],[0.25,0,0.75,0],[0,0,1,0],[0,0,1,0],[0,0,0.25,0.75],[0.75,0,0,0.25],[0.25,0.75,0,0],[0,0.25,0,0.75],[0,0,0.75,0.25],[0,0.75,0.25,0],[0.75,0.25,0,0],[0.25,0,0.75,0],[0,0,1,0],[0.75,0,0.25,0],[0.25,0,0.75,0],[0.5,0,0.5,0],[0.25,0.75,0,0]],null,null,null],"seqs":[7,8,14,33]},{"orient":8,"bin":22,"pvalue":1.60061e-07,"inferred_pwm":[[0,0,0,1],[0,0,1,0],[0,1,0,0],[1,0,0,0],[0,0.5,0,0.5],[0.25,0,0.75,0],[0,0,0,1],[1,0,0,0],[0,0.25,0,0.75],[0,0,0,1],[0,0,1,0],[0,0,0,1],[0,0.75,0,0.25],[0,0,0,1],[0,0,0,1],[0,0,1,0],[1,0,0,0],[0,0,0,1],[1,0,0,0],[1,0,0,0],[1,0,0,0],[0,1,0,0],[1,0,0,0],[0,0,0,1],[0,1,0,0],[0,0,0,1],[0,0,0,1],[1,0,0,0],[1,0,0,0],[0.25,0.75,0,0]],"alignment_pwm":[[[0,0,0,1],[0,0,1,0],[0,0,0,1],[0,0.5,0,0.5],[0,1,0,0],[0.5,0.5,0,0],[0,0,1,0],[0,1,0,0],[0,0,0,1],[0,0,1,0],[0,0,0,1],[0,0,1,0],[0,1,0,0],[1,0,0,0],[0,0.5,0,0.5],[0.25,0,0.75,0],[0,0,0,1],[1,0,0,0],[0,0.25,0,0.75],[0,0,0,1],[0,0,1,0],[0,0,0,1],[0,0.75,0,0.25],[0,0,0,1],[0,0,0,1],[0,0,1,0],[1,0,0,0],[0,0,0,1],[1,0,0,0],[1,0,0,0],[1,0,0,0],[0,1,0,0],[1,0,0,0],[0,0,0,1],[0,1,0,0],[0,0,0,1],[0,0,0,1],[1,0,0,0],[1,0,0,0],[0.25,0.75,0,0],[1,0,0,0],[0,0,1,0],[0.25,0,0.75,0],[1,0,0,0],[0.75,0,0.25,0],[1,0,0,0],[0,1,0,0],[1,0,0,0],[0,0,1,0],[0,0,1,0],[0,0,1,0],[0,0,0,1],[0,0,0,1],[0,0.5,0,0.5],[0,0,1,0],[1,0,0,0],[0,0,1,0],[1,0,0,0],[0,0,1,0],[0,1,0,0],[1,0,0,0],[0,0,1,0],[1,0,0,0],[0,0,1,0],[1,0,0,0],[1,0,0,0],[0,1,0,0],[0,0,0,1],[0,0,1,0],[0,0,1,0],[0,0,0,1],[0,1,0,0],[0,1,0,0],[0,0,1,0],[1,0,0,0],[0,1,0,0],[0,0.5,0,0.5],[1,0,0,0],[0.25,0.25,0.5,0],[1,0,0,0],[1,0,0,0],[0.25,0,0,0.75],[0,0,0,1],[0,0,0,1],[0.75,0,0,0.25],[0.25,0.5,0,0.25],[0,1,0,0],[0.75,0.25,0,0],[0.25,0,0.75,0],[0,0,1,0],[0,0.5,0.25,0.25],[0,0,0.25,0.75],[0,0,0.75,0.25],[0,0.25,0.75,0],[0.75,0,0.25,0],[1,0,0,0],[0.25,0,0,0.75],[0,0,0,1],[0,0,0,1],[0,0.75,0,0.25],[0,1,0,0],[0,1,0,0],[0.75,0.25,0,0],[1,0,0,0],[0.25,0,0,0.75],[0,0.75,0,0.25],[0,1,0,0],[0,0.25,0,0.75],[0.5,0,0,0.5],[0.25,0,0.75,0],[0,0,0.25,0.75],[0.75,0,0,0.25],[1,0,0,0],[0.25,0,0.75,0],[0,0.75,0.25,0],[0,1,0,0],[0,0.25,0,0.75],[0,0,0.75,0.25],[0.75,0,0.25,0],[0.25,0,0.75,0],[0,0,1,0],[0,0,1,0],[0,0,0.25,0.75],[0.75,0,0,0.25],[0.25,0.75,0,0],[0,0.25,0,0.75],[0,0,0.75,0.25],[0,0.75,0.25,0],[0.75,0.25,0,0],[0.25,0,0.75,0],[0,0,1,0],[0.75,0,0.25,0],[0.25,0,0.75,0],[0.5,0,0.5,0],[0.25,0.75,0,0]],null,null,null],"seqs":[7,8,14,33]}]},{"idx":24,"counts":[[0,0,0,0,0,0,0,0,0,1,0,0,0,0,0,0,0,0,0,0,0,0,0,0,0,4,0,0,0,1,0,0,0,0,0,1,0,0,0,0,0,0,0,0,0,0,0,0,0,0,0,0,0,0,0,0,0,0,0,0,0,0,1,0,0,0,0,0,0,0,0,0,0,0,0,0,0,0,0,0,0,0,0,0,0,0,0,0,0,0,0,0,0,0,1,0,0,0,0,0,0,0,0,0,0,0,0,0,0,0,0,0,0,0,0,0,0,0,0,0,0,0,0,0,0,0,0,0,0,0,0,0],[0,0,0,0,0,0,0,0,0,0,0,0,0,0,0,1,0,0,0,0,0,0,0,0,0,0,0,0,0,0,0,0,0,0,0,0,0,0,0,0,0,0,0,0,0,0,0,0,0,0,0,0,0,0,0,0,0,0,0,0,1,0,0,0,0,0,0,0,0,0,0,0,0,0,0,1,0,0,0,1,0,0,0,0,0,0,0,0,0,0,0,0,0,0,0,0,0,0,0,0,0,0,0,0,0,0,0,0,0,0,1,0,0,0,0,0,0,0,0,2,0,0,0,0,1,0,0,0,0,0,0,0],[0,0,0,0,0,0,0,0,1,0,0,0,0,0,0,0,0,0,0,0,0,0,0,0,0,0,0,0,0,0,0,0,0,0,0,0,0,0,0,0,0,0,1,0,0,0,0,0,0,0,1,0,1,0,0,0,0,0,0,0,0,0,0,0,0,0,0,1,0,0,0,0,0,0,0,0,0,0,0,0,0,0,0,0,0,0,0,0,0,0,0,0,0,0,0,0,0,0,0,0,0,0,0,0,0,0,0,0,0,0,0,0,0,0,0,0,0,0,0,0,0,0,0,0,0,0,0,0,0,0,0,0],[0,0,0,0,0,0,0,0,0,0,0,0,0,0,0,0,0,0,0,0,0,0,0,0,0,0,0,0,0,0,0,0,0,0,0,0,1,0,0,0,0,0,0,0,0,0,0,0,0,0,0,0,0,0,0,0,0,0,0,0,0,0,0,0,0,0,1,0,0,0,0,0,0,0,0,0,0,0,0,0,0,0,0,1,0,0,0,0,0,0,0,0,0,0,0,0,0,0,1,0,0,0,0,0,0,0,0,0,0,0,0,0,0,0,0,0,0,0,0,0,0,0,0,0,0,0,0,0,0,0,0,0]],"spacings":[{"orient":0,"bin":25,"pvalue":1.91747e-07,"inferred_pwm":[[1,0,0,0],[0,0.25,0,0.75],[0,0,0,1],[0,0,1,0],[0,0,0,1],[0,0.75,0,0.25],[0,0,0,1],[0,0,0,1],[0,0,1,0],[1,0,0,0],[0,0,0,1],[1,0,0,0],[1,0,0,0],[1,0,0,0],[0,1,0,0],[1,0,0,0],[0,0,0,1],[0,1,0,0],[0,0,0,1],[0,0,0,1]],"alignment_pwm":[[[0,1,0,0],[0,0,0,1],[0,0,1,0],[0,0,0,1],[0,0,1,0],[0,1,0,0],[1,0,0,0],[0,0.5,0,0.5],[0.25,0,0.75,0],[0,0,0,1],[1,0,0,0],[0,0.25,0,0.75],[0,0,0,1],[0,0,1,0],[0,0,0,1],[0,0.75,0,0.25],[0,0,0,1],[0,0,0,1],[0,0,1,0],[1,0,0,0],[0,0,0,1],[1,0,0,0],[1,0,0,0],[1,0,0,0],[0,1,0,0],[1,0,0,0],[0,0,0,1],[0,1,0,0],[0,0,0,1],[0,0,0,1],[1,0,0,0],[1,0,0,0],[0.25,0.75,0,0],[1,0,0,0],[0,0,1,0],[0.25,0,0.75,0],[1,0,0,0],[0.75,0,0.25,0],[1,0,0,0],[0,1,0,0],[1,0,0,0],[0,0,1,0],[0,0,1,0],[0,0,1,0],[0,0,0,1],[0,0,0,1],[0,0.5,0,0.5],[0,0,1,0],[1,0,0,0],[0,0,1,0],[1,0,0,0],[0,0,1,0],[0,1,0,0],[1,0,0,0],[0,0,1,0],[1,0,0,0],[0,0,1,0],[1,0,0,0],[1,0,0,0],[0,1,0,0],[0,0,0,1],[0,0,1,0],[0,0,1,0],[0,0,0,1],[0,1,0,0],[0,1,0,0],[0,0,1,0],[1,0,0,0],[0,1,0,0],[0,0.5,0,0.5],[1,0,0,0],[0.25,0.25,0.5,0],[1,0,0,0],[1,0,0,0],[0.25,0,0,0.75],[0,0,0,1],[0,0,0,1],[0.75,0,0,0.25],[0.25,0.5,0,0.25],[0,1,0,0],[0.75,0.25,0,0],[0.25,0,0.75,0],[0,0,1,0],[0,0.5,0.25,0.25],[0,0,0.25,0.75],[0,0,0.75,0.25],[0,0.25,0.75,0],[0.75,0,0.25,0],[1,0,0,0],[0.25,0,0,0.75],[0,0,0,1],[0,0,0,1],[0,0.75,0,0.25],[0,1,0,0],[0,1,0,0],[0.75,0.25,0,0],[1,0,0,0],[0.25,0,0,0.75],[0,0.75,0,0.25],[0,1,0,0],[0,0.25,0,0.75],[0.5,0,0,0.5],[0.25,0,0.75,0],[0,0,0.25,0.75],[0.75,0,0,0.25],[1,0,0,0],[0.25,0,0.75,0],[0,0.75,0.25,0],[0,1,0,0],[0,0.25,0,0.75],[0,0,0.75,0.25],[0.75,0,0.25,0],[0.25,0,0.75,0],[0,0,1,0],[0,0,1,0],[0,0,0.25,0.75],[0.75,0,0,0.25],[0.25,0.75,0,0],[0,0.25,0,0.75],[0,0,0.75,0.25],[0,0.75,0.25,0]],null,null,null],"seqs":[7,8,14,33]},{"orient":4,"bin":25,"pvalue":2.96659e-06,"inferred_pwm":[[1,0,0,0],[0,0.25,0,0.75],[0,0,0,1],[0,0,1,0],[0,0,0,1],[0,0.75,0,0.25],[0,0,0,1],[0,0,0,1],[0,0,1,0],[1,0,0,0],[0,0,0,1],[1,0,0,0],[1,0,0,0],[1,0,0,0],[0,1,0,0],[1,0,0,0],[0,0,0,1],[0,1,0,0],[0,0,0,1],[0,0,0,1]],"alignment_pwm":[[[0,1,0,0],[0,0,0,1],[0,0,1,0],[0,0,0,1],[0,0,1,0],[0,1,0,0],[1,0,0,0],[0,0.5,0,0.5],[0.25,0,0.75,0],[0,0,0,1],[1,0,0,0],[0,0.25,0,0.75],[0,0,0,1],[0,0,1,0],[0,0,0,1],[0,0.75,0,0.25],[0,0,0,1],[0,0,0,1],[0,0,1,0],[1,0,0,0],[0,0,0,1],[1,0,0,0],[1,0,0,0],[1,0,0,0],[0,1,0,0],[1,0,0,0],[0,0,0,1],[0,1,0,0],[0,0,0,1],[0,0,0,1],[1,0,0,0],[1,0,0,0],[0.25,0.75,0,0],[1,0,0,0],[0,0,1,0],[0.25,0,0.75,0],[1,0,0,0],[0.75,0,0.25,0],[1,0,0,0],[0,1,0,0],[1,0,0,0],[0,0,1,0],[0,0,1,0],[0,0,1,0],[0,0,0,1],[0,0,0,1],[0,0.5,0,0.5],[0,0,1,0],[1,0,0,0],[0,0,1,0],[1,0,0,0],[0,0,1,0],[0,1,0,0],[1,0,0,0],[0,0,1,0],[1,0,0,0],[0,0,1,0],[1,0,0,0],[1,0,0,0],[0,1,0,0],[0,0,0,1],[0,0,1,0],[0,0,1,0],[0,0,0,1],[0,1,0,0],[0,1,0,0],[0,0,1,0],[1,0,0,0],[0,1,0,0],[0,0.5,0,0.5],[1,0,0,0],[0.25,0.25,0.5,0],[1,0,0,0],[1,0,0,0],[0.25,0,0,0.75],[0,0,0,1],[0,0,0,1],[0.75,0,0,0.25],[0.25,0.5,0,0.25],[0,1,0,0],[0.75,0.25,0,0],[0.25,0,0.75,0],[0,0,1,0],[0,0.5,0.25,0.25],[0,0,0.25,0.75],[0,0,0.75,0.25],[0,0.25,0.75,0],[0.75,0,0.25,0],[1,0,0,0],[0.25,0,0,0.75],[0,0,0,1],[0,0,0,1],[0,0.75,0,0.25],[0,1,0,0],[0,1,0,0],[0.75,0.25,0,0],[1,0,0,0],[0.25,0,0,0.75],[0,0.75,0,0.25],[0,1,0,0],[0,0.25,0,0.75],[0.5,0,0,0.5],[0.25,0,0.75,0],[0,0,0.25,0.75],[0.75,0,0,0.25],[1,0,0,0],[0.25,0,0.75,0],[0,0.75,0.25,0],[0,1,0,0],[0,0.25,0,0.75],[0,0,0.75,0.25],[0.75,0,0.25,0],[0.25,0,0.75,0],[0,0,1,0],[0,0,1,0],[0,0,0.25,0.75],[0.75,0,0,0.25],[0.25,0.75,0,0],[0,0.25,0,0.75],[0,0,0.75,0.25],[0,0.75,0.25,0]],null,null,null],"seqs":[7,8,14,33]},{"orient":5,"bin":25,"pvalue":2.96659e-06,"inferred_pwm":[[1,0,0,0],[0,0.25,0,0.75],[0,0,0,1],[0,0,1,0],[0,0,0,1],[0,0.75,0,0.25],[0,0,0,1],[0,0,0,1],[0,0,1,0],[1,0,0,0],[0,0,0,1],[1,0,0,0],[1,0,0,0],[1,0,0,0],[0,1,0,0],[1,0,0,0],[0,0,0,1],[0,1,0,0],[0,0,0,1],[0,0,0,1]],"alignment_pwm":[[[0,1,0,0],[0,0,0,1],[0,0,1,0],[0,0,0,1],[0,0,1,0],[0,1,0,0],[1,0,0,0],[0,0.5,0,0.5],[0.25,0,0.75,0],[0,0,0,1],[1,0,0,0],[0,0.25,0,0.75],[0,0,0,1],[0,0,1,0],[0,0,0,1],[0,0.75,0,0.25],[0,0,0,1],[0,0,0,1],[0,0,1,0],[1,0,0,0],[0,0,0,1],[1,0,0,0],[1,0,0,0],[1,0,0,0],[0,1,0,0],[1,0,0,0],[0,0,0,1],[0,1,0,0],[0,0,0,1],[0,0,0,1],[1,0,0,0],[1,0,0,0],[0.25,0.75,0,0],[1,0,0,0],[0,0,1,0],[0.25,0,0.75,0],[1,0,0,0],[0.75,0,0.25,0],[1,0,0,0],[0,1,0,0],[1,0,0,0],[0,0,1,0],[0,0,1,0],[0,0,1,0],[0,0,0,1],[0,0,0,1],[0,0.5,0,0.5],[0,0,1,0],[1,0,0,0],[0,0,1,0],[1,0,0,0],[0,0,1,0],[0,1,0,0],[1,0,0,0],[0,0,1,0],[1,0,0,0],[0,0,1,0],[1,0,0,0],[1,0,0,0],[0,1,0,0],[0,0,0,1],[0,0,1,0],[0,0,1,0],[0,0,0,1],[0,1,0,0],[0,1,0,0],[0,0,1,0],[1,0,0,0],[0,1,0,0],[0,0.5,0,0.5],[1,0,0,0],[0.25,0.25,0.5,0],[1,0,0,0],[1,0,0,0],[0.25,0,0,0.75],[0,0,0,1],[0,0,0,1],[0.75,0,0,0.25],[0.25,0.5,0,0.25],[0,1,0,0],[0.75,0.25,0,0],[0.25,0,0.75,0],[0,0,1,0],[0,0.5,0.25,0.25],[0,0,0.25,0.75],[0,0,0.75,0.25],[0,0.25,0.75,0],[0.75,0,0.25,0],[1,0,0,0],[0.25,0,0,0.75],[0,0,0,1],[0,0,0,1],[0,0.75,0,0.25],[0,1,0,0],[0,1,0,0],[0.75,0.25,0,0],[1,0,0,0],[0.25,0,0,0.75],[0,0.75,0,0.25],[0,1,0,0],[0,0.25,0,0.75],[0.5,0,0,0.5],[0.25,0,0.75,0],[0,0,0.25,0.75],[0.75,0,0,0.25],[1,0,0,0],[0.25,0,0.75,0],[0,0.75,0.25,0],[0,1,0,0],[0,0.25,0,0.75],[0,0,0.75,0.25],[0.75,0,0.25,0],[0.25,0,0.75,0],[0,0,1,0],[0,0,1,0],[0,0,0.25,0.75],[0.75,0,0,0.25],[0.25,0.75,0,0],[0,0.25,0,0.75],[0,0,0.75,0.25],[0,0.75,0.25,0]],null,null,null],"seqs":[7,8,14,33]}]},{"idx":14,"counts":[[0,0,0,0,0,0,0,0,0,0,0,1,1,0,0,0,0,0,0,0,0,0,0,1,0,0,0,0,4,0,0,0,1,0,0,0,0,0,1,0,0,1,0,0,1,0,0,0,0,0,0,0,0,0,0,0,0,0,0,0,0,0,0,0,0,0,0,0,0,0,0,0,0,1,0,0,0,0,0,1,0,0,0,0,0,0,0,0,0,0,0,0,0,0,0,0,0,0,0,0,0,0,0,0,0,0,0,0,0,0,0,0,0,0,0,0,0,0,0,0,0,0,0,0,0,0,0,0,0,0,0,0,0,0,0,0,0,0,0,0,0,0,0,0],[0,0,0,0,0,0,0,0,0,0,0,0,0,0,0,0,0,0,0,0,0,0,0,0,0,0,0,0,0,0,0,0,0,0,0,0,0,0,0,1,0,0,0,0,0,0,0,0,0,0,0,0,0,0,0,0,0,0,0,0,0,0,0,0,1,0,0,0,0,0,0,0,0,0,0,0,0,1,0,0,0,0,0,0,0,0,0,0,0,0,0,0,0,0,0,0,0,0,0,0,0,0,0,0,0,0,0,0,0,0,0,0,0,0,0,0,0,0,0,0,0,0,0,0,0,0,0,0,0,0,0,0,0,0,