<!DOCTYPE HTML>
<html>
  <head>
    <meta charset="UTF-8">
    <title>SpaMo - Spaced Motif Analysis</title>
    <script type="text/javascript">
      //@JSON_VAR data
      var data = {"program":"SpaMo","version":"4.12.0","revision":"aacc9c3eb8c7b460b344d5c8aa1458097dae704d","release":"Tue Jun 27 16:22:50 2017 -0700","host":"Sudins-iMac.local","when":"Thu May 24 13:01:36 2018","cmd":["spamo","-verbosity","1","-oc","results/AHRpeaks_noAHREs.bed-399.fa/hocomoco/spamo_out_6","-bgfile","results/AHRpeaks_noAHREs.bed-399.fa/hocomoco/background","-primary","AAAAYTCTAGAAGATARCATYRGAAAAMCC","results/AHRpeaks_noAHREs.bed-399.fa/hocomoco/AHRpeaks_noAHREs.bed-399.fa","results/AHRpeaks_noAHREs.bed-399.fa/hocomoco/meme_out/meme.xml","results/AHRpeaks_noAHREs.bed-399.fa/hocomoco/meme_out/meme.xml","results/AHRpeaks_noAHREs.bed-399.fa/hocomoco/dreme_out/dreme.xml","/Users/filipov4/meme/db/motif_databases/HUMAN/HOCOMOCOv11_full_HUMAN_mono_meme_format.meme"],"options":{"seq_min_hit_score":7,"margin":150,"bin_size":1,"bin_pvalue_calc_range":150,"use_best_secondary":0,"seq_max_shared_fract":0.5,"seq_odds_ratio":20,"bin_pvalue_cutoff":0.05,"motif_evalue_cutoff":10,"redundant_overlap":2,"redundant_joint":0.5,"motif_pseudocount":0.1,"bgfile":"results/AHRpeaks_noAHREs.bed-399.fa/hocomoco/background","motif_trim":0.25,"xalph":0,"seed":1,"bin_max":4},"alphabet":{"name":"DNA","like":"dna","ncore":4,"symbols":[{"symbol":"A","name":"Adenine","colour":"CC0000","complement":"T"},{"symbol":"C","name":"Cytosine","colour":"0000CC","complement":"G"},{"symbol":"G","name":"Guanine","colour":"FFB300","complement":"C"},{"symbol":"T","aliases":"U","name":"Thymine","colour":"008000","complement":"A"},{"symbol":"N","aliases":"X.","name":"Any base","equals":"ACGT"},{"symbol":"V","name":"Not T","equals":"ACG"},{"symbol":"H","name":"Not G","equals":"ACT"},{"symbol":"D","name":"Not C","equals":"AGT"},{"symbol":"B","name":"Not A","equals":"CGT"},{"symbol":"M","name":"Amino","equals":"AC"},{"symbol":"R","name":"Purine","equals":"AG"},{"symbol":"W","name":"Weak","equals":"AT"},{"symbol":"S","name":"Strong","equals":"CG"},{"symbol":"Y","name":"Pyrimidine","equals":"CT"},{"symbol":"K","name":"Keto","equals":"GT"}]},"background":[0.2906,0.2094,0.2094,0.2906],"sequence_dbs":[{"source":"results/AHRpeaks_noAHREs.bed-399.fa/hocomoco/AHRpeaks_noAHREs.bed-399.fa","name":"AHRpeaks_noAHREs.bed-399","last_modified":"Thu May 24 11:14:35 2018","loaded":1181,"excluded_too_short":0,"excluded_no_match":1173,"excluded_ambigs":0,"excluded_similar":3,"erased_primary_matches":0}],"primary_dbs":[{"source":"results/AHRpeaks_noAHREs.bed-399.fa/hocomoco/meme_out/meme.xml","name":"meme.xml","last_modified":"Thu May 24 12:59:52 2018","loaded":6,"excluded":5}],"secondary_dbs":[{"source":"results/AHRpeaks_noAHREs.bed-399.fa/hocomoco/meme_out/meme.xml","name":"meme.xml","last_modified":"Thu May 24 12:59:52 2018","loaded":7,"excluded":1},{"source":"results/AHRpeaks_noAHREs.bed-399.fa/hocomoco/dreme_out/dreme.xml","name":"dreme.xml","last_modified":"Thu May 24 13:00:37 2018","loaded":7,"excluded":0},{"source":"/Users/filipov4/meme/db/motif_databases/HUMAN/HOCOMOCOv11_full_HUMAN_mono_meme_format.meme","name":"HOCOMOCOv11_full_HUMAN_mono_meme_format","last_modified":"Wed Dec  6 21:59:30 2017","loaded":771,"excluded":0}],"secondary_motifs":[{"db":0,"id":"CAWGACCAAGARYYCAAARGCA","alt":"MEME-5","len":22,"ltrim":0,"rtrim":0,"nsites":12,"evalue":"3.3e-013","pwm":[[0.00240165,0.993466,0.00173058,0.00240165],[0.746203,0.249664,0.00173058,0.00240165],[0.33298,0.00173058,0.00173058,0.663559],[0.0850459,0.0843749,0.828177,0.00240165],[0.911493,0.0843749,0.00173058,0.00240165],[0.00240165,0.745532,0.16702,0.0850459],[0.0850459,0.910822,0.00173058,0.00240165],[0.911493,0.0843749,0.00173058,0.00240165],[0.828848,0.0843749,0.0843749,0.00240165],[0.167691,0.00173058,0.745532,0.0850459],[0.828848,0.00173058,0.00173058,0.167691],[0.415625,0.0843749,0.497598,0.00240165],[0.00240165,0.497598,0.00173058,0.498269],[0.00240165,0.580243,0.0843749,0.33298],[0.00240165,0.993466,0.00173058,0.00240165],[0.828848,0.00173058,0.00173058,0.167691],[0.828848,0.00173058,0.16702,0.00240165],[0.911493,0.00173058,0.0843749,0.00240165],[0.580914,0.00173058,0.414954,0.00240165],[0.00240165,0.0843749,0.828177,0.0850459],[0.00240165,0.910822,0.0843749,0.00240165],[0.828848,0.00173058,0.00173058,0.167691]]},{"db":0,"id":"TWTTGYCKTGMWAAASMTCTTW","alt":"MEME-2","len":22,"ltrim":0,"rtrim":0,"nsites":14,"evalue":"6.7e-018","pwm":[[0.00206099,0.0724075,0.00148511,0.924046],[0.356671,0.00148511,0.00148511,0.640359],[0.00206099,0.00148511,0.00148511,0.994969],[0.143905,0.00148511,0.00148511,0.853125],[0.00206099,0.00148511,0.994393,0.00206099],[0.00206099,0.497939,0.00148511,0.498515],[0.00206099,0.710705,0.00148511,0.285749],[0.0729834,0.00148511,0.427017,0.498515],[0.0729834,0.00148511,0.00148511,0.924046],[0.00206099,0.00148511,0.994393,0.00206099],[0.427592,0.568861,0.00148511,0.00206099],[0.640359,0.00148511,0.00148511,0.356671],[0.711281,0.00148511,0.285173,0.00206099],[0.924046,0.0724075,0.00148511,0.00206099],[0.853125,0.0724075,0.0724075,0.00206099],[0.0729834,0.497939,0.427017,0.00206099],[0.356671,0.427017,0.0724075,0.143905],[0.00206099,0.0724075,0.00148511,0.924046],[0.00206099,0.710705,0.00148511,0.285749],[0.00206099,0.00148511,0.00148511,0.994969],[0.00206099,0.00148511,0.00148511,0.994969],[0.498515,0.00148511,0.00148511,0.498515]]},{"db":1,"id":"SAGATR","alt":"DREME-3","len":6,"ltrim":0,"rtrim":0,"nsites":388,"evalue":"1.9e-008","pwm":[[7.48776e-05,0.487041,0.512809,7.48776e-05],[0.999817,5.39552e-05,5.39552e-05,7.48776e-05],[7.48776e-05,5.39552e-05,0.999796,7.48776e-05],[0.999817,5.39552e-05,5.39552e-05,7.48776e-05],[7.48776e-05,5.39552e-05,5.39552e-05,0.999817],[0.476756,5.39552e-05,0.523115,7.48776e-05]]},{"db":2,"id":"ALX4_HUMAN.H11MO.0.D","len":12,"ltrim":1,"rtrim":0,"nsites":23223,"evalue":"1.0e+000","url":"http://hocomoco.autosome.ru/motif/ALX4_HUMAN.H11MO.0.D","pwm":[[0.166685,0.314129,0.138493,0.380693],[0.00484365,0.00162974,0.00101777,0.992509],[0.995913,0.00017204,0.000838092,0.00307711],[0.999929,1.4422e-05,4.14626e-05,1.47716e-05],[1.25134e-06,0.000342466,5.49829e-05,0.999601],[0.000334277,0.044124,0.000685455,0.954856],[0.785114,9.01689e-07,0.214884,1.25134e-06],[0.591414,0.0179943,0.389556,0.00103591],[0.952457,0.00913776,0.0295192,0.0088862],[0.00264197,0.00363074,0.00249788,0.991229],[0.0153976,0.00998491,0.00386806,0.970749],[0.980307,0.00494754,0.00543285,0.00931281]]},{"db":2,"id":"ANDR_HUMAN.H11MO.1.A","len":16,"ltrim":0,"rtrim":1,"nsites":500,"evalue":"1.0e+000","url":"http://hocomoco.autosome.ru/motif/ANDR_HUMAN.H11MO.1.A","pwm":[[0.361986,0.0240371,0.455951,0.158027],[0.108037,0.0260367,0.80788,0.0580465],[0.371984,0.21,0.223997,0.194019],[0.825893,0.0500319,0.0500319,0.0740433],[0.00205771,0.931856,0.0300359,0.0360509],[0.697919,0.0240371,0.0780263,0.200018],[0.126033,0.229996,0.351971,0.292],[5.81083e-05,4.18717e-05,0.383965,0.615935],[0.116035,0.355971,0.399962,0.128033],[0.146029,0.0660287,0.0140391,0.773903],[0.00405731,0.0320355,0.96185,0.00205771],[0.0860409,0.0420335,0.0220375,0.849888],[0.210016,0.170008,0.194003,0.425973],[0.0740433,0.805881,0.00604067,0.114035],[0.0920397,0.411959,0.0140391,0.481962],[0.14203,0.261989,0.196003,0.399978]]},{"db":2,"id":"ANDR_HUMAN.H11MO.2.A","len":12,"ltrim":1,"rtrim":3,"nsites":500,"evalue":"1.0e+000","url":"http://hocomoco.autosome.ru/motif/ANDR_HUMAN.H11MO.2.A","pwm":[[0.14003,0.323977,0.241993,0.293999],[0.248009,0.130016,0.118018,0.503957],[0.138031,0.389964,0.317978,0.154027],[0.0460489,0.0160387,0.00204147,0.935871],[0.00605691,0.0200379,0.969848,0.00405731],[0.0100561,0.0120395,0.00204147,0.975863],[0.0540473,0.120018,0.188004,0.637931],[5.81083e-05,0.983845,0.00604067,0.0100561],[0.0280525,0.405961,0.00404107,0.561946],[0.172024,0.237994,0.114019,0.475963],[0.186021,0.140014,0.269988,0.403977],[0.122034,0.217998,0.241993,0.417975]]},{"db":2,"id":"BARX2_HUMAN.H11MO.0.D","len":10,"ltrim":0,"rtrim":0,"nsites":14,"evalue":"1.0e+000","url":"http://hocomoco.autosome.ru/motif/BARX2_HUMAN.H11MO.0.D","pwm":[[0.142788,0.142212,0.0718487,0.643151],[0.00206099,0.431485,0.142212,0.424242],[0.424242,0.142212,0.290757,0.142788],[0.283515,0.15003,0.00148511,0.564969],[0.00206099,0.00148511,0.00148511,0.994969],[0.924605,0.00148511,0.0718487,0.00206099],[0.994969,0.00148511,0.00148511,0.00206099],[0.00206099,0.00148511,0.00148511,0.994969],[0.00206099,0.0718487,0.431485,0.494606],[0.353879,0.00148511,0.501848,0.142788]]},{"db":2,"id":"BC11A_HUMAN.H11MO.0.A","len":17,"ltrim":1,"rtrim":1,"nsites":500,"evalue":"1.0e+000","url":"http://hocomoco.autosome.ru/motif/BC11A_HUMAN.H11MO.0.A","pwm":[[0.375738,0.184617,0.286186,0.153459],[0.550588,0.0994624,0.224086,0.125864],[0.500172,0.142355,0.230706,0.126767],[0.58999,0.0166082,0.226043,0.167359],[0.187443,0.160788,0.580408,0.0713601],[0.664519,0.0145735,0.269369,0.0515391],[0.104045,0.0144803,0.828542,0.052932],[0.200425,0.0327635,0.758538,0.00827305],[0.880106,0.0431172,0.0485894,0.0281876],[0.867872,0.00583153,0.055536,0.0707605],[0.248407,0.226038,0.502133,0.0234221],[0.150166,0.154984,0.0315504,0.6633],[0.117841,0.0724842,0.760181,0.0494946],[0.658757,0.0644049,0.250655,0.026183],[0.458793,0.143445,0.310158,0.0876042],[0.62271,0.0788369,0.157286,0.141167],[0.358993,0.204692,0.318068,0.118247]]},{"db":2,"id":"BCL6_HUMAN.H11MO.0.A","len":13,"ltrim":2,"rtrim":0,"nsites":500,"evalue":"1.0e+000","url":"http://hocomoco.autosome.ru/motif/BCL6_HUMAN.H11MO.0.A","pwm":[[0.160026,0.255991,0.190004,0.393979],[0.172024,0.126017,0.413959,0.288001],[0.144029,0.637914,0.138014,0.0800421],[0.0940393,0.223997,0.0160387,0.665925],[0.0380505,0.190004,0.112019,0.659926],[0.0160549,0.0420335,0.0260367,0.915875],[0.00605691,0.829876,0.0200379,0.144029],[0.0240533,0.433955,0.0940231,0.447969],[0.969864,0.0140391,0.0160387,5.81083e-05],[0.172024,0.00204147,0.771888,0.0540473],[0.0260529,0.0700279,0.839874,0.0640453],[0.835891,0.0440331,0.0840251,0.0360509],[0.819894,0.0540311,0.0740271,0.0520477]]},{"db":2,"id":"BHE23_HUMAN.H11MO.0.D","len":12,"ltrim":2,"rtrim":2,"nsites":392,"evalue":"1.0e+000","url":"http://hocomoco.autosome.ru/motif/BHE23_HUMAN.H11MO.0.D","pwm":[[0.412596,0.0988802,0.328414,0.16011],[0.238534,0.192606,0.401737,0.167123],[0.118029,0.498013,0.265929,0.118029],[0.577095,0.0338458,0.288883,0.100176],[0.11229,0.0281075,0.239788,0.619814],[0.568807,0.017906,0.290796,0.122492],[0.104639,0.00260377,5.34048e-05,0.892704],[7.41137e-05,5.34048e-05,0.999798,7.41137e-05],[0.012826,0.0561615,0.614693,0.31632],[0.0982634,0.121196,0.144149,0.636391],[0.203466,0.114182,0.402374,0.279977],[0.144808,0.193244,0.381971,0.279977]]},{"db":2,"id":"BPTF_HUMAN.H11MO.0.D","len":12,"ltrim":0,"rtrim":2,"nsites":21,"evalue":"1.0e+000","url":"http://hocomoco.autosome.ru/motif/BPTF_HUMAN.H11MO.0.D","pwm":[[0.096164,0.0957791,0.380139,0.427918],[0.0487706,0.000992418,0.380139,0.570098],[0.096164,0.0483858,0.190566,0.664884],[0.143557,0.237959,0.332746,0.285737],[0.0487706,0.000992418,0.000992418,0.949245],[0.00137725,0.000992418,0.0483858,0.949245],[0.00137725,0.000992418,0.759286,0.238344],[0.0487706,0.143173,0.000992418,0.807064],[0.0487706,0.000992418,0.474926,0.475311],[0.0487706,0.0957791,0.332746,0.522704],[0.143557,0.143173,0.285353,0.427918],[0.190951,0.427533,0.285353,0.096164]]},{"db":2,"id":"BRAC_HUMAN.H11MO.1.B","len":11,"ltrim":1,"rtrim":1,"nsites":500,"evalue":"1.0e+000","url":"http://hocomoco.autosome.ru/motif/BRAC_HUMAN.H11MO.1.B","pwm":[[0.467965,0.0880243,0.21,0.234011],[0.248009,0.0380343,0.581925,0.132032],[0.0340513,0.253991,0.699902,0.0120557],[0.0140553,0.0100399,0.00404107,0.971864],[0.00605691,4.18717e-05,0.979846,0.0140553],[0.208017,0.00604067,0.11002,0.675923],[0.0240533,0.11002,0.76189,0.104037],[0.94187,0.0100399,0.0440331,0.00405731],[0.695919,0.0100399,0.25799,0.0360509],[0.509956,0.10802,0.235995,0.146029],[0.295999,0.114019,0.247992,0.34199]]},{"db":2,"id":"BRCA1_HUMAN.H11MO.0.D","len":9,"ltrim":1,"rtrim":0,"nsites":73,"evalue":"1.0e+000","url":"http://hocomoco.autosome.ru/motif/BRCA1_HUMAN.H11MO.0.D","pwm":[[0.144239,0.197217,0.290359,0.368185],[0.189615,0.000286457,0.275403,0.534696],[0.0283908,0.125297,0.15329,0.693023],[0.0563841,0.344426,0.481496,0.117694],[0.0283908,0.149922,0.450605,0.371082],[0.000397537,0.000286457,0.869563,0.129753],[0.000397537,0.0282797,0.000286457,0.971036],[0.000397537,0.000286457,0.000286457,0.99903],[0.0633824,0.0734112,0.827817,0.0353891]]},{"db":2,"id":"BSH_HUMAN.H11MO.0.D","len":14,"ltrim":0,"rtrim":0,"nsites":8213,"evalue":"1.0e+000","url":"http://hocomoco.autosome.ru/motif/BSH_HUMAN.H11MO.0.D","pwm":[[0.218526,0.0920202,0.0771659,0.612288],[0.659286,0.0634074,0.111988,0.165319],[0.68869,0.0620072,0.0914723,0.157831],[0.11969,0.187264,0.189091,0.503955],[0.148516,0.178224,0.366825,0.306435],[0.398939,0.209728,0.253196,0.138137],[0.0881858,0.22991,0.551226,0.130679],[0.240382,0.158925,0.119476,0.481216],[0.000734078,0.00134187,2.54959e-06,0.997921],[0.997921,2.54959e-06,0.00195066,0.000125295],[0.99853,0.000489576,0.000489576,0.000490565],[0.0529677,0.0775616,0.0651424,0.804328],[0.0935431,0.22857,0.267167,0.410719],[0.32619,0.0849887,0.477167,0.111654]]},{"db":2,"id":"CDX1_HUMAN.H11MO.0.C","len":8,"ltrim":0,"rtrim":1,"nsites":30,"evalue":"1.0e+000","url":"http://hocomoco.autosome.ru/motif/CDX1_HUMAN.H11MO.0.C","pwm":[[0.465367,0.243614,0.048922,0.242097],[0.0331163,0.000695682,0.0971484,0.86904],[0.0331163,0.000695682,0.0328466,0.933341],[0.0652672,0.0542805,0.129299,0.751153],[0.804738,0.000695682,0.16145,0.0331163],[0.247456,0.093576,0.0328466,0.626122],[0.206374,0.000695682,0.791965,0.000965448],[0.200122,0.0998276,0.339173,0.360877]]},{"db":2,"id":"CEBPB_HUMAN.H11MO.0.A","len":12,"ltrim":1,"rtrim":1,"nsites":454,"evalue":"1.0e+000","url":"http://hocomoco.autosome.ru/motif/CEBPB_HUMAN.H11MO.0.A","pwm":[[0.237897,0.0991432,0.352391,0.310568],[0.453709,0.132176,0.387626,0.0264899],[6.39947e-05,0.00224827,0.00224827,0.995439],[6.39947e-05,4.61132e-05,0.29954,0.70035],[0.30176,0.00224827,0.513149,0.182843],[0.167428,0.259901,0.081526,0.491145],[6.39947e-05,4.61132e-05,0.999826,6.39947e-05],[0.0815438,0.898527,4.61132e-05,0.0198834],[0.999844,4.61132e-05,4.61132e-05,6.39947e-05],[0.999844,4.61132e-05,4.61132e-05,6.39947e-05],[6.39947e-05,0.244486,0.147591,0.60786],[0.370027,0.332572,0.182825,0.114576]]},{"db":2,"id":"COT1_HUMAN.H11MO.0.C","len":17,"ltrim":0,"rtrim":2,"nsites":500,"evalue":"1.0e+000","url":"http://hocomoco.autosome.ru/motif/COT1_HUMAN.H11MO.0.C","pwm":[[0.180022,0.146013,0.539934,0.134031],[0.288001,0.0740271,0.549932,0.0880405],[0.248009,0.0780263,0.591923,0.0820417],[0.208017,0.118018,0.589924,0.0840413],[0.0860409,0.150012,0.361969,0.401978],[0.132032,0.475947,0.289984,0.102038],[0.631932,0.112019,0.194003,0.0620457],[0.411976,0.0480323,0.523937,0.0160549],[0.725913,4.18717e-05,0.269988,0.00405731],[0.0180545,4.18717e-05,0.91186,0.0700441],[0.0160549,0.0100399,0.96185,0.0120557],[0.0100561,0.0780263,0.279986,0.631932],[0.0660449,0.863869,0.0420335,0.0280525],[0.959866,0.00404107,0.0160387,0.0200541],[0.204017,0.126017,0.517938,0.152028],[0.226013,0.184005,0.493943,0.0960389],[0.186021,0.168008,0.505941,0.14003]]},{"db":2,"id":"COT1_HUMAN.H11MO.1.C","len":13,"ltrim":1,"rtrim":0,"nsites":478,"evalue":"1.0e+000","url":"http://hocomoco.autosome.ru/motif/COT1_HUMAN.H11MO.1.C","pwm":[[0.0837253,0.194564,0.382809,0.338902],[0.125558,0.502031,0.284503,0.0879085],[0.591987,0.108808,0.167373,0.131832],[0.368185,0.0335096,0.59197,0.00633562],[0.719576,4.37984e-05,0.278228,0.00215239],[0.00842723,0.00213541,0.951728,0.0377098],[0.00633562,4.37984e-05,0.966369,0.0272517],[0.00842723,0.069067,0.217572,0.704934],[0.0335266,0.914079,0.0272348,0.0251601],[0.991485,0.00213541,0.00631864,6.07822e-05],[0.223863,0.154823,0.525039,0.096275],[0.313803,0.146457,0.456015,0.0837253],[0.146474,0.096258,0.635894,0.121374]]},{"db":2,"id":"COT2_HUMAN.H11MO.0.A","len":13,"ltrim":1,"rtrim":1,"nsites":500,"evalue":"1.0e+000","url":"http://hocomoco.autosome.ru/motif/COT2_HUMAN.H11MO.0.A","pwm":[[0.188828,0.470313,0.185439,0.15542],[0.666721,0.149232,0.0850841,0.0989627],[0.531151,0.0743057,0.343915,0.0506285],[0.732766,0.00213344,0.259158,0.00594243],[0.00756573,4.18717e-05,0.981046,0.0113465],[0.0355246,0.00746608,0.903606,0.0534033],[0.00756621,0.0501499,0.0817595,0.860524],[0.00187692,0.925657,0.0217693,0.0506973],[0.988317,4.18717e-05,0.00798176,0.00365917],[0.373569,0.120958,0.377548,0.127925],[0.408915,0.116643,0.383312,0.0911304],[0.212837,0.0575014,0.564794,0.164868],[0.232584,0.127381,0.379905,0.26013]]},{"db":2,"id":"COT2_HUMAN.H11MO.1.A","len":17,"ltrim":1,"rtrim":3,"nsites":500,"evalue":"1.0e+000","url":"http://hocomoco.autosome.ru/motif/COT2_HUMAN.H11MO.1.A","pwm":[[0.315995,0.0860247,0.429956,0.168025],[0.264005,0.0460327,0.563929,0.126033],[0.270004,0.102021,0.50794,0.120034],[0.182022,0.184005,0.511939,0.122034],[0.128033,0.263989,0.200002,0.407977],[0.198019,0.543933,0.124017,0.134031],[0.637931,0.0760267,0.118018,0.168025],[0.497959,0.0240371,0.45795,0.0200541],[0.731912,0.00204147,0.25799,0.00805651],[0.0260529,0.00404107,0.899862,0.0700441],[0.0280525,0.0100399,0.90986,0.0520477],[0.0120557,0.0480323,0.184005,0.755907],[0.0700441,0.831876,0.0480323,0.0500481],[0.957867,0.0140391,0.0160387,0.0120557],[0.226013,0.180006,0.415959,0.178023],[0.301998,0.196003,0.373967,0.128033],[0.260006,0.154011,0.463949,0.122034]]},{"db":2,"id":"CRX_HUMAN.H11MO.0.B","len":13,"ltrim":1,"rtrim":1,"nsites":500,"evalue":"1.0e+000","url":"http://hocomoco.autosome.ru/motif/CRX_HUMAN.H11MO.0.B","pwm":[[0.248009,0.164009,0.152011,0.435971],[0.533951,0.104021,0.261989,0.100038],[0.573943,0.0460327,0.275987,0.104037],[0.172024,0.0920235,0.565929,0.170024],[0.497959,0.164009,0.261989,0.0760429],[0.19202,0.00604067,0.775887,0.0260529],[0.0320517,0.0100399,0.935855,0.0220537],[0.763905,0.217998,0.0160387,0.00205771],[5.81083e-05,4.18717e-05,4.18717e-05,0.999858],[0.0220537,0.0580303,0.0240371,0.895879],[0.879882,0.00404107,0.0340351,0.0820417],[0.270004,0.0660287,0.525937,0.138031],[0.234011,0.323977,0.343973,0.0980385]]},{"db":2,"id":"DDIT3_HUMAN.H11MO.0.D","len":10,"ltrim":0,"rtrim":0,"nsites":500,"evalue":"1.0e+000","url":"http://hocomoco.autosome.ru/motif/DDIT3_HUMAN.H11MO.0.D","pwm":[[0.435971,0.399962,0.146013,0.0180545],[0.0220537,0.0180383,0.0160387,0.943869],[0.0120557,0.0280363,0.929856,0.0300521],[0.899878,0.0280363,0.0320355,0.0400501],[0.0220537,0.0580303,0.0460327,0.873883],[0.0140553,0.00804027,0.951852,0.0260529],[0.335991,0.431955,0.00404107,0.228013],[0.883881,0.112019,0.00404107,5.81083e-05],[0.987861,4.18717e-05,0.00804027,0.00405731],[0.0720437,0.241993,0.164009,0.521954]]},{"db":2,"id":"DLX2_HUMAN.H11MO.0.D","len":8,"ltrim":0,"rtrim":1,"nsites":5,"evalue":"1.0e+000","url":"http://hocomoco.autosome.ru/motif/DLX2_HUMAN.H11MO.0.D","pwm":[[0.832191,0.0554055,0.0554055,0.0569976],[0.00569804,0.00410589,0.00410589,0.98609],[0.98609,0.00410589,0.00410589,0.00569804],[0.780892,0.00410589,0.209304,0.00569804],[0.00569804,0.00410589,0.00410589,0.98609],[0.00569804,0.00410589,0.00410589,0.98609],[0.644093,0.00410589,0.346103,0.00569804],[0.0569976,0.260604,0.260604,0.421795]]},{"db":2,"id":"DLX3_HUMAN.H11MO.0.C","len":10,"ltrim":0,"rtrim":1,"nsites":34,"evalue":"1.0e+000","url":"http://hocomoco.autosome.ru/motif/DLX3_HUMAN.H11MO.0.C","pwm":[[0.173426,0.128433,0.658978,0.0391629],[0.412142,0.40369,0.183316,0.000852199],[0.000852199,0.0229912,0.000614077,0.975543],[0.975543,0.000614077,0.0229912,0.000852199],[0.99792,0.000614077,0.000614077,0.000852199],[0.000852199,0.000614077,0.000614077,0.99792],[0.000852199,0.000614077,0.0453684,0.953165],[0.541588,0.000614077,0.363753,0.0940453],[0.161177,0.515576,0.277641,0.0456065],[0.445636,0.154495,0.102659,0.29721]]},{"db":2,"id":"DLX6_HUMAN.H11MO.0.D","len":15,"ltrim":1,"rtrim":0,"nsites":1138,"evalue":"1.0e+000","url":"http://hocomoco.autosome.ru/motif/DLX6_HUMAN.H11MO.0.D","pwm":[[0.399595,0.128083,0.10348,0.368842],[0.481969,0.0733863,0.0672357,0.377409],[0.438256,0.0674554,0.0955724,0.398716],[0.347315,0.0837105,0.128522,0.440453],[0.293497,0.105457,0.187172,0.413873],[0.326007,0.118637,0.256586,0.298769],[0.310192,0.198595,0.303155,0.188058],[0.216175,0.217047,0.359389,0.207389],[0.227598,0.20826,0.311063,0.253079],[0.00881211,0.228469,0.00265437,0.760064],[0.956883,0.00792632,0.0272568,0.00793345],[0.987636,0.00880497,0.00177571,0.00178285],[0.0033205,0.00507068,0.00594934,0.985659],[0.0195757,0.0160539,0.0345057,0.929865],[0.659458,0.0162736,0.293051,0.0312179]]},{"db":2,"id":"DPRX_HUMAN.H11MO.0.D","len":11,"ltrim":2,"rtrim":1,"nsites":46561,"evalue":"1.0e+000","url":"http://hocomoco.autosome.ru/motif/DPRX_HUMAN.H11MO.0.D","pwm":[[0.32131,0.24659,0.291478,0.140622],[0.152569,0.451166,0.294962,0.101303],[0.0669932,0.0173808,0.902626,0.0129997],[0.006229,0.00515497,0.97996,0.00865592],[0.998592,0.000397777,0.000655503,0.000354997],[0.000113379,0.000156159,4.87733e-05,0.999682],[0.000129487,0.00124612,0.00161124,0.997013],[0.991016,0.00278711,0.0031737,0.00302353],[0.299038,0.014272,0.286065,0.400625],[0.0484799,0.639102,0.193816,0.118603],[0.150496,0.369413,0.262822,0.217269]]},{"db":2,"id":"DRGX_HUMAN.H11MO.0.D","len":11,"ltrim":0,"rtrim":0,"nsites":10531,"evalue":"1.0e+000","url":"http://hocomoco.autosome.ru/motif/DRGX_HUMAN.H11MO.0.D","pwm":[[0.0552439,0.0103285,0.00292191,0.931506],[0.940313,0.00213852,0.0374625,0.0200861],[0.996883,0.00107025,0.00116521,0.00088111],[0.0122759,0.105143,0.0101861,0.872395],[0.0104718,0.314618,0.0915641,0.583346],[2.64987e-05,0.320315,2.57276e-05,0.679633],[0.827362,0.0107321,0.158295,0.00361112],[0.997501,0.000642947,0.00111773,0.000738675],[0.000192673,0.000286859,0.000286859,0.999234],[0.0307925,0.00904663,0.000310598,0.95985],[0.949239,0.00118895,0.0103048,0.0392674]]},{"db":2,"id":"ELK3_HUMAN.H11MO.0.D","len":12,"ltrim":1,"rtrim":0,"nsites":7,"evalue":"1.0e+000","url":"http://hocomoco.autosome.ru/motif/ELK3_HUMAN.H11MO.0.D","pwm":[[0.32033,0.393595,0.226175,0.0598995],[0.357534,0.449402,0.0959602,0.0971039],[0.0971039,0.895854,0.0029493,0.00409296],[0.413341,0.337789,0.0029493,0.245921],[0.00409296,0.0029493,0.988865,0.00409296],[0.00409296,0.0029493,0.988865,0.00409296],[0.990008,0.0029493,0.0029493,0.00409296],[0.710976,0.0959602,0.0029493,0.190115],[0.394739,0.0029493,0.598219,0.00409296],[0.00409296,0.170369,0.0029493,0.822589],[0.00409296,0.449402,0.542412,0.00409296],[0.0273457,0.770289,0.175019,0.0273457]]},{"db":2,"id":"EOMES_HUMAN.H11MO.0.D","len":12,"ltrim":1,"rtrim":0,"nsites":375,"evalue":"1.0e+000","url":"http://hocomoco.autosome.ru/motif/EOMES_HUMAN.H11MO.0.D","pwm":[[0.460717,0.106743,0.287264,0.145276],[0.253932,0.0509316,0.465368,0.229768],[0.220243,0.188865,0.447197,0.143694],[0.834414,0.0081454,0.0691237,0.0883167],[0.265748,5.58252e-05,0.678395,0.0558012],[0.0209321,0.0840149,0.884436,0.0106176],[0.023616,0.00281618,0.0155231,0.958045],[7.74726e-05,0.00543136,0.991822,0.00266909],[0.363888,0.181093,0.0268504,0.428168],[0.0531029,0.168739,0.342989,0.435169],[0.898499,0.00820628,0.0321843,0.0611109],[0.656826,0.0351857,0.262846,0.0451428]]},{"db":2,"id":"ERR2_HUMAN.H11MO.0.A","len":9,"ltrim":0,"rtrim":0,"nsites":3662,"evalue":"1.0e+000","url":"http://hocomoco.autosome.ru/motif/ERR2_HUMAN.H11MO.0.A","pwm":[[0.0588147,0.303121,0.169216,0.468848],[0.0678236,0.71133,0.143209,0.0776371],[0.934265,0.00636171,0.0541146,0.00525854],[0.986219,0.000613682,0.0116676,0.00150021],[0.00553488,0.000447874,0.988925,0.00509273],[0.00243979,0.00155326,0.993788,0.00221872],[0.0388624,0.0402041,0.0884502,0.832483],[0.0018871,0.876692,0.071763,0.0496574],[0.927726,0.0049247,0.0608749,0.00647447]]},{"db":2,"id":"ETS2_HUMAN.H11MO.0.B","len":13,"ltrim":3,"rtrim":0,"nsites":500,"evalue":"1.0e+000","url":"http://hocomoco.autosome.ru/motif/ETS2_HUMAN.H11MO.0.B","pwm":[[0.230012,0.140014,0.435955,0.194019],[0.317995,0.146013,0.345973,0.19002],[0.321994,0.279986,0.297982,0.100038],[0.473963,0.0760267,0.365969,0.0840413],[0.19202,0.00804027,0.751892,0.0480485],[0.00405731,0.0100399,0.967848,0.0180545],[0.981862,0.0160387,4.18717e-05,0.00205771],[0.953867,0.0180383,0.0240371,0.00405731],[0.381982,0.0840251,0.519938,0.0140553],[0.39198,0.261989,0.198002,0.148029],[0.421974,0.0480323,0.45995,0.0700441],[0.329992,0.0860247,0.495943,0.0880405],[0.495959,0.100022,0.319978,0.0840413]]},{"db":2,"id":"ETV5_HUMAN.H11MO.0.C","len":14,"ltrim":1,"rtrim":1,"nsites":500,"evalue":"1.0e+000","url":"http://hocomoco.autosome.ru/motif/ETV5_HUMAN.H11MO.0.C","pwm":[[0.327993,0.180006,0.381965,0.110036],[0.455967,0.0880243,0.327976,0.128033],[0.297999,0.0980223,0.493943,0.110036],[0.200018,0.417958,0.345973,0.0360509],[0.83989,0.0360347,0.0840251,0.0400501],[0.0160549,0.00604067,0.96185,0.0160549],[0.0440493,0.0160387,0.935855,0.00405731],[0.793899,0.0680283,0.102021,0.0360509],[0.945869,0.00604067,0.0120395,0.0360509],[0.371984,0.0620295,0.547932,0.0180545],[0.228013,0.100022,0.231995,0.43997],[0.218015,0.106021,0.537934,0.138031],[0.405977,0.120018,0.385965,0.0880405],[0.272004,0.215999,0.373967,0.138031]]},{"db":2,"id":"ETV7_HUMAN.H11MO.0.D","len":7,"ltrim":1,"rtrim":0,"nsites":500,"evalue":"1.0e+000","url":"http://hocomoco.autosome.ru/motif/ETV7_HUMAN.H11MO.0.D","pwm":[[0.24001,0.411959,0.295983,0.0520477],[0.657927,0.116019,0.16001,0.0660449],[5.81083e-05,0.00204147,0.981846,0.0160549],[0.00605691,0.0200379,0.973847,5.81083e-05],[0.975863,0.0120395,0.00804027,0.00405731],[0.929872,0.00404107,0.0600299,0.00605691],[0.331992,0.00404107,0.645913,0.0180545]]},{"db":2,"id":"FEZF1_HUMAN.H11MO.0.C","len":12,"ltrim":1,"rtrim":1,"nsites":500,"evalue":"1.0e+000","url":"http://hocomoco.autosome.ru/motif/FEZF1_HUMAN.H11MO.0.C","pwm":[[0.305997,0.122017,0.361969,0.210016],[0.132032,0.485945,0.0740271,0.307997],[0.0700441,0.0320355,0.0220375,0.875883],[0.0120557,0.0200379,0.949852,0.0180545],[0.0140553,0.555931,0.102021,0.327993],[0.0260529,0.433955,0.0520315,0.487961],[0.0620457,0.725897,0.0260367,0.186021],[0.24001,0.0600299,0.0140391,0.685921],[0.00605691,0.134015,0.0500319,0.809896],[0.0200541,0.0100399,0.0180383,0.951868],[0.0440493,0.116019,0.0700279,0.769904],[0.172024,0.331975,0.15801,0.337991]]},{"db":2,"id":"FOXG1_HUMAN.H11MO.0.D","len":17,"ltrim":1,"rtrim":0,"nsites":310,"evalue":"1.0e+000","url":"http://hocomoco.autosome.ru/motif/FOXG1_HUMAN.H11MO.0.D","pwm":[[0.358379,0.15223,0.184554,0.304838],[0.150408,0.111037,0.121198,0.617357],[0.0332516,0.0359946,0.029715,0.901039],[0.102429,0.0200178,0.857509,0.020044],[9.37117e-05,0.00320729,0.00948682,0.987212],[9.37117e-05,6.75267e-05,0.231864,0.767974],[0.00341876,6.75267e-05,0.092613,0.903901],[0.687432,0.164262,0.108497,0.039809],[0.0396237,0.353224,0.0255562,0.581597],[0.309128,0.0957528,0.292271,0.302848],[0.191094,0.0709952,0.118647,0.619264],[0.366395,0.0569538,0.178498,0.398153],[0.0616459,0.0549696,0.0200616,0.863323],[0.313884,0.0397315,0.316256,0.330128],[0.0491331,0.0747809,0.0882664,0.78782],[0.238743,0.0549233,0.0785692,0.627764],[0.0828906,0.134398,0.197018,0.585694]]},{"db":2,"id":"FOXK1_HUMAN.H11MO.0.A","len":10,"ltrim":0,"rtrim":0,"nsites":500,"evalue":"1.0e+000","url":"http://hocomoco.autosome.ru/motif/FOXK1_HUMAN.H11MO.0.A","pwm":[[0.0200541,0.00804027,0.0100399,0.961866],[0.0760429,0.0200379,0.895863,0.00805651],[0.00605691,0.0860247,0.0200379,0.887881],[0.00205771,0.0100399,0.100022,0.887881],[0.0200541,0.0200379,0.166009,0.793899],[0.49196,0.251991,0.0620295,0.194019],[0.0240533,0.655911,0.0400339,0.280002],[0.303997,0.233995,0.11002,0.351988],[0.154027,0.211999,0.150012,0.483961],[0.116035,0.227996,0.144013,0.511956]]},{"db":2,"id":"FUBP1_HUMAN.H11MO.0.D","len":12,"ltrim":0,"rtrim":0,"nsites":102,"evalue":"1.0e+000","url":"http://hocomoco.autosome.ru/motif/FUBP1_HUMAN.H11MO.0.D","pwm":[[0.00266324,0.163273,0.0311272,0.802937],[0.000284623,0.475929,0.0192341,0.504552],[0.000284623,0.000205093,0.980197,0.0193136],[0.000284623,0.000205093,0.0298057,0.969705],[0.285719,0.179923,0.305726,0.228632],[0.12503,0.219038,0.104864,0.551067],[0.0764005,0.0752638,0.257096,0.59124],[0.0193136,0.0858354,0.0858354,0.809016],[0.0573715,0.0858354,0.0858354,0.770958],[0.066886,0.104864,0.18098,0.647269],[0.104944,0.122836,0.171466,0.600754],[0.100187,0.0895355,0.119136,0.691142]]},{"db":2,"id":"GATA1_HUMAN.H11MO.0.A","len":19,"ltrim":1,"rtrim":1,"nsites":500,"evalue":"1.0e+000","url":"http://hocomoco.autosome.ru/motif/GATA1_HUMAN.H11MO.0.A","pwm":[[0.19202,0.403961,0.206001,0.198019],[0.116035,0.144013,0.190004,0.549948],[0.0560469,0.0780263,0.639914,0.226013],[0.118035,0.206001,0.389964,0.286001],[0.194019,0.313979,0.281985,0.210016],[0.268005,0.245993,0.277986,0.208017],[0.224013,0.21,0.367968,0.198019],[0.262006,0.168008,0.339974,0.230012],[0.214015,0.223997,0.313979,0.248009],[0.331992,0.188004,0.323977,0.156027],[0.184021,0.387964,0.321977,0.106037],[0.719914,0.0200379,0.00804027,0.252008],[0.00605691,4.18717e-05,0.993843,5.81083e-05],[0.995859,4.18717e-05,4.18717e-05,0.00405731],[0.00205771,4.18717e-05,0.0120395,0.985861],[0.945869,0.00404107,0.0140391,0.0360509],[0.857887,0.0160387,0.0900239,0.0360509],[0.214015,0.154011,0.553931,0.0780425],[0.351988,0.188004,0.345973,0.114035]]},{"db":2,"id":"GATA2_HUMAN.H11MO.0.A","len":19,"ltrim":1,"rtrim":1,"nsites":500,"evalue":"1.0e+000","url":"http://hocomoco.autosome.ru/motif/GATA2_HUMAN.H11MO.0.A","pwm":[[0.132032,0.451951,0.225997,0.19002],[0.124033,0.104021,0.15801,0.613935],[0.0800421,0.0500319,0.651911,0.218015],[0.132032,0.221997,0.413959,0.232012],[0.272004,0.156011,0.289984,0.282002],[0.303997,0.15801,0.305981,0.232012],[0.248009,0.198002,0.367968,0.186021],[0.270004,0.196003,0.275987,0.258007],[0.222014,0.223997,0.267988,0.286001],[0.325993,0.114019,0.343973,0.216015],[0.19202,0.337974,0.371967,0.0980385],[0.773903,0.00404107,0.00804027,0.214015],[5.81083e-05,4.18717e-05,0.995843,0.00405731],[0.985861,4.18717e-05,0.00804027,0.00605691],[0.00605691,0.00204147,0.0160387,0.975863],[0.965865,0.00604067,4.18717e-05,0.0280525],[0.843889,0.0100399,0.114019,0.0320517],[0.14003,0.168008,0.627916,0.0640453],[0.343989,0.192003,0.389964,0.0740433]]},{"db":2,"id":"GATA2_HUMAN.H11MO.1.A","len":11,"ltrim":1,"rtrim":1,"nsites":500,"evalue":"1.0e+000","url":"http://hocomoco.autosome.ru/motif/GATA2_HUMAN.H11MO.1.A","pwm":[[0.349988,0.116019,0.331975,0.202018],[0.164025,0.435955,0.347972,0.0520477],[0.751908,0.0100399,0.00604067,0.232012],[5.81083e-05,0.00204147,0.993843,0.00405731],[0.977863,0.0140391,0.00604067,0.00205771],[0.0160549,0.0400339,0.0480323,0.895879],[0.861886,0.0500319,0.0300359,0.0580465],[0.769904,0.0220375,0.186005,0.0220537],[0.148029,0.239994,0.567928,0.0440493],[0.417975,0.174007,0.369968,0.0380505],[0.417975,0.144013,0.273987,0.164025]]},{"db":2,"id":"GATA3_HUMAN.H11MO.0.A","len":11,"ltrim":2,"rtrim":1,"nsites":500,"evalue":"1.0e+000","url":"http://hocomoco.autosome.ru/motif/GATA3_HUMAN.H11MO.0.A","pwm":[[0.447969,0.0920235,0.253991,0.206017],[0.347989,0.303981,0.261989,0.0860409],[0.777903,0.00604067,0.00804027,0.208017],[0.0100561,0.00404107,0.985845,5.81083e-05],[0.987861,0.00404107,0.00604067,0.00205771],[0.146029,0.0100399,0.0400339,0.803897],[0.921874,0.0160387,0.0420335,0.0200541],[0.867885,0.00204147,0.0940231,0.0360509],[0.329992,0.223997,0.403961,0.0420497],[0.557947,0.120018,0.255991,0.0660449],[0.443969,0.0800259,0.223997,0.252008]]},{"db":2,"id":"GATA4_HUMAN.H11MO.0.A","len":10,"ltrim":2,"rtrim":0,"nsites":500,"evalue":"1.0e+000","url":"http://hocomoco.autosome.ru/motif/GATA4_HUMAN.H11MO.0.A","pwm":[[0.367985,0.128016,0.311979,0.19202],[0.188021,0.429956,0.283985,0.0980385],[0.663925,0.00804027,0.0160387,0.311996],[0.00405731,4.18717e-05,0.995843,5.81083e-05],[0.979862,0.00404107,0.00804027,0.00805651],[0.00805651,0.0220375,0.0400339,0.929872],[0.961866,0.00404107,0.00404107,0.0300521],[0.917875,0.00204147,0.0700279,0.0100561],[0.0940393,0.182005,0.697902,0.0260529],[0.569944,0.142013,0.255991,0.0320517]]},{"db":2,"id":"GATA6_HUMAN.H11MO.0.A","len":13,"ltrim":2,"rtrim":1,"nsites":500,"evalue":"1.0e+000","url":"http://hocomoco.autosome.ru/motif/GATA6_HUMAN.H11MO.0.A","pwm":[[0.337991,0.154011,0.331975,0.176023],[0.246009,0.40796,0.265989,0.0800421],[0.727913,4.18717e-05,0.00604067,0.266005],[5.81083e-05,4.18717e-05,0.999842,5.81083e-05],[0.993859,4.18717e-05,4.18717e-05,0.00605691],[0.0100561,0.00204147,4.18717e-05,0.987861],[0.917875,0.0100399,0.00804027,0.0640453],[0.949868,0.00404107,0.0280363,0.0180545],[0.0360509,0.10802,0.847872,0.00805651],[0.599938,0.102021,0.263989,0.0340513],[0.232012,0.144013,0.162009,0.461966],[0.521954,0.130016,0.144013,0.204017],[0.501958,0.130016,0.196003,0.172024]]},{"db":2,"id":"GCR_HUMAN.H11MO.1.A","len":12,"ltrim":2,"rtrim":0,"nsites":500,"evalue":"1.0e+000","url":"http://hocomoco.autosome.ru/motif/GCR_HUMAN.H11MO.1.A","pwm":[[0.383981,0.305981,0.11002,0.200018],[0.425973,0.140014,0.305981,0.128033],[0.493959,0.00204147,0.491943,0.0120557],[0.00405731,0.00204147,0.993843,5.81083e-05],[0.609936,0.0440331,0.196003,0.150028],[0.987861,0.00804027,0.00404107,5.81083e-05],[0.00205771,0.993843,0.00404107,5.81083e-05],[0.981862,4.18717e-05,0.00204147,0.0160549],[0.122034,0.188004,0.533935,0.156027],[0.487961,0.0820255,0.178006,0.252008],[0.343989,0.243993,0.311979,0.100038],[0.286001,0.21,0.0540311,0.449968]]},{"db":2,"id":"GFI1_HUMAN.H11MO.0.C","len":10,"ltrim":0,"rtrim":0,"nsites":150,"evalue":"1.0e+000","url":"http://hocomoco.autosome.ru/motif/GFI1_HUMAN.H11MO.0.C","pwm":[[0.291468,0.0696077,0.587328,0.0515964],[0.077891,0.684239,0.139365,0.098505],[0.405108,0.100453,0.0757343,0.418704],[0.052174,0.285463,0.562897,0.0994654],[0.239243,0.0171064,0.0800528,0.663598],[0.000193604,0.000139507,0.999473,0.000193604],[0.999527,0.000139507,0.000139507,0.000193604],[0.000193604,0.000139507,0.000139507,0.999527],[0.000193604,0.000139507,0.000139507,0.999527],[0.103627,0.118123,0.190837,0.587413]]},{"db":2,"id":"GLI3_HUMAN.H11MO.0.B","len":11,"ltrim":1,"rtrim":1,"nsites":15,"evalue":"1.0e+000","url":"http://hocomoco.autosome.ru/motif/GLI3_HUMAN.H11MO.0.B","pwm":[[0.102975,0.301113,0.294262,0.30165],[0.0019245,0.0698955,0.00138676,0.926793],[0.0019245,0.00138676,0.926255,0.0704333],[0.0019245,0.0698955,0.857747,0.0704333],[0.0019245,0.00138676,0.994764,0.0019245],[0.0019245,0.00138676,0.00138676,0.995302],[0.0019245,0.00138676,0.994764,0.0019245],[0.0019245,0.00138676,0.857747,0.138942],[0.0704333,0.00138676,0.0698955,0.858284],[0.0704333,0.65222,0.0698955,0.207451],[0.102975,0.369622,0.170946,0.356458]]},{"db":2,"id":"GLIS1_HUMAN.H11MO.0.D","len":13,"ltrim":1,"rtrim":1,"nsites":492,"evalue":"1.0e+000","url":"http://hocomoco.autosome.ru/motif/GLIS1_HUMAN.H11MO.0.D","pwm":[[0.185997,0.183948,0.118921,0.511134],[0.108269,0.630504,0.0940275,0.1672],[0.0600062,0.0417008,0.850479,0.0478136],[0.0442574,0.190553,0.0422088,0.722981],[0.0310487,0.026968,0.90687,0.0351129],[0.0310487,0.0310322,0.912967,0.0249524],[0.0127597,0.0127432,0.925159,0.0493377],[0.037145,0.0188395,0.910935,0.0330808],[0.0142838,0.0183315,0.949037,0.018348],[0.01784,0.0178235,0.944464,0.0198721],[0.0203801,0.0142673,0.0427168,0.922636],[0.302335,0.560396,0.0869151,0.0503537],[0.209874,0.108252,0.313495,0.368379]]},{"db":2,"id":"GRHL1_HUMAN.H11MO.0.D","len":12,"ltrim":0,"rtrim":0,"nsites":500,"evalue":"1.0e+000","url":"http://hocomoco.autosome.ru/motif/GRHL1_HUMAN.H11MO.0.D","pwm":[[0.661926,0.0600299,0.0920235,0.186021],[0.575943,0.0120395,0.142013,0.270004],[0.0120557,0.953851,0.0300359,0.00405731],[0.0140553,0.829876,0.00404107,0.152028],[0.325993,0.0160387,0.184005,0.473963],[0.00405731,0.0460327,0.893863,0.0560469],[0.00805651,0.166009,0.0460327,0.779902],[0.0240533,0.227996,0.0420335,0.705917],[0.0540473,0.353971,0.0320355,0.559946],[0.0740433,0.196003,0.198002,0.531952],[0.228013,0.188004,0.237994,0.345989],[0.0440493,0.791884,0.0520315,0.112036]]},{"db":2,"id":"GSC_HUMAN.H11MO.0.D","len":11,"ltrim":3,"rtrim":2,"nsites":1241,"evalue":"1.0e+000","url":"http://hocomoco.autosome.ru/motif/GSC_HUMAN.H11MO.0.D","pwm":[[0.472588,0.118863,0.227638,0.180911],[0.37167,0.118662,0.287866,0.221802],[0.17789,0.33339,0.35998,0.12874],[0.0527992,0.0632672,0.880284,0.00364923],[0.0330586,0.00323982,0.960455,0.00324636],[0.997526,0.00243408,1.68721e-05,2.34147e-05],[2.34147e-05,1.68721e-05,1.68721e-05,0.999943],[2.34147e-05,1.68721e-05,1.68721e-05,0.999943],[0.995511,0.000419741,0.00122548,0.00284349],[0.331383,0.092878,0.396641,0.179098],[0.143042,0.346887,0.31224,0.197832]]},{"db":2,"id":"HMX2_HUMAN.H11MO.0.D","len":11,"ltrim":1,"rtrim":1,"nsites":1221,"evalue":"1.0e+000","url":"http://hocomoco.autosome.ru/motif/HMX2_HUMAN.H11MO.0.D","pwm":[[0.257578,0.160938,0.230547,0.350937],[0.107099,0.0718786,0.042397,0.778625],[0.0806888,0.0258136,0.0184432,0.875055],[0.854991,0.00165502,0.0802727,0.0630817],[0.995028,1.71485e-05,0.00411182,0.000842732],[0.108123,0.0213094,0.309574,0.560993],[0.0049374,0.172812,0.00656862,0.815682],[0.0315527,0.0127106,0.932373,0.0233634],[0.177323,0.213349,0.353387,0.255941],[0.131258,0.183663,0.136984,0.548095],[0.200048,0.184482,0.155,0.460469]]},{"db":2,"id":"HMX3_HUMAN.H11MO.0.D","len":11,"ltrim":2,"rtrim":0,"nsites":38638,"evalue":"1.0e+000","url":"http://hocomoco.autosome.ru/motif/HMX3_HUMAN.H11MO.0.D","pwm":[[0.227199,0.287554,0.213844,0.271404],[0.224061,0.218315,0.331882,0.225743],[0.0702035,0.0899506,0.069168,0.770678],[0.0198775,0.0150116,0.0137693,0.951342],[0.958258,0.000576398,0.03769,0.0034753],[0.993191,0.000595809,0.005565,0.000647782],[0.00212301,0.000880502,0.244448,0.752548],[0.00254358,0.0736908,0.00818547,0.91558],[0.00333943,0.00199339,0.992078,0.00258887],[0.172272,0.387086,0.262675,0.177966],[0.131244,0.228971,0.115224,0.524561]]},{"db":2,"id":"HXA2_HUMAN.H11MO.0.D","len":11,"ltrim":1,"rtrim":2,"nsites":13640,"evalue":"1.0e+000","url":"http://hocomoco.autosome.ru/motif/HXA2_HUMAN.H11MO.0.D","pwm":[[0.253161,0.188517,0.316231,0.24209],[0.171897,0.158835,0.565132,0.104136],[0.0390846,0.108044,0.031806,0.821065],[0.766268,0.170253,0.0502192,0.0132598],[0.985211,0.00444485,0.0103424,2.13048e-06],[0.00592655,1.53518e-06,0.00301065,0.991061],[4.90417e-05,0.00672344,0.00620062,0.987027],[0.949032,0.0167257,0.0133814,0.0208612],[0.360068,0.0533655,0.456928,0.129638],[0.137204,0.327834,0.2334,0.301562],[0.306104,0.120722,0.373049,0.200124]]},{"db":2,"id":"HXB3_HUMAN.H11MO.0.D","len":14,"ltrim":1,"rtrim":1,"nsites":3403,"evalue":"1.0e+000","url":"http://hocomoco.autosome.ru/motif/HXB3_HUMAN.H11MO.0.D","pwm":[[0.118063,0.341386,0.110126,0.430425],[0.059807,0.0562784,0.0459936,0.837921],[0.883688,0.0388678,0.0415124,0.0359317],[0.998951,0.000153078,0.000740778,0.000155464],[8.53927e-06,0.00588315,0.0055893,0.988519],[0.00529783,0.0308604,0.277694,0.686148],[0.687323,0.0141109,0.268291,0.0302751],[0.0996236,0.376428,0.41786,0.106088],[0.155749,0.28122,0.114608,0.448423],[0.205997,0.15751,0.14987,0.486624],[0.244124,0.131284,0.0798598,0.544732],[0.211874,0.0963889,0.06289,0.628847],[0.221204,0.0927892,0.0810352,0.604972],[0.438212,0.153763,0.128198,0.279827]]},{"db":2,"id":"HXC12_HUMAN.H11MO.0.D","len":12,"ltrim":1,"rtrim":2,"nsites":2465,"evalue":"1.0e+000","url":"http://hocomoco.autosome.ru/motif/HXC12_HUMAN.H11MO.0.D","pwm":[[0.301318,0.115927,0.221805,0.36095],[0.113293,0.0581197,0.101931,0.726656],[0.0160355,0.00832459,0.0103529,0.965287],[0.0124859,0.00274672,0.00274672,0.982021],[0.143211,0.00163115,0.00893308,0.846225],[0.995103,0.000414158,0.000819821,0.00366276],[0.0020401,0.489644,0.00609344,0.502223],[0.0365215,0.0438201,0.544814,0.374844],[0.737913,0.0304332,0.185397,0.0462574],[0.0547763,0.595116,0.133066,0.217042],[0.155786,0.356992,0.163085,0.324137],[0.166131,0.188439,0.188845,0.456586]]},{"db":2,"id":"HXD11_HUMAN.H11MO.0.D","len":11,"ltrim":1,"rtrim":3,"nsites":124,"evalue":"1.0e+000","url":"http://hocomoco.autosome.ru/motif/HXD11_HUMAN.H11MO.0.D","pwm":[[0.328598,0.135141,0.191547,0.344714],[0.26212,0.11701,