<!DOCTYPE HTML>
<html>
  <head>
    <meta charset="UTF-8">
    <title>SpaMo - Spaced Motif Analysis</title>
    <script type="text/javascript">
      //@JSON_VAR data
      var data = {"program":"SpaMo","version":"4.12.0","revision":"aacc9c3eb8c7b460b344d5c8aa1458097dae704d","release":"Tue Jun 27 16:22:50 2017 -0700","host":"Sudins-iMac.local","when":"Thu May 24 13:19:06 2018","cmd":["spamo","-verbosity","1","-oc","results/AHRpeaks_noAHREs.bed-499.fa/jaspar/spamo_out_5","-bgfile","results/AHRpeaks_noAHREs.bed-499.fa/jaspar/background","-primary","AGRAAACAGGGTTYRAGAGCAGAGAACCRG","results/AHRpeaks_noAHREs.bed-499.fa/jaspar/AHRpeaks_noAHREs.bed-499.fa","results/AHRpeaks_noAHREs.bed-499.fa/jaspar/meme_out/meme.xml","results/AHRpeaks_noAHREs.bed-499.fa/jaspar/meme_out/meme.xml","results/AHRpeaks_noAHREs.bed-499.fa/jaspar/dreme_out/dreme.xml","/Users/filipov4/meme/db/motif_databases/JASPAR/JASPAR2018_CORE_non-redundant.meme"],"options":{"seq_min_hit_score":7,"margin":150,"bin_size":1,"bin_pvalue_calc_range":150,"use_best_secondary":0,"seq_max_shared_fract":0.5,"seq_odds_ratio":20,"bin_pvalue_cutoff":0.05,"motif_evalue_cutoff":10,"redundant_overlap":2,"redundant_joint":0.5,"motif_pseudocount":0.1,"bgfile":"results/AHRpeaks_noAHREs.bed-499.fa/jaspar/background","motif_trim":0.25,"xalph":0,"seed":1,"bin_max":4},"alphabet":{"name":"DNA","like":"dna","ncore":4,"symbols":[{"symbol":"A","name":"Adenine","colour":"CC0000","complement":"T"},{"symbol":"C","name":"Cytosine","colour":"0000CC","complement":"G"},{"symbol":"G","name":"Guanine","colour":"FFB300","complement":"C"},{"symbol":"T","aliases":"U","name":"Thymine","colour":"008000","complement":"A"},{"symbol":"N","aliases":"X.","name":"Any base","equals":"ACGT"},{"symbol":"V","name":"Not T","equals":"ACG"},{"symbol":"H","name":"Not G","equals":"ACT"},{"symbol":"D","name":"Not C","equals":"AGT"},{"symbol":"B","name":"Not A","equals":"CGT"},{"symbol":"M","name":"Amino","equals":"AC"},{"symbol":"R","name":"Purine","equals":"AG"},{"symbol":"W","name":"Weak","equals":"AT"},{"symbol":"S","name":"Strong","equals":"CG"},{"symbol":"Y","name":"Pyrimidine","equals":"CT"},{"symbol":"K","name":"Keto","equals":"GT"}]},"background":[0.2918,0.2082,0.2082,0.2918],"sequence_dbs":[{"source":"results/AHRpeaks_noAHREs.bed-499.fa/jaspar/AHRpeaks_noAHREs.bed-499.fa","name":"AHRpeaks_noAHREs.bed-499","last_modified":"Thu May 24 11:14:35 2018","loaded":959,"excluded_too_short":0,"excluded_no_match":949,"excluded_ambigs":0,"excluded_similar":4,"erased_primary_matches":0}],"primary_dbs":[{"source":"results/AHRpeaks_noAHREs.bed-499.fa/jaspar/meme_out/meme.xml","name":"meme.xml","last_modified":"Thu May 24 13:16:56 2018","loaded":6,"excluded":5}],"secondary_dbs":[{"source":"results/AHRpeaks_noAHREs.bed-499.fa/jaspar/meme_out/meme.xml","name":"meme.xml","last_modified":"Thu May 24 13:16:56 2018","loaded":7,"excluded":1},{"source":"results/AHRpeaks_noAHREs.bed-499.fa/jaspar/dreme_out/dreme.xml","name":"dreme.xml","last_modified":"Thu May 24 13:17:23 2018","loaded":4,"excluded":0},{"source":"/Users/filipov4/meme/db/motif_databases/JASPAR/JASPAR2018_CORE_non-redundant.meme","name":"JASPAR2018_CORE_non-redundant","last_modified":"Thu Dec  7 14:38:42 2017","loaded":1404,"excluded":0}],"secondary_motifs":[{"db":0,"id":"AAAAKYAGAAYYACTGATRAGGGTCTATGT","alt":"MEME-6","len":30,"ltrim":0,"rtrim":0,"nsites":5,"evalue":"4.4e-008","pwm":[[0.790035,0.00408236,0.200161,0.00572157],[0.986114,0.00408236,0.00408236,0.00572157],[0.986114,0.00408236,0.00408236,0.00572157],[0.986114,0.00408236,0.00408236,0.00572157],[0.00572157,0.00408236,0.396239,0.593957],[0.00572157,0.396239,0.00408236,0.593957],[0.986114,0.00408236,0.00408236,0.00572157],[0.00572157,0.00408236,0.984475,0.00572157],[0.986114,0.00408236,0.00408236,0.00572157],[0.986114,0.00408236,0.00408236,0.00572157],[0.00572157,0.396239,0.00408236,0.593957],[0.00572157,0.396239,0.00408236,0.593957],[0.986114,0.00408236,0.00408236,0.00572157],[0.00572157,0.984475,0.00408236,0.00572157],[0.00572157,0.00408236,0.00408236,0.986114],[0.00572157,0.00408236,0.984475,0.00572157],[0.986114,0.00408236,0.00408236,0.00572157],[0.00572157,0.00408236,0.00408236,0.986114],[0.397878,0.00408236,0.592318,0.00572157],[0.986114,0.00408236,0.00408236,0.00572157],[0.2018,0.00408236,0.592318,0.2018],[0.00572157,0.00408236,0.984475,0.00572157],[0.00572157,0.00408236,0.984475,0.00572157],[0.00572157,0.200161,0.00408236,0.790035],[0.00572157,0.984475,0.00408236,0.00572157],[0.00572157,0.200161,0.00408236,0.790035],[0.790035,0.00408236,0.200161,0.00572157],[0.00572157,0.00408236,0.00408236,0.986114],[0.00572157,0.00408236,0.984475,0.00572157],[0.00572157,0.00408236,0.00408236,0.986114]]},{"db":0,"id":"TGCAYGTATTGTCTTGATAAACATCTTAAA","alt":"MEME-2","len":30,"ltrim":0,"rtrim":0,"nsites":7,"evalue":"3.6e-032","pwm":[[0.00410986,0.0029324,0.0029324,0.990025],[0.00410986,0.0029324,0.988848,0.00410986],[0.00410986,0.988848,0.0029324,0.00410986],[0.990025,0.0029324,0.0029324,0.00410986],[0.00410986,0.566313,0.143777,0.2858],[0.2858,0.0029324,0.707158,0.00410986],[0.00410986,0.143777,0.0029324,0.84918],[0.990025,0.0029324,0.0029324,0.00410986],[0.00410986,0.143777,0.0029324,0.84918],[0.00410986,0.0029324,0.0029324,0.990025],[0.00410986,0.0029324,0.988848,0.00410986],[0.00410986,0.0029324,0.0029324,0.990025],[0.00410986,0.988848,0.0029324,0.00410986],[0.00410986,0.0029324,0.0029324,0.990025],[0.00410986,0.0029324,0.0029324,0.990025],[0.00410986,0.0029324,0.988848,0.00410986],[0.990025,0.0029324,0.0029324,0.00410986],[0.00410986,0.0029324,0.0029324,0.990025],[0.990025,0.0029324,0.0029324,0.00410986],[0.990025,0.0029324,0.0029324,0.00410986],[0.990025,0.0029324,0.0029324,0.00410986],[0.00410986,0.988848,0.0029324,0.00410986],[0.84918,0.0029324,0.143777,0.00410986],[0.00410986,0.0029324,0.0029324,0.990025],[0.00410986,0.988848,0.0029324,0.00410986],[0.00410986,0.0029324,0.0029324,0.990025],[0.00410986,0.0029324,0.0029324,0.990025],[0.990025,0.0029324,0.0029324,0.00410986],[0.990025,0.0029324,0.0029324,0.00410986],[0.708335,0.284622,0.0029324,0.00410986]]},{"db":1,"id":"RYAAAYA","alt":"DREME-1","len":7,"ltrim":0,"rtrim":0,"nsites":482,"evalue":"7.7e-026","pwm":[[0.535219,4.31861e-05,0.464677,6.05268e-05],[6.05268e-05,0.502014,4.31861e-05,0.497882],[0.999853,4.31861e-05,4.31861e-05,6.05268e-05],[0.999853,4.31861e-05,4.31861e-05,6.05268e-05],[0.999853,4.31861e-05,4.31861e-05,6.05268e-05],[6.05268e-05,0.56839,4.31861e-05,0.431506],[0.999853,4.31861e-05,4.31861e-05,6.05268e-05]]},{"db":2,"id":"MA0002.2","alt":"RUNX1","len":11,"ltrim":2,"rtrim":0,"nsites":2000,"url":"http://jaspar2018.genereg.net/matrix/MA0002.2","pwm":[[0.143507,0.247998,0.347993,0.260502],[0.117009,0.242498,0.233499,0.406994],[0.0615115,0.535984,0.0745067,0.327998],[0.0285132,1.04095e-05,0.00351023,0.967966],[1.45893e-05,0.0375085,0.935964,0.0265133],[0.0435124,0.0635072,0.0350087,0.857972],[1.45893e-05,1.04095e-05,0.993461,0.00651426],[0.00851416,0.0210094,0.923964,0.0465123],[0.00501434,0.2,0.125504,0.669481],[0.0655113,0.231499,0.0405084,0.662481],[0.250002,0.0790065,0.144503,0.526488]]},{"db":2,"id":"MA0030.1","alt":"FOXF2","len":14,"ltrim":0,"rtrim":1,"nsites":27,"url":"http://jaspar2018.genereg.net/matrix/MA0030.1","pwm":[[0.0379771,0.369772,0.259071,0.33318],[0.37008,0.259071,0.18527,0.185578],[0.628383,0.14837,0.0745689,0.148678],[0.46365,0.17868,0.17868,0.178989],[0.136938,0.498923,0.363062,0.00107675],[0.259379,0.000768266,0.738776,0.00107675],[0.00107675,0.000768266,0.000768266,0.997387],[0.997387,0.000768266,0.000768266,0.00107675],[0.997387,0.000768266,0.000768266,0.00107675],[0.997387,0.000768266,0.000768266,0.00107675],[0.00107675,0.923278,0.000768266,0.0748774],[0.997387,0.000768266,0.000768266,0.00107675],[0.591483,0.14837,0.0745689,0.185578],[0.259379,0.14837,0.22217,0.37008]]},{"db":2,"id":"MA0031.1","alt":"FOXD1","len":8,"ltrim":0,"rtrim":1,"nsites":20,"url":"http://jaspar2018.genereg.net/matrix/MA0031.1","pwm":[[0.051203,0.0507871,0.846807,0.051203],[0.00145174,0.00103582,0.00103582,0.996477],[0.946725,0.0507871,0.00103582,0.00145174],[0.996477,0.00103582,0.00103582,0.00145174],[0.896974,0.0507871,0.0507871,0.00145174],[0.051203,0.896558,0.00103582,0.051203],[0.996477,0.00103582,0.00103582,0.00145174],[0.34971,0.100538,0.15029,0.399462]]},{"db":2,"id":"MA0032.2","alt":"FOXC1","len":11,"ltrim":0,"rtrim":0,"nsites":19566,"url":"http://jaspar2018.genereg.net/matrix/MA0032.2","pwm":[[0.329756,0.0394569,0.015538,0.615249],[0.695237,0.0353359,0.202155,0.0672731],[0.344387,0.0876136,0.105678,0.462323],[0.257364,0.017801,0.722131,0.00270348],[0.108395,0.0717427,0.016938,0.802924],[0.706923,0.289518,0.00113306,0.00242648],[0.991151,0.00579103,1.06409e-06,0.00305748],[0.983558,0.00298005,0.00750203,0.00595946],[0.00649846,0.467699,0.00878802,0.517014],[0.966338,0.00141206,0.0226319,0.00961844],[0.31682,0.0736507,0.0523318,0.557199]]},{"db":2,"id":"MA0033.2","alt":"FOXL1","len":7,"ltrim":0,"rtrim":0,"nsites":4933,"url":"http://jaspar2018.genereg.net/matrix/MA0033.2","pwm":[[0.426107,0.00263917,0.542868,0.0283853],[0.00192688,0.0799106,4.22047e-06,0.918158],[0.874645,0.114915,0.010434,5.91514e-06],[0.98902,0.00786706,4.22047e-06,0.00310985],[0.973113,0.0166979,0.010183,5.91514e-06],[5.91514e-06,0.778858,4.22047e-06,0.221131],[0.98535,0.011136,4.22047e-06,0.00350984]]},{"db":2,"id":"MA0037.3","alt":"GATA3","len":8,"ltrim":0,"rtrim":1,"nsites":1000,"url":"http://jaspar2018.genereg.net/matrix/MA0037.3","pwm":[[0.501979,0.225998,0.00102072,0.271002],[2.91771e-05,2.08179e-05,0.999921,2.91771e-05],[0.999929,2.08179e-05,2.08179e-05,2.91771e-05],[2.91771e-05,2.08179e-05,2.08179e-05,0.999929],[0.914853,0.00202262,2.08179e-05,0.0831039],[0.861943,0.0150193,0.0760132,0.0470245],[0.114018,0.300991,0.475973,0.109018],[0.422987,0.188002,0.320989,0.0680224]]},{"db":2,"id":"MA0042.2","alt":"FOXI1","len":7,"ltrim":0,"rtrim":0,"nsites":5832,"url":"http://jaspar2018.genereg.net/matrix/MA0042.2","pwm":[[0.10597,0.00669046,0.887334,5.00334e-06],[0.0138518,0.0112314,0.00655246,0.968364],[0.899677,0.093882,0.00643646,5.00334e-06],[0.995563,0.00442849,3.5699e-06,5.00334e-06],[0.977694,0.0043485,0.00548248,0.0124738],[0.0253676,0.836015,0.00775744,0.130859],[0.992889,0.00230553,0.00480049,5.00334e-06]]},{"db":2,"id":"MA0048.2","alt":"NHLH1","len":10,"ltrim":0,"rtrim":0,"nsites":3246,"url":"http://jaspar2018.genereg.net/matrix/MA0048.2","pwm":[[0.242762,0.667269,0.0557657,0.0342039],[0.156381,0.0607235,0.734719,0.0481755],[0.00139195,0.998593,6.41386e-06,8.98924e-06],[0.998135,0.00138837,0.0004674,8.98924e-06],[8.98924e-06,0.116624,0.839191,0.0441766],[0.0402427,0.907773,0.0519748,8.98924e-06],[8.98924e-06,0.00184636,0.00184636,0.996298],[0.000928961,0.00184736,0.996755,0.000468975],[0.101585,0.743292,0.0350083,0.120115],[0.065553,0.156631,0.460941,0.316875]]},{"db":2,"id":"MA0108.2","alt":"TBP","len":15,"ltrim":1,"rtrim":6,"nsites":389,"url":"http://jaspar2018.genereg.net/matrix/MA0108.2","pwm":[[0.156847,0.372709,0.390699,0.0797465],[0.0411954,0.118275,0.0463136,0.794215],[0.904726,5.35081e-05,0.00519319,0.0900259],[0.00778501,0.0257539,0.00519319,0.961268],[0.909867,5.35081e-05,0.0129032,0.0771762],[0.688844,5.35081e-05,5.35081e-05,0.311049],[0.925287,0.00776353,0.0514543,0.015495],[0.570622,0.00519319,0.113135,0.311049],[0.398431,0.113135,0.403549,0.0848862],[0.143997,0.347008,0.385558,0.123436],[0.213388,0.377848,0.329018,0.0797465],[0.210818,0.326448,0.329018,0.133717],[0.210818,0.303318,0.329018,0.156847],[0.174837,0.275047,0.357288,0.192827],[0.197967,0.259627,0.359858,0.182547]]},{"db":2,"id":"MA0127.1","alt":"PEND","len":10,"ltrim":0,"rtrim":0,"nsites":42,"url":"http://jaspar2018.genereg.net/matrix/MA0127.1","pwm":[[0.713282,0.0480004,0.190518,0.048199],[0.143211,0.451801,0.166766,0.238223],[0.0244466,0.000494537,0.0480004,0.927058],[0.0957049,0.000494537,0.0955063,0.808294],[0.0719524,0.784342,0.0480004,0.0957049],[0.000693111,0.0480004,0.0480004,0.903306],[0.048199,0.000494537,0.024248,0.927058],[0.760788,0.166766,0.0480004,0.0244466],[0.0957049,0.0717539,0.000494537,0.832047],[0.048199,0.11926,0.333036,0.499505]]},{"db":2,"id":"MA0130.1","alt":"ZNF354C","len":6,"ltrim":0,"rtrim":0,"nsites":16,"url":"http://jaspar2018.genereg.net/matrix/MA0130.1","pwm":[[0.436595,0.373964,0.187629,0.00181242],[0.188148,0.125517,0.00129317,0.685042],[0.00181242,0.995082,0.00129317,0.00181242],[0.00181242,0.995082,0.00129317,0.00181242],[0.995601,0.00129317,0.00129317,0.00181242],[0.00181242,0.93297,0.063405,0.00181242]]},{"db":2,"id":"MA0157.2","alt":"FOXO3","len":8,"ltrim":0,"rtrim":0,"nsites":553,"url":"http://jaspar2018.genereg.net/matrix/MA0157.2","pwm":[[0.0380209,3.76424e-05,0.961889,5.27572e-05],[5.27572e-05,3.76424e-05,0.0238863,0.976023],[0.960168,0.0289134,0.00906101,0.00185743],[0.997996,0.0019133,3.76424e-05,5.27572e-05],[0.981425,0.0184843,3.76424e-05,5.27572e-05],[0.0273208,0.967136,3.76424e-05,0.00550677],[0.979618,0.020292,3.76424e-05,5.27572e-05],[0.546506,0.0207239,0.0620954,0.370676]]},{"db":2,"id":"MA0158.1","alt":"HOXA5","len":8,"ltrim":0,"rtrim":0,"nsites":15,"url":"http://jaspar2018.genereg.net/matrix/MA0158.1","pwm":[[0.134382,0.862306,0.00137881,0.00193245],[0.436535,0.00137881,0.311809,0.250277],[0.00193245,0.435981,0.311809,0.250277],[0.374449,0.00137881,0.0634649,0.560707],[0.871138,0.00137881,0.00137881,0.126105],[0.871138,0.00137881,0.125551,0.00193245],[0.00193245,0.00137881,0.00137881,0.99531],[0.00193245,0.0634649,0.373895,0.560707]]},{"db":2,"id":"MA0167.1","alt":"Awh","len":7,"ltrim":0,"rtrim":0,"nsites":40,"url":"http://jaspar2018.genereg.net/matrix/MA0167.1","pwm":[[0.0755406,0.399522,0.000519202,0.524418],[0.0256653,0.000519202,0.000519202,0.973296],[0.82367,0.000519202,0.175083,0.00072768],[0.998234,0.000519202,0.000519202,0.00072768],[0.00072768,0.000519202,0.0254569,0.973296],[0.00072768,0.000519202,0.20002,0.798733],[0.848608,0.000519202,0.10027,0.050603]]},{"db":2,"id":"MA0174.1","alt":"Dbx","len":7,"ltrim":0,"rtrim":0,"nsites":16,"url":"http://jaspar2018.genereg.net/matrix/MA0174.1","pwm":[[0.126036,0.00129317,0.00129317,0.871378],[0.126036,0.00129317,0.00129317,0.871378],[0.374483,0.00129317,0.125517,0.498707],[0.995601,0.00129317,0.00129317,0.00181242],[0.00181242,0.00129317,0.00129317,0.995601],[0.00181242,0.125517,0.373964,0.498707],[0.809266,0.00129317,0.187629,0.00181242]]},{"db":2,"id":"MA0187.1","alt":"Dll","len":7,"ltrim":0,"rtrim":0,"nsites":23,"url":"http://jaspar2018.genereg.net/matrix/MA0187.1","pwm":[[0.044553,0.000901299,0.000901299,0.953644],[0.953644,0.000901299,0.0441911,0.0012632],[0.996934,0.000901299,0.000901299,0.0012632],[0.0012632,0.000901299,0.000901299,0.996934],[0.131134,0.000901299,0.130772,0.737194],[0.434164,0.000901299,0.390511,0.174423],[0.044553,0.520382,0.174061,0.261004]]},{"db":2,"id":"MA0195.1","alt":"Lim3","len":7,"ltrim":1,"rtrim":0,"nsites":20,"url":"http://jaspar2018.genereg.net/matrix/MA0195.1","pwm":[[0.150705,0.349295,0.100538,0.399462],[0.200457,0.00103582,0.00103582,0.797472],[0.797472,0.00103582,0.15029,0.051203],[0.996477,0.00103582,0.00103582,0.00145174],[0.00145174,0.00103582,0.00103582,0.996477],[0.00145174,0.100538,0.200041,0.697969],[0.797472,0.00103582,0.200041,0.00145174]]},{"db":2,"id":"MA0198.1","alt":"OdsH","len":7,"ltrim":0,"rtrim":0,"nsites":22,"url":"http://jaspar2018.genereg.net/matrix/MA0198.1","pwm":[[0.00132036,0.49868,0.181937,0.318063],[0.00132036,0.000942082,0.000942082,0.996795],[0.996795,0.000942082,0.000942082,0.00132036],[0.996795,0.000942082,0.000942082,0.00132036],[0.00132036,0.000942082,0.000942082,0.996795],[0.00132036,0.000942082,0.000942082,0.996795],[0.589556,0.000942082,0.362933,0.0465697]]},{"db":2,"id":"MA0199.1","alt":"Optix","len":5,"ltrim":0,"rtrim":0,"nsites":27,"url":"http://jaspar2018.genereg.net/matrix/MA0199.1","pwm":[[0.00107675,0.18527,0.000768266,0.812885],[0.00107675,0.000768266,0.997078,0.00107675],[0.997387,0.000768266,0.000768266,0.00107675],[0.00107675,0.000768266,0.000768266,0.997387],[0.960486,0.000768266,0.0376686,0.00107675]]},{"db":2,"id":"MA0210.1","alt":"ara","len":5,"ltrim":0,"rtrim":0,"nsites":34,"url":"http://jaspar2018.genereg.net/matrix/MA0210.1","pwm":[[0.411413,0.000610558,0.147238,0.440738],[0.675343,0.000610558,0.000610558,0.323436],[0.997923,0.000610558,0.000610558,0.000855718],[0.000855718,0.997678,0.000610558,0.000855718],[0.997923,0.000610558,0.000610558,0.000855718]]},{"db":2,"id":"MA0216.2","alt":"cad","len":11,"ltrim":0,"rtrim":0,"nsites":2303,"url":"http://jaspar2018.genereg.net/matrix/MA0216.2","pwm":[[0.370818,9.04e-06,0.496296,0.132877],[0.249676,0.148071,0.602241,1.26699e-05],[1.26699e-05,0.643055,9.04e-06,0.356923],[0.32349,0.64045,9.04e-06,0.0360511],[0.919209,9.04e-06,0.0807695,1.26699e-05],[1.26699e-05,0.0412582,9.04e-06,0.95872],[0.970879,9.04e-06,9.04e-06,0.0291034],[0.999969,9.04e-06,9.04e-06,1.26699e-05],[0.999969,9.04e-06,9.04e-06,1.26699e-05],[0.710794,0.0499419,0.0638363,0.175428],[0.454183,0.327828,9.04e-06,0.21798]]},{"db":2,"id":"MA0233.1","alt":"mirr","len":5,"ltrim":0,"rtrim":0,"nsites":41,"url":"http://jaspar2018.genereg.net/matrix/MA0233.1","pwm":[[0.487328,0.0248372,0.0248372,0.462997],[0.706306,0.00050657,0.0491679,0.244019],[0.998277,0.00050657,0.00050657,0.000709975],[0.000709975,0.998073,0.00050657,0.000709975],[0.998277,0.00050657,0.00050657,0.000709975]]},{"db":2,"id":"MA0236.1","alt":"otp","len":7,"ltrim":0,"rtrim":0,"nsites":20,"url":"http://jaspar2018.genereg.net/matrix/MA0236.1","pwm":[[0.051203,0.299543,0.100538,0.548715],[0.00145174,0.0507871,0.00103582,0.946725],[0.996477,0.00103582,0.00103582,0.00145174],[0.996477,0.00103582,0.00103582,0.00145174],[0.00145174,0.00103582,0.00103582,0.996477],[0.00145174,0.0507871,0.200041,0.74772],[0.74772,0.00103582,0.15029,0.100954]]},{"db":2,"id":"MA0243.1","alt":"sd","len":12,"ltrim":0,"rtrim":1,"nsites":14,"url":"http://jaspar2018.genereg.net/matrix/MA0243.1","pwm":[[0.214836,0.0014766,0.568853,0.214836],[0.569446,0.072399,0.072399,0.285757],[0.285757,0.568853,0.072399,0.0729919],[0.994977,0.0014766,0.0014766,0.0020695],[0.0729919,0.072399,0.0014766,0.853133],[0.214836,0.0014766,0.072399,0.71129],[0.0020695,0.568853,0.0014766,0.427601],[0.214836,0.356087,0.214243,0.214836],[0.285757,0.072399,0.14332,0.498523],[0.35668,0.427008,0.214243,0.0020695],[0.35668,0.072399,0.49793,0.0729919],[0.285757,0.214243,0.285164,0.214836]]},{"db":2,"id":"MA0268.1","alt":"ADR1","len":7,"ltrim":1,"rtrim":0,"nsites":100,"url":"http://jaspar2018.genereg.net/matrix/MA0268.1","pwm":[[0.409882,0.239968,0.130078,0.220072],[0.000291508,0.999209,0.000207992,0.000291508],[0.000291508,0.849359,0.000207992,0.150142],[0.000291508,0.999209,0.000207992,0.000291508],[0.000291508,0.999209,0.000207992,0.000291508],[0.639652,0.0601481,0.200008,0.100192],[0.339952,0.509699,0.0601481,0.0902016]]},{"db":2,"id":"MA0297.1","alt":"FKH2","len":7,"ltrim":0,"rtrim":0,"nsites":101,"url":"http://jaspar2018.genereg.net/matrix/MA0297.1","pwm":[[0.128874,0.000205935,0.870631,0.000288625],[0.000288625,0.000205935,0.000205935,0.9993],[0.9993,0.000205935,0.000205935,0.000288625],[0.9993,0.000205935,0.000205935,0.000288625],[0.9993,0.000205935,0.000205935,0.000288625],[0.000288625,0.999217,0.000205935,0.000288625],[0.9993,0.000205935,0.000205935,0.000288625]]},{"db":2,"id":"MA0307.1","alt":"GLN3","len":5,"ltrim":0,"rtrim":0,"nsites":100,"url":"http://jaspar2018.genereg.net/matrix/MA0307.1","pwm":[[0.000291508,0.000207992,0.999209,0.000291508],[0.999293,0.000207992,0.000207992,0.000291508],[0.000291508,0.000207992,0.000207992,0.999293],[0.739552,0.000207992,0.000207992,0.260032],[0.609682,0.000207992,0.269938,0.120172]]},{"db":2,"id":"MA0317.1","alt":"HCM1","len":8,"ltrim":0,"rtrim":0,"nsites":100,"url":"http://jaspar2018.genereg.net/matrix/MA0317.1","pwm":[[0.509782,0.160048,0.249958,0.0802116],[0.270022,0.0801281,0.040168,0.609682],[0.662995,0.316723,0.0100991,0.0101826],[0.949342,0.050158,0.000207992,0.000291508],[0.999293,0.000207992,0.000207992,0.000291508],[0.0102815,0.859349,0.000207992,0.130162],[0.939946,0.0199902,0.0199902,0.0200737],[0.575474,0.171753,0.111208,0.141564]]},{"db":2,"id":"MA0318.1","alt":"HMRA2","len":8,"ltrim":0,"rtrim":0,"nsites":100,"url":"http://jaspar2018.genereg.net/matrix/MA0318.1","pwm":[[0.0602316,0.669539,0.0601481,0.210082],[0.539752,0.000207992,0.459748,0.000291508],[0.0402515,0.000207992,0.000207992,0.959332],[0.000291508,0.000207992,0.999209,0.000291508],[0.000291508,0.000207992,0.000207992,0.999293],[0.929362,0.000207992,0.000207992,0.0702216],[0.870708,0.0199902,0.0199902,0.0893115],[0.399892,0.0801281,0.0801281,0.439852]]},{"db":2,"id":"MA0328.2","alt":"MATALPHA2","len":8,"ltrim":0,"rtrim":0,"nsites":999,"url":"http://jaspar2018.genereg.net/matrix/MA0328.2","pwm":[[2.92063e-05,0.815755,2.08388e-05,0.184195],[0.454984,2.08388e-05,0.534967,0.0100282],[2.92063e-05,0.0620146,2.08388e-05,0.937935],[0.0260526,2.08388e-05,0.973897,2.92063e-05],[2.92063e-05,2.08388e-05,2.08388e-05,0.999929],[0.910849,2.08388e-05,0.00902894,0.0801012],[0.639605,0.0720856,0.0410577,0.247251],[0.394384,0.028046,2.08388e-05,0.577549]]},{"db":2,"id":"MA0334.1","alt":"MET32","len":7,"ltrim":0,"rtrim":0,"nsites":100,"url":"http://jaspar2018.genereg.net/matrix/MA0334.1","pwm":[[0.339952,0.459748,0.100108,0.100192],[0.110182,0.050158,0.769439,0.0702216],[0.000291508,0.999209,0.000207992,0.000291508],[0.000291508,0.999209,0.000207992,0.000291508],[0.938747,0.0304807,0.000207992,0.0305642],[0.000291508,0.989219,0.000207992,0.0102815],[0.639652,0.150058,0.120088,0.0902016]]},{"db":2,"id":"MA0337.1","alt":"MIG1","len":7,"ltrim":1,"rtrim":0,"nsites":100,"url":"http://jaspar2018.genereg.net/matrix/MA0337.1","pwm":[[0.319972,0.349858,0.150058,0.180112],[0.0102815,0.969239,0.010198,0.0102815],[0.000291508,0.999209,0.000207992,0.000291508],[0.000291508,0.999209,0.000207992,0.000291508],[0.000291508,0.999209,0.000207992,0.000291508],[0.459832,0.030178,0.499708,0.0102815],[0.0507461,0.575391,0.302935,0.0709279]]},{"db":2,"id":"MA0338.1","alt":"MIG2","len":7,"ltrim":0,"rtrim":1,"nsites":100,"url":"http://jaspar2018.genereg.net/matrix/MA0338.1","pwm":[[0.0102815,0.959249,0.020188,0.0102815],[0.000291508,0.999209,0.000207992,0.000291508],[0.000291508,0.999209,0.000207992,0.000291508],[0.000291508,0.999209,0.000207992,0.000291508],[0.359932,0.110098,0.519689,0.0102815],[0.0497471,0.761822,0.128792,0.0596382],[0.363564,0.24239,0.24239,0.151655]]},{"db":2,"id":"MA0339.1","alt":"MIG3","len":7,"ltrim":0,"rtrim":1,"nsites":101,"url":"http://jaspar2018.genereg.net/matrix/MA0339.1","pwm":[[0.0101798,0.969543,0.0100971,0.0101798],[0.000288625,0.939276,0.000205935,0.0602293],[0.000288625,0.999217,0.000205935,0.000288625],[0.000288625,0.999217,0.000205935,0.000288625],[0.41402,0.020388,0.555212,0.0103796],[0.0502392,0.689523,0.170038,0.0901996],[0.409883,0.219988,0.229978,0.14015]]},{"db":2,"id":"MA0343.1","alt":"NDT80","len":21,"ltrim":5,"rtrim":4,"nsites":998,"url":"http://jaspar2018.genereg.net/matrix/MA0343.1","pwm":[[0.289579,0.282558,0.118245,0.309617],[0.197602,0.276823,0.160486,0.365088],[0.169521,0.21364,0.172522,0.444318],[0.215655,0.404193,0.140428,0.239724],[0.201412,0.43084,0.176356,0.191393],[0.0992173,0.114237,0.495963,0.290581],[0.188198,0.0200389,0.675629,0.116134],[0.444875,0.48394,0.0410987,0.0300862],[0.012052,0.949826,0.00402846,0.0340938],[0.941819,0.00703416,0.0451063,0.00604063],[0.0180814,0.969834,0.00603826,0.00604663],[0.966866,0.00402846,0.00903796,0.0200672],[0.971876,0.00503036,0.0150494,0.00804443],[0.94588,0.00302356,0.0140335,0.0370625],[0.715103,0.0240904,0.236707,0.0240988],[0.497471,0.178539,0.0822596,0.24173],[0.123387,0.631854,0.0952973,0.149462],[0.127271,0.329647,0.440859,0.102223],[0.314312,0.330318,0.27727,0.0780994],[0.360714,0.177358,0.230459,0.231469],[0.478416,0.19258,0.174527,0.154477]]},{"db":2,"id":"MA0350.1","alt":"TOD6","len":21,"ltrim":6,"rtrim":5,"nsites":998,"url":"http://jaspar2018.genereg.net/matrix/MA0350.1","pwm":[[0.362718,0.188379,0.218436,0.230467],[0.144159,0.213212,0.369353,0.273275],[0.101221,0.261518,0.370725,0.266536],[0.239484,0.327643,0.206413,0.22646],[0.369731,0.116241,0.235468,0.278558],[0.21222,0.36635,0.133141,0.288288],[0.650265,0.0501158,0.0962032,0.203416],[0.0672245,0.397173,0.437289,0.0983144],[0.0200672,0.785513,0.193388,0.00103114],[0.00203303,0.0290759,0.0461082,0.922783],[0.00203303,0.992907,0.00202466,0.00303493],[0.977865,2.08597e-05,0.00102376,0.0210901],[0.00103114,0.00102276,0.0180551,0.979891],[2.92355e-05,0.980866,0.00102376,0.0180814],[0.05218,0.019076,0.871549,0.0571955],[0.135287,0.656268,0.186375,0.022071],[0.181192,0.300291,0.383365,0.135151],[0.232238,0.282275,0.109119,0.376368],[0.187197,0.280273,0.111121,0.421408],[0.306305,0.213212,0.172176,0.308306],[0.201412,0.150307,0.32063,0.327651]]},{"db":2,"id":"MA0351.1","alt":"DOT6","len":21,"ltrim":6,"rtrim":5,"nsites":998,"url":"http://jaspar2018.genereg.net/matrix/MA0351.1","pwm":[[0.278558,0.135278,0.231461,0.354703],[0.194204,0.250246,0.26626,0.289289],[0.156327,0.332653,0.223445,0.287575],[0.131147,0.249245,0.268262,0.351345],[0.239724,0.0852683,0.401185,0.273823],[0.141298,0.480935,0.145297,0.232471],[0.517011,0.0591329,0.138284,0.285572],[0.0791793,0.420821,0.392768,0.107232],[0.0290553,0.770715,0.197198,0.00303193],[0.00603463,0.0520676,0.0830955,0.858802],[0.00103214,0.9929,0.00403246,0.00203503],[0.97388,2.08597e-05,0.00102276,0.0250767],[0.00103214,2.08597e-05,0.0270991,0.971848],[2.92355e-05,0.970837,0.00102376,0.0281104],[0.0360616,0.00902896,0.87681,0.0780994],[0.223678,0.576693,0.177536,0.022093],[0.280281,0.265259,0.252248,0.202211],[0.188198,0.298289,0.0720856,0.441426],[0.16334,0.435849,0.208417,0.192395],[0.153474,0.3721,0.183553,0.290873],[0.185382,0.149305,0.202406,0.462909]]},{"db":2,"id":"MA0390.1","alt":"STB3","len":21,"ltrim":0,"rtrim":4,"nsites":997,"url":"http://jaspar2018.genereg.net/matrix/MA0390.1","pwm":[[0.0983144,0.16851,0.547609,0.185568],[0.166346,0.17335,0.202406,0.457899],[0.182559,0.416228,0.0571871,0.344027],[0.194399,0.379743,0.107224,0.318634],[0.507994,0.059133,0.189381,0.243492],[0.547522,0.120129,0.151157,0.181192],[0.777506,0.0350874,0.0711557,0.11625],[0.499478,0.0270452,0.0330506,0.440425],[0.0992173,0.0110418,0.00202468,0.887716],[0.0531299,0.00503038,0.00102278,0.940817],[0.0100483,0.00402848,0.00202468,0.983899],[0.013054,2.08806e-05,0.0150494,0.971876],[2.92649e-05,0.0640785,0.0200389,0.915853],[0.00303196,0.990912,0.00202268,0.00403286],[0.965898,0.00702718,0.0250434,0.00203106],[0.150315,0.588138,0.0841804,0.177366],[0.129145,0.120129,0.137144,0.613582],[0.166346,0.326641,0.200402,0.306612],[0.308615,0.253502,0.125259,0.312623],[0.233473,0.170345,0.31562,0.280562],[0.226687,0.182551,0.296882,0.293882]]},{"db":2,"id":"MA0398.1","alt":"SUM1","len":9,"ltrim":1,"rtrim":0,"nsites":100,"url":"http://jaspar2018.genereg.net/matrix/MA0398.1","pwm":[[0.499792,0.140068,0.140068,0.220072],[0.519772,0.0801281,0.0801281,0.319972],[0.619672,0.020188,0.020188,0.339952],[0.999293,0.000207992,0.000207992,0.000291508],[0.000291508,0.000207992,0.000207992,0.999293],[0.0802116,0.000207992,0.000207992,0.919372],[0.240052,0.000207992,0.000207992,0.759532],[0.282837,0.0506625,0.0506625,0.615838],[0.150142,0.150058,0.110098,0.589702]]},{"db":2,"id":"MA0403.1","alt":"TBF1","len":8,"ltrim":0,"rtrim":1,"nsites":100,"url":"http://jaspar2018.genereg.net/matrix/MA0403.1","pwm":[[0.609682,0.110098,0.120088,0.160132],[0.459832,0.110098,0.349858,0.0802116],[0.148658,0.83106,0.0100991,0.0101826],[0.000291508,0.999209,0.000207992,0.000291508],[0.000291508,0.999209,0.000207992,0.000291508],[0.000291508,0.010198,0.000207992,0.989302],[0.757111,0.0809353,0.111208,0.0507461],[0.376154,0.188139,0.267268,0.16844]]},{"db":2,"id":"MA0417.1","alt":"YAP5","len":6,"ltrim":0,"rtrim":0,"nsites":156,"url":"http://jaspar2018.genereg.net/matrix/MA0417.1","pwm":[[0.781737,0.000133376,0.000133376,0.217996],[0.648986,0.000133376,0.350694,0.000186931],[0.387326,0.000133376,0.612354,0.000186931],[0.000186931,0.939034,0.000133376,0.0606462],[0.999546,0.000133376,0.000133376,0.000186931],[0.121904,0.000133376,0.000133376,0.877829]]},{"db":2,"id":"MA0421.1","alt":"NSI1","len":10,"ltrim":0,"rtrim":0,"nsites":1905,"url":"http://jaspar2018.genereg.net/matrix/MA0421.1","pwm":[[0.0913495,1.09286e-05,0.143835,0.764804],[1.53168e-05,1.09286e-05,0.0215498,0.978424],[1.53168e-05,0.0545921,1.09286e-05,0.945382],[0.999963,1.09286e-05,1.09286e-05,1.53168e-05],[1.53168e-05,0.999958,1.09286e-05,1.53168e-05],[1.53168e-05,0.999958,1.09286e-05,1.53168e-05],[0.063555,0.936419,1.09286e-05,1.53168e-05],[1.53168e-05,1.09286e-05,0.999958,1.53168e-05],[0.0267459,1.09286e-05,0.973228,1.53168e-05],[0.384117,0.414683,0.0576999,0.143499]]},{"db":2,"id":"MA0433.1","alt":"YOX1","len":8,"ltrim":0,"rtrim":0,"nsites":99,"url":"http://jaspar2018.genereg.net/matrix/MA0433.1","pwm":[[0.0103853,0.25248,0.0708457,0.666289],[0.00029445,0.000210091,0.000210091,0.999285],[0.999285,0.000210091,0.000210091,0.00029445],[0.999285,0.000210091,0.000210091,0.00029445],[0.00029445,0.000210091,0.000210091,0.999285],[0.00029445,0.000210091,0.000210091,0.999285],[0.613536,0.0298831,0.148575,0.208006],[0.545199,0.131391,0.131391,0.19202]]},{"db":2,"id":"MA0441.1","alt":"ZMS1","len":9,"ltrim":0,"rtrim":0,"nsites":100,"url":"http://jaspar2018.genereg.net/matrix/MA0441.1","pwm":[[0.150142,0.150058,0.150058,0.549742],[0.31311,0.111208,0.111208,0.464473],[0.000291508,0.999209,0.000207992,0.000291508],[0.000291508,0.999209,0.000207992,0.000291508],[0.000291508,0.999209,0.000207992,0.000291508],[0.000291508,0.999209,0.000207992,0.000291508],[0.188223,0.0397724,0.534327,0.237678],[0.0502416,0.849359,0.050158,0.0502416],[0.499792,0.100108,0.100108,0.299992]]},{"db":2,"id":"MA0444.1","alt":"CG34031","len":7,"ltrim":0,"rtrim":0,"nsites":25,"url":"http://jaspar2018.genereg.net/matrix/MA0444.1","pwm":[[0.00116255,0.0406701,0.0406701,0.917497],[0.00116255,0.000829483,0.000829483,0.997178],[0.877657,0.000829483,0.000829483,0.120684],[0.997178,0.000829483,0.000829483,0.00116255],[0.0808438,0.000829483,0.000829483,0.917497],[0.280047,0.000829483,0.0406701,0.678453],[0.120684,0.000829483,0.877324,0.00116255]]},{"db":2,"id":"MA0457.1","alt":"PHDP","len":7,"ltrim":0,"rtrim":0,"nsites":17,"url":"http://jaspar2018.genereg.net/matrix/MA0457.1","pwm":[[0.235624,0.352095,0.00121754,0.411063],[0.00170643,0.00121754,0.00121754,0.995858],[0.937378,0.00121754,0.00121754,0.0601864],[0.995858,0.00121754,0.00121754,0.00170643],[0.00170643,0.00121754,0.00121754,0.995858],[0.0601864,0.00121754,0.0596975,0.878899],[0.469542,0.0596975,0.235136,0.235624]]},{"db":2,"id":"MA0458.1","alt":"slp1","len":11,"ltrim":1,"rtrim":0,"nsites":41,"url":"http://jaspar2018.genereg.net/matrix/MA0458.1","pwm":[[0.195357,0.0734995,0.341139,0.390004],[0.000709975,0.00050657,0.00050657,0.998277],[0.0737029,0.00050657,0.925081,0.000709975],[0.000709975,0.00050657,0.00050657,0.998277],[0.000709975,0.00050657,0.0248372,0.973946],[0.000709975,0.00050657,0.0491679,0.949616],[0.657645,0.00050657,0.0978302,0.244019],[0.0250406,0.535786,0.170823,0.26835],[0.414335,0.195154,0.36547,0.0250406],[0.0980336,0.316808,0.0734995,0.511659],[0.365674,0.0734995,0.0978302,0.462997]]},{"db":2,"id":"MA0480.1","alt":"Foxo1","len":11,"ltrim":1,"rtrim":0,"nsites":2490,"url":"http://jaspar2018.genereg.net/matrix/MA0480.1","pwm":[[0.187956,0.111249,0.191969,0.508826],[0.0510137,0.513643,0.302004,0.133339],[0.0349503,0.564645,0.083941,0.316465],[1.17184e-05,8.36112e-06,8.36112e-06,0.999972],[1.17184e-05,8.36112e-06,0.999968,1.17184e-05],[1.17184e-05,8.36112e-06,8.36112e-06,0.999972],[1.17184e-05,8.36112e-06,8.36112e-06,0.999972],[1.17184e-05,8.36112e-06,0.115265,0.884715],[0.751388,0.0630578,8.36112e-06,0.185546],[1.17184e-05,0.806,8.36112e-06,0.19398],[0.430516,0.230119,0.0285212,0.310842]]},{"db":2,"id":"MA0481.2","alt":"FOXP1","len":12,"ltrim":2,"rtrim":3,"nsites":4266,"url":"http://jaspar2018.genereg.net/matrix/MA0481.2","pwm":[[0.351382,0.212846,0.23277,0.203002],[0.35982,0.0625914,0.225738,0.351851],[0.0696252,0.0117256,0.904344,0.0143055],[0.0318861,0.035635,0.0241483,0.908331],[0.956618,0.0304782,0.00656873,0.00633569],[0.945602,0.0332901,0.00422378,0.0168844],[0.976308,0.00469277,0.0131316,0.0058667],[0.00891463,0.932238,0.00703672,0.0518106],[0.962244,0.0032868,0.00867768,0.0257912],[0.21191,0.159166,0.509135,0.119788],[0.353492,0.202297,0.219175,0.225037],[0.305438,0.220581,0.212377,0.261604]]},{"db":2,"id":"MA0499.1","alt":"Myod1","len":13,"ltrim":2,"rtrim":1,"nsites":24514,"url":"http://jaspar2018.genereg.net/matrix/MA0499.1","pwm":[[0.279922,0.227992,0.204087,0.287999],[0.168966,0.265685,0.448722,0.116628],[1.19033e-06,0.999997,8.49308e-07,1.19033e-06],[0.993429,8.49308e-07,8.49308e-07,0.00656916],[1.19033e-06,0.262014,0.737209,0.000776187],[1.19033e-06,0.999997,8.49308e-07,1.19033e-06],[1.19033e-06,8.49308e-07,8.49308e-07,0.999997],[1.19033e-06,8.49308e-07,0.999997,1.19033e-06],[0.000368189,0.370685,0.0266797,0.602267],[0.000654188,0.44913,0.118504,0.431711],[0.239088,0.30966,0.242514,0.208738],[0.0780379,0.474095,0.176185,0.271681],[0.168435,0.312352,0.180428,0.338786]]},{"db":2,"id":"MA0500.1","alt":"Myog","len":11,"ltrim":0,"rtrim":3,"nsites":19356,"url":"http://jaspar2018.genereg.net/matrix/MA0500.1","pwm":[[0.404938,0.148274,0.446786,1.50753e-06],[0.597849,0.017102,0.385048,1.50753e-06],[1.50753e-06,0.999996,1.07563e-06,1.50753e-06],[0.999996,1.07563e-06,1.07563e-06,1.50753e-06],[1.50753e-06,1.07563e-06,0.999996,1.50753e-06],[0.00346249,0.840098,0.156437,1.50753e-06],[1.50753e-06,1.07563e-06,1.07563e-06,0.999996],[1.50753e-06,1.07563e-06,0.999996,1.50753e-06],[0.146312,0.440379,0.303833,0.109476],[0.276038,0.194462,0.266997,0.262503],[0.210219,0.246435,0.388457,0.154888]]},{"db":2,"id":"MA0511.2","alt":"RUNX2","len":9,"ltrim":0,"rtrim":0,"nsites":8038,"url":"http://jaspar2018.genereg.net/matrix/MA0511.2","pwm":[[0.48171,0.135856,0.0405591,0.341875],[0.737792,0.0619588,0.135392,0.0648568],[0.953202,0.046792,2.59017e-06,3.63021e-06],[3.63021e-06,0.99999,2.59017e-06,3.63021e-06],[3.63021e-06,0.99999,2.59017e-06,3.63021e-06],[0.282426,0.00531452,0.694549,0.0177104],[3.63021e-06,0.99999,2.59017e-06,3.63021e-06],[0.854757,0.0614528,0.0591289,0.0246613],[0.634739,0.102267,0.171299,0.0916945]]},{"db":2,"id":"MA0521.1","alt":"Tcf12","len":11,"ltrim":0,"rtrim":3,"nsites":12895,"url":"http://jaspar2018.genereg.net/matrix/MA0521.1","pwm":[[0.478479,0.122917,0.397285,0.00132025],[0.683983,0.00961754,0.306397,2.26287e-06],[2.26287e-06,0.999994,1.61457e-06,2.26287e-06],[0.999995,1.61457e-06,1.61457e-06,2.26287e-06],[0.000622258,1.61457e-06,0.999374,2.26287e-06],[0.0142712,0.839235,0.146491,2.26287e-06],[2.26287e-06,1.61457e-06,1.61457e-06,0.999995],[2.26287e-06,1.61457e-06,0.999994,2.26287e-06],[0.145406,0.428614,0.29554,0.130439],[0.303373,0.187359,0.226832,0.282435],[0.222025,0.233036,0.375028,0.169912]]},{"db":2,"id":"MA0554.1","alt":"SOC1","len":15,"ltrim":2,"rtrim":0,"nsites":888,"url":"http://jaspar2018.genereg.net/matrix/MA0554.1","pwm":[[0.32432,0.138522,0.111497,0.425661],[0.193705,0.297287,0.127261,0.381747],[0.0732226,0.030425,0.0383071,0.858044],[0.069845,2.34433e-05,0.057449,0.872683],[0.131775,0.0529455,0.100237,0.715042],[0.0225533,0.962753,0.0146618,3.28566e-05],[3.28566e-05,0.694765,0.0101573,0.295045],[0.516867,0.0416858,0.0630793,0.378368],[0.154294,0.0878516,2.34433e-05,0.757831],[0.146412,0.00677968,2.34433e-05,0.846785],[0.0248051,0.00903143,2.34433e-05,0.96614],[0.11038,0.0270474,2.34433e-05,0.862549],[0.101372,0.0799694,0.0968595,0.721799],[0.203839,0.0112832,0.769081,0.0157971],[0.0191747,0.0259215,0.748813,0.206091]]},{"db":2,"id":"MA0581.1","alt":"LEC2","len":11,"ltrim":2,"rtrim":3,"nsites":487,"url":"http://jaspar2018.genereg.net/matrix/MA0581.1","pwm":[[0.219728,0.176597,0.244346,0.359329],[0.197144,0.334676,0.338782,0.129396],[0.00416606,0.975202,4.27428e-05,0.0205897],[0.999855,4.27428e-05,4.27428e-05,5.99055e-05],[5.99055e-05,4.27428e-05,4.27428e-05,0.999855],[5.99055e-05,4.27428e-05,0.999837,5.99055e-05],[5.99055e-05,0.999837,4.27428e-05,5.99055e-05],[0.618003,0.0616321,0.320306,5.99055e-05],[0.236151,0.44759,0.12322,0.193038],[0.468136,0.176597,0.0903732,0.264893],[0.197144,0.162227,0.127327,0.513302]]},{"db":2,"id":"MA0593.1","alt":"FOXP2","len":11,"ltrim":1,"rtrim":1,"nsites":766,"url":"http://jaspar2018.genereg.net/matrix/MA0593.1","pwm":[[0.430791,0.147528,0.248037,0.173644],[0.443844,0.00916398,0.185382,0.36161],[0.208888,2.71766e-05,0.791047,3.8089e-05],[0.077051,2.71766e-05,2.71766e-05,0.922895],[0.999908,2.71766e-05,2.71766e-05,3.8089e-05],[0.999908,2.71766e-05,2.71766e-05,3.8089e-05],[0.999908,2.71766e-05,2.71766e-05,3.8089e-05],[3.8089e-05,0.988149,2.71766e-05,0.0117856],[0.999908,2.71766e-05,2.71766e-05,3.8089e-05],[0.387715,0.201045,0.382484,0.0287553],[0.433402,0.161886,0.240205,0.164508]]},{"db":2,"id":"MA0613.1","alt":"FOXG1","len":8,"ltrim":0,"rtrim":0,"nsites":999,"url":"http://jaspar2018.genereg.net/matrix/MA0613.1","pwm":[[0.374366,0.00102174,0.623582,0.00103011],[0.00102911,0.00102074,0.00102074,0.996929],[0.996929,0.00102074,0.00102074,0.00102911],[0.996929,0.00102074,0.00102074,0.00102911],[0.996929,0.00102074,0.00102074,0.00102911],[0.00102911,0.996921,0.00102074,0.00102911],[0.996929,0.00102074,0.00102074,0.00102911],[0.497979,0.167004,0.00202064,0.332996]]},{"db":2,"id":"MA0614.1","alt":"Foxj2","len":8,"ltrim":0,"rtrim":0,"nsites":999,"url":"http://jaspar2018.genereg.net/matrix/MA0614.1","pwm":[[0.461444,2.08388e-05,0.538506,2.92063e-05],[0.0500742,0.0250433,2.08388e-05,0.924862],[0.79495,0.205,2.08388e-05,2.92063e-05],[0.977909,2.08388e-05,2.08388e-05,0.022049],[0.999929,2.08388e-05,2.08388e-05,2.92063e-05],[2.92063e-05,0.953925,2.08388e-05,0.0460246],[0.999929,2.08388e-05,2.08388e-05,2.92063e-05],[0.593564,0.125133,0.125133,0.15617]]},{"db":2,"id":"MA0648.1","alt":"GSC","len":10,"ltrim":2,"rtrim":2,"nsites":6082,"url":"http://jaspar2018.genereg.net/matrix/MA0648.1","pwm":[[0.205361,0.314368,0.33525,0.14502],[0.157049,0.474425,0.0909409,0.277586],[4.79768e-06,0.00880528,3.42316e-06,0.991187],[0.947628,0.0110672,0.02743,0.0138736],[0.999988,3.42316e-06,3.42316e-06,4.79768e-06],[4.79768e-06,0.00400336,0.023043,0.972949],[0.0537789,0.786055,0.0584305,0.101735],[0.0378512,0.730617,0.0994848,0.132047],[0.13748,0.39434,0.284821,0.18336],[0.1804,0.361286,0.101794,0.356519]]},{"db":2,"id":"MA0684.1","alt":"RUNX3","len":10,"ltrim":0,"rtrim":0,"nsites":7635,"url":"http://jaspar2018.genereg.net/matrix/MA0684.1","pwm":[[0.517613,0.198428,0.0209585,0.262999],[0.681963,0.0618039,0.217112,0.0391213],[0.926691,0.0401722,0.0331333,3.82182e-06],[0.000396817,0.999597,2.72688e-06,3.82182e-06],[3.82182e-06,0.997117,0.00287569,3.82182e-06],[0.385785,0.0098056,0.599118,0.00529175],[0.00384277,0.97721,0.0122886,0.00665873],[0.910123,0.0438642,0.0240784,0.0219345],[0.670584,0.0891386,0.155617,0.0846607],[0.541058,0.15691,0.112771,0.189261]]},{"db":2,"id":"MA0691.1","alt":"TFAP4","len":10,"ltrim":0,"rtrim":0,"nsites":4488,"url":"http://jaspar2018.genereg.net/matrix/MA0691.1","pwm":[[0.762691,0.11141,0.075092,0.0508074],[0.535594,0.135452,0.0153853,0.31357],[6.50163e-06,0.999982,4.63894e-06,6.50163e-06],[0.9994,0.000588626,4.63894e-06,6.50163e-06],[0.000574489,0.0241241,0.971322,0.00397941],[0.00600837,0.978263,0.0140083,0.00172146],[0.000298495,0.000296632,4.63894e-06,0.9994],[6.50163e-06,0.000296632,0.99969,6.50163e-06],[0.467696,0.029461,0.0860497,0.416793],[0.0618201,0.140997,0.0895206,0.707661]]},{"db":2,"id":"MA0710.1","alt":"NOTO","len":10,"ltrim":1,"rtrim":2,"nsites":21405,"url":"http://jaspar2018.genereg.net/matrix/MA0710.1","pwm":[[0.263069,0.265452,0.305022,0.166457],[0.0339542,0.613527,0.0270668,0.325452],[0.214566,0.120964,0.0173249,0.647144],[0.700671,0.292875,9.72666e-07,0.00645333],[0.999997,9.72666e-07,9.72666e-07,1.36323e-06],[1.36323e-06,9.72666e-07,9.72666e-07,0.999997],[0.0168003,0.00278596,0.0189559,0.961458],[0.843843,9.72666e-07,0.0810936,0.075062],[0.328