<!DOCTYPE HTML>
<html>
  <head>
    <meta charset="UTF-8">
    <title>SpaMo - Spaced Motif Analysis</title>
    <script type="text/javascript">
      //@JSON_VAR data
      var data = {"program":"SpaMo","version":"4.12.0","revision":"aacc9c3eb8c7b460b344d5c8aa1458097dae704d","release":"Tue Jun 27 16:22:50 2017 -0700","host":"Sudins-iMac.local","when":"Thu May 24 18:47:00 2018","cmd":["spamo","-verbosity","1","-oc","results/AHRpeaks_withAHREs.bed-399.fa/hocomoco/spamo_out_9","-bgfile","results/AHRpeaks_withAHREs.bed-399.fa/hocomoco/background","-primary","GAKAA","results/AHRpeaks_withAHREs.bed-399.fa/hocomoco/AHRpeaks_withAHREs.bed-399.fa","results/AHRpeaks_withAHREs.bed-399.fa/hocomoco/dreme_out/dreme.xml","results/AHRpeaks_withAHREs.bed-399.fa/hocomoco/meme_out/meme.xml","results/AHRpeaks_withAHREs.bed-399.fa/hocomoco/dreme_out/dreme.xml","/Users/filipov4/meme/db/motif_databases/HUMAN/HOCOMOCOv11_full_HUMAN_mono_meme_format.meme"],"options":{"seq_min_hit_score":7,"margin":150,"bin_size":1,"bin_pvalue_calc_range":150,"use_best_secondary":0,"seq_max_shared_fract":0.5,"seq_odds_ratio":20,"bin_pvalue_cutoff":0.05,"motif_evalue_cutoff":10,"redundant_overlap":2,"redundant_joint":0.5,"motif_pseudocount":0.1,"bgfile":"results/AHRpeaks_withAHREs.bed-399.fa/hocomoco/background","motif_trim":0.25,"xalph":0,"seed":1,"bin_max":10},"alphabet":{"name":"DNA","like":"dna","ncore":4,"symbols":[{"symbol":"A","name":"Adenine","colour":"CC0000","complement":"T"},{"symbol":"C","name":"Cytosine","colour":"0000CC","complement":"G"},{"symbol":"G","name":"Guanine","colour":"FFB300","complement":"C"},{"symbol":"T","aliases":"U","name":"Thymine","colour":"008000","complement":"A"},{"symbol":"N","aliases":"X.","name":"Any base","equals":"ACGT"},{"symbol":"V","name":"Not T","equals":"ACG"},{"symbol":"H","name":"Not G","equals":"ACT"},{"symbol":"D","name":"Not C","equals":"AGT"},{"symbol":"B","name":"Not A","equals":"CGT"},{"symbol":"M","name":"Amino","equals":"AC"},{"symbol":"R","name":"Purine","equals":"AG"},{"symbol":"W","name":"Weak","equals":"AT"},{"symbol":"S","name":"Strong","equals":"CG"},{"symbol":"Y","name":"Pyrimidine","equals":"CT"},{"symbol":"K","name":"Keto","equals":"GT"}]},"background":[0.2648,0.2352,0.2352,0.2648],"sequence_dbs":[{"source":"results/AHRpeaks_withAHREs.bed-399.fa/hocomoco/AHRpeaks_withAHREs.bed-399.fa","name":"AHRpeaks_withAHREs.bed-399","last_modified":"Thu May 24 11:14:35 2018","loaded":1342,"excluded_too_short":0,"excluded_no_match":734,"excluded_ambigs":0,"excluded_similar":5,"erased_primary_matches":881}],"primary_dbs":[{"source":"results/AHRpeaks_withAHREs.bed-399.fa/hocomoco/dreme_out/dreme.xml","name":"dreme.xml","last_modified":"Thu May 24 18:45:34 2018","loaded":6,"excluded":5}],"secondary_dbs":[{"source":"results/AHRpeaks_withAHREs.bed-399.fa/hocomoco/meme_out/meme.xml","name":"meme.xml","last_modified":"Thu May 24 18:44:42 2018","loaded":7,"excluded":0},{"source":"results/AHRpeaks_withAHREs.bed-399.fa/hocomoco/dreme_out/dreme.xml","name":"dreme.xml","last_modified":"Thu May 24 18:45:34 2018","loaded":7,"excluded":1},{"source":"/Users/filipov4/meme/db/motif_databases/HUMAN/HOCOMOCOv11_full_HUMAN_mono_meme_format.meme","name":"HOCOMOCOv11_full_HUMAN_mono_meme_format","last_modified":"Wed Dec  6 21:59:30 2017","loaded":771,"excluded":0}],"secondary_motifs":[{"db":0,"id":"TCCAGCCTGGGTSACAGAGYRASAYYCC","alt":"MEME-4","len":28,"ltrim":0,"rtrim":0,"nsites":8,"evalue":"1.1e-013","pwm":[[0.00326914,0.12636,0.12636,0.74401],[0.00326914,0.990558,0.0029037,0.00326914],[0.00326914,0.990558,0.0029037,0.00326914],[0.867467,0.12636,0.0029037,0.00326914],[0.250183,0.0029037,0.743644,0.00326914],[0.00326914,0.743644,0.249817,0.00326914],[0.00326914,0.867101,0.0029037,0.126726],[0.00326914,0.0029037,0.0029037,0.990923],[0.00326914,0.0029037,0.990558,0.00326914],[0.00326914,0.12636,0.867101,0.00326914],[0.126726,0.0029037,0.867101,0.00326914],[0.00326914,0.12636,0.0029037,0.867467],[0.00326914,0.373274,0.620188,0.00326914],[0.990923,0.0029037,0.0029037,0.00326914],[0.00326914,0.867101,0.0029037,0.126726],[0.74401,0.12636,0.12636,0.00326914],[0.00326914,0.12636,0.867101,0.00326914],[0.74401,0.0029037,0.249817,0.00326914],[0.00326914,0.0029037,0.990558,0.00326914],[0.00326914,0.496731,0.0029037,0.497096],[0.497096,0.12636,0.373274,0.00326914],[0.990923,0.0029037,0.0029037,0.00326914],[0.00326914,0.373274,0.620188,0.00326914],[0.990923,0.0029037,0.0029037,0.00326914],[0.00326914,0.373274,0.12636,0.497096],[0.00326914,0.373274,0.12636,0.497096],[0.00326914,0.743644,0.12636,0.126726],[0.00326914,0.620188,0.12636,0.250183]]},{"db":2,"id":"E2F6_HUMAN.H11MO.0.A","len":13,"ltrim":1,"rtrim":2,"nsites":500,"evalue":"1.0e+000","url":"http://hocomoco.autosome.ru/motif/E2F6_HUMAN.H11MO.0.A","pwm":[[0.337985,0.148017,0.341979,0.172019],[0.262001,0.0340402,0.555936,0.148023],[0.154022,0.126022,0.699907,0.020049],[0.0100509,0.0160438,0.963854,0.0100509],[0.21401,0.707905,0.0120446,0.0660398],[0.040045,0.0180434,0.893868,0.0480434],[0.0240482,0.0480374,0.895868,0.0320466],[0.0720386,0.0440382,0.871873,0.0120505],[0.941865,0.0320406,0.0140442,0.0120505],[0.511951,0.0360398,0.43596,0.0160498],[0.383976,0.108025,0.437959,0.070039],[0.277997,0.218003,0.377971,0.126028],[0.275998,0.162015,0.425962,0.136026]]},{"db":2,"id":"EOMES_HUMAN.H11MO.0.D","len":12,"ltrim":1,"rtrim":0,"nsites":375,"evalue":"1.0e+000","url":"http://hocomoco.autosome.ru/motif/EOMES_HUMAN.H11MO.0.D","pwm":[[0.46071,0.10675,0.287271,0.145269],[0.253926,0.0509384,0.465375,0.229761],[0.220236,0.188872,0.447204,0.143688],[0.834407,0.00815228,0.0691305,0.0883098],[0.265741,6.27033e-05,0.678402,0.0557943],[0.0209252,0.0840217,0.884442,0.0106107],[0.0236091,0.00282306,0.0155299,0.958038],[7.05945e-05,0.00543824,0.991829,0.00266222],[0.363881,0.1811,0.0268572,0.428161],[0.053096,0.168746,0.342996,0.435162],[0.898492,0.00821315,0.0321912,0.061104],[0.656819,0.0351926,0.262853,0.045136]]},{"db":2,"id":"KLF1_HUMAN.H11MO.0.A","len":14,"ltrim":0,"rtrim":0,"nsites":489,"evalue":"1.0e+000","url":"http://hocomoco.autosome.ru/motif/KLF1_HUMAN.H11MO.0.A","pwm":[[0.339453,0.0327612,0.386472,0.241314],[0.00414328,0.00209266,0.989621,0.00414328],[0.00209871,0.00413723,0.987576,0.00618786],[5.41402e-05,4.80883e-05,0.997799,0.00209871],[0.0920599,0.527548,4.80883e-05,0.380344],[0.0143661,4.80883e-05,0.977353,0.00823243],[0.024589,0.0102709,0.535726,0.429414],[0.038901,0.00413723,0.903749,0.053213],[0.024589,0.0225384,0.862857,0.0900153],[0.0613913,0.68498,0.167703,0.0859262],[0.167709,0.458032,0.0940984,0.28016],[0.143174,0.198372,0.472344,0.18611],[0.104327,0.202461,0.529592,0.16362],[0.112506,0.161569,0.623642,0.102283]]},{"db":2,"id":"KLF5_HUMAN.H11MO.0.A","len":14,"ltrim":0,"rtrim":2,"nsites":500,"evalue":"1.0e+000","url":"http://hocomoco.autosome.ru/motif/KLF5_HUMAN.H11MO.0.A","pwm":[[0.421969,0.0340402,0.204006,0.339985],[0.0460438,0.00404623,0.943858,0.00605175],[0.00805135,0.00804543,0.967853,0.0160498],[0.0240482,0.0360398,0.929861,0.0100509],[0.178017,0.18401,0.00804543,0.629927],[0.0460438,0.00204663,0.941859,0.0100509],[0.040045,0.010045,0.543938,0.405972],[0.0160498,4.70306e-05,0.963854,0.020049],[0.050043,0.030041,0.829881,0.090035],[0.106032,0.63392,0.110025,0.150023],[0.248003,0.182011,0.192009,0.377977],[0.104032,0.13602,0.605926,0.154022],[0.154022,0.124022,0.501947,0.220009],[0.148023,0.210005,0.493948,0.148023]]},{"db":2,"id":"NKX31_HUMAN.H11MO.0.C","len":12,"ltrim":1,"rtrim":1,"nsites":500,"evalue":"1.0e+000","url":"http://hocomoco.autosome.ru/motif/NKX31_HUMAN.H11MO.0.C","pwm":[[0.190015,0.196008,0.321983,0.291995],[0.0860358,0.251997,0.0980274,0.56394],[0.252003,0.108025,0.152017,0.487955],[0.759901,0.0540362,0.172013,0.0140501],[0.959861,0.00204663,0.020043,0.0180494],[0.00405215,0.00404623,0.98585,0.00605175],[0.0880354,0.00204663,0.0180434,0.891875],[0.170019,0.0140442,0.803886,0.0120505],[0.0180494,0.451957,0.265994,0.264],[0.142025,0.255996,0.0380394,0.56394],[0.156022,0.0860298,0.106026,0.651923],[0.279997,0.0840302,0.295988,0.339985]]},{"db":2,"id":"PAX5_HUMAN.H11MO.0.A","len":21,"ltrim":0,"rtrim":0,"nsites":202,"evalue":"1.0e+000","url":"http://hocomoco.autosome.ru/motif/PAX5_HUMAN.H11MO.0.A","pwm":[[0.133728,0.282155,0.504817,0.0792998],[0.12878,0.499869,0.188142,0.183209],[0.148572,0.415752,0.331635,0.10404],[0.203001,0.0545449,0.257415,0.485039],[0.198053,0.0446488,0.752219,0.00507907],[0.158468,0.138662,0.539453,0.163417],[0.0248713,0.118869,0.62357,0.232689],[0.0347673,0.87592,0.0594929,0.0298193],[0.781922,0.0347527,0.163402,0.0199232],[0.386079,0.113921,0.465233,0.0347673],[0.0347673,0.732427,0.128766,0.10404],[0.410819,0.267311,0.277207,0.0446634],[0.311858,0.0199086,0.618622,0.0496115],[0.682961,0.0397007,0.163402,0.113936],[0.0347673,0.163402,0.772011,0.0298193],[0.0100271,0.781908,0.0446488,0.163417],[0.217845,0.0347527,0.717583,0.0298193],[0.321754,0.0298047,0.158454,0.489988],[0.173313,0.0298047,0.791804,0.00507907],[0.81161,0.0347527,0.104025,0.0496115],[0.118884,0.8017,0.0298047,0.0496115]]},{"db":2,"id":"SP4_HUMAN.H11MO.0.A","len":20,"ltrim":2,"rtrim":1,"nsites":499,"evalue":"1.0e+000","url":"http://hocomoco.autosome.ru/motif/SP4_HUMAN.H11MO.0.A","pwm":[[0.222453,0.248494,0.454866,0.0741865],[0.266533,0.148314,0.46288,0.122273],[0.140306,0.180372,0.605136,0.0741865],[0.404782,0.250498,0.248494,0.0962262],[0.527002,0.112249,0.224451,0.136298],[0.346677,0.026094,0.549035,0.0781937],[0.230468,0.0180796,0.637194,0.114259],[0.34267,0.0200832,0.615154,0.0220927],[0.0681757,0.0120688,0.90167,0.0180855],[0.036118,0.00405434,0.935731,0.0240963],[0.124277,0.769432,0.0100652,0.0962262],[0.056154,0.016076,0.855587,0.0721829],[0.0541504,0.0180796,0.861598,0.0661721],[0.352688,0.0301012,0.567068,0.0501432],[0.214439,0.0100652,0.747392,0.0281035],[0.19841,0.597122,0.142303,0.0621649],[0.2485,0.414794,0.124271,0.212435],[0.326641,0.0781878,0.364704,0.230468],[0.302598,0.112249,0.498945,0.0862081],[0.332652,0.142303,0.430823,0.0942226]]},{"db":2,"id":"TBX21_HUMAN.H11MO.0.A","len":13,"ltrim":2,"rtrim":1,"nsites":494,"evalue":"1.0e+000","url":"http://hocomoco.autosome.ru/motif/TBX21_HUMAN.H11MO.0.A","pwm":[[0.214585,0.202436,0.43923,0.143749],[0.214585,0.115409,0.315773,0.354233],[0.127558,0.186245,0.572806,0.113391],[0.329946,0.109337,0.333988,0.226728],[0.491857,0.0526685,0.321845,0.13363],[0.190298,0.00814313,0.700311,0.101248],[0.0567223,0.297558,0.60114,0.044579],[0.0486268,0.00814313,0.00814313,0.935087],[0.00207747,0.00207148,0.967463,0.0283879],[0.147797,0.125528,0.121481,0.605194],[0.0425551,0.163982,0.613284,0.180179],[0.601146,0.0182625,0.317797,0.0627939],[0.376496,0.190292,0.259104,0.174107]]},{"db":2,"id":"ZBT18_HUMAN.H11MO.0.C","len":11,"ltrim":0,"rtrim":1,"nsites":500,"evalue":"1.0e+000","url":"http://hocomoco.autosome.ru/motif/ZBT18_HUMAN.H11MO.0.C","pwm":[[0.0740382,0.144018,0.279991,0.501953],[0.11603,0.7359,0.144018,0.00405215],[0.00805135,0.98385,0.00204663,0.00605175],[0.971859,0.0120446,0.00604583,0.0100509],[0.00405215,0.0140442,0.865874,0.11603],[0.447963,0.367973,0.030041,0.154022],[0.00405215,0.010045,0.108025,0.877877],[0.00205255,0.0240422,0.947857,0.0260478],[0.122029,0.267993,0.0120446,0.597933],[0.060041,0.050037,0.449957,0.439965],[0.090035,0.265994,0.423962,0.220009]]},{"db":2,"id":"ZN121_HUMAN.H11MO.0.C","len":20,"ltrim":0,"rtrim":0,"nsites":486,"evalue":"1.0e+000","url":"http://hocomoco.autosome.ru/motif/ZN121_HUMAN.H11MO.0.C","pwm":[[0.0267979,0.917555,0.028849,0.0267979],[0.0823421,0.0350206,0.0843932,0.798244],[0.0123976,0.0123915,0.958699,0.016512],[0.0370839,0.0247347,0.934013,0.00416885],[0.092628,0.0679357,0.83321,0.00622604],[0.0350267,0.921669,0.0350206,0.00828323],[0.827045,0.0926219,0.0617641,0.0185692],[0.812644,0.0617641,0.0987935,0.0267979],[0.0432555,0.750923,0.0905647,0.115257],[0.841445,0.0370778,0.0926219,0.0288551],[0.0391411,0.220168,0.300398,0.440293],[0.824988,0.028849,0.0453066,0.100857],[0.0226836,0.0350206,0.917555,0.0247408],[0.0329695,0.571947,0.0370778,0.358006],[0.448522,0.0802788,0.43823,0.0329695],[0.872303,0.0247347,0.0699928,0.0329695],[0.0226836,0.0206203,0.942241,0.0144548],[0.864074,0.0453066,0.0699928,0.0206264],[0.0288551,0.80441,0.039135,0.1276],[0.0329695,0.773552,0.0453066,0.148172]]},{"db":2,"id":"ZN708_HUMAN.H11MO.1.D","len":9,"ltrim":0,"rtrim":0,"nsites":439,"evalue":"1.0e+000","url":"http://hocomoco.autosome.ru/motif/ZN708_HUMAN.H11MO.1.D","pwm":[[0.885963,0.00233095,0.0706525,0.0410532],[0.0137246,5.35641e-05,0.929227,0.0569949],[0.0114472,0.0592656,0.920117,0.00916985],[0.0615497,0.41226,0.0182726,0.507917],[0.922401,0.0251048,0.0159953,0.0364985],[0.0137246,0.835854,0.0433239,0.107097],[0.901905,0.00688572,0.0683751,0.0228342],[0.00689246,0.00688572,0.972497,0.0137246],[0.0979879,0.794861,0.0524334,0.0547176]]},{"db":2,"id":"ZN770_HUMAN.H11MO.1.C","len":11,"ltrim":1,"rtrim":0,"nsites":491,"evalue":"1.0e+000","url":"http://hocomoco.autosome.ru/motif/ZN770_HUMAN.H11MO.1.C","pwm":[[0.242367,0.10186,0.419514,0.236258],[0.134446,0.0163379,0.836945,0.0122714],[0.00209016,0.00208414,0.995772,5.39198e-05],[0.997814,4.78925e-05,4.78925e-05,0.00209016],[0.00209016,0.00208414,0.993736,0.00209016],[5.39198e-05,0.00208414,0.989663,0.0081989],[0.00412641,0.987627,0.00208414,0.00616266],[0.0448513,0.317702,0.00208414,0.635362],[0.120192,0.0692802,0.792147,0.0183801],[0.498934,0.105933,0.340101,0.0550325],[0.167026,0.138513,0.643501,0.05096]]}],"sequence_names":["chr10:112617100-112617749","chr10:120766300-120767149","chr10:52359950-52360349","chr10:74003800-74004399","chr10:98049250-98049799","chr11:10416100-10416699","chr11:115812000-115812749","chr11:123015750-123016399","chr11:48077300-48077949","chr11:63332400-63332999","chr11:64644450-64644899","chr11:67348700-67349499","chr11:67449250-67449849","chr11:82611400-82612299","chr12:112574650-112575299","chr12:116940650-116941599","chr12:117135300-117136449","chr12:117173800-117174449","chr12:122915850-122916499","chr12:125412350-125412899","chr12:44919550-44920049","chr12:58926300-58927399","chr13:20368400-20369399","chr13:26641650-26642249","chr13:28530850-28531499","chr13:33693650-33694849","chr13:94128350-94128999","chr13:96890450-96891699","chr14:27429200-27430099","chr14:36852850-36853499","chr14:77513000-77513549","chr14:88934450-88935749","chr15:50507600-50508449","chr15:67155150-67155949","chr15:75871850-75872299","chr15:93288900-93289599","chr16:31085200-31085799","chr16:68036400-68037099","chr16:68692250-68692949","chr16:69757550-69758099","chr16:73030450-73031449","chr16:75593950-75594449","chr16:76171650-76172399","chr16:80653450-80654349","chr16:84918050-84918599","chr16:85651500-85652249","chr16:87840300-87841199","chr17:38182200-38182749","chr17:38478550-38479049","chr17:39571650-39572499","chr17:65633800-65635149","chr18:55396150-55396849","chr19:18867400-18867999","chr19:42278200-42278949","chr19:44019900-44020399","chr19:56037600-56038199","chr1:111288800-111289549","chr1:112055950-112056449","chr1:150254150-150254749","chr1:201987600-201988749","chr1:235110250-235111599","chr1:24701200-24702349","chr1:27866550-27867549","chr1:42255300-42256049","chr1:42639650-42640049","chr1:54481750-54482449","chr1:94510900-94511499","chr1:97437550-97438249","chr20:50077100-50077749","chr20:52522700-52523299","chr20:58628200-58628949","chr21:35816650-35817199","chr21:38219100-38219799","chr21:41754300-41755199","chr21:41816800-41817649","chr21:45029450-45030099","chr21:46131500-46131899","chr22:24198650-24199249","chr22:26338850-26339549","chr22:30190600-30191349","chr22:31975900-31976299","chr22:36000800-36001349","chr2:106778150-106778699","chr2:121154550-121155049","chr2:128458100-128458699","chr2:154449550-154450049","chr2:178127800-178128449","chr2:205838300-205838799","chr2:216483700-216484349","chr2:233250350-233250949","chr2:28498800-28499499","chr2:28600050-28600799","chr2:65048650-65049099","chr2:97554050-97554599","chr3:11816850-11817349","chr3:124556500-124557099","chr3:158489550-158490399","chr3:161134700-161135149","chr3:193552250-193552899","chr3:39194100-39194499","chr3:40509300-40510149","chr3:50160350-50160899","chr3:73518350-73519149","chr3:8541950-8542799","chr4:164225300-164225749","chr4:3781850-3782599","chr4:75579300-75580049","chr5:101842050-101842549","chr5:14187700-14188249","chr5:67845000-67845699","chr5:81046600-81046999","chr5:98937450-98938299","chr6:12336300-12336849","chr6:13873250-13873949","chr6:16849450-16849999","chr6:170589100-170589699","chr6:33512150-33512849","chr6:36992250-36992799","chr6:44826100-44826549","chr6:45677850-45678899","chr7:105712450-105713699","chr7:12584050-12584549","chr7:128236200-128237049","chr7:130858200-130858649","chr7:155115450-155116449","chr7:157197550-157198249","chr7:44573650-44574349","chr7:80506100-80506749","chr7:99935600-99936249","chr8:101758250-101759149","chr8:128812700-128813899","chr8:128878000-128878549","chr8:128882450-128883449","chr8:129151850-129152649","chr8:18858250-18858849","chr8:37455800-37456649","chr8:80844600-80845299","chr9:128058900-128059699","chr9:130784250-130784699","chr9:18976550-18976999","chr9:74340500-74341349","chrX:13687150-13687949","chrX:22135550-22136099","chrX:39473500-39474049","chrX:78094300-78095449"],"primaries":[{"motif":{"db":0,"id":"GAKAA","alt":"DREME-4","len":5,"ltrim":0,"rtrim":0,"nsites":744,"evalue":"8.7e-007","pwm":[[3.55866e-05,3.16087e-05,0.999897,3.55866e-05],[0.999901,3.16087e-05,3.16087e-05,3.55866e-05],[3.55866e-05,3.16087e-05,0.565816,0.434117],[0.999901,3.16087e-05,3.16087e-05,3.55866e-05],[0.999901,3.16087e-05,3.16087e-05,3.55866e-05]]},"secondaries":[[{"idx":0,"counts":[[0,0,0,0,0,0,0,0,0,0,0,0,0,0,0,0,0,0,0,0,0,0,0,0,0,0,0,0,0,0,0,0,0,0,0,0,1,0,1,0,0,0,0,0,0,0,0,0,1,0,0,0,0,0,0,0,0,0,0,0,0,1,0,0,0,1,0,0,0,0,0,0,0,0,0,0,0,0,0,0,0,0,0,0,0,0,0,0,0,0,0,0,0,0,0,0,0,0,0,0,0,0,0,0,0,0,0,0,0,0,0,0,0,0,0,0,0,0,0,0,0,0,0,0],[0,0,0,0,0,0,0,0,0,0,0,0,0,0,0,0,0,0,0,1,0,0,0,0,0,0,0,0,0,0,0,0,0,0,0,0,0,0,0,0,0,0,0,0,0,0,0,0,0,0,0,0,0,0,4,0,1,0,0,0,0,0,0,0,0,0,0,0,0,0,0,0,0,0,0,0,0,0,0,0,0,0,0,0,0,0,0,0,0,0,0,0,0,0,0,0,0,0,0,0,0,0,0,0,0,0,0,0,0,0,0,0,0,0,0,0,0,0,0,0,0,0,0,0],[0,0,0,0,0,0,0,0,0,0,0,0,0,0,0,0,0,0,0,0,0,0,0,0,0,0,0,0,0,0,0,0,0,0,0,0,0,0,0,0,0,0,0,0,0,0,0,0,0,0,0,0,0,0,0,0,0,0,0,0,0,0,0,0,0,0,0,0,0,0,0,0,0,0,0,0,0,0,0,0,0,0,0,0,0,0,0,0,0,0,0,0,0,0,0,0,0,0,0,0,0,0,0,0,0,0,0,0,0,0,0,0,0,0,0,0,0,0,0,0,0,0,0,0],[0,0,0,0,0,0,0,0,0,0,0,0,0,0,0,0,0,0,0,0,0,0,0,0,0,0,0,0,0,0,0,0,0,0,0,0,0,0,0,0,0,0,0,0,0,1,1,0,0,0,0,0,0,0,0,0,0,0,0,0,0,0,0,0,0,0,0,0,0,0,0,0,0,0,0,0,0,0,0,0,0,0,0,0,0,0,1,0,0,0,0,0,0,0,1,0,1,0,0,0,0,1,0,0,0,0,0,0,0,0,0,0,1,0,0,0,0,0,0,0,0,0,0,0]],"spacings":[{"orient":1,"bin":54,"pvalue":5.10471e-08,"inferred_pwm":[[0,0,0.25,0.75],[0,1,0,0],[0,1,0,0],[1,0,0,0],[0.25,0,0.75,0],[0,1,0,0],[0,1,0,0],[0,0,0,1],[0,0,1,0],[0,0,1,0],[0,0,1,0],[0,0.25,0,0.75],[0,0.25,0.75,0],[1,0,0,0],[0,0.75,0,0.25],[1,0,0,0],[0,0,1,0],[0.75,0,0.25,0],[0,0,1,0],[0,0.75,0,0.25],[0.5,0,0.5,0],[1,0,0,0],[0,0,1,0],[1,0,0,0],[0,0.75,0,0.25],[0,0,0,1],[0.25,0.75,0,0],[0.25,0.5,0,0.25]],"alignment_pwm":[null,[[0.5,0.25,0,0.25],[0.25,0,0.25,0.5],[0.25,0.5,0.25,0],[0,0.25,0.75,0],[0.5,0,0,0.5],[0.25,0.25,0.5,0],[0.5,0.5,0,0],[0.75,0,0.25,0],[0.5,0.25,0,0.25],[0,0.5,0.25,0.25],[0,0.5,0.5,0],[0.25,0.5,0,0.25],[0.25,0.5,0.25,0],[0.75,0,0.25,0],[0.5,0,0,0.5],[0.25,0.5,0,0.25],[0.25,0.25,0,0.5],[0.25,0.75,0,0],[0,0.25,0,0.75],[0.5,0,0.25,0.25],[0,0.75,0.25,0],[0,0.25,0,0.75],[0.25,0.25,0.5,0],[0.5,0,0.25,0.25],[0.5,0.25,0,0.25],[0.5,0,0.25,0.25],[1,0,0,0],[0,0.25,0.25,0.5],[0.5,0,0,0.5],[0.25,0.75,0,0],[1,0,0,0],[0.75,0,0.25,0],[0.75,0.25,0,0],[0.5,0.25,0,0.25],[0.75,0,0,0.25],[0.25,0,0.25,0.5],[0,0.25,0,0.75],[0.5,0,0,0.5],[0.25,0,0.5,0.25],[0.25,0.5,0,0.25],[0.25,0.25,0.25,0.25],[0.25,0,0.25,0.5],[0,0,0.5,0.5],[0.25,0,0.5,0.25],[0,0.75,0,0.25],[0.25,0,0.5,0.25],[0.25,0,0.25,0.5],[0.5,0,0.5,0],[0.5,0,0.5,0],[0.5,0,0,0.5],[0.25,0.5,0,0.25],[0.5,0,0,0.5],[0,0.5,0,0.5],[0.25,0,0.75,0],[0,0.5,0.25,0.25],[0.5,0.5,0,0],[0.25,0.5,0,0.25],[0,0,0.75,0.25],[0,0.25,0.5,0.25],[0,0.5,0.5,0],[0.25,0,0,0.75],[0.25,0,0.75,0],[0.25,0.25,0.25,0.25],[0.5,0.25,0.25,0],[0.75,0,0.25,0],[0,0,0.25,0.75],[0,0.5,0.25,0.25],[0,0.75,0.25,0],[0,1,0,0],[0.75,0,0.25,0],[0,0,0.75,0.25],[0,0.75,0.25,0],[0,0,0,1],[0.75,0,0.25,0],[0,0.75,0,0.25],[0,0.25,0,0.75],[0,0.75,0,0.25],[0.5,0,0.5,0],[0,0,1,0],[0.25,0,0.75,0],[1,0,0,0],[0,0,1,0],[0,0,1,0],[0,1,0,0],[0,0,0,1],[0,0,1,0],[1,0,0,0],[0,0,1,0],[0.25,0,0.75,0],[0.25,0.75,0,0],[1,0,0,0],[0,0,1,0],[0,0,1,0],[1,0,0,0],[0,0,1,0],[1,0,0,0],[1,0,0,0],[0,0,0,1],[0,0.25,0.25,0.5],[0,0,1,0],[0,1,0,0],[0.25,0,0,0.75],[0,0.25,0,0.75],[0,0,1,0],[1,0,0,0],[1,0,0,0],[0,1,0,0],[0,1,0,0],[0,0.75,0,0.25],[0.25,0.25,0.5,0],[0,0,1,0],[0,0,1,0],[0.75,0,0.25,0],[0,0,1,0],[0,0,1,0],[0,0.5,0,0.5],[0.5,0,0.5,0],[0,0,1,0],[1,0,0,0],[0,0,1,0],[0,0.25,0.75,0],[0,0,0,1],[0,0,0.25,0.75],[0,0,1,0],[0,1,0,0],[0.75,0,0.25,0],[0,0,1,0],[0,0,0,1],[0,0,1,0],[1,0,0,0],[0,0,1,0],[0,0.75,0,0.25],[0,0.75,0,0.25],[0,0,1,0],[1,0,0,0],[0,0,1,0],[1,0,0,0],[0,0,0,1],[0,1,0,0],[0.5,0,0.5,0],[0,0.25,0,0.75],[0,0,1,0],[0,1,0,0],[0,1,0,0],[1,0,0,0],[0,0.5,0,0.5],[0,0,0,1],[0,0,1,0],[0,1,0,0],[1,0,0,0],[0,0.75,0,0.25],[0,0,0.25,0.75],[0,1,0,0],[0,1,0,0],[1,0,0,0],[0.25,0,0.75,0],[0,1,0,0],[0,1,0,0],[0,0,0,1],[0,0,1,0],[0,0,1,0],[0,0,1,0],[0,0.25,0,0.75],[0,0.25,0.75,0],[1,0,0,0],[0,0.75,0,0.25],[1,0,0,0],[0,0,1,0],[0.75,0,0.25,0],[0,0,1,0],[0,0.75,0,0.25],[0.5,0,0.5,0],[1,0,0,0],[0,0,1,0],[1,0,0,0],[0,0.75,0,0.25],[0,0,0,1],[0.25,0.75,0,0],[0.25,0.5,0,0.25],[0.5,0,0.5,0],[0,0,0,1],[0,1,0,0],[0,0,0,1],[0.25,0.75,0,0],[1,0,0,0],[1,0,0,0],[1,0,0,0],[0.5,0.5,0,0],[1,0,0,0]],null,null],"seqs":[14,116,123,128]},{"orient":6,"bin":54,"pvalue":7.9835e-07,"inferred_pwm":[[0,0,0.25,0.75],[0,1,0,0],[0,1,0,0],[1,0,0,0],[0.25,0,0.75,0],[0,1,0,0],[0,1,0,0],[0,0,0,1],[0,0,1,0],[0,0,1,0],[0,0,1,0],[0,0.25,0,0.75],[0,0.25,0.75,0],[1,0,0,0],[0,0.75,0,0.25],[1,0,0,0],[0,0,1,0],[0.75,0,0.25,0],[0,0,1,0],[0,0.75,0,0.25],[0.5,0,0.5,0],[1,0,0,0],[0,0,1,0],[1,0,0,0],[0,0.75,0,0.25],[0,0,0,1],[0.25,0.75,0,0],[0.25,0.5,0,0.25]],"alignment_pwm":[null,[[0.5,0.25,0,0.25],[0.25,0,0.25,0.5],[0.25,0.5,0.25,0],[0,0.25,0.75,0],[0.5,0,0,0.5],[0.25,0.25,0.5,0],[0.5,0.5,0,0],[0.75,0,0.25,0],[0.5,0.25,0,0.25],[0,0.5,0.25,0.25],[0,0.5,0.5,0],[0.25,0.5,0,0.25],[0.25,0.5,0.25,0],[0.75,0,0.25,0],[0.5,0,0,0.5],[0.25,0.5,0,0.25],[0.25,0.25,0,0.5],[0.25,0.75,0,0],[0,0.25,0,0.75],[0.5,0,0.25,0.25],[0,0.75,0.25,0],[0,0.25,0,0.75],[0.25,0.25,0.5,0],[0.5,0,0.25,0.25],[0.5,0.25,0,0.25],[0.5,0,0.25,0.25],[1,0,0,0],[0,0.25,0.25,0.5],[0.5,0,0,0.5],[0.25,0.75,0,0],[1,0,0,0],[0.75,0,0.25,0],[0.75,0.25,0,0],[0.5,0.25,0,0.25],[0.75,0,0,0.25],[0.25,0,0.25,0.5],[0,0.25,0,0.75],[0.5,0,0,0.5],[0.25,0,0.5,0.25],[0.25,0.5,0,0.25],[0.25,0.25,0.25,0.25],[0.25,0,0.25,0.5],[0,0,0.5,0.5],[0.25,0,0.5,0.25],[0,0.75,0,0.25],[0.25,0,0.5,0.25],[0.25,0,0.25,0.5],[0.5,0,0.5,0],[0.5,0,0.5,0],[0.5,0,0,0.5],[0.25,0.5,0,0.25],[0.5,0,0,0.5],[0,0.5,0,0.5],[0.25,0,0.75,0],[0,0.5,0.25,0.25],[0.5,0.5,0,0],[0.25,0.5,0,0.25],[0,0,0.75,0.25],[0,0.25,0.5,0.25],[0,0.5,0.5,0],[0.25,0,0,0.75],[0.25,0,0.75,0],[0.25,0.25,0.25,0.25],[0.5,0.25,0.25,0],[0.75,0,0.25,0],[0,0,0.25,0.75],[0,0.5,0.25,0.25],[0,0.75,0.25,0],[0,1,0,0],[0.75,0,0.25,0],[0,0,0.75,0.25],[0,0.75,0.25,0],[0,0,0,1],[0.75,0,0.25,0],[0,0.75,0,0.25],[0,0.25,0,0.75],[0,0.75,0,0.25],[0.5,0,0.5,0],[0,0,1,0],[0.25,0,0.75,0],[1,0,0,0],[0,0,1,0],[0,0,1,0],[0,1,0,0],[0,0,0,1],[0,0,1,0],[1,0,0,0],[0,0,1,0],[0.25,0,0.75,0],[0.25,0.75,0,0],[1,0,0,0],[0,0,1,0],[0,0,1,0],[1,0,0,0],[0,0,1,0],[1,0,0,0],[1,0,0,0],[0,0,0,1],[0,0.25,0.25,0.5],[0,0,1,0],[0,1,0,0],[0.25,0,0,0.75],[0,0.25,0,0.75],[0,0,1,0],[1,0,0,0],[1,0,0,0],[0,1,0,0],[0,1,0,0],[0,0.75,0,0.25],[0.25,0.25,0.5,0],[0,0,1,0],[0,0,1,0],[0.75,0,0.25,0],[0,0,1,0],[0,0,1,0],[0,0.5,0,0.5],[0.5,0,0.5,0],[0,0,1,0],[1,0,0,0],[0,0,1,0],[0,0.25,0.75,0],[0,0,0,1],[0,0,0.25,0.75],[0,0,1,0],[0,1,0,0],[0.75,0,0.25,0],[0,0,1,0],[0,0,0,1],[0,0,1,0],[1,0,0,0],[0,0,1,0],[0,0.75,0,0.25],[0,0.75,0,0.25],[0,0,1,0],[1,0,0,0],[0,0,1,0],[1,0,0,0],[0,0,0,1],[0,1,0,0],[0.5,0,0.5,0],[0,0.25,0,0.75],[0,0,1,0],[0,1,0,0],[0,1,0,0],[1,0,0,0],[0,0.5,0,0.5],[0,0,0,1],[0,0,1,0],[0,1,0,0],[1,0,0,0],[0,0.75,0,0.25],[0,0,0.25,0.75],[0,1,0,0],[0,1,0,0],[1,0,0,0],[0.25,0,0.75,0],[0,1,0,0],[0,1,0,0],[0,0,0,1],[0,0,1,0],[0,0,1,0],[0,0,1,0],[0,0.25,0,0.75],[0,0.25,0.75,0],[1,0,0,0],[0,0.75,0,0.25],[1,0,0,0],[0,0,1,0],[0.75,0,0.25,0],[0,0,1,0],[0,0.75,0,0.25],[0.5,0,0.5,0],[1,0,0,0],[0,0,1,0],[1,0,0,0],[0,0.75,0,0.25],[0,0,0,1],[0.25,0.75,0,0],[0.25,0.5,0,0.25],[0.5,0,0.5,0],[0,0,0,1],[0,1,0,0],[0,0,0,1],[0.25,0.75,0,0],[1,0,0,0],[1,0,0,0],[1,0,0,0],[0.5,0.5,0,0],[1,0,0,0]],null,null],"seqs":[14,116,123,128]},{"orient":7,"bin":54,"pvalue":7.9835e-07,"inferred_pwm":[[0,0,0.25,0.75],[0,1,0,0],[0,1,0,0],[1,0,0,0],[0.25,0,0.75,0],[0,1,0,0],[0,1,0,0],[0,0,0,1],[0,0,1,0],[0,0,1,0],[0,0,1,0],[0,0.25,0,0.75],[0,0.25,0.75,0],[1,0,0,0],[0,0.75,0,0.25],[1,0,0,0],[0,0,1,0],[0.75,0,0.25,0],[0,0,1,0],[0,0.75,0,0.25],[0.5,0,0.5,0],[1,0,0,0],[0,0,1,0],[1,0,0,0],[0,0.75,0,0.25],[0,0,0,1],[0.25,0.75,0,0],[0.25,0.5,0,0.25]],"alignment_pwm":[null,[[0.5,0.25,0,0.25],[0.25,0,0.25,0.5],[0.25,0.5,0.25,0],[0,0.25,0.75,0],[0.5,0,0,0.5],[0.25,0.25,0.5,0],[0.5,0.5,0,0],[0.75,0,0.25,0],[0.5,0.25,0,0.25],[0,0.5,0.25,0.25],[0,0.5,0.5,0],[0.25,0.5,0,0.25],[0.25,0.5,0.25,0],[0.75,0,0.25,0],[0.5,0,0,0.5],[0.25,0.5,0,0.25],[0.25,0.25,0,0.5],[0.25,0.75,0,0],[0,0.25,0,0.75],[0.5,0,0.25,0.25],[0,0.75,0.25,0],[0,0.25,0,0.75],[0.25,0.25,0.5,0],[0.5,0,0.25,0.25],[0.5,0.25,0,0.25],[0.5,0,0.25,0.25],[1,0,0,0],[0,0.25,0.25,0.5],[0.5,0,0,0.5],[0.25,0.75,0,0],[1,0,0,0],[0.75,0,0.25,0],[0.75,0.25,0,0],[0.5,0.25,0,0.25],[0.75,0,0,0.25],[0.25,0,0.25,0.5],[0,0.25,0,0.75],[0.5,0,0,0.5],[0.25,0,0.5,0.25],[0.25,0.5,0,0.25],[0.25,0.25,0.25,0.25],[0.25,0,0.25,0.5],[0,0,0.5,0.5],[0.25,0,0.5,0.25],[0,0.75,0,0.25],[0.25,0,0.5,0.25],[0.25,0,0.25,0.5],[0.5,0,0.5,0],[0.5,0,0.5,0],[0.5,0,0,0.5],[0.25,0.5,0,0.25],[0.5,0,0,0.5],[0,0.5,0,0.5],[0.25,0,0.75,0],[0,0.5,0.25,0.25],[0.5,0.5,0,0],[0.25,0.5,0,0.25],[0,0,0.75,0.25],[0,0.25,0.5,0.25],[0,0.5,0.5,0],[0.25,0,0,0.75],[0.25,0,0.75,0],[0.25,0.25,0.25,0.25],[0.5,0.25,0.25,0],[0.75,0,0.25,0],[0,0,0.25,0.75],[0,0.5,0.25,0.25],[0,0.75,0.25,0],[0,1,0,0],[0.75,0,0.25,0],[0,0,0.75,0.25],[0,0.75,0.25,0],[0,0,0,1],[0.75,0,0.25,0],[0,0.75,0,0.25],[0,0.25,0,0.75],[0,0.75,0,0.25],[0.5,0,0.5,0],[0,0,1,0],[0.25,0,0.75,0],[1,0,0,0],[0,0,1,0],[0,0,1,0],[0,1,0,0],[0,0,0,1],[0,0,1,0],[1,0,0,0],[0,0,1,0],[0.25,0,0.75,0],[0.25,0.75,0,0],[1,0,0,0],[0,0,1,0],[0,0,1,0],[1,0,0,0],[0,0,1,0],[1,0,0,0],[1,0,0,0],[0,0,0,1],[0,0.25,0.25,0.5],[0,0,1,0],[0,1,0,0],[0.25,0,0,0.75],[0,0.25,0,0.75],[0,0,1,0],[1,0,0,0],[1,0,0,0],[0,1,0,0],[0,1,0,0],[0,0.75,0,0.25],[0.25,0.25,0.5,0],[0,0,1,0],[0,0,1,0],[0.75,0,0.25,0],[0,0,1,0],[0,0,1,0],[0,0.5,0,0.5],[0.5,0,0.5,0],[0,0,1,0],[1,0,0,0],[0,0,1,0],[0,0.25,0.75,0],[0,0,0,1],[0,0,0.25,0.75],[0,0,1,0],[0,1,0,0],[0.75,0,0.25,0],[0,0,1,0],[0,0,0,1],[0,0,1,0],[1,0,0,0],[0,0,1,0],[0,0.75,0,0.25],[0,0.75,0,0.25],[0,0,1,0],[1,0,0,0],[0,0,1,0],[1,0,0,0],[0,0,0,1],[0,1,0,0],[0.5,0,0.5,0],[0,0.25,0,0.75],[0,0,1,0],[0,1,0,0],[0,1,0,0],[1,0,0,0],[0,0.5,0,0.5],[0,0,0,1],[0,0,1,0],[0,1,0,0],[1,0,0,0],[0,0.75,0,0.25],[0,0,0.25,0.75],[0,1,0,0],[0,1,0,0],[1,0,0,0],[0.25,0,0.75,0],[0,1,0,0],[0,1,0,0],[0,0,0,1],[0,0,1,0],[0,0,1,0],[0,0,1,0],[0,0.25,0,0.75],[0,0.25,0.75,0],[1,0,0,0],[0,0.75,0,0.25],[1,0,0,0],[0,0,1,0],[0.75,0,0.25,0],[0,0,1,0],[0,0.75,0,0.25],[0.5,0,0.5,0],[1,0,0,0],[0,0,1,0],[1,0,0,0],[0,0.75,0,0.25],[0,0,0,1],[0.25,0.75,0,0],[0.25,0.5,0,0.25],[0.5,0,0.5,0],[0,0,0,1],[0,1,0,0],[0,0,0,1],[0.25,0.75,0,0],[1,0,0,0],[1,0,0,0],[1,0,0,0],[0.5,0.5,0,0],[1,0,0,0]],null,null],"seqs":[14,116,123,128]},{"orient":8,"bin":54,"pvalue":1.22039e-05,"inferred_pwm":[[0,0,0.25,0.75],[0,1,0,0],[0,1,0,0],[1,0,0,0],[0.25,0,0.75,0],[0,1,0,0],[0,1,0,0],[0,0,0,1],[0,0,1,0],[0,0,1,0],[0,0,1,0],[0,0.25,0,0.75],[0,0.25,0.75,0],[1,0,0,0],[0,0.75,0,0.25],[1,0,0,0],[0,0,1,0],[0.75,0,0.25,0],[0,0,1,0],[0,0.75,0,0.25],[0.5,0,0.5,0],[1,0,0,0],[0,0,1,0],[1,0,0,0],[0,0.75,0,0.25],[0,0,0,1],[0.25,0.75,0,0],[0.25,0.5,0,0.25]],"alignment_pwm":[null,[[0.5,0.25,0,0.25],[0.25,0,0.25,0.5],[0.25,0.5,0.25,0],[0,0.25,0.75,0],[0.5,0,0,0.5],[0.25,0.25,0.5,0],[0.5,0.5,0,0],[0.75,0,0.25,0],[0.5,0.25,0,0.25],[0,0.5,0.25,0.25],[0,0.5,0.5,0],[0.25,0.5,0,0.25],[0.25,0.5,0.25,0],[0.75,0,0.25,0],[0.5,0,0,0.5],[0.25,0.5,0,0.25],[0.25,0.25,0,0.5],[0.25,0.75,0,0],[0,0.25,0,0.75],[0.5,0,0.25,0.25],[0,0.75,0.25,0],[0,0.25,0,0.75],[0.25,0.25,0.5,0],[0.5,0,0.25,0.25],[0.5,0.25,0,0.25],[0.5,0,0.25,0.25],[1,0,0,0],[0,0.25,0.25,0.5],[0.5,0,0,0.5],[0.25,0.75,0,0],[1,0,0,0],[0.75,0,0.25,0],[0.75,0.25,0,0],[0.5,0.25,0,0.25],[0.75,0,0,0.25],[0.25,0,0.25,0.5],[0,0.25,0,0.75],[0.5,0,0,0.5],[0.25,0,0.5,0.25],[0.25,0.5,0,0.25],[0.25,0.25,0.25,0.25],[0.25,0,0.25,0.5],[0,0,0.5,0.5],[0.25,0,0.5,0.25],[0,0.75,0,0.25],[0.25,0,0.5,0.25],[0.25,0,0.25,0.5],[0.5,0,0.5,0],[0.5,0,0.5,0],[0.5,0,0,0.5],[0.25,0.5,0,0.25],[0.5,0,0,0.5],[0,0.5,0,0.5],[0.25,0,0.75,0],[0,0.5,0.25,0.25],[0.5,0.5,0,0],[0.25,0.5,0,0.25],[0,0,0.75,0.25],[0,0.25,0.5,0.25],[0,0.5,0.5,0],[0.25,0,0,0.75],[0.25,0,0.75,0],[0.25,0.25,0.25,0.25],[0.5,0.25,0.25,0],[0.75,0,0.25,0],[0,0,0.25,0.75],[0,0.5,0.25,0.25],[0,0.75,0.25,0],[0,1,0,0],[0.75,0,0.25,0],[0,0,0.75,0.25],[0,0.75,0.25,0],[0,0,0,1],[0.75,0,0.25,0],[0,0.75,0,0.25],[0,0.25,0,0.75],[0,0.75,0,0.25],[0.5,0,0.5,0],[0,0,1,0],[0.25,0,0.75,0],[1,0,0,0],[0,0,1,0],[0,0,1,0],[0,1,0,0],[0,0,0,1],[0,0,1,0],[1,0,0,0],[0,0,1,0],[0.25,0,0.75,0],[0.25,0.75,0,0],[1,0,0,0],[0,0,1,0],[0,0,1,0],[1,0,0,0],[0,0,1,0],[1,0,0,0],[1,0,0,0],[0,0,0,1],[0,0.25,0.25,0.5],[0,0,1,0],[0,1,0,0],[0.25,0,0,0.75],[0,0.25,0,0.75],[0,0,1,0],[1,0,0,0],[1,0,0,0],[0,1,0,0],[0,1,0,0],[0,0.75,0,0.25],[0.25,0.25,0.5,0],[0,0,1,0],[0,0,1,0],[0.75,0,0.25,0],[0,0,1,0],[0,0,1,0],[0,0.5,0,0.5],[0.5,0,0.5,0],[0,0,1,0],[1,0,0,0],[0,0,1,0],[0,0.25,0.75,0],[0,0,0,1],[0,0,0.25,0.75],[0,0,1,0],[0,1,0,0],[0.75,0,0.25,0],[0,0,1,0],[0,0,0,1],[0,0,1,0],[1,0,0,0],[0,0,1,0],[0,0.75,0,0.25],[0,0.75,0,0.25],[0,0,1,0],[1,0,0,0],[0,0,1,0],[1,0,0,0],[0,0,0,1],[0,1,0,0],[0.5,0,0.5,0],[0,0.25,0,0.75],[0,0,1,0],[0,1,0,0],[0,1,0,0],[1,0,0,0],[0,0.5,0,0.5],[0,0,0,1],[0,0,1,0],[0,1,0,0],[1,0,0,0],[0,0.75,0,0.25],[0,0,0.25,0.75],[0,1,0,0],[0,1,0,0],[1,0,0,0],[0.25,0,0.75,0],[0,1,0,0],[0,1,0,0],[0,0,0,1],[0,0,1,0],[0,0,1,0],[0,0,1,0],[0,0.25,0,0.75],[0,0.25,0.75,0],[1,0,0,0],[0,0.75,0,0.25],[1,0,0,0],[0,0,1,0],[0.75,0,0.25,0],[0,0,1,0],[0,0.75,0,0.25],[0.5,0,0.5,0],[1,0,0,0],[0,0,1,0],[1,0,0,0],[0,0.75,0,0.25],[0,0,0,1],[0.25,0.75,0,0],[0.25,0.5,0,0.25],[0.5,0,0.5,0],[0,0,0,1],[0,1,0,0],[0,0,0,1],[0.25,0.75,0,0],[1,0,0,0],[1,0,0,0],[1,0,0,0],[0.5,0.5,0,0],[1,0,0,0]],null,null],"seqs":[14,116,123,128]}]}],[{"idx":10,"counts":[[0,0,0,0,0,0,2,0,0,0,0,0,0,1,0,0,0,0,0,0,0,0,0,0,0,0,0,0,0,1,0,0,0,1,0,0,0,0,0,0,0,0,0,0,1,0,0,0,0,0,1,0,0,0,1,0,0,0,0,0,0,0,0,3,1,0,0,1,0,0,0,0,1,0,1,0,0,0,0,0,0,4,0,0,0,0,0,0,0,0,0,0,0,0,0,0,0,0,0,0,0,0,0,0,0,0,0,0,0,0,0,0,0,0,0,0,0,0,0,0,0,0,0,0,0,0,0,0,0,0,0,0],[0,0,0,0,0,0,0,0,0,0,0,0,0,0,0,0,0,0,0,0,1,0,0,0,0,1,1,0,0,0,0,0,0,0,0,0,0,0,1,0,0,0,0,0,0,0,0,0,0,0,0,0,0,0,0,0,0,0,0,0,5,0,1,2,0,0,0,1,0,0,0,0,0,0,0,0,0,0,0,1,0,0,0,0,0,0,0,0,0,0,0,0,0,0,0,0,1,0,0,0,0,0,0,0,0,0,0,0,0,0,0,0,0,0,0,0,0,1,1,0,0,0,0,0,0,0,0,0,0,0,0,0],[0,2,0,0,0,0,0,1,0,0,0,0,0,0,0,0,0,0,2,0,1,0,0,0,0,1,0,0,0,0,0,0,0,0,0,0,0,0,0,0,0,0,0,0,0,0,0,0,0,0,0,0,0,0,0,0,0,0,0,0,0,0,0,1,0,0,0,0,0,0,1,0,0,0,0,0,0,0,0,0,0,0,0,0,0,0,0,0,0,0,0,0,0,0,0,0,0,0,0,0,0,0,0,0,0,0,0,0,0,0,0,0,0,0,0,0,1,0,0,0,1,0,0,0,0,0,1,0,0,0,0,0],[0,0,0,0,0,1,1,0,0,0,0,0,0,0,1,0,0,1,0,0,0,0,0,0,0,0,0,0,0,0,0,0,0,0,0,0,0,0,0,0,0,0,0,0,0,0,0,1,1,0,0,0,0,0,0,0,0,0,0,0,0,0,0,0,0,0,0,0,1,0,0,0,0,0,0,0,0,0,0,0,0,0,0,0,0,1,0,0,1,0,0,0,0,0,0,0,1,0,1,0,0,0,0,1,0,0,0,0,0,0,0,0,0,1,1,0,0,0,0,0,0,0,0,0,0,0,0,0,0,0,0,0]],"spacings":[{"orient":1,"bin":60,"pvalue":1.49612e-07,"inferred_pwm":[[0,1,0,0],[0,0,0,1],[0,0,1,0],[0,0,0.8,0.2],[0,0,1,0],[0,0.4,0,0.6],[0,0.4,0.6,0],[0.8,0,0,0.2],[0,0.6,0.2,0.2],[0.8,0,0,0.2],[0,0,1,0],[0.8,0,0.2,0],[0,0,1,0],[0,0.6,0,0.4],[0.4,0,0.6,0],[1,0,0,0],[0,0,1,0],[1,0,0,0],[0,0.8,0,0.2],[0,0.2,0,0.8]],"alignment_pwm":[null,[[0.2,0.4,0.2,0.2],[0.2,0.2,0.6,0],[0.4,0,0,0.6],[0.2,0.2,0.4,0.2],[0.4,0.4,0.2,0],[0.6,0,0.2,0.2],[0.4,0.2,0.2,0.2],[0,0.4,0.2,0.4],[0,0.4,0.6,0],[0.2,0.4,0,0.4],[0.2,0.6,0.2,0],[0.6,0.2,0.2,0],[0.4,0.2,0,0.4],[0.2,0.4,0,0.4],[0.2,0.4,0,0.4],[0.4,0.6,0,0],[0,0.4,0,0.6],[0.6,0,0.2,0.2],[0,0.6,0.4,0],[0,0.2,0.2,0.6],[0.2,0.4,0.4,0],[0.4,0,0.2,0.4],[0.4,0.2,0.2,0.2],[0.4,0,0.4,0.2],[0.8,0,0.2,0],[0,0.2,0.4,0.4],[0.4,0,0.2,0.4],[0.2,0.8,0,0],[0.8,0.2,0,0],[0.8,0,0.2,0],[0.6,0.2,0,0.2],[0.4,0.2,0.2,0.2],[0.6,0,0.2,0.2],[0.4,0,0.2,0.4],[0,0.25,0,0.75],[0.5,0,0,0.5],[0.25,0,0.5,0.25],[0.25,0.5,0,0.25],[0.25,0.25,0.25,0.25],[0.2,0.2,0.2,0.4],[0,0.2,0.4,0.4],[0.2,0.2,0.4,0.2],[0,0.6,0,0.4],[0.2,0.2,0.4,0.2],[0.4,0,0.2,0.4],[0.4,0,0.6,0],[0.4,0.2,0.4,0],[0.6,0,0,0.4],[0.4,0.4,0,0.2],[0.4,0,0.2,0.4],[0,0.4,0.2,0.4],[0.2,0.2,0.6,0],[0,0.6,0.2,0.2],[0.6,0.4,0,0],[0.2,0.4,0,0.4],[0.2,0,0.6,0.2],[0,0.4,0.4,0.2],[0,0.4,0.4,0.2],[0.2,0,0.2,0.6],[0.4,0,0.6,0],[0.4,0.2,0.2,0.2],[0.4,0.2,0.2,0.2],[0.6,0,0.2,0.2],[0,0,0.4,0.6],[0,0.6,0.2,0.2],[0,0.6,0.4,0],[0,0.8,0,0.2],[0.6,0,0.4,0],[0,0,0.8,0.2],[0,0.8,0.2,0],[0.2,0,0,0.8],[0.6,0,0.2,0.2],[0,0.8,0,0.2],[0,0.2,0,0.8],[0,0.6,0.2,0.2],[0.4,0,0.6,0],[0,0,0.8,0.2],[0.2,0,0.8,0],[1,0,0,0],[0,0,1,0],[0.2,0,0.8,0],[0,1,0,0],[0,0,0,1],[0.2,0,0.8,0],[0.8,0,0.2,0],[0,0,1,0],[0.2,0.2,0.6,0],[0.2,0.6,0,0.2],[0.8,0.2,0,0],[0.2,0,0.8,0],[0,0,1,0],[1,0,0,0],[0,0,0.8,0.2],[1,0,0,0],[1,0,0,0],[0,0.2,0,0.8],[0,0.4,0.2,0.4],[0,0,0.8,0.2],[0,0.8,0,0.2],[0.2,0.2,0,0.6],[0,0.4,0,0.6],[0,0,0.8,0.2],[0.8,0.2,0,0],[1,0,0,0],[0,0.8,0.2,0],[0.2,0.8,0,0],[0,0.6,0,0.4],[0.2,0.2,0.4,0.2],[0,0.2,0.8,0],[0,0,0.8,0.2],[0.6,0,0.2,0.2],[0,0.2,0.8,0],[0,0.2,0.8,0],[0.2,0.4,0,0.4],[0.4,0,0.6,0],[0,0,1,0],[0.8,0.2,0,0],[0.2,0,0.8,0],[0.2,0.2,0.6,0],[0,0,0.2,0.8],[0,0,0.2,0.8],[0.2,0,0.8,0],[0,0.8,0.2,0],[0.8,0,0.2,0],[0.2,0,0.8,0],[0.2,0,0,0.8],[0,0,1,0],[1,0,0,0],[0,0,0.8,0.2],[0,0.6,0,0.4],[0.2,0.6,0,0.2],[0,0.2,0.8,0],[0.8,0,0.2,0],[0,0,0.8,0.2],[0.8,0,0,0.2],[0.2,0,0,0.8],[0,0.8,0.2,0],[0.4,0,0.4,0.2],[0,0.2,0.2,0.6],[0.2,0,0.8,0],[0.2,0.8,0,0],[0.2,0.8,0,0],[1,0,0,0],[0,0.4,0,0.6],[0,0,0.2,0.8],[0,0.2,0.8,0],[0,0.8,0,0.2],[0.8,0,0.2,0],[0,0.6,0,0.4],[0,0.2,0.2,0.6],[0,1,0,0],[0.2,0.8,0,0],[0.8,0,0.2,0],[0.2,0.2,0.6,0],[0,0.8,0,0.2],[0,1,0,0],[0,0,0,1],[0,0,1,0],[0,0,0.8,0.2],[0,0,1,0],[0,0.4,0,0.6],[0,0.4,0.6,0],[0.8,0,0,0.2],[0,0.6,0.2,0.2],[0.8,0,0,0.2],[0,0,1,0],[0.8,0,0.2,0],[0,0,1,0],[0,0.6,0,0.4],[0.4,0,0.6,0],[1,0,0,0],[0,0,1,0],[1,0,0,0],[0,0.8,0,0.2],[0,0.2,0,0.8],[0.2,0.8,0,0],[0.2,0.6,0,0.2],[0.4,0.2,0.4,0],[0.2,0,0,0.8],[0,0.8,0.2,0],[0,0,0.2,0.8],[0.2,0.6,0.2,0],[0.8,0.2,0,0],[1,0,0,0],[0.8,0,0.2,0]],null,null],"seqs":[14,83,116,123,128]},{"orient":6,"bin":60,"pvalue":4.37328e-06,"inferred_pwm":[[0,1,0,0],[0,0,0,1],[0,0,1,0],[0,0,0.8,0.2],[0,0,1,0],[0,0.4,0,0.6],[0,0.4,0.6,0],[0.8,0,0,0.2],[0,0.6,0.2,0.2],[0.8,0,0,0.2],[0,0,1,0],[0.8,0,0.2,0],[0,0,1,0],[0,0.6,0,0.4],[0.4,0,0.6,0],[1,0,0,0],[0,0,1,0],[1,0,0,0],[0,0.8,0,0.2],[0,0.2,0,0.8]],"alignment_pwm":[null,[[0.2,0.4,0.2,0.2],[0.2,0.2,0.6,0],[0.4,0,0,0.6],[0.2,0.2,0.4,0.2],[0.4,0.4,0.2,0],[0.6,0,0.2,0.2],[0.4,0.2,0.2,0.2],[0,0.4,0.2,0.4],[0,0.4,0.6,0],[0.2,0.4,0,0.4],[0.2,0.6,0.2,0],[0.6,0.2,0.2,0],[0.4,0.2,0,0.4],[0.2,0.4,0,0.4],[0.2,0.4,0,0.4],[0.4,0.6,0,0],[0,0.4,0,0.6],[0.6,0,0.2,0.2],[0,0.6,0.4,0],[0,0.2,0.2,0.6],[0.2,0.4,0.4,0],[0.4,0,0.2,0.4],[0.4,0.2,0.2,0.2],[0.4,0,0.4,0.2],[0.8,0,0.2,0],[0,0.2,0.4,0.4],[0.4,0,0.2,0.4],[0.2,0.8,0,0],[0.8,0.2,0,0],[0.8,0,0.2,0],[0.6,0.2,0,0.2],[0.4,0.2,0.2,0.2],[0.6,0,0.2,0.2],[0.4,0,0.2,0.4],[0,0.25,0,0.75],[0.5,0,0,0.5],[0.25,0,0.5,0.25],[0.25,0.5,0,0.25],[0.25,0.25,0.25,0.25],[0.2,0.2,0.2,0.4],[0,0.2,0.4,0.4],[0.2,0.2,0.4,0.2],[0,0.6,0,0.4],[0.2,0.2,0.4,0.2],[0.4,0,0.2,0.4],[0.4,0,0.6,0],[0.4,0.2,0.4,0],[0.6,0,0,0.4],[0.4,0.4,0,0.2],[0.4,0,0.2,0.4],[0,0.4,0.2,0.4],[0.2,0.2,0.6,0],[0,0.6,0.2,0.2],[0.6,0.4,0,0],[0.2,0.4,0,0.4],[0.2,0,0.6,0.2],[0,0.4,0.4,0.2],[0,0.4,0.4,0.2],[0.2,0,0.2,0.6],[0.4,0,0.6,0],[0.4,0.2,0.2,0.2],[0.4,0.2,0.2,0.2],[0.6,0,0.2,0.2],[0,0,0.4,0.6],[0,0.6,0.2,0.2],[0,0.6,0.4,0],[0,0.8,0,0.2],[0.6,0,0.4,0],[0,0,0.8,0.2],[0,0.8,0.2,0],[0.2,0,0,0.8],[0.6,0,0.2,0.2],[0,0.8,0,0.2],[0,0.2,0,0.8],[0,0.6,0.2,0.2],[0.4,0,0.6,0],[0,0,0.8,0.2],[0.2,0,0.8,0],[1,0,0,0],[0,0,1,0],[0.2,0,0.8,0],[0,1,0,0],[0,0,0,1],[0.2,0,0.8,0],[0.8,0,0.2,0],[0,0,1,0],[0.2,0.2,0.6,0],[0.2,0.6,0,0.2],[0.8,0.2,0,0],[0.2,0,0.8,0],[0,0,1,0],[1,0,0,0],[0,0,0.8,0.2],[1,0,0,0],[1,0,0,0],[0,0.2,0,0.8],[0,0.4,0.2,0.4],[0,0,0.8,0.2],[0,0.8,0,0.2],[0.2,0.2,0,0.6],[0,0.4,0,0.6],[0,0,0.8,0.2],[0.8,0.2,0,0],[1,0,0,0],[0,0.8,0.2,0],[0.2,0.8,0,0],[0,0.6,0,0.4],[0.2,0.2,0.4,0.2],[0,0.2,0.8,0],[0,0,0.8,0.2],[0.6,0,0.2,0.2],[0,0.2,0.8,0],[0,0.2,0.8,0],[0.2,0.4,0,0.4],[0.4,0,0.6,0],[0,0,1,0],[0.8,0.2,0,0],[0.2,0,0.8,0],[0.2,0.2,0.6,0],[0,0,0.2,0.8],[0,0,0.2,0.8],[0.2,0,0.8,0],[0,0.8,0.2,0],[0.8,0,0.2,0],[0.2,0,0.8,0],[0.2,0,0,0.8],[0,0,1,0],[1,0,0,0],[0,0,0.8,0.2],[0,0.6,0,0.4],[0.2,0.6,0,0.2],[0,0.2,0.8,0],[0.8,0,0.2,0],[0,0,0.8,0.2],[0.8,0,0,0.2],[0.2,0,0,0.8],[0,0.8,0.2,0],[0.4,0,0.4,0.2],[0,0.2,0.2,0.6],[0.2,0,0.8,0],[0.2,0.8,0,0],[0.2,0.8,0,0],[1,0,0,0],[0,0.4,0,0.6],[0,0,0.2,0.8],[0,0.2,0.8,0],[0,0.8,0,0.2],[0.8,0,0.2,0],[0,0.6,0,0.4],[0,0.2,0.2,0.6],[0,1,0,0],[0.2,0.8,0,0],[0.8,0,0.2,0],[0.2,0.2,0.6,0],[0,0.8,0,0.2],[0,1,0,0],[0,0,0,1],[0,0,1,0],[0,0,0.8,0.2],[0,0,1,0],[0,0.4,0,0.6],[0,0.4,0.6,0],[0.8,0,0,0.2],[0,0.6,0.2,0.2],[0.8,0,0,0.2],[0,0,1,0],[0.8,0,0.2,0],[0,0,1,0],[0,0.6,0,0.4],[0.4,0,0.6,0],[1,0,0,0],[0,0,1,0],[1,0,0,0],[0,0.8,0,0.2],[0,0.2,0,0.8],[0.2,0.8,0,0],[0.2,0.6,0,0.2],[0.4,0.2,0.4,0],[0.2,0,0,0.8],[0,0.8,0.2,0],[0,0,0.2,0.8],[0.2,0.6,0.2,0],[0.8,0.2,0,0],[1,0,0,0],[0.8,0,0.2,0]],null,null],"seqs":[14,83,116,123,128]},{"orient":7,"bin":60,"pvalue":4.37328e-06,"inferred_pwm":[[0,1,0,0],[0,0,0,1],[0,0,1,0],[0,0,0.8,0.2],[0,0,1,0],[0,0.4,0,0.6],[0,0.4,0.6,0],[0.8,0,0,0.2],[0,0.6,0.2,0.2],[0.8,0,0,0.2],[0,0,1,0],[0.8,0,0.2,0],[0,0,1,0],[0,0.6,0,0.4],[0.4,0,0.6,0],[1,0,0,0],[0,0,1,0],[1,0,0,0],[0,0.8,0,0.2],[0,0.2,0,0.8]],"alignment_pwm":[null,[[0.2,0.4,0.2,0.2],[0.2,0.2,0.6,0],[0.4,0,0,0.6],[0.2,0.2,0.4,0.2],[0.4,0.4,0.2,0],[0.6,0,0.2,0.2],[0.4,0.2,0.2,0.2],[0,0.4,0.2,0.4],[0,0.4,0.6,0],[0.2,0.4,0,0.4],[0.2,0.6,0.2,0],[0.6,0.2,0.2,0],[0.4,0.2,0,0.4],[0.2,0.4,0,0.4],[0.2,0.4,0,0.4],[0.4,0.6,0,0],[0,0.4,0,0.6],[0.6,0,0.2,0.2],[0,0.6,0.4,0],[0,0.2,0.2,0.6],[0.2,0.4,0.4,0],[0.4,0,0.2,0.4],[0.4,0.2,0.2,0.2],[0.4,0,0.4,0.2],[0.8,0,0.2,0],[0,0.2,0.4,0.4],[0.4,0,0.2,0.4],[0.2,0.8,0,0],[0.8,0.2,0,0],[0.8,0,0.2,0],[0.6,0.2,0,0.2],[0.4,0.2,0.2,0.2],[0.6,0,0.2,0.2],[0.4,0,0.2,0.4],[0,0.25,0,0.75],[0.5,0,0,0.5],[0.25,0,0.5,0.25],[0.25,0.5,0,0.25],[0.25,0.25,0.25,0.25],[0.2,0.2,0.2,0.4],[0,0.2,0.4,0.4],[0.2,0.2,0.4,0.2],[0,0.6,0,0.4],[0.2,0.2,0.4,0.2],[0.4,0,0.2,0.4],[0.4,0,0.6,0],[0.4,0.2,0.4,0],[0.6,0,0,0.4],[0.4,0.4,0,0.2],[0.4,0,0.2,0.4],[0,0.4,0.2,0.4],[0.2,0.2,0.6,0],[0,0.6,0.2,0.2],[0.6,0.4,0,0],[0.2,0.4,0,0.4],[0.2,0,0.6,0.2],[0,0.4,0.4,0.2],[0,0.4,0.4,0.2],[0.2,0,0.2,0.6],[0.4,0,0.6,0],[0.4,0.2,0.2,0.2],[0.4,0.2,0.2,0.2],[0.6,0,0.2,0.2],[0,0,0.4,0.6],[0,0.6,0.2,0.2],[0,0.6,0.4,0],[0,0.8,0,0.2],[0.6,0,0.4,0],[0,0,0.8,0.2],[0,0.8,0.2,0],[0.2,0,0,0.8],[0.6,0,0.2,0.2],[0,0.8,0,0.2],[0,0.2,0,0.8],[0,0.6,0.2,0.2],[0.4,0,0.6,0],[0,0,0.8,0.2],[0.2,0,0.8,0],[1,0,0,0],[0,0,1,0],[0.2,0,0.8,0],[0,1,0,0],[0,0,0,1],[0.2,0,0.8,0],[0.8,0,0.2,0],[0,0,1,0],[0.2,0.2,0.6,0],[0.2,0.6,0,0.2],[0.8,0.2,0,0],[0.2,0,0.8,0],[0,0,1,0],[1,0,0,0],[0,0,0.8,0.2],[1,0,0,0],[1,0,0,0],[0,0.2,0,0.8],[0,0.4,0.2,0.4],[0,0,0.8,0.2],[0,0.8,0,0.2],[0.2,0.2,0,0.6],[0,0.4,0,0.6],[0,0,0.8,0.2],[0.8,0.2,0,0],[1,0,0,0],[0,0.8,0.2,0],[0.2,0.8,0,0],[0,0.6,0,0.4],[0.2,0.2,0.4,0.2],[0,0.2,0.8,0],[0,0,0.8,0.2],[0.6,0,0.2,0.2],[0,0.2,0.8,0],[0,0.2,0.8,0],[0.2,0.4,0,0.4],[0.4,0,0.6,0],[0,0,1,0],[0.8,0.2,0,0],[0.2,0,0.8,0