<!DOCTYPE HTML>
<html>
  <head>
    <meta charset="UTF-8">
    <title>SpaMo - Spaced Motif Analysis</title>
    <script type="text/javascript">
      //@JSON_VAR data
      var data = {"program":"SpaMo","version":"4.12.0","revision":"aacc9c3eb8c7b460b344d5c8aa1458097dae704d","release":"Tue Jun 27 16:22:50 2017 -0700","host":"Sudins-iMac.local","when":"Thu May 24 17:08:58 2018","cmd":["spamo","-verbosity","1","-oc","results/AHRpeaks_oneAHRE.bed.fa/hocomoco/spamo_out_1","-bgfile","results/AHRpeaks_oneAHRE.bed.fa/hocomoco/background","-primary","DCACGC","results/AHRpeaks_oneAHRE.bed.fa/hocomoco/AHRpeaks_oneAHRE.bed.fa","results/AHRpeaks_oneAHRE.bed.fa/hocomoco/dreme_out/dreme.xml","results/AHRpeaks_oneAHRE.bed.fa/hocomoco/meme_out/meme.xml","results/AHRpeaks_oneAHRE.bed.fa/hocomoco/dreme_out/dreme.xml","/Users/filipov4/meme/db/motif_databases/HUMAN/HOCOMOCOv11_full_HUMAN_mono_meme_format.meme"],"options":{"seq_min_hit_score":7,"margin":150,"bin_size":1,"bin_pvalue_calc_range":150,"use_best_secondary":0,"seq_max_shared_fract":0.5,"seq_odds_ratio":20,"bin_pvalue_cutoff":0.05,"motif_evalue_cutoff":10,"redundant_overlap":2,"redundant_joint":0.5,"motif_pseudocount":0.1,"bgfile":"results/AHRpeaks_oneAHRE.bed.fa/hocomoco/background","motif_trim":0.25,"xalph":0,"seed":1,"bin_max":9},"alphabet":{"name":"DNA","like":"dna","ncore":4,"symbols":[{"symbol":"A","name":"Adenine","colour":"CC0000","complement":"T"},{"symbol":"C","name":"Cytosine","colour":"0000CC","complement":"G"},{"symbol":"G","name":"Guanine","colour":"FFB300","complement":"C"},{"symbol":"T","aliases":"U","name":"Thymine","colour":"008000","complement":"A"},{"symbol":"N","aliases":"X.","name":"Any base","equals":"ACGT"},{"symbol":"V","name":"Not T","equals":"ACG"},{"symbol":"H","name":"Not G","equals":"ACT"},{"symbol":"D","name":"Not C","equals":"AGT"},{"symbol":"B","name":"Not A","equals":"CGT"},{"symbol":"M","name":"Amino","equals":"AC"},{"symbol":"R","name":"Purine","equals":"AG"},{"symbol":"W","name":"Weak","equals":"AT"},{"symbol":"S","name":"Strong","equals":"CG"},{"symbol":"Y","name":"Pyrimidine","equals":"CT"},{"symbol":"K","name":"Keto","equals":"GT"}]},"background":[0.2754,0.2246,0.2246,0.2754],"sequence_dbs":[{"source":"results/AHRpeaks_oneAHRE.bed.fa/hocomoco/AHRpeaks_oneAHRE.bed.fa","name":"AHRpeaks_oneAHRE.bed","last_modified":"Thu May 24 11:14:28 2018","loaded":843,"excluded_too_short":1,"excluded_no_match":317,"excluded_ambigs":0,"excluded_similar":7,"erased_primary_matches":0}],"primary_dbs":[{"source":"results/AHRpeaks_oneAHRE.bed.fa/hocomoco/dreme_out/dreme.xml","name":"dreme.xml","last_modified":"Thu May 24 17:08:39 2018","loaded":6,"excluded":5}],"secondary_dbs":[{"source":"results/AHRpeaks_oneAHRE.bed.fa/hocomoco/meme_out/meme.xml","name":"meme.xml","last_modified":"Thu May 24 17:08:03 2018","loaded":7,"excluded":0},{"source":"results/AHRpeaks_oneAHRE.bed.fa/hocomoco/dreme_out/dreme.xml","name":"dreme.xml","last_modified":"Thu May 24 17:08:39 2018","loaded":7,"excluded":1},{"source":"/Users/filipov4/meme/db/motif_databases/HUMAN/HOCOMOCOv11_full_HUMAN_mono_meme_format.meme","name":"HOCOMOCOv11_full_HUMAN_mono_meme_format","last_modified":"Wed Dec  6 21:59:30 2017","loaded":771,"excluded":0}],"secondary_motifs":[{"db":0,"id":"GTATGTGTGTGTGTSY","alt":"MEME-2","len":16,"ltrim":0,"rtrim":0,"nsites":39,"evalue":"1.8e-009","pwm":[[0.0262798,0.000574425,0.87014,0.103006],[0.0518552,0.307479,0.000574425,0.640091],[0.537789,0.0261498,0.230753,0.205308],[0.000704348,0.0517253,0.102876,0.844694],[0.230883,0.179602,0.58881,0.000704348],[0.000704348,0.230753,0.000574425,0.767968],[0.000704348,0.205178,0.716687,0.0774306],[0.179732,0.000574425,0.000574425,0.819119],[0.000704348,0.000574425,0.998017,0.000704348],[0.103006,0.281904,0.000574425,0.614515],[0.0262798,0.230753,0.742263,0.000704348],[0.000704348,0.000574425,0.000574425,0.998147],[0.000704348,0.0773007,0.895715,0.0262798],[0.128581,0.0517253,0.128452,0.691242],[0.128581,0.256329,0.460932,0.154157],[0.154157,0.281904,0.000574425,0.563365]]},{"db":1,"id":"CACMCAC","alt":"DREME-4","len":7,"ltrim":0,"rtrim":0,"nsites":75,"evalue":"6.1e-005","pwm":[[0.000366711,0.998968,0.000299068,0.000366711],[0.999035,0.000299068,0.000299068,0.000366711],[0.000366711,0.998968,0.000299068,0.000366711],[0.65283,0.346504,0.000299068,0.000366711],[0.000366711,0.998968,0.000299068,0.000366711],[0.999035,0.000299068,0.000299068,0.000366711],[0.000366711,0.998968,0.000299068,0.000366711]]},{"db":2,"id":"EGR3_HUMAN.H11MO.0.D","len":11,"ltrim":0,"rtrim":0,"nsites":8,"evalue":"1.0e+000","url":"http://hocomoco.autosome.ru/motif/EGR3_HUMAN.H11MO.0.D","pwm":[[0.565218,0.0206651,0.0206651,0.393452],[0.261049,0.00277284,0.58964,0.146538],[0.633209,0.21748,0.00277284,0.146538],[0.117911,0.00277284,0.875917,0.0034],[0.0034,0.0385574,0.181696,0.776347],[0.0034,0.00277284,0.990427,0.0034],[0.0034,0.00277284,0.875917,0.117911],[0.0034,0.00277284,0.990427,0.0034],[0.0034,0.475129,0.00277284,0.518698],[0.0034,0.00277284,0.875917,0.117911],[0.0212923,0.163803,0.163803,0.651101]]},{"db":2,"id":"GCR_HUMAN.H11MO.0.A","len":15,"ltrim":0,"rtrim":0,"nsites":500,"evalue":"1.0e+000","url":"http://hocomoco.autosome.ru/motif/GCR_HUMAN.H11MO.0.A","pwm":[[0.469961,0.0460357,0.353974,0.130029],[0.0920367,0.0100429,0.837877,0.0600431],[0.443966,0.156014,0.218001,0.182019],[0.897876,0.0260397,0.0280393,0.0480455],[0.0120527,0.947855,0.0260397,0.0140523],[0.761903,0.0280393,0.0900269,0.120031],[0.158023,0.297985,0.351975,0.192017],[0.631929,0.367971,4.4911e-05,5.5069e-05],[0.401975,0.283988,0.218001,0.0960359],[0.180019,0.0540341,0.0360377,0.729909],[0.0140523,0.0220405,0.953854,0.0100531],[0.0520447,0.0380373,0.0240401,0.885878],[0.190017,0.265992,0.182009,0.361983],[0.0620427,0.847875,0.00604371,0.0840383],[0.17602,0.351975,0.0260397,0.445966]]},{"db":2,"id":"GRHL2_HUMAN.H11MO.0.A","len":12,"ltrim":0,"rtrim":0,"nsites":497,"evalue":"1.0e+000","url":"http://hocomoco.autosome.ru/motif/GRHL2_HUMAN.H11MO.0.A","pwm":[[0.740349,0.0282085,0.128792,0.10265],[0.778571,0.0161385,0.0885586,0.116732],[5.54013e-05,0.997832,0.00205685,5.54013e-05],[0.0443121,0.714187,0.00809185,0.233409],[0.225362,0.0342435,0.30783,0.432564],[0.00407874,0.00205685,0.993809,5.54013e-05],[0.0241954,0.253515,0.00406852,0.718221],[0.0141371,0.386285,0.0101035,0.589474],[0.122767,0.239434,0.142874,0.494926],[0.177082,0.0563719,0.462729,0.303817],[0.350086,0.0644185,0.335994,0.249502],[0.00206707,0.913342,0.0282085,0.0563821]]},{"db":2,"id":"GSC_HUMAN.H11MO.0.D","len":11,"ltrim":3,"rtrim":2,"nsites":1241,"evalue":"1.0e+000","url":"http://hocomoco.autosome.ru/motif/GSC_HUMAN.H11MO.0.D","pwm":[[0.472587,0.118864,0.227639,0.18091],[0.371668,0.118663,0.287868,0.221801],[0.177889,0.333392,0.359981,0.128739],[0.052798,0.0632684,0.880286,0.00364801],[0.0330574,0.00324104,0.960456,0.00324514],[0.997524,0.00243531,1.80969e-05,2.219e-05],[2.219e-05,1.80969e-05,1.80969e-05,0.999942],[2.219e-05,1.80969e-05,1.80969e-05,0.999942],[0.99551,0.000420965,0.0012267,0.00284227],[0.331381,0.0928793,0.396642,0.179097],[0.14304,0.346888,0.312241,0.197831]]},{"db":2,"id":"HES1_HUMAN.H11MO.0.D","len":13,"ltrim":1,"rtrim":0,"nsites":28,"evalue":"1.0e+000","url":"http://hocomoco.autosome.ru/motif/HES1_HUMAN.H11MO.0.D","pwm":[[0.314444,0.355781,0.218771,0.111004],[0.420316,0.474109,0.034014,0.0715613],[0.054954,0.191784,0.698308,0.054954],[0.266698,0.424287,0.237454,0.0715613],[0.000980071,0.997241,0.000799289,0.000980071],[0.976662,0.000799289,0.000799289,0.0217393],[0.146294,0.727371,0.125354,0.000980071],[0.000980071,0.104595,0.719067,0.175357],[0.478442,0.312187,0.117051,0.0923205],[0.079865,0.000799289,0.880989,0.0383466],[0.341431,0.486564,0.171025,0.000980071],[0.183661,0.569601,0.104595,0.142143],[0.370494,0.415983,0.158569,0.054954]]},{"db":2,"id":"HEY2_HUMAN.H11MO.0.D","len":17,"ltrim":0,"rtrim":1,"nsites":8,"evalue":"1.0e+000","url":"http://hocomoco.autosome.ru/motif/HEY2_HUMAN.H11MO.0.D","pwm":[[0.0034,0.00277284,0.870711,0.123116],[0.0034,0.242204,0.4966,0.257796],[0.0034,0.257169,0.376884,0.362547],[0.0034,0.257169,0.616316,0.123116],[0.13808,0.00277284,0.855747,0.0034],[0.0034,0.855747,0.00277284,0.13808],[0.497227,0.00277284,0.122489,0.377511],[0.0034,0.870711,0.122489,0.0034],[0.0034,0.122489,0.870711,0.0034],[0.0034,0.122489,0.00277284,0.871339],[0.0034,0.00277284,0.990427,0.0034],[0.123116,0.242204,0.63128,0.0034],[0.123116,0.736031,0.137453,0.0034],[0.362547,0.257169,0.122489,0.257796],[0.0034,0.257169,0.122489,0.616943],[0.0034,0.257169,0.36192,0.377511],[0.366288,0.26091,0.245945,0.126857]]},{"db":2,"id":"HMBX1_HUMAN.H11MO.0.D","len":9,"ltrim":0,"rtrim":0,"nsites":500,"evalue":"1.0e+000","url":"http://hocomoco.autosome.ru/motif/HMBX1_HUMAN.H11MO.0.D","pwm":[[0.401975,0.0280393,0.399965,0.170021],[0.327989,0.118021,0.519941,0.0340483],[0.0160519,0.67591,0.0280393,0.279999],[0.00805347,0.0240401,0.0140421,0.953864],[0.659923,0.00204451,0.315982,0.0220507],[5.5069e-05,0.0120425,0.985848,0.00205467],[0.0185514,0.00454401,0.0105428,0.966362],[0.0965358,0.32648,0.108523,0.468461],[0.810393,0.0105428,0.0305388,0.148525]]},{"db":2,"id":"HXD12_HUMAN.H11MO.0.D","len":11,"ltrim":2,"rtrim":4,"nsites":6722,"evalue":"1.0e+000","url":"http://hocomoco.autosome.ru/motif/HXD12_HUMAN.H11MO.0.D","pwm":[[0.352599,0.17134,0.229516,0.246544],[0.351686,0.135186,0.234333,0.278795],[0.174724,0.0474475,0.175836,0.601992],[0.0186353,0.00987785,0.103778,0.867709],[4.09693e-06,3.34122e-06,0.0445374,0.955455],[4.09693e-06,9.70622e-05,0.0405871,0.959312],[0.999989,3.34122e-06,3.34122e-06,4.09693e-06],[0.240733,0.267058,0.132498,0.359711],[0.141805,0.159867,0.331437,0.366891],[0.406249,0.135372,0.279465,0.178913],[0.195349,0.345751,0.245316,0.213584]]},{"db":2,"id":"MEF2D_HUMAN.H11MO.0.A","len":12,"ltrim":1,"rtrim":0,"nsites":500,"evalue":"1.0e+000","url":"http://hocomoco.autosome.ru/motif/MEF2D_HUMAN.H11MO.0.A","pwm":[[0.311993,0.0560337,0.301985,0.329989],[0.0680415,0.0640321,0.499945,0.367981],[0.0240503,0.757893,0.0600329,0.158023],[0.00205467,0.0200409,0.00604371,0.971861],[0.969861,0.00204451,0.00204451,0.0260499],[0.0540443,0.00604371,0.00404411,0.935868],[0.0800391,0.0120425,0.00804331,0.899875],[0.0940363,0.0400369,0.00604371,0.859883],[0.297995,0.0860277,0.0120425,0.603934],[0.0860379,0.0140421,0.0540341,0.845886],[0.753904,4.4911e-05,0.235998,0.0100531],[0.0940363,0.0320385,0.785888,0.0880375]]},{"db":2,"id":"NFKB2_HUMAN.H11MO.0.B","len":11,"ltrim":0,"rtrim":0,"nsites":500,"evalue":"1.0e+000","url":"http://hocomoco.autosome.ru/motif/NFKB2_HUMAN.H11MO.0.B","pwm":[[0.118031,0.0520345,0.665912,0.164022],[0.0640423,0.00204451,0.917861,0.0160519],[0.0420467,0.00204451,0.92586,0.0300491],[0.543946,0.00404411,0.419961,0.0320487],[0.811893,0.0780293,0.108023,0.00205467],[0.971861,0.00804331,0.0120425,0.00805347],[0.186018,0.122021,0.457953,0.234008],[0.0880375,0.471951,0.0280393,0.411973],[0.132029,0.867871,4.4911e-05,5.5069e-05],[0.00205467,0.97585,0.00204451,0.0200511],[0.0980355,0.835878,0.0200409,0.0460459]]},{"db":2,"id":"NKX31_HUMAN.H11MO.0.C","len":12,"ltrim":1,"rtrim":1,"nsites":500,"evalue":"1.0e+000","url":"http://hocomoco.autosome.ru/motif/NKX31_HUMAN.H11MO.0.C","pwm":[[0.190017,0.196006,0.321981,0.291997],[0.0860379,0.251995,0.0980253,0.563942],[0.252005,0.108023,0.152015,0.487957],[0.759903,0.0540341,0.172011,0.0140523],[0.959863,0.00204451,0.0200409,0.0180515],[0.00405427,0.00404411,0.985848,0.00605387],[0.0880375,0.00204451,0.0180413,0.891877],[0.170021,0.0140421,0.803884,0.0120527],[0.0180515,0.451955,0.265992,0.264002],[0.142027,0.255994,0.0380373,0.563942],[0.156024,0.0860277,0.106024,0.651925],[0.279999,0.0840281,0.295986,0.339987]]},{"db":2,"id":"OTX2_HUMAN.H11MO.0.A","len":11,"ltrim":1,"rtrim":1,"nsites":500,"evalue":"1.0e+000","url":"http://hocomoco.autosome.ru/motif/OTX2_HUMAN.H11MO.0.A","pwm":[[0.443966,0.140017,0.255994,0.160023],[0.379979,0.0600329,0.417961,0.142027],[0.333988,0.0820285,0.527939,0.0560439],[0.210013,0.00204451,0.771891,0.0160519],[0.0320487,0.0400369,0.92386,0.00405427],[0.835888,0.152015,0.00404411,0.00805347],[0.00205467,0.00604371,0.00404411,0.987858],[0.0140523,0.0200409,0.00804331,0.957864],[0.883878,0.00404411,0.0220405,0.0900371],[0.427969,0.0500349,0.401965,0.120031],[0.208013,0.357973,0.355974,0.0780395]]},{"db":2,"id":"PAX5_HUMAN.H11MO.0.A","len":21,"ltrim":0,"rtrim":0,"nsites":202,"evalue":"1.0e+000","url":"http://hocomoco.autosome.ru/motif/PAX5_HUMAN.H11MO.0.A","pwm":[[0.133733,0.28215,0.504812,0.079305],[0.128785,0.499864,0.188137,0.183214],[0.148578,0.415747,0.33163,0.104045],[0.203006,0.0545396,0.25741,0.485045],[0.198058,0.0446435,0.752214,0.00508431],[0.158474,0.138656,0.539448,0.163422],[0.0248765,0.118864,0.623565,0.232694],[0.0347726,0.875915,0.0594877,0.0298245],[0.781927,0.0347475,0.163397,0.0199285],[0.386084,0.113916,0.465227,0.0347726],[0.0347726,0.732422,0.12876,0.104045],[0.410824,0.267306,0.277202,0.0446687],[0.311863,0.0199033,0.618617,0.0496167],[0.682967,0.0396955,0.163397,0.113941],[0.0347726,0.163397,0.772006,0.0298245],[0.0100324,0.781902,0.0446435,0.163422],[0.21785,0.0347475,0.717578,0.0298245],[0.321759,0.0297994,0.158449,0.489993],[0.173318,0.0297994,0.791798,0.00508431],[0.811616,0.0347475,0.10402,0.0496167],[0.118889,0.801695,0.0297994,0.0496167]]},{"db":2,"id":"PITX2_HUMAN.H11MO.0.D","len":10,"ltrim":0,"rtrim":2,"nsites":17,"evalue":"1.0e+000","url":"http://hocomoco.autosome.ru/motif/PITX2_HUMAN.H11MO.0.D","pwm":[[0.0571842,0.235958,0.174209,0.532648],[0.112758,0.0568872,0.470603,0.359752],[0.118933,0.00131345,0.822569,0.0571842],[0.00161053,0.00131345,0.995465,0.00161053],[0.822867,0.174209,0.00131345,0.00161053],[0.00161053,0.00131345,0.00131345,0.995763],[0.00161053,0.00131345,0.0568872,0.940189],[0.699369,0.0568872,0.00131345,0.24243],[0.409151,0.303881,0.223608,0.0633591],[0.361296,0.194278,0.126354,0.318072]]},{"db":2,"id":"RHXF1_HUMAN.H11MO.0.D","len":11,"ltrim":2,"rtrim":2,"nsites":3568,"evalue":"1.0e+000","url":"http://hocomoco.autosome.ru/motif/RHXF1_HUMAN.H11MO.0.D","pwm":[[0.28398,0.311451,0.244272,0.160297],[0.323305,0.147689,0.406264,0.122743],[0.109098,0.11359,0.561315,0.215997],[0.0271731,0.0108289,0.951911,0.0100874],[0.00169159,0.00129418,0.992104,0.00491039],[0.780321,0.184111,0.0313005,0.00426736],[0.00748615,0.00451297,0.00654196,0.981459],[0.150194,0.367646,0.0546208,0.427539],[0.746569,0.0399396,0.0625184,0.150973],[0.358024,0.111278,0.238392,0.292306],[0.16169,0.431667,0.284077,0.122567]]},{"db":2,"id":"SOX17_HUMAN.H11MO.0.C","len":11,"ltrim":1,"rtrim":3,"nsites":500,"evalue":"1.0e+000","url":"http://hocomoco.autosome.ru/motif/SOX17_HUMAN.H11MO.0.C","pwm":[[0.114032,0.283988,0.42596,0.17602],[0.0320487,0.805884,0.0920265,0.0700411],[0.0400471,0.799885,0.00404411,0.156024],[0.887878,0.0160417,0.00404411,0.0920367],[0.00405427,0.0200409,0.0100429,0.965862],[0.00805347,0.118021,0.112023,0.761903],[0.0225506,0.0665316,0.620421,0.290497],[0.0285494,0.0225404,0.014542,0.934368],[0.134528,0.136518,0.27649,0.452465],[0.0745402,0.290487,0.228499,0.406474],[0.130529,0.236498,0.196506,0.436468]]},{"db":2,"id":"SPZ1_HUMAN.H11MO.0.D","len":16,"ltrim":1,"rtrim":1,"nsites":11,"evalue":"1.0e+000","url":"http://hocomoco.autosome.ru/motif/SPZ1_HUMAN.H11MO.0.D","pwm":[[0.227706,0.497519,0.137159,0.137616],[0.00248108,0.182204,0.722744,0.0925712],[0.182661,0.0921135,0.722744,0.00248108],[0.00248108,0.632654,0.272294,0.0925712],[0.182661,0.00202342,0.272294,0.543022],[0.0925712,0.00202342,0.722744,0.182661],[0.362841,0.00202342,0.00202342,0.633112],[0.452932,0.00202342,0.00202342,0.543022],[0.633112,0.272294,0.0921135,0.00248108],[0.0925712,0.812834,0.0921135,0.00248108],[0.272751,0.542564,0.182204,0.00248108],[0.00248108,0.452474,0.272294,0.272751],[0.182661,0.272294,0.0921135,0.452932],[0.00248108,0.182204,0.632654,0.182661],[0.00248108,0.0921135,0.902924,0.00248108],[0.160139,0.159681,0.520041,0.160139]]},{"db":2,"id":"ZN121_HUMAN.H11MO.0.C","len":20,"ltrim":0,"rtrim":0,"nsites":486,"evalue":"1.0e+000","url":"http://hocomoco.autosome.ru/motif/ZN121_HUMAN.H11MO.0.C","pwm":[[0.0268001,0.917553,0.0288469,0.0268001],[0.0823443,0.0350184,0.084391,0.798246],[0.0123998,0.0123893,0.958697,0.0165142],[0.0370861,0.0247325,0.93401,0.00417103],[0.0926302,0.0679335,0.833208,0.00622822],[0.0350289,0.921667,0.0350184,0.00828541],[0.827047,0.0926197,0.0617619,0.0185714],[0.812647,0.0617619,0.0987913,0.0268001],[0.0432576,0.750921,0.0905626,0.115259],[0.841447,0.0370756,0.0926197,0.0288573],[0.0391433,0.220166,0.300396,0.440295],[0.82499,0.0288469,0.0453044,0.100859],[0.0226857,0.0350184,0.917553,0.0247429],[0.0329717,0.571945,0.0370756,0.358008],[0.448524,0.0802766,0.438228,0.0329717],[0.872305,0.0247325,0.0699907,0.0329717],[0.0226857,0.0206181,0.942239,0.014457],[0.864076,0.0453044,0.0699907,0.0206286],[0.0288573,0.804407,0.0391328,0.127602],[0.0329717,0.77355,0.0453044,0.148174]]},{"db":2,"id":"ZN770_HUMAN.H11MO.0.C","len":22,"ltrim":0,"rtrim":1,"nsites":490,"evalue":"1.0e+000","url":"http://hocomoco.autosome.ru/motif/ZN770_HUMAN.H11MO.0.C","pwm":[[0.226541,0.0959446,0.528509,0.149005],[0.126561,0.0245306,0.83661,0.0122986],[0.0469854,0.0224902,0.928428,0.00209659],[0.940681,0.00616703,0.0428942,0.0102582],[0.0327026,4.58274e-05,0.956993,0.0102582],[0.0286218,0.0122882,0.946791,0.0122986],[0.0408642,0.875377,0.057177,0.0265814],[0.124521,0.287742,0.0449346,0.542803],[0.116359,0.0816618,0.781519,0.0204602],[0.640742,0.0714598,0.244894,0.0429046],[0.146965,0.0592174,0.763155,0.0306622],[0.191854,0.0898234,0.642772,0.075551],[0.169409,0.402005,0.204086,0.2245],[0.328561,0.0714598,0.47954,0.12044],[0.106157,0.0959446,0.754994,0.0429046],[0.161248,0.0939042,0.712145,0.0327026],[0.648903,0.046975,0.22653,0.0775914],[0.0918742,0.0449346,0.844771,0.0184198],[0.214298,0.100025,0.661135,0.024541],[0.565247,0.189803,0.169399,0.075551],[0.0898338,0.138793,0.255096,0.516277],[0.102076,0.495863,0.222449,0.179611]]}],"sequence_names":["chr10:106094900-106095399","chr10:114875250-114876099","chr10:121558250-121558799","chr10:33562100-33562949","chr10:33587400-33587999","chr10:74003800-74004399","chr10:74032050-74033149","chr11:121330250-121330799","chr11:17042800-17043549","chr11:63332400-63332999","chr11:69329850-69330649","chr11:71856050-71856499","chr11:78508050-78509199","chr11:80410850-80411799","chr12:11584850-11585449","chr12:118768000-118768549","chr12:132315200-132315999","chr12:49275750-49276699","chr12:67989200-67989699","chr13:100629600-100630249","chr13:33693650-33694849","chr13:33859350-33860099","chr13:35202300-35202749","chr13:35502750-35503199","chr13:52165000-52165649","chr13:96890450-96891699","chr13:98945300-98946249","chr13:98953500-98954399","chr14:34837150-34838399","chr14:51331750-51332699","chr14:51370350-51371599","chr14:51377100-51378099","chr14:61905250-61906199","chr14:77500300-77501049","chr15:101253250-101254599","chr15:40377300-40377849","chr15:50507600-50508449","chr15:67224500-67225049","chr15:90236350-90237199","chr15:96613700-96614349","chr16:15601050-15601699","chr16:1950250-1950749","chr16:59512700-59513099","chr16:74642650-74643199","chr16:75593950-75594449","chr16:76171650-76172399","chr16:78086750-78087399","chr16:87840300-87841199","chr17:26200450-26201199","chr17:36442200-36443199","chr17:39559950-39560549","chr17:40294950-40295749","chr17:4090150-4090899","chr18:55396150-55396849","chr19:46696100-46696949","chr1:169042600-169043149","chr1:17886150-17886949","chr1:180126800-180127299","chr1:227002600-227003299","chr1:235110250-235111599","chr1:42255300-42256049","chr1:44855850-44856549","chr1:84310900-84311549","chr1:85422150-85423049","chr1:85763300-85763999","chr20:18882600-18883449","chr20:19028250-19028699","chr20:3791800-3793049","chr20:47377500-47378099","chr20:48758800-48759249","chr20:52131700-52132799","chr21:16571750-16573449","chr21:38443900-38444749","chr21:41816800-41817649","chr21:46823150-46823649","chr22:24198650-24199249","chr2:129062750-129063349","chr2:14683300-14684149","chr2:171095100-171095749","chr2:172903100-172904099","chr2:192731250-192731899","chr2:203453400-203454049","chr2:217657000-217657649","chr2:224505800-224506349","chr2:235372350-235373099","chr2:30440700-30441199","chr2:66782200-66783299","chr2:85648550-85649149","chr3:101892800-101893749","chr3:139021000-139021749","chr3:148179700-148180549","chr3:150062500-150063499","chr3:175056550-175057399","chr3:175991000-175992449","chr3:32625150-32625749","chr3:40459300-40459999","chr3:40509300-40510149","chr3:50160350-50160899","chr3:50950550-50951149","chr3:56413550-56414299","chr3:72677100-72677499","chr3:78662300-78663299","chr4:56264600-56265199","chr4:73218300-73218849","chr4:96338700-96339149","chr5:104246600-104246999","chr5:123935150-123935649","chr5:124745650-124746299","chr5:13377850-13378749","chr5:142625300-142625899","chr5:145360750-145362049","chr5:145912900-145913499","chr5:159687750-159688549","chr5:166025200-166026199","chr5:17305750-17306799","chr5:173249000-173249949","chr5:67745750-67746999","chr6:100623650-100624299","chr6:138409200-138409999","chr6:13873250-13873949","chr6:139866600-139867099","chr6:14744000-14744749","chr6:24879450-24880099","chr6:35063850-35064749","chr6:7201300-7202149","chr6:7975450-7975899","chr6:91521250-91522099","chr7:100995600-100996399","chr7:101618750-101619449","chr7:105709250-105709949","chr7:107833850-107834449","chr7:138575250-138576349","chr7:155115450-155116449","chr7:157793950-157794699","chr7:41188050-41188649","chr7:44673250-44673799","chr7:52900550-52901049","chr7:98760350-98760699","chr8:100941750-100942399","chr8:102516700-102517449","chr8:119862200-119862949","chr8:120451100-120451899","chr8:128878000-128878549","chr8:129164700-129165949","chr8:142164050-142164749","chr9:100476500-100477249","chr9:114827800-114828949","chr9:134180200-134180899","chr9:134619800-134620799","chr9:134622600-134623099","chr9:136608600-136609099","chr9:138287100-138287599","chr9:18976550-18976999","chr9:88358100-88358949","chr9:97394900-97395649","chr9:97581150-97582299","chrX:129169200-129170049","chrX:135284950-135285399","chrX:23815400-23815999","chrX:78094300-78095449"],"primaries":[{"motif":{"db":0,"id":"DCACGC","alt":"DREME-1","len":6,"ltrim":0,"rtrim":0,"nsites":190,"evalue":"3.2e-025","pwm":[[0.263164,0.000118148,0.42095,0.315768],[0.000144871,0.999592,0.000118148,0.000144871],[0.999619,0.000118148,0.000118148,0.000144871],[0.000144871,0.999592,0.000118148,0.000144871],[0.000144871,0.000118148,0.999592,0.000144871],[0.000144871,0.999592,0.000118148,0.000144871]]},"secondaries":[[{"idx":19,"counts":[[0,0,0,0,0,0,0,0,0,0,1,0,0,0,1,0,0,0,0,0,0,0,0,1,0,0,0,0,0,0,0,0,0,0,0,0,0,0,0,0,1,0,0,0,0,0,0,0,0,0,0,0,0,0,1,0,0,0,0,0,0,0,0,0,0,1,0,0,0,1,0,0,0,0,0,0,0,0,0,0,0,0,0,0,0,0,0,2,0,0,0,0,0,0,0,0,0,0,0,0,0,1,0,0,0,0,0,0,0,1,0,0,0,0,1,0,0,0,0,0,0,0,0,0,0,0,1,1,1,0,0,0],[0,0,0,0,1,0,0,0,0,0,0,0,0,0,2,0,0,0,0,0,0,0,0,0,0,0,0,0,0,0,0,0,0,0,0,0,0,0,0,1,0,0,0,0,1,0,0,0,1,0,0,0,0,0,1,0,0,0,0,0,0,0,0,0,0,0,0,7,0,1,0,0,0,1,0,1,0,0,1,1,0,0,0,0,0,0,0,1,0,1,0,0,0,0,0,0,0,0,0,0,1,0,0,0,0,1,0,0,0,0,0,0,0,0,0,0,0,0,1,1,0,0,0,0,0,1,0,0,0,0,0,0],[0,0,0,0,0,0,0,1,0,1,0,0,0,0,0,0,0,0,0,0,0,0,0,0,0,0,0,0,0,0,0,0,0,0,0,0,0,0,0,0,0,0,0,0,0,0,0,1,0,0,0,0,0,0,0,0,0,0,0,1,0,0,0,0,0,0,0,0,0,0,0,0,0,0,0,1,0,0,0,0,0,0,0,0,0,0,0,0,0,0,0,0,0,0,0,0,0,0,0,0,1,0,0,0,0,0,1,0,0,0,0,1,0,0,0,1,0,0,0,0,0,0,0,1,0,0,0,0,0,0,0,0],[0,0,0,0,0,0,0,0,0,0,0,0,0,0,0,0,0,0,0,0,0,0,0,0,0,0,0,0,0,0,0,0,0,0,0,0,0,0,0,0,1,0,0,0,0,0,0,0,0,0,0,0,0,0,0,0,0,0,0,0,0,0,0,0,1,0,0,0,1,0,0,0,1,0,0,0,0,0,0,0,0,0,0,0,0,0,0,0,0,0,1,0,0,0,1,0,0,0,0,0,0,0,0,0,0,0,0,0,1,1,1,0,0,0,0,0,0,0,0,0,0,0,0,1,1,0,0,0,0,0,0,0]],"spacings":[{"orient":1,"bin":67,"pvalue":4.13595e-11,"inferred_pwm":[[0,1,0,0],[0,0,0,1],[0,0,1,0],[0.571429,0,0.428571,0],[0,0.857143,0,0.142857],[0,1,0,0],[1,0,0,0],[0.857143,0.142857,0,0],[0,1,0,0],[0.857143,0,0,0.142857],[0,0,0.142857,0.857143],[0,0,1,0],[0,0,1,0],[0.142857,0.285714,0,0.571429],[0.285714,0,0.714286,0],[1,0,0,0],[0.857143,0,0.142857,0],[1,0,0,0],[0,0.857143,0,0.142857],[0,1,0,0]],"alignment_pwm":[null,[[0.285714,0.142857,0,0.571429],[0.285714,0.285714,0.142857,0.285714],[0.285714,0.142857,0.142857,0.428571],[0.285714,0.428571,0.285714,0],[0.428571,0.285714,0,0.285714],[0.285714,0,0.285714,0.428571],[0.428571,0.142857,0,0.428571],[0,0.142857,0.285714,0.571429],[0,0,0.714286,0.285714],[0.142857,0.285714,0.285714,0.285714],[0.142857,0.285714,0.285714,0.285714],[0.571429,0,0.142857,0.285714],[0.428571,0.142857,0.285714,0.142857],[0.285714,0.285714,0.142857,0.285714],[0.428571,0.285714,0.142857,0.142857],[0.571429,0,0,0.428571],[0.571429,0,0,0.428571],[0.285714,0.142857,0,0.571429],[0.142857,0.285714,0.285714,0.285714],[0.428571,0.142857,0,0.428571],[0.285714,0,0.142857,0.571429],[0.285714,0.142857,0.285714,0.285714],[0.428571,0.285714,0,0.285714],[0.285714,0.142857,0,0.571429],[0.142857,0.285714,0.142857,0.428571],[0.428571,0.142857,0.142857,0.285714],[0.285714,0.142857,0.142857,0.428571],[0.285714,0.285714,0.142857,0.285714],[0.142857,0.142857,0.285714,0.428571],[0,0,0.285714,0.714286],[0.428571,0,0.285714,0.285714],[0.571429,0,0.285714,0.142857],[0.285714,0,0.285714,0.428571],[0.428571,0.285714,0.142857,0.142857],[0.142857,0.428571,0,0.428571],[0.428571,0.285714,0.142857,0.142857],[0.285714,0.285714,0.142857,0.285714],[0.142857,0.285714,0.285714,0.285714],[0.428571,0,0.285714,0.285714],[0.571429,0.285714,0,0.142857],[0,0.428571,0,0.571429],[0.142857,0.428571,0.142857,0.285714],[0.142857,0,0.142857,0.714286],[0.285714,0.285714,0.142857,0.285714],[0,0.142857,0.428571,0.428571],[0.142857,0,0.142857,0.714286],[0,0.428571,0.285714,0.285714],[0.142857,0.285714,0.285714,0.285714],[0.428571,0.142857,0.142857,0.285714],[0.142857,0.571429,0.142857,0.142857],[0.714286,0,0.285714,0],[0.285714,0.285714,0.142857,0.285714],[0.285714,0.285714,0.142857,0.285714],[0,0.142857,0.142857,0.714286],[0.142857,0,0.285714,0.571429],[0.285714,0.285714,0.142857,0.285714],[0.285714,0.428571,0.142857,0.142857],[0.428571,0,0.142857,0.428571],[0.285714,0.428571,0,0.285714],[0.428571,0.428571,0.142857,0],[0.142857,0.142857,0.285714,0.428571],[0.142857,0.428571,0,0.428571],[0.285714,0,0,0.714286],[0,0.142857,0.285714,0.571429],[0.428571,0.285714,0.142857,0.142857],[0.714286,0,0,0.285714],[0.285714,0.142857,0.142857,0.428571],[0.428571,0.142857,0.142857,0.285714],[0.714286,0,0.285714,0],[0.714286,0,0.285714,0],[0.714286,0,0.285714,0],[0.428571,0.428571,0.142857,0],[0.571429,0.142857,0,0.285714],[0.142857,0.142857,0,0.714286],[0.142857,0.142857,0.142857,0.571429],[0.571429,0.142857,0.142857,0.142857],[0.428571,0.142857,0.142857,0.285714],[0.285714,0,0.142857,0.571429],[0,0,0.142857,0.857143],[0.285714,0.142857,0.428571,0.142857],[0.571429,0.142857,0.142857,0.142857],[0.285714,0,0.714286,0],[0,0.142857,0.857143,0],[0.142857,0.857143,0,0],[0.142857,0.714286,0,0.142857],[0.571429,0,0.428571,0],[0.142857,0.142857,0.714286,0],[0.142857,0,0.714286,0.142857],[0,0.714286,0,0.285714],[0.571429,0,0.428571,0],[0,0.714286,0.142857,0.142857],[0.428571,0.142857,0.428571,0],[0,0,0.714286,0.285714],[0,0.285714,0,0.714286],[0.285714,0,0.428571,0.285714],[0.142857,0.142857,0.571429,0.142857],[0,0.857143,0.142857,0],[0,0,0,1],[0,1,0,0],[1,0,0,0],[0,1,0,0],[0,0,1,0],[0,1,0,0],[0.285714,0.714286,0,0],[0.142857,0,0,0.857143],[0.142857,0,0.857143,0],[0,0,0.142857,0.857143],[0.714286,0.285714,0,0],[0.857143,0,0,0.142857],[0,0.142857,0.142857,0.714286],[0,0.857143,0.142857,0],[0.142857,0.714286,0,0.142857],[0,0.714286,0.142857,0.142857],[1,0,0,0],[0.428571,0,0.428571,0.142857],[0,1,0,0],[0.857143,0.142857,0,0],[0,0.857143,0,0.142857],[0,0.142857,0.142857,0.714286],[0,0,0.285714,0.714286],[0,0.142857,0,0.857143],[0.285714,0,0.571429,0.142857],[0,0.142857,0.857143,0],[0.142857,0,0.714286,0.142857],[0.857143,0.142857,0,0],[0,0,0.857143,0.142857],[0.142857,0,0.714286,0.142857],[0,0.857143,0,0.142857],[0,0.714286,0,0.285714],[0.428571,0.142857,0.428571,0],[1,0,0,0],[0,0.142857,0.857143,0],[0.142857,0,0.714286,0.142857],[0,0.714286,0,0.285714],[0.428571,0,0.571429,0],[0,0,0.857143,0.142857],[0.142857,0,0.857143,0],[0.142857,0.714286,0,0.142857],[0.428571,0,0.571429,0],[0,0.142857,0.857143,0],[0.714286,0,0.142857,0.142857],[0,0,0,1],[0.142857,0.857143,0,0],[0.714286,0,0.142857,0.142857],[0.142857,0.857143,0,0],[0.142857,0.857143,0,0],[0,0.285714,0,0.714286],[0,0.142857,0.857143,0],[1,0,0,0],[0,0,0.857143,0.142857],[0,0.142857,0.857143,0],[0,0.142857,0,0.857143],[0,0.857143,0,0.142857],[0.571429,0.142857,0.142857,0.142857],[0.142857,0,0.857143,0],[0.285714,0,0.714286,0],[0.714286,0.142857,0.142857,0],[0,0.142857,0.857143,0],[0,0.142857,0,0.857143],[0.142857,0,0,0.857143],[0,1,0,0],[0.571429,0.142857,0.285714,0],[0.857143,0,0,0.142857],[0,0,0.857143,0.142857],[1,0,0,0],[0,0.857143,0,0.142857],[0,0.857143,0,0.142857],[0.857143,0,0,0.142857],[0,0,0.857143,0.142857],[0,0.857143,0.142857,0],[0,1,0,0],[0,0,0,1],[0,0,1,0],[0.571429,0,0.428571,0],[0,0.857143,0,0.142857],[0,1,0,0],[1,0,0,0],[0.857143,0.142857,0,0],[0,1,0,0],[0.857143,0,0,0.142857],[0,0,0.142857,0.857143],[0,0,1,0],[0,0,1,0],[0.142857,0.285714,0,0.571429],[0.285714,0,0.714286,0],[1,0,0,0],[0.857143,0,0.142857,0],[1,0,0,0],[0,0.857143,0,0.142857],[0,1,0,0],[0,1,0,0],[0,0.714286,0,0.285714],[0.142857,0.142857,0.571429,0.142857],[0,0.142857,0.142857,0.714286],[0,1,0,0],[0,0,0.142857,0.857143],[0,0.857143,0.142857,0],[0,0,0,1],[0.714286,0,0,0.285714],[0.142857,0.857143,0,0]],null,null],"seqs":[42,43,70,91,127,128,137]},{"orient":6,"bin":67,"pvalue":4.82932e-09,"inferred_pwm":[[0,1,0,0],[0,0,0,1],[0,0,1,0],[0.571429,0,0.428571,0],[0,0.857143,0,0.142857],[0,1,0,0],[1,0,0,0],[0.857143,0.142857,0,0],[0,1,0,0],[0.857143,0,0,0.142857],[0,0,0.142857,0.857143],[0,0,1,0],[0,0,1,0],[0.142857,0.285714,0,0.571429],[0.285714,0,0.714286,0],[1,0,0,0],[0.857143,0,0.142857,0],[1,0,0,0],[0,0.857143,0,0.142857],[0,1,0,0]],"alignment_pwm":[null,[[0.285714,0.142857,0,0.571429],[0.285714,0.285714,0.142857,0.285714],[0.285714,0.142857,0.142857,0.428571],[0.285714,0.428571,0.285714,0],[0.428571,0.285714,0,0.285714],[0.285714,0,0.285714,0.428571],[0.428571,0.142857,0,0.428571],[0,0.142857,0.285714,0.571429],[0,0,0.714286,0.285714],[0.142857,0.285714,0.285714,0.285714],[0.142857,0.285714,0.285714,0.285714],[0.571429,0,0.142857,0.285714],[0.428571,0.142857,0.285714,0.142857],[0.285714,0.285714,0.142857,0.285714],[0.428571,0.285714,0.142857,0.142857],[0.571429,0,0,0.428571],[0.571429,0,0,0.428571],[0.285714,0.142857,0,0.571429],[0.142857,0.285714,0.285714,0.285714],[0.428571,0.142857,0,0.428571],[0.285714,0,0.142857,0.571429],[0.285714,0.142857,0.285714,0.285714],[0.428571,0.285714,0,0.285714],[0.285714,0.142857,0,0.571429],[0.142857,0.285714,0.142857,0.428571],[0.428571,0.142857,0.142857,0.285714],[0.285714,0.142857,0.142857,0.428571],[0.285714,0.285714,0.142857,0.285714],[0.142857,0.142857,0.285714,0.428571],[0,0,0.285714,0.714286],[0.428571,0,0.285714,0.285714],[0.571429,0,0.285714,0.142857],[0.285714,0,0.285714,0.428571],[0.428571,0.285714,0.142857,0.142857],[0.142857,0.428571,0,0.428571],[0.428571,0.285714,0.142857,0.142857],[0.285714,0.285714,0.142857,0.285714],[0.142857,0.285714,0.285714,0.285714],[0.428571,0,0.285714,0.285714],[0.571429,0.285714,0,0.142857],[0,0.428571,0,0.571429],[0.142857,0.428571,0.142857,0.285714],[0.142857,0,0.142857,0.714286],[0.285714,0.285714,0.142857,0.285714],[0,0.142857,0.428571,0.428571],[0.142857,0,0.142857,0.714286],[0,0.428571,0.285714,0.285714],[0.142857,0.285714,0.285714,0.285714],[0.428571,0.142857,0.142857,0.285714],[0.142857,0.571429,0.142857,0.142857],[0.714286,0,0.285714,0],[0.285714,0.285714,0.142857,0.285714],[0.285714,0.285714,0.142857,0.285714],[0,0.142857,0.142857,0.714286],[0.142857,0,0.285714,0.571429],[0.285714,0.285714,0.142857,0.285714],[0.285714,0.428571,0.142857,0.142857],[0.428571,0,0.142857,0.428571],[0.285714,0.428571,0,0.285714],[0.428571,0.428571,0.142857,0],[0.142857,0.142857,0.285714,0.428571],[0.142857,0.428571,0,0.428571],[0.285714,0,0,0.714286],[0,0.142857,0.285714,0.571429],[0.428571,0.285714,0.142857,0.142857],[0.714286,0,0,0.285714],[0.285714,0.142857,0.142857,0.428571],[0.428571,0.142857,0.142857,0.285714],[0.714286,0,0.285714,0],[0.714286,0,0.285714,0],[0.714286,0,0.285714,0],[0.428571,0.428571,0.142857,0],[0.571429,0.142857,0,0.285714],[0.142857,0.142857,0,0.714286],[0.142857,0.142857,0.142857,0.571429],[0.571429,0.142857,0.142857,0.142857],[0.428571,0.142857,0.142857,0.285714],[0.285714,0,0.142857,0.571429],[0,0,0.142857,0.857143],[0.285714,0.142857,0.428571,0.142857],[0.571429,0.142857,0.142857,0.142857],[0.285714,0,0.714286,0],[0,0.142857,0.857143,0],[0.142857,0.857143,0,0],[0.142857,0.714286,0,0.142857],[0.571429,0,0.428571,0],[0.142857,0.142857,0.714286,0],[0.142857,0,0.714286,0.142857],[0,0.714286,0,0.285714],[0.571429,0,0.428571,0],[0,0.714286,0.142857,0.142857],[0.428571,0.142857,0.428571,0],[0,0,0.714286,0.285714],[0,0.285714,0,0.714286],[0.285714,0,0.428571,0.285714],[0.142857,0.142857,0.571429,0.142857],[0,0.857143,0.142857,0],[0,0,0,1],[0,1,0,0],[1,0,0,0],[0,1,0,0],[0,0,1,0],[0,1,0,0],[0.285714,0.714286,0,0],[0.142857,0,0,0.857143],[0.142857,0,0.857143,0],[0,0,0.142857,0.857143],[0.714286,0.285714,0,0],[0.857143,0,0,0.142857],[0,0.142857,0.142857,0.714286],[0,0.857143,0.142857,0],[0.142857,0.714286,0,0.142857],[0,0.714286,0.142857,0.142857],[1,0,0,0],[0.428571,0,0.428571,0.142857],[0,1,0,0],[0.857143,0.142857,0,0],[0,0.857143,0,0.142857],[0,0.142857,0.142857,0.714286],[0,0,0.285714,0.714286],[0,0.142857,0,0.857143],[0.285714,0,0.571429,0.142857],[0,0.142857,0.857143,0],[0.142857,0,0.714286,0.142857],[0.857143,0.142857,0,0],[0,0,0.857143,0.142857],[0.142857,0,0.714286,0.142857],[0,0.857143,0,0.142857],[0,0.714286,0,0.285714],[0.428571,0.142857,0.428571,0],[1,0,0,0],[0,0.142857,0.857143,0],[0.142857,0,0.714286,0.142857],[0,0.714286,0,0.285714],[0.428571,0,0.571429,0],[0,0,0.857143,0.142857],[0.142857,0,0.857143,0],[0.142857,0.714286,0,0.142857],[0.428571,0,0.571429,0],[0,0.142857,0.857143,0],[0.714286,0,0.142857,0.142857],[0,0,0,1],[0.142857,0.857143,0,0],[0.714286,0,0.142857,0.142857],[0.142857,0.857143,0,0],[0.142857,0.857143,0,0],[0,0.285714,0,0.714286],[0,0.142857,0.857143,0],[1,0,0,0],[0,0,0.857143,0.142857],[0,0.142857,0.857143,0],[0,0.142857,0,0.857143],[0,0.857143,0,0.142857],[0.571429,0.142857,0.142857,0.142857],[0.142857,0,0.857143,0],[0.285714,0,0.714286,0],[0.714286,0.142857,0.142857,0],[0,0.142857,0.857143,0],[0,0.142857,0,0.857143],[0.142857,0,0,0.857143],[0,1,0,0],[0.571429,0.142857,0.285714,0],[0.857143,0,0,0.142857],[0,0,0.857143,0.142857],[1,0,0,0],[0,0.857143,0,0.142857],[0,0.857143,0,0.142857],[0.857143,0,0,0.142857],[0,0,0.857143,0.142857],[0,0.857143,0.142857,0],[0,1,0,0],[0,0,0,1],[0,0,1,0],[0.571429,0,0.428571,0],[0,0.857143,0,0.142857],[0,1,0,0],[1,0,0,0],[0.857143,0.142857,0,0],[0,1,0,0],[0.857143,0,0,0.142857],[0,0,0.142857,0.857143],[0,0,1,0],[0,0,1,0],[0.142857,0.285714,0,0.571429],[0.285714,0,0.714286,0],[1,0,0,0],[0.857143,0,0.142857,0],[1,0,0,0],[0,0.857143,0,0.142857],[0,1,0,0],[0,1,0,0],[0,0.714286,0,0.285714],[0.142857,0.142857,0.571429,0.142857],[0,0.142857,0.142857,0.714286],[0,1,0,0],[0,0,0.142857,0.857143],[0,0.857143,0.142857,0],[0,0,0,1],[0.714286,0,0,0.285714],[0.142857,0.857143,0,0]],null,null],"seqs":[42,43,70,91,127,128,137]},{"orient":7,"bin":67,"pvalue":4.82932e-09,"inferred_pwm":[[0,1,0,0],[0,0,0,1],[0,0,1,0],[0.571429,0,0.428571,0],[0,0.857143,0,0.142857],[0,1,0,0],[1,0,0,0],[0.857143,0.142857,0,0],[0,1,0,0],[0.857143,0,0,0.142857],[0,0,0.142857,0.857143],[0,0,1,0],[0,0,1,0],[0.142857,0.285714,0,0.571429],[0.285714,0,0.714286,0],[1,0,0,0],[0.857143,0,0.142857,0],[1,0,0,0],[0,0.857143,0,0.142857],[0,1,0,0]],"alignment_pwm":[null,[[0.285714,0.142857,0,0.571429],[0.285714,0.285714,0.142857,0.285714],[0.285714,0.142857,0.142857,0.428571],[0.285714,0.428571,0.285714,0],[0.428571,0.285714,0,0.285714],[0.285714,0,0.285714,0.428571],[0.428571,0.142857,0,0.428571],[0,0.142857,0.285714,0.571429],[0,0,0.714286,0.285714],[0.142857,0.285714,0.285714,0.285714],[0.142857,0.285714,0.285714,0.285714],[0.571429,0,0.142857,0.285714],[0.428571,0.142857,0.285714,0.142857],[0.285714,0.285714,0.142857,0.285714],[0.428571,0.285714,0.142857,0.142857],[0.571429,0,0,0.428571],[0.571429,0,0,0.428571],[0.285714,0.142857,0,0.571429],[0.142857,0.285714,0.285714,0.285714],[0.428571,0.142857,0,0.428571],[0.285714,0,0.142857,0.571429],[0.285714,0.142857,0.285714,0.285714],[0.428571,0.285714,0,0.285714],[0.285714,0.142857,0,0.571429],[0.142857,0.285714,0.142857,0.428571],[0.428571,0.142857,0.142857,0.285714],[0.285714,0.142857,0.142857,0.428571],[0.285714,0.285714,0.142857,0.285714],[0.142857,0.142857,0.285714,0.428571],[0,0,0.285714,0.714286],[0.428571,0,0.285714,0.285714],[0.571429,0,0.285714,0.142857],[0.285714,0,0.285714,0.428571],[0.428571,0.285714,0.142857,0.142857],[0.142857,0.428571,0,0.428571],[0.428571,0.285714,0.142857,0.142857],[0.285714,0.285714,0.142857,0.285714],[0.142857,0.285714,0.285714,0.285714],[0.428571,0,0.285714,0.285714],[0.571429,0.285714,0,0.142857],[0,0.428571,0,0.571429],[0.142857,0.428571,0.142857,0.285714],[0.142857,0,0.142857,0.714286],[0.285714,0.285714,0.142857,0.285714],[0,0.142857,0.428571,0.428571],[0.142857,0,0.142857,0.714286],[0,0.428571,0.285714,0.285714],[0.142857,0.285714,0.285714,0.285714],[0.428571,0.142857,0.142857,0.285714],[0.142857,0.571429,0.142857,0.142857],[0.714286,0,0.285714,0],[0.285714,0.285714,0.142857,0.285714],[0.285714,0.285714,0.142857,0.285714],[0,0.142857,0.142857,0.714286],[0.142857,0,0.285714,0.571429],[0.285714,0.285714,0.142857,0.285714],[0.285714,0.428571,0.142857,0.142857],[0.428571,0,0.142857,0.428571],[0.285714,0.428571,0,0.285714],[0.428571,0.428571,0.142857,0],[0.142857,0.142857,0.285714,0.428571],[0.142857,0.428571,0,0.428571],[0.285714,0,0,0.714286],[0,0.142857,0.285714,0.571429],[0.428571,0.285714,0.142857,0.142857],[0.714286,0,0,0.285714],[0.285714,0.142857,0.142857,0.428571],[0.428571,0.142857,0.142857,0.285714],[0.714286,0,0.285714,0],[0.714286,0,0.285714,0],[0.714286,0,0.285714,0],[0.428571,0.428571,0.142857,0],[0.571429,0.142857,0,0.285714],[0.142857,0.142857,0,0.714286],[0.142857,0.142857,0.142857,0.571429],[0.571429,0.142857,0.142857,0.142857],[0.428571,0.142857,0.142857,0.285714],[0.285714,0,0.142857,0.571429],[0,0,0.142857,0.857143],[0.285714,0.142857,0.428571,0.142857],[0.571429,0.142857,0.142857,0.142857],[0.285714,0,0.714286,0],[0,0.142857,0.857143,0],[0.142857,0.857143,0,0],[0.142857,0.714286,0,0.142857],[0.571429,0,0.428571,0],[0.142857,0.142857,0.714286,0],[0.142857,0,0.714286,0.142857],[0,0.714286,0,0.285714],[0.571429,0,0.428571,0],[0,0.714286,0.142857,0.142857],[0.428571,0.142857,0.428571,0],[0,0,0.714286,0.285714],[0,0.285714,0,0.714286],[0.285714,0,0.428571,0.285714],[0.142857,0.142857,0.571429,0.142857],[0,0.857143,0.142857,0],[0,0,0,1],[0,1,0,0],[1,0,0,0],[0,1,0,0],[0,0,1,0],[0,1,0,0],[0.285714,0.714286,0,0],[0.142857,0,0,0.857143],[0.142857,0,0.857143,0],[0,0,0.142857,0.857143],[0.714286,0.285714,0,0],[0.857143,0,0,0.142857],[0,0.142857,0.142857,0.714286],[0,0.857143,0.142857,0],[0.142857,0.714286,0,0.142857],[0,0.714286,0.142857,0.142857],[1,0,0,0],[0.428571,0,0.428571,0.142857],[0,1,0,0],[0.857143,0.142857,0,0],[0,0.857143,0,0.142857],[0,0.142857,0.142857,0.714286],[0,0,0.285714,0.714286],[0,0.142857,0,0.857143],[0.285714,0,0.571429,0.142857],[0,0.142857,0.857143,0],[0.142857,0,0.714286,0.142857],[0.857143,0.142857,0,0],[0,0,0.857143,0.142857],[0.142857,0,0.714286,0.142857],[0,0.857143,0,0.142857],[0,0.714286,0,0.285714],[0.428571,0.142857,0.428571,0],[1,0,0,0],[0,0.142857,0.857143,0],[0.142857,0,0.714286,0.142857],[0,0.714286,0,0.285714],[0.428571,0,0.571429,0],[0,0,0.857143,0.142857],[0.142857,0,0.857143,0],[0.142857,0.714286,0,0.142857],[0.428571,0,0.571429,0],[0,0.142857,0.857143,0],[0.714286,0,0.142857,0.142857],[0,0,0,1],[0.142857,0.857143,0,0],[0.714286,0,0.142857,0.142857],[0.142857,0.857143,0,0],[0.142857,0.857143,0,0],[0,0.285714,0,0.714286],[0,0.142857,0.857143,0],[1,0,0,0],[0,0,0.85