<!DOCTYPE HTML>
<html>
  <head>
    <meta charset="UTF-8">
    <title>SpaMo - Spaced Motif Analysis</title>
    <script type="text/javascript">
      //@JSON_VAR data
      var data = {"program":"SpaMo","version":"4.12.0","revision":"aacc9c3eb8c7b460b344d5c8aa1458097dae704d","release":"Tue Jun 27 16:22:50 2017 -0700","host":"Sudins-iMac.local","when":"Thu May 24 19:22:10 2018","cmd":["spamo","-verbosity","1","-oc","results/AHRpeaks_withAHREs.bed-499.fa/hocomoco/spamo_out_3","-bgfile","results/AHRpeaks_withAHREs.bed-499.fa/hocomoco/background","-primary","AAMAAARHAAACAAAR","results/AHRpeaks_withAHREs.bed-499.fa/hocomoco/AHRpeaks_withAHREs.bed-499.fa","results/AHRpeaks_withAHREs.bed-499.fa/hocomoco/meme_out/meme.xml","results/AHRpeaks_withAHREs.bed-499.fa/hocomoco/meme_out/meme.xml","results/AHRpeaks_withAHREs.bed-499.fa/hocomoco/dreme_out/dreme.xml","/Users/filipov4/meme/db/motif_databases/HUMAN/HOCOMOCOv11_full_HUMAN_mono_meme_format.meme"],"options":{"seq_min_hit_score":7,"margin":150,"bin_size":1,"bin_pvalue_calc_range":150,"use_best_secondary":0,"seq_max_shared_fract":0.5,"seq_odds_ratio":20,"bin_pvalue_cutoff":0.05,"motif_evalue_cutoff":10,"redundant_overlap":2,"redundant_joint":0.5,"motif_pseudocount":0.1,"bgfile":"results/AHRpeaks_withAHREs.bed-499.fa/hocomoco/background","motif_trim":0.25,"xalph":0,"seed":1,"bin_max":10},"alphabet":{"name":"DNA","like":"dna","ncore":4,"symbols":[{"symbol":"A","name":"Adenine","colour":"CC0000","complement":"T"},{"symbol":"C","name":"Cytosine","colour":"0000CC","complement":"G"},{"symbol":"G","name":"Guanine","colour":"FFB300","complement":"C"},{"symbol":"T","aliases":"U","name":"Thymine","colour":"008000","complement":"A"},{"symbol":"N","aliases":"X.","name":"Any base","equals":"ACGT"},{"symbol":"V","name":"Not T","equals":"ACG"},{"symbol":"H","name":"Not G","equals":"ACT"},{"symbol":"D","name":"Not C","equals":"AGT"},{"symbol":"B","name":"Not A","equals":"CGT"},{"symbol":"M","name":"Amino","equals":"AC"},{"symbol":"R","name":"Purine","equals":"AG"},{"symbol":"W","name":"Weak","equals":"AT"},{"symbol":"S","name":"Strong","equals":"CG"},{"symbol":"Y","name":"Pyrimidine","equals":"CT"},{"symbol":"K","name":"Keto","equals":"GT"}]},"background":[0.2658,0.2342,0.2342,0.2658],"sequence_dbs":[{"source":"results/AHRpeaks_withAHREs.bed-499.fa/hocomoco/AHRpeaks_withAHREs.bed-499.fa","name":"AHRpeaks_withAHREs.bed-499","last_modified":"Thu May 24 11:14:35 2018","loaded":1224,"excluded_too_short":0,"excluded_no_match":754,"excluded_ambigs":0,"excluded_similar":3,"erased_primary_matches":920}],"primary_dbs":[{"source":"results/AHRpeaks_withAHREs.bed-499.fa/hocomoco/meme_out/meme.xml","name":"meme.xml","last_modified":"Thu May 24 19:20:26 2018","loaded":6,"excluded":5}],"secondary_dbs":[{"source":"results/AHRpeaks_withAHREs.bed-499.fa/hocomoco/meme_out/meme.xml","name":"meme.xml","last_modified":"Thu May 24 19:20:26 2018","loaded":7,"excluded":1},{"source":"results/AHRpeaks_withAHREs.bed-499.fa/hocomoco/dreme_out/dreme.xml","name":"dreme.xml","last_modified":"Thu May 24 19:21:12 2018","loaded":7,"excluded":0},{"source":"/Users/filipov4/meme/db/motif_databases/HUMAN/HOCOMOCOv11_full_HUMAN_mono_meme_format.meme","name":"HOCOMOCOv11_full_HUMAN_mono_meme_format","last_modified":"Wed Dec  6 21:59:30 2017","loaded":771,"excluded":0}],"secondary_motifs":[{"db":0,"id":"AYTCCAGCCTGGGTGACAGRGYVASACBYC","alt":"MEME-3","len":30,"ltrim":0,"rtrim":0,"nsites":10,"evalue":"1.3e-019","pwm":[[0.794711,0.00231881,0.200339,0.00263168],[0.00263168,0.497368,0.200339,0.299661],[0.101642,0.200339,0.00231881,0.695701],[0.00263168,0.893408,0.101329,0.00263168],[0.00263168,0.992418,0.00231881,0.00263168],[0.893721,0.00231881,0.00231881,0.101642],[0.00263168,0.00231881,0.992418,0.00263168],[0.00263168,0.893408,0.101329,0.00263168],[0.00263168,0.893408,0.00231881,0.101642],[0.00263168,0.00231881,0.00231881,0.992731],[0.00263168,0.00231881,0.992418,0.00263168],[0.00263168,0.200339,0.794398,0.00263168],[0.101642,0.101329,0.794398,0.00263168],[0.00263168,0.200339,0.00231881,0.794711],[0.101642,0.101329,0.794398,0.00263168],[0.992731,0.00231881,0.00231881,0.00263168],[0.00263168,0.893408,0.101329,0.00263168],[0.695701,0.101329,0.200339,0.00263168],[0.00263168,0.101329,0.893408,0.00263168],[0.497681,0.00231881,0.497368,0.00263168],[0.101642,0.00231881,0.893408,0.00263168],[0.101642,0.398358,0.101329,0.398671],[0.299661,0.200339,0.398358,0.101642],[0.992731,0.00231881,0.00231881,0.00263168],[0.200651,0.299349,0.497368,0.00263168],[0.893721,0.00231881,0.101329,0.00263168],[0.200651,0.497368,0.101329,0.200651],[0.00263168,0.398358,0.200339,0.398671],[0.00263168,0.596378,0.101329,0.299661],[0.101642,0.695388,0.00231881,0.200651]]},{"db":2,"id":"ALX3_HUMAN.H11MO.0.D","len":11,"ltrim":0,"rtrim":0,"nsites":8236,"evalue":"1.0e+000","url":"http://hocomoco.autosome.ru/motif/ALX3_HUMAN.H11MO.0.D","pwm":[[0.0593553,0.029288,0.0125406,0.898816],[0.935254,0.000884285,0.0127348,0.0511268],[0.99982,2.73281e-05,0.000125266,2.77117e-05],[0.000492917,0.0040183,0.000198719,0.99529],[0.00685888,0.109791,0.0166523,0.866698],[0.703232,0.00166779,0.295097,3.22725e-06],[0.476896,0.0894464,0.41218,0.0214778],[0.658443,0.158693,0.132125,0.0507385],[0.022459,0.0203039,0.0188349,0.938402],[0.171225,0.0612192,0.0304667,0.737089],[0.800539,0.0456261,0.0573786,0.0964563]]},{"db":2,"id":"AP2C_HUMAN.H11MO.0.A","len":14,"ltrim":2,"rtrim":2,"nsites":500,"evalue":"1.0e+000","url":"http://hocomoco.autosome.ru/motif/AP2C_HUMAN.H11MO.0.A","pwm":[[0.387204,0.201037,0.26956,0.1422],[0.196089,0.123621,0.166414,0.513877],[0.184613,0.099799,0.518373,0.197215],[0.00958604,0.506985,0.471845,0.0115839],[0.003856,0.988133,0.00795834,5.31494e-05],[0.001921,0.951679,0.00239121,0.0440086],[0.0500584,0.131887,0.0254189,0.792636],[0.0354103,4.68306e-05,0.917072,0.0474707],[0.554979,0.0254404,0.415801,0.00377906],[0.0734791,4.68306e-05,0.924451,0.00202356],[5.31494e-05,4.68306e-05,0.997964,0.00193625],[0.0289789,0.618171,0.340996,0.0118548],[0.313916,0.351516,0.0971797,0.237388],[0.428243,0.170533,0.241667,0.159557]]},{"db":2,"id":"CDX1_HUMAN.H11MO.0.C","len":8,"ltrim":0,"rtrim":1,"nsites":30,"evalue":"1.0e+000","url":"http://hocomoco.autosome.ru/motif/CDX1_HUMAN.H11MO.0.C","pwm":[[0.465285,0.243696,0.0490044,0.242015],[0.033034,0.000778073,0.0972308,0.868957],[0.033034,0.000778073,0.032929,0.933259],[0.0651848,0.0543629,0.129382,0.751071],[0.804655,0.000778073,0.161533,0.033034],[0.247373,0.0936584,0.032929,0.626039],[0.206292,0.000778073,0.792047,0.000883056],[0.20004,0.09991,0.339256,0.360794]]},{"db":2,"id":"DLX6_HUMAN.H11MO.0.D","len":15,"ltrim":1,"rtrim":0,"nsites":1138,"evalue":"1.0e+000","url":"http://hocomoco.autosome.ru/motif/DLX6_HUMAN.H11MO.0.D","pwm":[[0.399593,0.128085,0.103482,0.36884],[0.481967,0.0733885,0.0672379,0.377407],[0.438254,0.0674575,0.0955746,0.398714],[0.347313,0.0837127,0.128524,0.44045],[0.293495,0.105459,0.187175,0.413871],[0.326005,0.118639,0.256589,0.298767],[0.310189,0.198597,0.303157,0.188056],[0.216173,0.217049,0.359391,0.207387],[0.227596,0.208262,0.311065,0.253077],[0.00880993,0.228472,0.00265655,0.760062],[0.956881,0.00792849,0.027259,0.00793127],[0.987634,0.00880715,0.00177789,0.00178067],[0.00331832,0.00507286,0.00595152,0.985657],[0.0195735,0.0160561,0.0345079,0.929863],[0.659456,0.0162757,0.293053,0.0312157]]},{"db":2,"id":"LHX4_HUMAN.H11MO.0.D","len":11,"ltrim":3,"rtrim":1,"nsites":1413,"evalue":"1.0e+000","url":"http://hocomoco.autosome.ru/motif/LHX4_HUMAN.H11MO.0.D","pwm":[[0.389942,0.0693676,0.222223,0.318468],[0.355089,0.232661,0.199401,0.212849],[0.378796,0.150218,0.380917,0.0900691],[0.0679546,0.352433,0.064414,0.515198],[0.00638779,0.000724237,0.0014319,0.991456],[0.985795,1.65735e-05,0.0141699,1.88097e-05],[0.99924,1.65735e-05,0.000724237,1.88097e-05],[0.00408788,0.000547321,0.00196265,0.993402],[0.117845,0.0845824,0.198516,0.599056],[0.545097,0.0744982,0.283967,0.096438],[0.283615,0.193032,0.31475,0.208603]]},{"db":2,"id":"MSX2_HUMAN.H11MO.0.D","len":7,"ltrim":0,"rtrim":2,"nsites":11,"evalue":"1.0e+000","url":"http://hocomoco.autosome.ru/motif/MSX2_HUMAN.H11MO.0.D","pwm":[[0.00239459,0.00210991,0.0830071,0.912488],[0.912488,0.00210991,0.0830071,0.00239459],[0.902376,0.00210991,0.0931193,0.00239459],[0.00239459,0.00210991,0.00210991,0.993386],[0.194526,0.00210991,0.00210991,0.801255],[0.184413,0.174017,0.356035,0.285535],[0.116156,0.125984,0.287778,0.470082]]},{"db":2,"id":"PAX5_HUMAN.H11MO.0.A","len":21,"ltrim":0,"rtrim":0,"nsites":202,"evalue":"1.0e+000","url":"http://hocomoco.autosome.ru/motif/PAX5_HUMAN.H11MO.0.A","pwm":[[0.133729,0.282154,0.504817,0.0793002],[0.128781,0.499868,0.188142,0.183209],[0.148573,0.415752,0.331635,0.10404],[0.203001,0.0545444,0.257414,0.48504],[0.198053,0.0446483,0.752219,0.00507956],[0.158469,0.138661,0.539453,0.163417],[0.0248717,0.118869,0.62357,0.23269],[0.0347678,0.87592,0.0594924,0.0298198],[0.781923,0.0347522,0.163401,0.0199237],[0.386079,0.113921,0.465232,0.0347678],[0.0347678,0.732427,0.128765,0.10404],[0.410819,0.26731,0.277206,0.0446639],[0.311858,0.0199081,0.618622,0.049612],[0.682962,0.0397002,0.163401,0.113937],[0.0347678,0.163401,0.772011,0.0298198],[0.0100276,0.781907,0.0446483,0.163417],[0.217846,0.0347522,0.717582,0.0298198],[0.321754,0.0298042,0.158453,0.489988],[0.173313,0.0298042,0.791803,0.00507956],[0.811611,0.0347522,0.104025,0.049612],[0.118885,0.801699,0.0298042,0.049612]]},{"db":2,"id":"VAX1_HUMAN.H11MO.0.D","len":18,"ltrim":2,"rtrim":1,"nsites":50,"evalue":"1.0e+000","url":"http://hocomoco.autosome.ru/motif/VAX1_HUMAN.H11MO.0.D","pwm":[[0.349832,0.130208,0.369729,0.150231],[0.160211,0.319829,0.399669,0.120291],[0.0604108,0.0603477,0.0603477,0.818894],[0.998535,0.000467465,0.000467465,0.000530539],[0.998535,0.000467465,0.000467465,0.000530539],[0.000530539,0.000467465,0.000467465,0.998535],[0.000530539,0.000467465,0.000467465,0.998535],[0.998535,0.000467465,0.000467465,0.000530539],[0.180171,0.0403876,0.71903,0.0604108],[0.0204906,0.279909,0.359749,0.339852],[0.180171,0.299869,0.479509,0.0404507],[0.100331,0.100268,0.220028,0.579373],[0.319892,0.160148,0.0204275,0.499533],[0.798934,0.0403876,0.000467465,0.160211],[0.579373,0.0204275,0.000467465,0.399732],[0.185161,0.00545749,0.00545749,0.803924],[0.279972,0.0603477,0.100268,0.559413],[0.474582,0.0952778,0.155158,0.274982]]},{"db":2,"id":"ZN121_HUMAN.H11MO.0.C","len":20,"ltrim":0,"rtrim":0,"nsites":486,"evalue":"1.0e+000","url":"http://hocomoco.autosome.ru/motif/ZN121_HUMAN.H11MO.0.C","pwm":[[0.0267981,0.917555,0.0288488,0.0267981],[0.0823423,0.0350204,0.084393,0.798244],[0.0123978,0.0123913,0.958699,0.0165122],[0.0370841,0.0247345,0.934012,0.00416906],[0.0926282,0.0679354,0.83321,0.00622625],[0.0350269,0.921669,0.0350204,0.00828344],[0.827045,0.0926217,0.0617639,0.0185694],[0.812645,0.0617639,0.0987933,0.0267981],[0.0432557,0.750922,0.0905645,0.115257],[0.841445,0.0370776,0.0926217,0.0288553],[0.0391413,0.220167,0.300398,0.440293],[0.824988,0.0288488,0.0453064,0.100857],[0.0226838,0.0350204,0.917555,0.024741],[0.0329697,0.571947,0.0370776,0.358006],[0.448522,0.0802786,0.43823,0.0329697],[0.872303,0.0247345,0.0699926,0.0329697],[0.0226838,0.0206201,0.942241,0.014455],[0.864074,0.0453064,0.0699926,0.0206266],[0.0288553,0.804409,0.0391348,0.1276],[0.0329697,0.773552,0.0453064,0.148172]]}],"sequence_names":["chr10:105649650-105650399","chr10:111941650-111942149","chr10:33587400-33587999","chr10:74091150-74091899","chr12:112555300-112555949","chr12:112574650-112575299","chr12:116309650-116310549","chr12:123560100-123560949","chr12:124716500-124716999","chr12:32827850-32828349","chr12:48297800-48298749","chr12:49275750-49276699","chr12:53624400-53624949","chr12:54372700-54373449","chr12:76017600-76018199","chr12:93480700-93481599","chr13:111152000-111152749","chr13:23557400-23558349","chr13:26641650-26642249","chr13:67694850-67695749","chr13:76836050-76836549","chr13:96890450-96891699","chr14:101874650-101875399","chr14:102948000-102948699","chr14:38654650-38655399","chr14:51370350-51371599","chr14:55800350-55800899","chr14:56648350-56648899","chr14:67906750-67907749","chr14:68013800-68014349","chr14:77371250-77371849","chr14:77511900-77512849","chr14:88934450-88935749","chr14:95522550-95523099","chr14:95707300-95708349","chr14:99240200-99240999","chr15:101261150-101262749","chr15:63752600-63753349","chr15:63788950-63790149","chr15:67442250-67443249","chr15:70384000-70384749","chr15:96613700-96614349","chr15:99343400-99344099","chr16:54205750-54206549","chr16:75098050-75099749","chr16:82171850-82172549","chr16:89497150-89497999","chr16:89904000-89904749","chr16:89970650-89971349","chr17:39559950-39560549","chr17:4064200-4065349","chr17:4681500-4682199","chr17:57424950-57425799","chr17:57919900-57920849","chr17:61656500-61657549","chr17:6280450-6281049","chr18:32629450-32630099","chr18:74766450-74767399","chr19:10728350-10728949","chr19:15548200-15548949","chr19:46696100-46696949","chr1:112055950-112056449","chr1:113136850-113137749","chr1:114446950-114447849","chr1:119021800-119022399","chr1:188458250-188458799","chr1:202054900-202055549","chr1:207193400-207193899","chr1:65992700-65993249","chr1:68663200-68663899","chr1:85763300-85763999","chr1:87258500-87259199","chr1:97437550-97438249","chr20:47377500-47378099","chr20:49358150-49359049","chr20:49360650-49361449","chr20:50338600-50339299","chr20:52129950-52130849","chr20:57430950-57431449","chr21:35816650-35817199","chr21:42622400-42622949","chr22:30190600-30191349","chr22:46307550-46308049","chr2:201508400-201509049","chr2:205204400-205205099","chr2:220586850-220587799","chr2:27515900-27516499","chr2:38322850-38324249","chr2:437500-438449","chr2:66782200-66783299","chr2:88895550-88896449","chr3:116737550-116738099","chr3:133718450-133718949","chr3:14307000-14307649","chr3:161138200-161139099","chr3:193429650-193430599","chr3:73729850-73730749","chr3:78662300-78663299","chr4:113033900-113034999","chr4:146733900-146734449","chr4:73218300-73218849","chr5:100596250-100597049","chr5:14187700-14188249","chr5:16573200-16574099","chr5:17305750-17306799","chr5:174757950-174758999","chr6:11389850-11390899","chr6:120004000-120004699","chr6:139866600-139867099","chr6:16146600-16147249","chr6:17012450-17013549","chr6:19526900-19527549","chr6:26257300-26257949","chr6:33512150-33512849","chr6:36992250-36992799","chr6:49858600-49859149","chr6:8083300-8084599","chr6:83398100-83398649","chr7:100995600-100996399","chr7:101343600-101344249","chr7:101525150-101525699","chr7:101618750-101619449","chr7:112921250-112922299","chr7:41188050-41188649","chr7:80128200-80128899","chr8:102380850-102381649","chr8:102619500-102620599","chr8:116999650-117000799","chr8:127509450-127510899","chr8:131045250-131045899","chr8:145030400-145030999","chr8:18400050-18400849","chr8:73687550-73688049","chr8:74331950-74332849","chr9:108453100-108453699","chr9:114654050-114654799","chr9:128058900-128059699","chr9:136608600-136609099","chr9:36923800-36924449","chr9:84027800-84028799","chr9:84202200-84203849","chr9:98835900-98836449","chrX:143455700-143456199","chrX:52963450-52964299","chrX:70296000-70296549"],"primaries":[{"motif":{"db":0,"id":"AAMAAARHAAACAAAR","alt":"MEME-2","len":16,"ltrim":0,"rtrim":1,"nsites":90,"evalue":"2.1e-028","pwm":[[0.854901,0.0557543,0.000259933,0.0890853],[0.666222,0.000259933,0.27773,0.0557893],[0.41095,0.27773,0.111248,0.200073],[0.666222,0.0668529,0.000259933,0.266666],[0.799407,0.000259933,0.188939,0.0113937],[0.854901,0.000259933,0.0557543,0.0890853],[0.655123,0.000259933,0.344322,0.000295006],[0.266666,0.444211,0.000259933,0.288863],[0.932592,0.0557543,0.000259933,0.0113937],[0.843802,0.0446546,0.000259933,0.111283],[0.999185,0.000259933,0.000259933,0.000295006],[0.200073,0.477508,0.111248,0.211172],[0.721715,0.100149,0.000259933,0.177876],[0.699518,0.0890503,0.133445,0.0779867],[0.77721,0.000259933,0.111248,0.111283],[0.444246,0.144544,0.299927,0.111283]]},"secondaries":[[{"idx":0,"counts":[[1,0,0,0,3,7,3,4,1,3,0,1,0,0,1,1,0,1,1,0,1,0,1,1,0,1,0,0,0,0,0,0,0,0,0,0,0,0,0,0,0,0,0,0,0,0,0,0,0,0,0,0,0,0,0,0,0,0,0,0,0,0,0,0,0,0,0,0,0,0,0,0,0,0,0,0,0,0,0,0,0,1,0,0,0,0,0,0,0,0,0,0,0,0,0,0,0,0,0,0,0,0,0,0,0,0,0,0,0,0,0,0,0,0,0,0,0,0,0,0,0,0],[0,0,0,0,0,0,0,0,0,0,0,0,0,0,0,0,0,0,0,0,0,0,0,0,0,0,0,0,0,0,0,0,0,0,0,0,0,0,0,0,0,0,0,0,0,0,0,0,0,0,0,0,0,0,0,0,0,0,0,0,0,0,0,0,0,0,0,0,0,0,0,0,0,0,0,0,0,0,0,0,0,0,0,0,0,0,0,0,0,0,0,0,0,0,0,0,0,0,0,0,1,0,0,0,0,0,0,0,0,0,0,0,0,0,0,0,2,0,0,0,1,0],[0,0,0,0,0,0,0,0,0,0,0,0,0,0,0,0,0,0,0,0,0,0,0,0,0,0,0,0,0,0,0,0,0,0,0,0,0,0,0,0,0,0,0,0,0,0,0,0,0,0,0,0,0,0,0,0,0,0,0,0,0,0,0,0,0,0,0,0,0,0,0,0,0,0,0,0,0,0,0,0,0,0,0,0,0,0,0,0,0,0,0,0,0,0,0,0,0,0,0,0,0,0,0,0,0,0,0,0,0,0,0,0,0,0,0,0,0,0,0,0,0,0],[0,0,0,0,0,0,0,0,0,0,0,0,0,0,0,0,0,0,0,0,0,0,0,0,0,0,0,0,0,0,0,0,0,0,0,0,0,0,0,0,0,0,0,0,0,0,0,0,0,0,0,0,0,0,0,0,0,0,0,0,0,0,0,0,0,0,0,0,0,0,0,0,0,0,0,0,0,0,0,0,0,0,0,0,0,0,0,0,0,0,0,0,1,0,0,0,0,0,0,0,0,0,0,1,0,0,0,0,0,0,0,0,0,0,0,0,0,0,0,0,0,0]],"spacings":[{"orient":0,"bin":5,"pvalue":1.91778e-12,"inferred_pwm":[[1,0,0,0],[0,0.714286,0.285714,0],[0.285714,0,0.142857,0.571429],[0,1,0,0],[0,1,0,0],[1,0,0,0],[0,0,1,0],[0,1,0,0],[0,0.857143,0,0.142857],[0,0,0,1],[0,0,1,0],[0.142857,0,0.857143,0],[0,0.285714,0.714286,0],[0,0.571429,0.142857,0.285714],[0.428571,0,0.571429,0],[1,0,0,0],[0,0.857143,0.142857,0],[1,0,0,0],[0,0,0.857143,0.142857],[0.571429,0,0.428571,0],[0,0,1,0],[0,0.714286,0,0.285714],[0.428571,0.285714,0.285714,0],[1,0,0,0],[0.285714,0.142857,0.571429,0],[0.857143,0,0.142857,0],[0.142857,0.857143,0,0],[0,0.571429,0,0.428571],[0,1,0,0],[0,0.428571,0,0.571429]],"alignment_pwm":[[[0.142857,0.285714,0.571429,0],[0.285714,0.285714,0,0.428571],[0.285714,0,0.714286,0],[0,0.571429,0.285714,0.142857],[0.285714,0.714286,0,0],[0.714286,0,0.285714,0],[0,0.428571,0,0.571429],[0,0,0,1],[0,0.142857,0.714286,0.142857],[0,0.571429,0.285714,0.142857],[1,0,0,0],[0,0.714286,0.285714,0],[0.285714,0,0.142857,0.571429],[0,1,0,0],[0,1,0,0],[1,0,0,0],[0,0,1,0],[0,1,0,0],[0,0.857143,0,0.142857],[0,0,0,1],[0,0,1,0],[0.142857,0,0.857143,0],[0,0.285714,0.714286,0],[0,0.571429,0.142857,0.285714],[0.428571,0,0.571429,0],[1,0,0,0],[0,0.857143,0.142857,0],[1,0,0,0],[0,0,0.857143,0.142857],[0.571429,0,0.428571,0],[0,0,1,0],[0,0.714286,0,0.285714],[0.428571,0.285714,0.285714,0],[1,0,0,0],[0.285714,0.142857,0.571429,0],[0.857143,0,0.142857,0],[0.142857,0.857143,0,0],[0,0.571429,0,0.428571],[0,1,0,0],[0,0.428571,0,0.571429],[0.333333,0,0.666667,0],[0,0,0,1],[0,1,0,0],[0,0,0,1],[0,1,0,0],[0.333333,0,0,0.666667],[1,0,0,0],[0,1,0,0],[0,0,0,1],[0,0,1,0],[1,0,0,0],[1,0,0,0],[1,0,0,0],[1,0,0,0],[0,0,0,1],[1,0,0,0],[0,1,0,0],[1,0,0,0],[1,0,0,0],[1,0,0,0],[1,0,0,0],[1,0,0,0],[0,0,0,1],[0,1,0,0],[1,0,0,0],[0,0.4,0.6,0],[0.2,0.8,0,0],[0.2,0.2,0,0.6],[0,0.4,0.4,0.2],[0.2,0.2,0.4,0.2],[0.2,0.4,0.4,0],[0,0.6,0,0.4],[0.2,0.4,0.2,0.2],[0.2,0,0,0.8],[0.2,0,0.8,0],[0,0,0.4,0.6],[0,0.2,0.2,0.6],[0.2,0,0.2,0.6],[0.2,0,0.4,0.4],[0,0.4,0.2,0.4],[0.2,0.2,0.6,0],[0.2,0.4,0.4,0],[0.5,0,0.333333,0.166667],[0,0.333333,0,0.666667],[0,0.166667,0.666667,0.166667],[0.142857,0.285714,0,0.571429],[0.142857,0.428571,0.142857,0.285714],[0.142857,0.142857,0.142857,0.571429],[0.571429,0,0.285714,0.142857],[0.142857,0.142857,0.428571,0.285714],[0.571429,0.285714,0.142857,0],[0.428571,0,0.142857,0.428571],[0.285714,0.142857,0,0.571429],[0.142857,0.428571,0.142857,0.285714],[0.285714,0.285714,0,0.428571],[0,0.714286,0,0.285714],[0.571429,0.285714,0.142857,0],[0.428571,0,0.285714,0.285714],[0.142857,0.428571,0.142857,0.285714],[0,0.285714,0.428571,0.285714],[0.571429,0.142857,0.142857,0.142857],[0.285714,0.285714,0,0.428571],[0.285714,0.142857,0.142857,0.428571],[0.285714,0.285714,0,0.428571],[0.142857,0.285714,0.428571,0.142857]],null,null,null],"seqs":[5,23,28,31,53,60,79]},{"orient":4,"bin":5,"pvalue":2.32079e-10,"inferred_pwm":[[1,0,0,0],[0,0.714286,0.285714,0],[0.285714,0,0.142857,0.571429],[0,1,0,0],[0,1,0,0],[1,0,0,0],[0,0,1,0],[0,1,0,0],[0,0.857143,0,0.142857],[0,0,0,1],[0,0,1,0],[0.142857,0,0.857143,0],[0,0.285714,0.714286,0],[0,0.571429,0.142857,0.285714],[0.428571,0,0.571429,0],[1,0,0,0],[0,0.857143,0.142857,0],[1,0,0,0],[0,0,0.857143,0.142857],[0.571429,0,0.428571,0],[0,0,1,0],[0,0.714286,0,0.285714],[0.428571,0.285714,0.285714,0],[1,0,0,0],[0.285714,0.142857,0.571429,0],[0.857143,0,0.142857,0],[0.142857,0.857143,0,0],[0,0.571429,0,0.428571],[0,1,0,0],[0,0.428571,0,0.571429]],"alignment_pwm":[[[0.142857,0.285714,0.571429,0],[0.285714,0.285714,0,0.428571],[0.285714,0,0.714286,0],[0,0.571429,0.285714,0.142857],[0.285714,0.714286,0,0],[0.714286,0,0.285714,0],[0,0.428571,0,0.571429],[0,0,0,1],[0,0.142857,0.714286,0.142857],[0,0.571429,0.285714,0.142857],[1,0,0,0],[0,0.714286,0.285714,0],[0.285714,0,0.142857,0.571429],[0,1,0,0],[0,1,0,0],[1,0,0,0],[0,0,1,0],[0,1,0,0],[0,0.857143,0,0.142857],[0,0,0,1],[0,0,1,0],[0.142857,0,0.857143,0],[0,0.285714,0.714286,0],[0,0.571429,0.142857,0.285714],[0.428571,0,0.571429,0],[1,0,0,0],[0,0.857143,0.142857,0],[1,0,0,0],[0,0,0.857143,0.142857],[0.571429,0,0.428571,0],[0,0,1,0],[0,0.714286,0,0.285714],[0.428571,0.285714,0.285714,0],[1,0,0,0],[0.285714,0.142857,0.571429,0],[0.857143,0,0.142857,0],[0.142857,0.857143,0,0],[0,0.571429,0,0.428571],[0,1,0,0],[0,0.428571,0,0.571429],[0.333333,0,0.666667,0],[0,0,0,1],[0,1,0,0],[0,0,0,1],[0,1,0,0],[0.333333,0,0,0.666667],[1,0,0,0],[0,1,0,0],[0,0,0,1],[0,0,1,0],[1,0,0,0],[1,0,0,0],[1,0,0,0],[1,0,0,0],[0,0,0,1],[1,0,0,0],[0,1,0,0],[1,0,0,0],[1,0,0,0],[1,0,0,0],[1,0,0,0],[1,0,0,0],[0,0,0,1],[0,1,0,0],[1,0,0,0],[0,0.4,0.6,0],[0.2,0.8,0,0],[0.2,0.2,0,0.6],[0,0.4,0.4,0.2],[0.2,0.2,0.4,0.2],[0.2,0.4,0.4,0],[0,0.6,0,0.4],[0.2,0.4,0.2,0.2],[0.2,0,0,0.8],[0.2,0,0.8,0],[0,0,0.4,0.6],[0,0.2,0.2,0.6],[0.2,0,0.2,0.6],[0.2,0,0.4,0.4],[0,0.4,0.2,0.4],[0.2,0.2,0.6,0],[0.2,0.4,0.4,0],[0.5,0,0.333333,0.166667],[0,0.333333,0,0.666667],[0,0.166667,0.666667,0.166667],[0.142857,0.285714,0,0.571429],[0.142857,0.428571,0.142857,0.285714],[0.142857,0.142857,0.142857,0.571429],[0.571429,0,0.285714,0.142857],[0.142857,0.142857,0.428571,0.285714],[0.571429,0.285714,0.142857,0],[0.428571,0,0.142857,0.428571],[0.285714,0.142857,0,0.571429],[0.142857,0.428571,0.142857,0.285714],[0.285714,0.285714,0,0.428571],[0,0.714286,0,0.285714],[0.571429,0.285714,0.142857,0],[0.428571,0,0.285714,0.285714],[0.142857,0.428571,0.142857,0.285714],[0,0.285714,0.428571,0.285714],[0.571429,0.142857,0.142857,0.142857],[0.285714,0.285714,0,0.428571],[0.285714,0.142857,0.142857,0.428571],[0.285714,0.285714,0,0.428571],[0.142857,0.285714,0.428571,0.142857]],null,null,null],"seqs":[5,23,28,31,53,60,79]},{"orient":5,"bin":5,"pvalue":2.32079e-10,"inferred_pwm":[[1,0,0,0],[0,0.714286,0.285714,0],[0.285714,0,0.142857,0.571429],[0,1,0,0],[0,1,0,0],[1,0,0,0],[0,0,1,0],[0,1,0,0],[0,0.857143,0,0.142857],[0,0,0,1],[0,0,1,0],[0.142857,0,0.857143,0],[0,0.285714,0.714286,0],[0,0.571429,0.142857,0.285714],[0.428571,0,0.571429,0],[1,0,0,0],[0,0.857143,0.142857,0],[1,0,0,0],[0,0,0.857143,0.142857],[0.571429,0,0.428571,0],[0,0,1,0],[0,0.714286,0,0.285714],[0.428571,0.285714,0.285714,0],[1,0,0,0],[0.285714,0.142857,0.571429,0],[0.857143,0,0.142857,0],[0.142857,0.857143,0,0],[0,0.571429,0,0.428571],[0,1,0,0],[0,0.428571,0,0.571429]],"alignment_pwm":[[[0.142857,0.285714,0.571429,0],[0.285714,0.285714,0,0.428571],[0.285714,0,0.714286,0],[0,0.571429,0.285714,0.142857],[0.285714,0.714286,0,0],[0.714286,0,0.285714,0],[0,0.428571,0,0.571429],[0,0,0,1],[0,0.142857,0.714286,0.142857],[0,0.571429,0.285714,0.142857],[1,0,0,0],[0,0.714286,0.285714,0],[0.285714,0,0.142857,0.571429],[0,1,0,0],[0,1,0,0],[1,0,0,0],[0,0,1,0],[0,1,0,0],[0,0.857143,0,0.142857],[0,0,0,1],[0,0,1,0],[0.142857,0,0.857143,0],[0,0.285714,0.714286,0],[0,0.571429,0.142857,0.285714],[0.428571,0,0.571429,0],[1,0,0,0],[0,0.857143,0.142857,0],[1,0,0,0],[0,0,0.857143,0.142857],[0.571429,0,0.428571,0],[0,0,1,0],[0,0.714286,0,0.285714],[0.428571,0.285714,0.285714,0],[1,0,0,0],[0.285714,0.142857,0.571429,0],[0.857143,0,0.142857,0],[0.142857,0.857143,0,0],[0,0.571429,0,0.428571],[0,1,0,0],[0,0.428571,0,0.571429],[0.333333,0,0.666667,0],[0,0,0,1],[0,1,0,0],[0,0,0,1],[0,1,0,0],[0.333333,0,0,0.666667],[1,0,0,0],[0,1,0,0],[0,0,0,1],[0,0,1,0],[1,0,0,0],[1,0,0,0],[1,0,0,0],[1,0,0,0],[0,0,0,1],[1,0,0,0],[0,1,0,0],[1,0,0,0],[1,0,0,0],[1,0,0,0],[1,0,0,0],[1,0,0,0],[0,0,0,1],[0,1,0,0],[1,0,0,0],[0,0.4,0.6,0],[0.2,0.8,0,0],[0.2,0.2,0,0.6],[0,0.4,0.4,0.2],[0.2,0.2,0.4,0.2],[0.2,0.4,0.4,0],[0,0.6,0,0.4],[0.2,0.4,0.2,0.2],[0.2,0,0,0.8],[0.2,0,0.8,0],[0,0,0.4,0.6],[0,0.2,0.2,0.6],[0.2,0,0.2,0.6],[0.2,0,0.4,0.4],[0,0.4,0.2,0.4],[0.2,0.2,0.6,0],[0.2,0.4,0.4,0],[0.5,0,0.333333,0.166667],[0,0.333333,0,0.666667],[0,0.166667,0.666667,0.166667],[0.142857,0.285714,0,0.571429],[0.142857,0.428571,0.142857,0.285714],[0.142857,0.142857,0.142857,0.571429],[0.571429,0,0.285714,0.142857],[0.142857,0.142857,0.428571,0.285714],[0.571429,0.285714,0.142857,0],[0.428571,0,0.142857,0.428571],[0.285714,0.142857,0,0.571429],[0.142857,0.428571,0.142857,0.285714],[0.285714,0.285714,0,0.428571],[0,0.714286,0,0.285714],[0.571429,0.285714,0.142857,0],[0.428571,0,0.285714,0.285714],[0.142857,0.428571,0.142857,0.285714],[0,0.285714,0.428571,0.285714],[0.571429,0.142857,0.142857,0.142857],[0.285714,0.285714,0,0.428571],[0.285714,0.142857,0.142857,0.428571],[0.285714,0.285714,0,0.428571],[0.142857,0.285714,0.428571,0.142857]],null,null,null],"seqs":[5,23,28,31,53,60,79]},{"orient":8,"bin":5,"pvalue":2.6548e-08,"inferred_pwm":[[1,0,0,0],[0,0.714286,0.285714,0],[0.285714,0,0.142857,0.571429],[0,1,0,0],[0,1,0,0],[1,0,0,0],[0,0,1,0],[0,1,0,0],[0,0.857143,0,0.142857],[0,0,0,1],[0,0,1,0],[0.142857,0,0.857143,0],[0,0.285714,0.714286,0],[0,0.571429,0.142857,0.285714],[0.428571,0,0.571429,0],[1,0,0,0],[0,0.857143,0.142857,0],[1,0,0,0],[0,0,0.857143,0.142857],[0.571429,0,0.428571,0],[0,0,1,0],[0,0.714286,0,0.285714],[0.428571,0.285714,0.285714,0],[1,0,0,0],[0.285714,0.142857,0.571429,0],[0.857143,0,0.142857,0],[0.142857,0.857143,0,0],[0,0.571429,0,0.428571],[0,1,0,0],[0,0.428571,0,0.571429]],"alignment_pwm":[[[0.142857,0.285714,0.571429,0],[0.285714,0.285714,0,0.428571],[0.285714,0,0.714286,0],[0,0.571429,0.285714,0.142857],[0.285714,0.714286,0,0],[0.714286,0,0.285714,0],[0,0.428571,0,0.571429],[0,0,0,1],[0,0.142857,0.714286,0.142857],[0,0.571429,0.285714,0.142857],[1,0,0,0],[0,0.714286,0.285714,0],[0.285714,0,0.142857,0.571429],[0,1,0,0],[0,1,0,0],[1,0,0,0],[0,0,1,0],[0,1,0,0],[0,0.857143,0,0.142857],[0,0,0,1],[0,0,1,0],[0.142857,0,0.857143,0],[0,0.285714,0.714286,0],[0,0.571429,0.142857,0.285714],[0.428571,0,0.571429,0],[1,0,0,0],[0,0.857143,0.142857,0],[1,0,0,0],[0,0,0.857143,0.142857],[0.571429,0,0.428571,0],[0,0,1,0],[0,0.714286,0,0.285714],[0.428571,0.285714,0.285714,0],[1,0,0,0],[0.285714,0.142857,0.571429,0],[0.857143,0,0.142857,0],[0.142857,0.857143,0,0],[0,0.571429,0,0.428571],[0,1,0,0],[0,0.428571,0,0.571429],[0.333333,0,0.666667,0],[0,0,0,1],[0,1,0,0],[0,0,0,1],[0,1,0,0],[0.333333,0,0,0.666667],[1,0,0,0],[0,1,0,0],[0,0,0,1],[0,0,1,0],[1,0,0,0],[1,0,0,0],[1,0,0,0],[1,0,0,0],[0,0,0,1],[1,0,0,0],[0,1,0,0],[1,0,0,0],[1,0,0,0],[1,0,0,0],[1,0,0,0],[1,0,0,0],[0,0,0,1],[0,1,0,0],[1,0,0,0],[0,0.4,0.6,0],[0.2,0.8,0,0],[0.2,0.2,0,0.6],[0,0.4,0.4,0.2],[0.2,0.2,0.4,0.2],[0.2,0.4,0.4,0],[0,0.6,0,0.4],[0.2,0.4,0.2,0.2],[0.2,0,0,0.8],[0.2,0,0.8,0],[0,0,0.4,0.6],[0,0.2,0.2,0.6],[0.2,0,0.2,0.6],[0.2,0,0.4,0.4],[0,0.4,0.2,0.4],[0.2,0.2,0.6,0],[0.2,0.4,0.4,0],[0.5,0,0.333333,0.166667],[0,0.333333,0,0.666667],[0,0.166667,0.666667,0.166667],[0.142857,0.285714,0,0.571429],[0.142857,0.428571,0.142857,0.285714],[0.142857,0.142857,0.142857,0.571429],[0.571429,0,0.285714,0.142857],[0.142857,0.142857,0.428571,0.285714],[0.571429,0.285714,0.142857,0],[0.428571,0,0.142857,0.428571],[0.285714,0.142857,0,0.571429],[0.142857,0.428571,0.142857,0.285714],[0.285714,0.285714,0,0.428571],[0,0.714286,0,0.285714],[0.571429,0.285714,0.142857,0],[0.428571,0,0.285714,0.285714],[0.142857,0.428571,0.142857,0.285714],[0,0.285714,0.428571,0.285714],[0.571429,0.142857,0.142857,0.142857],[0.285714,0.285714,0,0.428571],[0.285714,0.142857,0.142857,0.428571],[0.285714,0.285714,0,0.428571],[0.142857,0.285714,0.428571,0.142857]],null,null,null],"seqs":[5,23,28,31,53,60,79]},{"orient":0,"bin":7,"pvalue":1.27164e-06,"inferred_pwm":[[1,0,0,0],[0,1,0,0],[0,0,0,1],[0,1,0,0],[0,1,0,0],[1,0,0,0],[0,0,1,0],[0,1,0,0],[0,1,0,0],[0,0,0,1],[0,0,1,0],[0,0,1,0],[0,0,1,0],[0,0.5,0,0.5],[0.5,0,0.5,0],[1,0,0,0],[0,0.75,0,0.25],[0.75,0,0.25,0],[0.25,0,0.75,0],[0.5,0,0.25,0.25],[0.25,0,0.75,0],[0.25,0.25,0.25,0.25],[0.25,0.25,0.5,0],[0.75,0,0.25,0],[0.25,0.25,0.5,0],[0.75,0.25,0,0],[0.25,0.5,0,0.25],[0,0.5,0,0.5],[0.25,0.25,0.25,0.25],[0,0.25,0,0.75]],"alignment_pwm":[[[0.5,0,0.5,0],[0,0.5,0,0.5],[0.25,0,0.75,0],[0,1,0,0],[0,0.75,0,0.25],[0.5,0,0.5,0],[0,0.75,0,0.25],[0,0,0,1],[0,0,1,0],[0,0.75,0,0.25],[1,0,0,0],[0,1,0,0],[0,0,0,1],[0,1,0,0],[0,1,0,0],[1,0,0,0],[0,0,1,0],[0,1,0,0],[0,1,0,0],[0,0,0,1],[0,0,1,0],[0,0,1,0],[0,0,1,0],[0,0.5,0,0.5],[0.5,0,0.5,0],[1,0,0,0],[0,0.75,0,0.25],[0.75,0,0.25,0],[0.25,0,0.75,0],[0.5,0,0.25,0.25],[0.25,0,0.75,0],[0.25,0.25,0.25,0.25],[0.25,0.25,0.5,0],[0.75,0,0.25,0],[0.25,0.25,0.5,0],[0.75,0.25,0,0],[0.25,0.5,0,0.25],[0,0.5,0,0.5],[0.25,0.25,0.25,0.25],[0,0.25,0,0.75],[0.25,0.25,0.25,0.25],[0.25,0,0,0.75],[0,0.5,0,0.5],[0,0,0,1],[0,1,0,0],[1,0,0,0],[1,0,0,0],[1,0,0,0],[1,0,0,0],[1,0,0,0],[0,1,0,0],[0.25,0.25,0.25,0.25],[0.25,0.25,0.25,0.25],[0.25,0.25,0.25,0.25],[0.25,0.25,0.25,0.25],[0.25,0.25,0.25,0.25],[0.25,0.25,0.25,0.25],[0.25,0.25,0.25,0.25],[0.25,0.25,0.25,0.25],[0.25,0.25,0.25,0.25],[0.25,0.25,0.25,0.25],[0.25,0.25,0.25,0.25],[0.25,0.25,0.25,0.25],[0.25,0.25,0.25,0.25],[0.25,0.25,0.25,0.25],[0.25,0.25,0.25,0.25],[0.333333,0,0.666667,0],[0.666667,0,0.333333,0],[0.333333,0,0.666667,0],[0,0.666667,0.333333,0],[0.666667,0,0,0.333333],[0.5,0.25,0,0.25],[0.25,0.25,0.25,0.25],[0,0.5,0,0.5],[0.5,0,0.25,0.25],[0.25,0.25,0,0.5],[0.25,0.75,0,0],[0,0.5,0.25,0.25],[0.25,0,0.5,0.25],[0.5,0,0.5,0],[0.5,0,0.5,0],[0.5,0.5,0,0],[0.5,0,0.25,0.25],[0.5,0,0,0.5],[0,0,0.75,0.25],[0.25,0,0.25,0.5],[0.25,0,0.5,0.25],[0,0.75,0.25,0],[0.25,0.25,0,0.5],[0.5,0.5,0,0],[0.5,0,0.5,0],[0.5,0.25,0.25,0],[0.25,0.25,0.25,0.25],[0,0,0.25,0.75],[0.25,0.25,0,0.5],[0.5,0,0.5,0],[0,0,0.5,0.5],[0,0.25,0.75,0],[0.5,0,0.25,0.25],[0,0,0.5,0.5],[0.25,0.25,0.5,0],[0.25,0.25,0,0.5],[0.25,0,0.25,0.5],[0.5,0.25,0,0.25],[0.25,0.5,0.25,0],[0.25,0.5,0,0.25],[0.25,0.25,0.25,0.25],[0.25,0.25,0,0.5],[0.25,0,0.5,0.25]],null,null,null],"seqs":[15,48,113,120]},{"orient":4,"bin":7,"pvalue":1.92354e-05,"inferred_pwm":[[1,0,0,0],[0,1,0,0],[0,0,0,1],[0,1,0,0],[0,1,0,0],[1,0,0,0],[0,0,1,0],[0,1,0,0],[0,1,0,0],[0,0,0,1],[0,0,1,0],[0,0,1,0],[0,0,1,0],[0,0.5,0,0.5],[0.5,0,0.5,0],[1,0,0,0],[0,0.75,0,0.25],[0.75,0,0.25,0],[0.25,0,0.75,0],[0.5,0,0.25,0.25],[0.25,0,0.75,0],[0.25,0.25,0.25,0.25],[0.25,0.25,0.5,0],[0.75,0,0.25,0],[0.25,0.25,0.5,0],[0.75,0.25,0,0],[0.25,0.5,0,0.25],[0,0.5,0,0.5],[0.25,0.25,0.25,0.25],[0,0.25,0,0.75]],"alignment_pwm":[[[0.5,0,0.5,0],[0,0.5,0,0.5],[0.25,0,0.75,0],[0,1,0,0],[0,0.75,0,0.25],[0.5,0,0.5,0],[0,0.75,0,0.25],[0,0,0,1],[0,0,1,0],[0,0.75,0,0.25],[1,0,0,0],[0,1,0,0],[0,0,0,1],[0,1,0,0],[0,1,0,0],[1,0,0,0],[0,0,1,0],[0,1,0,0],[0,1,0,0],[0,0,0,1],[0,0,1,0],[0,0,1,0],[0,0,1,0],[0,0.5,0,0.5],[0.5,0,0.5,0],[1,0,0,0],[0,0.75,0,0.25],[0.75,0,0.25,0],[0.25,0,0.75,0],[0.5,0,0.25,0.25],[0.25,0,0.75,0],[0.25,0.25,0.25,0.25],[0.25,0.25,0.5,0],[0.75,0,0.25,0],[0.25,0.25,0.5,0],[0.75,0.25,0,0],[0.25,0.5,0,0.25],[0,0.5,0,0.5],[0.25,0.25,0.25,0.25],[0,0.25,0,0.75],[0.25,0.25,0.25,0.25],[0.25,0,0,0.75],[0,0.5,0,0.5],[0,0,0,1],[0,1,0,0],[1,0,0,0],[1,0,0,0],[1,0,0,0],[1,0,0,0],[1,0,0,0],[0,1,0,0],[0.25,0.25,0.25,0.25],[0.25,0.25,0.25,0.25],[0.25,0.25,0.25,0.25],[0.25,0.25,0.25,0.25],[0.25,0.25,0.25,0.25],[0.25,0.25,0.25,0.25],[0.25,0.25,0.25,0.25],[0.25,0.25,0.25,0.25],[0.25,0.25,0.25,0.25],[0.25,0.25,0.25,0.25],[0.25,0.25,0.25,0.25],[0.25,0.25,0.25,0.25],[0.25,0.25,0.25,0.25],[0.25,0.25,0.25,0.25],[0.25,0.25,0.25,0.25],[0.333333,0,0.666667,0],[0.666667,0,0.333333,0],[0.333333,0,0.666667,0],[0,0.666667,0.333333,0],[0.666667,0,0,0.333333],[0.5,0.25,0,0.25],[0.25,0.25,0.25,0.25],[0,0.5,0,0.5],[0.5,0,0.25,0.25],[0.25,0.25,0,0.5],[0.25,0.75,0,0],[0,0.5,0.25,0.25],[0.25,0,0.5,0.25],[0.5,0,0.5,0],[0.5,0,0.5,0],[0.5,0.5,0,0],[0.5,0,0.25,0.25],[0.5,0,0,0.5],[0,0,0.75,0.25],[0.25,0,0.25,0.5],[0.25,0,0.5,0.25],[0,0.75,0.25,0],[0.25,0.25,0,0.5],[0.5,0.5,0,0],[0.5,0,0.5,0],[0.5,0.25,0.25,0],[0.25,0.25,0.25,0.25],[0,0,0.25,0.75],[0.25,0.25,0,0.5],[0.5,0,0.5,0],[0,0,0.5,0.5],[0,0.25,0.75,0],[0.5,0,0.25,0.25],[0,0,0.5,0.5],[0.25,0.25,0.5,0],[0.25,0.25,0,0.5],[0.25,0,0.25,0.5],[0.5,0.25,0,0.25],[0.25,0.5,0.25,0],[0.25,0.5,0,0.25],[0.25,0.25,0.25,0.25],[0.25,0.25,0,0.5],[0.25,0,0.5,0.25]],null,null,null],"seqs":[15,48,113,120]},{"orient":5,"bin":7,"pvalue":1.92354e-05,"inferred_pwm":[[1,0,0,0],[0,1,0,0],[0,0,0,1],[0,1,0,0],[0,1,0,0],[1,0,0,0],[0,0,1,0],[0,1,0,0],[0,1,0,0],[0,0,0,1],[0,0,1,0],[0,0,1,0],[0,0,1,0],[0,0.5,0,0.5],[0.5,0,0.5,0],[1,0,0,0],[0,0.75,0,0.25],[0.75,0,0.25,0],[0.25,0,0.75,0],[0.5,0,0.25,0.25],[0.25,0,0.75,0],[0.25,0.25,0.25,0.25],[0.25,0.25,0.5,0],[0.75,0,0.25,0],[0.25,0.25,0.5,0],[0.75,0.25,0,0],[0.25,0.5,0,0.25],[0,0.5,0,0.5],[0.25,0.25,0.25,0.25],[0,0.25,0,0.75]],"alignment_pwm":[[[0.5,0,0.5,0],[0,0.5,0,0.5],[0.25,0,0.75,0],[0,1,0,0],[0,0.75,0,0.25],[0.5,0,0.5,0],[0,0.75,0,0.25],[0,0,0,1],[0,0,1,0],[0,0.75,0,0.25],[1,0,0,0],[0,1,0,0],[0,0,0,1],[0,1,0,0],[0,1,0,0],[1,0,0,0],[0,0,1,0],[0,1,0,0],[0,1,0,0],[0,0,0,1],[0,0,1,0],[0,0,1,0],[0,0,1,0],[0,0.5,0,0.5],[0.5,0,0.5,0],[1,0,0,0],[0,0.75,0,0.25],[0.75,0,0.25,0],[0.25,0,0.75,0],[0.5,0,0.25,0.25],[0.25,0,0.75,0],[0.25,0.25,0.25,0.25],[0.25,0.25,0.5,0],[0.75,0,0.25,0],[0.25,0.25,0.5,0],[0.75,0.25,0,0],[0.25,0.5,0,0.25],[0,0.5,0,0.5],[0.25,0.25,0.25,0.25],[0,0.25,0,0.75],[0.25,0.25,0.25,0.25],[0.25,0,0,0.75],[0,0.5,0,0.5],[0,0,0,1],[0,1,0,0],[1,0,0,0],[1,0,0,0],[1,0,0,0],[1,0,0,0],[1,0,0,0],[0,1,0,0],[0.25,0.25,0.25,0.25],[0.25,0.25,0.25,0.25],[0.25,0.25,0.25,0.25],[0.25,0.25,0.25,0.25],[0.25,0.25,0.25,0.25],[0.25,0.25,0.25,0.25],[0.25,0.25,0.25,0.25],[0.25,0.25,0.25,0.25],[0.25,0.25,0.25,0.25],[0.25,0.25,0.25,0.25],[0.25,0.25,0.25,0.25],[0.25,0.25,0.25,0.25],[0.25,0.25,0.25,0.25],[0.25,0.25,0.25,0.25],[0.25,0.25,0.25,0.25],[0.333333,0,0.666667,0],[0.666667,0,0.333333,0],[0.333333,0,0.666667,0],[0,0.666667,0.333333,0],[0.666667,0,0,0.333333],[0.5,0.25,0,0.25],[0.25,0.25,0.25,0.25],[0,0.5,0,0.5],[0.5,0,0.25,0.25],[0.25,0.25,0,0.5],[0.25,0.75,0,0],[0,0.5,0.25,0.25],[0.25,0,0.5,0.25],[0.5,0,0.5,0],[0.5,0,0.5,0],[0.5,0.5,0,0],[0.5,0,0.25,0.25],[0.5,0,0,0.5],[0,0,0.75,0.25],[0.25,0,0.25,0.5],[0.25,0,0.5,0.25],[0,0.75,0.25,0],[0.25,0.25,0,0.5],[0.5,0.5,0,0],[0.5,0,0.5,0],[0.5,0.25,0.25,0],[0.25,0.25,0.25,0.25],[0,0,0.25,0.75],[0.25,0.25,0,0.5],[0.5,0,0.5,0],[0,0,0.5,0.5],[0,0.25,0.75,0],[0.5,0,0.25,0.25],[0,0,0.5,0.5],[0.25,0.25,0.5,0],[0.25,0.25,0,0.5],[0.25,0,0.25,0.5],[0.5,0.25,0,0.25],[0.25,0.5,0.25,0],[0.25,0.5,0,0.25],[0.25,0.25,0.25,0.25],[0.25,0.25,0,0.5],[0.25,0,0.5,0.25]],null,null,null],"seqs":[15,48,113,120]}]},{"idx":7,"counts":[[0,1,0,1,0,1,0,4,10,1,2,0,3,0,2,1,0,2,0,1,1,0,0,1,0,2,0,1,1,0,0,1,0,1,0,3,0,0,1,0,0,1,0,1,0,1,0,0,0,0,0,0,1,0,0,0,0,0,0,1,0,1,0,0,1,0,1,0,0,0,1,0,0,0,0,1,0,0,2,1,0,2,0,0,1,0,0,0,0,0,0,0,0,3,0,0,0,0,1,1,0,0,0,1,1,0,0,1,0,0,0,1,0,0,1,0,0,0,0,1,1,1,0,0,3,0,1,0,0,0,0],[0,0,0,0,0,1,0,1,2,0,0,0,0,0,0,0,0,1,0,0,1,0,1,0,0,0,0,0,0,1,1,0,0,1,0,0,0,0,0,0,1,0,0,0,1,0,0,1,0,0,0,0,0,0,0,2,0,0,0,1,0,0,0,0,0,0,0,0,0,0,0,1,0,0,1,0,0,0,0,0,1,0,0,1,0,0,1,0,1,0,0,0,0,0,1,1,0,1,2,0,0,0,1,0,0,0,1,0,0,0,1,0,1,1,0,1,0,0,0,0,0,1,3,2,0,0,1,1,0,0,0],[0,0,0,0,0,0,0,0,1,2,0,0,0,0,0,0,0,0,0,0,0,0,0,0,0,0,0,0,0,0,0,0,0,0,0,0,0,0,0,0,0,1,0,0,0,0,1,0,0,1,0,0,0,0,0,0,0,1,0,1,0,2,1,0,1,0,0,0,0,0,0,2,0,0,0,0,0,1,0,0,0,0,0,0,0,0,0,0,0,0,0,2,0,0,0,1,1,0,0,1,0,0,0,0,0,0,0,1,0,0,1,1,0,0,1,1,1,1,0,0,0,0,0,0,2,0,0,1,0,0,0],[0,0,0,1,0,0,0,0,0,0,0,0,2,1,0,0,0,0,0,0,0,0,0,0,1,0,1,0,0,0,0,1,0,0,0,0,2,0,0,1,0,0,0,0,0,0,0,0,1,0,0,0,1,0,0,0,1,0,1,0,0,2,1,1,0,0,0,0,0,0,0,0,0,1,1,0,0,0,0,0,0,0,0,1,0,1,0,0,1,0,0,0,1,0,0,1,0,2,0,1,1,0,1,0,0,1,0,0,0,0,0,0,1,1,0,0,0,0,0,0,0,0,0,0,0,1,0,0,0,0,0]],"spacings":[{"orient":0,"bin":8,"pvalue":3.70939e-12,"inferred_pwm":[[0,0.3,0.7,0],[0,0.9,0,0.1],[0,0.6,0.1,0.3],[0,0,0.2,0.8],[0,0.1,0.9,0],[0.1,0,0.8,0.1],[0,0.4,0.6,0],[0.1,0.4,0.3,0.2],[0.5,0,0.5,0],[0.8,0.2,0,0],[0.2,0.6,0.2,0],[1,0,0,0],[0,0,0.9,0.1],[0.7,0,0.3,0],[0,0,1,0],[0,0.8,0,0.2],[0.4,0.2,0.4,0],[1,0,0,0],[0.4,0.1,0.5,0],[0.9,0,0.1,0],[0.1,0.9,0,0]],"alignment_pwm":[[[0,0.4,0.1,0.5],[0.1,0.1,0.1,0.7],[0,0.4,0.5,0.1],[0.2,0.4,0.2,0.2],[0.7,0.1,0.1,0.1],[0,0.6,0.2,0.2],[0.3,0.2,0.1,0.4],[0,0.9,0,0.1],[0.2,0.7,0,0.1],[0.7,0.1,0.2,0],[0,0.3,0.7,0],[0,0.9,0,0.1],[0,0.6,0.1,0.3],[0,0,0.2,0.8],[0,0.1,0.9,0],[0.1,0,0.8,0.1],[0,0.4,0.6,0],[0.1,0.4,0.3,0.2],[0.5,0,0.5,0],[0.8,0.2,0,0],[0.2,0.6,0.2,0],[1,0,0,0],[0,0,0.9,0.1],[0.7,0,0.3,0],[0,0,1,0],[0,0.8,0,0.2],[0.4,0.2,0.4,0],[1,0,0,0],[0.4,0.1,0.5,0],[0.9,0,0.1,0],[0.1,0.9,0,0],[0,0.4,0,0.6],[0,0.9,0.1,0],[0.1,0.5,0,0.4],[0.333333,0.111111,0.555556,0],[0.125,0,0,0.875],[0,1,0,0],[0,0,0.25,0.75],[0.25,0.75,0,0],[0.5,0,0,0.5],[1,0,0,0],[0.5,0.5,0,0],[0,0.5,0,0.5],[0.5,0,0.5,0],[1,0,0,0],[1,0,0,0],[0.5,0.5,0,0],[1,0,0,0],[0.5,0,0,0.5],[1,0,0,0],[0.5,0.5,0,0],[1,0,0,0],[0.333333,0.333333,0.333333,0],[0.666667,0,0,0.333333],[0.333333,0.333333,0,0.333333],[0.666667,0,0,0.333333],[0,0,0.666667,0.333333],[0,0.5,0.25,0.25],[0.666667,0,0,0.333333],[0.25,0.25,0.375,0.125],[0.375,0.625,0,0],[0.375,0.125,0,0.5],[0.125,0.25,0.25,0.375],[0.25,0.25,0.375,0.125],[0.125,0.375,0.5,0],[0.125,0.375,0.125,0.375],[0.125,0.5,0.125,0.25],[0.375,0,0,0.625],[0.125,0.125,0.625,0.125],[0.125,0.125,0.25,0.5],[0.125,0.125,0.125,0.625],[0.125,0,0.375,0.5],[0.125,0.125,0.5,0.25],[0.125,0.25,0.25,0.375],[0.25,0.25,0.375,0.125],[0.5,0.25,0.25,0],[0.333333,0.111111,0.222222,0.333333],[0,0.222222,0.333333,0.444444],[0.333333,0.111111,0.444444,0.111111],[0.2,0.2,0.2,0.4],[0.2,0.3,0.2,0.3],[0.2,0.2,0.1,0.5],[0.5,0.1,0.3,0.1],[0.1,0.2,0.5,0.2],[0.5,0.3,0.1,0.1],[0.4,0,0.2,0.4],[0.3,0.2,0,0.5],[0.3,0.3,0.2,0.2],[0.2,0.3,0.2,0.3],[0.1,0.6,0.1,0.2],[0.5,0.3,0.2,0],[0.4,0.1,0.3,0.2],[0.1,0.6,0.1,0.2]],null,null,null],"seqs":[5,23,28,31,53,60,79,129,130,135]},{"orient":4,"bin":8,"pvalue":1.66819e-10,"inferred_pwm":[[0,0.363636,0.636364,0],[0.0909091,0.818182,0,0.0909091],[0,0.545455,0.181818,0.272727],[0,0,0.272727,0.727273],[0,0.0909091,0.909091,0],[0.181818,0,0.727273,0.0909091],[0,0.363636,0.636364,0],[0.0909091,0.454545,0.272727,0.181818],[0.545455,0,0.454545,0],[0.727273,0.181818,0.0909091,0],[0.181818,0.636364,0.181818,0],[1,0,0,0],[0,0,0.818182,0.181818],[0.727273,0,0.272727,0],[0,0.0909091,0.909091,0],[0,0.818182,0,0.181818],[0.454545,0.181818,0.363636,0],[0.909091,0,0,0.0909091],[0.454545,0.0909091,0.454545,0],[0.909091,0,0.0909091,0],[0.181818,0.818182,0,0]],"alignment_pwm":[[[0,0.4,0.1,0.5],[0.1,0.1,0.1,0.7],[0,0.4,0.5,0.1],[0.2,0.4,0.2,0.2],[0.7,0.1,0.1,0.1],[0,0.6,0.2,0.2],[0.3,0.2,0.1,0.4],[0,0.9,0,0.1],[0.2,0.7,0,0.1],[0.7,0.1,0.2,0],[0,0.3,0.7,0],[0,0.9,0,0.1],[0,0.6,0.1,0.3],[0,0,0.2,0.8],[0,0.1,0.9,0],[0.1,0,0.8,0.1],[0,0.4,0.6,0],[0.1,0.4,0.3,0.2],[0.5,0,0.5,0],[0.8,0.2,0,0],[0.2,0.6,0.2,0],[1,0,0,0],[0,0,0.9,0.1],[0.7,0,0.3,0],[0,0,1,0],[0,0.8,0,0.2],[0.4,0.2,0.4,0],[1,0,0,0],[0.4,0.1,0.5,0],[0.9,0,0.1,0],[0.1,0.9,0,0],[0,0.4,0,0.6],[0,0.9,0.1,0],[0.1,0.5,0,0.4],[0.333333,0.111111,0.555556,0],[0.125,0,0,0.875],[0,1,0,0],[0,0,0.25,0.75],[0.25,0.75,0,0],[0.5,0,0,0.5],[1,0,0,0],[0.5,0.5,0,0],[0,0.5,0,0.5],[0.5,0,0.5,0],[1,0,0,0],[1,0,0,0],[0.5,0.5,0,0],[1,0,0,0],[0.5,0,0,0.5],[1,0,0,0],[0.5,0.5,0,0],[1,0,0,0],[0.333333,0.333333,0.333333,0],[0.666667,0,0,0.333333],[0.333333,0.333333,0,0.333333],[0.666667,0,0,0.333333],[0,0,0.666667,0.333333],[0,0.5,0.25,0.25],[0.666667,0,0,0.333333],[0.25,0.25,0.375,0.125],[0.375,0.625,0,0],[0.375,0.125,0,0.5],[0.125,0.25,0.25,0.375],[0.25,0.25,0.375,0.125],[0.125,0.375,0.5,0],[0.125,0.375,0.125,0.375],[0.125,0.5,0.125,0.25],[