<!DOCTYPE HTML>
<html>
  <head>
    <meta charset="UTF-8">
    <title>SpaMo - Spaced Motif Analysis</title>
    <script type="text/javascript">
      //@JSON_VAR data
      var data = {"program":"SpaMo","version":"4.12.0","revision":"aacc9c3eb8c7b460b344d5c8aa1458097dae704d","release":"Tue Jun 27 16:22:50 2017 -0700","host":"Sudins-iMac.local","when":"Thu May 24 16:52:37 2018","cmd":["spamo","-verbosity","1","-oc","results/AHRpeaks_oneAHRE.bed.fa/jaspar/spamo_out_3","-bgfile","results/AHRpeaks_oneAHRE.bed.fa/jaspar/background","-primary","GCCYCAGGS","results/AHRpeaks_oneAHRE.bed.fa/jaspar/AHRpeaks_oneAHRE.bed.fa","results/AHRpeaks_oneAHRE.bed.fa/jaspar/meme_out/meme.xml","results/AHRpeaks_oneAHRE.bed.fa/jaspar/meme_out/meme.xml","results/AHRpeaks_oneAHRE.bed.fa/jaspar/dreme_out/dreme.xml","/Users/filipov4/meme/db/motif_databases/JASPAR/JASPAR2018_CORE_non-redundant.meme"],"options":{"seq_min_hit_score":7,"margin":150,"bin_size":1,"bin_pvalue_calc_range":150,"use_best_secondary":0,"seq_max_shared_fract":0.5,"seq_odds_ratio":20,"bin_pvalue_cutoff":0.05,"motif_evalue_cutoff":10,"redundant_overlap":2,"redundant_joint":0.5,"motif_pseudocount":0.1,"bgfile":"results/AHRpeaks_oneAHRE.bed.fa/jaspar/background","motif_trim":0.25,"xalph":0,"seed":1,"bin_max":8},"alphabet":{"name":"DNA","like":"dna","ncore":4,"symbols":[{"symbol":"A","name":"Adenine","colour":"CC0000","complement":"T"},{"symbol":"C","name":"Cytosine","colour":"0000CC","complement":"G"},{"symbol":"G","name":"Guanine","colour":"FFB300","complement":"C"},{"symbol":"T","aliases":"U","name":"Thymine","colour":"008000","complement":"A"},{"symbol":"N","aliases":"X.","name":"Any base","equals":"ACGT"},{"symbol":"V","name":"Not T","equals":"ACG"},{"symbol":"H","name":"Not G","equals":"ACT"},{"symbol":"D","name":"Not C","equals":"AGT"},{"symbol":"B","name":"Not A","equals":"CGT"},{"symbol":"M","name":"Amino","equals":"AC"},{"symbol":"R","name":"Purine","equals":"AG"},{"symbol":"W","name":"Weak","equals":"AT"},{"symbol":"S","name":"Strong","equals":"CG"},{"symbol":"Y","name":"Pyrimidine","equals":"CT"},{"symbol":"K","name":"Keto","equals":"GT"}]},"background":[0.2754,0.2246,0.2246,0.2754],"sequence_dbs":[{"source":"results/AHRpeaks_oneAHRE.bed.fa/jaspar/AHRpeaks_oneAHRE.bed.fa","name":"AHRpeaks_oneAHRE.bed","last_modified":"Thu May 24 11:14:28 2018","loaded":843,"excluded_too_short":1,"excluded_no_match":661,"excluded_ambigs":0,"excluded_similar":6,"erased_primary_matches":27}],"primary_dbs":[{"source":"results/AHRpeaks_oneAHRE.bed.fa/jaspar/meme_out/meme.xml","name":"meme.xml","last_modified":"Thu May 24 16:50:55 2018","loaded":6,"excluded":5}],"secondary_dbs":[{"source":"results/AHRpeaks_oneAHRE.bed.fa/jaspar/meme_out/meme.xml","name":"meme.xml","last_modified":"Thu May 24 16:50:55 2018","loaded":7,"excluded":1},{"source":"results/AHRpeaks_oneAHRE.bed.fa/jaspar/dreme_out/dreme.xml","name":"dreme.xml","last_modified":"Thu May 24 16:51:30 2018","loaded":7,"excluded":0},{"source":"/Users/filipov4/meme/db/motif_databases/JASPAR/JASPAR2018_CORE_non-redundant.meme","name":"JASPAR2018_CORE_non-redundant","last_modified":"Thu Dec  7 14:38:42 2017","loaded":1404,"excluded":0}],"secondary_motifs":[{"db":0,"id":"CTCTGTCACSCAGGCTGGARTGCAGTGGCG","alt":"MEME-6","len":30,"ltrim":0,"rtrim":0,"nsites":5,"evalue":"7.6e-006","pwm":[[0.0054,0.984796,0.00440392,0.0054],[0.0054,0.00440392,0.00440392,0.985792],[0.0054,0.788718,0.200482,0.0054],[0.0054,0.00440392,0.00440392,0.985792],[0.0054,0.00440392,0.984796,0.0054],[0.0054,0.200482,0.00440392,0.789714],[0.0054,0.788718,0.00440392,0.201478],[0.789714,0.00440392,0.200482,0.0054],[0.0054,0.788718,0.00440392,0.201478],[0.0054,0.592639,0.396561,0.0054],[0.201478,0.592639,0.00440392,0.201478],[0.789714,0.00440392,0.200482,0.0054],[0.0054,0.00440392,0.984796,0.0054],[0.201478,0.00440392,0.788718,0.0054],[0.0054,0.788718,0.00440392,0.201478],[0.0054,0.00440392,0.00440392,0.985792],[0.0054,0.00440392,0.984796,0.0054],[0.201478,0.00440392,0.788718,0.0054],[0.985792,0.00440392,0.00440392,0.0054],[0.397557,0.00440392,0.592639,0.0054],[0.0054,0.00440392,0.00440392,0.985792],[0.0054,0.00440392,0.984796,0.0054],[0.0054,0.984796,0.00440392,0.0054],[0.593635,0.00440392,0.200482,0.201478],[0.0054,0.00440392,0.984796,0.0054],[0.0054,0.00440392,0.00440392,0.985792],[0.0054,0.00440392,0.984796,0.0054],[0.201478,0.00440392,0.788718,0.0054],[0.0054,0.592639,0.200482,0.201478],[0.201478,0.00440392,0.788718,0.0054]]},{"db":0,"id":"GARCCCAGGARRSRGWGGWKGCASTGAGSC","alt":"MEME-4","len":30,"ltrim":0,"rtrim":0,"nsites":14,"evalue":"4.0e-009","pwm":[[0.143797,0.214359,0.639891,0.00195319],[0.640251,0.143437,0.143437,0.0728756],[0.427485,0.0725153,0.427124,0.0728756],[0.00195319,0.923578,0.0725153,0.00195319],[0.143797,0.781734,0.0725153,0.00195319],[0.00195319,0.781734,0.143437,0.0728756],[0.711173,0.0725153,0.214359,0.00195319],[0.00195319,0.00159291,0.923578,0.0728756],[0.143797,0.143437,0.710813,0.00195319],[0.640251,0.214359,0.0725153,0.0728756],[0.356563,0.00159291,0.568969,0.0728756],[0.356563,0.00159291,0.639891,0.00195319],[0.0728756,0.568969,0.285281,0.0728756],[0.285641,0.143437,0.427124,0.143797],[0.00195319,0.00159291,0.923578,0.0728756],[0.56933,0.00159291,0.143437,0.285641],[0.285641,0.0725153,0.639891,0.00195319],[0.143797,0.143437,0.639891,0.0728756],[0.498407,0.0725153,0.143437,0.285641],[0.0728756,0.00159291,0.427124,0.498407],[0.00195319,0.143437,0.639891,0.214719],[0.0728756,0.781734,0.143437,0.00195319],[0.923939,0.00159291,0.0725153,0.00195319],[0.00195319,0.356203,0.639891,0.00195319],[0.214719,0.214359,0.00159291,0.56933],[0.00195319,0.143437,0.781734,0.0728756],[0.923939,0.00159291,0.00159291,0.0728756],[0.00195319,0.00159291,0.923578,0.0728756],[0.143797,0.568969,0.285281,0.00195319],[0.00195319,0.781734,0.0725153,0.143797]]},{"db":2,"id":"MA0019.1","alt":"Ddit3::Cebpa","len":12,"ltrim":2,"rtrim":0,"nsites":39,"url":"http://jaspar2018.genereg.net/matrix/MA0019.1","pwm":[[0.35876,0.179602,0.307479,0.154157],[0.282034,0.179602,0.35863,0.179732],[0.461062,0.0773007,0.384206,0.0774306],[0.000704348,0.0261498,0.000574425,0.972571],[0.000704348,0.000574425,0.972441,0.0262798],[0.103006,0.844564,0.000574425,0.0518552],[0.972571,0.0261498,0.000574425,0.000704348],[0.921421,0.0517253,0.0261498,0.000704348],[0.000704348,0.154027,0.000574425,0.844694],[0.35876,0.435357,0.128452,0.0774306],[0.103006,0.58881,0.230753,0.0774306],[0.000704348,0.665536,0.154027,0.179732]]},{"db":2,"id":"MA0067.1","alt":"Pax2","len":8,"ltrim":1,"rtrim":0,"nsites":31,"url":"http://jaspar2018.genereg.net/matrix/MA0067.1","pwm":[[0.322429,0.225802,0.161494,0.290275],[0.225965,0.0328765,0.675963,0.0651941],[0.0973484,0.0650307,0.000722187,0.836899],[0.00088553,0.901044,0.0328765,0.0651941],[0.836899,0.0328765,0.097185,0.0330398],[0.0651941,0.547346,0.0328765,0.354584],[0.0651941,0.000722187,0.611654,0.322429],[0.0330398,0.35442,0.35442,0.258121]]},{"db":2,"id":"MA0118.1","alt":"Macho-1","len":9,"ltrim":1,"rtrim":1,"nsites":42,"url":"http://jaspar2018.genereg.net/matrix/MA0118.1","pwm":[[0.119419,0.356828,0.143051,0.380701],[0.214431,0.0480394,0.546852,0.190678],[0.000654157,0.000533492,0.998158,0.000654157],[0.000654157,0.000533492,0.998158,0.000654157],[0.0719135,0.0955453,0.546852,0.28569],[0.000654157,0.000533492,0.998158,0.000654157],[0.119419,0.166805,0.356828,0.356949],[0.119419,0.333075,0.0955453,0.451961],[0.309443,0.333075,0.238063,0.119419]]},{"db":2,"id":"MA0167.1","alt":"Awh","len":7,"ltrim":0,"rtrim":0,"nsites":40,"url":"http://jaspar2018.genereg.net/matrix/MA0167.1","pwm":[[0.0754998,0.399563,0.0005601,0.524378],[0.0256244,0.0005601,0.0005601,0.973255],[0.823629,0.0005601,0.175124,0.000686783],[0.998193,0.0005601,0.0005601,0.000686783],[0.000686783,0.0005601,0.0254978,0.973255],[0.000686783,0.0005601,0.200061,0.798692],[0.848567,0.0005601,0.100311,0.0505621]]},{"db":2,"id":"MA0181.1","alt":"Vsx1","len":7,"ltrim":0,"rtrim":0,"nsites":22,"url":"http://jaspar2018.genereg.net/matrix/MA0181.1","pwm":[[0.0464955,0.363007,0.0462656,0.544233],[0.00124615,0.00101629,0.00101629,0.996721],[0.996721,0.00101629,0.00101629,0.00124615],[0.996721,0.00101629,0.00101629,0.00124615],[0.00124615,0.00101629,0.00101629,0.996721],[0.0917438,0.00101629,0.136763,0.770477],[0.679979,0.00101629,0.272509,0.0464955]]},{"db":2,"id":"MA0182.1","alt":"CG4328-RA","len":7,"ltrim":0,"rtrim":0,"nsites":30,"url":"http://jaspar2018.genereg.net/matrix/MA0182.1","pwm":[[0.399586,0.0671917,0.100414,0.432808],[0.233473,0.0339684,0.00074618,0.731812],[0.432808,0.00074618,0.00074618,0.565699],[0.997593,0.00074618,0.00074618,0.00091495],[0.00091495,0.00074618,0.00074618,0.997593],[0.00091495,0.00074618,0.200082,0.798257],[0.499254,0.00074618,0.499085,0.00091495]]},{"db":2,"id":"MA0187.1","alt":"Dll","len":7,"ltrim":0,"rtrim":0,"nsites":23,"url":"http://jaspar2018.genereg.net/matrix/MA0187.1","pwm":[[0.044482,0.000972295,0.000972295,0.953573],[0.953573,0.000972295,0.0442621,0.00119221],[0.996863,0.000972295,0.000972295,0.00119221],[0.00119221,0.000972295,0.000972295,0.996863],[0.131063,0.000972295,0.130843,0.737123],[0.434093,0.000972295,0.390582,0.174352],[0.044482,0.520453,0.174132,0.260933]]},{"db":2,"id":"MA0190.1","alt":"Gsc","len":6,"ltrim":0,"rtrim":0,"nsites":22,"url":"http://jaspar2018.genereg.net/matrix/MA0190.1","pwm":[[0.00124615,0.00101629,0.00101629,0.996721],[0.996721,0.00101629,0.00101629,0.00124615],[0.996721,0.00101629,0.00101629,0.00124615],[0.00124615,0.00101629,0.00101629,0.996721],[0.00124615,0.996491,0.00101629,0.00124615],[0.00124615,0.634501,0.0915139,0.272739]]},{"db":2,"id":"MA0195.1","alt":"Lim3","len":7,"ltrim":1,"rtrim":0,"nsites":20,"url":"http://jaspar2018.genereg.net/matrix/MA0195.1","pwm":[[0.150624,0.349376,0.10062,0.39938],[0.200375,0.00111741,0.00111741,0.79739],[0.79739,0.00111741,0.150371,0.0511214],[0.996395,0.00111741,0.00111741,0.00137015],[0.00137015,0.00111741,0.00111741,0.996395],[0.00137015,0.10062,0.200122,0.697888],[0.79739,0.00111741,0.200122,0.00137015]]},{"db":2,"id":"MA0198.1","alt":"OdsH","len":7,"ltrim":0,"rtrim":0,"nsites":22,"url":"http://jaspar2018.genereg.net/matrix/MA0198.1","pwm":[[0.00124615,0.498754,0.182012,0.317988],[0.00124615,0.00101629,0.00101629,0.996721],[0.996721,0.00101629,0.00101629,0.00124615],[0.996721,0.00101629,0.00101629,0.00124615],[0.00124615,0.00101629,0.00101629,0.996721],[0.00124615,0.00101629,0.00101629,0.996721],[0.589481,0.00101629,0.363007,0.0464955]]},{"db":2,"id":"MA0201.1","alt":"Ptx1","len":7,"ltrim":0,"rtrim":0,"nsites":20,"url":"http://jaspar2018.genereg.net/matrix/MA0201.1","pwm":[[0.00137015,0.249874,0.0508687,0.697888],[0.00137015,0.00111741,0.00111741,0.996395],[0.996395,0.00111741,0.00111741,0.00137015],[0.996395,0.00111741,0.00111741,0.00137015],[0.00137015,0.00111741,0.00111741,0.996395],[0.00137015,0.996142,0.00111741,0.00137015],[0.00137015,0.946391,0.00111741,0.0511214]]},{"db":2,"id":"MA0212.1","alt":"bcd","len":6,"ltrim":0,"rtrim":0,"nsites":22,"url":"http://jaspar2018.genereg.net/matrix/MA0212.1","pwm":[[0.00124615,0.00101629,0.00101629,0.996721],[0.906224,0.00101629,0.00101629,0.0917438],[0.996721,0.00101629,0.00101629,0.00124615],[0.00124615,0.00101629,0.0462656,0.951472],[0.00124615,0.996491,0.00101629,0.00124615],[0.00124615,0.951242,0.00101629,0.0464955]]},{"db":2,"id":"MA0218.1","alt":"ct","len":6,"ltrim":0,"rtrim":0,"nsites":20,"url":"http://jaspar2018.genereg.net/matrix/MA0218.1","pwm":[[0.00137015,0.299625,0.00111741,0.697888],[0.0511214,0.10062,0.00111741,0.847141],[0.449131,0.00111741,0.548381,0.00137015],[0.996395,0.00111741,0.00111741,0.00137015],[0.847141,0.00111741,0.0508687,0.100873],[0.00137015,0.946391,0.0508687,0.00137015]]},{"db":2,"id":"MA0234.1","alt":"oc","len":6,"ltrim":0,"rtrim":0,"nsites":19,"url":"http://jaspar2018.genereg.net/matrix/MA0234.1","pwm":[[0.00144188,0.00117592,0.00117592,0.996206],[0.996206,0.00117592,0.00117592,0.00144188],[0.996206,0.00117592,0.00117592,0.00144188],[0.00144188,0.00117592,0.105888,0.891494],[0.00144188,0.99594,0.00117592,0.00144188],[0.00144188,0.891228,0.0535324,0.0537983]]},{"db":2,"id":"MA0236.1","alt":"otp","len":7,"ltrim":0,"rtrim":0,"nsites":20,"url":"http://jaspar2018.genereg.net/matrix/MA0236.1","pwm":[[0.0511214,0.299625,0.10062,0.548634],[0.00137015,0.0508687,0.00111741,0.946644],[0.996395,0.00111741,0.00111741,0.00137015],[0.996395,0.00111741,0.00111741,0.00137015],[0.00137015,0.00111741,0.00111741,0.996395],[0.00137015,0.0508687,0.200122,0.747639],[0.747639,0.00111741,0.150371,0.100873]]},{"db":2,"id":"MA0267.1","alt":"ACE2","len":7,"ltrim":0,"rtrim":1,"nsites":99,"url":"http://jaspar2018.genereg.net/matrix/MA0267.1","pwm":[[0.454364,0.282769,0.212134,0.0507319],[0.0102678,0.919298,0.0601661,0.0102678],[0.000277901,0.999218,0.00022664,0.000277901],[0.89937,0.100126,0.00022664,0.000277901],[0.000277901,0.00022664,0.999218,0.000277901],[0.000277901,0.999218,0.00022664,0.000277901],[0.489783,0.200025,0.170055,0.140137]]},{"db":2,"id":"MA0293.1","alt":"ECM23","len":11,"ltrim":2,"rtrim":3,"nsites":100,"url":"http://jaspar2018.genereg.net/matrix/MA0293.1","pwm":[[0.309965,0.249975,0.229995,0.210065],[0.329945,0.249975,0.220005,0.200075],[0.719556,0.110114,0.100124,0.0702052],[0.100175,0.0202044,0.859365,0.0202551],[0.999276,0.000224376,0.000224376,0.000275125],[0.0302452,0.000224376,0.000224376,0.969306],[0.0101662,0.890423,0.0298977,0.0695129],[0.140135,0.190035,0.140085,0.529746],[0.299975,0.229995,0.210015,0.260015],[0.316791,0.247502,0.247502,0.188206],[0.303002,0.262588,0.222224,0.212184]]},{"db":2,"id":"MA0334.1","alt":"MET32","len":7,"ltrim":0,"rtrim":0,"nsites":100,"url":"http://jaspar2018.genereg.net/matrix/MA0334.1","pwm":[[0.339935,0.459765,0.100124,0.100175],[0.110165,0.0501744,0.769455,0.0702052],[0.000275125,0.999225,0.000224376,0.000275125],[0.000275125,0.999225,0.000224376,0.000275125],[0.938731,0.0304971,0.000224376,0.0305479],[0.000275125,0.989235,0.000224376,0.0102651],[0.639636,0.150075,0.120104,0.0901852]]},{"db":2,"id":"MA0349.1","alt":"OPI1","len":7,"ltrim":1,"rtrim":1,"nsites":219,"url":"http://jaspar2018.genereg.net/matrix/MA0349.1","pwm":[[0.155306,0.497592,0.191796,0.155306],[0.000125696,0.00010251,0.999646,0.000125696],[0.98777,0.0120021,0.00010251,0.000125696],[0.999669,0.00010251,0.00010251,0.000125696],[0.000125696,0.999646,0.00010251,0.000125696],[0.000125696,0.999646,0.00010251,0.000125696],[0.271891,0.267262,0.405447,0.0554005]]},{"db":2,"id":"MA0358.1","alt":"PUT3","len":8,"ltrim":0,"rtrim":2,"nsites":99,"url":"http://jaspar2018.genereg.net/matrix/MA0358.1","pwm":[[0.0910952,0.726766,0.0910439,0.0910952],[0.0202577,0.899318,0.0202065,0.0602174],[0.000277901,0.999218,0.00022664,0.000277901],[0.000277901,0.00022664,0.999218,0.000277901],[0.000277901,0.00022664,0.999218,0.000277901],[0.000277901,0.00022664,0.999218,0.000277901],[0.514609,0.148592,0.188156,0.148643],[0.455264,0.12881,0.168374,0.247553]]},{"db":2,"id":"MA0388.1","alt":"SPT23","len":8,"ltrim":0,"rtrim":0,"nsites":214,"url":"http://jaspar2018.genereg.net/matrix/MA0388.1","pwm":[[0.443846,0.000104904,0.55592,0.000128631],[0.999662,0.000104904,0.000104904,0.000128631],[0.856016,0.000104904,0.13178,0.012099],[0.853233,0.000104904,0.000104904,0.146557],[0.00593992,0.209309,0.000104904,0.784646],[0.000128631,0.549649,0.266912,0.18331],[0.603199,0.206712,0.100617,0.0894719],[0.962869,0.000104904,0.0368977,0.000128631]]},{"db":2,"id":"MA0398.1","alt":"SUM1","len":9,"ltrim":1,"rtrim":0,"nsites":100,"url":"http://jaspar2018.genereg.net/matrix/MA0398.1","pwm":[[0.499776,0.140085,0.140085,0.220055],[0.519756,0.0801445,0.0801445,0.319955],[0.619656,0.0202044,0.0202044,0.339935],[0.999276,0.000224376,0.000224376,0.000275125],[0.000275125,0.000224376,0.000224376,0.999276],[0.0801952,0.000224376,0.000224376,0.919356],[0.240035,0.000224376,0.000224376,0.759516],[0.282821,0.0506789,0.0506789,0.615822],[0.150125,0.150075,0.110114,0.589686]]},{"db":2,"id":"MA0402.1","alt":"SWI5","len":8,"ltrim":0,"rtrim":1,"nsites":101,"url":"http://jaspar2018.genereg.net/matrix/MA0402.1","pwm":[[0.0794021,0.0793518,0.22772,0.613526],[0.000272403,0.000222156,0.999233,0.000272403],[0.000272403,0.999233,0.000222156,0.000272403],[0.000272403,0.000222156,0.000222156,0.999283],[0.000272403,0.000222156,0.999233,0.000272403],[0.000272403,0.000222156,0.999233,0.000272403],[0.0402328,0.0401826,0.269955,0.649629],[0.250025,0.249975,0.100123,0.399877]]},{"db":2,"id":"MA0433.1","alt":"YOX1","len":8,"ltrim":0,"rtrim":0,"nsites":99,"url":"http://jaspar2018.genereg.net/matrix/MA0433.1","pwm":[[0.0103687,0.252497,0.0708623,0.666272],[0.000277901,0.00022664,0.00022664,0.999269],[0.999269,0.00022664,0.00022664,0.000277901],[0.999269,0.00022664,0.00022664,0.000277901],[0.000277901,0.00022664,0.00022664,0.999269],[0.000277901,0.00022664,0.00022664,0.999269],[0.613519,0.0298997,0.148592,0.207989],[0.545182,0.131407,0.131407,0.192003]]},{"db":2,"id":"MA0457.1","alt":"PHDP","len":7,"ltrim":0,"rtrim":0,"nsites":17,"url":"http://jaspar2018.genereg.net/matrix/MA0457.1","pwm":[[0.235529,0.35219,0.00131345,0.410968],[0.00161053,0.00131345,0.00131345,0.995763],[0.937283,0.00131345,0.00131345,0.0600905],[0.995763,0.00131345,0.00131345,0.00161053],[0.00161053,0.00131345,0.00131345,0.995763],[0.0600905,0.00131345,0.0597935,0.878804],[0.469447,0.0597935,0.235231,0.235529]]},{"db":2,"id":"MA0483.1","alt":"Gfi1b","len":11,"ltrim":0,"rtrim":1,"nsites":1761,"url":"http://jaspar2018.genereg.net/matrix/MA0483.1","pwm":[[0.638253,0.248721,0.0590664,0.0539596],[0.999959,1.27534e-05,1.27534e-05,1.56379e-05],[0.998823,1.27534e-05,0.00114869,1.56379e-05],[1.56379e-05,0.191938,0.0159119,0.792135],[1.56379e-05,0.999956,1.27534e-05,1.56379e-05],[0.586581,0.0119371,1.27534e-05,0.401469],[0.0346527,0.745001,0.220329,1.56379e-05],[0.633711,1.27534e-05,0.000580721,0.365696],[0.0323818,0.000580721,0.951691,0.0153468],[0.0806471,0.754087,0.0431673,0.122099],[0.420208,0.245882,0.0738306,0.260081]]},{"db":2,"id":"MA0534.1","alt":"EcR::usp","len":15,"ltrim":0,"rtrim":0,"nsites":104,"url":"http://jaspar2018.genereg.net/matrix/MA0534.1","pwm":[[0.278843,0.346037,0.374856,0.000264553],[0.576633,0.11549,0.307612,0.000264553],[0.182781,0.0962774,0.720677,0.000264553],[0.0482954,0.029034,0.33643,0.586239],[0.0867194,0.000215754,0.000215754,0.912849],[0.115539,0.634221,0.000215754,0.250024],[0.711119,0.000215754,0.288401,0.000264553],[0.326874,0.105883,0.0482466,0.518997],[0.000264553,0.000215754,0.000215754,0.999304],[0.000264553,0.000215754,0.999255,0.000264553],[0.63427,0.317219,0.000215754,0.0482954],[0.470966,0.528554,0.000215754,0.000264553],[0.201994,0.547766,0.000215754,0.250024],[0.000264553,0.326825,0.000215754,0.672695],[0.230812,0.269188,0.000215754,0.499784]]},{"db":2,"id":"MA0595.1","alt":"SREBF1","len":10,"ltrim":0,"rtrim":0,"nsites":58,"url":"http://jaspar2018.genereg.net/matrix/MA0595.1","pwm":[[0.482402,0.24135,0.275774,0.00047401],[0.00047401,0.000386575,0.000386575,0.998753],[0.00047401,0.998665,0.000386575,0.00047401],[0.998753,0.000386575,0.000386575,0.00047401],[0.00047401,0.878183,0.120869,0.00047401],[0.103744,0.654431,0.224139,0.0176853],[0.00047401,0.757702,0.000386575,0.241438],[0.0348977,0.774913,0.189715,0.00047401],[0.998753,0.000386575,0.000386575,0.00047401],[0.00047401,0.447891,0.120869,0.430766]]},{"db":2,"id":"MA0596.1","alt":"SREBF2","len":10,"ltrim":0,"rtrim":0,"nsites":47,"url":"http://jaspar2018.genereg.net/matrix/MA0596.1","pwm":[[0.510139,0.191559,0.297716,0.000584713],[0.000584713,0.000476858,0.000476858,0.998462],[0.000584713,0.0641713,0.934659,0.000584713],[0.212899,0.000476858,0.786039,0.000584713],[0.0430474,0.212791,0.573725,0.170436],[0.0430474,0.191559,0.764808,0.000584713],[0.000584713,0.000476858,0.000476858,0.998462],[0.000584713,0.000476858,0.998354,0.000584713],[0.998462,0.000476858,0.000476858,0.000584713],[0.0430474,0.34018,0.0429395,0.573833]]},{"db":2,"id":"MA0630.1","alt":"SHOX","len":8,"ltrim":1,"rtrim":1,"nsites":999,"url":"http://jaspar2018.genereg.net/matrix/MA0630.1","pwm":[[0.179189,0.301293,0.162168,0.357349],[0.0740942,0.0300495,0.00903058,0.886826],[0.851942,0.0480177,0.055017,0.0450231],[0.990928,0.00202228,0.00502198,0.00202736],[0.0150261,0.015021,0.0270198,0.942933],[0.0980178,0.0500175,0.0840141,0.767951],[0.416402,0.0480657,0.424404,0.111127],[0.300997,0.187004,0.378985,0.133014]]},{"db":2,"id":"MA0648.1","alt":"GSC","len":10,"ltrim":2,"rtrim":2,"nsites":6082,"url":"http://jaspar2018.genereg.net/matrix/MA0648.1","pwm":[[0.205361,0.314369,0.33525,0.14502],[0.157049,0.474425,0.0909412,0.277586],[4.52804e-06,0.00880555,3.69281e-06,0.991186],[0.947628,0.0110675,0.0274302,0.0138733],[0.999988,3.69281e-06,3.69281e-06,4.52804e-06],[4.52804e-06,0.00400363,0.0230433,0.972949],[0.0537786,0.786056,0.0584307,0.101735],[0.0378509,0.730618,0.0994851,0.132046],[0.137479,0.39434,0.284821,0.18336],[0.1804,0.361287,0.101794,0.356519]]},{"db":2,"id":"MA0673.1","alt":"NKX2-8","len":9,"ltrim":0,"rtrim":1,"nsites":8563,"url":"http://jaspar2018.genereg.net/matrix/MA0673.1","pwm":[[0.226791,0.41212,0.332009,0.0290819],[0.00649214,0.793726,2.62288e-06,0.199779],[0.885137,0.0615129,2.62288e-06,0.0533466],[0.0016152,0.985715,2.62288e-06,0.0126671],[3.21612e-06,0.0105195,2.62288e-06,0.989475],[0.00195519,0.271345,2.62288e-06,0.726697],[0.202991,0.264775,0.500581,0.0316538],[0.694737,0.0736788,0.056477,0.175106],[0.373043,0.229386,0.302849,0.0947231]]},{"db":2,"id":"MA0682.1","alt":"Pitx1","len":8,"ltrim":1,"rtrim":1,"nsites":3115,"url":"http://jaspar2018.genereg.net/matrix/MA0682.1","pwm":[[0.192619,0.270304,0.108511,0.428566],[0.0490833,0.00697499,7.21004e-06,0.943935],[0.882701,0.0439148,0.0594953,0.0138894],[0.994551,7.21004e-06,7.21004e-06,0.00543467],[0.0188662,0.0159007,0.125811,0.839422],[0.0614179,0.861944,0.0116248,0.0650138],[0.0407025,0.773183,0.0342491,0.151865],[0.228179,0.409172,0.138,0.224649]]},{"db":2,"id":"MA0693.2","alt":"VDR","len":8,"ltrim":0,"rtrim":0,"nsites":1000,"url":"http://jaspar2018.genereg.net/matrix/MA0693.2","pwm":[[0.222005,0.279994,0.0430182,0.454982],[0.355992,0.045018,0.566966,0.0320243],[0.555528,0.0240441,0.38637,0.0340581],[0.0240251,0.02502,0.918931,0.0320243],[0.0170258,0.0230202,0.0700155,0.889939],[0.0609604,0.0309884,0.0819323,0.826119],[0.055022,0.742948,0.0280197,0.17401],[0.885939,0.0190206,0.0760149,0.0190256]]},{"db":2,"id":"MA0711.1","alt":"OTX1","len":8,"ltrim":1,"rtrim":1,"nsites":23441,"url":"http://jaspar2018.genereg.net/matrix/MA0711.1","pwm":[[0.218335,0.277335,0.135916,0.368414],[0.03069,0.00370794,9.58147e-07,0.965601],[0.967075,9.58147e-07,0.0104799,0.0224441],[0.999997,9.58147e-07,9.58147e-07,1.17486e-06],[0.00905314,9.58147e-07,0.117717,0.873228],[0.0257521,0.932972,0.0262298,0.0150461],[0.0217641,0.646557,0.238919,0.0927608],[0.0799038,0.263726,0.452155,0.204215]]},{"db":2,"id":"MA0712.1","alt":"OTX2","len":8,"ltrim":1,"rtrim":1,"nsites":28028,"url":"http://jaspar2018.genereg.net/matrix/MA0712.1","pwm":[[0.215891,0.244256,0.0875205,0.452332],[0.0333289,0.00466878,8.01339e-07,0.962002],[0.941831,0.0014458,0.0120978,0.0446258],[0.999997,8.01339e-07,8.01339e-07,9.82585e-07],[0.0120059,0.00201279,0.0766045,0.909378],[0.0342399,0.903631,0.0225367,0.0395918],[0.0279839,0.716918,0.0416937,0.213403],[0.0918017,0.271193,0.294705,0.342301]]},{"db":2,"id":"MA0714.1","alt":"PITX3","len":9,"ltrim":2,"rtrim":1,"nsites":6253,"url":"http://jaspar2018.genereg.net/matrix/MA0714.1","pwm":[[0.260035,0.307691,0.261314,0.17096],[0.184968,0.334717,0.0930631,0.387251],[0.0724392,0.00749647,0.00132557,0.918738],[0.932855,0.00477752,0.038792,0.023576],[0.997595,3.59182e-06,0.00239655,4.40421e-06],[0.0337929,0.0178003,0.141992,0.806414],[0.0456077,0.896734,0.0238092,0.0338489],[0.0295339,0.813442,0.0310941,0.125929],[0.181994,0.47177,0.155127,0.191109]]},{"db":2,"id":"MA0716.1","alt":"PRRX1","len":8,"ltrim":1,"rtrim":1,"nsites":23898,"url":"http://jaspar2018.genereg.net/matrix/MA0716.1","pwm":[[0.172901,0.379236,0.181563,0.266298],[0.0866348,0.406045,0.0409268,0.466393],[0.866742,0.0394628,0.0644167,0.02938],[0.963159,0.0202739,0.00814291,0.00842512],[1.15239e-06,0.000126939,9.39824e-07,0.999871],[0.044403,0.0808666,0.0352698,0.839461],[0.922447,0.0248598,0.00525092,0.047442],[0.397438,0.178634,0.266382,0.157545]]},{"db":2,"id":"MA0718.1","alt":"RAX","len":10,"ltrim":2,"rtrim":2,"nsites":2413,"url":"http://jaspar2018.genereg.net/matrix/MA0718.1","pwm":[[0.321175,0.153339,0.381676,0.143809],[0.140553,0.398418,0.173717,0.287313],[0.0807321,0.483203,0.00943892,0.426625],[0.975699,0.00688602,0.00122326,0.0161917],[0.970204,0.0152947,0.00483611,0.00966501],[0.0485304,9.30753e-06,9.30753e-06,0.951451],[0.0272863,0.0272842,0.0188325,0.926596],[0.942896,9.30753e-06,0.00782798,0.0492664],[0.435912,0.117797,0.290748,0.155542],[0.223468,0.347425,0.158792,0.270315]]},{"db":2,"id":"MA0719.1","alt":"RHOXF1","len":8,"ltrim":1,"rtrim":1,"nsites":10916,"url":"http://jaspar2018.genereg.net/matrix/MA0719.1","pwm":[[0.295346,0.242213,0.169935,0.292506],[0.199355,2.05751e-06,0.0335907,0.767053],[0.451272,2.05751e-06,0.437432,0.111294],[0.999993,2.05751e-06,2.05751e-06,2.52288e-06],[2.52288e-06,2.05751e-06,0.324294,0.675701],[2.52288e-06,0.999993,2.05751e-06,2.52288e-06],[2.52288e-06,0.827528,2.05751e-06,0.172467],[0.295255,0.316324,0.193936,0.194486]]},{"db":2,"id":"MA0726.1","alt":"VSX2","len":8,"ltrim":0,"rtrim":1,"nsites":14681,"url":"http://jaspar2018.genereg.net/matrix/MA0726.1","pwm":[[0.0290867,0.65077,0.0303123,0.28983],[0.0600785,0.151583,0.0201934,0.768145],[0.923613,0.0265543,0.0229434,0.0268897],[0.978039,0.00878347,0.00871347,0.00446385],[0.00830882,0.0130954,0.00647849,0.972117],[0.0405216,0.0367023,0.0289353,0.89384],[0.800379,0.0186064,0.122241,0.0587735],[0.209356,0.234847,0.310521,0.245275]]},{"db":2,"id":"MA0739.1","alt":"Hic1","len":9,"ltrim":0,"rtrim":1,"nsites":12392,"url":"http://jaspar2018.genereg.net/matrix/MA0739.1","pwm":[[0.511376,0.0580223,0.376855,0.0537458],[0.00536318,0.0364945,0.00631476,0.951828],[0.0746406,0.0461984,0.864781,0.0143801],[0.00447519,0.984696,0.0108267,2.22238e-06],[0.00786316,0.983289,0.00277079,0.00607717],[0.795264,0.176481,0.00026681,0.027988],[0.557825,0.180431,0.20596,0.0557848],[0.0795116,0.717345,0.106166,0.0969774],[0.146258,0.438043,0.171148,0.244549]]},{"db":2,"id":"MA0879.1","alt":"Dlx1","len":10,"ltrim":2,"rtrim":2,"nsites":8281,"url":"http://jaspar2018.genereg.net/matrix/MA0879.1","pwm":[[0.25637,0.341141,0.219056,0.183433],[0.312002,0.337478,0.192224,0.158296],[0.213987,0.25669,0.0138955,0.515428],[0.836035,0.0869277,0.0420012,0.0350359],[0.923901,0.0117176,0.00468866,0.0596926],[0.106905,0.00437666,0.00523065,0.883488],[0.0168701,0.0385712,0.054901,0.889658],[0.80164,0.00997359,0.00348767,0.184899],[0.214226,0.228716,0.250815,0.306243],[0.194808,0.377534,0.228623,0.199035]]},{"db":2,"id":"MA0891.1","alt":"GSC2","len":10,"ltrim":2,"rtrim":2,"nsites":2016,"url":"http://jaspar2018.genereg.net/matrix/MA0891.1","pwm":[[0.228673,0.340272,0.219246,0.211809],[0.17668,0.416367,0.0942995,0.312653],[0.05442,1.11403e-05,1.11403e-05,0.945558],[0.854208,0.0368733,0.023739,0.0851784],[0.933733,0.00510589,1.11403e-05,0.0611496],[1.366e-05,0.0186292,0.0658569,0.915499],[0.0960899,0.759581,0.0674528,0.0768748],[0.0595077,0.659017,0.137958,0.143518],[0.101746,0.331509,0.346396,0.22035],[0.252481,0.403761,0.08334,0.260418]]},{"db":2,"id":"MA0915.1","alt":"dve","len":8,"ltrim":1,"rtrim":1,"nsites":1000,"url":"http://jaspar2018.genereg.net/matrix/MA0915.1","pwm":[[0.276,0.378985,0.138009,0.207007],[2.75372e-05,2.24578e-05,2.24578e-05,0.999928],[0.999928,2.24578e-05,2.24578e-05,2.75372e-05],[0.999928,2.24578e-05,2.24578e-05,2.75372e-05],[2.75372e-05,2.24578e-05,2.24578e-05,0.999928],[2.75372e-05,0.999922,2.24578e-05,2.75372e-05],[2.75372e-05,0.970925,2.24578e-05,0.0290246],[0.347993,0.217001,0.347988,0.0870188]]},{"db":2,"id":"MA0935.1","alt":"NAC025","len":8,"ltrim":0,"rtrim":0,"nsites":1001,"url":"http://jaspar2018.genereg.net/matrix/MA0935.1","pwm":[[0.00102641,0.420559,0.00102134,0.577393],[0.964931,2.24353e-05,0.0350189,2.75097e-05],[2.75097e-05,0.999923,2.24353e-05,2.75097e-05],[2.75097e-05,2.24353e-05,0.999923,2.75097e-05],[2.75097e-05,0.275995,0.0690155,0.654962],[0.826945,0.173005,2.24353e-05,2.75097e-05],[0.930866,2.24353e-05,2.24353e-05,0.0690896],[0.0500725,0.599563,0.0500674,0.300298]]},{"db":2,"id":"MA0939.1","alt":"NAC080","len":8,"ltrim":0,"rtrim":0,"nsites":1000,"url":"http://jaspar2018.genereg.net/matrix/MA0939.1","pwm":[[0.664961,0.00102236,0.222,0.112016],[0.00102644,0.690263,0.00102136,0.307689],[0.996931,0.00102136,0.00102136,0.00102644],[0.00102644,0.996926,0.00102136,0.00102644],[0.00102644,0.00102136,0.996926,0.00102644],[0.00102744,0.854937,0.00102236,0.143013],[0.783949,0.0720153,0.00102236,0.143013],[0.996931,0.00102136,0.00102136,0.00102644]]},{"db":2,"id":"MA1016.1","alt":"GATA15","len":9,"ltrim":2,"rtrim":2,"nsites":1000,"url":"http://jaspar2018.genereg.net/matrix/MA1016.1","pwm":[[0.206007,0.280994,0.217001,0.295998],[0.307997,0.200002,0.283994,0.208007],[0.181827,0.287706,0.0659499,0.464516],[0.0400235,0.0380187,0.902932,0.0190256],[0.98091,2.24578e-05,2.24578e-05,0.0190446],[0.00302724,0.00102236,2.24578e-05,0.995928],[0.055022,0.662956,0.156007,0.126015],[0.323995,0.201002,0.267996,0.207007],[0.269001,0.238999,0.279994,0.212006]]},{"db":2,"id":"MA1117.1","alt":"RELB","len":11,"ltrim":2,"rtrim":2,"nsites":3290,"url":"http://jaspar2018.genereg.net/matrix/MA1117.1","pwm":[[0.241946,0.125839,0.478715,0.153499],[0.374161,0.170519,0.241336,0.213984],[0.861076,0.0386077,0.0477254,0.0525908],[0.0638364,0.0325288,0.0483334,0.855301],[0.0273635,0.0313129,0.0161153,0.925208],[0.043776,0.88995,0.0121645,0.0541097],[0.0279715,0.941619,0.00851757,0.0218917],[0.044384,0.915784,0.0176353,0.0221957],[0.0240196,0.922471,0.0325288,0.0209807],[0.241946,0.190882,0.299086,0.268085],[0.216111,0.279937,0.302734,0.201218]]},{"db":2,"id":"MA1125.1","alt":"ZNF384","len":12,"ltrim":4,"rtrim":0,"nsites":30433,"url":"http://jaspar2018.genereg.net/matrix/MA1125.1","pwm":[[0.310847,0.162488,0.185654,0.341011],[0.299543,0.230835,0.168666,0.300956],[0.312884,0.113561,0.153715,0.41984],[0.431274,0.252719,0.155128,0.160878],[0.997402,0.000230737,0.000427737,0.0019399],[0.992046,0.00115073,0.000624736,0.00617888],[0.988136,0.000690736,0.000854735,0.0103189],[0.994051,0.000427737,0.000493736,0.00502789],[0.992408,0.000854735,0.000460737,0.00627688],[0.999111,0.000197737,7.38013e-07,0.000690903],[0.667761,0.0955544,0.0909214,0.145763],[0.621561,0.13022,0.0952264,0.152992]]},{"db":2,"id":"MA1127.1","alt":"FOSB::JUN","len":11,"ltrim":0,"rtrim":0,"nsites":1000,"url":"http://jaspar2018.genereg.net/matrix/MA1127.1","pwm":[[0.193008,0.0700155,0.574965,0.162011],[0.648963,0.0870138,0.216001,0.0480227],[0.0120383,0.0100315,0.0120333,0.965897],[0.0170428,0.0100315,0.872808,0.100118],[0.954887,0.00802966,0.0170378,0.0200455],[0.0479747,0.885049,0.024995,0.0419813],[0.07502,0.0140211,0.896933,0.0140261],[0.025025,0.0570168,0.0140211,0.903937],[0.247003,0.696953,0.0200205,0.0360239],[0.948933,0.0160209,0.0140211,0.0210254],[0.0921103,0.261257,0.0530702,0.593562]]},{"db":2,"id":"MA1129.1","alt":"FOSL1::JUN(var.2)","len":10,"ltrim":0,"rtrim":0,"nsites":1000,"url":"http://jaspar2018.genereg.net/matrix/MA1129.1","pwm":[[0.638964,0.0690156,0.265996,0.0260249],[0.0279967,0.0299895,0.0239961,0.918018],[0.0329912,0.0559609,0.671284,0.239764],[0.824945,0.0260199,0.106012,0.0430232],[0.0220253,0.844938,0.0380187,0.095018],[0.0930182,0.0360189,0.846938,0.0240251],[0.0410234,0.105012,0.0270198,0.826945],[0.237766,0.669287,0.0579587,0.034989],[0.916936,0.0220203,0.0310194,0.0300245],[0.0240251,0.263996,0.0710154,0.640963]]},{"db":2,"id":"MA1140.1","alt":"JUNB(var.2)","len":10,"ltrim":0,"rtrim":0,"nsites":1000,"url":"http://jaspar2018.genereg.net/matrix/MA1140.1","pwm":[[0.527975,0.102012,0.273995,0.0960179],[0.0430232,0.02502,0.0360189,0.895938],[0.0310554,0.0690846,0.608571,0.291289],[0.849943,0.0200205,0.0660159,0.0640211],[0.0300245,0.82494,0.0610164,0.0840191],[0.0829362,0.0579587,0.827113,0.0319923],[0.0620213,0.0630162,0.0230202,0.851942],[0.289999,0.604962,0.0720153,0.0330242],[0.893045,0.0329862,0.0289906,0.044978],[0.094923,0.270724,0.104907,0.529446]]},{"db":2,"id":"MA1143.1","alt":"FOSL1::JUND(var.2)","len":10,"ltrim":0,"rtrim":0,"nsites":1000,"url":"http://jaspar2018.genereg.net/matrix/MA1143.1","pwm":[[0.560971,0.075015,0.32399,0.0400235],[0.0360239,0.0500175,0.0440181,0.869941],[0.0390626,0.101113,0.777723,0.0821013],[0.869941,0.045018,0.0410184,0.0440231],[0.0320563,0.835775,0.0640801,0.0680887],[0.116016,0.0590166,0.648958,0.17601],[0.117016,0.261996,0.0390186,0.581969],[0.545973,0.329989,0.0830142,0.0410234],[0.645609,0.0660819,0.100112,0.188197],[0.123015,0.400982,0.0820143,0.393988]]},{"db":2,"id":"MA1173.1","alt":"MYB101","len":15,"ltrim":0,"rtrim":1,"nsites":600,"url":"http://jaspar2018.genereg.net/matrix/MA1173.1","pwm":[[0.544955,0.136682,0.143347,0.175017],[0.614943,0.0883557,0.116685,0.180016],[0.329991,0.414968,0.0783574,0.176683],[0.23334,0.434965,0.0733582,0.258336],[0.299996,0.200004,0.313318,0.186682],[0.266668,0.0850233,0.0783574,0.569951],[0.993213,0.00336987,0.00170415,0.00171261],[0.996547,3.74271e-05,0.00336987,4.58923e-05],[4.58923e-05,0.999871,3.74271e-05,4.58923e-05],[0.0900309,0.706587,0.0816908,0.121693],[0.143355,0.00670332,0.849896,4.58923e-05],[0.611611,0.0716925,0.0450299,0.271668],[0.678266,0.120017,0.00336987,0.198346],[0.343322,0.186673,0.0366983,0.433307],[0.231674,0.301654,0.113352,0.35332]]},{"db":2,"id":"MA1202.1","alt":"AGL55","len":6,"ltrim":0,"rtrim":0,"nsites":90,"url":"http://jaspar2018.genereg.net/matrix/MA1202.1","pwm":[[0.00030566,0.0557436,0.044644,0.899307],[0.00030566,0.999139,0.000249279,0.00030566],[0.999196,0.000249279,0.000249279,0.00030566],[0.00030566,0.999139,0.000249279,0.00030566],[0.00030566,0.999139,0.000249279,0.00030566],[0.999196,0.000249279,0.000249279,0.00030566]]},{"db":2,"id":"MA1261.1","alt":"AT5G67000","len":15,"ltrim":4,"rtrim":1,"nsites":138,"url":"http://jaspar2018.genereg.net/matrix/MA1261.1","pwm":[[0.246398,0.340496,0.10878,0.304327],[0.188469,0.144986,0.30429,0.362256],[0.282604,0.0508509,0.412907,0.253639],[0.289845,0.217396,0.101538,0.39122],[0.0726109,0.253602,0.116021,0.557766],[0.398462,0.000162636,0.579453,0.0219227],[0.000199421,0.869098,0.000162636,0.13054],[0.000199421,0.000162636,0.984956,0.0146819],[0.000199421,0.000162636,0.999439,0.000199421],[0.000199421,0.767722,0.000162636,0.231916],[0.000199421,0.0218859,0.644624,0.333291],[0.181227,0.000162636,0.767722,0.0508877],[0.297085,0.383943,0.0653324,0.253639],[0.000199421,0.0725742,0.659105,0.268121],[0.181227,0.188432,0.485318,0.145022]]},{"db":2,"id":"MA1274.1","alt":"OBP3","len":21,"ltrim":0,"rtrim":0,"nsites":600,"url":"http://jaspar2018.genereg.net/matrix/MA1274.1","pwm":[[0.0950301,0.171676,0.151679,0.581616],[0.100029,0.171676,0.00336987,0.724925],[0.218343,0.153345,0.0700258,0.558286],[0.488298,0.111686,0.120017,0.279999],[0.00171261,0.924883,0.00336987,0.0700342],[0.00171261,0.038364,3.74271e-05,0.959886],[4.58923e-05,0.0200341,3.74271e-05,0.979883],[0.00171261,0.00170415,3.74271e-05,0.996547],[0.143355,0.0350316,0.00336987,0.818243],[0.120026,0.168342,0.0583607,0.65327],[0.228341,0.258327,0.141681,0.371651],[0.245005,0.249996,0.0533615,0.451638],[0.105028,0.269992,0.0883557,0.536623],[0.103362,0.163343,0.0583607,0.674933],[0.103362,0.143347,0.00670332,0.746588],[0.105028,0.208336,0.00170415,0.684932],[0.163352,0.098354,0.08669,0.651604],[0.131691,0.20667,0.101687,0.559953],[0.106695,0.18334,0.110019,0.599946],[0.191681,0.173342,0.0733582,0.561619],[0.203345,0.140014,0.100021,0.55662]]}],"sequence_names":["chr10:48548550-48549349","chr11:10416100-10416699","chr11:71856050-71856499","chr11:80410850-80411799","chr12:105050000-105050749","chr12:122192550-122193199","chr12:123560100-123560949","chr12:132315200-132315999","chr12:15942500-15942949","chr12:32339700-32340599","chr12:32827850-32828349","chr12:46595200-46595799","chr12:67877500-67877999","chr12:76017600-76018199","chr12:76371250-76372349","chr12:93480700-93481599","chr13:20368400-20369399","chr13:26596450-26597099","chr13:33859350-33860099","chr13:95898500-95899149","chr13:98945300-98946249","chr14:104320100-104320849","chr14:69043200-69043949","chr14:75919800-75920299","chr14:93483600-93484049","chr15:63752600-63753349","chr15:63764900-63765899","chr15:90459700-90460549","chr15:93187150-93187899","chr16:76171650-76172399","chr16:84918050-84918599","chr17:36442200-36443199","chr17:39559950-39560549","chr17:40294950-40295749","chr1:230220050-230220749","chr1:43672200-43673049","chr20:18882600-18883449","chr20:3791800-3793049","chr20:47377500-47378099","chr20:48758800-48759249","chr20:49261950-49262999","chr20:49286600-49287549","chr21:41816800-41817649","chr21:46129700-46130349","chr2:129062750-129063349","chr2:216483700-216484349","chr2:224505800-224506349","chr2:226105350-226106349","chr2:236954000-236954599","chr2:237654200-237655349","chr2:30440700-30441199","chr2:66782200-66783299","chr2:99099350-99100249","chr3:174987900-174988799","chr3:193429650-193430599","chr3:193552250-193552899","chr3:24724950-24725599","chr3:32625150-32625749","chr4:108979750-108980299","chr4:3781850-3782599","chr4:6752550-6753049","chr5:132580750-132582099","chr5:17305750-17306799","chr5:56059700-56060399","chr6:16832050-16832599","chr6:56593150-56593899","chr6:96644200-96645649","chr7:131312400-131312999","chr7:17134550-17135049","chr7:41188050-41188649","chr7:474850-475349","chr8:102380850-102381649","chr8:129151850-129152649","chr8:129153900-129154499","chr8:129164700-129165949","chr8:48454200-48455449","chr9:132249100-132249549","chr9:97581150-97582299","chrX:152064150-152065099","chrX:48610850-48611399","chrX:78094300-78095449"],"primaries":[{"motif":{"db":0,"id":"GCCYCAGGS","alt":"MEME-1","len":9,"ltrim":0,"rtrim":0,"nsites":46,"evalue":"1.8e-010","pwm":[[0.000597397,0.000487202,0.998318,0.000597397],[0.000597397,0.998318,0.000487202,0.000597397],[0.000597397,0.998318,0.000487202,0.000597397],[0.000597397,0.499403,0.000487202,0.499513],[0.000597397,0.998318,0.000487202,0.000597397],[0.521205,0.0655627,0.195715,0.217517],[0.000597397,0.000487202,0.998318,0.000597397],[0.000597397,0.152331,0.846474,0.000597397],[0.000597397,0.542786,0.456019,0.000597397]]},"secondaries":[[{"idx":1,"counts":[[0,0,0,0,0,0,0,0,0,0,0,0,0,0,0,0,0,0,0,0,0,0,0,0,0,0,0,0,0,0,0,0,0,0,0,1,0,0,0,0,0,0,0,0,0,0,0,0,0,0,0,0,0,0,0,0,0,0,0,0,0,0,0,0,0,0,0,0,0,0,0,0,0,0,0,0,0,0,0,0,0,0,0,0,0,0,0,0,0,0,0,0,0,0,0,0,0,0,0,0,0,0,0,0,0,0,0,0,0,0,0,0,0,0,0,0,0,0,0,0,0,0],[0,0,0,0,0,0,0,0,0,0,0,0,0,0,0,0,0,0,0,0,0,0,0,0,0,0,0,0,0,0,0,0,0,0,0,0,0,0,0,0,0,0,0,0,0,0,0,0,0,0,0,0,0,0,0,0,0,0,0,0,0,0,0,0,0,0,0,0,0,0,0,0,0,0,0,0,0,0,0,0,0,0,0,0,0,0,0,0,0,0,0,0,0,0,0,0,0,0,0,0,0,0,0,0,0,0,0,1,0,0,0,0,0,0,0,0,0,0,0,0,0,0],[0,0,0,0,0,0,0,0,0,0,0,0,0,7,0,0,0,0,1,0,0,0,0,0,0,0,0,0,0,0,0,0,0,0,0,0,0,0,0,0,0,0,0,0,0,0,0,1,0,0,0,0,0,0,0,0,0,0,0,0,0,0,0,0,0,0,0,0,0,0,0,0,0,0,0,0,0,0,0,0,0,0,0,0,0,0,0,0,0,0,0,1,0,0,0,0,0,0,0,0,0,0,0,0,0,0,0,0,0,0,0,0,0,0,0,0,0,0,0,0,0,0],[0,0,0,0,0,0,0,0,0,0,0,0,1,0,0,0,0,0,0,0,0,1,0,0,0,0,0,0,0,0,0,0,0,0,0,0,0,0,0,0,0,0,0,0,0,0,0,0,0,0,0,0,0,0,0,0,0,1,0,0,0,0,0,0,0,0,0,0,0,0,0,0,0,1,0,0,1,0,0,0,0,0,0,0,0,0,0,0,0,0,0,0,1,0,0,0,0,0,0,0,0,0,0,0,0,0,0,0,0,0,0,0,0,0,0,0,0,0,0,1,0,0]],"spacings":[{"orient":2,"bin":13,"pvalue":7.92466e-15,"inferred_pwm":[[0,0,1,0],[0.857143,0,0.142857,0],[0.857143,0,0.142857,0],[0,0.857143,0,0.142857],[0,1,0,0],[0,0.714286,0,0.285714],[0.285714,0,0.714286,0],[0,0,1,0],[0.142857,0,0.857143,0],[1,0,0,0],[0.142857,0,0.857143,0],[0,0,1,0],[0,0.857143,0.142857,0],[0.714286,0,0.285714,0],[0,0,0.857143,0.142857],[1,0,0,0],[0.142857,0,0.857143,0],[0,0,1,0],[0,0,0,1],[0,0,0,1],[0.142857,0,0.714286,0.142857],[0,1,0,0],[1,0,0,0],[0,0,1,0],[0,0,0,1],[0,0,0.857143,0.142857],[1,0,0,0],[0,0,1,0],[0,1,0,0],[0,0.714286,0,0.285714]],"alignment_pwm":[null,null,[[0.142857,0,0.857143,0],[0,0.857143,0,0.