<!DOCTYPE HTML>
<html>
  <head>
    <meta charset="UTF-8">
    <title>SpaMo - Spaced Motif Analysis</title>
    <script type="text/javascript">
      //@JSON_VAR data
      var data = {"program":"SpaMo","version":"4.12.0","revision":"aacc9c3eb8c7b460b344d5c8aa1458097dae704d","release":"Tue Jun 27 16:22:50 2017 -0700","host":"Sudins-iMac.local","when":"Thu May 24 13:01:35 2018","cmd":["spamo","-verbosity","1","-oc","results/AHRpeaks_noAHREs.bed-399.fa/hocomoco/spamo_out_5","-bgfile","results/AHRpeaks_noAHREs.bed-399.fa/hocomoco/background","-primary","CAWGACCAAGARYYCAAARGCA","results/AHRpeaks_noAHREs.bed-399.fa/hocomoco/AHRpeaks_noAHREs.bed-399.fa","results/AHRpeaks_noAHREs.bed-399.fa/hocomoco/meme_out/meme.xml","results/AHRpeaks_noAHREs.bed-399.fa/hocomoco/meme_out/meme.xml","results/AHRpeaks_noAHREs.bed-399.fa/hocomoco/dreme_out/dreme.xml","/Users/filipov4/meme/db/motif_databases/HUMAN/HOCOMOCOv11_full_HUMAN_mono_meme_format.meme"],"options":{"seq_min_hit_score":7,"margin":150,"bin_size":1,"bin_pvalue_calc_range":150,"use_best_secondary":0,"seq_max_shared_fract":0.5,"seq_odds_ratio":20,"bin_pvalue_cutoff":0.05,"motif_evalue_cutoff":10,"redundant_overlap":2,"redundant_joint":0.5,"motif_pseudocount":0.1,"bgfile":"results/AHRpeaks_noAHREs.bed-399.fa/hocomoco/background","motif_trim":0.25,"xalph":0,"seed":1,"bin_max":7},"alphabet":{"name":"DNA","like":"dna","ncore":4,"symbols":[{"symbol":"A","name":"Adenine","colour":"CC0000","complement":"T"},{"symbol":"C","name":"Cytosine","colour":"0000CC","complement":"G"},{"symbol":"G","name":"Guanine","colour":"FFB300","complement":"C"},{"symbol":"T","aliases":"U","name":"Thymine","colour":"008000","complement":"A"},{"symbol":"N","aliases":"X.","name":"Any base","equals":"ACGT"},{"symbol":"V","name":"Not T","equals":"ACG"},{"symbol":"H","name":"Not G","equals":"ACT"},{"symbol":"D","name":"Not C","equals":"AGT"},{"symbol":"B","name":"Not A","equals":"CGT"},{"symbol":"M","name":"Amino","equals":"AC"},{"symbol":"R","name":"Purine","equals":"AG"},{"symbol":"W","name":"Weak","equals":"AT"},{"symbol":"S","name":"Strong","equals":"CG"},{"symbol":"Y","name":"Pyrimidine","equals":"CT"},{"symbol":"K","name":"Keto","equals":"GT"}]},"background":[0.2906,0.2094,0.2094,0.2906],"sequence_dbs":[{"source":"results/AHRpeaks_noAHREs.bed-399.fa/hocomoco/AHRpeaks_noAHREs.bed-399.fa","name":"AHRpeaks_noAHREs.bed-399","last_modified":"Thu May 24 11:14:35 2018","loaded":1181,"excluded_too_short":0,"excluded_no_match":1159,"excluded_ambigs":0,"excluded_similar":4,"erased_primary_matches":0}],"primary_dbs":[{"source":"results/AHRpeaks_noAHREs.bed-399.fa/hocomoco/meme_out/meme.xml","name":"meme.xml","last_modified":"Thu May 24 12:59:52 2018","loaded":6,"excluded":5}],"secondary_dbs":[{"source":"results/AHRpeaks_noAHREs.bed-399.fa/hocomoco/meme_out/meme.xml","name":"meme.xml","last_modified":"Thu May 24 12:59:52 2018","loaded":7,"excluded":1},{"source":"results/AHRpeaks_noAHREs.bed-399.fa/hocomoco/dreme_out/dreme.xml","name":"dreme.xml","last_modified":"Thu May 24 13:00:37 2018","loaded":7,"excluded":0},{"source":"/Users/filipov4/meme/db/motif_databases/HUMAN/HOCOMOCOv11_full_HUMAN_mono_meme_format.meme","name":"HOCOMOCOv11_full_HUMAN_mono_meme_format","last_modified":"Wed Dec  6 21:59:30 2017","loaded":771,"excluded":0}],"secondary_motifs":[{"db":0,"id":"AAAAYTCTAGAAGATARCATYRGAAAAMCC","alt":"MEME-7","len":30,"ltrim":0,"rtrim":0,"nsites":6,"evalue":"3.3e-013","pwm":[[0.98837,0.00343279,0.00343279,0.00476393],[0.98837,0.00343279,0.00343279,0.00476393],[0.98837,0.00343279,0.00343279,0.00476393],[0.98837,0.00343279,0.00343279,0.00476393],[0.00476393,0.331301,0.00343279,0.660502],[0.00476393,0.167368,0.00343279,0.824436],[0.00476393,0.987039,0.00343279,0.00476393],[0.00476393,0.167368,0.00343279,0.824436],[0.824436,0.00343279,0.167368,0.00476393],[0.00476393,0.00343279,0.823105,0.168699],[0.98837,0.00343279,0.00343279,0.00476393],[0.98837,0.00343279,0.00343279,0.00476393],[0.00476393,0.00343279,0.987039,0.00476393],[0.98837,0.00343279,0.00343279,0.00476393],[0.00476393,0.00343279,0.00343279,0.98837],[0.98837,0.00343279,0.00343279,0.00476393],[0.660502,0.00343279,0.331301,0.00476393],[0.00476393,0.987039,0.00343279,0.00476393],[0.824436,0.167368,0.00343279,0.00476393],[0.00476393,0.00343279,0.00343279,0.98837],[0.168699,0.495236,0.00343279,0.332632],[0.496567,0.00343279,0.495236,0.00476393],[0.168699,0.00343279,0.823105,0.00476393],[0.98837,0.00343279,0.00343279,0.00476393],[0.824436,0.00343279,0.167368,0.00476393],[0.98837,0.00343279,0.00343279,0.00476393],[0.824436,0.00343279,0.00343279,0.168699],[0.660502,0.331301,0.00343279,0.00476393],[0.00476393,0.987039,0.00343279,0.00476393],[0.00476393,0.987039,0.00343279,0.00476393]]},{"db":0,"id":"CCCYCAGGC","alt":"MEME-6","len":9,"ltrim":0,"rtrim":0,"nsites":52,"evalue":"6.7e-009","pwm":[[0.000557773,0.614606,0.28831,0.0965272],[0.000557773,0.998483,0.00040192,0.000557773],[0.000557773,0.998483,0.00040192,0.000557773],[0.000557773,0.422667,0.00040192,0.576373],[0.192497,0.595412,0.211534,0.000557773],[0.998638,0.00040192,0.00040192,0.000557773],[0.000557773,0.019596,0.979288,0.000557773],[0.000557773,0.173147,0.825738,0.000557773],[0.000557773,0.787351,0.211534,0.000557773]]},{"db":0,"id":"MANAAARRYAAACADA","alt":"MEME-1","len":16,"ltrim":1,"rtrim":2,"nsites":130,"evalue":"2.8e-040","pwm":[[0.407602,0.330676,0.092398,0.169324],[0.622821,0.123143,0.0616517,0.192384],[0.369171,0.192321,0.207693,0.230815],[0.56133,0.176948,0.200007,0.0617141],[0.914905,0.0847109,0.000160953,0.000223367],[0.776549,0.0462795,0.161575,0.0155965],[0.653567,0.000160953,0.346049,0.000223367],[0.576703,0.0385934,0.38448,0.000223367],[0.230815,0.261498,0.000160953,0.507525],[0.999455,0.000160953,0.000160953,0.000223367],[0.999455,0.000160953,0.000160953,0.000223367],[0.999455,0.000160953,0.000160953,0.000223367],[0.0770872,0.607386,0.0462795,0.269247],[0.937964,0.0309063,0.0309063,0.000223367],[0.315366,0.123143,0.346049,0.215443],[0.484466,0.115457,0.184634,0.215443]]},{"db":0,"id":"TWTTGYCKTGMWAAASMTCTTW","alt":"MEME-2","len":22,"ltrim":0,"rtrim":0,"nsites":14,"evalue":"6.7e-018","pwm":[[0.00206099,0.0724075,0.00148511,0.924046],[0.356671,0.00148511,0.00148511,0.640359],[0.00206099,0.00148511,0.00148511,0.994969],[0.143905,0.00148511,0.00148511,0.853125],[0.00206099,0.00148511,0.994393,0.00206099],[0.00206099,0.497939,0.00148511,0.498515],[0.00206099,0.710705,0.00148511,0.285749],[0.0729834,0.00148511,0.427017,0.498515],[0.0729834,0.00148511,0.00148511,0.924046],[0.00206099,0.00148511,0.994393,0.00206099],[0.427592,0.568861,0.00148511,0.00206099],[0.640359,0.00148511,0.00148511,0.356671],[0.711281,0.00148511,0.285173,0.00206099],[0.924046,0.0724075,0.00148511,0.00206099],[0.853125,0.0724075,0.0724075,0.00206099],[0.0729834,0.497939,0.427017,0.00206099],[0.356671,0.427017,0.0724075,0.143905],[0.00206099,0.0724075,0.00148511,0.924046],[0.00206099,0.710705,0.00148511,0.285749],[0.00206099,0.00148511,0.00148511,0.994969],[0.00206099,0.00148511,0.00148511,0.994969],[0.498515,0.00148511,0.00148511,0.498515]]},{"db":1,"id":"AGATAA","alt":"DREME-5","len":6,"ltrim":0,"rtrim":0,"nsites":103,"evalue":"2.1e-004","pwm":[[0.999312,0.000203104,0.000203104,0.000281862],[0.000281862,0.000203104,0.999233,0.000281862],[0.999312,0.000203104,0.000203104,0.000281862],[0.000281862,0.000203104,0.000203104,0.999312],[0.999312,0.000203104,0.000203104,0.000281862],[0.999312,0.000203104,0.000203104,0.000281862]]},{"db":1,"id":"CMCRG","alt":"DREME-2","len":5,"ltrim":0,"rtrim":0,"nsites":968,"evalue":"4.8e-009","pwm":[[3.00175e-05,0.999918,2.163e-05,3.00175e-05],[0.572285,0.427663,2.163e-05,3.00175e-05],[3.00175e-05,0.999918,2.163e-05,3.00175e-05],[0.86461,2.163e-05,0.135339,3.00175e-05],[3.00175e-05,2.163e-05,0.999918,3.00175e-05]]},{"db":1,"id":"RYAAAYA","alt":"DREME-1","len":7,"ltrim":0,"rtrim":0,"nsites":607,"evalue":"1.6e-044","pwm":[[0.528791,3.44919e-05,0.471127,4.78669e-05],[4.78669e-05,0.495834,3.44919e-05,0.504084],[0.999883,3.44919e-05,3.44919e-05,4.78669e-05],[0.999883,3.44919e-05,3.44919e-05,4.78669e-05],[0.999883,3.44919e-05,3.44919e-05,4.78669e-05],[4.78669e-05,0.573251,3.44919e-05,0.426667],[0.999883,3.44919e-05,3.44919e-05,4.78669e-05]]},{"db":2,"id":"ALX4_HUMAN.H11MO.0.D","len":12,"ltrim":1,"rtrim":0,"nsites":23223,"evalue":"1.0e+000","url":"http://hocomoco.autosome.ru/motif/ALX4_HUMAN.H11MO.0.D","pwm":[[0.166685,0.314129,0.138493,0.380693],[0.00484365,0.00162974,0.00101777,0.992509],[0.995913,0.00017204,0.000838092,0.00307711],[0.999929,1.4422e-05,4.14626e-05,1.47716e-05],[1.25134e-06,0.000342466,5.49829e-05,0.999601],[0.000334277,0.044124,0.000685455,0.954856],[0.785114,9.01689e-07,0.214884,1.25134e-06],[0.591414,0.0179943,0.389556,0.00103591],[0.952457,0.00913776,0.0295192,0.0088862],[0.00264197,0.00363074,0.00249788,0.991229],[0.0153976,0.00998491,0.00386806,0.970749],[0.980307,0.00494754,0.00543285,0.00931281]]},{"db":2,"id":"BARX1_HUMAN.H11MO.0.D","len":12,"ltrim":1,"rtrim":0,"nsites":461,"evalue":"1.0e+000","url":"http://hocomoco.autosome.ru/motif/BARX1_HUMAN.H11MO.0.D","pwm":[[0.0998245,0.362223,0.268968,0.268985],[0.364409,0.0130578,0.04342,0.579113],[0.756949,0.184387,0.0455887,0.0130754],[0.95864,0.00221414,0.00872032,0.0304252],[0.0391001,0.0455887,0.297161,0.61815],[0.0651248,0.0217327,0.427285,0.485858],[0.0889808,0.147519,0.74175,0.0217503],[0.0456063,0.156194,0.0325763,0.765624],[0.0629561,0.0412512,0.0325763,0.863216],[0.0174128,0.0217327,0.04342,0.917435],[0.147536,0.329692,0.0716134,0.451158],[0.154043,0.260293,0.0781196,0.507545]]},{"db":2,"id":"CDC5L_HUMAN.H11MO.0.D","len":15,"ltrim":0,"rtrim":0,"nsites":10,"evalue":"1.0e+000","url":"http://hocomoco.autosome.ru/motif/CDC5L_HUMAN.H11MO.0.D","pwm":[[0.151392,0.150588,0.645638,0.0523822],[0.00287723,0.200093,0.398113,0.398917],[0.200897,0.00207327,0.794152,0.00287723],[0.497927,0.101083,0.101083,0.299907],[0.00287723,0.101083,0.299103,0.596937],[0.200897,0.00207327,0.200093,0.596937],[0.101887,0.00207327,0.00207327,0.893966],[0.893966,0.00207327,0.101083,0.00287723],[0.794956,0.00207327,0.00207327,0.200897],[0.101887,0.596133,0.00207327,0.299907],[0.596937,0.00207327,0.299103,0.101887],[0.200897,0.101083,0.00207327,0.695947],[0.794956,0.101083,0.101083,0.00287723],[0.596937,0.00207327,0.101083,0.299907],[0.0771347,0.27435,0.175341,0.473174]]},{"db":2,"id":"CDX2_HUMAN.H11MO.0.A","len":12,"ltrim":0,"rtrim":0,"nsites":151,"evalue":"1.0e+000","url":"http://hocomoco.autosome.ru/motif/CDX2_HUMAN.H11MO.0.A","pwm":[[0.152409,0.119265,0.211919,0.516407],[0.0597555,0.0729381,0.0597018,0.807605],[0.106082,0.000138584,0.0663199,0.827459],[0.0862281,0.24501,0.17221,0.496552],[0.986294,0.00675672,0.00675672,0.000192323],[0.00681046,0.0530837,0.0133749,0.926731],[0.0465193,0.000138584,0.311191,0.642151],[0.1855,0.00675672,0.807551,0.000192323],[0.0134286,0.761224,0.132501,0.0928462],[0.264918,0.211919,0.0861743,0.436989],[0.139173,0.198683,0.3509,0.311245],[0.0134286,0.231773,0.17221,0.582588]]},{"db":2,"id":"CEBPA_HUMAN.H11MO.0.A","len":12,"ltrim":1,"rtrim":1,"nsites":500,"evalue":"1.0e+000","url":"http://hocomoco.autosome.ru/motif/CEBPA_HUMAN.H11MO.0.A","pwm":[[0.230012,0.132015,0.365969,0.272004],[0.345989,0.182005,0.465949,0.00605691],[0.00805651,0.00404107,0.00604067,0.981862],[0.00205771,0.00204147,0.279986,0.715915],[0.158027,0.00804027,0.619918,0.214015],[0.176023,0.118018,0.116019,0.58994],[5.81083e-05,4.18717e-05,0.995843,0.00405731],[0.156027,0.771888,4.18717e-05,0.0720437],[0.983861,0.0100399,0.00204147,0.00405731],[0.98986,4.18717e-05,0.00804027,0.00205771],[0.0140553,0.297982,0.176007,0.511956],[0.319994,0.331975,0.221997,0.126033]]},{"db":2,"id":"CEBPB_HUMAN.H11MO.0.A","len":12,"ltrim":1,"rtrim":1,"nsites":454,"evalue":"1.0e+000","url":"http://hocomoco.autosome.ru/motif/CEBPB_HUMAN.H11MO.0.A","pwm":[[0.237897,0.0991432,0.352391,0.310568],[0.453709,0.132176,0.387626,0.0264899],[6.39947e-05,0.00224827,0.00224827,0.995439],[6.39947e-05,4.61132e-05,0.29954,0.70035],[0.30176,0.00224827,0.513149,0.182843],[0.167428,0.259901,0.081526,0.491145],[6.39947e-05,4.61132e-05,0.999826,6.39947e-05],[0.0815438,0.898527,4.61132e-05,0.0198834],[0.999844,4.61132e-05,4.61132e-05,6.39947e-05],[0.999844,4.61132e-05,4.61132e-05,6.39947e-05],[6.39947e-05,0.244486,0.147591,0.60786],[0.370027,0.332572,0.182825,0.114576]]},{"db":2,"id":"CEBPD_HUMAN.H11MO.0.C","len":11,"ltrim":0,"rtrim":0,"nsites":500,"evalue":"1.0e+000","url":"http://hocomoco.autosome.ru/motif/CEBPD_HUMAN.H11MO.0.C","pwm":[[0.454467,0.232495,0.268488,0.0445492],[0.00255761,0.130516,0.0205378,0.846389],[0.00655681,0.0285362,0.0185382,0.946369],[0.0425496,0.0265366,0.812379,0.118534],[0.0165548,0.96035,0.0105398,0.0125556],[0.458466,0.120518,0.278486,0.14253],[0.122534,0.580426,0.0265366,0.270504],[0.59044,0.382465,0.00454097,0.0225536],[0.828392,0.064529,0.044533,0.0625456],[0.0240533,0.481945,0.178006,0.315995],[0.208017,0.487944,0.0720275,0.232012]]},{"db":2,"id":"CEBPZ_HUMAN.H11MO.0.D","len":11,"ltrim":0,"rtrim":0,"nsites":26,"evalue":"1.0e+000","url":"http://hocomoco.autosome.ru/motif/CEBPZ_HUMAN.H11MO.0.D","pwm":[[0.313713,0.0332297,0.344532,0.308525],[0.00111341,0.685668,0.223903,0.0893158],[0.0270553,0.218714,0.000802299,0.753428],[0.00111341,0.363989,0.566336,0.0685623],[0.997282,0.000802299,0.000802299,0.00111341],[0.00111341,0.000802299,0.000802299,0.997282],[0.00111341,0.000802299,0.000802299,0.997282],[0.00111341,0.000802299,0.996971,0.00111341],[0.00111341,0.000802299,0.996971,0.00111341],[0.0270553,0.794624,0.000802299,0.177518],[0.00759888,0.131809,0.0332297,0.827363]]},{"db":2,"id":"DBP_HUMAN.H11MO.0.B","len":11,"ltrim":0,"rtrim":2,"nsites":25,"evalue":"1.0e+000","url":"http://hocomoco.autosome.ru/motif/DBP_HUMAN.H11MO.0.B","pwm":[[0.312732,0.230684,0.429887,0.0266966],[0.0726666,0.000834264,0.0468042,0.879695],[0.0930977,0.0468042,0.097882,0.762216],[0.63963,0.0774509,0.164283,0.118637],[0.0266966,0.131083,0.0927742,0.749447],[0.0930977,0.000834264,0.853833,0.0522355],[0.00115777,0.455426,0.000834264,0.542582],[0.900126,0.051912,0.000834264,0.0471277],[0.951204,0.000834264,0.000834264,0.0471277],[0.0905438,0.330286,0.258777,0.320394],[0.394456,0.246007,0.184714,0.174822]]},{"db":2,"id":"DDIT3_HUMAN.H11MO.0.D","len":10,"ltrim":0,"rtrim":0,"nsites":500,"evalue":"1.0e+000","url":"http://hocomoco.autosome.ru/motif/DDIT3_HUMAN.H11MO.0.D","pwm":[[0.435971,0.399962,0.146013,0.0180545],[0.0220537,0.0180383,0.0160387,0.943869],[0.0120557,0.0280363,0.929856,0.0300521],[0.899878,0.0280363,0.0320355,0.0400501],[0.0220537,0.0580303,0.0460327,0.873883],[0.0140553,0.00804027,0.951852,0.0260529],[0.335991,0.431955,0.00404107,0.228013],[0.883881,0.112019,0.00404107,5.81083e-05],[0.987861,4.18717e-05,0.00804027,0.00405731],[0.0720437,0.241993,0.164009,0.521954]]},{"db":2,"id":"DLX3_HUMAN.H11MO.0.C","len":10,"ltrim":0,"rtrim":1,"nsites":34,"evalue":"1.0e+000","url":"http://hocomoco.autosome.ru/motif/DLX3_HUMAN.H11MO.0.C","pwm":[[0.173426,0.128433,0.658978,0.0391629],[0.412142,0.40369,0.183316,0.000852199],[0.000852199,0.0229912,0.000614077,0.975543],[0.975543,0.000614077,0.0229912,0.000852199],[0.99792,0.000614077,0.000614077,0.000852199],[0.000852199,0.000614077,0.000614077,0.99792],[0.000852199,0.000614077,0.0453684,0.953165],[0.541588,0.000614077,0.363753,0.0940453],[0.161177,0.515576,0.277641,0.0456065],[0.445636,0.154495,0.102659,0.29721]]},{"db":2,"id":"DMBX1_HUMAN.H11MO.0.D","len":20,"ltrim":3,"rtrim":2,"nsites":29,"evalue":"1.0e+000","url":"http://hocomoco.autosome.ru/motif/DMBX1_HUMAN.H11MO.0.D","pwm":[[0.17282,0.275634,0.138177,0.41337],[0.421961,0.284225,0.112403,0.181411],[0.430552,0.292816,0.155359,0.121274],[0.207184,0.138177,0.103812,0.550827],[0.41337,0.0350838,0.0350838,0.516463],[0.516463,0.0350838,0.0350838,0.41337],[0.310277,0.103812,0.0350838,0.550827],[0.550827,0.172541,0.0350838,0.241548],[0.585191,0.103812,0.0350838,0.275913],[0.138456,0.309998,0.172541,0.379005],[0.104091,0.619276,0.0350838,0.241548],[0.000998625,0.447455,0.0694481,0.482098],[0.757012,0.0350838,0.138177,0.0697271],[0.894469,0.0350838,0.0694481,0.000998625],[0.000998625,0.0350838,0.000719588,0.963198],[0.000998625,0.000719588,0.000719588,0.997562],[0.997562,0.000719588,0.000719588,0.000998625],[0.619555,0.138177,0.138177,0.104091],[0.0955003,0.232678,0.335771,0.33605],[0.241548,0.103812,0.241269,0.41337]]},{"db":2,"id":"EMX1_HUMAN.H11MO.0.D","len":12,"ltrim":0,"rtrim":0,"nsites":30488,"evalue":"1.0e+000","url":"http://hocomoco.autosome.ru/motif/EMX1_HUMAN.H11MO.0.D","pwm":[[0.0339814,0.140908,0.0283068,0.796804],[0.827217,0.158005,0.00722482,0.00755308],[0.989535,0.00426465,0.00262466,0.00357612],[0.00232153,0.00192767,0.00225566,0.993495],[0.00124734,0.00180467,0.00597023,0.990978],[0.993241,0.00147667,0.00347745,0.00180494],[0.227778,0.141909,0.624195,0.00611809],[0.0472653,0.41777,0.182597,0.352368],[0.141802,0.143048,0.20973,0.505419],[0.523131,0.150986,0.100999,0.224884],[0.599202,0.122885,0.0901178,0.187796],[0.278954,0.110691,0.0865836,0.523771]]},{"db":2,"id":"EMX2_HUMAN.H11MO.0.D","len":12,"ltrim":0,"rtrim":1,"nsites":35820,"evalue":"1.0e+000","url":"http://hocomoco.autosome.ru/motif/EMX2_HUMAN.H11MO.0.D","pwm":[[0.0219508,0.103804,0.01539,0.858855],[0.848679,0.121825,0.0138406,0.0156554],[0.987072,0.00524903,0.003574,0.00410465],[0.00148741,0.000426323,0.00210136,0.995985],[0.00126407,0.00126384,0.00545143,0.992021],[0.991413,0.000656641,0.00562592,0.00230399],[0.267797,0.133403,0.585328,0.0134709],[0.0343112,0.393523,0.195561,0.376605],[0.202855,0.151794,0.243725,0.401626],[0.444025,0.153964,0.116053,0.285958],[0.528985,0.124379,0.0979414,0.248695],[0.333187,0.125007,0.100161,0.441645]]},{"db":2,"id":"EVI1_HUMAN.H11MO.0.B","len":16,"ltrim":1,"rtrim":2,"nsites":141,"evalue":"1.0e+000","url":"http://hocomoco.autosome.ru/motif/EVI1_HUMAN.H11MO.0.B","pwm":[[0.418885,0.152793,0.189313,0.239008],[0.635767,0.0373214,0.0836381,0.243274],[0.0211058,0.0295389,0.906751,0.0426039],[0.972719,0.0060265,0.0060265,0.0152277],[0.0413526,0.455695,0.0060265,0.496926],[0.951819,0.0060265,0.0177827,0.0243714],[0.917558,0.000148406,0.0157959,0.0664978],[0.030685,0.0060265,0.961994,0.00129449],[0.966841,0.000148406,0.000148406,0.032862],[0.000205953,0.124702,0.00537338,0.869718],[0.90017,0.0325318,0.000148406,0.0671499],[0.771723,0.00929211,0.156733,0.0622525],[0.21089,0.183456,0.352285,0.25337],[0.743776,0.0920463,0.0765087,0.0876693],[0.129359,0.15608,0.308147,0.406414],[0.490354,0.119192,0.158434,0.23202]]},{"db":2,"id":"EVX2_HUMAN.H11MO.0.A","len":13,"ltrim":2,"rtrim":2,"nsites":500,"evalue":"1.0e+000","url":"http://hocomoco.autosome.ru/motif/EVX2_HUMAN.H11MO.0.A","pwm":[[0.164025,0.176007,0.361969,0.297999],[0.116035,0.182005,0.208,0.493959],[0.0120557,0.0100399,0.0140391,0.963865],[0.0140553,0.00804027,4.18717e-05,0.977863],[0.0280525,0.0220375,0.0280363,0.921874],[0.983861,0.0100399,0.00404107,0.00205771],[0.00405731,0.0580303,4.18717e-05,0.937871],[0.0460489,0.00604067,0.495943,0.451968],[0.385981,4.18717e-05,0.605921,0.00805651],[0.0460489,0.735895,0.106021,0.112036],[0.156027,0.413959,0.0480323,0.381982],[0.128033,0.30798,0.196003,0.367985],[0.14203,0.249992,0.190004,0.417975]]},{"db":2,"id":"FOXA1_HUMAN.H11MO.0.A","len":12,"ltrim":0,"rtrim":2,"nsites":500,"evalue":"1.0e+000","url":"http://hocomoco.autosome.ru/motif/FOXA1_HUMAN.H11MO.0.A","pwm":[[0.0160549,4.18717e-05,4.18717e-05,0.983861],[0.246009,0.00404107,0.749892,5.81083e-05],[0.00205771,4.18717e-05,4.18717e-05,0.997859],[0.00405731,4.18717e-05,0.0560307,0.93987],[5.81083e-05,4.18717e-05,0.144013,0.855887],[0.781902,4.18717e-05,0.206001,0.0120557],[0.00805651,0.797882,0.00804027,0.186021],[0.317995,0.138014,0.00404107,0.53995],[0.0320517,0.313979,0.10802,0.545949],[0.463965,0.0200379,0.0160387,0.499958],[0.218015,0.0980223,0.493943,0.19002],[0.108037,0.25999,0.393963,0.238011]]},{"db":2,"id":"FOXB1_HUMAN.H11MO.0.D","len":17,"ltrim":1,"rtrim":1,"nsites":7038,"evalue":"1.0e+000","url":"http://hocomoco.autosome.ru/motif/FOXB1_HUMAN.H11MO.0.D","pwm":[[0.219282,0.162615,0.422576,0.195527],[0.0892769,0.143925,0.225753,0.541045],[0.353901,0.384066,0.161097,0.100935],[0.803094,0.0550288,0.0564861,0.0853907],[0.724187,0.0823594,0.029969,0.163485],[0.00346526,0.00334266,0.0160942,0.977098],[0.646658,0.000944159,0.349995,0.00240263],[0.0134236,0.000670912,0.00929337,0.976612],[0.0133629,0.000245861,0.0268419,0.959549],[0.00294912,0.000519108,0.279352,0.717179],[0.960035,0.000488747,0.038379,0.00109712],[0.00313129,0.897339,0.010781,0.0887486],[0.774926,0.0141815,0.0334909,0.177402],[0.0308203,0.143761,0.0300905,0.795328],[0.717604,0.0169746,0.0435707,0.22185],[0.573755,0.0628194,0.2564,0.107026],[0.123906,0.357173,0.327128,0.191793]]},{"db":2,"id":"FOXC1_HUMAN.H11MO.0.C","len":15,"ltrim":2,"rtrim":0,"nsites":26,"evalue":"1.0e+000","url":"http://hocomoco.autosome.ru/motif/FOXC1_HUMAN.H11MO.0.C","pwm":[[0.135213,0.47973,0.173216,0.211841],[0.345941,0.0774307,0.34563,0.230998],[0.269313,0.154059,0.0774307,0.499198],[0.00111341,0.000802299,0.000802299,0.997282],[0.00111341,0.000802299,0.996971,0.00111341],[0.0394276,0.000802299,0.000802299,0.958968],[0.0394276,0.000802299,0.000802299,0.958968],[0.00111341,0.000802299,0.0391165,0.958968],[0.958968,0.000802299,0.000802299,0.0394276],[0.00111341,0.728772,0.000802299,0.269313],[0.230998,0.115745,0.000802299,0.652454],[0.00111341,0.192373,0.000802299,0.805711],[0.652454,0.000802299,0.000802299,0.345941],[0.460884,0.192373,0.269002,0.0777418],[0.0394276,0.269002,0.575515,0.116056]]},{"db":2,"id":"FOXD3_HUMAN.H11MO.0.D","len":15,"ltrim":2,"rtrim":3,"nsites":465,"evalue":"1.0e+000","url":"http://hocomoco.autosome.ru/motif/FOXD3_HUMAN.H11MO.0.D","pwm":[[0.157018,0.176351,0.298905,0.367725],[0.118317,0.217203,0.266654,0.397826],[0.135517,0.00649525,0.055947,0.802041],[0.0387638,0.0688474,0.872976,0.0194132],[0.0925157,0.0516468,0.0365963,0.819241],[0.0366138,0.111849,0.0494968,0.802041],[0.0538144,4.50226e-05,0.0946483,0.851492],[0.339774,0.200002,0.225803,0.234421],[0.0581145,0.599916,0.0623972,0.279572],[0.294623,0.202152,0.0408965,0.462329],[0.109716,0.223653,0.0709975,0.595633],[0.404277,0.0473467,0.14625,0.402127],[0.230121,0.14195,0.42791,0.200019],[0.101116,0.363408,0.348357,0.187119],[0.356975,0.292455,0.111849,0.238721]]},{"db":2,"id":"FOXF1_HUMAN.H11MO.0.D","len":11,"ltrim":1,"rtrim":0,"nsites":8,"evalue":"1.0e+000","url":"http://hocomoco.autosome.ru/motif/FOXF1_HUMAN.H11MO.0.D","pwm":[[0.4139,0.15146,0.15146,0.283181],[0.00358765,0.00258519,0.00258519,0.991242],[0.134307,0.00258519,0.859521,0.00358765],[0.00358765,0.00258519,0.00258519,0.991242],[0.00358765,0.00258519,0.00258519,0.991242],[0.00358765,0.00258519,0.00258519,0.991242],[0.729804,0.0679447,0.198664,0.00358765],[0.00358765,0.133304,0.00258519,0.860523],[0.0217431,0.15146,0.15146,0.675338],[0.265026,0.169615,0.00258519,0.562774],[0.432055,0.00258519,0.038896,0.526463]]},{"db":2,"id":"FOXF2_HUMAN.H11MO.0.D","len":11,"ltrim":0,"rtrim":0,"nsites":26,"evalue":"1.0e+000","url":"http://hocomoco.autosome.ru/motif/FOXF2_HUMAN.H11MO.0.D","pwm":[[0.0163068,0.0159957,0.0159957,0.951702],[0.146776,0.000802299,0.820921,0.0315001],[0.00111341,0.000802299,0.031189,0.966895],[0.12266,0.000802299,0.000802299,0.875735],[0.12266,0.000802299,0.031189,0.845348],[0.770695,0.000802299,0.227389,0.00111341],[0.00111341,0.782442,0.031189,0.185255],[0.284709,0.255833,0.059472,0.399985],[0.0416156,0.0413045,0.0109178,0.906162],[0.48103,0.000802299,0.031189,0.486979],[0.254323,0.0109178,0.35723,0.37753]]},{"db":2,"id":"FOXG1_HUMAN.H11MO.0.D","len":17,"ltrim":1,"rtrim":0,"nsites":310,"evalue":"1.0e+000","url":"http://hocomoco.autosome.ru/motif/FOXG1_HUMAN.H11MO.0.D","pwm":[[0.358379,0.15223,0.184554,0.304838],[0.150408,0.111037,0.121198,0.617357],[0.0332516,0.0359946,0.029715,0.901039],[0.102429,0.0200178,0.857509,0.020044],[9.37117e-05,0.00320729,0.00948682,0.987212],[9.37117e-05,6.75267e-05,0.231864,0.767974],[0.00341876,6.75267e-05,0.092613,0.903901],[0.687432,0.164262,0.108497,0.039809],[0.0396237,0.353224,0.0255562,0.581597],[0.309128,0.0957528,0.292271,0.302848],[0.191094,0.0709952,0.118647,0.619264],[0.366395,0.0569538,0.178498,0.398153],[0.0616459,0.0549696,0.0200616,0.863323],[0.313884,0.0397315,0.316256,0.330128],[0.0491331,0.0747809,0.0882664,0.78782],[0.238743,0.0549233,0.0785692,0.627764],[0.0828906,0.134398,0.197018,0.585694]]},{"db":2,"id":"FOXH1_HUMAN.H11MO.0.A","len":9,"ltrim":0,"rtrim":0,"nsites":487,"evalue":"1.0e+000","url":"http://hocomoco.autosome.ru/motif/FOXH1_HUMAN.H11MO.0.A","pwm":[[0.13145,0.0472612,0.0534201,0.767869],[0.0246953,0.0246786,0.940302,0.0103245],[0.0226423,0.0287845,0.0369964,0.911577],[0.0164834,0.0144138,0.852024,0.117079],[0.0103245,0.0205727,0.706263,0.262839],[0.917736,0.0164667,0.0144138,0.0513838],[0.0575427,0.0575261,0.0739498,0.810981],[0.0246953,0.0575261,0.0246786,0.8931],[0.0780724,0.386001,0.429113,0.106814]]},{"db":2,"id":"FOXJ2_HUMAN.H11MO.0.C","len":10,"ltrim":0,"rtrim":0,"nsites":41,"evalue":"1.0e+000","url":"http://hocomoco.autosome.ru/motif/FOXJ2_HUMAN.H11MO.0.C","pwm":[[0.000707056,0.0241984,0.000509489,0.974585],[0.308663,0.000509489,0.642743,0.0480849],[0.000707056,0.000509489,0.0241984,0.974585],[0.000707056,0.000509489,0.000509489,0.998274],[0.000707056,0.000509489,0.000509489,0.998274],[0.548184,0.000509489,0.450599,0.000707056],[0.000707056,0.192653,0.000509489,0.80613],[0.119152,0.216342,0.000509489,0.663997],[0.000707056,0.0241984,0.237399,0.737696],[0.465273,0.0834207,0.130799,0.320508]]},{"db":2,"id":"FOXJ3_HUMAN.H11MO.1.B","len":13,"ltrim":0,"rtrim":0,"nsites":613,"evalue":"1.0e+000","url":"http://hocomoco.autosome.ru/motif/FOXJ3_HUMAN.H11MO.1.B","pwm":[[0.126265,0.100128,0.122347,0.65126],[0.0348006,3.41543e-05,0.390458,0.574707],[0.0300392,3.41543e-05,0.51609,0.453837],[4.73984e-05,3.41543e-05,3.41543e-05,0.999884],[0.0547373,3.41543e-05,0.11534,0.829889],[0.396792,3.41543e-05,0.11535,0.487824],[0.356264,0.0774996,3.41543e-05,0.566202],[4.73984e-05,3.41543e-05,3.41543e-05,0.999884],[0.163665,3.41543e-05,0.836254,4.73984e-05],[4.73984e-05,3.41543e-05,3.41543e-05,0.999884],[4.73984e-05,3.41543e-05,3.41543e-05,0.999884],[4.73984e-05,3.41543e-05,0.0127091,0.987209],[0.645558,0.104693,0.11695,0.132798]]},{"db":2,"id":"FOXK1_HUMAN.H11MO.0.A","len":10,"ltrim":0,"rtrim":0,"nsites":500,"evalue":"1.0e+000","url":"http://hocomoco.autosome.ru/motif/FOXK1_HUMAN.H11MO.0.A","pwm":[[0.0200541,0.00804027,0.0100399,0.961866],[0.0760429,0.0200379,0.895863,0.00805651],[0.00605691,0.0860247,0.0200379,0.887881],[0.00205771,0.0100399,0.100022,0.887881],[0.0200541,0.0200379,0.166009,0.793899],[0.49196,0.251991,0.0620295,0.194019],[0.0240533,0.655911,0.0400339,0.280002],[0.303997,0.233995,0.11002,0.351988],[0.154027,0.211999,0.150012,0.483961],[0.116035,0.227996,0.144013,0.511956]]},{"db":2,"id":"FOXM1_HUMAN.H11MO.0.A","len":12,"ltrim":0,"rtrim":2,"nsites":500,"evalue":"1.0e+000","url":"http://hocomoco.autosome.ru/motif/FOXM1_HUMAN.H11MO.0.A","pwm":[[0.0560469,0.0240371,0.0340351,0.885881],[0.252008,0.0220375,0.715899,0.0100561],[0.0260529,0.0300359,0.0560307,0.887881],[5.81083e-05,0.0680283,0.0620295,0.869884],[0.00205771,0.00204147,0.0720275,0.923873],[0.319994,0.0540311,0.587924,0.0380505],[0.0740433,0.745893,0.0180383,0.162026],[0.246009,0.16001,0.0380343,0.555947],[0.0480485,0.289984,0.142013,0.519954],[0.359986,0.0380343,0.0280363,0.573943],[0.108037,0.16001,0.445953,0.286001],[0.166025,0.341973,0.25799,0.234011]]},{"db":2,"id":"FOXO1_HUMAN.H11MO.0.A","len":12,"ltrim":3,"rtrim":1,"nsites":500,"evalue":"1.0e+000","url":"http://hocomoco.autosome.ru/motif/FOXO1_HUMAN.H11MO.0.A","pwm":[[0.186021,0.16001,0.25999,0.393979],[0.0960389,0.30998,0.255991,0.337991],[0.0600461,0.451951,0.253991,0.234011],[0.0400501,0.477946,0.170008,0.311996],[0.00605691,0.0120395,0.0140391,0.967865],[0.0320517,0.0340351,0.917858,0.0160549],[0.00405731,0.186005,0.0160387,0.793899],[0.0100561,0.0300359,0.0620295,0.897879],[0.0120557,0.0400339,0.221997,0.725913],[0.403977,0.223997,0.0520315,0.319994],[0.00605691,0.691903,0.0520315,0.250008],[0.226013,0.263989,0.176007,0.333991]]},{"db":2,"id":"FOXP1_HUMAN.H11MO.0.A","len":9,"ltrim":0,"rtrim":0,"nsites":295,"evalue":"1.0e+000","url":"http://hocomoco.autosome.ru/motif/FOXP1_HUMAN.H11MO.0.A","pwm":[[0.0577061,0.139007,0.176282,0.627005],[0.0136532,0.281332,0.31183,0.393186],[0.00687584,0.020403,0.0305691,0.942152],[0.0204306,0.0407351,0.840464,0.0983702],[9.8475e-05,0.0170144,0.0576785,0.925209],[0.00687584,0.094954,0.0407351,0.857435],[0.0102645,0.0136257,0.0813993,0.89471],[0.525344,0.345717,0.0373465,0.0915929],[0.0170419,0.484652,0.010237,0.488069]]},{"db":2,"id":"GATA1_HUMAN.H11MO.1.A","len":11,"ltrim":2,"rtrim":2,"nsites":500,"evalue":"1.0e+000","url":"http://hocomoco.autosome.ru/motif/GATA1_HUMAN.H11MO.1.A","pwm":[[0.345989,0.116019,0.303981,0.234011],[0.152028,0.441953,0.305981,0.100038],[0.699918,0.0140391,0.00804027,0.278003],[5.81083e-05,4.18717e-05,0.997842,0.00205771],[0.999858,4.18717e-05,4.18717e-05,5.81083e-05],[0.00605691,0.00804027,4.18717e-05,0.985861],[0.969864,0.00804027,0.00604067,0.0160549],[0.921874,0.00404107,0.0580303,0.0160549],[0.14003,0.174007,0.663909,0.0220537],[0.371984,0.200002,0.339974,0.0880405],[0.33999,0.215999,0.321977,0.122034]]},{"db":2,"id":"GATA2_HUMAN.H11MO.1.A","len":11,"ltrim":1,"rtrim":1,"nsites":500,"evalue":"1.0e+000","url":"http://hocomoco.autosome.ru/motif/GATA2_HUMAN.H11MO.1.A","pwm":[[0.349988,0.116019,0.331975,0.202018],[0.164025,0.435955,0.347972,0.0520477],[0.751908,0.0100399,0.00604067,0.232012],[5.81083e-05,0.00204147,0.993843,0.00405731],[0.977863,0.0140391,0.00604067,0.00205771],[0.0160549,0.0400339,0.0480323,0.895879],[0.861886,0.0500319,0.0300359,0.0580465],[0.769904,0.0220375,0.186005,0.0220537],[0.148029,0.239994,0.567928,0.0440493],[0.417975,0.174007,0.369968,0.0380505],[0.417975,0.144013,0.273987,0.164025]]},{"db":2,"id":"GATA3_HUMAN.H11MO.0.A","len":11,"ltrim":2,"rtrim":1,"nsites":500,"evalue":"1.0e+000","url":"http://hocomoco.autosome.ru/motif/GATA3_HUMAN.H11MO.0.A","pwm":[[0.447969,0.0920235,0.253991,0.206017],[0.347989,0.303981,0.261989,0.0860409],[0.777903,0.00604067,0.00804027,0.208017],[0.0100561,0.00404107,0.985845,5.81083e-05],[0.987861,0.00404107,0.00604067,0.00205771],[0.146029,0.0100399,0.0400339,0.803897],[0.921874,0.0160387,0.0420335,0.0200541],[0.867885,0.00204147,0.0940231,0.0360509],[0.329992,0.223997,0.403961,0.0420497],[0.557947,0.120018,0.255991,0.0660449],[0.443969,0.0800259,0.223997,0.252008]]},{"db":2,"id":"GATA4_HUMAN.H11MO.0.A","len":10,"ltrim":2,"rtrim":0,"nsites":500,"evalue":"1.0e+000","url":"http://hocomoco.autosome.ru/motif/GATA4_HUMAN.H11MO.0.A","pwm":[[0.367985,0.128016,0.311979,0.19202],[0.188021,0.429956,0.283985,0.0980385],[0.663925,0.00804027,0.0160387,0.311996],[0.00405731,4.18717e-05,0.995843,5.81083e-05],[0.979862,0.00404107,0.00804027,0.00805651],[0.00805651,0.0220375,0.0400339,0.929872],[0.961866,0.00404107,0.00404107,0.0300521],[0.917875,0.00204147,0.0700279,0.0100561],[0.0940393,0.182005,0.697902,0.0260529],[0.569944,0.142013,0.255991,0.0320517]]},{"db":2,"id":"GATA5_HUMAN.H11MO.0.D","len":17,"ltrim":0,"rtrim":2,"nsites":13,"evalue":"1.0e+000","url":"http://hocomoco.autosome.ru/motif/GATA5_HUMAN.H11MO.0.D","pwm":[[0.310194,0.0785924,0.0871473,0.524066],[0.395743,0.292464,0.23258,0.0792123],[0.703719,0.138477,0.0785924,0.0792123],[0.301639,0.164141,0.318129,0.21609],[0.524066,0.00159847,0.164141,0.310194],[0.00221832,0.00159847,0.993965,0.00221832],[0.994585,0.00159847,0.00159847,0.00221832],[0.00221832,0.00159847,0.00159847,0.994585],[0.686609,0.00159847,0.00159847,0.310194],[0.686609,0.00159847,0.147031,0.164761],[0.0792123,0.455007,0.224025,0.241755],[0.156206,0.215471,0.155586,0.472737],[0.156206,0.292464,0.147031,0.404298],[0.438517,0.0785924,0.309574,0.173316],[0.387188,0.00159847,0.532001,0.0792123],[0.395743,0.309574,0.0785924,0.21609],[0.194703,0.117089,0.271077,0.41713]]},{"db":2,"id":"GATA6_HUMAN.H11MO.0.A","len":13,"ltrim":2,"rtrim":1,"nsites":500,"evalue":"1.0e+000","url":"http://hocomoco.autosome.ru/motif/GATA6_HUMAN.H11MO.0.A","pwm":[[0.337991,0.154011,0.331975,0.176023],[0.246009,0.40796,0.265989,0.0800421],[0.727913,4.18717e-05,0.00604067,0.266005],[5.81083e-05,4.18717e-05,0.999842,5.81083e-05],[0.993859,4.18717e-05,4.18717e-05,0.00605691],[0.0100561,0.00204147,4.18717e-05,0.987861],[0.917875,0.0100399,0.00804027,0.0640453],[0.949868,0.00404107,0.0280363,0.0180545],[0.0360509,0.10802,0.847872,0.00805651],[0.599938,0.102021,0.263989,0.0340513],[0.232012,0.144013,0.162009,0.461966],[0.521954,0.130016,0.144013,0.204017],[0.501958,0.130016,0.196003,0.172024]]},{"db":2,"id":"GCM1_HUMAN.H11MO.0.D","len":14,"ltrim":1,"rtrim":3,"nsites":12,"evalue":"1.0e+000","url":"http://hocomoco.autosome.ru/motif/GCM1_HUMAN.H11MO.0.D","pwm":[[0.314615,0.350675,0.0843752,0.250336],[0.43399,0.0843752,0.0660097,0.415625],[0.250336,0.341492,0.240482,0.167691],[0.819665,0.176203,0.00173058,0.00240165],[0.00240165,0.00173058,0.00173058,0.994137],[0.00240165,0.00173058,0.993466,0.00240165],[0.176874,0.653705,0.00173058,0.167691],[0.00240165,0.0935579,0.580243,0.323797],[0.00240165,0.00173058,0.993466,0.00240165],[0.00240165,0.00173058,0.993466,0.00240165],[0.0850463,0.332309,0.0660097,0.516635],[0.397259,0.258847,0.16702,0.176874],[0.0850463,0.323126,0.258847,0.33298],[0.0850463,0.185385,0.332309,0.397259]]},{"db":2,"id":"GFI1B_HUMAN.H11MO.0.A","len":10,"ltrim":0,"rtrim":0,"nsites":500,"evalue":"1.0e+000","url":"http://hocomoco.autosome.ru/motif/GFI1B_HUMAN.H11MO.0.A","pwm":[[0.156027,0.0520315,0.647912,0.144029],[0.0580465,0.747892,0.0780263,0.116035],[0.299998,0.184005,0.0180383,0.497959],[0.0160549,0.363969,0.517938,0.102038],[0.399978,0.0360347,0.0260367,0.537951],[0.00605691,0.00604067,0.983845,0.00405731],[0.833891,0.0560307,0.102021,0.00805651],[5.81083e-05,0.0100399,0.0160387,0.973863],[0.00405731,4.18717e-05,4.18717e-05,0.995859],[0.0360509,0.122017,0.198002,0.643929]]},{"db":2,"id":"GFI1_HUMAN.H11MO.0.C","len":10,"ltrim":0,"rtrim":0,"nsites":150,"evalue":"1.0e+000","url":"http://hocomoco.autosome.ru/motif/GFI1_HUMAN.H11MO.0.C","pwm":[[0.291468,0.0696077,0.587328,0.0515964],[0.077891,0.684239,0.139365,0.098505],[0.405108,0.100453,0.0757343,0.418704],[0.052174,0.285463,0.562897,0.0994654],[0.239243,0.0171064,0.0800528,0.663598],[0.000193604,0.000139507,0.999473,0.000193604],[0.999527,0.000139507,0.000139507,0.000193604],[0.000193604,0.000139507,0.000139507,0.999527],[0.000193604,0.000139507,0.000139507,0.999527],[0.103627,0.118123,0.190837,0.587413]]},{"db":2,"id":"GLI1_HUMAN.H11MO.0.D","len":12,"ltrim":1,"rtrim":0,"nsites":500,"evalue":"1.0e+000","url":"http://hocomoco.autosome.ru/motif/GLI1_HUMAN.H11MO.0.D","pwm":[[0.112036,0.391963,0.184005,0.311996],[0.0340513,0.471947,0.399962,0.0940393],[0.0700441,0.0760267,0.0120395,0.84189],[0.0200541,0.0280363,0.905861,0.0460489],[0.0100561,0.0120395,0.763889,0.214015],[0.0120557,0.0400339,0.947852,5.81083e-05],[0.0660449,0.0220375,0.0200379,0.89188],[0.0120557,0.00804027,0.973847,0.00605691],[0.0160549,0.00404107,0.937854,0.0420497],[0.0140553,0.237994,0.152011,0.595939],[0.0420497,0.879866,0.0420335,0.0360509],[0.116035,0.35997,0.0600299,0.463965]]},{"db":2,"id":"GLI3_HUMAN.H11MO.0.B","len":11,"ltrim":1,"rtrim":1,"nsites":15,"evalue":"1.0e+000","url":"http://hocomoco.autosome.ru/motif/GLI3_HUMAN.H11MO.0.B","pwm":[[0.102975,0.301113,0.294262,0.30165],[0.0019245,0.0698955,0.00138676,0.926793],[0.0019245,0.00138676,0.926255,0.0704333],[0.0019245,0.0698955,0.857747,0.0704333],[0.0019245,0.00138676,0.994764,0.0019245],[0.0019245,0.00138676,0.00138676,0.995302],[0.0019245,0.00138676,0.994764,0.0019245],[0.0019245,0.00138676,0.857747,0.138942],[0.0704333,0.00138676,0.0698955,0.858284],[0.0704333,0.65222,0.0698955,0.207451],[0.102975,0.369622,0.170946,0.356458]]},{"db":2,"id":"GLIS1_HUMAN.H11MO.0.D","len":13,"ltrim":1,"rtrim":1,"nsites":492,"evalue":"1.0e+000","url":"http://hocomoco.autosome.ru/motif/GLIS1_HUMAN.H11MO.0.D","pwm":[[0.185997,0.183948,0.118921,0.511134],[0.108269,0.630504,0.0940275,0.1672],[0.0600062,0.0417008,0.850479,0.0478136],[0.0442574,0.190553,0.0422088,0.722981],[0.0310487,0.026968,0.90687,0.0351129],[0.0310487,0.0310322,0.912967,0.0249524],[0.0127597,0.0127432,0.925159,0.0493377],[0.037145,0.0188395,0.910935,0.0330808],[0.0142838,0.0183315,0.949037,0.018348],[0.01784,0.0178235,0.944464,0.0198721],[0.0203801,0.0142673,0.0427168,0.922636],[0.302335,0.560396,0.0869151,0.0503537],[0.209874,0.108252,0.313495,0.368379]]},{"db":2,"id":"HME1_HUMAN.H11MO.0.D","len":17,"ltrim":1,"rtrim":1,"nsites":816,"evalue":"1.0e+000","url":"http://hocomoco.autosome.ru/motif/HME1_HUMAN.H11MO.0.D","pwm":[[0.304226,0.247851,0.328723,0.1192],[0.0980628,0.558781,0.101729,0.241428],[0.00156728,0.0285148,0.00278267,0.967135],[0.99011,0.00247634,0.0073777,3.56084e-05],[0.997462,0.001251,0.001251,3.56084e-05],[3.56084e-05,2.56586e-05,2.56586e-05,0.999913],[3.56084e-05,0.0135044,0.0184058,0.968054],[0.555115,2.56586e-05,0.444824,3.56084e-05],[0.123795,0.414191,0.392134,0.06988],[0.0943868,0.463204,0.144616,0.297793],[0.225498,0.422768,0.131137,0.220597],[0.512228,0.242643,0.0710954,0.174034],[0.484045,0.105405,0.0343352,0.376215],[0.315867,0.0536343,0.0119727,0.618526],[0.465971,0.0517963,0.0101347,0.472098],[0.544393,0.0174868,0.0566976,0.381423],[0.342824,0.0952958,0.132056,0.429824]]},{"db":2,"id":"HMGA1_HUMAN.H11MO.0.D","len":7,"ltrim":1,"rtrim":0,"nsites":94,"evalue":"1.0e+000","url":"http://hocomoco.autosome.ru/motif/HMGA1_HUMAN.H11MO.0.D","pwm":[[0.260615,0.180523,0.354251,0.204611],[0.316906,0.0836578,0.000222529,0.599214],[0.847234,0.0402257,0.000222529,0.112318],[0.00030882,0.000222529,0.000222529,0.999246],[0.0208819,0.0105091,0.000222529,0.968387],[0.239185,0.0619418,0.0939443,0.604929],[0.205182,0.112517,0.117089,0.565211]]},{"db":2,"id":"HSF1_HUMAN.H11MO.1.A","len":9,"ltrim":0,"rtrim":1,"nsites":107,"evalue":"1.0e+000","url":"http://hocomoco.autosome.ru/motif/HSF1_HUMAN.H11MO.1.A","pwm":[[0.0562937,0.0935662,0.0935662,0.756574],[0.0562937,0.0748921,0.102903,0.765911],[0.0749679,0.87788,0.0188697,0.0282825],[0.0189455,0.0188697,0.0282067,0.933978],[0.233698,0.0188697,0.747161,0.000271335],[0.0376196,0.000195518,0.961914,0.000271335],[0.859282,0.000195518,0.130914,0.0096084],[0.933978,0.000195518,0.0468809,0.0189455],[0.420439,0.11224,0.280308,0.187013]]},{"db":2,"id":"HSF2_HUMAN.H11MO.0.A","len":14,"ltrim":1,"rtrim":0,"nsites":1040,"evalue":"1.0e+000","url":"http://hocomoco.autosome.ru/motif/HSF2_HUMAN.H11MO.0.A","pwm":[[0.341388,0.261785,0.308825,0.0880026],[0.0672343,0.0841005,0.766426,0.0822389],[0.750253,0.0685783,0.11707,0.0640993],[0.69273,0.0605932,0.110655,0.136021],[0.120997,0.230398,0.280191,0.368414],[0.304403,0.189923,0.415798,0.089876],[0.0960657,0.0361997,0.0787507,0.788984],[0.0645673,0.0485327,0.0926598,0.79424],[0.0443148,0.795039,0.120609,0.0400381],[0.0677216,0.137605,0.161989,0.632685],[0.581981,0.177809,0.174567,0.0656424],[0.0168899,0.119132,0.810071,0.0539073],[0.725264,0.0617264,0.114397,0.0986123],[0.550755,0.16244,0.138529,0.148277]]},{"db":2,"id":"HXA13_HUMAN.H11MO.0.C","len":11,"ltrim":2,"rtrim":0,"nsites":17,"evalue":"1.0e+000","url":"http://hocomoco.autosome.ru/motif/HXA13_HUMAN.H11MO.0.C","pwm":[[0.188531,0.194913,0.503443,0.113113],[0.34451,0.0629306,0.37146,0.221098],[0.00169941,0.00122456,0.193199,0.803877],[0.289661,0.00122456,0.124637,0.584478],[0.0634054,0.00122456,0.00122456,0.934145],[0.262236,0.00122456,0.00122456,0.735315],[0.995851,0.00122456,0.00122456,0.00169941],[0.00169941,0.17263,0.00122456,0.824446],[0.111399,0.0629306,0.234336,0.591334],[0.00169941,0.0629306,0.762265,0.173105],[0.101115,0.189771,0.676562,0.0325524]]},{"db":2,"id":"HXA2_HUMAN.H11MO.0.D","len":11,"ltrim":1,"rtrim":2,"nsites":13640,"evalue":"1.0e+000","url":"http://hocomoco.autosome.ru/motif/HXA2_HUMAN.H11MO.0.D","pwm":[[0.253161,0.188517,0.316231,0.24209],[0.171897,0.158835,0.565132,0.104136],[0.0390846,0.108044,0.031806,0.821065],[0.766268,0.170253,0.0502192,0.0132598],