<!DOCTYPE HTML>
<html>
  <head>
    <meta charset="UTF-8">
    <title>SpaMo - Spaced Motif Analysis</title>
    <script type="text/javascript">
      //@JSON_VAR data
      var data = {"program":"SpaMo","version":"4.12.0","revision":"aacc9c3eb8c7b460b344d5c8aa1458097dae704d","release":"Tue Jun 27 16:22:50 2017 -0700","host":"Sudins-iMac.local","when":"Thu May 24 13:01:38 2018","cmd":["spamo","-verbosity","1","-oc","results/AHRpeaks_noAHREs.bed-399.fa/hocomoco/spamo_out_7","-bgfile","results/AHRpeaks_noAHREs.bed-399.fa/hocomoco/background","-primary","CMCRG","results/AHRpeaks_noAHREs.bed-399.fa/hocomoco/AHRpeaks_noAHREs.bed-399.fa","results/AHRpeaks_noAHREs.bed-399.fa/hocomoco/dreme_out/dreme.xml","results/AHRpeaks_noAHREs.bed-399.fa/hocomoco/meme_out/meme.xml","results/AHRpeaks_noAHREs.bed-399.fa/hocomoco/dreme_out/dreme.xml","/Users/filipov4/meme/db/motif_databases/HUMAN/HOCOMOCOv11_full_HUMAN_mono_meme_format.meme"],"options":{"seq_min_hit_score":7,"margin":150,"bin_size":1,"bin_pvalue_calc_range":150,"use_best_secondary":0,"seq_max_shared_fract":0.5,"seq_odds_ratio":20,"bin_pvalue_cutoff":0.05,"motif_evalue_cutoff":10,"redundant_overlap":2,"redundant_joint":0.5,"motif_pseudocount":0.1,"bgfile":"results/AHRpeaks_noAHREs.bed-399.fa/hocomoco/background","motif_trim":0.25,"xalph":0,"seed":1,"bin_max":10},"alphabet":{"name":"DNA","like":"dna","ncore":4,"symbols":[{"symbol":"A","name":"Adenine","colour":"CC0000","complement":"T"},{"symbol":"C","name":"Cytosine","colour":"0000CC","complement":"G"},{"symbol":"G","name":"Guanine","colour":"FFB300","complement":"C"},{"symbol":"T","aliases":"U","name":"Thymine","colour":"008000","complement":"A"},{"symbol":"N","aliases":"X.","name":"Any base","equals":"ACGT"},{"symbol":"V","name":"Not T","equals":"ACG"},{"symbol":"H","name":"Not G","equals":"ACT"},{"symbol":"D","name":"Not C","equals":"AGT"},{"symbol":"B","name":"Not A","equals":"CGT"},{"symbol":"M","name":"Amino","equals":"AC"},{"symbol":"R","name":"Purine","equals":"AG"},{"symbol":"W","name":"Weak","equals":"AT"},{"symbol":"S","name":"Strong","equals":"CG"},{"symbol":"Y","name":"Pyrimidine","equals":"CT"},{"symbol":"K","name":"Keto","equals":"GT"}]},"background":[0.2906,0.2094,0.2094,0.2906],"sequence_dbs":[{"source":"results/AHRpeaks_noAHREs.bed-399.fa/hocomoco/AHRpeaks_noAHREs.bed-399.fa","name":"AHRpeaks_noAHREs.bed-399","last_modified":"Thu May 24 11:14:35 2018","loaded":1181,"excluded_too_short":0,"excluded_no_match":519,"excluded_ambigs":0,"excluded_similar":4,"erased_primary_matches":1580}],"primary_dbs":[{"source":"results/AHRpeaks_noAHREs.bed-399.fa/hocomoco/dreme_out/dreme.xml","name":"dreme.xml","last_modified":"Thu May 24 13:00:37 2018","loaded":6,"excluded":5}],"secondary_dbs":[{"source":"results/AHRpeaks_noAHREs.bed-399.fa/hocomoco/meme_out/meme.xml","name":"meme.xml","last_modified":"Thu May 24 12:59:52 2018","loaded":7,"excluded":0},{"source":"results/AHRpeaks_noAHREs.bed-399.fa/hocomoco/dreme_out/dreme.xml","name":"dreme.xml","last_modified":"Thu May 24 13:00:37 2018","loaded":7,"excluded":1},{"source":"/Users/filipov4/meme/db/motif_databases/HUMAN/HOCOMOCOv11_full_HUMAN_mono_meme_format.meme","name":"HOCOMOCOv11_full_HUMAN_mono_meme_format","last_modified":"Wed Dec  6 21:59:30 2017","loaded":771,"excluded":0}],"secondary_motifs":[{"db":0,"id":"AAAAYTCTAGAAGATARCATYRGAAAAMCC","alt":"MEME-7","len":30,"ltrim":0,"rtrim":0,"nsites":6,"evalue":"3.3e-013","pwm":[[0.98837,0.00343279,0.00343279,0.00476393],[0.98837,0.00343279,0.00343279,0.00476393],[0.98837,0.00343279,0.00343279,0.00476393],[0.98837,0.00343279,0.00343279,0.00476393],[0.00476393,0.331301,0.00343279,0.660502],[0.00476393,0.167368,0.00343279,0.824436],[0.00476393,0.987039,0.00343279,0.00476393],[0.00476393,0.167368,0.00343279,0.824436],[0.824436,0.00343279,0.167368,0.00476393],[0.00476393,0.00343279,0.823105,0.168699],[0.98837,0.00343279,0.00343279,0.00476393],[0.98837,0.00343279,0.00343279,0.00476393],[0.00476393,0.00343279,0.987039,0.00476393],[0.98837,0.00343279,0.00343279,0.00476393],[0.00476393,0.00343279,0.00343279,0.98837],[0.98837,0.00343279,0.00343279,0.00476393],[0.660502,0.00343279,0.331301,0.00476393],[0.00476393,0.987039,0.00343279,0.00476393],[0.824436,0.167368,0.00343279,0.00476393],[0.00476393,0.00343279,0.00343279,0.98837],[0.168699,0.495236,0.00343279,0.332632],[0.496567,0.00343279,0.495236,0.00476393],[0.168699,0.00343279,0.823105,0.00476393],[0.98837,0.00343279,0.00343279,0.00476393],[0.824436,0.00343279,0.167368,0.00476393],[0.98837,0.00343279,0.00343279,0.00476393],[0.824436,0.00343279,0.00343279,0.168699],[0.660502,0.331301,0.00343279,0.00476393],[0.00476393,0.987039,0.00343279,0.00476393],[0.00476393,0.987039,0.00343279,0.00476393]]},{"db":0,"id":"CAWGACCAAGARYYCAAARGCA","alt":"MEME-5","len":22,"ltrim":0,"rtrim":0,"nsites":12,"evalue":"3.3e-013","pwm":[[0.00240165,0.993466,0.00173058,0.00240165],[0.746203,0.249664,0.00173058,0.00240165],[0.33298,0.00173058,0.00173058,0.663559],[0.0850459,0.0843749,0.828177,0.00240165],[0.911493,0.0843749,0.00173058,0.00240165],[0.00240165,0.745532,0.16702,0.0850459],[0.0850459,0.910822,0.00173058,0.00240165],[0.911493,0.0843749,0.00173058,0.00240165],[0.828848,0.0843749,0.0843749,0.00240165],[0.167691,0.00173058,0.745532,0.0850459],[0.828848,0.00173058,0.00173058,0.167691],[0.415625,0.0843749,0.497598,0.00240165],[0.00240165,0.497598,0.00173058,0.498269],[0.00240165,0.580243,0.0843749,0.33298],[0.00240165,0.993466,0.00173058,0.00240165],[0.828848,0.00173058,0.00173058,0.167691],[0.828848,0.00173058,0.16702,0.00240165],[0.911493,0.00173058,0.0843749,0.00240165],[0.580914,0.00173058,0.414954,0.00240165],[0.00240165,0.0843749,0.828177,0.0850459],[0.00240165,0.910822,0.0843749,0.00240165],[0.828848,0.00173058,0.00173058,0.167691]]},{"db":1,"id":"AGATAA","alt":"DREME-5","len":6,"ltrim":0,"rtrim":0,"nsites":103,"evalue":"2.1e-004","pwm":[[0.999312,0.000203104,0.000203104,0.000281862],[0.000281862,0.000203104,0.999233,0.000281862],[0.999312,0.000203104,0.000203104,0.000281862],[0.000281862,0.000203104,0.000203104,0.999312],[0.999312,0.000203104,0.000203104,0.000281862],[0.999312,0.000203104,0.000203104,0.000281862]]},{"db":2,"id":"BHE41_HUMAN.H11MO.0.D","len":20,"ltrim":1,"rtrim":1,"nsites":10,"evalue":"1.0e+000","url":"http://hocomoco.autosome.ru/motif/BHE41_HUMAN.H11MO.0.D","pwm":[[0.383096,0.0760755,0.16794,0.372888],[0.00287723,0.583884,0.410362,0.00287723],[0.298886,0.308289,0.298082,0.0947421],[0.400958,0.104145,0.492019,0.00287723],[0.104949,0.104145,0.410362,0.380544],[0.00287723,0.400154,0.492019,0.104949],[0.00287723,0.492019,0.00207327,0.50303],[0.00287723,0.992172,0.00207327,0.00287723],[0.707174,0.00207327,0.19601,0.0947421],[0.207021,0.594091,0.0939381,0.104949],[0.00287723,0.104145,0.798235,0.0947421],[0.00287723,0.00207327,0.00207327,0.992976],[0.00287723,0.00207327,0.992172,0.00287723],[0.309093,0.594091,0.0939381,0.00287723],[0.411165,0.19601,0.104145,0.288679],[0.00287723,0.0939381,0.706371,0.196814],[0.492823,0.19601,0.308289,0.00287723],[0.400958,0.0939381,0.400154,0.104949],[0.309093,0.104145,0.583884,0.00287723],[0.232539,0.3236,0.3236,0.12026]]},{"db":2,"id":"CDX2_HUMAN.H11MO.0.A","len":12,"ltrim":0,"rtrim":0,"nsites":151,"evalue":"1.0e+000","url":"http://hocomoco.autosome.ru/motif/CDX2_HUMAN.H11MO.0.A","pwm":[[0.152409,0.119265,0.211919,0.516407],[0.0597555,0.0729381,0.0597018,0.807605],[0.106082,0.000138584,0.0663199,0.827459],[0.0862281,0.24501,0.17221,0.496552],[0.986294,0.00675672,0.00675672,0.000192323],[0.00681046,0.0530837,0.0133749,0.926731],[0.0465193,0.000138584,0.311191,0.642151],[0.1855,0.00675672,0.807551,0.000192323],[0.0134286,0.761224,0.132501,0.0928462],[0.264918,0.211919,0.0861743,0.436989],[0.139173,0.198683,0.3509,0.311245],[0.0134286,0.231773,0.17221,0.582588]]},{"db":2,"id":"CREM_HUMAN.H11MO.0.C","len":11,"ltrim":0,"rtrim":0,"nsites":30,"evalue":"1.0e+000","url":"http://hocomoco.autosome.ru/motif/CREM_HUMAN.H11MO.0.C","pwm":[[0.0428341,0.569496,0.259056,0.128614],[0.462542,0.209018,0.327475,0.000965448],[0.258304,0.405085,0.262119,0.0744909],[0.000965448,0.000695682,0.000695682,0.997643],[0.0336434,0.000695682,0.964695,0.000965448],[0.96088,0.0374584,0.000695682,0.000965448],[0.0336434,0.89934,0.0660516,0.000965448],[0.217457,0.000695682,0.780882,0.000965448],[0.107169,0.0333736,0.000695682,0.858762],[0.0295587,0.703272,0.225357,0.0418129],[0.838338,0.102814,0.0333736,0.0254739]]},{"db":2,"id":"FOXC1_HUMAN.H11MO.0.C","len":15,"ltrim":2,"rtrim":0,"nsites":26,"evalue":"1.0e+000","url":"http://hocomoco.autosome.ru/motif/FOXC1_HUMAN.H11MO.0.C","pwm":[[0.135213,0.47973,0.173216,0.211841],[0.345941,0.0774307,0.34563,0.230998],[0.269313,0.154059,0.0774307,0.499198],[0.00111341,0.000802299,0.000802299,0.997282],[0.00111341,0.000802299,0.996971,0.00111341],[0.0394276,0.000802299,0.000802299,0.958968],[0.0394276,0.000802299,0.000802299,0.958968],[0.00111341,0.000802299,0.0391165,0.958968],[0.958968,0.000802299,0.000802299,0.0394276],[0.00111341,0.728772,0.000802299,0.269313],[0.230998,0.115745,0.000802299,0.652454],[0.00111341,0.192373,0.000802299,0.805711],[0.652454,0.000802299,0.000802299,0.345941],[0.460884,0.192373,0.269002,0.0777418],[0.0394276,0.269002,0.575515,0.116056]]},{"db":2,"id":"FOXJ3_HUMAN.H11MO.1.B","len":13,"ltrim":0,"rtrim":0,"nsites":613,"evalue":"1.0e+000","url":"http://hocomoco.autosome.ru/motif/FOXJ3_HUMAN.H11MO.1.B","pwm":[[0.126265,0.100128,0.122347,0.65126],[0.0348006,3.41543e-05,0.390458,0.574707],[0.0300392,3.41543e-05,0.51609,0.453837],[4.73984e-05,3.41543e-05,3.41543e-05,0.999884],[0.0547373,3.41543e-05,0.11534,0.829889],[0.396792,3.41543e-05,0.11535,0.487824],[0.356264,0.0774996,3.41543e-05,0.566202],[4.73984e-05,3.41543e-05,3.41543e-05,0.999884],[0.163665,3.41543e-05,0.836254,4.73984e-05],[4.73984e-05,3.41543e-05,3.41543e-05,0.999884],[4.73984e-05,3.41543e-05,3.41543e-05,0.999884],[4.73984e-05,3.41543e-05,0.0127091,0.987209],[0.645558,0.104693,0.11695,0.132798]]},{"db":2,"id":"GATA3_HUMAN.H11MO.0.A","len":11,"ltrim":2,"rtrim":1,"nsites":500,"evalue":"1.0e+000","url":"http://hocomoco.autosome.ru/motif/GATA3_HUMAN.H11MO.0.A","pwm":[[0.447969,0.0920235,0.253991,0.206017],[0.347989,0.303981,0.261989,0.0860409],[0.777903,0.00604067,0.00804027,0.208017],[0.0100561,0.00404107,0.985845,5.81083e-05],[0.987861,0.00404107,0.00604067,0.00205771],[0.146029,0.0100399,0.0400339,0.803897],[0.921874,0.0160387,0.0420335,0.0200541],[0.867885,0.00204147,0.0940231,0.0360509],[0.329992,0.223997,0.403961,0.0420497],[0.557947,0.120018,0.255991,0.0660449],[0.443969,0.0800259,0.223997,0.252008]]},{"db":2,"id":"HES5_HUMAN.H11MO.0.D","len":12,"ltrim":1,"rtrim":0,"nsites":7261,"evalue":"1.0e+000","url":"http://hocomoco.autosome.ru/motif/HES5_HUMAN.H11MO.0.D","pwm":[[0.198483,0.220797,0.154885,0.425835],[0.0373112,0.0339711,0.895091,0.0336271],[0.0243302,0.00203906,0.973044,0.000586404],[0.000564834,0.995804,0.0034973,0.000133425],[0.999127,2.88386e-06,0.000606856,0.000262848],[4.00215e-06,0.999126,0.00077942,9.02839e-05],[9.02839e-05,2.88386e-06,0.999903,4.00215e-06],[4.00215e-06,8.91657e-05,0.0046621,0.995245],[0.000154995,6.75952e-05,0.999622,0.000154995],[0.00783408,0.557366,0.0410369,0.393763],[0.0542294,0.820333,0.0658112,0.0596261],[0.313064,0.0888314,0.491257,0.106848]]},{"db":2,"id":"HES7_HUMAN.H11MO.0.D","len":12,"ltrim":0,"rtrim":0,"nsites":320,"evalue":"1.0e+000","url":"http://hocomoco.autosome.ru/motif/HES7_HUMAN.H11MO.0.D","pwm":[[0.157073,0.147676,0.0695749,0.625677],[0.00555783,0.00240843,0.980228,0.0118059],[0.101622,0.0109995,0.885726,0.0016528],[0.00087179,0.991162,0.00397045,0.00399581],[0.994311,0.00397045,0.000846423,0.00087179],[0.00321481,0.996629,6.54171e-05,9.07841e-05],[9.07841e-05,0.00318944,0.996629,9.07841e-05],[9.07841e-05,6.54171e-05,6.54171e-05,0.999778],[0.00321481,0.00631346,0.990381,9.07841e-05],[0.00399581,0.969294,0.00397045,0.02274],[0.00477682,0.988819,0.00162743,0.00477682],[0.210962,0.0984722,0.576448,0.114118]]},{"db":2,"id":"HXB2_HUMAN.H11MO.0.D","len":15,"ltrim":1,"rtrim":1,"nsites":420,"evalue":"1.0e+000","url":"http://hocomoco.autosome.ru/motif/HXB2_HUMAN.H11MO.0.D","pwm":[[0.230967,0.180959,0.169057,0.419017],[0.538036,0.176198,0.233328,0.0524377],[0.0673151,0.0125469,0.89329,0.0268485],[0.926634,0.019688,0.0149273,0.0387504],[0.906996,0.0167125,0.00957139,0.06672],[0.145273,0.402335,0.1881,0.264292],[0.345225,0.240469,0.321402,0.0929042],[0.054818,0.0143322,0.0143322,0.916518],[0.0214926,0.00481062,0.0333752,0.940321],[6.9174e-05,0.999812,4.98453e-05,6.9174e-05],[6.9174e-05,0.12621,0.12145,0.752271],[0.83856,0.0601546,0.09348,0.00780543],[0.00780543,0.000644942,0.990885,0.00066427],[0.945677,0.0244488,0.0077861,0.0220877],[0.479717,0.165487,0.163106,0.19169]]},{"db":2,"id":"HXC11_HUMAN.H11MO.0.D","len":11,"ltrim":1,"rtrim":1,"nsites":320,"evalue":"1.0e+000","url":"http://hocomoco.autosome.ru/motif/HXC11_HUMAN.H11MO.0.D","pwm":[[0.313742,0.10932,0.253005,0.323933],[0.111536,0.0717408,0.140313,0.67641],[0.0299453,0.0638175,0.045098,0.861139],[0.0558925,0.0151034,0.0176511,0.911353],[0.363644,0.0201988,0.00325008,0.612907],[0.971862,0.0102564,6.54171e-05,0.0178165],[0.00518625,0.634505,0.024549,0.335759],[0.0309979,0.041055,0.765894,0.162053],[0.741328,0.0293101,0.145964,0.0833981],[0.0711834,0.554161,0.146271,0.228384],[0.173992,0.389096,0.156241,0.280671]]},{"db":2,"id":"HXD10_HUMAN.H11MO.0.D","len":10,"ltrim":0,"rtrim":0,"nsites":7,"evalue":"1.0e+000","url":"http://hocomoco.autosome.ru/motif/HXD10_HUMAN.H11MO.0.D","pwm":[[0.155544,0.0332395,0.0332395,0.777977],[0.246415,0.0029493,0.746543,0.00409296],[0.125254,0.504221,0.12411,0.246415],[0.125254,0.0029493,0.0029493,0.868848],[0.125254,0.2619,0.0029493,0.609897],[0.00409296,0.0029493,0.0029493,0.990008],[0.626526,0.0029493,0.12411,0.246415],[0.609897,0.0029493,0.2619,0.125254],[0.00409296,0.0029493,0.0029493,0.990008],[0.0343832,0.0332395,0.275561,0.656816]]},{"db":2,"id":"HXD11_HUMAN.H11MO.0.D","len":11,"ltrim":1,"rtrim":3,"nsites":124,"evalue":"1.0e+000","url":"http://hocomoco.autosome.ru/motif/HXD11_HUMAN.H11MO.0.D","pwm":[[0.328598,0.135141,0.191547,0.344714],[0.26212,0.11701,0.100894,0.519976],[0.0324662,0.0243428,0.104923,0.838268],[0.000234166,0.0162848,0.0968649,0.886616],[0.241975,0.000168735,0.000168735,0.757688],[0.83021,0.000168735,0.145213,0.0244082],[0.00829218,0.282199,0.000168735,0.70934],[0.0264227,0.0263573,0.469548,0.477672],[0.455512,0.100894,0.27817,0.165424],[0.23996,0.368823,0.167373,0.223844],[0.260105,0.227808,0.171402,0.340685]]},{"db":2,"id":"JUND_HUMAN.H11MO.0.A","len":11,"ltrim":1,"rtrim":1,"nsites":450,"evalue":"1.0e+000","url":"http://hocomoco.autosome.ru/motif/JUND_HUMAN.H11MO.0.A","pwm":[[0.235568,0.151124,0.42884,0.184468],[0.397754,0.164454,0.393292,0.0444991],[0.0267253,0.00226825,0.0178204,0.953186],[0.00672975,0.00893344,0.953168,0.0311688],[0.946521,0.00671171,0.0222638,0.0245036],[0.062273,4.6523e-05,0.937616,6.45634e-05],[0.0133949,0.0133769,0.0133769,0.959851],[0.0245036,0.933172,0.0422594,6.45634e-05],[0.988734,0.00448998,0.00671171,6.45634e-05],[0.0378339,0.384406,0.146681,0.43108],[0.151142,0.413288,0.168898,0.266672]]},{"db":2,"id":"JUN_HUMAN.H11MO.0.A","len":11,"ltrim":1,"rtrim":1,"nsites":500,"evalue":"1.0e+000","url":"http://hocomoco.autosome.ru/motif/JUN_HUMAN.H11MO.0.A","pwm":[[0.232012,0.144013,0.403961,0.220014],[0.497959,0.162009,0.30798,0.0320517],[0.0160549,0.00404107,0.0180383,0.961866],[0.0240533,0.0140391,0.921858,0.0400501],[0.977863,0.00404107,0.00604067,0.0120557],[5.81083e-05,4.18717e-05,0.947852,0.0520477],[0.00605691,0.0240371,0.00804027,0.961866],[0.0240533,0.955851,0.0160387,0.00405731],[0.975863,0.00404107,0.00804027,0.0120557],[0.0180545,0.35797,0.118018,0.505957],[0.256007,0.377966,0.122017,0.244009]]},{"db":2,"id":"LHX3_HUMAN.H11MO.0.C","len":13,"ltrim":0,"rtrim":1,"nsites":72,"evalue":"1.0e+000","url":"http://hocomoco.autosome.ru/motif/LHX3_HUMAN.H11MO.0.C","pwm":[[0.544351,0.0724309,0.18191,0.201309],[0.520795,0.0412471,0.213353,0.224605],[0.794145,0.0951199,0.102141,0.00859438],[0.586977,0.0213538,0.156577,0.235092],[0.0109348,0.00731157,0.0213538,0.9604],[0.000403051,0.00029043,0.0108221,0.988484],[0.999016,0.00029043,0.00029043,0.000403051],[0.988484,0.00029043,0.0108221,0.000403051],[0.000403051,0.00029043,0.00029043,0.999016],[0.0220736,0.0108221,0.0178433,0.949261],[0.942847,0.00029043,0.0213538,0.0355087],[0.4687,0.0945128,0.329853,0.106934],[0.167221,0.257865,0.158917,0.415997]]},{"db":2,"id":"MAFG_HUMAN.H11MO.0.A","len":18,"ltrim":1,"rtrim":0,"nsites":430,"evalue":"1.0e+000","url":"http://hocomoco.autosome.ru/motif/MAFG_HUMAN.H11MO.0.A","pwm":[[0.395324,0.127926,0.309279,0.16747],[0.492976,0.0488745,0.188377,0.269772],[0.597603,0.0116739,0.0860752,0.304648],[0.495301,0.0395744,0.0372493,0.427875],[0.255822,0.262778,0.209302,0.272097],[0.0581936,0.0721249,0.00934885,0.860333],[6.75656e-05,4.86864e-05,0.999816,6.75656e-05],[0.0302931,0.962616,0.00237373,0.00471765],[0.00471765,0.00934885,4.86864e-05,0.985885],[6.75656e-05,4.86864e-05,0.992841,0.00704269],[0.99751,4.86864e-05,0.00237373,6.75656e-05],[0.0209929,0.553408,0.413906,0.0116928],[0.0488934,0.0302742,0.0139989,0.906833],[0.083769,0.813813,0.0511996,0.0512185],[0.813832,4.86864e-05,0.109326,0.0767939],[0.0302931,4.86864e-05,0.837063,0.132595],[0.0163429,0.899839,0.0721249,0.0116928],[0.709205,0.0442245,0.100025,0.146545]]},{"db":2,"id":"PROP1_HUMAN.H11MO.0.D","len":11,"ltrim":0,"rtrim":0,"nsites":500,"evalue":"1.0e+000","url":"http://hocomoco.autosome.ru/motif/PROP1_HUMAN.H11MO.0.D","pwm":[[0.176023,0.0440331,0.0260367,0.753907],[0.909876,0.00604067,0.0460327,0.0380505],[0.999858,4.18717e-05,4.18717e-05,5.81083e-05],[0.0300521,0.0680283,0.0460327,0.855887],[0.0760429,0.11002,0.172007,0.64193],[0.477963,4.18717e-05,0.521937,5.81083e-05],[0.48996,0.136015,0.297982,0.0760429],[0.751908,0.0180383,0.148012,0.0820417],[0.0120557,0.00404107,0.00604067,0.977863],[0.0420497,0.0940231,0.00404107,0.859886],[0.723913,0.0540311,0.0420335,0.180022]]},{"db":2,"id":"SOX5_HUMAN.H11MO.0.C","len":8,"ltrim":1,"rtrim":1,"nsites":69,"evalue":"1.0e+000","url":"http://hocomoco.autosome.ru/motif/SOX5_HUMAN.H11MO.0.C","pwm":[[0.131439,0.311884,0.160181,0.396496],[0.873501,0.000303039,0.0580202,0.0681755],[0.00042055,0.0341805,0.0654305,0.899968],[0.011713,0.0115955,0.000303039,0.976388],[0.0442178,0.0341805,0.898596,0.0230055],[0.011713,0.0528833,0.000303039,0.935101],[0.0555103,0.0428455,0.0216333,0.880011],[0.377657,0.156162,0.130949,0.335232]]},{"db":2,"id":"SPIC_HUMAN.H11MO.0.D","len":13,"ltrim":3,"rtrim":0,"nsites":263,"evalue":"1.0e+000","url":"http://hocomoco.autosome.ru/motif/SPIC_HUMAN.H11MO.0.D","pwm":[[0.195191,0.155051,0.391549,0.25821],[0.351995,0.177166,0.336454,0.134385],[0.263633,0.0522434,0.395114,0.289009],[0.26354,0.0306261,0.479869,0.225965],[0.500816,7.95896e-05,0.272599,0.226506],[0.617055,0.0123455,7.95896e-05,0.37052],[0.000110452,7.95896e-05,0.9997,0.000110452],[0.000110452,0.0832376,0.668081,0.248571],[0.167035,0.0745197,0.708427,0.0500188],[0.19835,0.0900211,0.417551,0.294078],[0.388193,0.0641799,0.32984,0.217788],[0.376704,0.0794531,0.423709,0.120134],[0.201205,0.10869,0.53526,0.154845]]},{"db":2,"id":"TBX5_HUMAN.H11MO.0.D","len":8,"ltrim":0,"rtrim":0,"nsites":37,"evalue":"1.0e+000","url":"http://hocomoco.autosome.ru/motif/TBX5_HUMAN.H11MO.0.D","pwm":[[0.870287,0.000564421,0.0621828,0.066966],[0.249539,0.0416433,0.708034,0.000783288],[0.000783288,0.000564421,0.997869,0.000783288],[0.000783288,0.0211039,0.000564421,0.977548],[0.000783288,0.000564421,0.997869,0.000783288],[0.158252,0.0211039,0.178573,0.642071],[0.0213227,0.240191,0.655545,0.0829411],[0.749903,0.0490604,0.0901393,0.110898]]},{"db":2,"id":"ZN335_HUMAN.H11MO.0.A","len":22,"ltrim":0,"rtrim":0,"nsites":103,"evalue":"1.0e+000","url":"http://hocomoco.autosome.ru/motif/ZN335_HUMAN.H11MO.0.A","pwm":[[0.291261,0.0196017,0.582162,0.106974],[0.0584778,0.0777977,0.75675,0.106974],[0.0778764,0.62096,0.165092,0.136072],[0.0196805,0.213588,0.0196017,0.74713],[0.00998118,0.0390004,0.844044,0.106974],[0.0487785,0.339679,0.0971963,0.514346],[0.00998118,0.911939,0.0293011,0.0487785],[0.00998118,0.582162,0.0196017,0.388255],[0.194268,0.18449,0.291183,0.330059],[0.145772,0.349379,0.223287,0.281562],[0.271863,0.213588,0.349379,0.16517],[0.106974,0.271784,0.494868,0.126373],[0.233066,0.543365,0.058399,0.16517],[0.184569,0.0777977,0.47547,0.262164],[0.271863,0.446372,0.155392,0.126373],[0.0293798,0.135994,0.000203104,0.834423],[0.0196805,0.0390004,0.814946,0.126373],[0.0196805,0.873142,0.00990242,0.0972751],[0.0390791,0.921639,0.000203104,0.0390791],[0.0390791,0.0486997,0.0486997,0.863521],[0.0972751,0.106896,0.698554,0.0972751],[0.475549,0.155392,0.0390004,0.330059]]}],"sequence_names":["chr10:123019800-123020249","chr10:123271400-123271999","chr10:125503200-125503799","chr10:20911600-20912149","chr10:22972250-22972749","chr10:24122850-24123399","chr10:30984600-30985349","chr10:35736500-35737299","chr10:80218700-80219149","chr10:82875900-82876649","chr10:8767900-8768349","chr11:76499350-76500099","chr12:105071250-105071799","chr12:116307950-116308349","chr12:116864900-116865899","chr12:124672850-124673349","chr12:31902000-31902599","chr12:46887500-46887949","chr12:54229900-54230349","chr12:54655950-54656599","chr12:68319100-68319999","chr12:83302900-83303399","chr13:20748800-20749249","chr13:33919800-33920399","chr13:34271050-34271599","chr13:34698900-34699299","chr14:100525650-100526299","chr14:103192600-103193099","chr14:22764600-22765149","chr14:24134350-24135049","chr14:32603800-32604349","chr14:40682950-40683349","chr14:59721000-59721649","chr14:61329000-61329399","chr14:65340500-65340949","chr14:95103050-95103449","chr15:29474800-29475599","chr15:39960600-39961099","chr15:68983950-68984599","chr15:70616400-70616849","chr15:70754850-70756099","chr15:70983100-70983549","chr15:71544300-71545349","chr15:89664550-89664999","chr15:93425100-93425599","chr16:11085350-11086149","chr16:30115800-30116249","chr16:70170450-70170849","chr16:78330900-78331399","chr16:83847800-83848199","chr16:85387250-85387949","chr17:1018100-1018799","chr17:39952100-39952649","chr17:57914550-57915249","chr17:70712300-70712699","chr17:73638450-73638849","chr17:78690100-78690649","chr17:78725650-78726099","chr18:18764100-18764799","chr19:11007450-11007849","chr19:35809900-35810349","chr19:51347200-51347699","chr1:109817350-109817849","chr1:151521000-151521949","chr1:168735350-168736449","chr1:179368400-179369049","chr1:18861950-18862349","chr1:202056000-202056399","chr1:242402650-242403199","chr1:243949850-243950299","chr1:52035250-52035849","chr1:81632350-81633449","chr1:90355750-90356149","chr20:19110550-19111349","chr20:19916400-19916799","chr20:30181250-30181699","chr20:33249600-33250049","chr20:42052850-42053599","chr20:45768300-45769049","chr20:49306150-49306999","chr20:49380650-49381349","chr21:33867550-33868399","chr21:36604600-36605499","chr21:37560200-37560799","chr21:38128800-38129299","chr21:40159350-40159849","chr21:43537200-43538049","chr22:19922700-19923149","chr22:27290650-27291249","chr22:38574000-38574599","chr22:41128450-41129199","chr2:10367150-10367649","chr2:10630600-10631199","chr2:111504650-111505599","chr2:140465800-140466499","chr2:149925750-149926349","chr2:157038250-157039149","chr2:1635550-1636249","chr2:164000700-164001249","chr2:175478950-175479349","chr2:220263600-220264149","chr2:223843200-223843749","chr2:238467500-238468049","chr2:27432600-27433349","chr2:44513950-44514399","chr2:55180100-55180749","chr2:64248600-64249399","chr2:71352550-71353049","chr2:7932350-7932749","chr2:9165800-9166249","chr3:10018350-10018999","chr3:113255350-113256249","chr3:12413250-12413799","chr3:127239750-127240199","chr3:15675500-15676049","chr3:180576700-180577349","chr3:181556700-181557249","chr3:187753950-187754449","chr3:189176000-189176799","chr3:195266050-195266899","chr3:25732500-25733099","chr3:4759000-4759549","chr3:56425500-56426299","chr3:8843250-8843749","chr3:9140250-9140849","chr3:94680250-94680899","chr3:96850200-96850899","chr3:99703400-99704099","chr4:119910350-119910799","chr4:131057400-131058299","chr4:153199500-153200099","chr4:41320950-41322199","chr4:6690750-6691149","chr5:103869150-103869749","chr5:123149550-123150249","chr5:123430450-123431149","chr5:124393900-124394549","chr5:131725100-131726049","chr5:140325200-140326099","chr5:148508550-148509249","chr5:39712550-39713649","chr5:53039550-53040149","chr5:55229750-55230299","chr5:67752500-67752999","chr5:68625550-68626249","chr5:87433200-87433599","chr6:125905500-125906349","chr6:143163750-143164299","chr6:14713100-14713499","chr6:15817050-15817949","chr6:21103450-21104349","chr6:33958050-33958999","chr6:44628800-44629749","chr6:51086250-51086799","chr6:55760700-55761299","chr6:67795650-67796749","chr6:83279500-83280299","chr7:110317300-110317999","chr7:112410050-112410599","chr7:139431800-139432349","chr7:140675700-140676399","chr7:156925300-156926049","chr7:56263700-56264349","chr7:77616650-77617199","chr7:80241000-80241499","chr8:124575950-124576599","chr8:129188750-129189549","chr8:27772800-27773499","chr8:37160000-37160749","chr8:38440850-38441399","chr8:40071950-40072449","chr8:50707850-50708449","chr8:54644900-54645349","chr8:95540950-95541499","chr9:114723650-114724399","chr9:117670350-117670849","chr9:126089750-126090599","chr9:129564650-129565349","chr9:15350350-15350799","chr9:25519200-25519699","chr9:74437450-74437849","chr9:90885500-90886299"],"primaries":[{"motif":{"db":0,"id":"CMCRG","alt":"DREME-2","len":5,"ltrim":0,"rtrim":0,"nsites":968,"evalue":"4.8e-009","pwm":[[3.00176e-05,0.999918,2.163e-05,3.00176e-05],[0.572285,0.427663,2.163e-05,3.00176e-05],[3.00176e-05,0.999918,2.163e-05,3.00176e-05],[0.86461,2.163e-05,0.135339,3.00176e-05],[3.00176e-05,2.163e-05,0.999918,3.00176e-05]]},"secondaries":[[{"idx":1,"counts":[[0,0,0,0,0,0,0,0,0,0,0,0,0,0,0,0,0,0,0,0,0,0,0,0,0,0,0,0,0,0,0,0,0,0,0,0,0,0,0,1,0,0,0,0,0,1,0,0,0,0,0,1,0,0,0,0,0,1,0,0,0,0,0,0,0,0,0,0,0,0,0,0,0,0,0,0,0,0,0,1,0,0,0,0,0,0,0,0,0,0,1,0,0,0,0,1,0,0,0,0,0,0,0,0,0,0,0,0,0,0,0,0,0,0,0,0,0,0,0,0,0,0,0,0,0,0,0,0,0,0],[0,0,0,0,1,0,0,0,0,0,0,0,0,0,0,0,0,0,0,0,0,0,0,0,0,0,0,0,0,0,0,0,0,0,0,0,0,0,0,0,0,0,0,0,0,0,0,0,0,0,0,0,0,0,0,0,0,0,0,0,0,0,0,0,0,0,0,0,0,0,0,0,0,0,0,0,0,0,0,0,0,0,0,0,0,0,0,0,0,0,0,0,0,0,0,0,0,0,0,0,0,0,0,0,0,0,0,0,0,0,0,0,0,0,0,0,0,0,0,0,0,0,0,0,0,0,0,0,0,0],[0,0,0,0,0,0,0,0,0,0,0,0,0,0,0,0,0,0,0,0,0,0,0,0,0,0,0,0,1,0,0,0,0,0,0,0,0,0,0,0,0,0,0,0,0,0,0,0,0,0,0,0,0,0,0,0,0,0,0,0,0,0,0,0,0,0,0,0,0,0,0,0,0,0,0,0,0,0,0,0,0,0,0,0,0,0,0,0,0,0,0,0,0,0,0,0,0,0,0,0,0,0,0,0,0,0,0,0,0,0,0,0,0,0,0,0,0,0,0,0,0,0,0,0,0,0,0,0,0,0],[0,0,0,0,0,0,0,0,0,0,0,0,1,0,0,0,0,0,0,0,0,1,0,0,0,0,5,0,0,0,0,0,0,0,0,0,1,0,0,0,0,0,0,0,0,0,0,0,0,0,0,0,0,0,0,0,0,0,0,0,0,0,0,0,0,0,0,0,0,0,0,0,0,0,0,0,0,0,0,0,0,0,0,0,0,0,0,0,0,0,0,0,0,0,0,0,0,0,0,1,0,0,0,0,0,0,0,0,0,0,0,0,0,0,0,0,0,0,0,0,0,0,0,0,0,0,0,0,0,0]],"spacings":[{"orient":3,"bin":26,"pvalue":2.29355e-10,"inferred_pwm":[[0,1,0,0],[1,0,0,0],[0,0,0,1],[0,0,1,0],[1,0,0,0],[0,0.8,0.2,0],[0,1,0,0],[1,0,0,0],[1,0,0,0],[0,0,1,0],[1,0,0,0],[0.8,0,0.2,0],[0,1,0,0],[0,0.8,0,0.2],[0,1,0,0],[1,0,0,0],[1,0,0,0],[1,0,0,0],[1,0,0,0],[0,0.2,0.8,0],[0,1,0,0],[1,0,0,0]],"alignment_pwm":[null,null,null,[[0,0.8,0,0.2],[0,0.2,0,0.8],[0,0,0.6,0.4],[0,0.2,0.2,0.6],[0,0.2,0,0.8],[0,0,0,1],[0.6,0,0,0.4],[0.2,0.6,0,0.2],[0,0.2,0,0.8],[0,0.6,0.2,0.2],[0,0.25,0,0.75],[0,0,0.75,0.25],[0,0.75,0.25,0],[0,0.25,0,0.75],[0,0,0.75,0.25],[0.6,0.2,0.2,0],[0.4,0.6,0,0],[0.2,0.2,0,0.6],[0.2,0,0.6,0.2],[0.2,0,0.2,0.6],[0,0,0.2,0.8],[0,0.8,0,0.2],[0,0.8,0,0.2],[0,0.2,0.2,0.6],[0,0.2,0,0.8],[0,0,0,1],[0,0,0,1],[0.2,0,0.6,0.2],[0,0.333333,0.666667,0],[0,0.5,0,0.5],[0.5,0,0,0.5],[0,0,0,1],[0.5,0,0.5,0],[0.25,0.75,0,0],[0.6,0.2,0,0.2],[0.8,0,0,0.2],[1,0,0,0],[0.8,0.2,0,0],[0.4,0,0.6,0],[0,0.6,0.2,0.2],[0,0.2,0,0.8],[0,0.8,0,0.2],[0.2,0.2,0,0.6],[0.2,0,0.2,0.6],[0,0,0,1],[0.8,0,0,0.2],[0.2,0,0.8,0],[0,0,0.2,0.8],[0,0,0,1],[0.2,0,0,0.8],[0.8,0,0,0.2],[1,0,0,0],[0.2,0,0,0.8],[0,0,0,1],[0.8,0,0,0.2],[0.6,0,0.4,0],[0,0,1,0],[0,0,0,1],[0,1,0,0],[0,1,0,0],[0,1,0,0],[1,0,0,0],[0,0,1,0],[0.2,0.8,0,0],[0,0,0,1],[1,0,0,0],[0,0,0,1],[0.2,0,0,0.8],[0,0,0,1],[1,0,0,0],[0,0,0,1],[0,1,0,0],[0,0,0,1],[0,0,0,1],[0,0,0,1],[0,0,1,0],[0,0,0,1],[0,0,0,1],[0,0,0,1],[0,0,0,1],[0,0,0,1],[1,0,0,0],[0,0,0,1],[0,0,0,1],[0,0,1,0],[0,1,0,0],[0.8,0,0,0.2],[0,0,0,1],[0,0,0,1],[0,0,0,1],[0,0,1,0],[0,0.8,0.2,0],[0,0,0,1],[0,0,0,1],[0,0,0,1],[0,0,0,1],[0,0,1,0],[0.2,0,0.8,0],[0,0,1,0],[0,0.2,0,0.8],[0,0,0,1],[0,1,0,0],[0,0,0,1],[0,0,0,1],[0,0,1,0],[0,0.2,0.8,0],[0,0,0,1],[0,1,0,0],[1,0,0,0],[0,0,0,1],[0,0,1,0],[1,0,0,0],[0.8,0,0.2,0],[1,0,0,0],[0,0.2,0,0.8],[0,1,0,0],[0,1,0,0],[0,0,0,1],[0,0,0,1],[0,0,1,0],[0,1,0,0]]],"seqs":[56,65,135,141,163]},{"orient":5,"bin":26,"pvalue":7.18664e-09,"inferred_pwm":[[0,1,0,0],[1,0,0,0],[0,0,0,1],[0,0,1,0],[1,0,0,0],[0,0.8,0.2,0],[0,1,0,0],[1,0,0,0],[1,0,0,0],[0,0,1,0],[1,0,0,0],[0.8,0,0.2,0],[0,1,0,0],[0,0.8,0,0.2],[0,1,0,0],[1,0,0,0],[1,0,0,0],[1,0,0,0],[1,0,0,0],[0,0.2,0.8,0],[0,1,0,0],[1,0,0,0]],"alignment_pwm":[null,null,null,[[0,0.8,0,0.2],[0,0.2,0,0.8],[0,0,0.6,0.4],[0,0.2,0.2,0.6],[0,0.2,0,0.8],[0,0,0,1],[0.6,0,0,0.4],[0.2,0.6,0,0.2],[0,0.2,0,0.8],[0,0.6,0.2,0.2],[0,0.25,0,0.75],[0,0,0.75,0.25],[0,0.75,0.25,0],[0,0.25,0,0.75],[0,0,0.75,0.25],[0.6,0.2,0.2,0],[0.4,0.6,0,0],[0.2,0.2,0,0.6],[0.2,0,0.6,0.2],[0.2,0,0.2,0.6],[0,0,0.2,0.8],[0,0.8,0,0.2],[0,0.8,0,0.2],[0,0.2,0.2,0.6],[0,0.2,0,0.8],[0,0,0,1],[0,0,0,1],[0.2,0,0.6,0.2],[0,0.333333,0.666667,0],[0,0.5,0,0.5],[0.5,0,0,0.5],[0,0,0,1],[0.5,0,0.5,0],[0.25,0.75,0,0],[0.6,0.2,0,0.2],[0.8,0,0,0.2],[1,0,0,0],[0.8,0.2,0,0],[0.4,0,0.6,0],[0,0.6,0.2,0.2],[0,0.2,0,0.8],[0,0.8,0,0.2],[0.2,0.2,0,0.6],[0.2,0,0.2,0.6],[0,0,0,1],[0.8,0,0,0.2],[0.2,0,0.8,0],[0,0,0.2,0.8],[0,0,0,1],[0.2,0,0,0.8],[0.8,0,0,0.2],[1,0,0,0],[0.2,0,0,0.8],[0,0,0,1],[0.8,0,0,0.2],[0.6,0,0.4,0],[0,0,1,0],[0,0,0,1],[0,1,0,0],[0,1,0,0],[0,1,0,0],[1,0,0,0],[0,0,1,0],[0.2,0.8,0,0],[0,0,0,1],[1,0,0,0],[0,0,0,1],[0.2,0,0,0.8],[0,0,0,1],[1,0,0,0],[0,0,0,1],[0,1,0,0],[0,0,0,1],[0,0,0,1],[0,0,0,1],[0,0,1,0],[0,0,0,1],[0,0,0,1],[0,0,0,1],[0,0,0,1],[0,0,0,1],[1,0,0,0],[0,0,0,1],[0,0,0,1],[0,0,1,0],[0,1,0,0],[0.8,0,0,0.2],[0,0,0,1],[0,0,0,1],[0,0,0,1],[0,0,1,0],[0,0.8,0.2,0],[0,0,0,1],[0,0,0,1],[0,0,0,1],[0,0,0,1],[0,0,1,0],[0.2,0,0.8,0],[0,0,1,0],[0,0.2,0,0.8],[0,0,0,1],[0,1,0,0],[0,0,0,1],[0,0,0,1],[0,0,1,0],[0,0.2,0.8,0],[0,0,0,1],[0,1,0,0],[1,0,0,0],[0,0,0,1],[0,0,1,0],[1,0,0,0],[0.8,0,0.2,0],[1,0,0,0],[0,0.2,0,0.8],[0,1,0,0],[0,1,0,0],[0,0,0,1],[0,0,0,1],[0,0,1,0],[0,1,0,0]]],"seqs":[56,65,135,141,163]},{"orient":7,"bin":26,"pvalue":7.18664e-09,"inferred_pwm":[[0,1,0,0],[1,0,0,0],[0,0,0,1],[0,0,1,0],[1,0,0,0],[0,0.8,0.2,0],[0,1,0,0],[1,0,0,0],[1,0,0,0],[0,0,1,0],[1,0,0,0],[0.8,0,0.2,0],[0,1,0,0],[0,0.8,0,0.2],[0,1,0,0],[1,0,0,0],[1,0,0,0],[1,0,0,0],[1,0,0,0],[0,0.2,0.8,0],[0,1,0,0],[1,0,0,0]],"alignment_pwm":[null,null,null,[[0,0.8,0,0.2],[0,0.2,0,0.8],[0,0,0.6,0.4],[0,0.2,0.2,0.6],[0,0.2,0,0.8],[0,0,0,1],[0.6,0,0,0.4],[0.2,0.6,0,0.2],[0,0.2,0,0.8],[0,0.6,0.2,0.2],[0,0.25,0,0.75],[0,0,0.75,0.25],[0,0.75,0.25,0],[0,0.25,0,0.75],[0,0,0.75,0.25],[0.6,0.2,0.2,0],[0.4,0.6,0,0],[0.2,0.2,0,0.6],[0.2,0,0.6,0.2],[0.2,0,0.2,0.6],[0,0,0.2,0.8],[0,0.8,0,0.2],[0,0.8,0,0.2],[0,0.2,0.2,0.6],[0,0.2,0,0.8],[0,0,0,1],[0,0,0,1],[0.2,0,0.6,0.2],[0,0.333333,0.666667,0],[0,0.5,0,0.5],[0.5,0,0,0.5],[0,0,0,1],[0.5,0,0.5,0],[0.25,0.75,0,0],[0.6,0.2,0,0.2],[0.8,0,0,0.2],[1,0,0,0],[0.8,0.2,0,0],[0.4,0,0.6,0],[0,0.6,0.2,0.2],[0,0.2,0,0.8],[0,0.8,0,0.2],[0.2,0.2,0,0.6],[0.2,0,0.2,0.6],[0,0,0,1],[0.8,0,0,0.2],[0.2,0,0.8,0],[0,0,0.2,0.8],[0,0,0,1],[0.2,0,0,0.8],[0.8,0,0,0.2],[1,0,0,0],[0.2,0,0,0.8],[0,0,0,1],[0.8,0,0,0.2],[0.6,0,0.4,0],[0,0,1,0],[0,0,0,1],[0,1,0,0],[0,1,0,0],[0,1,0,0],[1,0,0,0],[0,0,1,0],[0.2,0.8,0,0],[0,0,0,1],[1,0,0,0],[0,0,0,1],[0.2,0,0,0.8],[0,0,0,1],[1,0,0,0],[0,0,0,1],[0,1,0,0],[0,0,0,1],[0,0,0,1],[0,0,0,1],[0,0,1,0],[0,0,0,1],[0,0,0,1],[0,0,0,1],[0,0,0,1],[0,0,0,1],[1,0,0,0],[0,0,0,1],[0,0,0,1],[0,0,1,0],[0,1,0,0],[0.8,0,0,0.2],[0,0,0,1],[0,0,0,1],[0,0,0,1],[0,0,1,0],[0,0.8,0.2,0],[0,0,0,1],[0,0,0,1],[0,0,0,1],[0,0,0,1],[0,0,1,0],[0.2,0,0.8,0],[0,0,1,0],[0,0.2,0,0.8],[0,0,0,1],[0,1,0,0],[0,0,0,1],[0,0,0,1],[0,0,1,0],[0,0.2,0.8,0],[0,0,0,1],[0,1,0,0],[1,0,0,0],[0,0,0,1],[0,0,1,0],[1,0,0,0],[0.8,0,0.2,0],[1,0,0,0],[0,0.2,0,0.8],[0,1,0,0],[0,1,0,0],[0,0,0,1],[0,0,0,1],[0,0,1,0],[0,1,0,0]]],"seqs":[56,65,135,141,163]},{"orient":8,"bin":26,"pvalue":2.20486e-07,"inferred_pwm":[[0,1,0,0],[1,0,0,0],[0,0,0,1],[0,0,1,0],[1,0,0,0],[0,0.8,0.2,0],[0,1,0,0],[1,0,0,0],[1,0,0,0],[0,0,1,0],[1,0,0,0],[0.8,0,0.2,0],[0,1,0,0],[0,0.8,0,0.2],[0,1,0,0],[1,0,0,0],[1,0,0,0],[1,0,0,0],[1,0,0,0],[0,0.2,0.8,0],[0,1,0,0],[1,0,0,0]],"alignment_pwm":[null,null,null,[[0,0.8,0,0.2],[0,0.2,0,0.8],[0,0,0.6,0.4],[0,0.2,0.2,0.6],[0,0.2,0,0.8],[0,0,0,1],[0.6,0,0,0.4],[0.2,0.6,0,0.2],[0,0.2,0,0.8],[0,0.6,0.2,0.2],[0,0.25,0,0.75],[0,0,0.75,0.25],[0,0.75,0.25,0],[0,0.25,0,0.75],[0,0,0.75,0.25],[0.6,0.2,0.2,0],[0.4,0.6,0,0],[0.2,0.2,0,0.6],[0.2,0,0.6,0.2],[0.2,0,0.2,0.6],[0,0,0.2,0.8],[0,0.8,0,0.2],[0,0.8,0,0.2],[0,0.2,0.2,0.6],[0,0.2,0,0.8],[0,0,0,1],[0,0,0,1],[0.2,0,0.6,0.2],[0,0.333333,0.666667,0],[0,0.5,0,0.5],[0.5,0,0,0.5],[0,0,0,1],[0.5,0,0.5,0],[0.25,0.75,0,0],[0.6,0.2,0,0.2],[0.8,0,0,0.2],[1,0,0,0],[0.8,0.2,0,0],[0.4,0,0.6,0],[0,0.6,0.2,0.2],[0,0.2,0,0.8],[0,0.8,0,0.2],[0.2,0.2,0,0.6],[0.2,0,0.2,0.6],[0,0,0,1],[0.8,0,0,0.2],[0.2,0,0.8,0],[0,0,0.2,0.8],[0,0,0,1],[0.2,0,0,0.8],[0.8,0,0,0.2],[1,0,0,0],[0.2,0,0,0.8],[0,0,0,1],[0.8,0,0,0.2],[0.6,0,0.4,0],[0,0,1,0],[0,0,0,1],[0,1,0,0],[0,1,0,0],[0,1,0,0],[1,0,0,0],[0,0,1,0],[0.2,0.8,0,0],[0,0,0,1],[1,0,0,0],[0,0,0,1],[0.2,0,0,0.8],[0,0,0,1],[1,0,0,0],[0,0,0,1],[0,1,0,0],[0,0,0,1],[0,0,0,1],[0,0,0,1],[0,0,1,0],[0,0,0,1],[0,0,0,1],[0,0,0,1],[0,0,0,1],[0,0,0,1],[1,0,0,0],[0,0,0,1],[0,0,0,1],[0,0,1,0],[0,1,0,0],[0.8,0,0,0.2],[0,0,0,1],[0,0,0,1],[0,0,0,1],[0,0,1,0],[0,0.8,0.2,0],[0,0,0,1],[0,0,0,1],[0,0,0,1],[0,0,0,1],[0,0,1,0],[0.2,0,0.8,0],[0,0,1,0],[0,0.2,0,0.8],[0,0,0,1],[0,1,0,0],[0,0,0,1],[0,0,0,1],[0,0,1,0],[0,0.2,0.8,0],[0,0,0,1],[0,1,0,0],[1,0,0,0],[0,0,0,1],[0,0,1,0],[1,0,0,0],[0.8,0,0.2,0],[1,0,0,0],[0,0.2,0,0.8],[0,1,0,0],[0,1,0,0],[0,0,0,1],[0,0,0,1],[0,0,1,0],[0,1,0,0]]],"seqs":[56,65,135,141,163]}]}],[{"idx":0,"counts":[[0,0,0,0,0,0,0,0,0,0,0,0,0,0,0,0,0,0,0,0,0,0,0,0,0,0,0,0,0,0,0,0,0,0,0,0,0,0,0,0,0,0,0,0,0,0,0,0,0,0,0,0,0,0,0,0,0,0,0,0,0,0,0,0,0,0,0,0,0,0,0,0,0,0,0,0,0,0,0,0,0,0,0,0,0,0,0,0,0,0,0,0,0,0,0,0,0,0,0,0,0,0,1,0,0,0,0,1,0,0,0,0,0,0,0,0,0,0,0,0,0,0],[0,0,0,0,0,0,0,0,0,0,0,0,0,0,0,0,0,0,0,0,0,0,0,0,0,0,0,0,0,0,0,0,0,0,0,0,0,0,0,0,0,0,0,0,0,0,0,0,0,0,0,0,0,0,0,0,0,0,0,0,0,0,0,0,0,0,0,0,0,0,0,0,0,0,0,0,0,0,0,0,0,0,0,0,0,0,0,0,0,0,0,0,0,0,0,0,0,0,0,0,0,0,0,0,0,0,0,0,0,0,0,0,0,0,0,0,0,0,0,0,0,0],[0,0,0,0,0,0,0,0,0,0,0,0,0,0,0,0,0,0,0,0,0,0,0,0,0,0,0,0,0,0,0,0,0,0,0,0,0,0,0,0,0,0,0,0,0,0,0,0,0,0,0,0,0,0,0,0,0,0,0,0,0,0,0,0,0,0,0,0,0,0,0,0,0,0,0,0,0,0,0,0,0,0,0,0,0,0,0,0,0,0,0,0,0,0,0,0,0,0,0,0,0,0,0,0,0,0,0,0,0,0,1,0,0,0,0,0,0,0,0,0,0,0],[0,0,0,0,0,0,0,0,0,0,0,0,0,0,0,0,0,0,0,0,0,0,0,0,0,0,0,0,0,0,0,0,0,0,0,0,0,0,0,0,0,0,0,0,0,0,0,0,0,0,0,0,0,0,0,0,0,0,0,0,0,0,0,0,0,0,0,0,0,0,0,0,1,0,0,0,0,3,0,0,0,0,0,0,0,0,0,0,0,0,0,0,0,0,0,0,0,0,0,0,0,0,0,0,0,0,0,0,0,0,0,0,0,0,0,0,0,0,0,0,0,0]],"spacings":[{"orient":3,"bin":77,"pvalue":3.06788e-07,"inferred_pwm":[[1,0,0,0],[1,0,0,0],[1,0,0,0],[1,0,0,0],[0,0,0,1],[0,0,0,1],[0,0.666667,0,0.333333],[0,0,0,1],[1,0,0,0],[0,0,1,0],[1,0,0,0],[0.666667,0,0.333333,0],[0,0,1,0],[1,0,0,0],[0,0,0,1],[1,0,0,0],[1,0,0,0],[0,1,0,0],[1,0,0,0],[0,0,0,1],[0,0,0,1],[0,0,1,0],[0,0,1,0],[1,0,0,0],[1,0,0,0],[1,0,0,0],[1,0,0,0],[1,0,0,0],[0,1,0,0],[0,1,0,0]],"alignment_pwm":[null,null,null,[[0.333333,0,0.333333,0.333333],[0,0.333333,0.333333,0.333333],[0.666667,0,0,0.333333],[0,0,0.333333,0.666667],[0.333333,0,0,0.666667],[0.333333,0,0,0.666667],[0,0,0.666667,0.333333],[0.666667,0,0,0.333333],[0,0.666667,0.333333,0],[0,0,0,1],[0,0.666667,0,0.333333],[0.333333,0,0,0.666667],[0,0,0,1],[0,0.333333,0.333333,0.333333],[0,0.333333,0,0.666667],[0,0.333333,0.333333,0.333333],[0.333333,0,0,0.666667],[0,0,0.333333,0.666667],[0.666667,0,0,0.333333],[0,0,0.333333,0.666667],[0.333333,0,0.333333,0.333333],[0,0.333333,0,0.666667],[0,0,0.666667,0.333333],[0.333333,0,0,0.666667],[0.666667,0,0,0.333333],[0,0,0.333333,0.666667],[0.666667,0,0.333333,0],[0.333333,0,0.333333,0.333333],[0.333333,0.333333,0,0.333333],[0,0,0.333333,0.666667],[0,0,0,1],[0,0,0.5,0.5],[0.5,0,0,0.5],[0.5,0,0.5,0],[0.5,0,0.5,0],[0.666667,0,0.333333,0],[0,0,0.666667,0.333333],[0.333333,0,0,0.666667],[0,0,0,1],[0,0,0.333333,0.666667],[0,0.333333,0,0.666667],[0,0.333333,0,0.666667],[0,0.666667,0,0.333333],[0,0,0.333333,0.666667],[0,0.666667,0,0.333333],[0.333333,0.333333,0,0.333333],[0,0.666667,0,0.333333],[0.666667,0,0,0.333333],[0,0.5,0,0.5],[0,0,0,1],[0,1,0,0],[0,0,0,1],[0,0,1,0],[0,0,0.5,0.5],[0,0,0.5,0.5],[0,0,0.666667,0.333333],[0.333333,0,0,0.666667],[0,0.333333,0.333333,0.333333],[0,0,0.333333,0.666667],[0,0.666667,0,0.333333],[0,0.333333,0,0.666667],[0,0,0.333333,0.666667],[0,0.333333,0.333333,0.333333],[0,0.333333,0,0.666667],[0,0,0,1],[0.333333,0,0,0.666667],[0.333333,0.333333,0,0.333333],[0,0.333333,0,0.666667],[0,0.333333,0.333333,0.333333],[0,0.5,0,0.5],[0,0,0.5,0.5],[0,0.5,0.5,0],[0,0.5,0,0.5],[0,0,0.5,0.5],[0.333333,0.333333,0.333333,0],[0.666667,0.333333,0,0],[0.333333,0.333333,0,0.333333],[0.333333,0,0.333333,0.333333],[0.333333,0,0.333333,0.333333],[0,0,0.333333,0.666667],[0,0.666667,0,0.333333],[0,0.666667,0,0.333333],[0,0.333333,0.333333,0.333333],[0,0.333333,0,0.666667],[0,0,0,1],[0,0,0,1],[0.333333,0,0.333333,0.333333],[0,0,1,0],[0,0,0,1],[0,0,0,1],[0,0,0,1],[1,0,0,0],[0.5,0.5,0,0],[0.333333,0.333333,0,0.333333],[0.666667,0,0,0.333333],[1,0,0,0],[1,0,0,0],[0.333333,0,0.666667,0],[0,0.333333,0.333333,0.333333],[0,0.333333,0,0.666667],[0,0.666667,0,0.333333],[0.333333,0.333333,0,0.333333],[0.333333,0,0,0.666667],[0,0,0,1],[0.666667,0,0,0.333333],[0.333333,0,0.666667,0],[0,0,0.333333,0.666667],[0,0,0,1],[0.333333,0,0,0.666667],[0.666667,0,0,0.333333],[1,0,0,0],[0.333333,0,0,0.666667],[0,0,0,1],[0.666667,0,0,0.333333],[0.666667,0,0.333333,0],[0,0,1,0],[0,0,0,1],[0,1,0,0],[0,1,0,0],[0,1,0,0],[1,0,0,0],[0,0,1,0],[0,1,0,0],[0,0,0,1],[1,0,0,0],[0,0,0,1],[0,0,0,1],[0,0,0,1],[1,0,0,0],[0,0,0,1],[0,1,0,0],[0,0,0,1],[0,0,0,1],[0,0,0,1],[0,0,1,0],[0,0,0,1],[0,0,0,1],[0,0,0,1],[0,0,0,1],[0,0,0,1],[1,0,0,0],[0,0,0,1],[0,0,0,1],[0,0,1,0],[0,1,0,0],[1,0,0,0],[0,0,0,1],[0,0,0,1],[0,0,0,1],[0,0,1,0],[0,1,0,0],[0,0,0,1],[0,0,0,1],[0,0,0,1],[0,0,0,1],[0,0,1,0],[0,0,1,0],[0,0,1,0],[0,0.333333,0,0.666667],[0,0,0,1],[0,1,0,0],[0,0,0,1],[0,0,0,1],[0,0,1,0],[0,0.333333,0.666667,0],[0,0,0,1],[0,1,0,0],[1,0,0,0],[0,0,0,1],[0,0,1,0],[1,0,0,0],[0.666667,0,0.333333,0],[1,0,0,0],[0,0,0,1],[0,1,0,0],[0,1,0,0],[0,0,0,1],[0,0,0,1],[0,0,1,0],[0,1,0,0],[0,1,0,0],[0,0,0,1],[1,0,0,0],[1,0,0,0],[0.666667,0,0.333333,0],[0,1,0,0],[0,1,0,0],[0.666667,0,0.333333,0],[0.666667,0,0.333333,0],[0,0,0,1],[0,0.333333,0.666667,0],[0,0,0,1],[0,1,0,0],[0,0,0,1],[1,0,0,0],[0,0,1,0],[1,0,0,0],[1,0,0,0],[0,0,1,0],[0,0,1,0],[0,0,1,0],[0,0,0,1],[0,0,0,1],[0,0,0,1],[0,0,0,1],[0,0,0,1],[0,1,0,0],[0,1,0,0],[1,0,0,0],[1,0,0,0],[0,0,0,1],[0,0,1,0],[0,0,0,1],[0,0,0,1],[1,0,0,0],[0,0,0,1],[0,1,0,0],[0,0.333333,0,0.666667],[0,0,0,1],[0,1,0,0],[0,0,0,1],[1,0,0,0],[0.333333,0,0.666667,0],[1,0,0,0],[1,0,0,0],[0,0,0,1],[0,0,0,1],[0,0,0,1],[0,0,0,1],[0,0,0,1],[1,0,0,0],[0,0.666667,0,0.333333],[0.666667,0,0.333333,0],[0,0,1,0],[0,0,0,1],[0,0,0,1],[0,0,0,1],[0,0.666667,0,0.333333],[1,0,0,0]]],"seqs":[56,135,141]},{"orient":5,"bin":77,"pvalue":2.43911e-06,"inferred_pwm":[[1,0,0,0],[1,0,0,0],[1,0,0,0],[1,0,0,0],[0,0,0,1],[0,0,0,1],[0,0.666667,0,0.333333],[0,0,0,1],[1,0,0,0],[0,0,1,0],[1,0,0,0],[0.666667,0,0.333333,0],[0,0,1,0],[1,0,0,0],[0,0,0,1],[1,0,0,0],[1,0,0,0],[0,1,0,0],[1,0,0,0],[0,0,0,1],[0,0,0,1],[0,0,1,0],[0,0,1,0],[1,0,0,0],[1,0,0,0],[1,0,0,0],[1,0,0,0],[1,0,0,0],[0,1,0,0],[0,1,0,0]],"alignment_pwm":[null,null,n