<!DOCTYPE HTML>
<html>
  <head>
    <meta charset="UTF-8">
    <title>TOMTOM</title>
    <script>
      // @JSON_VAR data
      var data = {
        "program": "Tomtom",
        "version": "4.12.0",
        "release": "Tue Jun 27 16:22:50 2017 -0700",
        "cmd": [
          "tomtom", "-verbosity", "1", "-oc",
          "results/AHRpeaks_withAHREs.bed-399.fa/hocomoco/meme_tomtom_out",
          "-min-overlap", "5", "-dist", "pearson", "-evalue", "-thresh", "1",
          "-no-ssc", "-bfile",
          "results/AHRpeaks_withAHREs.bed-399.fa/hocomoco/background",
          "results/AHRpeaks_withAHREs.bed-399.fa/hocomoco/meme_out/meme.xml",
          "/Users/filipov4/meme/db/motif_databases/HUMAN/HOCOMOCOv11_full_HUMAN_mono_meme_format.meme"
        ],
        "options": {
          "strands": "both",
          "distance_measure": "pearson",
          "threshold_type": "evalue",
          "threshold_value": 1,
          "background_source": "file",
          "background_file": "results/AHRpeaks_withAHREs.bed-399.fa/hocomoco/background"
        },
        "alphabet": {
          "name": "DNA",
          "like": "dna",
          "ncore": 4,
          "symbols": [
            {
              "symbol": "A",
              "name": "Adenine",
              "colour": "CC0000",
              "complement": "T"
            }, {
              "symbol": "C",
              "name": "Cytosine",
              "colour": "0000CC",
              "complement": "G"
            }, {
              "symbol": "G",
              "name": "Guanine",
              "colour": "FFB300",
              "complement": "C"
            }, {
              "symbol": "T",
              "aliases": "U",
              "name": "Thymine",
              "colour": "008000",
              "complement": "A"
            }, {
              "symbol": "N",
              "aliases": "X.",
              "name": "Any base",
              "equals": "ACGT"
            }, {
              "symbol": "V",
              "name": "Not T",
              "equals": "ACG"
            }, {
              "symbol": "H",
              "name": "Not G",
              "equals": "ACT"
            }, {
              "symbol": "D",
              "name": "Not C",
              "equals": "AGT"
            }, {
              "symbol": "B",
              "name": "Not A",
              "equals": "CGT"
            }, {
              "symbol": "M",
              "name": "Amino",
              "equals": "AC"
            }, {
              "symbol": "R",
              "name": "Purine",
              "equals": "AG"
            }, {
              "symbol": "W",
              "name": "Weak",
              "equals": "AT"
            }, {
              "symbol": "S",
              "name": "Strong",
              "equals": "CG"
            }, {
              "symbol": "Y",
              "name": "Pyrimidine",
              "equals": "CT"
            }, {
              "symbol": "K",
              "name": "Keto",
              "equals": "GT"
            }
          ]
        },
        "background": [0.2648, 0.2352, 0.2352, 0.2648],
        "query_dbs": [
          {
            "source": "results/AHRpeaks_withAHREs.bed-399.fa/hocomoco/meme_out/meme.xml",
            "name": "meme",
            "loaded": 7,
            "excluded": 0,
            "last_modified": "Thu May 24 18:44:42 2018"
          }
        ],
        "target_dbs": [
          {
            "source": "/Users/filipov4/meme/db/motif_databases/HUMAN/HOCOMOCOv11_full_HUMAN_mono_meme_format.meme",
            "name": "HOCOMOCOv11 full HUMAN mono meme format",
            "loaded": 771,
            "excluded": 0,
            "last_modified": "Wed Dec  6 21:59:30 2017"
          }
        ],
        "queries": [
          {
            "db": 0,
            "id": "CWGGGCWGDGCAGRGM",
            "alt": "MEME-5",
            "len": 16,
            "nsites": 35,
            "evalue": "2.1e-008",
            "pwm": [
              [0.114715, 0.741411, 0.11463, 0.029244], 
              [0.570555, 0.000670086, 0.0291597, 0.399615], 
              [0.0862242, 0.11463, 0.68443, 0.114715], 
              [0.114715, 0.000670086, 0.798391, 0.0862242], 
              [0.114715, 0.171611, 0.712921, 0.000754416], 
              [0.114715, 0.855371, 0.0291597, 0.000754416], 
              [0.599045, 0.000670086, 0.000670086, 0.399615], 
              [0.114715, 0.2001, 0.655941, 0.029244], 
              [0.314145, 0.000670086, 0.371041, 0.314145], 
              [0.029244, 0.0291597, 0.883861, 0.0577346], 
              [0.000754416, 0.997821, 0.000670086, 0.000754416], 
              [0.627535, 0.22859, 0.000670086, 0.143204], 
              [0.000754416, 0.000670086, 0.997821, 0.000754416], 
              [0.342635, 0.000670086, 0.655941, 0.000754416], 
              [0.000754416, 0.11463, 0.883861, 0.000754416], 
              [0.285654, 0.54198, 0.0861399, 0.0862242]
            ]
          }, {
            "db": 0,
            "id": "GTGACTCAY",
            "alt": "MEME-6",
            "len": 9,
            "nsites": 57,
            "evalue": "8.2e-007",
            "pwm": [
              [0.245648, 0.193056, 0.560833, 0.000463748], 
              [0.000463748, 0.000411909, 0.000411909, 0.998712], 
              [0.000463748, 0.000411909, 0.998661, 0.000463748], 
              [0.946173, 0.000411909, 0.0529517, 0.000463748], 
              [0.000463748, 0.998661, 0.000411909, 0.000463748], 
              [0.140569, 0.0179252, 0.000411909, 0.841094], 
              [0.000463748, 0.998661, 0.000411909, 0.000463748], 
              [0.963686, 0.000411909, 0.0354385, 0.000463748], 
              [0.000463748, 0.455753, 0.210569, 0.333213]
            ]
          }, {
            "db": 0,
            "id": "GTGTGTGTGYGTGTGT",
            "alt": "MEME-1",
            "len": 16,
            "nsites": 53,
            "evalue": "1.3e-039",
            "pwm": [
              [0.207655, 0.0192754, 0.753739, 0.0193311], 
              [0.0193311, 0.169934, 0.000442938, 0.810292], 
              [0.0193311, 0.0946053, 0.847901, 0.0381636], 
              [0.000498682, 0.0946053, 0.000442938, 0.904453], 
              [0.113493, 0.000442938, 0.866733, 0.0193311], 
              [0.0569961, 0.226432, 0.0381079, 0.678465], 
              [0.0193311, 0.151102, 0.829068, 0.000498682], 
              [0.094661, 0.132269, 0.0381079, 0.734962], 
              [0.000498682, 0.000442938, 0.99856, 0.000498682], 
              [0.0193311, 0.490085, 0.000442938, 0.490141], 
              [0.24532, 0.0192754, 0.60308, 0.132325], 
              [0.0381636, 0.245264, 0.151102, 0.565471], 
              [0.207655, 0.0757728, 0.565415, 0.151157], 
              [0.000498682, 0.151102, 0.000442938, 0.847957], 
              [0.132325, 0.000442938, 0.866733, 0.000498682], 
              [0.094661, 0.132269, 0.0192754, 0.753794]
            ]
          }, {
            "db": 0,
            "id": "RAAAAAAAMAAAMAAA",
            "alt": "MEME-2",
            "len": 16,
            "nsites": 52,
            "evalue": "5.5e-035",
            "pwm": [
              [0.480354, 0.00045144, 0.345941, 0.173253], 
              [0.960201, 0.00045144, 0.00045144, 0.0388964], 
              [0.787457, 0.00045144, 0.211583, 0.000508253], 
              [0.633905, 0.0772268, 0.0196455, 0.269222], 
              [0.55713, 0.269166, 0.00045144, 0.173253], 
              [0.941008, 0.00045144, 0.0580327, 0.000508253], 
              [0.691487, 0.0388396, 0.269166, 0.000508253], 
              [0.883425, 0.00045144, 0.0772268, 0.0388964], 
              [0.480354, 0.44191, 0.0772268, 0.000508253], 
              [0.941008, 0.0580327, 0.00045144, 0.000508253], 
              [0.633905, 0.00045144, 0.154002, 0.21164], 
              [0.998589, 0.00045144, 0.00045144, 0.000508253], 
              [0.365192, 0.326747, 0.173196, 0.134865], 
              [0.921814, 0.00045144, 0.0388396, 0.0388964], 
              [0.710681, 0.115615, 0.173196, 0.000508253], 
              [0.902619, 0.00045144, 0.0772268, 0.0197023]
            ]
          }, {
            "db": 0,
            "id": "RCAYTNDRYAAATRTTTRCTGA",
            "alt": "MEME-7",
            "len": 22,
            "nsites": 17,
            "evalue": "6.8e-005",
            "pwm": [
              [0.469385, 0.118334, 0.352252, 0.0600285], 
              [0.00154854, 0.995527, 0.00137544, 0.00154854], 
              [0.820262, 0.00137544, 0.00137544, 0.176988], 
              [0.00154854, 0.527691, 0.00137544, 0.469385], 
              [0.118508, 0.118334, 0.00137544, 0.761783], 
              [0.176988, 0.293773, 0.176814, 0.352426], 
              [0.410906, 0.0598554, 0.293773, 0.235467], 
              [0.352426, 0.0598554, 0.527691, 0.0600285], 
              [0.176988, 0.293773, 0.0598554, 0.469385], 
              [0.878742, 0.00137544, 0.118334, 0.00154854], 
              [0.878742, 0.118334, 0.00137544, 0.00154854], 
              [0.703303, 0.00137544, 0.00137544, 0.293947], 
              [0.00154854, 0.0598554, 0.00137544, 0.937221], 
              [0.586344, 0.00137544, 0.410732, 0.00154854], 
              [0.00154854, 0.00137544, 0.00137544, 0.995701], 
              [0.00154854, 0.0598554, 0.0598554, 0.878742], 
              [0.0600285, 0.00137544, 0.0598554, 0.878742], 
              [0.410906, 0.00137544, 0.58617, 0.00154854], 
              [0.0600285, 0.703129, 0.00137544, 0.235467], 
              [0.00154854, 0.176814, 0.00137544, 0.820262], 
              [0.00154854, 0.235293, 0.58617, 0.176988], 
              [0.820262, 0.0598554, 0.00137544, 0.118508]
            ]
          }, {
            "db": 0,
            "id": "RKCTCMCHGCMMHCYCCNCCHC",
            "alt": "MEME-3",
            "len": 22,
            "nsites": 48,
            "evalue": "4.5e-027",
            "pwm": [
              [0.291611, 0.125229, 0.582609, 0.00055052], 
              [0.0629206, 0.104439, 0.457869, 0.374771], 
              [0.00055052, 0.85288, 0.062859, 0.0837103], 
              [0.166871, 0.208389, 0.000488981, 0.624251], 
              [0.00055052, 0.72814, 0.166809, 0.104501], 
              [0.395561, 0.437079, 0.000488981, 0.166871], 
              [0.0837103, 0.91525, 0.000488981, 0.00055052], 
              [0.250031, 0.312339, 0.0212787, 0.416351], 
              [0.00055052, 0.249969, 0.66577, 0.0837103], 
              [0.0421309, 0.6034, 0.146019, 0.20845], 
              [0.520301, 0.395499, 0.000488981, 0.0837103], 
              [0.437141, 0.333129, 0.146019, 0.0837103], 
              [0.229241, 0.333129, 0.0420694, 0.395561], 
              [0.0213402, 0.87367, 0.000488981, 0.104501], 
              [0.0837103, 0.35392, 0.104439, 0.457931], 
              [0.0213402, 0.832089, 0.0212787, 0.125291], 
              [0.187661, 0.56182, 0.0420694, 0.20845], 
              [0.353981, 0.22918, 0.187599, 0.229241], 
              [0.0629206, 0.74893, 0.000488981, 0.187661], 
              [0.00055052, 0.97762, 0.000488981, 0.0213402], 
              [0.229241, 0.35392, 0.000488981, 0.416351], 
              [0.00055052, 0.95683, 0.0420694, 0.00055052]
            ]
          }, {
            "db": 0,
            "id": "TCCAGCCTGGGTSACAGAGYRASAYYCC",
            "alt": "MEME-4",
            "len": 28,
            "nsites": 8,
            "evalue": "1.1e-013",
            "pwm": [
              [0.00326914, 0.12636, 0.12636, 0.74401], 
              [0.00326914, 0.990558, 0.0029037, 0.00326914], 
              [0.00326914, 0.990558, 0.0029037, 0.00326914], 
              [0.867467, 0.12636, 0.0029037, 0.00326914], 
              [0.250183, 0.0029037, 0.743644, 0.00326914], 
              [0.00326914, 0.743644, 0.249817, 0.00326914], 
              [0.00326914, 0.867101, 0.0029037, 0.126726], 
              [0.00326914, 0.0029037, 0.0029037, 0.990923], 
              [0.00326914, 0.0029037, 0.990558, 0.00326914], 
              [0.00326914, 0.12636, 0.867101, 0.00326914], 
              [0.126726, 0.0029037, 0.867101, 0.00326914], 
              [0.00326914, 0.12636, 0.0029037, 0.867467], 
              [0.00326914, 0.373274, 0.620188, 0.00326914], 
              [0.990923, 0.0029037, 0.0029037, 0.00326914], 
              [0.00326914, 0.867101, 0.0029037, 0.126726], 
              [0.74401, 0.12636, 0.12636, 0.00326914], 
              [0.00326914, 0.12636, 0.867101, 0.00326914], 
              [0.74401, 0.0029037, 0.249817, 0.00326914], 
              [0.00326914, 0.0029037, 0.990558, 0.00326914], 
              [0.00326914, 0.496731, 0.0029037, 0.497096], 
              [0.497096, 0.12636, 0.373274, 0.00326914], 
              [0.990923, 0.0029037, 0.0029037, 0.00326914], 
              [0.00326914, 0.373274, 0.620188, 0.00326914], 
              [0.990923, 0.0029037, 0.0029037, 0.00326914], 
              [0.00326914, 0.373274, 0.12636, 0.497096], 
              [0.00326914, 0.373274, 0.12636, 0.497096], 
              [0.00326914, 0.743644, 0.12636, 0.126726], 
              [0.00326914, 0.620188, 0.12636, 0.250183]
            ]
          }
        ],
        "targets": [
          {
            "db": 0,
            "id": "ANDR_HUMAN.H11MO.0.A",
            "len": 18,
            "nsites": 499,
            "evalue": "1.0e+000",
            "url": "http://hocomoco.autosome.ru/motif/ANDR_HUMAN.H11MO.0.A",
            "pwm": [
              [0.14832, 0.0701734, 0.036112, 0.745395], 
              [0.0621649, 0.0481337, 0.777446, 0.112255], 
              [0.0681757, 0.0661661, 0.0140724, 0.851586], 
              [0.188392, 0.172357, 0.144307, 0.494944], 
              [0.0781937, 0.733367, 0.036112, 0.152327], 
              [0.122273, 0.278548, 0.0321048, 0.567074], 
              [0.180378, 0.134289, 0.196401, 0.488933], 
              [0.19841, 0.178368, 0.216437, 0.406785], 
              [0.17637, 0.192393, 0.222447, 0.408789], 
              [0.200414, 0.256509, 0.120264, 0.422814], 
              [0.0721829, 0.0140724, 0.0140724, 0.899672], 
              [0.254511, 0.0301012, 0.691291, 0.0240963], 
              [0.0281035, 0.0220868, 0.0200832, 0.929726], 
              [0.0180855, 0.00605794, 0.0982238, 0.877633], 
              [0.00806748, 0.00806155, 0.0641625, 0.919708], 
              [0.42081, 0.0280976, 0.494938, 0.056154], 
              [0.0862081, 0.524992, 0.0481337, 0.340666], 
              [0.290576, 0.158332, 0.0541445, 0.496947]
            ]
          }, {
            "db": 0,
            "id": "BACH1_HUMAN.H11MO.0.A",
            "len": 13,
            "nsites": 500,
            "evalue": "1.0e+000",
            "url": "http://hocomoco.autosome.ru/motif/BACH1_HUMAN.H11MO.0.A",
            "pwm": [
              [0.0628544, 0.168178, 0.0975417, 0.671425], 
              [0.00920962, 0.066422, 0.922333, 0.00203501], 
              [0.0209174, 0.967523, 0.00397148, 0.00758851], 
              [0.0362212, 0.0795802, 0.0801361, 0.804063], 
              [0.0039012, 0.0613535, 0.890885, 0.0438608], 
              [0.802823, 0.020616, 0.12452, 0.0520408], 
              [0.0133145, 0.214862, 0.76322, 0.00860332], 
              [0.00625253, 0.0361764, 0.145875, 0.811696], 
              [0.0162441, 0.943689, 0.0343138, 0.00575289], 
              [0.786284, 0.0958346, 0.0824503, 0.0354306], 
              [0.00983027, 0.334259, 0.256603, 0.399308], 
              [0.151631, 0.265553, 0.394689, 0.188127], 
              [0.105268, 0.378561, 0.372598, 0.143574]
            ]
          }, {
            "db": 0,
            "id": "BACH2_HUMAN.H11MO.0.A",
            "len": 11,
            "nsites": 500,
            "evalue": "1.0e+000",
            "url": "http://hocomoco.autosome.ru/motif/BACH2_HUMAN.H11MO.0.A",
            "pwm": [
              [0.122029, 0.0960278, 0.0680334, 0.71391], 
              [0.0140501, 0.0780314, 0.893868, 0.0140501], 
              [0.0440442, 0.923862, 0.0120446, 0.020049], 
              [0.0780374, 0.0380394, 0.00804543, 0.875878], 
              [0.0580414, 0.060035, 0.793888, 0.0880354], 
              [0.757901, 0.0380394, 0.0560358, 0.148023], 
              [0.0440442, 0.224002, 0.669913, 0.0620406], 
              [0.0100509, 0.0160438, 0.00804543, 0.96586], 
              [0.060041, 0.919863, 0.0160438, 0.00405215], 
              [0.96386, 0.0120446, 0.00804543, 0.0160498], 
              [0.0560418, 0.319983, 0.212005, 0.411971]
            ]
          }, {
            "db": 0,
            "id": "COT1_HUMAN.H11MO.0.C",
            "len": 17,
            "nsites": 500,
            "evalue": "1.0e+000",
            "url": "http://hocomoco.autosome.ru/motif/COT1_HUMAN.H11MO.0.C",
            "pwm": [
              [0.180017, 0.146018, 0.539939, 0.134026], 
              [0.287995, 0.0740322, 0.549937, 0.0880354], 
              [0.248003, 0.0780314, 0.591929, 0.0820366], 
              [0.208011, 0.118023, 0.589929, 0.0840362], 
              [0.0860358, 0.150017, 0.361975, 0.401973], 
              [0.132027, 0.475952, 0.289989, 0.102033], 
              [0.631927, 0.112025, 0.194008, 0.0620406], 
              [0.411971, 0.0480374, 0.523942, 0.0160498], 
              [0.725908, 4.70306e-05, 0.269993, 0.00405215], 
              [0.0180494, 4.70306e-05, 0.911865, 0.070039], 
              [0.0160498, 0.010045, 0.961855, 0.0120505], 
              [0.0100509, 0.0780314, 0.279991, 0.631927], 
              [0.0660398, 0.863874, 0.0420386, 0.0280474], 
              [0.959861, 0.00404623, 0.0160438, 0.020049], 
              [0.204012, 0.126022, 0.517943, 0.152023], 
              [0.226008, 0.18401, 0.493948, 0.0960338], 
              [0.186016, 0.168013, 0.505946, 0.140025]
            ]
          }, {
            "db": 0,
            "id": "CPEB1_HUMAN.H11MO.0.D",
            "len": 17,
            "nsites": 1803,
            "evalue": "1.0e+000",
            "url": "http://hocomoco.autosome.ru/motif/CPEB1_HUMAN.H11MO.0.D",
            "pwm": [
              [0.163622, 0.217971, 0.0893037, 0.529103], 
              [0.000569286, 0.000567645, 0.000567645, 0.998295], 
              [0.00472879, 0.00361795, 0.000290344, 0.991363], 
              [0.000707936, 0.0018155, 0.000151694, 0.997325], 
              [1.46858e-05, 0.00167685, 1.30442e-05, 0.998295], 
              [0.996632, 0.000567645, 0.00223145, 0.000569286], 
              [0.00223309, 0.0543639, 0.00334065, 0.940062], 
              [0.128127, 0.235718, 0.0282977, 0.607857], 
              [0.181924, 0.250692, 0.0732203, 0.494164], 
              [0.092633, 0.223517, 0.0482633, 0.635587], 
              [0.0809863, 0.18414, 0.0343983, 0.700475], 
              [0.0654575, 0.13589, 0.0260793, 0.772573], 
              [0.100397, 0.118143, 0.0160965, 0.765363], 
              [0.18123, 0.0991479, 0.011521, 0.708101], 
              [0.224073, 0.116479, 0.0233063, 0.636141], 
              [0.240295, 0.16875, 0.0345369, 0.556418], 
              [0.223657, 0.210345, 0.0700313, 0.495966]
            ]
          }, {
            "db": 0,
            "id": "EGR2_HUMAN.H11MO.0.A",
            "len": 18,
            "nsites": 500,
            "evalue": "1.0e+000",
            "url": "http://hocomoco.autosome.ru/motif/EGR2_HUMAN.H11MO.0.A",
            "pwm": [
              [0.21601, 0.0740322, 0.611925, 0.0980334], 
              [0.293994, 0.0960278, 0.411965, 0.198013], 
              [0.228007, 0.0740322, 0.621923, 0.0760378], 
              [0.254002, 0.0680334, 0.501947, 0.176018], 
              [0.319989, 0.104026, 0.505946, 0.070039], 
              [0.150023, 0.104026, 0.449957, 0.295994], 
              [0.0760378, 0.102027, 0.765894, 0.0560418], 
              [0.369979, 0.190009, 0.0440382, 0.395974], 
              [0.0340462, 0.0220426, 0.929861, 0.0140501], 
              [0.040045, 0.0120446, 0.461955, 0.485956], 
              [0.182017, 0.00604583, 0.793888, 0.0180494], 
              [0.0360458, 0.0140442, 0.889869, 0.060041], 
              [0.0240482, 0.040039, 0.915864, 0.020049], 
              [0.349983, 0.281991, 0.0220426, 0.345984], 
              [0.0580414, 0.00604583, 0.873872, 0.0620406], 
              [0.0760378, 0.0340402, 0.781891, 0.108031], 
              [0.341985, 0.0740322, 0.501947, 0.0820366], 
              [0.254002, 0.0480374, 0.561935, 0.136026]
            ]
          }, {
            "db": 0,
            "id": "EGR2_HUMAN.H11MO.1.A",
            "len": 16,
            "nsites": 498,
            "evalue": "1.0e+000",
            "url": "http://hocomoco.autosome.ru/motif/EGR2_HUMAN.H11MO.1.A",
            "pwm": [
              [0.194793, 0.144597, 0.457787, 0.202824], 
              [0.281121, 0.172703, 0.453771, 0.0924041], 
              [0.18877, 0.100429, 0.373466, 0.337335], 
              [0.0622897, 0.066299, 0.849274, 0.0221371], 
              [0.244984, 0.365436, 0.0582685, 0.331312], 
              [0.00607605, 0.0181159, 0.969732, 0.00607605], 
              [0.0120989, 0.0100854, 0.347367, 0.630449], 
              [0.162671, 0.00406248, 0.813137, 0.0201295], 
              [0.0241447, 0.0100854, 0.923557, 0.0422134], 
              [0.0241447, 0.0181159, 0.953671, 0.00406842], 
              [0.321274, 0.357405, 0.012093, 0.309228], 
              [0.0321752, 0.00607011, 0.911511, 0.0502439], 
              [0.0683125, 0.028154, 0.712756, 0.190778], 
              [0.29919, 0.0944058, 0.459794, 0.14661], 
              [0.220892, 0.0803524, 0.524038, 0.174717], 
              [0.18877, 0.164673, 0.516008, 0.130549]
            ]
          }, {
            "db": 0,
            "id": "FOSB_HUMAN.H11MO.0.A",
            "len": 9,
            "nsites": 500,
            "evalue": "1.0e+000",
            "url": "http://hocomoco.autosome.ru/motif/FOSB_HUMAN.H11MO.0.A",
            "pwm": [
              [0.41397, 0.206006, 0.291989, 0.0880354], 
              [0.0100509, 0.0120446, 0.00204663, 0.975858], 
              [0.0120505, 0.0140442, 0.917863, 0.0560418], 
              [0.895874, 0.0120446, 0.0180434, 0.0740382], 
              [0.204012, 4.70306e-05, 0.795888, 5.29494e-05], 
              [0.0180494, 0.030041, 0.106026, 0.845884], 
              [0.0540422, 0.903866, 0.0280414, 0.0140501], 
              [0.96586, 0.010045, 0.00604583, 0.0180494], 
              [0.0720386, 0.329981, 0.230001, 0.367979]
            ]
          }, {
            "db": 0,
            "id": "FOSL1_HUMAN.H11MO.0.A",
            "len": 12,
            "nsites": 500,
            "evalue": "1.0e+000",
            "url": "http://hocomoco.autosome.ru/motif/FOSL1_HUMAN.H11MO.0.A",
            "pwm": [
              [0.198013, 0.18601, 0.405966, 0.210011], 
              [0.317989, 0.164014, 0.347977, 0.170019], 
              [0.429967, 0.269993, 0.281991, 0.0180494], 
              [5.29494e-05, 4.70306e-05, 0.00604583, 0.993854], 
              [5.29494e-05, 0.00404623, 0.941859, 0.0540422], 
              [0.987855, 0.00204663, 0.00204663, 0.00805135], 
              [0.0780374, 4.70306e-05, 0.921863, 5.29494e-05], 
              [5.29494e-05, 4.70306e-05, 4.70306e-05, 0.999853], 
              [0.0180494, 0.979851, 0.00204663, 5.29494e-05], 
              [0.995854, 0.00404623, 4.70306e-05, 5.29494e-05], 
              [0.0220486, 0.411965, 0.162015, 0.403972], 
              [0.210011, 0.401967, 0.154016, 0.234006]
            ]
          }, {
            "db": 0,
            "id": "FOSL2_HUMAN.H11MO.0.A",
            "len": 12,
            "nsites": 500,
            "evalue": "1.0e+000",
            "url": "http://hocomoco.autosome.ru/motif/FOSL2_HUMAN.H11MO.0.A",
            "pwm": [
              [0.194014, 0.190009, 0.373972, 0.242005], 
              [0.281997, 0.13402, 0.381971, 0.202013], 
              [0.519949, 0.158015, 0.297987, 0.0240482], 
              [5.29494e-05, 4.70306e-05, 0.00204663, 0.997853], 
              [5.29494e-05, 0.00204663, 0.957855, 0.040045], 
              [0.985856, 0.00404623, 4.70306e-05, 0.0100509], 
              [0.102033, 4.70306e-05, 0.897867, 5.29494e-05], 
              [0.00405215, 0.00404623, 0.00404623, 0.987855], 
              [0.00605175, 0.991849, 0.00204663, 5.29494e-05], 
              [0.997853, 4.70306e-05, 4.70306e-05, 0.00205255], 
              [0.0240482, 0.351977, 0.114024, 0.509951], 
              [0.21601, 0.377971, 0.138019, 0.267999]
            ]
          }, {
            "db": 0,
            "id": "FOS_HUMAN.H11MO.0.A",
            "len": 9,
            "nsites": 500,
            "evalue": "1.0e+000",
            "url": "http://hocomoco.autosome.ru/motif/FOS_HUMAN.H11MO.0.A",
            "pwm": [
              [0.345984, 0.216004, 0.359975, 0.0780374], 
              [0.0100509, 0.0180434, 0.010045, 0.961861], 
              [0.0160498, 0.0340402, 0.859875, 0.090035], 
              [0.935866, 0.00804543, 0.0280414, 0.0280474], 
              [0.11603, 4.70306e-05, 0.88387, 5.29494e-05], 
              [0.0220486, 0.0260418, 0.0240422, 0.927867], 
              [0.0420446, 0.93386, 0.0240422, 5.29494e-05], 
              [0.959861, 0.0160438, 0.0120446, 0.0120505], 
              [0.0280474, 0.417963, 0.263994, 0.289995]
            ]
          }, {
            "db": 0,
            "id": "FOXB1_HUMAN.H11MO.0.D",
            "len": 17,
            "nsites": 7038,
            "evalue": "1.0e+000",
            "url": "http://hocomoco.autosome.ru/motif/FOXB1_HUMAN.H11MO.0.D",
            "pwm": [
              [0.219281, 0.162615, 0.422577, 0.195527], 
              [0.0892765, 0.143925, 0.225753, 0.541045], 
              [0.353901, 0.384067, 0.161097, 0.100935], 
              [0.803094, 0.0550291, 0.0564865, 0.0853903], 
              [0.724187, 0.0823598, 0.0299694, 0.163484], 
              [0.00346489, 0.00334303, 0.0160945, 0.977098], 
              [0.646658, 0.000944525, 0.349996, 0.00240226], 
              [0.0134232, 0.000671279, 0.00929373, 0.976612], 
              [0.0133625, 0.000246228, 0.0268423, 0.959549], 
              [0.00294876, 0.000519475, 0.279353, 0.717179], 
              [0.960035, 0.000489114, 0.0383793, 0.00109675], 
              [0.00313092, 0.897339, 0.0107814, 0.0887483], 
              [0.774925, 0.0141818, 0.0334913, 0.177402], 
              [0.0308199, 0.143762, 0.0300909, 0.795328], 
              [0.717604, 0.016975, 0.043571, 0.22185], 
              [0.573755, 0.0628198, 0.2564, 0.107025], 
              [0.123906, 0.357173, 0.327128, 0.191793]
            ]
          }, {
            "db": 0,
            "id": "FOXD2_HUMAN.H11MO.0.D",
            "len": 19,
            "nsites": 968,
            "evalue": "1.0e+000",
            "url": "http://hocomoco.autosome.ru/motif/FOXD2_HUMAN.H11MO.0.D",
            "pwm": [
              [0.292353, 0.0754297, 0.0743968, 0.557821], 
              [0.592167, 0.0725891, 0.248191, 0.0870535], 
              [0.336769, 0.132242, 0.157033, 0.373956], 
              [0.229084, 0.0751715, 0.630899, 0.064845], 
              [0.0960918, 0.04754, 0.00105725, 0.855311], 
              [0.73962, 0.168395, 0.00105725, 0.0909271], 
              [0.988562, 0.0041561, 2.4295e-05, 0.00725801], 
              [0.982364, 0.0020902, 2.4295e-05, 0.0155216], 
              [2.73525e-05, 0.181824, 2.4295e-05, 0.818125], 
              [0.524767, 2.4295e-05, 0.474149, 0.0010603], 
              [2.73525e-05, 2.4295e-05, 0.00518905, 0.994759], 
              [2.73525e-05, 2.4295e-05, 2.4295e-05, 0.999924], 
              [0.439032, 2.4295e-05, 0.0599355, 0.501009], 
              [0.419406, 2.4295e-05, 0.167362, 0.413208], 
              [0.0010603, 0.376019, 0.0423753, 0.580546], 
              [0.179244, 0.0883416, 0.150319, 0.582095], 
              [0.0116481, 0.0601937, 0.00854614, 0.919612], 
              [0.701659, 0.00544729, 0.00854614, 0.284347], 
              [0.603013, 0.0400512, 0.247674, 0.109262]
            ]
          }, {
            "db": 0,
            "id": "FOXG1_HUMAN.H11MO.0.D",
            "len": 17,
            "nsites": 310,
            "evalue": "1.0e+000",
            "url": "http://hocomoco.autosome.ru/motif/FOXG1_HUMAN.H11MO.0.D",
            "pwm": [
              [0.35837, 0.152238, 0.184562, 0.304829], 
              [0.1504, 0.111046, 0.121206, 0.617349], 
              [0.0332432, 0.0360029, 0.0297234, 0.901031], 
              [0.102421, 0.0200261, 0.857517, 0.0200357], 
              [8.53918e-05, 0.00321561, 0.00949514, 0.987204], 
              [8.53918e-05, 7.58465e-05, 0.231873, 0.767966], 
              [0.00341044, 7.58465e-05, 0.0926214, 0.903892], 
              [0.687424, 0.16427, 0.108505, 0.0398007], 
              [0.0396154, 0.353232, 0.0255645, 0.581588], 
              [0.30912, 0.0957611, 0.292279, 0.30284], 
              [0.191085, 0.0710035, 0.118656, 0.619255], 
              [0.366387, 0.0569622, 0.178507, 0.398145], 
              [0.0616376, 0.0549779, 0.0200699, 0.863315], 
              [0.313876, 0.0397398, 0.316265, 0.33012], 
              [0.0491248, 0.0747892, 0.0882747, 0.787811], 
              [0.238735, 0.0549316, 0.0785775, 0.627756], 
              [0.0828823, 0.134406, 0.197026, 0.585686]
            ]
          }, {
            "db": 0,
            "id": "FOXJ2_HUMAN.H11MO.0.C",
            "len": 10,
            "nsites": 41,
            "evalue": "1.0e+000",
            "url": "http://hocomoco.autosome.ru/motif/FOXJ2_HUMAN.H11MO.0.C",
            "pwm": [
              [0.000644282, 0.0242612, 0.000572263, 0.974522], 
              [0.3086, 0.000572263, 0.642805, 0.0480221], 
              [0.000644282, 0.000572263, 0.0242612, 0.974522], 
              [0.000644282, 0.000572263, 0.000572263, 0.998211], 
              [0.000644282, 0.000572263, 0.000572263, 0.998211], 
              [0.548122, 0.000572263, 0.450662, 0.000644282], 
              [0.000644282, 0.192716, 0.000572263, 0.806068], 
              [0.119089, 0.216405, 0.000572263, 0.663934], 
              [0.000644282, 0.0242612, 0.237462, 0.737633], 
              [0.46521, 0.0834835, 0.130861, 0.320445]
            ]
          }, {
            "db": 0,
            "id": "FOXJ3_HUMAN.H11MO.0.A",
            "len": 13,
            "nsites": 626,
            "evalue": "1.0e+000",
            "url": "http://hocomoco.autosome.ru/motif/FOXJ3_HUMAN.H11MO.0.A",
            "pwm": [
              [0.194107, 0.146485, 0.164701, 0.494706], 
              [4.22936e-05, 3.75659e-05, 3.75659e-05, 0.999883], 
              [0.0829641, 3.75659e-05, 0.914272, 0.00272642], 
              [0.00111594, 3.75659e-05, 3.75659e-05, 0.998809], 
              [4.22936e-05, 3.75659e-05, 3.75659e-05, 0.999883], 
              [0.00887509, 3.75659e-05, 0.175702, 0.815385], 
              [0.818154, 3.75659e-05, 0.0369586, 0.14485], 
              [4.22936e-05, 0.0711388, 3.75659e-05, 0.928781], 
              [0.113306, 3.75659e-05, 0.430179, 0.456477], 
              [0.044057, 3.75659e-05, 0.325665, 0.630241], 
              [0.0528155, 3.75659e-05, 0.0291543, 0.917993], 
              [0.005907, 0.0101714, 0.0168424, 0.967079], 
              [0.358506, 0.0704051, 0.138473, 0.432616]
            ]
          }, {
            "db": 0,
            "id": "FOXJ3_HUMAN.H11MO.1.B",
            "len": 13,
            "nsites": 613,
            "evalue": "1.0e+000",
            "url": "http://hocomoco.autosome.ru/motif/FOXJ3_HUMAN.H11MO.1.B",
            "pwm": [
              [0.126261, 0.100132, 0.122351, 0.651256], 
              [0.0347964, 3.83624e-05, 0.390462, 0.574703], 
              [0.030035, 3.83624e-05, 0.516094, 0.453832], 
              [4.31903e-05, 3.83624e-05, 3.83624e-05, 0.99988], 
              [0.0547331, 3.83624e-05, 0.115344, 0.829885], 
              [0.396788, 3.83624e-05, 0.115354, 0.48782], 
              [0.35626, 0.0775038, 3.83624e-05, 0.566198], 
              [4.31903e-05, 3.83624e-05, 3.83624e-05, 0.99988], 
              [0.16366, 3.83624e-05, 0.836258, 4.31903e-05], 
              [4.31903e-05, 3.83624e-05, 3.83624e-05, 0.99988], 
              [4.31903e-05, 3.83624e-05, 3.83624e-05, 0.99988], 
              [4.31903e-05, 3.83624e-05, 0.0127134, 0.987205], 
              [0.645554, 0.104698, 0.116955, 0.132794]
            ]
          }, {
            "db": 0,
            "id": "FOXL1_HUMAN.H11MO.0.D",
            "len": 19,
            "nsites": 1207,
            "evalue": "1.0e+000",
            "url": "http://hocomoco.autosome.ru/motif/FOXL1_HUMAN.H11MO.0.D",
            "pwm": [
              [0.160531, 0.163842, 0.222661, 0.452967], 
              [0.140234, 0.189109, 0.444266, 0.226391], 
              [0.191183, 0.0404055, 0.132361, 0.63605], 
              [0.0629828, 0.024044, 0.0414411, 0.871532], 
              [0.000643261, 0.000640809, 0.000640809, 0.998075], 
              [0.0874215, 0.000433701, 0.905081, 0.00706361], 
              [0.00830625, 1.94847e-05, 1.94847e-05, 0.991655], 
              [2.19369e-05, 1.94847e-05, 1.94847e-05, 0.999939], 
              [2.19369e-05, 1.94847e-05, 1.94847e-05, 0.999939], 
              [0.470571, 1.94847e-05, 0.529387, 2.19369e-05], 
              [2.19369e-05, 1.94847e-05, 1.94847e-05, 0.999939], 
              [2.19369e-05, 1.94847e-05, 1.94847e-05, 0.999939], 
              [2.19369e-05, 1.94847e-05, 1.94847e-05, 0.999939], 
              [0.985856, 1.94847e-05, 0.0116175, 0.00250723], 
              [0.000850369, 0.51199, 0.000847916, 0.486311], 
              [0.414859, 0.0188663, 0.0213516, 0.544923], 
              [0.10399, 0.014517, 0.0186592, 0.862834], 
              [0.226184, 0.0174166, 0.0149313, 0.741468], 
              [0.193254, 0.12532, 0.0838982, 0.597528]
            ]
          }, {
            "db": 0,
            "id": "FUBP1_HUMAN.H11MO.0.D",
            "len": 12,
            "nsites": 102,
            "evalue": "1.0e+000",
            "url": "http://hocomoco.autosome.ru/motif/FUBP1_HUMAN.H11MO.0.D",
            "pwm": [
              [0.00263797, 0.163298, 0.0311524, 0.802912], 
              [0.000259354, 0.475954, 0.0192593, 0.504527], 
              [0.000259354, 0.000230362, 0.980222, 0.0192883], 
              [0.000259354, 0.000230362, 0.029831, 0.969679], 
              [0.285694, 0.179948, 0.305751, 0.228607], 
              [0.125005, 0.219063, 0.10489, 0.551042], 
              [0.0763752, 0.0752891, 0.257121, 0.591214], 
              [0.0192883, 0.0858607, 0.0858607, 0.80899], 
              [0.0573462, 0.0858607, 0.0858607, 0.770932], 
              [0.0668607, 0.10489, 0.181006, 0.647244], 
              [0.104919, 0.122861, 0.171491, 0.600729], 
              [0.100161, 0.0895608, 0.119161, 0.691116]
            ]
          }, {
            "db": 0,
            "id": "HXC10_HUMAN.H11MO.0.D",
            "len": 19,
            "nsites": 8980,
            "evalue": "1.0e+000",
            "url": "http://hocomoco.autosome.ru/motif/HXC10_HUMAN.H11MO.0.D",
            "pwm": [
              [0.234693, 0.162725, 0.181709, 0.420872], 
              [0.310597, 0.114299, 0.119065, 0.456039], 
              [0.42012, 0.0660395, 0.0691727, 0.444668], 
              [0.39671, 0.045854, 0.0488346, 0.508602], 
              [0.429141, 0.0408562, 0.0917171, 0.438286], 
              [0.471936, 0.0571735, 0.16006, 0.310831], 
              [0.410822, 0.163883, 0.195754, 0.229541], 
              [0.295695, 0.187922, 0.216997, 0.299386], 
              [0.253352, 0.193965, 0.216088, 0.336594], 
              [0.247208, 0.139666, 0.201695, 0.411431], 
              [0.0931918, 0.102039, 0.124499, 0.68027], 
              [0.022563, 0.0133642, 0.0946818, 0.869391], 
              [0.000594919, 0.0131896, 0.00844132, 0.977774], 
              [0.370085, 0.0164392, 0.0142792, 0.599196], 
              [0.987531, 0.00460808, 0.0077842, 7.64249e-05], 
              [0.0400999, 0.17204, 0.0546659, 0.733195], 
              [0.115705, 0.0918096, 0.393457, 0.399029], 
              [0.471773, 0.089799, 0.317193, 0.121235], 
              [0.167595, 0.426743, 0.202757, 0.202905]
            ]
          }, {
            "db": 0,
            "id": "IRF1_HUMAN.H11MO.0.A",
            "len": 20,
            "nsites": 499,
            "evalue": "1.0e+000",
            "url": "http://hocomoco.autosome.ru/motif/IRF1_HUMAN.H11MO.0.A",
            "pwm": [
              [0.338663, 0.176364, 0.356689, 0.128284], 
              [0.605142, 0.0982238, 0.192393, 0.104241], 
              [0.657236, 0.0962202, 0.128278, 0.118266], 
              [0.735377, 0.0741806, 0.0781878, 0.112255], 
              [0.310612, 0.228458, 0.266527, 0.194403], 
              [0.29859, 0.138296, 0.152321, 0.410792], 
              [0.166352, 0.00806155, 0.821526, 0.00406027], 
              [0.933734, 0.0100652, 0.0461301, 0.0100711], 
              [0.987831, 0.00205073, 4.71248e-05, 0.0100711], 
              [0.983824, 0.00205073, 0.00605794, 0.00806748], 
              [0.136298, 0.364704, 0.468891, 0.0301072], 
              [0.200414, 0.100227, 0.0220868, 0.677272], 
              [0.106244, 0.00405434, 0.887645, 0.00205666], 
              [0.937741, 0.016076, 0.0421229, 0.00406027], 
              [0.961784, 4.71248e-05, 0.0280976, 0.0100711], 
              [0.985827, 0.00405434, 0.00405434, 0.00606387], 
              [0.0441324, 0.360696, 0.547032, 0.0481396], 
              [0.196406, 0.242484, 0.0761842, 0.484926], 
              [0.468897, 0.124271, 0.308603, 0.0982298], 
              [0.436839, 0.160336, 0.26853, 0.134295]
            ]
          }, {
            "db": 0,
            "id": "JUNB_HUMAN.H11MO.0.A",
            "len": 11,
            "nsites": 500,
            "evalue": "1.0e+000",
            "url": "http://hocomoco.autosome.ru/motif/JUNB_HUMAN.H11MO.0.A",
            "pwm": [
              [0.273998, 0.0980274, 0.303986, 0.323988], 
              [0.264, 0.347977, 0.273992, 0.11403], 
              [0.0320466, 0.00804543, 0.0120446, 0.947863], 
              [0.00405215, 0.0340402, 0.889869, 0.0720386], 
              [0.933866, 0.00204663, 4.70306e-05, 0.0640402], 
              [5.29494e-05, 4.70306e-05, 0.953856, 0.0460438], 
              [0.0120505, 0.0120446, 4.70306e-05, 0.975858], 
              [0.050043, 0.925862, 0.0140442, 0.0100509], 
              [0.977857, 0.00804543, 0.00404623, 0.0100509], 
              [0.0740382, 0.365974, 0.261995, 0.297993], 
              [0.317989, 0.349977, 0.130021, 0.202013]
            ]
          }, {
            "db": 0,
            "id": "JUND_HUMAN.H11MO.0.A",
            "len": 11,
            "nsites": 450,
            "evalue": "1.0e+000",
            "url": "http://hocomoco.autosome.ru/motif/JUND_HUMAN.H11MO.0.A",
            "pwm": [
              [0.235562, 0.15113, 0.428846, 0.184462], 
              [0.397748, 0.16446, 0.393298, 0.0444934], 
              [0.0267196, 0.00227398, 0.0178261, 0.95318], 
              [0.00672402, 0.00893917, 0.953174, 0.031163], 
              [0.946515, 0.00671744, 0.0222695, 0.0244978], 
              [0.0622672, 5.22551e-05, 0.937622, 5.88314e-05], 
              [0.0133892, 0.0133826, 0.0133826, 0.959846], 
              [0.0244978, 0.933178, 0.0422651, 5.88314e-05], 
              [0.988728, 0.00449571, 0.00671744, 5.88314e-05], 
              [0.0378282, 0.384411, 0.146686, 0.431074], 
              [0.151136, 0.413294, 0.168904, 0.266666]
            ]
          }, {
            "db": 0,
            "id": "JUN_HUMAN.H11MO.0.A",
            "len": 11,
            "nsites": 500,
            "evalue": "1.0e+000",
            "url": "http://hocomoco.autosome.ru/motif/JUN_HUMAN.H11MO.0.A",
            "pwm": [
              [0.232007, 0.144018, 0.403966, 0.220009], 
              [0.497953, 0.162015, 0.307985, 0.0320466], 
              [0.0160498, 0.00404623, 0.0180434, 0.961861], 
              [0.0240482, 0.0140442, 0.921863, 0.040045], 
              [0.977857, 0.00404623, 0.00604583, 0.0120505], 
              [5.29494e-05, 4.70306e-05, 0.947857, 0.0520426], 
              [0.00605175, 0.0240422, 0.00804543, 0.961861], 
