<!DOCTYPE HTML>
<html>
  <head>
    <meta charset="UTF-8">
    <title>TOMTOM</title>
    <script>
      // @JSON_VAR data
      var data = {
        "program": "Tomtom",
        "version": "4.12.0",
        "release": "Tue Jun 27 16:22:50 2017 -0700",
        "cmd": [
          "tomtom", "-verbosity", "1", "-oc",
          "results/AHRpeaks_noAHREs.bed-199.fa/jaspar/meme_tomtom_out",
          "-min-overlap", "5", "-dist", "pearson", "-evalue", "-thresh", "1",
          "-no-ssc", "-bfile",
          "results/AHRpeaks_noAHREs.bed-199.fa/jaspar/background",
          "results/AHRpeaks_noAHREs.bed-199.fa/jaspar/meme_out/meme.xml",
          "/Users/filipov4/meme/db/motif_databases/JASPAR/JASPAR2018_CORE_non-redundant.meme"
        ],
        "options": {
          "strands": "both",
          "distance_measure": "pearson",
          "threshold_type": "evalue",
          "threshold_value": 1,
          "background_source": "file",
          "background_file": "results/AHRpeaks_noAHREs.bed-199.fa/jaspar/background"
        },
        "alphabet": {
          "name": "DNA",
          "like": "dna",
          "ncore": 4,
          "symbols": [
            {
              "symbol": "A",
              "name": "Adenine",
              "colour": "CC0000",
              "complement": "T"
            }, {
              "symbol": "C",
              "name": "Cytosine",
              "colour": "0000CC",
              "complement": "G"
            }, {
              "symbol": "G",
              "name": "Guanine",
              "colour": "FFB300",
              "complement": "C"
            }, {
              "symbol": "T",
              "aliases": "U",
              "name": "Thymine",
              "colour": "008000",
              "complement": "A"
            }, {
              "symbol": "N",
              "aliases": "X.",
              "name": "Any base",
              "equals": "ACGT"
            }, {
              "symbol": "V",
              "name": "Not T",
              "equals": "ACG"
            }, {
              "symbol": "H",
              "name": "Not G",
              "equals": "ACT"
            }, {
              "symbol": "D",
              "name": "Not C",
              "equals": "AGT"
            }, {
              "symbol": "B",
              "name": "Not A",
              "equals": "CGT"
            }, {
              "symbol": "M",
              "name": "Amino",
              "equals": "AC"
            }, {
              "symbol": "R",
              "name": "Purine",
              "equals": "AG"
            }, {
              "symbol": "W",
              "name": "Weak",
              "equals": "AT"
            }, {
              "symbol": "S",
              "name": "Strong",
              "equals": "CG"
            }, {
              "symbol": "Y",
              "name": "Pyrimidine",
              "equals": "CT"
            }, {
              "symbol": "K",
              "name": "Keto",
              "equals": "GT"
            }
          ]
        },
        "background": [0.2899, 0.2101, 0.2101, 0.2899],
        "query_dbs": [
          {
            "source": "results/AHRpeaks_noAHREs.bed-199.fa/jaspar/meme_out/meme.xml",
            "name": "meme",
            "loaded": 7,
            "excluded": 0,
            "last_modified": "Thu May 24 11:41:41 2018"
          }
        ],
        "target_dbs": [
          {
            "source": "/Users/filipov4/meme/db/motif_databases/JASPAR/JASPAR2018_CORE_non-redundant.meme",
            "name": "JASPAR2018 CORE non-redundant",
            "loaded": 1404,
            "excluded": 0,
            "last_modified": "Thu Dec  7 14:38:42 2017"
          }
        ],
        "queries": [
          {
            "db": 0,
            "id": "GAAVTMYTTGCCTAAGMCARTGTCTASAAG",
            "alt": "MEME-4",
            "len": 30,
            "nsites": 7,
            "evalue": "6.2e-016",
            "pwm": [
              [0.0040831, 0.00295916, 0.988875, 0.0040831], 
              [0.849154, 0.00295916, 0.143804, 0.0040831], 
              [0.989999, 0.00295916, 0.00295916, 0.0040831], 
              [0.426618, 0.284649, 0.284649, 0.0040831], 
              [0.0040831, 0.00295916, 0.00295916, 0.989999], 
              [0.285773, 0.56634, 0.143804, 0.0040831], 
              [0.0040831, 0.425494, 0.143804, 0.426618], 
              [0.0040831, 0.00295916, 0.00295916, 0.989999], 
              [0.144928, 0.00295916, 0.00295916, 0.849154], 
              [0.144928, 0.00295916, 0.84803, 0.0040831], 
              [0.0040831, 0.988875, 0.00295916, 0.0040831], 
              [0.0040831, 0.988875, 0.00295916, 0.0040831], 
              [0.0040831, 0.00295916, 0.00295916, 0.989999], 
              [0.849154, 0.143804, 0.00295916, 0.0040831], 
              [0.849154, 0.00295916, 0.143804, 0.0040831], 
              [0.0040831, 0.00295916, 0.988875, 0.0040831], 
              [0.285773, 0.425494, 0.143804, 0.144928], 
              [0.0040831, 0.988875, 0.00295916, 0.0040831], 
              [0.989999, 0.00295916, 0.00295916, 0.0040831], 
              [0.567464, 0.00295916, 0.425494, 0.0040831], 
              [0.0040831, 0.00295916, 0.143804, 0.849154], 
              [0.0040831, 0.00295916, 0.84803, 0.144928], 
              [0.0040831, 0.143804, 0.00295916, 0.849154], 
              [0.0040831, 0.84803, 0.143804, 0.0040831], 
              [0.0040831, 0.00295916, 0.00295916, 0.989999], 
              [0.708309, 0.143804, 0.143804, 0.0040831], 
              [0.144928, 0.284649, 0.56634, 0.0040831], 
              [0.849154, 0.00295916, 0.143804, 0.0040831], 
              [0.989999, 0.00295916, 0.00295916, 0.0040831], 
              [0.0040831, 0.00295916, 0.988875, 0.0040831]
            ]
          }, {
            "db": 0,
            "id": "GTCTATGTTCAGCDDTGCACRTATTGTCTT",
            "alt": "MEME-7",
            "len": 30,
            "nsites": 4,
            "evalue": "3.5e-005",
            "pwm": [
              [0.00707073, 0.00512439, 0.980734, 0.00707073], 
              [0.00707073, 0.00512439, 0.00512439, 0.98268], 
              [0.00707073, 0.980734, 0.00512439, 0.00707073], 
              [0.00707073, 0.00512439, 0.00512439, 0.98268], 
              [0.98268, 0.00512439, 0.00512439, 0.00707073], 
              [0.00707073, 0.00512439, 0.00512439, 0.98268], 
              [0.00707073, 0.00512439, 0.980734, 0.00707073], 
              [0.00707073, 0.249027, 0.00512439, 0.738778], 
              [0.00707073, 0.00512439, 0.00512439, 0.98268], 
              [0.00707073, 0.980734, 0.00512439, 0.00707073], 
              [0.98268, 0.00512439, 0.00512439, 0.00707073], 
              [0.00707073, 0.00512439, 0.980734, 0.00707073], 
              [0.00707073, 0.980734, 0.00512439, 0.00707073], 
              [0.250973, 0.00512439, 0.249027, 0.494876], 
              [0.250973, 0.00512439, 0.492929, 0.250973], 
              [0.00707073, 0.00512439, 0.00512439, 0.98268], 
              [0.00707073, 0.00512439, 0.980734, 0.00707073], 
              [0.00707073, 0.980734, 0.00512439, 0.00707073], 
              [0.98268, 0.00512439, 0.00512439, 0.00707073], 
              [0.00707073, 0.980734, 0.00512439, 0.00707073], 
              [0.494876, 0.00512439, 0.492929, 0.00707073], 
              [0.00707073, 0.00512439, 0.00512439, 0.98268], 
              [0.738778, 0.00512439, 0.249027, 0.00707073], 
              [0.00707073, 0.00512439, 0.00512439, 0.98268], 
              [0.00707073, 0.00512439, 0.00512439, 0.98268], 
              [0.00707073, 0.00512439, 0.980734, 0.00707073], 
              [0.00707073, 0.249027, 0.00512439, 0.738778], 
              [0.00707073, 0.980734, 0.00512439, 0.00707073], 
              [0.00707073, 0.00512439, 0.00512439, 0.98268], 
              [0.00707073, 0.00512439, 0.00512439, 0.98268]
            ]
          }, {
            "db": 0,
            "id": "TGCCCTSAGGCT",
            "alt": "MEME-6",
            "len": 12,
            "nsites": 27,
            "evalue": "2.0e-005",
            "pwm": [
              [0.0379701, 0.000775277, 0.222177, 0.739077], 
              [0.148671, 0.000775277, 0.738783, 0.111771], 
              [0.00106974, 0.775683, 0.111476, 0.111771], 
              [0.00106974, 0.997085, 0.000775277, 0.00106974], 
              [0.0379701, 0.960185, 0.000775277, 0.00106974], 
              [0.00106974, 0.222177, 0.111476, 0.665277], 
              [0.00106974, 0.554281, 0.443579, 0.00106974], 
              [0.812878, 0.000775277, 0.185277, 0.00106974], 
              [0.00106974, 0.000775277, 0.960185, 0.0379701], 
              [0.00106974, 0.0376756, 0.960185, 0.00106974], 
              [0.00106974, 0.849484, 0.148377, 0.00106974], 
              [0.296272, 0.0745759, 0.000775277, 0.628376]
            ]
          }, {
            "db": 0,
            "id": "TTGTGGTCAGACYGGTTCTCTGCTCTYRAA",
            "alt": "MEME-5",
            "len": 30,
            "nsites": 4,
            "evalue": "9.5e-006",
            "pwm": [
              [0.00707073, 0.00512439, 0.00512439, 0.98268], 
              [0.00707073, 0.00512439, 0.00512439, 0.98268], 
              [0.00707073, 0.249027, 0.736832, 0.00707073], 
              [0.00707073, 0.00512439, 0.00512439, 0.98268], 
              [0.250973, 0.00512439, 0.736832, 0.00707073], 
              [0.00707073, 0.00512439, 0.980734, 0.00707073], 
              [0.00707073, 0.00512439, 0.00512439, 0.98268], 
              [0.00707073, 0.980734, 0.00512439, 0.00707073], 
              [0.738778, 0.00512439, 0.249027, 0.00707073], 
              [0.00707073, 0.00512439, 0.980734, 0.00707073], 
              [0.98268, 0.00512439, 0.00512439, 0.00707073], 
              [0.00707073, 0.980734, 0.00512439, 0.00707073], 
              [0.00707073, 0.492929, 0.00512439, 0.494876], 
              [0.250973, 0.00512439, 0.736832, 0.00707073], 
              [0.00707073, 0.00512439, 0.980734, 0.00707073], 
              [0.00707073, 0.00512439, 0.00512439, 0.98268], 
              [0.00707073, 0.00512439, 0.00512439, 0.98268], 
              [0.00707073, 0.980734, 0.00512439, 0.00707073], 
              [0.00707073, 0.00512439, 0.00512439, 0.98268], 
              [0.00707073, 0.980734, 0.00512439, 0.00707073], 
              [0.00707073, 0.00512439, 0.00512439, 0.98268], 
              [0.00707073, 0.00512439, 0.980734, 0.00707073], 
              [0.00707073, 0.980734, 0.00512439, 0.00707073], 
              [0.00707073, 0.00512439, 0.00512439, 0.98268], 
              [0.00707073, 0.980734, 0.00512439, 0.00707073], 
              [0.00707073, 0.00512439, 0.00512439, 0.98268], 
              [0.00707073, 0.492929, 0.00512439, 0.494876], 
              [0.494876, 0.00512439, 0.492929, 0.00707073], 
              [0.98268, 0.00512439, 0.00512439, 0.00707073], 
              [0.98268, 0.00512439, 0.00512439, 0.00707073]
            ]
          }, {
            "db": 0,
            "id": "TTKYCTGTTTHCTYTGCTKMHT",
            "alt": "MEME-2",
            "len": 22,
            "nsites": 33,
            "evalue": "3.1e-013",
            "pwm": [
              [0.0915102, 0.000634743, 0.0610576, 0.846797], 
              [0.000875831, 0.000634743, 0.212115, 0.786375], 
              [0.182145, 0.0610576, 0.272538, 0.484259], 
              [0.0915102, 0.272538, 0.121481, 0.514471], 
              [0.000875831, 0.665288, 0.0610576, 0.272779], 
              [0.000875831, 0.000634743, 0.000634743, 0.997855], 
              [0.000875831, 0.151692, 0.846556, 0.000875831], 
              [0.000875831, 0.121481, 0.0610576, 0.816586], 
              [0.000875831, 0.0610576, 0.0308462, 0.90722], 
              [0.0612987, 0.302749, 0.000634743, 0.635317], 
              [0.363413, 0.212115, 0.151692, 0.272779], 
              [0.000875831, 0.816345, 0.181903, 0.000875831], 
              [0.151933, 0.212115, 0.000634743, 0.635317], 
              [0.000875831, 0.51423, 0.000634743, 0.484259], 
              [0.121722, 0.000634743, 0.000634743, 0.877009], 
              [0.182145, 0.242326, 0.544442, 0.0310873], 
              [0.182145, 0.725711, 0.000634743, 0.0915102], 
              [0.212356, 0.000634743, 0.0610576, 0.725952], 
              [0.000875831, 0.0912691, 0.544442, 0.363413], 
              [0.423836, 0.423595, 0.0308462, 0.121722], 
              [0.242567, 0.302749, 0.000634743, 0.454048], 
              [0.212356, 0.0912691, 0.0610576, 0.635317]
            ]
          }, {
            "db": 0,
            "id": "TTTCYTTTGCTRTGCAGAAGCTTTTTARTT",
            "alt": "MEME-3",
            "len": 30,
            "nsites": 12,
            "evalue": "8.2e-012",
            "pwm": [
              [0.00239587, 0.00173636, 0.00173636, 0.994131], 
              [0.00239587, 0.167026, 0.0843807, 0.746198], 
              [0.0850402, 0.0843807, 0.00173636, 0.828842], 
              [0.167685, 0.745538, 0.00173636, 0.0850402], 
              [0.00239587, 0.41496, 0.0843807, 0.498264], 
              [0.00239587, 0.167026, 0.00173636, 0.828842], 
              [0.00239587, 0.0843807, 0.00173636, 0.911487], 
              [0.0850402, 0.0843807, 0.0843807, 0.746198], 
              [0.0850402, 0.00173636, 0.828182, 0.0850402], 
              [0.00239587, 0.745538, 0.167026, 0.0850402], 
              [0.167685, 0.167026, 0.00173636, 0.663553], 
              [0.332974, 0.167026, 0.497604, 0.00239587], 
              [0.167685, 0.00173636, 0.00173636, 0.828842], 
              [0.00239587, 0.00173636, 0.993472, 0.00239587], 
              [0.00239587, 0.828182, 0.00173636, 0.167685], 
              [0.663553, 0.0843807, 0.00173636, 0.25033], 
              [0.0850402, 0.00173636, 0.662894, 0.25033], 
              [0.580908, 0.0843807, 0.0843807, 0.25033], 
              [0.911487, 0.00173636, 0.0843807, 0.00239587], 
              [0.00239587, 0.0843807, 0.910828, 0.00239587], 
              [0.167685, 0.580248, 0.00173636, 0.25033], 
              [0.167685, 0.00173636, 0.167026, 0.663553], 
              [0.00239587, 0.167026, 0.00173636, 0.828842], 
              [0.0850402, 0.167026, 0.00173636, 0.746198], 
              [0.00239587, 0.0843807, 0.0843807, 0.828842], 
              [0.0850402, 0.00173636, 0.00173636, 0.911487], 
              [0.663553, 0.00173636, 0.24967, 0.0850402], 
              [0.332974, 0.167026, 0.497604, 0.00239587], 
              [0.0850402, 0.00173636, 0.00173636, 0.911487], 
              [0.00239587, 0.167026, 0.0843807, 0.746198]
            ]
          }, {
            "db": 0,
            "id": "WTDTNTTTDTTTTTDTTKTWTTTKYTTTTB",
            "alt": "MEME-1",
            "len": 30,
            "nsites": 69,
            "evalue": "3.8e-038",
            "pwm": [
              [0.477988, 0.101606, 0.159493, 0.260912], 
              [0.116194, 0.145022, 0.0292481, 0.709537], 
              [0.347742, 0.145022, 0.188437, 0.318799], 
              [0.000419537, 0.0581912, 0.000304052, 0.941085], 
              [0.203025, 0.231852, 0.318684, 0.24644], 
              [0.000419537, 0.0437191, 0.000304052, 0.955557], 
              [0.116194, 0.0147761, 0.101606, 0.767424], 
              [0.000419537, 0.0871352, 0.0147761, 0.89767], 
              [0.231968, 0.0292481, 0.362099, 0.376686], 
              [0.0293636, 0.116078, 0.0871352, 0.767424], 
              [0.000419537, 0.159493, 0.101606, 0.73848], 
              [0.0583066, 0.0147761, 0.101606, 0.825311], 
              [0.000419537, 0.0726632, 0.231852, 0.695065], 
              [0.130666, 0.188437, 0.0147761, 0.666122], 
              [0.362214, 0.0871352, 0.304212, 0.24644], 
              [0.116194, 0.000304052, 0.000304052, 0.883198], 
              [0.0583066, 0.0726632, 0.159493, 0.709537], 
              [0.116194, 0.116078, 0.28974, 0.477988], 
              [0.188553, 0.188437, 0.0292481, 0.593763], 
              [0.420101, 0.0871352, 0.116078, 0.376686], 
              [0.188553, 0.000304052, 0.246325, 0.564819], 
              [0.145138, 0.13055, 0.145022, 0.579291], 
              [0.130666, 0.0292481, 0.13055, 0.709537], 
              [0.0583066, 0.0581912, 0.521288, 0.362214], 
              [0.0727787, 0.376571, 0.173965, 0.376686], 
              [0.217496, 0.000304052, 0.173965, 0.608235], 
              [0.174081, 0.101606, 0.202909, 0.521403], 
              [0.289855, 0.000304052, 0.0726632, 0.637178], 
              [0.24644, 0.0292481, 0.0726632, 0.65165], 
              [0.0872507, 0.275268, 0.246325, 0.391157]
            ]
          }
        ],
        "targets": [
          {
            "db": 0,
            "id": "MA0003.3",
            "alt": "TFAP2A",
            "len": 11,
            "nsites": 5308,
            "url": "http://jaspar2018.genereg.net/matrix/MA0003.3",
            "pwm": [
              [0.321401, 0.365295, 0.052188, 0.261116], 
              [0.02495, 0.176257, 0.790229, 0.0085633], 
              [5.46146e-06, 0.974472, 0.0255175, 5.46146e-06], 
              [5.46146e-06, 0.947852, 0.00196792, 0.0501745], 
              [0.00622134, 0.310038, 0.123942, 0.559799], 
              [0.10833, 0.505269, 0.303879, 0.0825209], 
              [0.685621, 0.187418, 0.116408, 0.0105533], 
              [0.154625, 0.0342283, 0.811143, 5.46146e-06], 
              [5.46146e-06, 0.00580885, 0.99418, 5.46146e-06], 
              [0.00578935, 0.881703, 0.108584, 0.00392339], 
              [0.351355, 0.15034, 0.24397, 0.254334]
            ]
          }, {
            "db": 0,
            "id": "MA0041.1",
            "alt": "Foxd3",
            "len": 12,
            "nsites": 47,
            "url": "http://jaspar2018.genereg.net/matrix/MA0041.1",
            "pwm": [
              [0.234162, 0.0641406, 0.552463, 0.149235], 
              [0.637558, 0.0429087, 0.000446072, 0.319087], 
              [0.510169, 0.0216779, 0.000446072, 0.467707], 
              [0.0218473, 0.0853714, 0.000446072, 0.892335], 
              [0.255392, 0.000446072, 0.722314, 0.0218473], 
              [0.000615499, 0.000446072, 0.000446072, 0.998492], 
              [0.0218473, 0.000446072, 0.000446072, 0.977261], 
              [0.106773, 0.000446072, 0.21276, 0.680021], 
              [0.297855, 0.000446072, 0.446306, 0.255392], 
              [0.128004, 0.149066, 0.000446072, 0.722484], 
              [0.0218473, 0.0429087, 0.0853714, 0.849873], 
              [0.000615499, 0.255223, 0.000446072, 0.743715]
            ]
          }, {
            "db": 0,
            "id": "MA0042.2",
            "alt": "FOXI1",
            "len": 7,
            "nsites": 5832,
            "url": "http://jaspar2018.genereg.net/matrix/MA0042.2",
            "pwm": [
              [0.10597, 0.00669049, 0.887334, 4.97076e-06], 
              [0.0138517, 0.0112314, 0.00655249, 0.968364], 
              [0.899677, 0.093882, 0.00643649, 4.97076e-06], 
              [0.995563, 0.00442853, 3.60248e-06, 4.97076e-06], 
              [0.977694, 0.00434853, 0.00548251, 0.0124738], 
              [0.0253675, 0.836015, 0.00775747, 0.130859], 
              [0.992889, 0.00230556, 0.00480052, 4.97076e-06]
            ]
          }, {
            "db": 0,
            "id": "MA0047.2",
            "alt": "Foxa2",
            "len": 12,
            "nsites": 808,
            "url": "http://jaspar2018.genereg.net/matrix/MA0047.2",
            "pwm": [
              [0.00127372, 0.00126385, 0.00126385, 0.9962], 
              [0.273179, 0.00373354, 0.719344, 0.00374342], 
              [0.00127172, 0.00126185, 0.00126185, 0.996205], 
              [0.00127172, 0.00373354, 0.0445195, 0.950474], 
              [0.00126872, 0.00125885, 0.215782, 0.78169], 
              [0.908565, 0.00496339, 0.0827318, 0.00373942], 
              [0.00250457, 0.894977, 0.00249469, 0.100023], 
              [0.417784, 0.0951932, 0.00373354, 0.483289], 
              [0.0618332, 0.32755, 0.0717101, 0.538906], 
              [0.516701, 0.00746008, 0.0297623, 0.446078], 
              [0.162547, 0.0657749, 0.597967, 0.173711], 
              [0.160664, 0.242835, 0.361127, 0.235374]
            ]
          }, {
            "db": 0,
            "id": "MA0148.3",
            "alt": "FOXA1",
            "len": 15,
            "nsites": 22008,
            "url": "http://jaspar2018.genereg.net/matrix/MA0148.3",
            "pwm": [
              [0.196656, 0.219329, 0.187386, 0.396628], 
              [0.211696, 0.311296, 0.214967, 0.262041], 
              [0.139132, 0.388858, 0.241458, 0.230553], 
              [0.3242, 0.196156, 0.16544, 0.314204], 
              [0.0031823, 9.54649e-07, 0.000545952, 0.996271], 
              [0.267312, 9.54649e-07, 0.732686, 1.31724e-06], 
              [1.31724e-06, 9.54649e-07, 9.54649e-07, 0.999997], 
              [1.31724e-06, 9.54649e-07, 0.0587067, 0.941291], 
              [1.31724e-06, 9.54649e-07, 0.129907, 0.87009], 
              [0.829333, 9.54649e-07, 0.170665, 1.31724e-06], 
              [1.31724e-06, 0.934021, 9.54649e-07, 0.065977], 
              [0.417711, 0.120638, 9.54649e-07, 0.461649], 
              [0.0375781, 0.331515, 0.0632507, 0.567656], 
              [0.486277, 4.59544e-05, 0.00286394, 0.510813], 
              [0.218421, 0.118275, 0.427798, 0.235505]
            ]
          }, {
            "db": 0,
            "id": "MA0263.1",
            "alt": "ceh-10::ttx-3",
            "len": 14,
            "nsites": 29,
            "url": "http://jaspar2018.genereg.net/matrix/MA0263.1",
            "pwm": [
              [0.963195, 0.000721993, 0.0350865, 0.00099622], 
              [0.00099622, 0.000721993, 0.0350865, 0.963195], 
              [0.0353607, 0.000721993, 0.000721993, 0.963195], 
              [0.310275, 0.000721993, 0.688007, 0.00099622], 
              [0.00099622, 0.000721993, 0.962921, 0.0353607], 
              [0.0697252, 0.55055, 0.0350865, 0.344639], 
              [0.104089, 0.172544, 0.0350865, 0.688281], 
              [0.0353607, 0.172544, 0.000721993, 0.791374], 
              [0.482096, 0.516186, 0.000721993, 0.00099622], 
              [0.138453, 0.103815, 0.756736, 0.00099622], 
              [0.00099622, 0.000721993, 0.000721993, 0.99756], 
              [0.00099622, 0.069451, 0.000721993, 0.928831], 
              [0.825738, 0.0350865, 0.000721993, 0.138453], 
              [0.51646, 0.000721993, 0.310001, 0.172818]
            ]
          }, {
            "db": 0,
            "id": "MA0277.1",
            "alt": "AZF1",
            "len": 9,
            "nsites": 102,
            "url": "http://jaspar2018.genereg.net/matrix/MA0277.1",
            "pwm": [
              [0.617326, 0.127532, 0.127532, 0.12761], 
              [0.999305, 0.000205779, 0.000205779, 0.000283937], 
              [0.999305, 0.000205779, 0.000205779, 0.000283937], 
              [0.870718, 0.128793, 0.000205779, 0.000283937], 
              [0.749549, 0.000205779, 0.249961, 0.000283937], 
              [0.000283937, 0.000205779, 0.999226, 0.000283937], 
              [0.77952, 0.160049, 0.0301764, 0.0302546], 
              [0.817665, 0.0607524, 0.0607524, 0.0608306], 
              [0.617326, 0.127532, 0.127532, 0.12761]
            ]
          }, {
            "db": 0,
            "id": "MA0297.1",
            "alt": "FKH2",
            "len": 7,
            "nsites": 101,
            "url": "http://jaspar2018.genereg.net/matrix/MA0297.1",
            "pwm": [
              [0.128872, 0.000207814, 0.870633, 0.000286746], 
              [0.000286746, 0.000207814, 0.000207814, 0.999298], 
              [0.999298, 0.000207814, 0.000207814, 0.000286746], 
              [0.999298, 0.000207814, 0.000207814, 0.000286746], 
              [0.999298, 0.000207814, 0.000207814, 0.000286746], 
              [0.000286746, 0.999219, 0.000207814, 0.000286746], 
              [0.999298, 0.000207814, 0.000207814, 0.000286746]
            ]
          }, {
            "db": 0,
            "id": "MA0377.1",
            "alt": "SFL1",
            "len": 21,
            "nsites": 999,
            "url": "http://jaspar2018.genereg.net/matrix/MA0377.1",
            "pwm": [
              [0.272274, 0.183186, 0.130138, 0.414402], 
              [0.368729, 0.26252, 0.124257, 0.244494], 
              [0.281564, 0.244486, 0.332653, 0.141298], 
              [0.382373, 0.256251, 0.117126, 0.244249], 
              [0.314627, 0.0982072, 0.349685, 0.23748], 
              [0.36836, 0.22122, 0.198199, 0.21222], 
              [0.727684, 0.030048, 0.124133, 0.118135], 
              [0.127143, 0.178181, 0.108118, 0.586557], 
              [0.506485, 0.261256, 0.226224, 0.00603441], 
              [0.0180632, 0.01004, 0.961849, 0.010048], 
              [0.957849, 0.0160514, 0.00503053, 0.0210689], 
              [0.960855, 0.00903813, 0.0210609, 0.00904611], 
              [0.0220708, 0.0471103, 0.807555, 0.123263], 
              [0.616584, 0.129137, 0.218217, 0.0360614], 
              [0.597163, 0.134277, 0.0360894, 0.232471], 
              [0.536047, 0.221442, 0.0481122, 0.194399], 
              [0.256516, 0.156318, 0.146299, 0.440867], 
              [0.492966, 0.0962034, 0.217434, 0.193397], 
              [0.43185, 0.0671483, 0.0992091, 0.401793], 
              [0.369731, 0.123255, 0.146299, 0.360714], 
              [0.410219, 0.121373, 0.0722308, 0.396178]
            ]
          }, {
            "db": 0,
            "id": "MA0480.1",
            "alt": "Foxo1",
            "len": 11,
            "nsites": 2490,
            "url": "http://jaspar2018.genereg.net/matrix/MA0480.1",
            "pwm": [
              [0.187956, 0.111249, 0.191969, 0.508826], 
              [0.0510136, 0.513643, 0.302004, 0.133339], 
              [0.0349502, 0.564645, 0.0839411, 0.316465], 
              [1.16421e-05, 8.43742e-06, 8.43742e-06, 0.999971], 
              [1.16421e-05, 8.43742e-06, 0.999968, 1.16421e-05], 
              [1.16421e-05, 8.43742e-06, 8.43742e-06, 0.999971], 
              [1.16421e-05, 8.43742e-06, 8.43742e-06, 0.999971], 
              [1.16421e-05, 8.43742e-06, 0.115265, 0.884715], 
              [0.751387, 0.0630579, 8.43742e-06, 0.185546], 
              [1.16421e-05, 0.806, 8.43742e-06, 0.19398], 
              [0.430516, 0.230119, 0.0285213, 0.310842]
            ]
          }, {
            "db": 0,
            "id": "MA0481.2",
            "alt": "FOXP1",
            "len": 12,
            "nsites": 4266,
            "url": "http://jaspar2018.genereg.net/matrix/MA0481.2",
            "pwm": [
              [0.351382, 0.212846, 0.23277, 0.203002], 
              [0.35982, 0.0625915, 0.225738, 0.351851], 
              [0.0696252, 0.0117257, 0.904344, 0.0143055], 
              [0.031886, 0.0356351, 0.0241484, 0.908331], 
              [0.956618, 0.0304782, 0.00656877, 0.00633565], 
              [0.945602, 0.0332901, 0.00422383, 0.0168844], 
              [0.976308, 0.00469281, 0.0131316, 0.00586666], 
              [0.00891459, 0.932238, 0.00703676, 0.0518106], 
              [0.962244, 0.00328685, 0.00867772, 0.0257912], 
              [0.21191, 0.159166, 0.509135, 0.119788], 
              [0.353492, 0.202297, 0.219175, 0.225037], 
              [0.305438, 0.220581, 0.212377, 0.261604]
            ]
          }, {
            "db": 0,
            "id": "MA0524.2",
            "alt": "TFAP2C",
            "len": 12,
            "nsites": 5834,
            "url": "http://jaspar2018.genereg.net/matrix/MA0524.2",
            "pwm": [
              [0.220947, 0.2446, 0.0527967, 0.481656], 
              [0.102765, 0.198151, 0.68281, 0.0162737], 
              [0.0106498, 0.887153, 0.094436, 0.00775984], 
              [0.0040129, 0.974269, 0.00150658, 0.0202116], 
              [0.00634586, 0.615931, 0.0658125, 0.311911], 
              [0.0884505, 0.36407, 0.22746, 0.32002], 
              [0.412237, 0.248542, 0.291737, 0.0474842], 
              [0.379775, 0.0584426, 0.558863, 0.00291792], 
              [0.0270585, 0.00199557, 0.968286, 0.00266092], 
              [0.0165127, 0.110353, 0.867627, 0.00550787], 
              [0.0323244, 0.742325, 0.149129, 0.0762217], 
              [0.597355, 0.0666805, 0.177409, 0.158555]
            ]
          }, {
            "db": 0,
            "id": "MA0546.1",
            "alt": "pha-4",
            "len": 10,
            "nsites": 1010,
            "url": "http://jaspar2018.genereg.net/matrix/MA0546.1",
            "pwm": [
              [0.579179, 0.0703108, 2.07999e-05, 0.350489], 
              [0.528689, 2.07999e-05, 0.466312, 0.00497821], 
              [0.531659, 2.07999e-05, 0.0782311, 0.390089], 
              [0.0406187, 2.07999e-05, 0.959332, 2.87001e-05], 
              [2.87001e-05, 0.402951, 2.07999e-05, 0.597], 
              [0.853409, 0.146541, 2.07999e-05, 2.87001e-05], 
              [0.99993, 2.07999e-05, 2.07999e-05, 2.87001e-05], 
              [0.99993, 2.07999e-05, 2.07999e-05, 2.87001e-05], 
              [2.87001e-05, 0.616792, 2.07999e-05, 0.383159], 
              [0.99993, 2.07999e-05, 2.07999e-05, 2.87001e-05]
            ]
          }, {
            "db": 0,
            "id": "MA0582.1",
            "alt": "RAV1",
            "len": 12,
            "nsites": 49,
            "url": "http://jaspar2018.genereg.net/matrix/MA0582.1",
            "pwm": [
              [0.285723, 0.34666, 0.244827, 0.12279], 
              [0.313676, 0.215675, 0.196107, 0.274541], 
              [0.123147, 0.245542, 0.613212, 0.0180987], 
              [0.000590428, 0.998391, 0.000427902, 0.000590428], 
              [0.690359, 0.176539, 0.132511, 0.000590428], 
              [0.897311, 0.0582808, 0.0438174, 0.000590428], 
              [0.000590428, 0.998391, 0.000427902, 0.000590428], 
              [0.998554, 0.000427902, 0.000427902, 0.000590428], 
              [0.13076, 0.10167, 0.463251, 0.304319], 
              [0.593583, 0.0582808, 0.0582808, 0.289855], 
              [0.492341, 0.0872078, 0.145061, 0.275392], 
              [0.391097, 0.130597, 0.246303, 0.232002]
            ]
          }, {
            "db": 0,
            "id": "MA0593.1",
            "alt": "FOXP2",
            "len": 11,
            "nsites": 766,
            "url": "http://jaspar2018.genereg.net/matrix/MA0593.1",
            "pwm": [
              [0.430791, 0.147528, 0.248037, 0.173644], 
              [0.443844, 0.00916423, 0.185382, 0.36161], 
              [0.208888, 2.74246e-05, 0.791047, 3.7841e-05], 
              [0.0770508, 2.74246e-05, 2.74246e-05, 0.922894], 
              [0.999907, 2.74246e-05, 2.74246e-05, 3.7841e-05], 
              [0.999907, 2.74246e-05, 2.74246e-05, 3.7841e-05], 
              [0.999907, 2.74246e-05, 2.74246e-05, 3.7841e-05], 
              [3.7841e-05, 0.988149, 2.74246e-05, 0.0117853], 
              [0.999907, 2.74246e-05, 2.74246e-05, 3.7841e-05], 
              [0.387715, 0.201045, 0.382484, 0.0287551], 
              [0.433401, 0.161886, 0.240205, 0.164507]
            ]
          }, {
            "db": 0,
            "id": "MA0795.1",
            "alt": "SMAD3",
            "len": 10,
            "nsites": 4132,
            "url": "http://jaspar2018.genereg.net/matrix/MA0795.1",
            "pwm": [
              [0.13408, 0.442637, 0.0210596, 0.402224], 
              [0.00564888, 0.00451798, 0.984748, 0.00508489], 
              [0.0277993, 0.0078299, 0.0224005, 0.94197], 
              [0.00256595, 0.992588, 0.00313301, 0.00171297], 
              [7.0158e-06, 0.0128968, 0.00869287, 0.978402], 
              [0.985306, 0.00847188, 0.00621393, 7.0158e-06], 
              [7.0158e-06, 0.00285902, 0.996271, 0.000862995], 
              [0.930669, 0.0530568, 0.00133805, 0.0149357], 
              [0.00565488, 0.985861, 0.00282902, 0.00565488], 
              [0.69833, 0.08682, 0.0632166, 0.151633]
            ]
          }, {
            "db": 0,
            "id": "MA0810.1",
            "alt": "TFAP2A(var.2)",
            "len": 12,
            "nsites": 4005,
            "url": "http://jaspar2018.genereg.net/matrix/MA0810.1",
            "pwm": [
              [0.169291, 0.295379, 0.0432002, 0.49213], 
              [0.121506, 0.27635, 0.580823, 0.0213207], 
              [0.00353615, 0.94257, 0.0538859, 7.23827e-06], 
              [7.23827e-06, 0.989361, 0.00247518, 0.00815703], 
              [0.00250318, 0.701935, 0.0551709, 0.24039], 
              [0.049195, 0.412729, 0.207491, 0.330586], 
              [0.330503, 0.359207, 0.263104, 0.0471851], 
              [0.423717, 0.101626, 0.467659, 0.00699806], 
              [0.0451491, 0.00804105, 0.946803, 7.23827e-06], 
              [0.00104721, 0.16386, 0.833005, 0.00208619], 
              [0.0210437, 0.834393, 0.0974828, 0.0470801], 
              [0.479775, 0.10834, 0.244382, 0.167502]
            ]
          }, {
            "db": 0,
            "id": "MA0811.1",
            "alt": "TFAP2B",
            "len": 12,
            "nsites": 3179,
            "url": "http://jaspar2018.genereg.net/matrix/MA0811.1",
            "pwm": [
              [0.22523, 0.240012, 0.0566268, 0.478132], 
              [0.135516, 0.202863, 0.641043, 0.0205775], 
              [0.00660691, 0.911911, 0.0748753, 0.00660691], 
              [0.000320109, 0.989085, 6.60879e-06, 0.0105878], 
              [0.00346801, 0.645898, 0.0478041, 0.30283], 
              [0.0657511, 0.377158, 0.213589, 0.343502], 
              [0.407986, 0.256369, 0.279331, 0.0563143], 
              [0.400626, 0.0669855, 0.53238, 9.11893e-06], 
              [0.0253213, 0.00519145, 0.969479, 9.11893e-06], 
              [0.0101598, 0.114406, 0.872133, 0.00330102], 
              [0.0230434, 0.795926, 0.121185, 0.0598472], 
              [0.579236, 0.0594387, 0.210692, 0.150633]
            ]
          }, {
            "db": 0,
            "id": "MA0812.1",
            "alt": "TFAP2B(var.2)",
            "len": 11,
            "nsites": 4549,
            "url": "http://jaspar2018.genereg.net/matrix/MA0812.1",
            "pwm": [
              [0.392172, 0.310396, 0.0510035, 0.246429], 
              [0.0078072, 0.131963, 0.853724, 0.00650723], 
              [6.37269e-06, 0.999104, 0.000883599, 6.37269e-06], 
              [6.37269e-06, 0.966211, 0.000216614, 0.0335656], 
              [0.0035243, 0.264731, 0.134567, 0.597179], 
              [0.126653, 0.467452, 0.329373, 0.0765217], 
              [0.765162, 0.133687, 0.0980675, 0.00308431], 
              [0.0490663, 0.0008396, 0.949671, 0.000424363], 
              [0.00132034, 0.00219457, 0.99626, 0.000225368], 
              [0.0101771, 0.919698, 0.0647082, 0.00541625], 
              [0.400526, 0.0815588, 0.252582, 0.265334]
            ]
          }, {
            "db": 0,
            "id": "MA0813.1",
            "alt": "TFAP2B(var.3)",
            "len": 13,
            "nsites": 1305,
            "url": "http://jaspar2018.genereg.net/matrix/MA0813.1",
            "pwm": [
              [0.234487, 0.117248, 0.0728075, 0.575457], 
              [2.22129e-05, 0.236349, 0.763607, 2.22129e-05], 
              [2.22129e-05, 0.999939, 1.60984e-05, 2.22129e-05], 
              [2.22129e-05, 0.999939, 1.60984e-05, 2.22129e-05], 
              [0.0053578, 0.825994, 0.0234933, 0.145155], 
              [0.0265982, 0.389521, 0.109643, 0.474238], 
              [0.115944, 0.272077, 0.30914, 0.302838], 
              [0.48949, 0.167929, 0.308136, 0.0344446], 
              [0.244764, 0.0444387, 0.701555, 0.00924151], 
              [2.22129e-05, 1.60984e-05, 0.999939, 2.22129e-05], 
              [2.22129e-05, 1.60984e-05, 0.999939, 2.22129e-05], 
              [2.22129e-05, 0.846177, 0.153778, 2.22129e-05], 
              [0.559841, 0.0913101, 0.154181, 0.194667]
            ]
          }, {
            "db": 0,
            "id": "MA0814.1",
            "alt": "TFAP2C(var.2)",
            "len": 11,
            "nsites": 7758,
            "url": "http://jaspar2018.genereg.net/matrix/MA0814.1",
            "pwm": [
              [0.354472, 0.295436, 0.0729588, 0.277133], 
              [0.0199105, 0.104671, 0.866525, 0.00889262], 
              [3.73674e-06, 0.981268, 0.0187245, 3.73674e-06], 
              [0.000361732, 0.924764, 0.00393666, 0.0709378], 
              [0.0190855, 0.225761, 0.144019, 0.611136], 
              [0.144885, 0.37329, 0.370068, 0.111758], 
              [0.738037, 0.107904, 0.146836, 0.00722264], 
              [0.116671, 0.00955658, 0.871858, 0.00191471], 
              [3.73674e-06, 0.0137345, 0.986258, 3.73674e-06], 
              [0.0159145, 0.884982, 0.0869476, 0.0121556], 
              [0.387778, 0.0656199, 0.241073, 0.30553]
            ]
          }, {
            "db": 0,
            "id": "MA0815.1",
            "alt": "TFAP2C(var.3)",
            "len": 13,
            "nsites": 2563,
            "url": "http://jaspar2018.genereg.net/matrix/MA0815.1",
            "pwm": [
              [0.207572, 0.136562, 0.0838909, 0.571975], 
              [1.13105e-05, 0.216919, 0.783059, 1.13105e-05], 
              [1.13105e-05, 0.999969, 8.19711e-06, 1.13105e-05], 
              [1.13105e-05, 0.999969, 8.19711e-06, 1.13105e-05], 
              [0.00677005, 0.82423, 0.0377797, 0.131219], 
              [0.032839, 0.36923, 0.149025, 0.448906], 
              [0.138948, 0.34754, 0.351726, 0.161786], 
              [0.416525, 0.148851, 0.404597, 0.0300261], 
              [0.132456, 0.0383477, 0.822214, 0.00698204], 
              [1.13105e-05, 8.19711e-06, 0.999969, 1.13105e-05], 
              [1.13105e-05, 8.19711e-06, 0.999969, 1.13105e-05], 
              [1.13105e-05, 0.803906, 0.196072, 1.13105e-05], 
              [0.573848, 0.0778922, 0.153538, 0.194722]
            ]
          }, {
            "db": 0,
            "id": "MA0846.1",
            "alt": "FOXC2",
            "len": 12,
            "nsites": 22189,
            "url": "http://jaspar2018.genereg.net/matrix/MA0846.1",
            "pwm": [
              [0.402856, 0.0576417, 0.0204619, 0.51904], 
              [0.698608, 0.0564197, 0.173935, 0.071037], 
              [0.417611, 0.128451, 0.115628, 0.33831], 
              [0.305154, 0.0209219, 0.667457, 0.00646728], 
              [0.075505, 0.142082, 0.0120889, 0.770324], 
              [0.745914, 0.246463, 0.00317293, 0.00445029], 
              [0.974649, 0.0163909, 0.00385993, 0.00509928], 
              [0.970303, 0.00498192, 0.0132349, 0.0114803], 
              [0.0015093, 0.70226, 0.00330893, 0.292921], 
              [0.969476, 0.00478793, 0.0155459, 0.0101913], 
              [0.54822, 0.0860516, 0.0705076, 0.295221], 
              [0.419896, 0.117625, 0.101165, 0.361314]
            ]
          }, {
            "db": 0,
            "id": "MA0847.1",
            "alt": "FOXD2",
            "len": 7,
            "nsites": 1949,
            "url": "http://jaspar2018.genereg.net/matrix/MA0847.1",
            "pwm": [
              [0.310415, 0.0272024, 0.646976, 0.0154071], 
              [0.103953, 0.15293, 1.07793e-05, 0.743107], 
              [0.823087, 0.123956, 1.07793e-05, 0.0529452], 
              [0.94382, 0.0298522, 0.0101263, 0.0162], 
              [0.981554, 1.07793e-05, 1.07793e-05, 0.0184249], 
              [1.48735e-05, 0.718559, 0.014794, 0.266632], 
              [0.823814, 1.07793e-05, 0.0984607, 0.0777149]
            ]
          }, {
            "db": 0,
            "id": "MA0848.1",
            "alt": "FOXO4",
            "len": 7,
            "nsites": 7060,
            "url": "http://jaspar2018.genereg.net/matrix/MA0848.1",
            "pwm": [
              [0.236403, 0.00184395, 0.761748, 4.10617e-06], 
              [0.0583293, 0.0116678, 0.0207977, 0.909205], 
              [0.804, 0.188219, 0.00478691, 0.00299406], 
              [0.966735, 0.0262476, 0.00341793, 0.00359906], 
              [0.981735, 2.97588e-06, 0.0164317, 0.00182908], 
              [0.00902798, 0.836773, 0.0051379, 0.149061], 
              [0.988957, 0.00184195, 0.00184195, 0.00736]
            ]
          }, {
            "db": 0,
            "id": "MA0849.1",
            "alt": "FOXO6",
            "len": 7,
