<!DOCTYPE HTML>
<html>
  <head>
    <meta charset="UTF-8">
    <title>SpaMo - Spaced Motif Analysis</title>
    <script type="text/javascript">
      //@JSON_VAR data
      var data = {"program":"SpaMo","version":"4.12.0","revision":"aacc9c3eb8c7b460b344d5c8aa1458097dae704d","release":"Tue Jun 27 16:22:50 2017 -0700","host":"Sudins-iMac.local","when":"Thu May 24 18:46:27 2018","cmd":["spamo","-verbosity","1","-oc","results/AHRpeaks_withAHREs.bed-399.fa/hocomoco/spamo_out_4","-bgfile","results/AHRpeaks_withAHREs.bed-399.fa/hocomoco/background","-primary","RKCTCMCHGCMMHCYCCNCCHC","results/AHRpeaks_withAHREs.bed-399.fa/hocomoco/AHRpeaks_withAHREs.bed-399.fa","results/AHRpeaks_withAHREs.bed-399.fa/hocomoco/meme_out/meme.xml","results/AHRpeaks_withAHREs.bed-399.fa/hocomoco/meme_out/meme.xml","results/AHRpeaks_withAHREs.bed-399.fa/hocomoco/dreme_out/dreme.xml","/Users/filipov4/meme/db/motif_databases/HUMAN/HOCOMOCOv11_full_HUMAN_mono_meme_format.meme"],"options":{"seq_min_hit_score":7,"margin":150,"bin_size":1,"bin_pvalue_calc_range":150,"use_best_secondary":0,"seq_max_shared_fract":0.5,"seq_odds_ratio":20,"bin_pvalue_cutoff":0.05,"motif_evalue_cutoff":10,"redundant_overlap":2,"redundant_joint":0.5,"motif_pseudocount":0.1,"bgfile":"results/AHRpeaks_withAHREs.bed-399.fa/hocomoco/background","motif_trim":0.25,"xalph":0,"seed":1,"bin_max":8},"alphabet":{"name":"DNA","like":"dna","ncore":4,"symbols":[{"symbol":"A","name":"Adenine","colour":"CC0000","complement":"T"},{"symbol":"C","name":"Cytosine","colour":"0000CC","complement":"G"},{"symbol":"G","name":"Guanine","colour":"FFB300","complement":"C"},{"symbol":"T","aliases":"U","name":"Thymine","colour":"008000","complement":"A"},{"symbol":"N","aliases":"X.","name":"Any base","equals":"ACGT"},{"symbol":"V","name":"Not T","equals":"ACG"},{"symbol":"H","name":"Not G","equals":"ACT"},{"symbol":"D","name":"Not C","equals":"AGT"},{"symbol":"B","name":"Not A","equals":"CGT"},{"symbol":"M","name":"Amino","equals":"AC"},{"symbol":"R","name":"Purine","equals":"AG"},{"symbol":"W","name":"Weak","equals":"AT"},{"symbol":"S","name":"Strong","equals":"CG"},{"symbol":"Y","name":"Pyrimidine","equals":"CT"},{"symbol":"K","name":"Keto","equals":"GT"}]},"background":[0.2648,0.2352,0.2352,0.2648],"sequence_dbs":[{"source":"results/AHRpeaks_withAHREs.bed-399.fa/hocomoco/AHRpeaks_withAHREs.bed-399.fa","name":"AHRpeaks_withAHREs.bed-399","last_modified":"Thu May 24 11:14:35 2018","loaded":1342,"excluded_too_short":0,"excluded_no_match":1197,"excluded_ambigs":0,"excluded_similar":3,"erased_primary_matches":141}],"primary_dbs":[{"source":"results/AHRpeaks_withAHREs.bed-399.fa/hocomoco/meme_out/meme.xml","name":"meme.xml","last_modified":"Thu May 24 18:44:42 2018","loaded":6,"excluded":5}],"secondary_dbs":[{"source":"results/AHRpeaks_withAHREs.bed-399.fa/hocomoco/meme_out/meme.xml","name":"meme.xml","last_modified":"Thu May 24 18:44:42 2018","loaded":7,"excluded":1},{"source":"results/AHRpeaks_withAHREs.bed-399.fa/hocomoco/dreme_out/dreme.xml","name":"dreme.xml","last_modified":"Thu May 24 18:45:34 2018","loaded":7,"excluded":0},{"source":"/Users/filipov4/meme/db/motif_databases/HUMAN/HOCOMOCOv11_full_HUMAN_mono_meme_format.meme","name":"HOCOMOCOv11_full_HUMAN_mono_meme_format","last_modified":"Wed Dec  6 21:59:30 2017","loaded":771,"excluded":0}],"secondary_motifs":[{"db":0,"id":"RAAAAAAAMAAAMAAA","alt":"MEME-2","len":16,"ltrim":0,"rtrim":0,"nsites":52,"evalue":"5.5e-035","pwm":[[0.480354,0.00045144,0.345941,0.173253],[0.960201,0.00045144,0.00045144,0.0388964],[0.787457,0.00045144,0.211583,0.000508253],[0.633905,0.0772268,0.0196455,0.269222],[0.55713,0.269166,0.00045144,0.173253],[0.941008,0.00045144,0.0580327,0.000508253],[0.691487,0.0388396,0.269166,0.000508253],[0.883425,0.00045144,0.0772268,0.0388964],[0.480354,0.44191,0.0772268,0.000508253],[0.941008,0.0580327,0.00045144,0.000508253],[0.633905,0.00045144,0.154002,0.21164],[0.998589,0.00045144,0.00045144,0.000508253],[0.365192,0.326747,0.173196,0.134865],[0.921814,0.00045144,0.0388396,0.0388964],[0.710681,0.115615,0.173196,0.000508253],[0.902619,0.00045144,0.0772268,0.0197023]]},{"db":0,"id":"TCCAGCCTGGGTSACAGAGYRASAYYCC","alt":"MEME-4","len":28,"ltrim":0,"rtrim":0,"nsites":8,"evalue":"1.1e-013","pwm":[[0.00326914,0.12636,0.12636,0.74401],[0.00326914,0.990558,0.0029037,0.00326914],[0.00326914,0.990558,0.0029037,0.00326914],[0.867467,0.12636,0.0029037,0.00326914],[0.250183,0.0029037,0.743644,0.00326914],[0.00326914,0.743644,0.249817,0.00326914],[0.00326914,0.867101,0.0029037,0.126726],[0.00326914,0.0029037,0.0029037,0.990923],[0.00326914,0.0029037,0.990558,0.00326914],[0.00326914,0.12636,0.867101,0.00326914],[0.126726,0.0029037,0.867101,0.00326914],[0.00326914,0.12636,0.0029037,0.867467],[0.00326914,0.373274,0.620188,0.00326914],[0.990923,0.0029037,0.0029037,0.00326914],[0.00326914,0.867101,0.0029037,0.126726],[0.74401,0.12636,0.12636,0.00326914],[0.00326914,0.12636,0.867101,0.00326914],[0.74401,0.0029037,0.249817,0.00326914],[0.00326914,0.0029037,0.990558,0.00326914],[0.00326914,0.496731,0.0029037,0.497096],[0.497096,0.12636,0.373274,0.00326914],[0.990923,0.0029037,0.0029037,0.00326914],[0.00326914,0.373274,0.620188,0.00326914],[0.990923,0.0029037,0.0029037,0.00326914],[0.00326914,0.373274,0.12636,0.497096],[0.00326914,0.373274,0.12636,0.497096],[0.00326914,0.743644,0.12636,0.126726],[0.00326914,0.620188,0.12636,0.250183]]},{"db":1,"id":"CCAGGH","alt":"DREME-5","len":6,"ltrim":0,"rtrim":0,"nsites":460,"evalue":"5.3e-006","pwm":[[5.75527e-05,0.999834,5.11193e-05,5.75527e-05],[5.75527e-05,0.999834,5.11193e-05,5.75527e-05],[0.99984,5.11193e-05,5.11193e-05,5.75527e-05],[5.75527e-05,5.11193e-05,0.999834,5.75527e-05],[5.75527e-05,5.11193e-05,0.999834,5.75527e-05],[0.343461,0.406485,5.11193e-05,0.250003]]},{"db":2,"id":"ARI5B_HUMAN.H11MO.0.C","len":13,"ltrim":2,"rtrim":1,"nsites":15,"evalue":"1.0e+000","url":"http://hocomoco.autosome.ru/motif/ARI5B_HUMAN.H11MO.0.C","pwm":[[0.216985,0.0843391,0.34924,0.349436],[0.134204,0.266458,0.398909,0.200429],[0.00175364,0.266458,0.200233,0.531555],[0.00175364,0.134008,0.332683,0.531555],[0.332879,0.0677828,0.332683,0.266654],[0.200429,0.0677828,0.663809,0.0679788],[0.00175364,0.00155762,0.00155762,0.995131],[0.862681,0.00155762,0.134008,0.00175364],[0.00175364,0.134008,0.00155762,0.862681],[0.00175364,0.0677828,0.0677828,0.862681],[0.134204,0.266458,0.531359,0.0679788],[0.134204,0.0677828,0.266458,0.531555],[0.250098,0.117452,0.448577,0.183873]]},{"db":2,"id":"ATF4_HUMAN.H11MO.0.A","len":12,"ltrim":0,"rtrim":0,"nsites":500,"evalue":"1.0e+000","url":"http://hocomoco.autosome.ru/motif/ATF4_HUMAN.H11MO.0.A","pwm":[[0.397973,0.0640342,0.381971,0.156022],[0.236006,0.18601,0.393968,0.184016],[0.533946,0.329981,0.13602,5.29494e-05],[0.00205255,0.00204663,4.70306e-05,0.995854],[5.29494e-05,0.00604583,0.977851,0.0160498],[0.979857,0.00604583,0.010045,0.00405215],[5.29494e-05,0.0520366,0.00604583,0.941865],[5.29494e-05,0.00604583,0.993848,5.29494e-05],[0.102033,0.801887,0.00204663,0.0940342],[0.993854,0.00604583,4.70306e-05,5.29494e-05],[0.997853,4.70306e-05,0.00204663,5.29494e-05],[0.0160498,0.291989,0.130021,0.561941]]},{"db":2,"id":"BATF3_HUMAN.H11MO.0.B","len":17,"ltrim":1,"rtrim":2,"nsites":500,"evalue":"1.0e+000","url":"http://hocomoco.autosome.ru/motif/BATF3_HUMAN.H11MO.0.B","pwm":[[0.172019,0.353976,0.206006,0.267999],[0.483956,0.0560358,0.243998,0.21601],[0.030047,0.389969,0.501947,0.0780374],[0.030047,0.0160438,0.0140442,0.939865],[0.0460438,0.0640342,0.00804543,0.881877],[0.0420446,0.160015,0.0420386,0.755902],[0.0180494,0.855876,0.020043,0.106032],[0.501953,0.178011,0.120023,0.200013],[0.210011,0.182011,0.218003,0.389975],[0.230007,0.0420386,0.0640342,0.66392],[0.481957,0.198007,0.0560358,0.264],[0.00805135,4.70306e-05,0.010045,0.981857],[0.0120505,0.0240422,0.809885,0.154022],[0.86388,0.00604583,0.0420386,0.0880354],[0.100033,0.461955,0.317983,0.120029],[0.252003,0.120023,0.146018,0.481957],[0.242005,0.38597,0.18601,0.186016]]},{"db":2,"id":"BPTF_HUMAN.H11MO.0.D","len":12,"ltrim":0,"rtrim":2,"nsites":21,"evalue":"1.0e+000","url":"http://hocomoco.autosome.ru/motif/BPTF_HUMAN.H11MO.0.D","pwm":[[0.0960417,0.0959014,0.380262,0.427795],[0.0486483,0.00111469,0.380262,0.569975],[0.0960417,0.0485081,0.190688,0.664762],[0.143435,0.238082,0.332868,0.285615],[0.0486483,0.00111469,0.00111469,0.949122],[0.00125498,0.00111469,0.0485081,0.949122],[0.00125498,0.00111469,0.759409,0.238222],[0.0486483,0.143295,0.00111469,0.806942],[0.0486483,0.00111469,0.475048,0.475189],[0.0486483,0.0959014,0.332868,0.522582],[0.143435,0.143295,0.285475,0.427795],[0.190828,0.427655,0.285475,0.0960417]]},{"db":2,"id":"CEBPA_HUMAN.H11MO.0.A","len":12,"ltrim":1,"rtrim":1,"nsites":500,"evalue":"1.0e+000","url":"http://hocomoco.autosome.ru/motif/CEBPA_HUMAN.H11MO.0.A","pwm":[[0.230007,0.132021,0.365974,0.271999],[0.345984,0.182011,0.465954,0.00605175],[0.00805135,0.00404623,0.00604583,0.981857],[0.00205255,0.00204663,0.279991,0.71591],[0.158021,0.00804543,0.619923,0.21401],[0.176018,0.118023,0.116024,0.589935],[5.29494e-05,4.70306e-05,0.995848,0.00405215],[0.156022,0.771893,4.70306e-05,0.0720386],[0.983856,0.010045,0.00204663,0.00405215],[0.989855,4.70306e-05,0.00804543,0.00205255],[0.0140501,0.297987,0.176012,0.511951],[0.319989,0.331981,0.222003,0.126028]]},{"db":2,"id":"CEBPB_HUMAN.H11MO.0.A","len":12,"ltrim":1,"rtrim":1,"nsites":454,"evalue":"1.0e+000","url":"http://hocomoco.autosome.ru/motif/CEBPB_HUMAN.H11MO.0.A","pwm":[[0.237891,0.0991489,0.352397,0.310563],[0.453703,0.132181,0.387632,0.0264842],[5.83131e-05,0.00225395,0.00225395,0.995434],[5.83131e-05,5.17948e-05,0.299545,0.700345],[0.301754,0.00225395,0.513155,0.182837],[0.167422,0.259906,0.0815316,0.49114],[5.83131e-05,5.17948e-05,0.999832,5.83131e-05],[0.0815382,0.898532,5.17948e-05,0.0198777],[0.999838,5.17948e-05,5.17948e-05,5.83131e-05],[0.999838,5.17948e-05,5.17948e-05,5.83131e-05],[5.83131e-05,0.244491,0.147596,0.607854],[0.370021,0.332578,0.182831,0.114571]]},{"db":2,"id":"CEBPG_HUMAN.H11MO.0.B","len":12,"ltrim":0,"rtrim":2,"nsites":500,"evalue":"1.0e+000","url":"http://hocomoco.autosome.ru/motif/CEBPG_HUMAN.H11MO.0.B","pwm":[[0.561941,0.124022,0.287989,0.0260478],[5.29494e-05,4.70306e-05,4.70306e-05,0.999853],[0.00205255,4.70306e-05,0.040039,0.957861],[0.176018,0.00204663,0.687909,0.134026],[0.00205255,0.995848,0.00204663,5.29494e-05],[0.867879,0.0420386,0.0740322,0.0160498],[0.0160498,0.0320406,0.0140442,0.937865],[0.0560418,0.923862,0.00804543,0.0120505],[0.991855,4.70306e-05,0.00604583,0.00205255],[0.0160498,0.13602,0.397967,0.449963],[0.256002,0.397967,0.132021,0.21401],[0.196014,0.363974,0.0940282,0.345984]]},{"db":2,"id":"DDIT3_HUMAN.H11MO.0.D","len":10,"ltrim":0,"rtrim":0,"nsites":500,"evalue":"1.0e+000","url":"http://hocomoco.autosome.ru/motif/DDIT3_HUMAN.H11MO.0.D","pwm":[[0.435966,0.399967,0.146018,0.0180494],[0.0220486,0.0180434,0.0160438,0.943864],[0.0120505,0.0280414,0.929861,0.030047],[0.899873,0.0280414,0.0320406,0.040045],[0.0220486,0.0580354,0.0460378,0.873878],[0.0140501,0.00804543,0.951857,0.0260478],[0.335986,0.431961,0.00404623,0.228007],[0.883876,0.112025,0.00404623,5.29494e-05],[0.987855,4.70306e-05,0.00804543,0.00405215],[0.0720386,0.241999,0.164014,0.521949]]},{"db":2,"id":"DLX1_HUMAN.H11MO.0.D","len":16,"ltrim":1,"rtrim":0,"nsites":16252,"evalue":"1.0e+000","url":"http://hocomoco.autosome.ru/motif/DLX1_HUMAN.H11MO.0.D","pwm":[[0.356832,0.136116,0.136793,0.370259],[0.452964,0.096325,0.0763798,0.374331],[0.532742,0.0579052,0.0766995,0.332654],[0.46403,0.0493463,0.0743763,0.412248],[0.339625,0.0394756,0.110197,0.510702],[0.22041,0.0722777,0.11822,0.589093],[0.562225,0.0896902,0.152019,0.196065],[0.164777,0.141951,0.203084,0.490188],[0.12521,0.153758,0.584949,0.136083],[0.101867,0.460239,0.302962,0.134932],[0.220662,0.128848,0.00013572,0.650354],[0.992561,0.00306566,0.00435246,2.08111e-05],[0.996767,0.000739134,0.000854224,0.00163924],[0.0116505,0.0106561,0.00950849,0.968185],[0.0369356,0.0356759,0.0740188,0.85337],[0.594043,0.108977,0.168693,0.128288]]},{"db":2,"id":"DLX3_HUMAN.H11MO.0.C","len":10,"ltrim":0,"rtrim":1,"nsites":34,"evalue":"1.0e+000","url":"http://hocomoco.autosome.ru/motif/DLX3_HUMAN.H11MO.0.C","pwm":[[0.17335,0.128509,0.659054,0.0390873],[0.412066,0.403766,0.183391,0.000776539],[0.000776539,0.0230669,0.000689736,0.975467],[0.975467,0.000689736,0.0230669,0.000776539],[0.997844,0.000689736,0.000689736,0.000776539],[0.000776539,0.000689736,0.000689736,0.997844],[0.000776539,0.000689736,0.045444,0.95309],[0.541512,0.000689736,0.363828,0.0939696],[0.161101,0.515651,0.277717,0.0455308],[0.44556,0.154571,0.102735,0.297134]]},{"db":2,"id":"DLX5_HUMAN.H11MO.0.D","len":11,"ltrim":0,"rtrim":1,"nsites":464,"evalue":"1.0e+000","url":"http://hocomoco.autosome.ru/motif/DLX5_HUMAN.H11MO.0.D","pwm":[[0.243539,0.0668466,0.0431448,0.646469],[0.71542,0.0905484,0.165963,0.0280683],[0.905034,0.0302166,0.0259072,0.0388418],[0.0172947,0.0237525,0.0215978,0.937355],[0.0496153,0.0302166,0.127178,0.79299],[0.661552,0.0625372,0.215521,0.0603889],[0.0582342,0.402981,0.0582278,0.480557],[0.650779,0.00436009,0.120714,0.224147],[0.0474606,0.0259072,0.674474,0.252158],[0.103483,0.142261,0.571048,0.183207],[0.0690077,0.170273,0.37066,0.390059]]},{"db":2,"id":"E2F1_HUMAN.H11MO.0.A","len":14,"ltrim":4,"rtrim":2,"nsites":500,"evalue":"1.0e+000","url":"http://hocomoco.autosome.ru/motif/E2F1_HUMAN.H11MO.0.A","pwm":[[0.327987,0.160015,0.377971,0.134026],[0.236006,0.200007,0.451957,0.112031],[0.271999,0.210005,0.289989,0.228007],[0.190015,0.102027,0.465954,0.242005],[0.0820366,0.200007,0.703906,0.0140501],[0.0180494,0.00604583,0.965854,0.0100509],[0.0560418,0.921863,0.00404623,0.0180494],[0.0160498,0.00804543,0.957855,0.0180494],[0.0220486,0.0820306,0.889869,0.00605175],[0.0680394,0.0340402,0.889869,0.00805135],[0.855882,0.020043,0.090029,0.0340462],[0.653922,0.0640342,0.271993,0.0100509],[0.399973,0.140019,0.365974,0.0940342],[0.271999,0.164014,0.395968,0.168019]]},{"db":2,"id":"E2F3_HUMAN.H11MO.0.A","len":11,"ltrim":2,"rtrim":0,"nsites":500,"evalue":"1.0e+000","url":"http://hocomoco.autosome.ru/motif/E2F3_HUMAN.H11MO.0.A","pwm":[[0.375978,0.140019,0.208005,0.275998],[0.262001,0.0460378,0.409965,0.281997],[0.126028,0.124022,0.675912,0.0740382],[0.0340462,0.00604583,0.955856,0.00405215],[0.124028,0.769893,0.020043,0.0860358],[0.152023,0.00404623,0.68391,0.160021],[0.0960338,0.020043,0.867873,0.0160498],[0.0180494,0.010045,0.957855,0.0140501],[0.833886,0.0380394,0.118023,0.0100509],[0.711911,0.0620346,0.200007,0.0260478],[0.533946,0.110025,0.249997,0.106032]]},{"db":2,"id":"E2F6_HUMAN.H11MO.0.A","len":13,"ltrim":1,"rtrim":2,"nsites":500,"evalue":"1.0e+000","url":"http://hocomoco.autosome.ru/motif/E2F6_HUMAN.H11MO.0.A","pwm":[[0.337985,0.148017,0.341979,0.172019],[0.262001,0.0340402,0.555936,0.148023],[0.154022,0.126022,0.699907,0.020049],[0.0100509,0.0160438,0.963854,0.0100509],[0.21401,0.707905,0.0120446,0.0660398],[0.040045,0.0180434,0.893868,0.0480434],[0.0240482,0.0480374,0.895868,0.0320466],[0.0720386,0.0440382,0.871873,0.0120505],[0.941865,0.0320406,0.0140442,0.0120505],[0.511951,0.0360398,0.43596,0.0160498],[0.383976,0.108025,0.437959,0.070039],[0.277997,0.218003,0.377971,0.126028],[0.275998,0.162015,0.425962,0.136026]]},{"db":2,"id":"E2F7_HUMAN.H11MO.0.B","len":13,"ltrim":0,"rtrim":3,"nsites":500,"evalue":"1.0e+000","url":"http://hocomoco.autosome.ru/motif/E2F7_HUMAN.H11MO.0.B","pwm":[[0.196014,0.148017,0.529941,0.126028],[0.337985,0.0320406,0.415964,0.21401],[0.142025,0.0820306,0.771893,0.00405215],[0.0440442,0.00404623,0.941859,0.0100509],[0.0840362,0.853876,0.00404623,0.0580414],[0.140025,0.0160438,0.813884,0.030047],[0.0220486,0.0120446,0.957855,0.00805135],[0.204012,0.00604583,0.775892,0.0140501],[0.71391,0.00404623,0.275992,0.00605175],[0.603932,0.138019,0.239999,0.0180494],[0.427967,0.192009,0.224002,0.156022],[0.343984,0.0860298,0.355976,0.21401],[0.260001,0.152017,0.48595,0.102033]]},{"db":2,"id":"FOXJ3_HUMAN.H11MO.0.A","len":13,"ltrim":1,"rtrim":0,"nsites":626,"evalue":"1.0e+000","url":"http://hocomoco.autosome.ru/motif/FOXJ3_HUMAN.H11MO.0.A","pwm":[[0.194107,0.146485,0.164701,0.494706],[4.22936e-05,3.75659e-05,3.75659e-05,0.999883],[0.0829641,3.75659e-05,0.914272,0.00272642],[0.00111594,3.75659e-05,3.75659e-05,0.998809],[4.22936e-05,3.75659e-05,3.75659e-05,0.999883],[0.00887509,3.75659e-05,0.175702,0.815385],[0.818154,3.75659e-05,0.0369586,0.14485],[4.22936e-05,0.0711388,3.75659e-05,0.928781],[0.113306,3.75659e-05,0.430179,0.456477],[0.044057,3.75659e-05,0.325665,0.630241],[0.0528155,3.75659e-05,0.0291543,0.917993],[0.005907,0.0101714,0.0168424,0.967079],[0.358506,0.0704051,0.138473,0.432616]]},{"db":2,"id":"FUBP1_HUMAN.H11MO.0.D","len":12,"ltrim":0,"rtrim":0,"nsites":102,"evalue":"1.0e+000","url":"http://hocomoco.autosome.ru/motif/FUBP1_HUMAN.H11MO.0.D","pwm":[[0.00263797,0.163298,0.0311524,0.802912],[0.000259354,0.475954,0.0192593,0.504527],[0.000259354,0.000230362,0.980222,0.0192883],[0.000259354,0.000230362,0.029831,0.969679],[0.285694,0.179948,0.305751,0.228607],[0.125005,0.219063,0.10489,0.551042],[0.0763752,0.0752891,0.257121,0.591214],[0.0192883,0.0858607,0.0858607,0.80899],[0.0573462,0.0858607,0.0858607,0.770932],[0.0668607,0.10489,0.181006,0.647244],[0.104919,0.122861,0.171491,0.600729],[0.100161,0.0895608,0.119161,0.691116]]},{"db":2,"id":"HMGA1_HUMAN.H11MO.0.D","len":7,"ltrim":1,"rtrim":0,"nsites":94,"evalue":"1.0e+000","url":"http://hocomoco.autosome.ru/motif/HMGA1_HUMAN.H11MO.0.D","pwm":[[0.260588,0.18055,0.354278,0.204584],[0.316878,0.0836852,0.000249947,0.599187],[0.847207,0.0402532,0.000249947,0.11229],[0.000281403,0.000249947,0.000249947,0.999219],[0.0208545,0.0105365,0.000249947,0.968359],[0.239158,0.0619692,0.0939718,0.604901],[0.205155,0.112545,0.117116,0.565184]]},{"db":2,"id":"HNF1B_HUMAN.H11MO.1.A","len":11,"ltrim":0,"rtrim":0,"nsites":500,"evalue":"1.0e+000","url":"http://hocomoco.autosome.ru/motif/HNF1B_HUMAN.H11MO.1.A","pwm":[[0.389975,0.0120446,0.373972,0.224008],[0.0520426,0.00404623,0.929861,0.0140501],[5.29494e-05,0.0420386,0.00804543,0.949863],[0.0720386,0.030041,0.0120446,0.885876],[0.985856,4.70306e-05,0.0120446,0.00205255],[0.933866,0.0460378,0.00404623,0.0160498],[0.080037,0.030041,0.00804543,0.881877],[0.256002,0.257995,0.347977,0.138025],[0.81389,0.00204663,0.0340402,0.150023],[0.0380454,0.0240422,0.114024,0.823888],[0.0160498,0.0480374,0.00404623,0.931867]]},{"db":2,"id":"HXD8_HUMAN.H11MO.0.D","len":11,"ltrim":1,"rtrim":3,"nsites":278,"evalue":"1.0e+000","url":"http://hocomoco.autosome.ru/motif/HXD8_HUMAN.H11MO.0.D","pwm":[[0.294953,0.154705,0.100768,0.449574],[0.555651,0.196057,0.0773949,0.170897],[0.726453,0.0288512,0.0252554,0.219441],[0.00279209,0.0207606,0.0243564,0.952091],[0.341699,8.45739e-05,0.0216595,0.636557],[0.309336,0.0036804,8.45739e-05,0.686899],[0.125949,0.0108721,0.765996,0.0971826],[0.0117817,0.964666,0.011771,0.0117817],[0.443281,0.191562,0.184371,0.180786],[0.19427,0.215834,0.190664,0.399232],[0.343497,0.203249,0.196057,0.257197]]},{"db":2,"id":"LEF1_HUMAN.H11MO.0.A","len":14,"ltrim":1,"rtrim":1,"nsites":456,"evalue":"1.0e+000","url":"http://hocomoco.autosome.ru/motif/LEF1_HUMAN.H11MO.0.A","pwm":[[0.0767956,0.260959,0.274114,0.388131],[0.0329456,0.635877,0.184222,0.146956],[0.0175981,0.70823,0.0132066,0.260966],[0.122838,0.0460941,0.0197841,0.811284],[0.00225056,0.138179,0.0351316,0.824439],[0.00225056,0.0132066,0.0329391,0.951604],[0.0439081,0.425397,0.519674,0.0110206],[0.456098,0.138179,0.0153991,0.390323],[0.278506,0.166682,0.157912,0.396901],[0.285083,0.190799,0.201762,0.322356],[0.0417156,0.129409,0.149142,0.679734],[0.0395231,0.311387,0.383739,0.265351],[0.116261,0.460477,0.0899441,0.333318],[0.313586,0.221494,0.103099,0.361821]]},{"db":2,"id":"LHX2_HUMAN.H11MO.0.A","len":12,"ltrim":2,"rtrim":3,"nsites":430,"evalue":"1.0e+000","url":"http://hocomoco.autosome.ru/motif/LHX2_HUMAN.H11MO.0.A","pwm":[[0.132589,0.176758,0.237209,0.453445],[0.0930632,0.262784,0.318585,0.325567],[0.111664,0.432512,0.01633,0.439494],[0.0279621,0.0116799,5.4685e-05,0.960303],[0.7743,0.176758,0.0395804,0.00936173],[0.957978,0.0279552,0.00237973,0.0116868],[6.15671e-05,0.0209801,0.0209801,0.957978],[0.00936173,0.0140049,0.237209,0.739425],[0.578997,0.00702981,0.353461,0.0605126],[0.172115,0.225584,0.492963,0.109338],[0.176765,0.241859,0.125607,0.45577],[0.0884131,0.213958,0.241859,0.45577]]},{"db":2,"id":"LHX4_HUMAN.H11MO.0.D","len":11,"ltrim":3,"rtrim":1,"nsites":1413,"evalue":"1.0e+000","url":"http://hocomoco.autosome.ru/motif/LHX4_HUMAN.H11MO.0.D","pwm":[[0.389942,0.0693677,0.222223,0.318468],[0.355089,0.232661,0.199401,0.212849],[0.378796,0.150218,0.380917,0.090069],[0.0679545,0.352433,0.0644141,0.515198],[0.00638771,0.000724308,0.00143197,0.991456],[0.985795,1.66443e-05,0.0141699,1.87389e-05],[0.99924,1.66443e-05,0.000724308,1.87389e-05],[0.00408781,0.000547392,0.00196272,0.993402],[0.117845,0.0845825,0.198516,0.599056],[0.545097,0.0744983,0.283967,0.096438],[0.283615,0.193032,0.31475,0.208603]]},{"db":2,"id":"MEF2A_HUMAN.H11MO.0.A","len":13,"ltrim":1,"rtrim":1,"nsites":500,"evalue":"1.0e+000","url":"http://hocomoco.autosome.ru/motif/MEF2A_HUMAN.H11MO.0.A","pwm":[[0.273998,0.0780314,0.243998,0.403972],[0.128027,0.080031,0.387969,0.403972],[0.0280474,0.723902,0.050037,0.198013],[0.00205255,0.0560358,4.70306e-05,0.941865],[0.927867,0.00604583,0.00804543,0.0580414],[0.0640402,0.00204663,0.00804543,0.925868],[0.102033,0.00204663,0.00404623,0.891875],[0.0140501,0.0480374,0.010045,0.927867],[0.134026,0.0820306,0.0120446,0.771899],[0.140025,0.0360398,0.116024,0.707911],[0.549943,0.00204663,0.43596,0.0120505],[0.160021,0.0380394,0.657915,0.144024],[0.359981,0.38397,0.104026,0.152023]]},{"db":2,"id":"MEF2B_HUMAN.H11MO.0.A","len":14,"ltrim":2,"rtrim":0,"nsites":500,"evalue":"1.0e+000","url":"http://hocomoco.autosome.ru/motif/MEF2B_HUMAN.H11MO.0.A","pwm":[[0.254002,0.118023,0.413964,0.21401],[0.194014,0.110025,0.251997,0.443964],[0.204012,0.0360398,0.271993,0.487955],[0.168019,0.104026,0.373972,0.353982],[0.0480434,0.771893,0.040039,0.140025],[0.00205255,0.0880294,0.00204663,0.907871],[0.861881,0.0260418,0.0320406,0.080037],[0.106032,0.020043,0.00604583,0.867879],[0.0760378,0.00604583,0.00404623,0.91387],[0.0360458,0.0480374,0.0140442,0.901873],[0.134026,0.118023,0.0480374,0.699913],[0.170019,0.0560358,0.140019,0.633926],[0.471959,4.70306e-05,0.487949,0.040045],[0.122029,0.0520366,0.695908,0.130027]]},{"db":2,"id":"MEF2C_HUMAN.H11MO.0.A","len":13,"ltrim":1,"rtrim":1,"nsites":500,"evalue":"1.0e+000","url":"http://hocomoco.autosome.ru/motif/MEF2C_HUMAN.H11MO.0.A","pwm":[[0.297993,0.0740322,0.28399,0.343984],[0.104032,0.0920286,0.419963,0.383976],[0.030047,0.691909,0.0460378,0.232007],[0.00205255,0.0620346,4.70306e-05,0.935866],[0.947863,0.0160438,0.00604583,0.030047],[0.060041,0.00604583,0.00204663,0.931867],[0.080037,0.0120446,0.00604583,0.901873],[0.0240482,0.0380394,0.010045,0.927867],[0.148023,0.090029,0.0220426,0.739905],[0.138025,0.0420386,0.122023,0.697913],[0.56594,0.00404623,0.421963,0.00805135],[0.154022,0.0720326,0.63392,0.140025],[0.359981,0.363974,0.102027,0.174018]]},{"db":2,"id":"MSX2_HUMAN.H11MO.0.D","len":7,"ltrim":0,"rtrim":2,"nsites":11,"evalue":"1.0e+000","url":"http://hocomoco.autosome.ru/motif/MSX2_HUMAN.H11MO.0.D","pwm":[[0.00238559,0.00211892,0.0830161,0.912479],[0.912479,0.00211892,0.0830161,0.00238559],[0.902367,0.00211892,0.0931283,0.00238559],[0.00238559,0.00211892,0.00211892,0.993377],[0.194516,0.00211892,0.00211892,0.801246],[0.184404,0.174026,0.356044,0.285526],[0.116147,0.125993,0.287787,0.470073]]},{"db":2,"id":"NFIC_HUMAN.H11MO.0.A","len":17,"ltrim":1,"rtrim":1,"nsites":500,"evalue":"1.0e+000","url":"http://hocomoco.autosome.ru/motif/NFIC_HUMAN.H11MO.0.A","pwm":[[0.118029,0.487949,0.212005,0.182017],[0.0760378,0.43596,0.0360398,0.451963],[0.0660398,0.0220426,0.168013,0.743904],[0.0140501,0.00804543,0.915864,0.0620406],[0.0420446,0.0320406,0.889869,0.0360458],[0.204012,0.679911,0.0580354,0.0580414],[0.317989,0.253996,0.0640342,0.36398],[0.0920346,0.413964,0.251997,0.242005],[5.29494e-05,0.601927,4.70306e-05,0.397973],[0.234006,0.399967,0.174012,0.192015],[0.285996,0.090029,0.180011,0.443964],[0.020049,0.0880294,0.627921,0.264],[0.0240482,0.857875,0.0460378,0.0720386],[0.0180494,0.961855,0.00804543,0.0120505],[0.669919,0.243998,0.0140442,0.0720386],[0.455962,0.070033,0.377971,0.0960338],[0.21401,0.222003,0.457955,0.106032]]},{"db":2,"id":"NFIL3_HUMAN.H11MO.0.D","len":11,"ltrim":1,"rtrim":0,"nsites":500,"evalue":"1.0e+000","url":"http://hocomoco.autosome.ru/motif/NFIL3_HUMAN.H11MO.0.D","pwm":[[0.333986,0.0920286,0.305986,0.267999],[0.395974,0.132021,0.427961,0.0440442],[5.29494e-05,0.010045,0.00204663,0.987855],[0.00405215,0.010045,0.267993,0.717909],[0.821889,0.0120446,0.0760318,0.090035],[0.0460438,0.070033,0.0680334,0.81589],[0.0240482,0.0220426,0.949857,0.00405215],[0.080037,0.329981,0.00804543,0.581937],[0.873878,0.114024,0.00804543,0.00405215],[0.993854,0.00204663,0.00204663,0.00205255],[0.0380454,0.371973,0.198007,0.391975]]},{"db":2,"id":"NKX31_HUMAN.H11MO.0.C","len":12,"ltrim":1,"rtrim":1,"nsites":500,"evalue":"1.0e+000","url":"http://hocomoco.autosome.ru/motif/NKX31_HUMAN.H11MO.0.C","pwm":[[0.190015,0.196008,0.321983,0.291995],[0.0860358,0.251997,0.0980274,0.56394],[0.252003,0.108025,0.152017,0.487955],[0.759901,0.0540362,0.172013,0.0140501],[0.959861,0.00204663,0.020043,0.0180494],[0.00405215,0.00404623,0.98585,0.00605175],[0.0880354,0.00204663,0.0180434,0.891875],[0.170019,0.0140442,0.803886,0.0120505],[0.0180494,0.451957,0.265994,0.264],[0.142025,0.255996,0.0380394,0.56394],[0.156022,0.0860298,0.106026,0.651923],[0.279997,0.0840302,0.295988,0.339985]]},{"db":2,"id":"NR1I2_HUMAN.H11MO.1.D","len":8,"ltrim":0,"rtrim":1,"nsites":45,"evalue":"1.0e+000","url":"http://hocomoco.autosome.ru/motif/NR1I2_HUMAN.H11MO.1.D","pwm":[[0.472606,0.0659499,0.33,0.131444],[0.75535,0.000521508,0.243541,0.00058714],[0.00058714,0.000521508,0.998304,0.00058714],[0.10574,0.000521508,0.19447,0.699269],[0.00058714,0.0215521,0.000521508,0.977339],[0.00058714,0.930539,0.0682866,0.00058714],[0.977339,0.000521508,0.0215521,0.00058714],[0.101066,0.33701,0.248215,0.313709]]},{"db":2,"id":"NR1I3_HUMAN.H11MO.1.D","len":8,"ltrim":0,"rtrim":1,"nsites":33,"evalue":"1.0e+000","url":"http://hocomoco.autosome.ru/motif/NR1I3_HUMAN.H11MO.1.D","pwm":[[0.499289,0.0298431,0.343827,0.127041],[0.722639,0.000710574,0.275851,0.0008],[0.0008,0.000710574,0.997689,0.0008],[0.0008,0.000710574,0.389144,0.609346],[0.0008,0.000710574,0.000710574,0.997779],[0.0008,0.903818,0.0622125,0.0331694],[0.997779,0.000710574,0.000710574,0.0008],[0.059065,0.295273,0.321168,0.324494]]},{"db":2,"id":"P73_HUMAN.H11MO.1.A","len":12,"ltrim":2,"rtrim":0,"nsites":500,"evalue":"1.0e+000","url":"http://hocomoco.autosome.ru/motif/P73_HUMAN.H11MO.1.A","pwm":[[0.196014,0.192009,0.457955,0.154022],[0.395974,0.0880294,0.339979,0.176018],[0.503952,0.010045,0.441959,0.0440442],[0.00205255,0.989849,0.00804543,5.29494e-05],[0.7639,0.0820306,0.0320406,0.122029],[0.279997,0.0260418,0.112025,0.581937],[0.00405215,0.00604583,0.98585,0.00405215],[0.00805135,0.629921,0.00204663,0.359981],[0.0100509,0.943858,0.0120446,0.0340462],[0.130027,0.218003,0.00404623,0.647923],[0.206012,0.0620346,0.623922,0.108031],[0.220009,0.0180434,0.553936,0.208011]]},{"db":2,"id":"PAX5_HUMAN.H11MO.0.A","len":21,"ltrim":0,"rtrim":0,"nsites":202,"evalue":"1.0e+000","url":"http://hocomoco.autosome.ru/motif/PAX5_HUMAN.H11MO.0.A","pwm":[[0.133728,0.282155,0.504817,0.0792998],[0.12878,0.499869,0.188142,0.183209],[0.148572,0.415752,0.331635,0.10404],[0.203001,0.0545449,0.257415,0.485039],[0.198053,0.0446488,0.752219,0.00507907],[0.158468,0.138662,0.539453,0.163417],[0.0248713,0.118869,0.62357,0.232689],[0.0347673,0.87592,0.0594929,0.0298193],[0.781922,0.0347527,0.163402,0.0199232],[0.386079,0.113921,0.465233,0.0347673],[0.0347673,0.732427,0.128766,0.10404],[0.410819,0.267311,0.277207,0.0446634],[0.311858,0.0199086,0.618622,0.0496115],[0.682961,0.0397007,0.163402,0.113936],[0.0347673,0.163402,0.772011,0.0298193],[0.0100271,0.781908,0.0446488,0.163417],[0.217845,0.0347527,0.717583,0.0298193],[0.321754,0.0298047,0.158454,0.489988],[0.173313,0.0298047,0.791804,0.00507907],[0.81161,0.0347527,0.104025,0.0496115],[0.118884,0.8017,0.0298047,0.0496115]]},{"db":2,"id":"PKNX1_HUMAN.H11MO.0.B","len":11,"ltrim":0,"rtrim":1,"nsites":480,"evalue":"1.0e+000","url":"http://hocomoco.autosome.ru/motif/PKNX1_HUMAN.H11MO.0.B","pwm":[[0.147941,0.0896137,0.104194,0.658251],[0.0417131,0.0521215,0.895696,0.0104697],[0.949857,0.0125464,0.0271267,0.0104697],[0.022967,0.268743,0.33123,0.37706],[0.102117,0.0604531,0.114608,0.722821],[0.022967,0.00421479,0.962349,0.0104697],[0.622842,0.00629769,0.362473,0.00838675],[0.0271328,0.935271,0.00421479,0.0333815],[0.629091,0.0521215,0.216671,0.102117],[0.0542105,0.116691,0.735312,0.0937856],[0.147941,0.352059,0.406214,0.0937856]]},{"db":2,"id":"PO6F1_HUMAN.H11MO.0.D","len":13,"ltrim":1,"rtrim":0,"nsites":14,"evalue":"1.0e+000","url":"http://hocomoco.autosome.ru/motif/PO6F1_HUMAN.H11MO.0.D","pwm":[[0.143722,0.498122,0.214434,0.143722],[0.923864,0.0725901,0.00166809,0.00187801],[0.00187801,0.00166809,0.00166809,0.994786],[0.852942,0.00166809,0.00166809,0.143722],[0.994786,0.00166809,0.00166809,0.00187801],[0.356488,0.00166809,0.00166809,0.640176],[0.00187801,0.143512,0.00166809,0.852942],[0.00187801,0.00166809,0.00166809,0.994786],[0.923864,0.00166809,0.00166809,0.0728],[0.00187801,0.00166809,0.00166809,0.994786],[0.00187801,0.00166809,0.994576,0.00187801],[0.00187801,0.852732,0.00166809,0.143722],[0.498332,0.143512,0.356278,0.00187801]]},{"db":2,"id":"PO6F2_HUMAN.H11MO.0.D","len":11,"ltrim":2,"rtrim":1,"nsites":1298,"evalue":"1.0e+000","url":"http://hocomoco.autosome.ru/motif/PO6F2_HUMAN.H11MO.0.D","pwm":[[0.195406,0.176205,0.418638,0.209751],[0.318085,0.173537,0.151401,0.356976],[0.0205451,0.0234234,0.0158051,0.940226],[0.999432,1.81188e-05,0.000529835,2.0399e-05],[0.997063,1.81188e-05,0.00238697,0.000532115],[2.0399e-05,1.81188e-05,0.00596898,0.993993],[0.00290096,1.81188e-05,0.36202,0.635061],[0.976941,0.0054242,0.00491249,0.0127228],[0.0241271,0.0215663,0.940546,0.0137606],[0.0671199,0.44155,0.349919,0.141411],[0.182097,0.218064,0.1281,0.47174]]},{"db":2,"id":"RFX5_HUMAN.H11MO.1.A","len":11,"ltrim":0,"rtrim":0,"nsites":167,"evalue":"1.0e+000","url":"http://hocomoco.autosome.ru/motif/RFX5_HUMAN.H11MO.1.A","pwm":[[0.0600029,0.640476,0.0958918,0.203629],[0.287412,0.0240785,0.149752,0.538758],[0.0181118,0.000140754,0.96962,0.0121273],[0.000158468,0.0121096,0.000140754,0.987591],[0.0779562,0.125814,0.0121096,0.78412],[0.161738,0.0360474,0.640476,0.161738],[0.00614291,0.951667,0.0121096,0.0300807],[0.0181118,0.323301,0.0240785,0.634509],[0.658447,0.0240785,0.281409,0.0360651],[0.155754,0.030063,0.610554,0.203629],[0.0300807,0.0958918,0.867885,0.00614291]]},{"db":2,"id":"RX_HUMAN.H11MO.0.D","len":11,"ltrim":0,"rtrim":2,"nsites":335,"evalue":"1.0e+000","url":"http://hocomoco.autosome.ru/motif/RX_HUMAN.H11MO.0.D","pwm":[[0.17167,0.213439,0.0970562,0.517835],[0.0373813,0.00156228,0.013499,0.947557],[0.991574,0.00380042,0.00380042,0.000825067],[0.994558,0.000816234,0.00380042,0.000825067],[7.90212e-05,0.00305437,7.0188e-05,0.996796],[7.90212e-05,0.00305437,7.0188e-05,0.996796],[0.552153,7.0188e-05,0.429793,0.0179841],[0.37161,0.153756,0.440237,0.0343971],[0.0508101,0.483508,0.0418488,0.423833],[0.424579,0.209709,0.0664683,0.299243],[0.481279,0.150025,0.150025,0.21867]]},{"db":2,"id":"SALL4_HUMAN.H11MO.0.B","len":10,"ltrim":2,"rtrim":0,"nsites":500,"evalue":"1.0e+000","url":"http://hocomoco.autosome.ru/motif/SALL4_HUMAN.H11MO.0.B","pwm":[[0.180017,0.138019,0.513944,0.168019],[0.134026,0.257995,0.477951,0.130027],[0.359981,0.00604583,0.343978,0.289995],[0.0120505,0.00204663,0.971853,0.0140501],[0.00205255,0.00404623,0.981851,0.0120505],[0.020049,0.162015,0.803886,0.0140501],[0.373978,0.030041,0.010045,0.585936],[0.00605175,0.00204663,0.987849,0.00405215],[0.0980334,0.0160438,0.659915,0.226008],[0.118029,0.0240422,0.813884,0.0440442]]},{"db":2,"id":"SMCA5_HUMAN.H11MO.0.C","len":15,"ltrim":0,"rtrim":0,"nsites":404,"evalue":"1.0e+000","url":"http://hocomoco.autosome.ru/motif/SMCA5_HUMAN.H11MO.0.C","pwm":[[0.0371851,0.0297538,0.905775,0.0272865],[0.735032,0.12379,0.106468,0.0347104],[0.50984,0.245047,0.205453,0.0396597],[0.108949,0.0569748,0.136163,0.697913],[0.133696,0.297014,0.334134,0.235156],[0.0866778,0.116366,0.786992,0.00996407],[0.836492,0.0322285,0.0742973,0.0569821],[0.868662,0.0347031,0.0841958,0.0124387],[0.123797,0.0495509,0.111417,0.715235],[0.116373,0.00995674,0.861231,0.0124387],[0.0248119,0.309388,0.650887,0.0149133],[0.893409,0.0124314,0.0396524,0.0545075],[0.593978,0.173283,0.215351,0.017388],[0.351464,0.069348,0.0668733,0.512315],[0.0520329,0.678108,0.183181,0.0866778]]},{"db":2,"id":"SRY_HUMAN.H11MO.0.B","len":9,"ltrim":1,"rtrim":0,"nsites":108,"evalue":"1.0e+000","url":"http://hocomoco.autosome.ru/motif/SRY_HUMAN.H11MO.0.B","pwm":[[0.104476,0.285327,0.141083,0.469115],[0.366575,0.0368514,0.0446693,0.551904],[0.0781114,0.00481631,0.0414501,0.875622],[0.0951267,0.00481631,0.0304132,0.869644],[0.000244958,0.0734853,0.909469,0.0168004],[0.0554297,0.000217576,0.0351679,0.909185],[0.192612,0.0403744,0.0342482,0.732766],[0.260665,0.0947954,0.0699623,0.574578],[0.338835,0.241947,0.0264303,0.392788]]},{"db":2,"id":"TBX3_HUMAN.H11MO.0.C","len":11,"ltrim":2,"rtrim":0,"nsites":420,"evalue":"1.0e+000","url":"http://hocomoco.autosome.ru/motif/TBX3_HUMAN.H11MO.0.C","pwm":[[0.319035,0.111934,0.352353,0.216678],[0.380925,0.171444,0.383298,0.0643334],[0.590399,0.00481676,0.173824,0.23096],[0.073855,5.59867e-05,0.923646,0.00244342],[0.011965,0.133358,0.842712,0.011965],[0.0357688,0.00719714,0.0143383,0.942696],[0.0167257,5.59867e-05,0.968873,0.0143453],[0.10242,0.219051,0.435667,0.242862],[0.157168,0.261898,0.423765,0.157168],[0.702277,0.0262402,0.202389,0.0690942],[0.423772,0.0905106,0.402341,0.0833765]]},{"db":2,"id":"TEAD1_HUMAN.H11MO.0.A","len":12,"ltrim":0,"rtrim":3,"nsites":500,"evalue":"1.0e+000","url":"http://hocomoco.autosome.ru/motif/TEAD1_HUMAN.H11MO.0.A","pwm":[[0.483956,0.0280414,0.429961,0.0580414],[0.194014,0.759895,0.040039,0.00605175],[0.977857,0.0120446,0.00204663,0.00805135],[0.00405215,0.00804543,0.00204663,0.985856],[0.0480434,0.00604583,0.070033,0.875878],[0.00405215,0.931861,0.0360398,0.0280474],[0.00805135,0.899867,0.00404623,0.0880354],[0.533946,0.0420386,0.0140442,0.409971],[0.176018,0.13602,0.543938,0.144024],[0.162021,0.38597,0.337979,0.11403],[0.240005,0.48595,0.176012,0.0980334],[0.429967,0.194008,0.116024,0.260001]]},{"db":2,"id":"TEAD2_HUMAN.H11MO.0.D","len":12,"ltrim":2,"rtrim":0,"nsites":308,"evalue":"1.0e+000","url":"http://hocomoco.autosome.ru/motif/TEAD2_HUMAN.H11MO.0.D","pwm":[[0.201319,0.402543,0.152624,0.243513],[0.152634,0.415526,0.194818,0.237022],[0.658963,0.00656774,0.318155,0.0163144],[0.175354,0.743342,0.0163048,0.0649999],[0.97055,0.00656774,0.00332204,0.0195601],[0.00657734,0.0227962,0.0195505,0.951076],[0.074737,0.00332204,0.00981344,0.912127],[8.59461e-05,0.973786,0.0130591,0.0130687],[8.59461e-05,0.944575,0.00332204,0.0520171],[0.525889,0.0520075,0.0195505,0.402553],[0.139651,0.0422704,0.746587,0.0714913],[0.113685,0.207801,0.577811,0.100703]]},{"db":2,"id":"TFE2_HUMAN.H11MO.0.A","len":11,"ltrim":0,"rtrim":1,"nsites":500,"evalue":"1.0e+000","url":"http://hocomoco.autosome.ru/motif/TFE2_HUMAN.H11MO.0.A","pwm":[[0.222009,0.493948,0.251997,0.0320466],[0.501953,0.323982,0.170013,0.00405215],[0.0140501,0.979851,0.00604583,5.29494e-05],[0.993854,4.70306e-05,4.70306e-05,0.00605175],[0.00405215,0.325982,0.653916,0.0160498],[0.00405215,0.793888,0.202007,5.29494e-05],[5.29494e-05,0.00204663,0.00204663,0.995854],[0.00805135,0.00604583,0.98385,0.00205255],[0.00605175,0.747897,0.150017,0.0960338],[0.505952,0.160015,0.0560358,0.277997],[0.126028,0.232001,0.409965,0.232007]]},{"db":2,"id":"TGIF2_HUMAN.H11MO.0.D","len":11,"ltrim":1,"rtrim":0,"nsites":45903,"evalue":"1.0e+000","url":"http://hocomoco.autosome.ru/motif/TGIF2_HUMAN.H11MO.0.D","pwm":[[0.342902,0.156858,0.191453,0.308787],[0.0260282,0.0258321,0.0252439,0.922896],[0.0234794,0.0235229,0.929627,0.0233705],[0.984858,0.00202652,0.0065578,0.00655787],[0.00222265,0.993049,0.00257114,0.00215729],[0.966041,0.00403619,0.0258648,0.00405804],[0.0245142,0.143242,0.706538,0.125706],[0.157953,0.513201,0.241934,0.0869119],[0.0596643,0.0967641,0.0427808,0.800791],[0.104084,0.0805996,0.725458,0.0898583],[0.103245,0.106055,0.106034,0.684666]]},{"db":2,"id":"VDR_HUMAN.H11MO.1.A","len":9,"ltrim":1,"rtrim":1,"nsites":500,"evalue":"1.0e+000","url":"http://hocomoco.autosome.ru/motif/VDR_HUMAN.H11MO.1.A","pwm":[[0.234006,0.200007,0.158015,0.407971],[0.182017,0.0340402,0.741899,0.0420446],[0.41397,0.00204663,0.581931,0.00205255],[5.29494e-05,0.00604583,0.993848,5.29494e-05],[0.00805135,4.70306e-05,0.471953,0.519949],[0.00605175,0.010045,0.0860298,0.897873],[0.00405215,0.977851,0.00804543,0.0100509],[0.929867,0.00404623,0.0260418,0.040045],[0.102033,0.275992,0.369973,0.252003]]},{"db":2,"id":"VSX2_HUMAN.H11MO.0.D","len":12,"ltrim":0,"rtrim":2,"nsites":500,"evalue":"1.0e+000","url":"http://hocomoco.autosome.ru/motif/VSX2_HUMAN.H11MO.0.D","pwm":[[0.120029,0.387969,0.0820306,0.409971],[0.0140501,0.00404623,0.00404623,0.977857],[0.977857,0.010045,0.00804543,0.00405215],[0.995854,0.00404623,4.70306e-05,5.29494e-05],[5.29494e-05,4.70306e-05,0.00404623,0.995854],[5.29494e-05,0.00204663,4.70306e-05,0.997853],[0.991855,4.70306e-05,0.00804543,5.29494e-05],[0.0140501,0.00804543,0.977851,5.29494e-05],[5.29494e-05,0.993848,0.00204663,0.00405215],[0.0320466,0.361975,0.00204663,0.603932],[0.21601,0.148017,0.160015,0.475958],[0.317989,0.339979,0.190009,0.152023]]},{"db":2,"id":"ZBT49_HUMAN.H11MO.0.D","len":11,"ltrim":4,"rtrim":1,"nsites":1381,"evalue":"1.0e+000","url":"http://hocomoco.autosome.ru/motif/ZBT49_HUMAN.H11MO.0.D","pwm":[[0.299418,0.156776,0.307381,0.236425],[0.172346,0.39101,0.207822,0.228822],[0.218685,0.241853,0.438798,0.100664],[0.203842,0.335619,0.185014,0.275524],[0.0145004,0.00074109,0.00146515,0.983293],[0.985466,1.70299e-05,0.0130501,0.00146729],[0.997775,0.00074109,0.00074109,0.000743234],[0.0087079,0.00580951,0.0347719,0.950711],[0.0631935,0.118944,0.102291,0.715572],[0.394451,0.0693458,0.454546,0.081657],[0.259052,0.230811,0.407482,0.102655]]},{"db":2,"id":"ZN121_HUMAN.H11MO.0.C","len":20,"ltrim":0,"rtrim":0,"nsites":486,"evalue":"1.0e+000","url":"http://hocomoco.autosome.ru/motif/ZN121_HUMAN.H11MO.0.C","pwm":[[0.0267979,0.917555,0.028849,0.0267979],[0.0823421,0.0350206,0.0843932,0.798244],[0.0123976,0.0123915,0.958699,0.016512],[0.0370839,0.0247347,0.934013,0.00416885],[0.092628,0.0679357,0.83321,0.00622604],[0.0350267,0.921669,0.0350206,0.00828323],[0.827045,0.0926219,0.0617641,0.0185692],[0.812644,0.0617641,0.0987935,0.0267979],[0.0432555,0.750923,0.0905647,0.115257],[0.841445,0.0370778,0.0926219,0.0288551],[0.0391411,0.220168,0.300398,0.440293],[0.824988,0.028849,0.0453066,0.100857],[0.0226836,0.0350206,0.917555,0.0247408],[0.0329695,0.571947,0.0370778,0.358006],[0.448522,0.0802788,0.43823,0.0329695],[0.872303,0.0247347,0.0699928,0.0329695],[0.0226836,0.0206203,0.942241,0.0144548],[0.864074,0.0453066,0.0699928,0.0206264],[0.0288551,0.80441,0.039135,0.1276],[0.0329695,0.773552,0.0453066,0.148172]]},{"db":2,"id":"ZN140_HUMAN.H11MO.0.C","len":24,"ltrim":2,"rtrim":1,"nsites":450,"evalue":"1.0e+000","url":"http://hocomoco.autosome.ru/motif/ZN140_HUMAN.H11MO.0.C","pwm":[[0.162245,0.20223,0.128913,0.506613],[0.502169,0.175569,0.177791,0.144471],[0.173354,0.144465,0.155573,0.526608],[0.177797,0.115582,0.531045,0.175575],[0.568821,0.16446,0.135578,0.131141],[0.10448,0.491054,0.104473,0.299992],[0.0867062,0.593254,0.155573,0.164467],[0.144471,0.602141,0.0444868,0.208901],[0.648804,0.051152,0.0667041,0.23334],[0.0800411,0.0178261,0.784322,0.11781],[0.00894575,0.959839,0.0111609,0.0200544],[0.833207,0.0978083,0.0178261,0.0511586],[0.917633,0.0178261,