<!DOCTYPE HTML>
<html>
  <head>
    <meta charset="UTF-8">
    <title>SpaMo - Spaced Motif Analysis</title>
    <script type="text/javascript">
      //@JSON_VAR data
      var data = {"program":"SpaMo","version":"4.12.0","revision":"aacc9c3eb8c7b460b344d5c8aa1458097dae704d","release":"Tue Jun 27 16:22:50 2017 -0700","host":"Sudins-iMac.local","when":"Thu May 24 19:58:44 2018","cmd":["spamo","-verbosity","1","-oc","results/AHRpeaks_withAHREs.bed.fa/hocomoco/spamo_out_1","-bgfile","results/AHRpeaks_withAHREs.bed.fa/hocomoco/background","-primary","DCACGC","results/AHRpeaks_withAHREs.bed.fa/hocomoco/AHRpeaks_withAHREs.bed.fa","results/AHRpeaks_withAHREs.bed.fa/hocomoco/dreme_out/dreme.xml","results/AHRpeaks_withAHREs.bed.fa/hocomoco/meme_out/meme.xml","results/AHRpeaks_withAHREs.bed.fa/hocomoco/dreme_out/dreme.xml","/Users/filipov4/meme/db/motif_databases/HUMAN/HOCOMOCOv11_full_HUMAN_mono_meme_format.meme"],"options":{"seq_min_hit_score":7,"margin":150,"bin_size":1,"bin_pvalue_calc_range":150,"use_best_secondary":0,"seq_max_shared_fract":0.5,"seq_odds_ratio":20,"bin_pvalue_cutoff":0.05,"motif_evalue_cutoff":10,"redundant_overlap":2,"redundant_joint":0.5,"motif_pseudocount":0.1,"bgfile":"results/AHRpeaks_withAHREs.bed.fa/hocomoco/background","motif_trim":0.25,"xalph":0,"seed":1,"bin_max":20},"alphabet":{"name":"DNA","like":"dna","ncore":4,"symbols":[{"symbol":"A","name":"Adenine","colour":"CC0000","complement":"T"},{"symbol":"C","name":"Cytosine","colour":"0000CC","complement":"G"},{"symbol":"G","name":"Guanine","colour":"FFB300","complement":"C"},{"symbol":"T","aliases":"U","name":"Thymine","colour":"008000","complement":"A"},{"symbol":"N","aliases":"X.","name":"Any base","equals":"ACGT"},{"symbol":"V","name":"Not T","equals":"ACG"},{"symbol":"H","name":"Not G","equals":"ACT"},{"symbol":"D","name":"Not C","equals":"AGT"},{"symbol":"B","name":"Not A","equals":"CGT"},{"symbol":"M","name":"Amino","equals":"AC"},{"symbol":"R","name":"Purine","equals":"AG"},{"symbol":"W","name":"Weak","equals":"AT"},{"symbol":"S","name":"Strong","equals":"CG"},{"symbol":"Y","name":"Pyrimidine","equals":"CT"},{"symbol":"K","name":"Keto","equals":"GT"}]},"background":[0.2665,0.2335,0.2335,0.2665],"sequence_dbs":[{"source":"results/AHRpeaks_withAHREs.bed.fa/hocomoco/AHRpeaks_withAHREs.bed.fa","name":"AHRpeaks_withAHREs.bed","last_modified":"Thu May 24 11:14:28 2018","loaded":1364,"excluded_too_short":2,"excluded_no_match":389,"excluded_ambigs":0,"excluded_similar":18,"erased_primary_matches":296}],"primary_dbs":[{"source":"results/AHRpeaks_withAHREs.bed.fa/hocomoco/dreme_out/dreme.xml","name":"dreme.xml","last_modified":"Thu May 24 19:58:15 2018","loaded":7,"excluded":6}],"secondary_dbs":[{"source":"results/AHRpeaks_withAHREs.bed.fa/hocomoco/meme_out/meme.xml","name":"meme.xml","last_modified":"Thu May 24 19:57:16 2018","loaded":7,"excluded":0},{"source":"results/AHRpeaks_withAHREs.bed.fa/hocomoco/dreme_out/dreme.xml","name":"dreme.xml","last_modified":"Thu May 24 19:58:15 2018","loaded":8,"excluded":1},{"source":"/Users/filipov4/meme/db/motif_databases/HUMAN/HOCOMOCOv11_full_HUMAN_mono_meme_format.meme","name":"HOCOMOCOv11_full_HUMAN_mono_meme_format","last_modified":"Wed Dec  6 21:59:30 2017","loaded":771,"excluded":0}],"secondary_motifs":[{"db":0,"id":"RBSTGYGTGHSWGHGTVTKWGT","alt":"MEME-2","len":22,"ltrim":2,"rtrim":0,"nsites":58,"evalue":"1.0e-028","pwm":[[0.224211,0.206943,0.447906,0.120941],[0.155364,0.241365,0.258578,0.344693],[0.000458692,0.275789,0.499541,0.224211],[0.01767,0.000401893,0.000401893,0.981526],[0.000458692,0.0348255,0.878198,0.0865173],[0.01767,0.516753,0.120884,0.344693],[0.069306,0.000401893,0.929833,0.000458692],[0.000458692,0.000401893,0.000401893,0.998738],[0.0520937,0.0176132,0.895411,0.0348823],[0.293057,0.258578,0.0864605,0.361905],[0.01767,0.516753,0.430694,0.0348823],[0.361905,0.000401893,0.000401893,0.637292],[0.069306,0.224154,0.602811,0.103729],[0.258635,0.310213,0.103672,0.327481],[0.0865173,0.155307,0.5856,0.172576],[0.000458692,0.275789,0.000401893,0.72335],[0.275846,0.327424,0.396271,0.000458692],[0.224211,0.206943,0.000401893,0.568445],[0.103729,0.18973,0.447906,0.258635],[0.430751,0.000401893,0.000401893,0.568445],[0.01767,0.18973,0.5856,0.207],[0.189787,0.172519,0.0864605,0.551233]]},{"db":0,"id":"RCTCACTGCAACCTCYRCCTCCYGGGYTCA","alt":"MEME-1","len":30,"ltrim":0,"rtrim":0,"nsites":10,"evalue":"1.2e-025","pwm":[[0.299668,0.00231188,0.596371,0.101649],[0.00263861,0.794391,0.101322,0.101649],[0.101649,0.00231188,0.101322,0.794718],[0.101649,0.794391,0.00231188,0.101649],[0.794718,0.200332,0.00231188,0.00263861],[0.00263861,0.794391,0.00231188,0.200658],[0.00263861,0.101322,0.00231188,0.893728],[0.00263861,0.00231188,0.992411,0.00263861],[0.101649,0.695381,0.00231188,0.200658],[0.893728,0.00231188,0.101322,0.00263861],[0.794718,0.00231188,0.200332,0.00263861],[0.00263861,0.992411,0.00231188,0.00263861],[0.00263861,0.893401,0.00231188,0.101649],[0.00263861,0.00231188,0.00231188,0.992738],[0.101649,0.794391,0.00231188,0.101649],[0.101649,0.497361,0.101322,0.299668],[0.299668,0.00231188,0.596371,0.101649],[0.101649,0.695381,0.00231188,0.200658],[0.101649,0.893401,0.00231188,0.00263861],[0.00263861,0.101322,0.00231188,0.893728],[0.00263861,0.992411,0.00231188,0.00263861],[0.00263861,0.893401,0.00231188,0.101649],[0.00263861,0.398351,0.00231188,0.596698],[0.299668,0.00231188,0.695381,0.00263861],[0.00263861,0.00231188,0.992411,0.00263861],[0.101649,0.00231188,0.794391,0.101649],[0.00263861,0.398351,0.00231188,0.596698],[0.00263861,0.101322,0.00231188,0.893728],[0.00263861,0.893401,0.00231188,0.101649],[0.893728,0.101322,0.00231188,0.00263861]]},{"db":0,"id":"TCCCAGCTAYTHGGGAGGCTGAGGCRGGAG","alt":"MEME-5","len":30,"ltrim":0,"rtrim":0,"nsites":5,"evalue":"1.2e-004","pwm":[[0.00522549,0.00457843,0.200657,0.789539],[0.00522549,0.788892,0.200657,0.00522549],[0.201304,0.788892,0.00457843,0.00522549],[0.00522549,0.788892,0.00457843,0.201304],[0.985618,0.00457843,0.00457843,0.00522549],[0.00522549,0.00457843,0.984971,0.00522549],[0.00522549,0.984971,0.00457843,0.00522549],[0.00522549,0.200657,0.00457843,0.789539],[0.985618,0.00457843,0.00457843,0.00522549],[0.00522549,0.592814,0.00457843,0.397382],[0.201304,0.00457843,0.00457843,0.789539],[0.397382,0.396735,0.00457843,0.201304],[0.00522549,0.00457843,0.984971,0.00522549],[0.00522549,0.00457843,0.984971,0.00522549],[0.00522549,0.00457843,0.984971,0.00522549],[0.789539,0.00457843,0.00457843,0.201304],[0.00522549,0.00457843,0.984971,0.00522549],[0.201304,0.00457843,0.788892,0.00522549],[0.00522549,0.984971,0.00457843,0.00522549],[0.00522549,0.200657,0.00457843,0.789539],[0.00522549,0.200657,0.788892,0.00522549],[0.789539,0.00457843,0.00457843,0.201304],[0.00522549,0.00457843,0.984971,0.00522549],[0.201304,0.00457843,0.788892,0.00522549],[0.00522549,0.788892,0.00457843,0.201304],[0.593461,0.00457843,0.396735,0.00522549],[0.201304,0.00457843,0.592814,0.201304],[0.00522549,0.00457843,0.984971,0.00522549],[0.985618,0.00457843,0.00457843,0.00522549],[0.00522549,0.00457843,0.984971,0.00522549]]},{"db":1,"id":"ACACACMC","alt":"DREME-7","len":8,"ltrim":0,"rtrim":0,"nsites":60,"evalue":"3.3e-003","pwm":[[0.99878,0.000388519,0.000388519,0.000443428],[0.000443428,0.998725,0.000388519,0.000443428],[0.99878,0.000388519,0.000388519,0.000443428],[0.000443428,0.998725,0.000388519,0.000443428],[0.99878,0.000388519,0.000388519,0.000443428],[0.000443428,0.998725,0.000388519,0.000443428],[0.749196,0.249973,0.000388519,0.000443428],[0.000443428,0.998725,0.000388519,0.000443428]]},{"db":2,"id":"ALX1_HUMAN.H11MO.0.B","len":12,"ltrim":1,"rtrim":0,"nsites":31,"evalue":"1.0e+000","url":"http://hocomoco.autosome.ru/motif/ALX1_HUMAN.H11MO.0.B","pwm":[[0.436285,0.209153,0.273004,0.0815574],[0.0647079,0.0965273,0.000750804,0.838014],[0.770616,0.0326763,0.100075,0.0966334],[0.866392,0.0646018,0.000750804,0.0682552],[0.000856913,0.0965273,0.000750804,0.901865],[0.0327824,0.227776,0.128453,0.610988],[0.483286,0.000750804,0.515106,0.000856913],[0.355585,0.256155,0.355478,0.0327824],[0.774163,0.000750804,0.128453,0.0966334],[0.100181,0.000750804,0.0326763,0.866392],[0.0647079,0.0326763,0.0326763,0.86994],[0.827372,0.0575072,0.0575072,0.0576133]]},{"db":2,"id":"AP2B_HUMAN.H11MO.0.B","len":10,"ltrim":0,"rtrim":1,"nsites":28,"evalue":"1.0e+000","url":"http://hocomoco.autosome.ru/motif/AP2B_HUMAN.H11MO.0.B","pwm":[[0.0403334,0.000830961,0.780655,0.178181],[0.000948398,0.646745,0.245018,0.107288],[0.000948398,0.961826,0.000830961,0.0363949],[0.115165,0.571914,0.000830961,0.31209],[0.07578,0.0362775,0.886994,0.000948398],[0.327844,0.315911,0.355296,0.000948398],[0.0718415,0.0362775,0.851548,0.0403334],[0.000948398,0.000830961,0.997272,0.000948398],[0.190981,0.123909,0.6753,0.00981003],[0.222489,0.446866,0.25388,0.0767646]]},{"db":2,"id":"AP2D_HUMAN.H11MO.0.D","len":14,"ltrim":0,"rtrim":0,"nsites":5,"evalue":"1.0e+000","url":"http://hocomoco.autosome.ru/motif/AP2D_HUMAN.H11MO.0.D","pwm":[[0.233224,0.483375,0.232577,0.0508251],[0.00522549,0.00457843,0.984971,0.00522549],[0.00522549,0.620174,0.186977,0.187624],[0.00522549,0.984971,0.00457843,0.00522549],[0.00522549,0.597374,0.00457843,0.392822],[0.00522549,0.00457843,0.984971,0.00522549],[0.392822,0.232577,0.369376,0.00522549],[0.00522549,0.00457843,0.984971,0.00522549],[0.00522549,0.00457843,0.984971,0.00522549],[0.00522549,0.802572,0.186977,0.00522549],[0.187624,0.232577,0.392175,0.187624],[0.00522549,0.802572,0.186977,0.00522549],[0.00522549,0.186977,0.802572,0.00522549],[0.0508251,0.232577,0.0501781,0.66642]]},{"db":2,"id":"ATF3_HUMAN.H11MO.0.A","len":11,"ltrim":0,"rtrim":1,"nsites":500,"evalue":"1.0e+000","url":"http://hocomoco.autosome.ru/motif/ATF3_HUMAN.H11MO.0.A","pwm":[[0.222009,0.0900287,0.579931,0.108032],[0.256002,0.0280411,0.709905,0.00605209],[0.0180497,0.0420383,0.00804509,0.931867],[0.0100513,0.477951,0.507945,0.00405249],[0.939865,0.0240419,0.00404589,0.0320469],[0.00205289,0.813884,0.0420383,0.142025],[0.0380457,0.0180431,0.925862,0.0180497],[0.0280477,0.224002,0.00804509,0.739905],[0.266,0.164014,0.53594,0.0340465],[0.575938,0.104026,0.251996,0.0680397],[0.0940345,0.295988,0.275992,0.333987]]},{"db":2,"id":"ATF4_HUMAN.H11MO.0.A","len":12,"ltrim":0,"rtrim":0,"nsites":500,"evalue":"1.0e+000","url":"http://hocomoco.autosome.ru/motif/ATF4_HUMAN.H11MO.0.A","pwm":[[0.397974,0.0640339,0.38197,0.156022],[0.236006,0.186009,0.393968,0.184016],[0.533947,0.329981,0.136019,5.32893e-05],[0.00205289,0.00204629,4.66907e-05,0.995854],[5.32893e-05,0.00604549,0.977851,0.0160501],[0.979857,0.00604549,0.0100447,0.00405249],[5.32893e-05,0.0520363,0.00604549,0.941865],[5.32893e-05,0.00604549,0.993848,5.32893e-05],[0.102033,0.801886,0.00204629,0.0940345],[0.993855,0.00604549,4.66907e-05,5.32893e-05],[0.997854,4.66907e-05,0.00204629,5.32893e-05],[0.0160501,0.291988,0.130021,0.561941]]},{"db":2,"id":"BMAL1_HUMAN.H11MO.0.A","len":11,"ltrim":1,"rtrim":1,"nsites":410,"evalue":"1.0e+000","url":"http://hocomoco.autosome.ru/motif/BMAL1_HUMAN.H11MO.0.A","pwm":[[0.161001,0.160993,0.370698,0.307307],[0.173193,0.521881,0.292668,0.0122571],[0.0659026,0.92666,0.00249537,0.00494184],[0.897407,0.0122491,0.034195,0.0561489],[0.0244493,0.731586,0.034195,0.20977],[0.00738027,0.0220028,0.951045,0.0195724],[0.0146956,5.69373e-05,0.0122491,0.972998],[6.49841e-05,0.0049338,0.975429,0.0195724],[0.453613,0.265846,0.0268797,0.253662],[0.051272,0.49262,0.292668,0.16344],[0.139055,0.319491,0.143924,0.397529]]},{"db":2,"id":"CEBPA_HUMAN.H11MO.0.A","len":12,"ltrim":1,"rtrim":1,"nsites":500,"evalue":"1.0e+000","url":"http://hocomoco.autosome.ru/motif/CEBPA_HUMAN.H11MO.0.A","pwm":[[0.230007,0.13202,0.365974,0.271999],[0.345984,0.18201,0.465954,0.00605209],[0.00805169,0.00404589,0.00604549,0.981857],[0.00205289,0.00204629,0.279991,0.71591],[0.158022,0.00804509,0.619923,0.21401],[0.176018,0.118023,0.116023,0.589935],[5.32893e-05,4.66907e-05,0.995848,0.00405249],[0.156022,0.771892,4.66907e-05,0.0720389],[0.983857,0.0100447,0.00204629,0.00405249],[0.989855,4.66907e-05,0.00804509,0.00205289],[0.0140505,0.297987,0.176011,0.511951],[0.319989,0.33198,0.222002,0.126028]]},{"db":2,"id":"CEBPB_HUMAN.H11MO.0.A","len":12,"ltrim":1,"rtrim":1,"nsites":454,"evalue":"1.0e+000","url":"http://hocomoco.autosome.ru/motif/CEBPB_HUMAN.H11MO.0.A","pwm":[[0.237892,0.0991485,0.352397,0.310563],[0.453703,0.132181,0.387631,0.0264846],[5.86875e-05,0.00225358,0.00225358,0.995434],[5.86875e-05,5.14204e-05,0.299545,0.700345],[0.301754,0.00225358,0.513154,0.182838],[0.167423,0.259906,0.0815313,0.49114],[5.86875e-05,5.14204e-05,0.999831,5.86875e-05],[0.0815385,0.898532,5.14204e-05,0.0198781],[0.999838,5.14204e-05,5.14204e-05,5.86875e-05],[0.999838,5.14204e-05,5.14204e-05,5.86875e-05],[5.86875e-05,0.244491,0.147596,0.607854],[0.370021,0.332577,0.182831,0.114571]]},{"db":2,"id":"CEBPE_HUMAN.H11MO.0.A","len":12,"ltrim":0,"rtrim":1,"nsites":812,"evalue":"1.0e+000","url":"http://hocomoco.autosome.ru/motif/CEBPE_HUMAN.H11MO.0.A","pwm":[[0.112287,0.107034,0.201589,0.57909],[3.28161e-05,2.87526e-05,0.0992367,0.900702],[0.227295,2.87526e-05,0.465493,0.307183],[0.0474299,0.570537,0.218069,0.163964],[0.0859537,2.87526e-05,0.913985,3.28161e-05],[0.32088,0.445735,0.000708561,0.232676],[0.846994,0.151407,0.00156638,3.28161e-05],[0.99991,2.87526e-05,2.87526e-05,3.28161e-05],[3.28161e-05,0.149704,0.0107599,0.839504],[0.264576,0.485649,0.0407444,0.20903],[0.21299,0.0703426,0.180694,0.535974],[0.112938,0.31144,0.205296,0.370326]]},{"db":2,"id":"CEBPG_HUMAN.H11MO.0.B","len":12,"ltrim":0,"rtrim":2,"nsites":500,"evalue":"1.0e+000","url":"http://hocomoco.autosome.ru/motif/CEBPG_HUMAN.H11MO.0.B","pwm":[[0.561941,0.124022,0.287989,0.0260481],[5.32893e-05,4.66907e-05,4.66907e-05,0.999853],[0.00205289,4.66907e-05,0.0400387,0.957862],[0.176018,0.00204629,0.687909,0.134026],[0.00205289,0.995848,0.00204629,5.32893e-05],[0.86788,0.0420383,0.0740319,0.0160501],[0.0160501,0.0320403,0.0140439,0.937866],[0.0560421,0.923862,0.00804509,0.0120509],[0.991855,4.66907e-05,0.00604549,0.00205289],[0.0160501,0.136019,0.397967,0.449963],[0.256002,0.397967,0.13202,0.21401],[0.196014,0.363974,0.0940279,0.345984]]},{"db":2,"id":"COT1_HUMAN.H11MO.1.C","len":13,"ltrim":1,"rtrim":0,"nsites":478,"evalue":"1.0e+000","url":"http://hocomoco.autosome.ru/motif/COT1_HUMAN.H11MO.1.C","pwm":[[0.0837202,0.194569,0.382814,0.338897],[0.125552,0.502036,0.284508,0.0879035],[0.591982,0.108813,0.167378,0.131827],[0.36818,0.0335146,0.591975,0.00633058],[0.71957,4.88392e-05,0.278233,0.00214735],[0.00842219,0.00214045,0.951733,0.0377048],[0.00633058,4.88392e-05,0.966374,0.0272467],[0.00842219,0.0690721,0.217577,0.704929],[0.0335215,0.914084,0.0272398,0.0251551],[0.99148,0.00214045,0.00632368,5.57415e-05],[0.223858,0.154828,0.525044,0.0962699],[0.313798,0.146462,0.45602,0.0837202],[0.146469,0.096263,0.635899,0.121369]]},{"db":2,"id":"COT2_HUMAN.H11MO.0.A","len":13,"ltrim":1,"rtrim":1,"nsites":500,"evalue":"1.0e+000","url":"http://hocomoco.autosome.ru/motif/COT2_HUMAN.H11MO.0.A","pwm":[[0.188823,0.470318,0.185444,0.155415],[0.666716,0.149237,0.0850889,0.0989578],[0.531146,0.0743105,0.34392,0.0506237],[0.732761,0.00213826,0.259163,0.00593761],[0.00756091,4.66907e-05,0.981051,0.0113417],[0.0355198,0.0074709,0.903611,0.0533984],[0.0075614,0.0501547,0.0817643,0.86052],[0.0018721,0.925661,0.0217741,0.0506924],[0.988312,4.66907e-05,0.00798658,0.00365435],[0.373564,0.120963,0.377553,0.12792],[0.40891,0.116648,0.383317,0.0911255],[0.212832,0.0575062,0.564799,0.164863],[0.232579,0.127386,0.37991,0.260126]]},{"db":2,"id":"CRX_HUMAN.H11MO.0.B","len":13,"ltrim":1,"rtrim":1,"nsites":500,"evalue":"1.0e+000","url":"http://hocomoco.autosome.ru/motif/CRX_HUMAN.H11MO.0.B","pwm":[[0.248004,0.164014,0.152016,0.435966],[0.533947,0.104026,0.261994,0.100033],[0.573939,0.0460375,0.275992,0.104032],[0.172019,0.0920283,0.565934,0.170019],[0.497954,0.164014,0.261994,0.0760381],[0.192015,0.00604549,0.775892,0.0260481],[0.0320469,0.0100447,0.93586,0.0220489],[0.763901,0.218003,0.0160435,0.00205289],[5.32893e-05,4.66907e-05,4.66907e-05,0.999853],[0.0220489,0.0580351,0.0240419,0.895874],[0.879877,0.00404589,0.0340399,0.0820369],[0.269999,0.0660335,0.525942,0.138026],[0.234006,0.323982,0.343978,0.0980337]]},{"db":2,"id":"E2F1_HUMAN.H11MO.0.A","len":14,"ltrim":4,"rtrim":2,"nsites":500,"evalue":"1.0e+000","url":"http://hocomoco.autosome.ru/motif/E2F1_HUMAN.H11MO.0.A","pwm":[[0.327988,0.160015,0.377971,0.134026],[0.236006,0.200007,0.451956,0.112031],[0.271999,0.210005,0.289989,0.228008],[0.190015,0.102026,0.465954,0.242005],[0.0820369,0.200007,0.703906,0.0140505],[0.0180497,0.00604549,0.965854,0.0100513],[0.0560421,0.921862,0.00404589,0.0180497],[0.0160501,0.00804509,0.957855,0.0180497],[0.0220489,0.0820303,0.889869,0.00605209],[0.0680397,0.0340399,0.889869,0.00805169],[0.855882,0.0200427,0.0900287,0.0340465],[0.653923,0.0640339,0.271992,0.0100513],[0.399973,0.140019,0.365974,0.0940345],[0.271999,0.164014,0.395968,0.16802]]},{"db":2,"id":"E2F3_HUMAN.H11MO.0.A","len":11,"ltrim":2,"rtrim":0,"nsites":500,"evalue":"1.0e+000","url":"http://hocomoco.autosome.ru/motif/E2F3_HUMAN.H11MO.0.A","pwm":[[0.375978,0.140019,0.208005,0.275998],[0.262001,0.0460375,0.409965,0.281997],[0.126028,0.124022,0.675912,0.0740385],[0.0340465,0.00604549,0.955856,0.00405249],[0.124028,0.769893,0.0200427,0.0860361],[0.152023,0.00404589,0.68391,0.160021],[0.0960341,0.0200427,0.867873,0.0160501],[0.0180497,0.0100447,0.957855,0.0140505],[0.833887,0.0380391,0.118023,0.0100513],[0.711911,0.0620343,0.200007,0.0260481],[0.533947,0.110025,0.249997,0.106032]]},{"db":2,"id":"E2F6_HUMAN.H11MO.0.A","len":13,"ltrim":1,"rtrim":2,"nsites":500,"evalue":"1.0e+000","url":"http://hocomoco.autosome.ru/motif/E2F6_HUMAN.H11MO.0.A","pwm":[[0.337986,0.148017,0.341978,0.172019],[0.262001,0.0340399,0.555936,0.148024],[0.154022,0.126021,0.699907,0.0200493],[0.0100513,0.0160435,0.963854,0.0100513],[0.21401,0.707905,0.0120443,0.0660401],[0.0400453,0.0180431,0.893868,0.0480437],[0.0240485,0.0480371,0.895868,0.0320469],[0.0720389,0.0440379,0.871872,0.0120509],[0.941865,0.0320403,0.0140439,0.0120509],[0.511951,0.0360395,0.43596,0.0160501],[0.383977,0.108025,0.437959,0.0700393],[0.277998,0.218003,0.377971,0.126028],[0.275998,0.162014,0.425962,0.136026]]},{"db":2,"id":"EGR3_HUMAN.H11MO.0.D","len":11,"ltrim":0,"rtrim":0,"nsites":8,"evalue":"1.0e+000","url":"http://hocomoco.autosome.ru/motif/EGR3_HUMAN.H11MO.0.D","pwm":[[0.565108,0.020775,0.020775,0.393342],[0.260939,0.00288272,0.58975,0.146428],[0.633099,0.21759,0.00288272,0.146428],[0.117801,0.00288272,0.876026,0.00329012],[0.00329012,0.0386673,0.181806,0.776237],[0.00329012,0.00288272,0.990537,0.00329012],[0.00329012,0.00288272,0.876026,0.117801],[0.00329012,0.00288272,0.990537,0.00329012],[0.00329012,0.475239,0.00288272,0.518588],[0.00329012,0.00288272,0.876026,0.117801],[0.0211824,0.163913,0.163913,0.650991]]},{"db":2,"id":"ERR1_HUMAN.H11MO.0.A","len":15,"ltrim":1,"rtrim":5,"nsites":284,"evalue":"1.0e+000","url":"http://hocomoco.autosome.ru/motif/ERR1_HUMAN.H11MO.0.A","pwm":[[0.102171,0.408389,0.228875,0.260565],[0.0775313,0.39079,0.0493606,0.482318],[0.102171,0.68294,0.183116,0.0317728],[0.915265,0.00712196,0.06696,0.0106535],[0.971583,8.21894e-05,0.0282413,9.3805e-05],[0.00361369,8.21894e-05,0.989171,0.00713358],[0.00713358,0.00360208,0.989171,9.3805e-05],[0.0634518,0.00360208,0.0458407,0.887105],[9.3805e-05,0.922293,0.0528805,0.024733],[0.985662,0.00360208,0.00712196,0.00361369],[0.235926,0.429508,0.140878,0.193688],[0.41896,0.197196,0.183116,0.200727],[0.147929,0.345031,0.302793,0.204247],[0.411921,0.172557,0.193676,0.221847],[0.207767,0.242954,0.397829,0.151449]]},{"db":2,"id":"ERR2_HUMAN.H11MO.0.A","len":9,"ltrim":0,"rtrim":0,"nsites":3662,"evalue":"1.0e+000","url":"http://hocomoco.autosome.ru/motif/ERR2_HUMAN.H11MO.0.A","pwm":[[0.058814,0.303122,0.169217,0.468847],[0.0678229,0.711331,0.14321,0.0776364],[0.934265,0.00636237,0.0541152,0.00525788],[0.986218,0.000614341,0.0116682,0.00149955],[0.00553423,0.000448532,0.988925,0.00509207],[0.00243914,0.00155392,0.993789,0.00221806],[0.0388617,0.0402048,0.0884508,0.832483],[0.00188644,0.876693,0.0717637,0.0496568],[0.927725,0.00492536,0.0608756,0.00647381]]},{"db":2,"id":"FOXF1_HUMAN.H11MO.0.D","len":11,"ltrim":1,"rtrim":0,"nsites":8,"evalue":"1.0e+000","url":"http://hocomoco.autosome.ru/motif/FOXF1_HUMAN.H11MO.0.D","pwm":[[0.413602,0.151757,0.151757,0.282883],[0.00329012,0.00288272,0.00288272,0.990944],[0.134009,0.00288272,0.859818,0.00329012],[0.00329012,0.00288272,0.00288272,0.990944],[0.00329012,0.00288272,0.00288272,0.990944],[0.00329012,0.00288272,0.00288272,0.990944],[0.729507,0.0682422,0.198961,0.00329012],[0.00329012,0.133602,0.00288272,0.860225],[0.0214455,0.151757,0.151757,0.67504],[0.264728,0.169912,0.00288272,0.562477],[0.431758,0.00288272,0.0391935,0.526166]]},{"db":2,"id":"GFI1_HUMAN.H11MO.0.C","len":10,"ltrim":0,"rtrim":0,"nsites":150,"evalue":"1.0e+000","url":"http://hocomoco.autosome.ru/motif/GFI1_HUMAN.H11MO.0.C","pwm":[[0.291452,0.0696238,0.587344,0.0515804],[0.077875,0.684255,0.139381,0.0984889],[0.405092,0.100469,0.0757503,0.418688],[0.0521579,0.285479,0.562913,0.0994493],[0.239227,0.0171225,0.0800688,0.663582],[0.000177548,0.000155563,0.999489,0.000177548],[0.999511,0.000155563,0.000155563,0.000177548],[0.000177548,0.000155563,0.000155563,0.999511],[0.000177548,0.000155563,0.000155563,0.999511],[0.103611,0.118139,0.190853,0.587397]]},{"db":2,"id":"GLI1_HUMAN.H11MO.0.D","len":12,"ltrim":1,"rtrim":0,"nsites":500,"evalue":"1.0e+000","url":"http://hocomoco.autosome.ru/motif/GLI1_HUMAN.H11MO.0.D","pwm":[[0.112031,0.391968,0.18401,0.311991],[0.0340465,0.471952,0.399967,0.0940345],[0.0700393,0.0760315,0.0120443,0.841885],[0.0200493,0.0280411,0.905866,0.0460441],[0.0100513,0.0120443,0.763894,0.21401],[0.0120509,0.0400387,0.947857,5.32893e-05],[0.0660401,0.0220423,0.0200427,0.891875],[0.0120509,0.00804509,0.973852,0.00605209],[0.0160501,0.00404589,0.937859,0.0420449],[0.0140505,0.237999,0.152016,0.595934],[0.0420449,0.879871,0.0420383,0.0360461],[0.11603,0.359975,0.0600347,0.463961]]},{"db":2,"id":"GRHL1_HUMAN.H11MO.0.D","len":12,"ltrim":0,"rtrim":0,"nsites":500,"evalue":"1.0e+000","url":"http://hocomoco.autosome.ru/motif/GRHL1_HUMAN.H11MO.0.D","pwm":[[0.661921,0.0600347,0.0920283,0.186016],[0.575938,0.0120443,0.142018,0.269999],[0.0120509,0.953856,0.0300407,0.00405249],[0.0140505,0.829881,0.00404589,0.152023],[0.325988,0.0160435,0.18401,0.473959],[0.00405249,0.0460375,0.893868,0.0560421],[0.00805169,0.166013,0.0460375,0.779897],[0.0240485,0.228001,0.0420383,0.705912],[0.0540425,0.353976,0.0320403,0.559941],[0.0740385,0.196007,0.198007,0.531947],[0.228008,0.188009,0.237999,0.345984],[0.0440445,0.791888,0.0520363,0.112031]]},{"db":2,"id":"GRHL2_HUMAN.H11MO.0.A","len":12,"ltrim":0,"rtrim":0,"nsites":497,"evalue":"1.0e+000","url":"http://hocomoco.autosome.ru/motif/GRHL2_HUMAN.H11MO.0.A","pwm":[[0.740347,0.0282103,0.128794,0.102649],[0.778569,0.0161403,0.0885604,0.11673],[5.36109e-05,0.997834,0.00205864,5.36109e-05],[0.0443103,0.714189,0.00809364,0.233407],[0.22536,0.0342453,0.307832,0.432562],[0.00407695,0.00205864,0.993811,5.36109e-05],[0.0241936,0.253517,0.00407031,0.718219],[0.0141353,0.386287,0.0101053,0.589472],[0.122765,0.239435,0.142875,0.494924],[0.17708,0.0563737,0.462731,0.303815],[0.350084,0.0644203,0.335995,0.2495],[0.00206528,0.913344,0.0282103,0.0563803]]},{"db":2,"id":"GSC_HUMAN.H11MO.0.D","len":11,"ltrim":3,"rtrim":2,"nsites":1241,"evalue":"1.0e+000","url":"http://hocomoco.autosome.ru/motif/GSC_HUMAN.H11MO.0.D","pwm":[[0.472586,0.118865,0.227639,0.180909],[0.371668,0.118664,0.287868,0.221801],[0.177888,0.333392,0.359982,0.128738],[0.0527972,0.0632692,0.880286,0.00364729],[0.0330567,0.00324176,0.960457,0.00324442],[0.997524,0.00243602,1.8814e-05,2.14729e-05],[2.14729e-05,1.8814e-05,1.8814e-05,0.999941],[2.14729e-05,1.8814e-05,1.8814e-05,0.999941],[0.995509,0.000421682,0.00122742,0.00284155],[0.331381,0.09288,0.396643,0.179096],[0.14304,0.346889,0.312242,0.19783]]},{"db":2,"id":"HIF1A_HUMAN.H11MO.0.C","len":8,"ltrim":0,"rtrim":0,"nsites":500,"evalue":"1.0e+000","url":"http://hocomoco.autosome.ru/motif/HIF1A_HUMAN.H11MO.0.C","pwm":[[0.212011,0.164014,0.527941,0.0960341],[0.234006,0.0500367,0.417963,0.297994],[0.825888,0.0120443,0.156015,0.00605209],[0.134026,0.801886,0.0100447,0.0540425],[0.0280477,0.00204629,0.969853,5.32893e-05],[0.00805169,0.00804509,4.66907e-05,0.983857],[5.32893e-05,0.00404589,0.993848,0.00205289],[0.285996,0.521942,0.0860295,0.106032]]},{"db":2,"id":"HMBX1_HUMAN.H11MO.0.D","len":9,"ltrim":0,"rtrim":0,"nsites":500,"evalue":"1.0e+000","url":"http://hocomoco.autosome.ru/motif/HMBX1_HUMAN.H11MO.0.D","pwm":[[0.401973,0.0280411,0.399967,0.170019],[0.327988,0.118023,0.519943,0.0340465],[0.0160501,0.675912,0.0280411,0.279997],[0.00805169,0.0240419,0.0140439,0.953863],[0.659921,0.00204629,0.315984,0.0220489],[5.32893e-05,0.0120443,0.98585,0.00205289],[0.0185496,0.00454579,0.0105446,0.96636],[0.096534,0.326481,0.108525,0.46846],[0.810391,0.0105446,0.0305406,0.148524]]},{"db":2,"id":"HSF1_HUMAN.H11MO.1.A","len":9,"ltrim":0,"rtrim":1,"nsites":107,"evalue":"1.0e+000","url":"http://hocomoco.autosome.ru/motif/HSF1_HUMAN.H11MO.1.A","pwm":[[0.0562712,0.0935887,0.0935887,0.756551],[0.0562712,0.0749146,0.102926,0.765888],[0.0749454,0.877902,0.0188922,0.02826],[0.018923,0.0188922,0.0282292,0.933956],[0.233676,0.0188922,0.747183,0.000248833],[0.0375971,0.000218021,0.961936,0.000248833],[0.859259,0.000218021,0.130937,0.0095859],[0.933956,0.000218021,0.0469034,0.018923],[0.420417,0.112263,0.28033,0.18699]]},{"db":2,"id":"HXD13_HUMAN.H11MO.0.D","len":11,"ltrim":0,"rtrim":0,"nsites":13,"evalue":"1.0e+000","url":"http://hocomoco.autosome.ru/motif/HXD13_HUMAN.H11MO.0.D","pwm":[[0.204822,0.118278,0.118278,0.558622],[0.00203435,0.00178244,0.0794459,0.916737],[0.0796978,0.00178244,0.174368,0.744152],[0.780826,0.0211983,0.0211983,0.176777],[0.0732259,0.228301,0.0211983,0.677275],[0.0991137,0.0211983,0.228301,0.651387],[0.642758,0.0988618,0.185154,0.0732259],[0.0214502,0.0729739,0.633877,0.271699],[0.442127,0.00178244,0.476392,0.0796978],[0.00203435,0.00178244,0.86471,0.131473],[0.662174,0.170053,0.0406142,0.127159]]},{"db":2,"id":"IKZF1_HUMAN.H11MO.0.C","len":8,"ltrim":0,"rtrim":0,"nsites":60,"evalue":"1.0e+000","url":"http://hocomoco.autosome.ru/motif/IKZF1_HUMAN.H11MO.0.C","pwm":[[0.0428176,0.285991,0.237684,0.433508],[0.0580723,0.0885269,0.000388519,0.853012],[0.0563774,0.000388519,0.942791,0.000443428],[0.0190881,0.0308979,0.949571,0.000443428],[0.000443428,0.0173382,0.981775,0.000443428],[0.849622,0.000388519,0.149546,0.000443428],[0.320792,0.0308979,0.532608,0.115701],[0.415711,0.0393728,0.368197,0.17672]]},{"db":2,"id":"IRX2_HUMAN.H11MO.0.D","len":19,"ltrim":4,"rtrim":3,"nsites":19306,"evalue":"1.0e+000","url":"http://hocomoco.autosome.ru/motif/IRX2_HUMAN.H11MO.0.D","pwm":[[0.409626,0.178973,0.237918,0.173483],[0.174687,0.429166,0.204574,0.191573],[0.42229,0.128186,0.222353,0.227171],[0.151534,0.156403,0.305008,0.387055],[0.129986,0.0788105,0.640757,0.150446],[0.177652,0.100734,0.434514,0.2871],[0.139271,0.212615,0.361377,0.286737],[0.285908,0.0490919,0.24763,0.417369],[0.0808308,0.0393929,0.447658,0.432119],[0.138869,0.0292666,0.636691,0.195173],[0.22462,0.0283083,0.386485,0.360587],[0.0672858,0.729926,0.046256,0.156532],[0.493084,0.00127024,0.45838,0.0472662],[0.00132221,0.00588018,0.333393,0.659404],[0.00119271,0.00103715,0.996992,0.000778337],[0.0509309,0.0562658,0.129714,0.763089],[0.336605,0.0830579,0.232026,0.348311],[0.241065,0.215788,0.397389,0.145758],[0.189799,0.137432,0.414184,0.258585]]},{"db":2,"id":"ISL1_HUMAN.H11MO.0.A","len":9,"ltrim":1,"rtrim":1,"nsites":500,"evalue":"1.0e+000","url":"http://hocomoco.autosome.ru/motif/ISL1_HUMAN.H11MO.0.A","pwm":[[0.184016,0.307985,0.363974,0.144024],[0.0460441,0.657915,0.0480371,0.248004],[0.285996,0.0560355,0.0120443,0.645924],[0.711911,0.0580351,0.224002,0.00605209],[0.977858,0.0120443,0.0100447,5.32893e-05],[0.0160501,0.00604549,0.309985,0.66792],[0.0500433,4.66907e-05,0.619923,0.329987],[0.16402,0.0400387,0.763894,0.0320469],[0.339985,0.293988,0.295988,0.0700393]]},{"db":2,"id":"ISL2_HUMAN.H11MO.0.D","len":11,"ltrim":2,"rtrim":1,"nsites":16943,"evalue":"1.0e+000","url":"http://hocomoco.autosome.ru/motif/ISL2_HUMAN.H11MO.0.D","pwm":[[0.184295,0.384966,0.140265,0.290474],[0.305008,0.179647,0.348388,0.166957],[0.0756076,0.359735,0.0784404,0.486217],[0.0419213,0.0223261,0.0245099,0.911243],[0.985476,0.000355505,0.0133992,0.000768847],[0.994507,0.000591589,0.00330656,0.00159514],[0.00392647,0.000325994,0.419258,0.57649],[0.00590368,0.00135886,0.175884,0.816853],[0.103554,0.0110678,0.877261,0.00811697],[0.226303,0.51108,0.20842,0.0541977],[0.273977,0.198017,0.0816275,0.446378]]},{"db":2,"id":"KLF3_HUMAN.H11MO.0.B","len":19,"ltrim":3,"rtrim":1,"nsites":498,"evalue":"1.0e+000","url":"http://hocomoco.autosome.ru/motif/KLF3_HUMAN.H11MO.0.B","pwm":[[0.212862,0.188764,0.47184,0.126534],[0.226916,0.222894,0.461802,0.0883892],[0.259038,0.204825,0.423657,0.112481],[0.244984,0.186756,0.495931,0.0723281],[0.327297,0.246985,0.315245,0.110473],[0.345366,0.0442147,0.359412,0.251007],[0.0341832,4.68782e-05,0.965716,5.35033e-05],[0.00607639,4.68782e-05,0.991816,0.00206113],[0.00406876,0.00807739,0.985793,0.00206113],[0.0863815,0.642488,4.68782e-05,0.271083],[0.00808402,0.00606977,0.981777,0.00406876],[0.00406876,0.0261461,0.724801,0.244984],[0.184755,0.0181155,0.754915,0.0422137],[0.0763434,0.010085,0.843251,0.0703205],[0.0843739,0.618397,0.148611,0.148618],[0.182748,0.381496,0.162665,0.273091],[0.130549,0.204825,0.495931,0.168694],[0.0924044,0.24297,0.530061,0.134565],[0.160664,0.218878,0.481878,0.13858]]},{"db":2,"id":"MAFB_HUMAN.H11MO.0.B","len":11,"ltrim":0,"rtrim":3,"nsites":473,"evalue":"1.0e+000","url":"http://hocomoco.autosome.ru/motif/MAFB_HUMAN.H11MO.0.B","pwm":[[0.0994011,0.0233003,0.0613472,0.815951],[0.00639748,0.0571197,0.900493,0.0359895],[0.0655816,0.902607,0.0148454,0.0169661],[0.0803776,0.00639051,4.93553e-05,0.913183],[0.0359895,0.0211865,0.853991,0.0888325],[0.822293,0.0233003,0.055006,0.0994011],[0.107856,0.448158,0.310766,0.133221],[0.20086,0.143782,0.0951667,0.560192],[0.173381,0.418566,0.160692,0.247361],[0.448165,0.141668,0.18817,0.221997],[0.238906,0.105735,0.433362,0.221997]]},{"db":2,"id":"MAFG_HUMAN.H11MO.1.A","len":8,"ltrim":0,"rtrim":0,"nsites":498,"evalue":"1.0e+000","url":"http://hocomoco.autosome.ru/motif/MAFG_HUMAN.H11MO.1.A","pwm":[[0.0522519,0.0361842,0.0984207,0.813143],[0.0100916,0.0341766,0.939617,0.0161145],[0.0321756,0.82719,0.128535,0.0120993],[0.0402061,0.00606977,0.0161079,0.937616],[0.0141069,0.0181155,0.90348,0.0642976],[0.736853,0.0201232,0.080352,0.162671],[0.0602824,0.194787,0.658549,0.0863815],[0.0723281,0.0903902,0.12452,0.712762]]},{"db":2,"id":"MAF_HUMAN.H11MO.0.A","len":19,"ltrim":2,"rtrim":2,"nsites":500,"evalue":"1.0e+000","url":"http://hocomoco.autosome.ru/motif/MAF_HUMAN.H11MO.0.A","pwm":[[0.305992,0.236,0.33398,0.124028],[0.469959,0.142018,0.202006,0.186016],[0.587936,0.0840299,0.0780311,0.250003],[0.391975,0.0880291,0.118023,0.401973],[0.154022,0.311984,0.269993,0.264],[0.110031,0.0400387,0.0260415,0.823889],[0.0180497,0.0140439,0.959855,0.00805169],[0.124028,0.855876,0.00604549,0.0140505],[0.0640405,0.00604549,0.0120443,0.91787],[0.0180497,0.00604549,0.901866,0.0740385],[0.881877,0.0240419,0.0680331,0.0260481],[0.102033,0.445958,0.327981,0.124028],[0.238006,0.118023,0.154016,0.489955],[0.242005,0.411964,0.120023,0.226008],[0.473959,0.112024,0.154016,0.260001],[0.194014,0.0720323,0.575932,0.158022],[0.160021,0.511944,0.218003,0.110031],[0.461961,0.236,0.146017,0.156022],[0.401973,0.152016,0.234,0.212011]]},{"db":2,"id":"MEF2A_HUMAN.H11MO.0.A","len":13,"ltrim":1,"rtrim":1,"nsites":500,"evalue":"1.0e+000","url":"http://hocomoco.autosome.ru/motif/MEF2A_HUMAN.H11MO.0.A","pwm":[[0.273999,0.0780311,0.243998,0.403973],[0.128028,0.0800307,0.387969,0.403973],[0.0280477,0.723902,0.0500367,0.198014],[0.00205289,0.0560355,4.66907e-05,0.941865],[0.927868,0.00604549,0.00804509,0.0580417],[0.0640405,0.00204629,0.00804509,0.925868],[0.102033,0.00204629,0.00404589,0.891875],[0.0140505,0.0480371,0.0100447,0.927868],[0.134026,0.0820303,0.0120443,0.771899],[0.140025,0.0360395,0.116023,0.707912],[0.549943,0.00204629,0.43596,0.0120509],[0.160021,0.0380391,0.657915,0.144024],[0.359981,0.38397,0.104026,0.152023]]},{"db":2,"id":"MEF2D_HUMAN.H11MO.0.A","len":12,"ltrim":1,"rtrim":0,"nsites":500,"evalue":"1.0e+000","url":"http://hocomoco.autosome.ru/motif/MEF2D_HUMAN.H11MO.0.A","pwm":[[0.311991,0.0560355,0.301986,0.329987],[0.0680397,0.0640339,0.499947,0.36798],[0.0240485,0.757895,0.0600347,0.158022],[0.00205289,0.0200427,0.00604549,0.971859],[0.969859,0.00204629,0.00204629,0.0260481],[0.0540425,0.00604549,0.00404589,0.935866],[0.0800373,0.0120443,0.00804509,0.899873],[0.0940345,0.0400387,0.00604549,0.859881],[0.297994,0.0860295,0.0120443,0.603933],[0.0860361,0.0140439,0.0540359,0.845884],[0.753903,4.66907e-05,0.236,0.0100513],[0.0940345,0.0320403,0.78589,0.0880357]]},{"db":2,"id":"MITF_HUMAN.H11MO.0.A","len":10,"ltrim":0,"rtrim":0,"nsites":500,"evalue":"1.0e+000","url":"http://hocomoco.autosome.ru/motif/MITF_HUMAN.H11MO.0.A","pwm":[[0.0540425,0.237999,0.114024,0.593935],[5.32893e-05,0.997847,0.00204629,5.32893e-05],[0.879877,0.0260415,0.0120443,0.0820369],[5.32893e-05,0.729901,0.0160435,0.254002],[0.00405249,0.0180431,0.977851,5.32893e-05],[0.00405249,4.66907e-05,0.0120443,0.983857],[5.32893e-05,0.00604549,0.993848,5.32893e-05],[0.889875,0.0380391,0.0560355,0.0160501],[5.32893e-05,0.765894,0.0460375,0.188016],[0.144024,0.523942,0.0720323,0.260001]]},{"db":2,"id":"NFAC2_HUMAN.H11MO.0.B","len":9,"ltrim":0,"rtrim":1,"nsites":86,"evalue":"1.0e+000","url":"http://hocomoco.autosome.ru/motif/NFAC2_HUMAN.H11MO.0.B","pwm":[[0.256334,0.0565725,0.145392,0.541702],[0.000309524,0.000271196,0.99911,0.000309524],[0.000309524,0.000271196,0.99911,0.000309524],[0.999148,0.000271196,0.000271196,0.000309524],[0.971612,0.000271196,0.0278072,0.000309524],[0.951184,0.0169895,0.0315168,0.000309524],[0.795043,0.0582935,0.0612438,0.0854195],[0.297168,0.133345,0.098925,0.470562],[0.159979,0.23513,0.171207,0.433684]]},{"db":2,"id":"NFIA_HUMAN.H11MO.1.D","len":7,"ltrim":1,"rtrim":1,"nsites":265,"evalue":"1.0e+000","url":"http://hocomoco.autosome.ru/motif/NFIA_HUMAN.H11MO.1.D","pwm":[[0.249361,0.394689,0.160615,0.195336],[0.0580508,0.171884,0.00897379,0.761091],[0.0074409,0.00279243,0.0526297,0.937137],[0.0132359,8.808e-05,0.963009,0.023667],[0.0290757,0.0128371,0.956055,0.00203221],[0.0530285,0.885162,0.0468347,0.0149744],[0.446246,0.125875,0.140626,0.287253]]},{"db":2,"id":"NFIC_HUMAN.H11MO.1.A","len":9,"ltrim":1,"rtrim":1,"nsites":500,"evalue":"1.0e+000","url":"http://hocomoco.autosome.ru/motif/NFIC_HUMAN.H11MO.1.A","pwm":[[0.16402,0.192008,0.166013,0.477958],[0.0320469,0.505946,0.158015,0.303993],[5.32893e-05,0.373972,0.00204629,0.623929],[5.32893e-05,4.66907e-05,0.0320403,0.96786],[5.32893e-05,4.66907e-05,0.993848,0.00605209],[0.00205289,0.00204629,0.989849,0.00605209],[0.0320469,0.959855,0.00804509,5.32893e-05],[0.597934,0.0900287,0.00404589,0.307992],[0.154022,0.277991,0.389969,0.178018]]},{"db":2,"id":"NFIL3_HUMAN.H11MO.0.D","len":11,"ltrim":1,"rtrim":0,"nsites":500,"evalue":"1.0e+000","url":"http://hocomoco.autosome.ru/motif/NFIL3_HUMAN.H11MO.0.D","pwm":[[0.333987,0.0920283,0.305986,0.268],[0.395974,0.13202,0.427961,0.0440445],[5.32893e-05,0.0100447,0.00204629,0.987856],[0.00405249,0.0100447,0.267993,0.71791],[0.821889,0.0120443,0.0760315,0.0900353],[0.0460441,0.0700327,0.0680331,0.81589],[0.0240485,0.0220423,0.949857,0.00405249],[0.0800373,0.329981,0.00804509,0.581937],[0.873879,0.114024,0.00804509,0.00405249],[0.993855,0.00204629,0.00204629,0.00205289],[0.0380457,0.371972,0.198007,0.391975]]},{"db":2,"id":"NKX31_HUMAN.H11MO.0.C","len":12,"ltrim":1,"rtrim":1,"nsites":500,"evalue":"1.0e+000","url":"http://hocomoco.autosome.ru/motif/NKX31_HUMAN.H11MO.0.C","pwm":[[0.190015,0.196007,0.321982,0.291995],[0.0860361,0.251996,0.0980271,0.563941],[0.252003,0.108025,0.152016,0.487956],[0.759901,0.0540359,0.172012,0.0140505],[0.959861,0.00204629,0.0200427,0.0180497],[0.00405249,0.00404589,0.98585,0.00605209],[0.0880357,0.00204629,0.0180431,0.891875],[0.170019,0.0140439,0.803886,0.0120509],[0.0180497,0.451956,0.265994,0.264],[0.142025,0.255996,0.0380391,0.563941],[0.156022,0.0860295,0.106025,0.651923],[0.279997,0.0840299,0.295988,0.339985]]},{"db":2,"id":"NR1H3_HUMAN.H11MO.0.B","len":19,"ltrim":2,"rtrim":0,"nsites":500,"evalue":"1.0e+000","url":"http://hocomoco.autosome.ru/motif/NR1H3_HUMAN.H11MO.0.B","pwm":[[0.16802,0.48195,0.208005,0.142025],[0.423969,0.224002,0.124022,0.228008],[0.373979,0.126021,0.419963,0.0800373],[0.543945,0.0260415,0.379971,0.0500433],[0.122029,0.00604549,0.813884,0.0580417],[0.0380457,0.0440379,0.755896,0.162021],[0.0640405,0.158015,0.152016,0.625928],[0.144024,0.427961,0.0840299,0.343985],[0.829887,0.0180431,0.0540359,0.0980337],[0.11403,0.591928,0.142018,0.152023],[0.224008,0.178011,0.0860295,0.511951],[0.240005,0.228001,0.289989,0.242005],[0.228008,0.323982,0.28399,0.16402],[0.659921,0.0900287,0.172012,0.0780377],[0.0800373,0.0260415,0.83588,0.0580417],[0.106032,0.0400387,0.717903,0.136026],[0.152023,0.138019,0.220003,0.489955],[0.0780377,0.737899,0.0720323,0.112031],[0.871879,0.0440379,0.0480371,0.0360461]]},{"db":2,"id":"NR1I2_HUMAN.H11MO.0.C","len":19,"ltrim":2,"rtrim":1,"nsites":29,"evalue":"1.0e+000","url":"http://hocomoco.autosome.ru/motif/NR1I2_HUMAN.H11MO.0.C","pwm":[[0.32124,0.125373,0.192997,0.360391],[0.299885,0.0648672,0.399428,0.23582],[0.431574,0.13605,0.395869,0.0365074],[0.264293,0.000802406,0.662805,0.0720989],[0.0685398,0.203674,0.55959,0.168196],[0.000915807,0.0328348,0.0648672,0.901382],[0.000915807,0.605859,0.0648672,0.328358],[0.705629,0.292653,0.000802406,0.000915807],[0.598854,0.0968996,0.164524,0.139723],[0.299885,0.207233,0.292653,0.200229],[0.331917,0.235707,0.232148,0.200229],[0.595295,0.0684264,0.335363,0.000915807],[0.926296,0.000802406,0.0719855,0.000915807],[0.000915807,0.000802406,0.997366,0.000915807],[0.000915807,0.0719855,0.303331,0.623768],[0.097013,0.0648672,0.036394,0.801726],[0.000915807,0.758903,0.13605,0.104131],[0.897823,0.0328348,0.0684264,0.000915807],[0.130825,0.226809,0.354938,0.287428]]},{"db":2,"id":"NR1I2_HUMAN.H11MO.1.D","len":8,"ltrim":0,"rtrim":1,"nsites":45,"evalue":"1.0e+000","url":"http://hocomoco.autosome.ru/motif/NR1I2_HUMAN.H11MO.1.D","pwm":[[0.47261,0.0659461,0.329996,0.131448],[0.755354,0.000517739,0.243537,0.000590909],[0.000590909,0.000517739,0.9983,0.000590909],[0.105744,0.000517739,0.194466,0.699272],[0.000590909,0.0215483,0.000517739,0.977343],[0.000590909,0.930535,0.0682828,0.000590909],[0.977343,0.000517739,0.0215483,0.000590909],[0.10107,0.337007,0.248211,0.313712]]},{"db":2,"id":"NR1I3_HUMAN.H11MO.1.D","len":8,"ltrim":0,"rtrim":1,"nsites":33,"evalue":"1.0e+000","url":"http://hocomoco.autosome.ru/motif/NR1I3_HUMAN.H11MO.1.D","pwm":[[0.499295,0.0298379,0.343822,0.127046],[0.722644,0.000705438,0.275846,0.000805136],[0.000805136,0.000705438,0.997684,0.000805136],[0.000805136,0.000705438,0.389139,0.609351],[0.000805136,0.000705438,0.000705438,0.997784],[0.000805136,0.903813,0.0622074,0.0331746],[0.997784,0.000705438,0.000705438,0.000805136],[0.0590701,0.295267,0.321163,0.3245]]},{"db":2,"id":"NR6A1_HUMAN.H11MO.0.B","len":13,"ltrim":0,"rtrim":0,"nsites":50,"evalue":"1.0e+000","url":"http://hocomoco.autosome.ru/motif/NR6A1_HUMAN.H11MO.0.B","pwm":[[0.772876,0.0697719,0.107474,0.0498777],[0.938656,0.0204261,0.0204261,0.020492],[0.0404521,0.000466068,0.936372,0.0227098],[0.000531936,0.0403862,0.379708,0.579374],[0.000531936,0.0204261,0.000466068,0.978576],[0.020492,0.97851,0.000466068,0.000531936],[0.978576,0.0204261,0.000466068,0.000531936],[0.87434,0.042604,0.0204261,0.06263],[0.000531936,0.0204261,0.894234,0.0848078],[0.020492,0.000466068,0.599268,0.379773],[0.0404521,0.0958309,0.0403862,0.823331],[0.0426699,0.856532,0.000466068,0.100332],[0.85438,0.0426