<!DOCTYPE HTML>
<html>
  <head>
    <meta charset="UTF-8">
    <title>SpaMo - Spaced Motif Analysis</title>
    <script type="text/javascript">
      //@JSON_VAR data
      var data = {"program":"SpaMo","version":"4.12.0","revision":"aacc9c3eb8c7b460b344d5c8aa1458097dae704d","release":"Tue Jun 27 16:22:50 2017 -0700","host":"Sudins-iMac.local","when":"Thu May 24 14:31:51 2018","cmd":["spamo","-verbosity","1","-oc","results/AHRpeaks_not-in-DHSs.bed.fa/jaspar/spamo_out_3","-bgfile","results/AHRpeaks_not-in-DHSs.bed.fa/jaspar/background","-primary","GGRBTYTTGSWCRNGAMAWGSDDSMSTVAG","results/AHRpeaks_not-in-DHSs.bed.fa/jaspar/AHRpeaks_not-in-DHSs.bed.fa","results/AHRpeaks_not-in-DHSs.bed.fa/jaspar/meme_out/meme.xml","results/AHRpeaks_not-in-DHSs.bed.fa/jaspar/meme_out/meme.xml","/Users/filipov4/meme/db/motif_databases/JASPAR/JASPAR2018_CORE_non-redundant.meme"],"options":{"seq_min_hit_score":7,"margin":150,"bin_size":1,"bin_pvalue_calc_range":150,"use_best_secondary":0,"seq_max_shared_fract":0.5,"seq_odds_ratio":20,"bin_pvalue_cutoff":0.05,"motif_evalue_cutoff":10,"redundant_overlap":2,"redundant_joint":0.5,"motif_pseudocount":0.1,"bgfile":"results/AHRpeaks_not-in-DHSs.bed.fa/jaspar/background","motif_trim":0.25,"xalph":0,"seed":1,"bin_max":4},"alphabet":{"name":"DNA","like":"dna","ncore":4,"symbols":[{"symbol":"A","name":"Adenine","colour":"CC0000","complement":"T"},{"symbol":"C","name":"Cytosine","colour":"0000CC","complement":"G"},{"symbol":"G","name":"Guanine","colour":"FFB300","complement":"C"},{"symbol":"T","aliases":"U","name":"Thymine","colour":"008000","complement":"A"},{"symbol":"N","aliases":"X.","name":"Any base","equals":"ACGT"},{"symbol":"V","name":"Not T","equals":"ACG"},{"symbol":"H","name":"Not G","equals":"ACT"},{"symbol":"D","name":"Not C","equals":"AGT"},{"symbol":"B","name":"Not A","equals":"CGT"},{"symbol":"M","name":"Amino","equals":"AC"},{"symbol":"R","name":"Purine","equals":"AG"},{"symbol":"W","name":"Weak","equals":"AT"},{"symbol":"S","name":"Strong","equals":"CG"},{"symbol":"Y","name":"Pyrimidine","equals":"CT"},{"symbol":"K","name":"Keto","equals":"GT"}]},"background":[0.2902,0.2098,0.2098,0.2902],"sequence_dbs":[{"source":"results/AHRpeaks_not-in-DHSs.bed.fa/jaspar/AHRpeaks_not-in-DHSs.bed.fa","name":"AHRpeaks_not-in-DHSs.bed","last_modified":"Thu May 24 11:14:28 2018","loaded":61,"excluded_too_short":1,"excluded_no_match":46,"excluded_ambigs":0,"excluded_similar":1,"erased_primary_matches":4}],"primary_dbs":[{"source":"results/AHRpeaks_not-in-DHSs.bed.fa/jaspar/meme_out/meme.xml","name":"meme.xml","last_modified":"Thu May 24 14:31:14 2018","loaded":6,"excluded":5}],"secondary_dbs":[{"source":"results/AHRpeaks_not-in-DHSs.bed.fa/jaspar/meme_out/meme.xml","name":"meme.xml","last_modified":"Thu May 24 14:31:14 2018","loaded":7,"excluded":1},{"source":"/Users/filipov4/meme/db/motif_databases/JASPAR/JASPAR2018_CORE_non-redundant.meme","name":"JASPAR2018_CORE_non-redundant","last_modified":"Thu Dec  7 14:38:42 2017","loaded":1404,"excluded":0}],"secondary_motifs":[{"db":0,"id":"AAGCAAATRCAATARAAACAAASATAA","alt":"MEME-1","len":27,"ltrim":0,"rtrim":0,"nsites":7,"evalue":"4.1e-013","pwm":[[0.849158,0.00295493,0.00295493,0.144932],[0.708313,0.284645,0.00295493,0.00408732],[0.144932,0.00295493,0.707181,0.144932],[0.00408732,0.848025,0.1438,0.00408732],[0.990003,0.00295493,0.00295493,0.00408732],[0.849158,0.00295493,0.1438,0.00408732],[0.849158,0.00295493,0.1438,0.00408732],[0.144932,0.00295493,0.00295493,0.849158],[0.426622,0.00295493,0.42549,0.144932],[0.144932,0.848025,0.00295493,0.00408732],[0.990003,0.00295493,0.00295493,0.00408732],[0.990003,0.00295493,0.00295493,0.00408732],[0.144932,0.00295493,0.00295493,0.849158],[0.849158,0.1438,0.00295493,0.00408732],[0.426622,0.1438,0.284645,0.144932],[0.990003,0.00295493,0.00295493,0.00408732],[0.849158,0.00295493,0.1438,0.00408732],[0.849158,0.00295493,0.1438,0.00408732],[0.00408732,0.848025,0.1438,0.00408732],[0.990003,0.00295493,0.00295493,0.00408732],[0.990003,0.00295493,0.00295493,0.00408732],[0.990003,0.00295493,0.00295493,0.00408732],[0.144932,0.284645,0.566336,0.00408732],[0.990003,0.00295493,0.00295493,0.00408732],[0.285777,0.00295493,0.00295493,0.708313],[0.990003,0.00295493,0.00295493,0.00408732],[0.990003,0.00295493,0.00295493,0.00408732]]},{"db":0,"id":"AGTTTAATTAAGTCCCAGCTAT","alt":"MEME-2","len":22,"ltrim":0,"rtrim":0,"nsites":5,"evalue":"1.2e-004","pwm":[[0.790004,0.00411373,0.200192,0.00569019],[0.201769,0.00411373,0.788427,0.00569019],[0.00569019,0.00411373,0.00411373,0.986082],[0.201769,0.00411373,0.00411373,0.790004],[0.201769,0.00411373,0.200192,0.593925],[0.986082,0.00411373,0.00411373,0.00569019],[0.986082,0.00411373,0.00411373,0.00569019],[0.00569019,0.00411373,0.00411373,0.986082],[0.00569019,0.200192,0.00411373,0.790004],[0.790004,0.00411373,0.200192,0.00569019],[0.593925,0.200192,0.200192,0.00569019],[0.00569019,0.00411373,0.984506,0.00569019],[0.00569019,0.00411373,0.00411373,0.986082],[0.00569019,0.788427,0.200192,0.00569019],[0.00569019,0.984506,0.00411373,0.00569019],[0.00569019,0.984506,0.00411373,0.00569019],[0.986082,0.00411373,0.00411373,0.00569019],[0.00569019,0.00411373,0.984506,0.00569019],[0.00569019,0.788427,0.200192,0.00569019],[0.00569019,0.00411373,0.00411373,0.986082],[0.986082,0.00411373,0.00411373,0.00569019],[0.00569019,0.00411373,0.00411373,0.986082]]},{"db":1,"id":"MA0010.1","alt":"br","len":14,"ltrim":1,"rtrim":1,"nsites":9,"url":"http://jaspar2018.genereg.net/matrix/MA0010.1","pwm":[[0.332859,0.112195,0.441865,0.113079],[0.113079,0.112195,0.112195,0.66253],[0.55264,0.222085,0.112195,0.113079],[0.77242,0.0023055,0.112195,0.113079],[0.332859,0.0023055,0.0023055,0.66253],[0.66253,0.0023055,0.0023055,0.332859],[0.442749,0.112195,0.441865,0.00318901],[0.77242,0.0023055,0.112195,0.113079],[0.113079,0.881426,0.0023055,0.00318901],[0.9922,0.0023055,0.0023055,0.00318901],[0.88231,0.0023055,0.112195,0.00318901],[0.55264,0.0023055,0.331975,0.113079],[0.442749,0.0023055,0.0023055,0.55264],[0.222969,0.331975,0.222085,0.222969]]},{"db":1,"id":"MA0011.1","alt":"br(var.2)","len":8,"ltrim":0,"rtrim":0,"nsites":12,"url":"http://jaspar2018.genereg.net/matrix/MA0011.1","pwm":[[0.250332,0.0843782,0.0843782,0.58091],[0.415622,0.167023,0.0843782,0.332977],[0.00239835,0.82818,0.00173389,0.167688],[0.00239835,0.0843782,0.00173389,0.91149],[0.994134,0.00173389,0.00173389,0.00239835],[0.0850426,0.0843782,0.167023,0.663556],[0.167688,0.00173389,0.0843782,0.7462],[0.0850426,0.167023,0.0843782,0.663556]]},{"db":1,"id":"MA0020.1","alt":"Dof2","len":6,"ltrim":0,"rtrim":1,"nsites":21,"url":"http://jaspar2018.genereg.net/matrix/MA0020.1","pwm":[[0.996636,0.000994314,0.000994314,0.00137535],[0.996636,0.000994314,0.000994314,0.00137535],[0.996636,0.000994314,0.000994314,0.00137535],[0.00137535,0.000994314,0.996255,0.00137535],[0.143555,0.664502,0.0957809,0.096162],[0.333129,0.285354,0.143174,0.238342]]},{"db":1,"id":"MA0021.1","alt":"Dof3","len":6,"ltrim":0,"rtrim":0,"nsites":21,"url":"http://jaspar2018.genereg.net/matrix/MA0021.1","pwm":[[0.996636,0.000994314,0.000994314,0.00137535],[0.996636,0.000994314,0.000994314,0.00137535],[0.996636,0.000994314,0.000994314,0.00137535],[0.00137535,0.000994314,0.996255,0.00137535],[0.00137535,0.474927,0.143174,0.380522],[0.285735,0.285354,0.427534,0.00137535]]},{"db":1,"id":"MA0035.3","alt":"Gata1","len":11,"ltrim":0,"rtrim":0,"nsites":17955,"url":"http://jaspar2018.genereg.net/matrix/MA0035.3","pwm":[[0.11334,0.240657,0.140908,0.505095],[0.0281835,0.35678,0.1555,0.459537],[1.61625e-06,0.828123,0.02434,0.147537],[1.61625e-06,0.03882,1.16847e-06,0.961177],[1.61625e-06,1.16847e-06,1.16847e-06,0.999996],[0.999996,1.16847e-06,1.16847e-06,1.61625e-06],[1.61625e-06,1.16847e-06,1.16847e-06,0.999996],[1.61625e-06,0.999996,1.16847e-06,1.61625e-06],[0.120636,1.16847e-06,1.16847e-06,0.879362],[0.139349,0.343413,0.37243,0.144807],[0.105041,0.282484,0.0890007,0.523474]]},{"db":1,"id":"MA0036.3","alt":"GATA2","len":11,"ltrim":2,"rtrim":2,"nsites":14213,"url":"http://jaspar2018.genereg.net/matrix/MA0036.3","pwm":[[0.232393,0.209526,0.225216,0.332864],[0.139732,0.288397,0.208682,0.363188],[0.0661386,0.746285,0.0860489,0.101528],[0.0312408,0.0182243,0.0105554,0.93998],[0.0293408,0.00239346,0.00147947,0.966786],[0.991904,0.000986469,0.00302645,0.00408301],[0.010204,0.00541944,0.00337845,0.980998],[0.00675599,0.969952,0.00886641,0.0144249],[0.166961,0.0346172,0.0258223,0.7726],[0.204884,0.26131,0.257229,0.276578],[0.230634,0.272567,0.155914,0.340885]]},{"db":1,"id":"MA0037.3","alt":"GATA3","len":8,"ltrim":0,"rtrim":1,"nsites":1000,"url":"http://jaspar2018.genereg.net/matrix/MA0037.3","pwm":[[0.501979,0.225998,0.00102088,0.271002],[2.90171e-05,2.09779e-05,0.999921,2.90171e-05],[0.999929,2.09779e-05,2.09779e-05,2.90171e-05],[2.90171e-05,2.09779e-05,2.09779e-05,0.999929],[0.914853,0.00202278,2.09779e-05,0.0831037],[0.861943,0.0150195,0.0760134,0.0470243],[0.114018,0.300991,0.475973,0.109018],[0.422987,0.188002,0.320989,0.0680222]]},{"db":1,"id":"MA0051.1","alt":"IRF2","len":18,"ltrim":0,"rtrim":0,"nsites":12,"url":"http://jaspar2018.genereg.net/matrix/MA0051.1","pwm":[[0.00239835,0.332312,0.580246,0.0850426],[0.167688,0.00173389,0.82818,0.00239835],[0.994134,0.00173389,0.00173389,0.00239835],[0.91149,0.00173389,0.00173389,0.0850426],[0.994134,0.00173389,0.00173389,0.00239835],[0.167688,0.00173389,0.82818,0.00239835],[0.00239835,0.497602,0.00173389,0.498266],[0.00239835,0.00173389,0.993469,0.00239835],[0.994134,0.00173389,0.00173389,0.00239835],[0.994134,0.00173389,0.00173389,0.00239835],[0.994134,0.00173389,0.00173389,0.00239835],[0.00239835,0.497602,0.497602,0.00239835],[0.00239835,0.580246,0.167023,0.250332],[0.415622,0.167023,0.249668,0.167688],[0.498266,0.00173389,0.167023,0.332977],[0.498266,0.0843782,0.0843782,0.332977],[0.415622,0.167023,0.0843782,0.332977],[0.250332,0.497602,0.0843782,0.167688]]},{"db":1,"id":"MA0053.1","alt":"MNB1A","len":5,"ltrim":0,"rtrim":0,"nsites":15,"url":"http://jaspar2018.genereg.net/matrix/MA0053.1","pwm":[[0.995299,0.00138941,0.00138941,0.00192185],[0.995299,0.00138941,0.00138941,0.00192185],[0.995299,0.00138941,0.00138941,0.00192185],[0.00192185,0.00138941,0.994767,0.00192185],[0.200597,0.597416,0.00138941,0.200597]]},{"db":1,"id":"MA0064.1","alt":"PBF","len":5,"ltrim":0,"rtrim":0,"nsites":16,"url":"http://jaspar2018.genereg.net/matrix/MA0064.1","pwm":[[0.995591,0.00130311,0.00130311,0.00180248],[0.995591,0.00130311,0.00130311,0.00180248],[0.995591,0.00130311,0.00130311,0.00180248],[0.00180248,0.00130311,0.995092,0.00180248],[0.0639143,0.560309,0.0634149,0.312361]]},{"db":1,"id":"MA0090.2","alt":"TEAD1","len":10,"ltrim":1,"rtrim":1,"nsites":1133,"url":"http://jaspar2018.genereg.net/matrix/MA0090.2","pwm":[[0.192419,0.400689,0.129751,0.277141],[0.572072,0.0779536,0.310201,0.0397731],[0.181052,0.785602,0.0179499,0.0153953],[0.922519,0.051359,1.85156e-05,0.0261033],[2.56111e-05,0.00874375,0.00350821,0.987722],[0.227474,0.028342,1.85156e-05,0.744166],[0.0244545,0.953599,0.00170337,0.0202428],[2.56111e-05,0.794892,0.000720454,0.204362],[0.429152,0.0753399,0.14237,0.353138],[0.247573,0.305916,0.122024,0.324489]]},{"db":1,"id":"MA0095.2","alt":"YY1","len":12,"ltrim":0,"rtrim":0,"nsites":7171,"url":"http://jaspar2018.genereg.net/matrix/MA0095.2","pwm":[[0.157023,0.639096,0.111701,0.0921798],[0.972658,2.92563e-06,0.0252436,0.00209602],[0.940027,0.0138087,0.0373754,0.00878892],[0.349462,0.155767,0.457674,0.0370975],[0.99999,2.92563e-06,2.92563e-06,4.0468e-06],[4.0468e-06,0.0016759,2.92563e-06,0.998317],[0.00153803,2.92563e-06,0.998455,4.0468e-06],[0.00181702,2.92563e-06,0.998176,4.0468e-06],[0.113236,0.786075,0.00530185,0.0953867],[0.120906,0.234416,0.385579,0.259099],[0.125368,0.12202,0.649136,0.103475],[0.185749,0.637004,0.0545272,0.122718]]},{"db":1,"id":"MA0108.2","alt":"TBP","len":15,"ltrim":1,"rtrim":6,"nsites":389,"url":"http://jaspar2018.genereg.net/matrix/MA0108.2","pwm":[[0.156846,0.372709,0.390699,0.0797461],[0.041195,0.118276,0.046314,0.794214],[0.904726,5.39193e-05,0.0051936,0.0900255],[0.0077846,0.0257543,0.0051936,0.961267],[0.909867,5.39193e-05,0.0129036,0.0771758],[0.688844,5.39193e-05,5.39193e-05,0.311049],[0.925287,0.00776394,0.0514547,0.0154946],[0.570622,0.0051936,0.113136,0.311049],[0.39843,0.113136,0.403549,0.0848858],[0.143997,0.347009,0.385559,0.123436],[0.213388,0.377849,0.329018,0.0797461],[0.210817,0.326448,0.329018,0.133716],[0.210817,0.303318,0.329018,0.156846],[0.174837,0.275047,0.357288,0.192827],[0.197967,0.259627,0.359858,0.182547]]},{"db":1,"id":"MA0111.1","alt":"Spz1","len":11,"ltrim":0,"rtrim":0,"nsites":12,"url":"http://jaspar2018.genereg.net/matrix/MA0111.1","pwm":[[0.7462,0.00173389,0.249668,0.00239835],[0.00239835,0.167023,0.745536,0.0850426],[0.167688,0.00173389,0.82818,0.00239835],[0.00239835,0.00173389,0.910825,0.0850426],[0.0850426,0.00173389,0.0843782,0.828844],[0.663556,0.00173389,0.00173389,0.332977],[0.498266,0.00173389,0.167023,0.332977],[0.0850426,0.745536,0.167023,0.00239835],[0.828844,0.00173389,0.167023,0.00239835],[0.00239835,0.0843782,0.745536,0.167688],[0.167688,0.662891,0.167023,0.00239835]]},{"db":1,"id":"MA0126.1","alt":"ovo","len":9,"ltrim":0,"rtrim":1,"nsites":21,"url":"http://jaspar2018.genereg.net/matrix/MA0126.1","pwm":[[0.475309,0.190568,0.000994314,0.333129],[0.0487687,0.190568,0.664502,0.096162],[0.190949,0.0957809,0.0957809,0.617489],[0.949243,0.000994314,0.000994314,0.0487687],[0.996636,0.000994314,0.000994314,0.00137535],[0.00137535,0.996255,0.000994314,0.00137535],[0.333129,0.237961,0.143174,0.285735],[0.00137535,0.000994314,0.996255,0.00137535],[0.238342,0.190568,0.0957809,0.475309]]},{"db":1,"id":"MA0129.1","alt":"TGA1A","len":7,"ltrim":0,"rtrim":0,"nsites":15,"url":"http://jaspar2018.genereg.net/matrix/MA0129.1","pwm":[[0.266823,0.26629,0.00138941,0.465498],[0.862849,0.00138941,0.0676149,0.0681473],[0.00192185,0.928541,0.00138941,0.0681473],[0.134372,0.00138941,0.862317,0.00192185],[0.0681473,0.00138941,0.00138941,0.929074],[0.00192185,0.994767,0.00138941,0.00192185],[0.862849,0.00138941,0.0676149,0.0681473]]},{"db":1,"id":"MA0145.3","alt":"TFCP2","len":10,"ltrim":0,"rtrim":0,"nsites":576,"url":"http://jaspar2018.genereg.net/matrix/MA0145.3","pwm":[[0.58849,0.105921,0.223956,0.0816332],[0.902563,0.00945378,0.0377069,0.0502767],[0.836877,0.00294691,0.0116794,0.148497],[0.00178007,0.994674,0.00349582,5.03732e-05],[0.00719213,0.821323,0.00146517,0.170021],[0.180691,0.00423769,0.805219,0.00985267],[0.00175608,0.0153918,0.981095,0.00175608],[0.236555,0.0438338,3.64173e-05,0.719575],[0.06566,0.0856136,0.0285625,0.820165],[0.166978,0.340847,0.0539401,0.438235]]},{"db":1,"id":"MA0152.1","alt":"NFATC2","len":7,"ltrim":0,"rtrim":0,"nsites":26,"url":"http://jaspar2018.genereg.net/matrix/MA0152.1","pwm":[[0.116055,0.0391185,0.0774321,0.767396],[0.0394265,0.0774321,0.0774321,0.805709],[0.0394265,0.0391185,0.000803832,0.920652],[0.00111188,0.000803832,0.000803832,0.99728],[0.0394265,0.958658,0.000803832,0.00111188],[0.00111188,0.996972,0.000803832,0.00111188],[0.690767,0.115747,0.0391185,0.154368]]},{"db":1,"id":"MA0170.1","alt":"C15","len":7,"ltrim":0,"rtrim":0,"nsites":19,"url":"http://jaspar2018.genereg.net/matrix/MA0170.1","pwm":[[0.0538758,0.0534549,0.00109843,0.891572],[0.00151937,0.00109843,0.00109843,0.996284],[0.891572,0.00109843,0.00109843,0.106231],[0.996284,0.00109843,0.00109843,0.00151937],[0.315655,0.10581,0.00109843,0.577435],[0.00151937,0.158167,0.315234,0.52508],[0.52508,0.00109843,0.472302,0.00151937]]},{"db":1,"id":"MA0183.1","alt":"HHEX","len":8,"ltrim":0,"rtrim":0,"nsites":26,"url":"http://jaspar2018.genereg.net/matrix/MA0183.1","pwm":[[0.269311,0.115747,0.0774321,0.537511],[0.00111188,0.269003,0.000803832,0.729081],[0.00111188,0.230689,0.269003,0.499196],[0.805709,0.000803832,0.0774321,0.116055],[0.99728,0.000803832,0.000803832,0.00111188],[0.00111188,0.115747,0.115747,0.767396],[0.269311,0.000803832,0.0391185,0.690767],[0.844024,0.000803832,0.15406,0.00111188]]},{"db":1,"id":"MA0239.1","alt":"prd","len":9,"ltrim":0,"rtrim":1,"nsites":21,"url":"http://jaspar2018.genereg.net/matrix/MA0239.1","pwm":[[0.475309,0.190568,0.000994314,0.333129],[0.0487687,0.190568,0.664502,0.096162],[0.190949,0.0957809,0.0957809,0.617489],[0.949243,0.000994314,0.000994314,0.0487687],[0.996636,0.000994314,0.000994314,0.00137535],[0.00137535,0.996255,0.000994314,0.00137535],[0.333129,0.237961,0.143174,0.285735],[0.00137535,0.000994314,0.996255,0.00137535],[0.238342,0.190568,0.0957809,0.475309]]},{"db":1,"id":"MA0255.1","alt":"z","len":10,"ltrim":0,"rtrim":0,"nsites":41,"url":"http://jaspar2018.genereg.net/matrix/MA0255.1","pwm":[[0.268346,0.0735034,0.122165,0.535986],[0.0250367,0.170827,0.0735034,0.730633],[0.0250367,0.000510463,0.973747,0.000706082],[0.998273,0.000510463,0.000510463,0.000706082],[0.0250367,0.000510463,0.973747,0.000706082],[0.195353,0.243819,0.000510463,0.560317],[0.0493674,0.146495,0.706106,0.0980297],[0.438662,0.170827,0.268151,0.12236],[0.244015,0.122165,0.292481,0.341338],[0.341338,0.146495,0.0491718,0.462994]]},{"db":1,"id":"MA0274.1","alt":"ARR1","len":8,"ltrim":0,"rtrim":0,"nsites":160,"url":"http://jaspar2018.genereg.net/matrix/MA0274.1","pwm":[[0.999557,0.000131043,0.000131043,0.000181262],[0.11951,0.373032,0.14432,0.363138],[0.160509,0.374229,0.000131043,0.465132],[0.000181262,0.000131043,0.000131043,0.999557],[0.311952,0.000131043,0.687735,0.000181262],[0.70853,0.225265,0.0660239,0.000181262],[0.810326,0.000131043,0.171622,0.0179212],[0.0672124,0.000131043,0.146381,0.786275]]},{"db":1,"id":"MA0294.1","alt":"EDS1","len":9,"ltrim":0,"rtrim":0,"nsites":99,"url":"http://jaspar2018.genereg.net/matrix/MA0294.1","pwm":[[0.141564,0.524935,0.141483,0.192018],[0.000292835,0.000211706,0.999203,0.000292835],[0.000292835,0.000211706,0.999203,0.000292835],[0.999284,0.000211706,0.000211706,0.000292835],[0.759526,0.000211706,0.000211706,0.240051],[0.475061,0.237596,0.0991218,0.188222],[0.999284,0.000211706,0.000211706,0.000292835],[0.82774,0.0103025,0.0103025,0.151655],[0.150141,0.20001,0.110101,0.539748]]},{"db":1,"id":"MA0301.1","alt":"GAT3","len":9,"ltrim":0,"rtrim":3,"nsites":100,"url":"http://jaspar2018.genereg.net/matrix/MA0301.1","pwm":[[0.649641,0.0901197,0.20001,0.06023],[0.0810172,0.0203914,0.888211,0.0103808],[0.919371,0.000209591,0.000209591,0.08021],[0.12017,0.000209591,0.0101996,0.869421],[0.0302599,0.939271,0.0101996,0.0202699],[0.06023,0.26994,0.0401696,0.629661],[0.50978,0.19002,0.18003,0.12017],[0.282835,0.33321,0.212119,0.171835],[0.323199,0.252482,0.212119,0.212199]]},{"db":1,"id":"MA0302.1","alt":"GAT4","len":11,"ltrim":2,"rtrim":3,"nsites":101,"url":"http://jaspar2018.genereg.net/matrix/MA0302.1","pwm":[[0.35637,0.207923,0.237596,0.198111],[0.306914,0.257379,0.178249,0.257458],[0.799496,0.040168,0.120089,0.0402475],[0.0305601,0.000207517,0.968945,0.000287042],[0.979318,0.000207517,0.000207517,0.0202673],[0.000287042,0.000207517,0.000207517,0.999298],[0.000287042,0.999218,0.000207517,0.000287042],[0.0502376,0.279931,0.0301778,0.639654],[0.399891,0.20001,0.22998,0.170119],[0.282835,0.262574,0.232301,0.222289],[0.33329,0.242392,0.212119,0.212198]]},{"db":1,"id":"MA0307.1","alt":"GLN3","len":5,"ltrim":0,"rtrim":0,"nsites":100,"url":"http://jaspar2018.genereg.net/matrix/MA0307.1","pwm":[[0.00028991,0.000209591,0.999211,0.00028991],[0.999291,0.000209591,0.000209591,0.00028991],[0.00028991,0.000209591,0.000209591,0.999291],[0.739551,0.000209591,0.000209591,0.26003],[0.609681,0.000209591,0.26994,0.12017]]},{"db":1,"id":"MA0350.1","alt":"TOD6","len":21,"ltrim":6,"rtrim":5,"nsites":998,"url":"http://jaspar2018.genereg.net/matrix/MA0350.1","pwm":[[0.362718,0.188379,0.218436,0.230467],[0.144159,0.213213,0.369353,0.273275],[0.101221,0.261518,0.370725,0.266535],[0.239484,0.327643,0.206413,0.226459],[0.369731,0.116241,0.235468,0.278558],[0.21222,0.36635,0.133141,0.288288],[0.650265,0.050116,0.0962034,0.203416],[0.0672243,0.397173,0.437289,0.0983142],[0.0200671,0.785513,0.193389,0.00103097],[0.00203287,0.0290761,0.0461084,0.922783],[0.00203287,0.992908,0.00202482,0.00303477],[0.977865,2.102e-05,0.00102392,0.02109],[0.00103097,0.00102292,0.0180552,0.979891],[2.90752e-05,0.980866,0.00102392,0.0180813],[0.0521798,0.0190761,0.871549,0.0571953],[0.135287,0.656268,0.186375,0.0220709],[0.181192,0.300291,0.383366,0.135151],[0.232238,0.282275,0.109119,0.376367],[0.187197,0.280273,0.111121,0.421408],[0.306304,0.213213,0.172176,0.308306],[0.201412,0.150307,0.32063,0.327651]]},{"db":1,"id":"MA0351.1","alt":"DOT6","len":21,"ltrim":6,"rtrim":5,"nsites":998,"url":"http://jaspar2018.genereg.net/matrix/MA0351.1","pwm":[[0.278558,0.135278,0.231461,0.354703],[0.194204,0.250246,0.26626,0.289289],[0.156326,0.332653,0.223446,0.287575],[0.131147,0.249245,0.268262,0.351345],[0.239724,0.0852685,0.401185,0.273823],[0.141298,0.480935,0.145297,0.232471],[0.517011,0.0591331,0.138284,0.285571],[0.0791791,0.420821,0.392768,0.107232],[0.0290552,0.770715,0.197198,0.00303177],[0.00603447,0.0520678,0.0830957,0.858802],[0.00103197,0.992901,0.00403262,0.00203487],[0.973879,2.102e-05,0.00102292,0.0250766],[0.00103197,2.102e-05,0.0270993,0.971848],[2.90752e-05,0.970837,0.00102392,0.0281103],[0.0360615,0.00902912,0.87681,0.0780993],[0.223678,0.576693,0.177536,0.0220929],[0.280281,0.265259,0.252248,0.202211],[0.188198,0.298289,0.0720858,0.441426],[0.16334,0.435849,0.208417,0.192395],[0.153474,0.3721,0.183554,0.290873],[0.185382,0.149305,0.202406,0.462909]]},{"db":1,"id":"MA0378.1","alt":"SFP1","len":21,"ltrim":5,"rtrim":4,"nsites":997,"url":"http://jaspar2018.genereg.net/matrix/MA0378.1","pwm":[[0.428271,0.159483,0.161489,0.250756],[0.202414,0.293579,0.194391,0.309617],[0.289579,0.174353,0.192387,0.343682],[0.250505,0.217434,0.293579,0.238482],[0.353701,0.0771673,0.297586,0.271545],[0.53351,0.0420588,0.342329,0.0821029],[0.782734,0.0730867,0.0710849,0.0730948],[0.899739,0.0360894,0.0461084,0.0180633],[0.90575,0.00903814,0.050116,0.0350956],[0.857516,0.0140616,0.0421428,0.0862795],[0.541517,0.0340516,0.0160354,0.408396],[0.0862795,0.0421428,0.0140616,0.857516],[0.0350956,0.050116,0.00903814,0.90575],[0.0180633,0.0461084,0.0360894,0.899739],[0.0730948,0.0710849,0.0730867,0.782734],[0.126269,0.405792,0.0911939,0.376745],[0.0821849,0.354694,0.103217,0.459903],[0.327323,0.201202,0.165169,0.306304],[0.115248,0.428836,0.154315,0.301602],[0.217442,0.0831787,0.374732,0.324646],[0.21644,0.169343,0.405792,0.208425]]},{"db":1,"id":"MA0389.1","alt":"SRD1","len":8,"ltrim":0,"rtrim":2,"nsites":100,"url":"http://jaspar2018.genereg.net/matrix/MA0389.1","pwm":[[0.659631,0.0901197,0.19002,0.06023],[0.06023,0.0201896,0.89931,0.0202699],[0.969321,0.000209591,0.000209591,0.0302599],[0.13016,0.000209591,0.0201896,0.849441],[0.00028991,0.999211,0.000209591,0.00028991],[0.0402499,0.19002,0.0301796,0.739551],[0.45983,0.29991,0.13008,0.11018],[0.24005,0.41979,0.18003,0.16013]]},{"db":1,"id":"MA0393.1","alt":"STE12","len":7,"ltrim":0,"rtrim":0,"nsites":28379,"url":"http://jaspar2018.genereg.net/matrix/MA0393.1","pwm":[[1.02258e-06,0.114909,0.00338373,0.881706],[0.150077,7.39277e-07,0.843006,0.006916],[0.954998,7.39277e-07,0.0450006,1.02258e-06],[0.89808,0.00593072,0.0959874,1.02258e-06],[0.999997,7.39277e-07,7.39277e-07,1.02258e-06],[0.00350401,0.993026,7.39277e-07,0.00346901],[0.510628,0.100184,0.313265,0.0759228]]},{"db":1,"id":"MA0404.1","alt":"TBS1","len":8,"ltrim":0,"rtrim":0,"nsites":100,"url":"http://jaspar2018.genereg.net/matrix/MA0404.1","pwm":[[0.12017,0.77943,0.0501596,0.05024],[0.0305626,0.0304823,0.908392,0.0305626],[0.0200721,0.0199918,0.939864,0.0200721],[0.757109,0.0809369,0.0809369,0.0810172],[0.202108,0.131391,0.131391,0.535109],[0.00028991,0.999211,0.000209591,0.00028991],[0.00028991,0.999211,0.000209591,0.00028991],[0.0810172,0.0809369,0.757029,0.0810172]]},{"db":1,"id":"MA0444.1","alt":"CG34031","len":7,"ltrim":0,"rtrim":0,"nsites":25,"url":"http://jaspar2018.genereg.net/matrix/MA0444.1","pwm":[[0.00115617,0.0406765,0.0406765,0.917491],[0.00115617,0.000835857,0.000835857,0.997172],[0.87765,0.000835857,0.000835857,0.120678],[0.997172,0.000835857,0.000835857,0.00115617],[0.0808374,0.000835857,0.000835857,0.917491],[0.280041,0.000835857,0.0406765,0.678447],[0.120678,0.000835857,0.87733,0.00115617]]},{"db":1,"id":"MA0517.1","alt":"STAT1::STAT2","len":15,"ltrim":0,"rtrim":0,"nsites":620,"url":"http://jaspar2018.genereg.net/matrix/MA0517.1","pwm":[[0.111319,0.10163,0.124208,0.662843],[0.241943,0.370942,0.135496,0.251619],[0.693483,0.011322,0.243543,0.0516515],[0.00488502,0.238705,0.753138,0.00327228],[4.67989e-05,0.00325931,3.38333e-05,0.99666],[0.00488502,0.00325931,3.38333e-05,0.991822],[0.00488502,0.0209985,0.00648479,0.967633],[4.67989e-05,0.93698,3.38333e-05,0.0629397],[0.41127,0.120982,0.308049,0.159698],[0.1726,0.179037,0.259669,0.388694],[0.00649776,0.0209985,0.0161602,0.956345],[0.0161732,0.00325931,3.38333e-05,0.980534],[0.00649776,0.274184,0.00648479,0.712835],[0.0242369,0.788617,0.0145475,0.1726],[0.0452005,0.588649,0.0580895,0.308062]]},{"db":1,"id":"MA0537.1","alt":"blmp-1","len":11,"ltrim":0,"rtrim":0,"nsites":3368,"url":"http://jaspar2018.genereg.net/matrix/MA0537.1","pwm":[[0.566797,6.22904e-06,0.433188,8.61613e-06],[0.918033,6.22904e-06,0.0789829,0.00297753],[0.868748,6.22904e-06,0.131237,8.61613e-06],[0.954849,6.22904e-06,0.0451359,8.61613e-06],[0.250001,6.22904e-06,0.611627,0.138366],[0.343525,0.0994693,0.162709,0.394296],[8.61613e-06,6.22904e-06,0.999977,8.61613e-06],[0.999979,6.22904e-06,6.22904e-06,8.61613e-06],[0.632116,6.22904e-06,0.322444,0.0454353],[0.914767,6.22904e-06,0.07542,0.00980633],[0.518105,0.0380101,0.410623,0.0332616]]},{"db":1,"id":"MA0606.1","alt":"NFAT5","len":10,"ltrim":1,"rtrim":1,"nsites":1001,"url":"http://jaspar2018.genereg.net/matrix/MA0606.1","pwm":[[0.370621,0.20979,0.20979,0.209798],[0.175835,0.0879242,0.0879242,0.648316],[2.89881e-05,2.0957e-05,2.0957e-05,0.999929],[2.89881e-05,2.0957e-05,2.0957e-05,0.999929],[0.0890201,0.0840126,2.0957e-05,0.826946],[2.89881e-05,0.91493,2.0957e-05,0.0850205],[2.89881e-05,0.825938,0.0850125,0.0890201],[0.830946,0.0840126,2.0957e-05,0.0850205],[0.124017,0.286992,0.0410169,0.547974],[0.267734,0.162842,0.247748,0.321675]]},{"db":1,"id":"MA0623.1","alt":"Neurog1","len":10,"ltrim":1,"rtrim":1,"nsites":999,"url":"http://jaspar2018.genereg.net/matrix/MA0623.1","pwm":[[0.425411,0.113123,0.235232,0.226232],[0.170012,0.591962,0.171004,0.0670223],[0.271002,0.687952,0.0270183,0.0140276],[0.664962,0.0350175,0.187002,0.113018],[0.00102995,0.0640786,0.14315,0.791742],[0.79395,0.141007,0.0560154,0.00902815],[0.0759454,0.150855,0.0110089,0.762191],[0.0120158,0.0010199,0.869065,0.117899],[0.0389861,0.150855,0.421557,0.388601],[0.0920198,0.269994,0.234997,0.402989]]},{"db":1,"id":"MA0624.1","alt":"NFATC1","len":10,"ltrim":2,"rtrim":2,"nsites":1000,"url":"http://jaspar2018.genereg.net/matrix/MA0624.1","pwm":[[0.382991,0.134008,0.167004,0.315997],[0.226006,0.193002,0.189002,0.39199],[0.158013,0.060015,0.122009,0.659963],[0.0190271,0.0350175,0.00702028,0.938935],[0.0210269,0.0290181,0.0150195,0.934936],[0.0140276,0.970924,0.00802018,0.00702832],[0.00903712,0.967892,0.00502548,0.0180452],[0.515462,0.0449715,0.356628,0.0829377],[0.229776,0.261733,0.125882,0.382608],[0.230006,0.226998,0.194002,0.348994]]},{"db":1,"id":"MA0625.1","alt":"NFATC3","len":10,"ltrim":2,"rtrim":2,"nsites":1001,"url":"http://jaspar2018.genereg.net/matrix/MA0625.1","pwm":[[0.420566,0.0929187,0.138868,0.347646],[0.179011,0.181003,0.168004,0.471982],[0.117017,0.040017,0.0730137,0.769952],[0.0140276,0.01002,0.00502046,0.970932],[0.00302569,0.0229957,0.00901106,0.964968],[0.0360254,0.932928,0.00102086,0.030026],[0.00802819,0.958925,0.0230187,0.010028],[0.551974,0.0390171,0.341987,0.0670223],[0.173012,0.250996,0.133008,0.442985],[0.215222,0.211211,0.173177,0.400389]]},{"db":1,"id":"MA0668.1","alt":"NEUROD2","len":10,"ltrim":0,"rtrim":0,"nsites":1587,"url":"http://jaspar2018.genereg.net/matrix/MA0668.1","pwm":[[0.380586,0.0749925,0.484545,0.0598755],[0.320948,0.532867,0.146167,1.82849e-05],[1.82849e-05,0.943474,0.0564897,1.82849e-05],[0.815067,1.32191e-05,0.158195,0.0267246],[1.82849e-05,0.0895086,1.32191e-05,0.91046],[0.907337,0.0686199,0.0217389,0.00230514],[1.82849e-05,0.171281,1.32191e-05,0.828687],[1.82849e-05,1.32191e-05,0.934033,0.0659351],[1.82849e-05,0.229396,0.433565,0.33702],[0.131705,0.373021,0.0636512,0.431623]]},{"db":1,"id":"MA0671.1","alt":"NFIX","len":9,"ltrim":2,"rtrim":1,"nsites":32864,"url":"http://jaspar2018.genereg.net/matrix/MA0671.1","pwm":[[0.241936,0.268074,0.265488,0.224501],[0.238315,0.186648,0.330301,0.244736],[0.188773,0.162262,0.0989313,0.550033],[0.00369587,0.00520762,0.920017,0.0710797],[8.38828e-05,0.909024,0.0900894,0.000802881],[8.8303e-07,0.999998,6.38387e-07,8.8303e-07],[0.928779,0.0630234,0.00508762,0.00310987],[0.666517,0.0275016,0.257327,0.0486547],[0.251065,0.275043,0.277964,0.195929]]},{"db":1,"id":"MA0682.1","alt":"Pitx1","len":8,"ltrim":1,"rtrim":1,"nsites":3115,"url":"http://jaspar2018.genereg.net/matrix/MA0682.1","pwm":[[0.192619,0.270303,0.10851,0.428567],[0.0490837,0.00697451,6.73494e-06,0.943935],[0.882701,0.0439143,0.0594948,0.0138899],[0.994551,6.73494e-06,6.73494e-06,0.00543514],[0.0188667,0.0159002,0.125811,0.839422],[0.0614183,0.861943,0.0116244,0.0650142],[0.040703,0.773183,0.0342486,0.151865],[0.228179,0.409172,0.137999,0.224649]]},{"db":1,"id":"MA0719.1","alt":"RHOXF1","len":8,"ltrim":1,"rtrim":1,"nsites":10916,"url":"http://jaspar2018.genereg.net/matrix/MA0719.1","pwm":[[0.295346,0.242213,0.169934,0.292506],[0.199355,1.92193e-06,0.0335906,0.767054],[0.451273,1.92193e-06,0.437432,0.111294],[0.999993,1.92193e-06,1.92193e-06,2.65846e-06],[2.65846e-06,1.92193e-06,0.324294,0.675701],[2.65846e-06,0.999993,1.92193e-06,2.65846e-06],[2.65846e-06,0.827528,1.92193e-06,0.172467],[0.295255,0.316324,0.193936,0.194486]]},{"db":1,"id":"MA0763.1","alt":"ETV3","len":10,"ltrim":0,"rtrim":1,"nsites":304,"url":"http://jaspar2018.genereg.net/matrix/MA0763.1","pwm":[[0.7071,0.0888558,0.125028,0.0790165],[0.0648221,0.773196,0.0504124,0.11157],[0.0380579,0.906944,6.89905e-05,0.0549294],[9.54291e-05,6.89905e-05,0.938625,0.0612103],[9.54291e-05,6.89905e-05,0.930499,0.0693367],[0.946921,0.0352994,6.89905e-05,0.0177106],[0.751596,6.89905e-05,6.89905e-05,0.248266],[0.20212,0.0488329,0.748952,9.54291e-05],[9.54291e-05,0.126012,0.0276189,0.846274],[0.240757,0.189822,0.453624,0.115798]]},{"db":1,"id":"MA0766.1","alt":"GATA5","len":8,"ltrim":0,"rtrim":2,"nsites":5288,"url":"http://jaspar2018.genereg.net/matrix/MA0766.1","pwm":[[0.446101,0.19289,0.0313954,0.329613],[5.48779e-06,3.9674e-06,0.999985,5.48779e-06],[0.997872,3.9674e-06,0.00211893,5.48779e-06],[5.48779e-06,3.9674e-06,3.9674e-06,0.999987],[0.759244,0.0589019,0.00965978,0.172194],[0.719858,0.0640858,0.108638,0.107418],[0.169989,0.300125,0.419241,0.110643],[0.413309,0.18101,0.320049,0.0856339]]},{"db":1,"id":"MA0770.1","alt":"HSF2","len":13,"ltrim":0,"rtrim":0,"nsites":3488,"url":"http://jaspar2018.genereg.net/matrix/MA0770.1","pwm":[[0.0496059,0.0106137,0.0260943,0.913686],[0.00706512,0.000619997,0.0144276,0.977887],[0.00500018,0.994362,0.000629997,8.31971e-06],[0.000247313,0.169412,0.069916,0.760426],[0.701352,0.124342,0.174297,8.31971e-06],[0.000635302,6.01474e-06,0.999037,0.000321311],[0.975194,0.0149996,0.00122998,0.00857607],[0.96021,0.000307006,0.00693582,0.0325474],[0.0533488,0.44116,0.197678,0.307812],[0.31346,0.146849,0.379349,0.160343],[0.0407532,0.0195175,0.0252563,0.914473],[0.0133849,0.0264623,0.0127876,0.947365],[0.0236966,0.848265,0.0311471,0.0968915]]},{"db":1,"id":"MA0771.1","alt":"HSF4","len":13,"ltrim":0,"rtrim":0,"nsites":14127,"url":"http://jaspar2018.genereg.net/matrix/MA0771.1","pwm":[[0.135769,0.072628,0.0789989,0.712604],[0.0613276,0.00766743,0.0829759,0.848029],[0.00909099,0.973404,0.0107344,0.00677101],[0.00350303,0.244438,0.183625,0.568434],[0.532587,0.212253,0.253412,0.00174804],[0.000299052,0.00119048,0.997715,0.000795049],[0.854217,0.070599,0.00415946,0.0710236],[0.805098,0.0331103,0.0295123,0.132279],[0.134699,0.366146,0.216946,0.282209],[0.258468,0.220522,0.330286,0.190723],[0.109277,0.0235663,0.0318633,0.835293],[0.0301818,0.00754643,0.0128284,0.949443],[0.00935499,0.96077,0.00954542,0.0203299]]},{"db":1,"id":"MA0809.1","alt":"TEAD4","len":10,"ltrim":1,"rtrim":1,"nsites":1011,"url":"http://jaspar2018.genereg.net/matrix/MA0809.1","pwm":[[0.218602,0.356069,0.212661,0.212669],[0.606742,0.0207147,0.344296,0.0282479],[0.289913,0.675305,0.0227305,0.0120515],[0.944795,0.0112346,0.0196448,0.0243253],[0.0203757,2.07497e-05,2.07497e-05,0.979583],[0.171786,2.07497e-05,0.0129225,0.815271],[2.87014e-05,0.956407,0.017994,0.0255702],[0.0348013,0.71748,0.000730679,0.246988],[0.433648,0.0621826,0.171346,0.332824],[0.216624,0.285848,0.196836,0.300691]]},{"db":1,"id":"MA0848.1","alt":"FOXO4","len":7,"ltrim":0,"rtrim":0,"nsites":7060,"url":"http://jaspar2018.genereg.net/matrix/MA0848.1","pwm":[[0.236403,0.00184395,0.761748,4.11042e-06],[0.0583293,0.0116678,0.0207977,0.909205],[0.804,0.188219,0.0047869,0.00299407],[0.966735,0.0262476,0.00341792,0.00359906],[0.981735,2.97163e-06,0.0164317,0.00182908],[0.00902798,0.836773,0.0051379,0.149061],[0.988957,0.00184195,0.00184195,0.00736001]]},{"db":1,"id":"MA0974.1","alt":"CDF3","len":9,"ltrim":1,"rtrim":2,"nsites":1001,"url":"http://jaspar2018.genereg.net/matrix/MA0974.1","pwm":[[0.446537,0.142864,0.219779,0.190819],[0.607576,0.0290471,0.0650795,0.298297],[0.99393,0.00302066,0.00102086,0.00202879],[0.98893,0.00502046,2.0957e-05,0.00602839],[0.879941,0.0270183,0.0830127,0.010028],[0.0190081,0.00701326,0.967956,0.00602239],[0.070022,0.290992,0.160005,0.478981],[0.222229,0.102113,0.495466,0.180191],[0.286,0.342987,0.169004,0.202009]]},{"db":1,"id":"MA0983.1","alt":"DOF5.6","len":8,"ltrim":2,"rtrim":1,"nsites":1001,"url":"http://jaspar2018.genereg.net/matrix/MA0983.1","pwm":[[0.25375,0.256738,0.261733,0.227778],[0.363993,0.170004,0.226998,0.239005],[0.431986,0.0840126,0.10801,0.375991],[0.95398,0.0349825,0.00101986,0.010018],[0.927009,0.039977,0.00101986,0.0319938],[0.612356,0.307682,0.0559594,0.0240026],[0.050024,0.0280182,0.883933,0.0380252],[0.152014,0.246996,0.213,0.38799]]},{"db":1,"id":"MA0989.1","alt":"PHYPADRAFT_153324","len":9,"ltrim":2,"rtrim":2,"nsites":1000,"url":"http://jaspar2018.genereg.net/matrix/MA0989.1","pwm":[[0.253004,0.263995,0.260995,0.222007],[0.333996,0.193002,0.254995,0.218007],[0.481499,0.0709429,0.117891,0.329666],[0.860083,0.0619528,0.0130067,0.0649575],[0.925936,0.0360174,2.09779e-05,0.0380252],[0.671962,0.147006,0.0520158,0.129016],[0.0709509,0.0269913,0.897034,0.00502352],[0.139015,0.287992,0.195001,0.377991],[0.285001,0.158005,0.296991,0.260003]]},{"db":1,"id":"MA1015.1","alt":"GATA12","len":8,"ltrim":1,"rtrim":1,"nsites":1000,"url":"http://jaspar2018.genereg.net/matrix/MA1015.1","pwm":[[0.19001,0.281993,0.146006,0.381991],[0.598969,0.11201,0.229998,0.0590231],[0.18901,0.0670143,0.737947,0.00602842],[0.968901,0.00202278,0.0220408,0.00703532],[0.00703532,0.0220408,0.00202278,0.968901],[0.00602842,0.737947,0.0670143,0.18901],[0.0590231,0.229998,0.11201,0.598969],[0.381991,0.146006,0.281993,0.19001]]},{"db":1,"id":"MA1017.1","alt":"GATA8","len":9,"ltrim":2,"rtrim":2,"nsites":1001,"url":"http://jaspar2018.genereg.net/matrix/MA1017.1","pwm":[[0.206801,0.31867,0.260734,0.213794],[0.475981,0.240997,0.152006,0.131016],[0.0590231,0.0290181,0.898931,0.0130277],[0.99093,0.00102086,0.00202076,0.00602839],[0.00202879,0.0210189,2.0957e-05,0.976931],[0.0270263,0.648956,0.132008,0.19201],[0.060023,0.378983,0.10801,0.452984],[0.383991,0.158005,0.368984,0.0890201],[0.313998,0.187002,0.319989,0.179011]]},{"db":1,"id":"MA1115.1","alt":"POU5F1","len":11,"ltrim":2,"rtrim":2,"nsites":13114,"url":"http://jaspar2018.genereg.net/matrix/MA1115.1","pwm":[[0.379898,0.0983688,0.152204,0.369528],[0.274745,0.212368,0.145493,0.367393],[0.967892,0.00930453,0.0174635,0.00534017],[0.00633116,0.00991452,0.00511056,0.978644],[0.0546758,0.0146425,0.882334,0.0483468],[0.0406459,0.786179,0.0417883,0.131387],[0.896442,0.0100675,0.00899953,0.0844916],[0.805242,0.0526172,0.078238,0.0639027],[0.936399,0.0205904,0.0195985,0.023412],[0.194907,0.160439,0.157923,0.486731],[0.26506,0.186823,0.270779,0.277337]]},{"db":1,"id":"MA1118.1","alt":"SIX1","len":11,"ltrim":0,"rtrim":0,"nsites":1108,"url":"http://jaspar2018.genereg.net/matrix/MA1118.1","pwm":[[0.0866614,0.0388244,0.77522,0.0992952],[0.361005,0.0695077,0.0812386,0.488249],[0.946692,0.0162625,0.00543344,0.0316113],[0.971058,0.00723828,0.00904312,0.01266],[0.0388317,0.865464,0.010848,0.0848565],[0.1011,0.786049,0.0279944,0.0848565],[0.046051,0.0415312,0.0270925,0.885325],[0.0433433,0.0081412,0.925025,0.0234901],[0.965643,0.00633636,0.00994604,0.0180756],[0.131783,0.161556,0.260825,0.445834],[0.492762,0.3249,0.065897,0.116442]]},{"db":1,"id":"MA1119.1","alt":"SIX2","len":16,"ltrim":2,"rtrim":2,"nsites":5453,"url":"http://jaspar2018.genereg.net/matrix/MA1119.1","pwm":[[0.306804,0.226297,0.209976,0.256924],[0.2947,0.227765,0.22483,0.252706],[0.176602,0.533645,0.151844,0.137909],[0.154046,0.0394311,0.102881,0.703641],[0.0302638,0.0102737,0.928834,0.0306298],[0.656146,0.0585028,0.0500669,0.235284],[0.895826,0.048417,0.0121066,0.0436505],[0.967345,0.00715572,0.0135746,0.0119251],[0.0348477,0.800833,0.0311783,0.133141],[0.107467,0.764523,0.0359472,0.0920626],[0.0596042,0.0541019,0.0320953,0.854199],[0.0588712,0.0209095,0.885739,0.0344807],[0.953958,0.0137576,0.0155916,0.016693],[0.101415,0.112784,0.218779,0.567022],[0.442872,0.332292,0.103248,0.121587],[0.157347,0.462676,0.0937121,0.286264]]},{"db":1,"id":"MA1161.1","alt":"TSO1","len":15,"ltrim":0,"rtrim":0,"nsites":264,"url":"http://jaspar2018.genereg.net/matrix/MA1161.1","pwm":[[0.515067,0.0568759,0.1061,0.321958],[0.367395,0.0341575,0.1061,0.492347],[0.268947,0.0417307,0.030371,0.658951],[0.204577,0.0227978,0.0341575,0.738466],[0.325745,0.143964,0.0568759,0.473416],[0.605941,0.0985271,0.155324,0.140209],[0.863419,7.94397e-05,0.132605,0.00389645],[0.878565,0.00386601,0.0606625,0.0569064],[0.924002,7.94397e-05,7.94397e-05,0.0758392],[0.000109883,0.030371,0.0114391,0.95808],[0.000109883,7.94397e-05,7.94397e-05,0.999731],[0.000109883,0.261344,7.94397e-05,0.738466],[0.810409,7.94397e-05,0.17047,0.0190417],[0.999731,7.94397e-05,7.94397e-05,0.000109883],[0.999731,7.94397e-05,7.94397e-05,0.000109883]]},{"db":1,"id":"MA1173.1","alt":"MYB101","len":15,"ltrim":0,"rtrim":1,"nsites":600,"url":"http://jaspar2018.genereg.net/matrix/MA1173.1","pwm":[[0.544958,0.136679,0.143344,0.175019],[0.614946,0.0883532,0.116683,0.180018],[0.329993,0.414966,0.0783549,0.176686],[0.233342,0.434962,0.0733557,0.258338],[0.299998,0.200002,0.313316,0.186684],[0.266671,0.0850208,0.0783549,0.569953],[0.993216,0.00336741,0.00170168,0.00171508],[0.996549,3.49609e-05,0.00336741,4.83586e-05],[4.83586e-05,0.999868,3.49609e-05,4.83586e-05],[0.0900334,0.706584,0.0816884,0.121695],[0.143357,0.00670085,0.849893,4.83586e-05],[0.611613,0.07169,0.0450275,0.27167],[0.678268,0.120015,0.00336741,0.198348],[0.343324,0.186671,0.0366959,0.433309],[0.231677,0.301652,0.113349,0.353322]]},{"db":1,"id":"MA1186.1","alt":"At1g49010","len":15,"ltrim":3,"rtrim":1,"nsites":599,"url":"http://jaspar2018.genereg.net/matrix/MA1186.1","pwm":[[0.315522,0.253749,0.140246,0.290484],[0.332213,0.171959,0.103524,0.392304],[0.270454,0.186982,0.105192,0.437371],[0.542529,0.108531,0.09017,0.25877],[0.550874,0.0334184,0.0517794,0.363928],[0.0234165,0.535839,0.0517794,0.388966],[0.148605,0.71444,0.111869,0.0250863],[0.0300934,0.0200647,3.50192e-05,0.949807],[0.0401088,0.09017,3.50192e-05,0.869686],[0.998213,3.50192e-05,3.50192e-05,0.00171716],[4.84393e-05,3.50192e-05,3.50192e-05,0.999882],[4.84393e-05,0.999868,3.50192e-05,4.84393e-05],[0.135251,0.465733,0.0067119,0.392304],[0.405657,0.0818244,0.0784859,0.434033],[0.323867,0.337208,0.0400953,0.29883]]},{"db":1,"id":"MA1188.1","alt":"At3g11280","len":14,"ltrim":0,"rtrim":0,"nsites":582,"url":"http://jaspar2018.genereg.net/matrix/MA1188.1","pwm":[[0.620218,0.0790605,0.1