<!DOCTYPE HTML>
<html>
  <head>
    <meta charset="UTF-8">
    <title>TOMTOM</title>
    <script>
      // @JSON_VAR data
      var data = {
        "program": "Tomtom",
        "version": "4.12.0",
        "release": "Tue Jun 27 16:22:50 2017 -0700",
        "cmd": [
          "tomtom", "-verbosity", "1", "-oc",
          "results/AHRpeaks_noAHREs.bed-399.fa/jaspar/dreme_tomtom_out",
          "-min-overlap", "5", "-dist", "pearson", "-evalue", "-thresh", "1",
          "-no-ssc", "-bfile",
          "results/AHRpeaks_noAHREs.bed-399.fa/jaspar/background",
          "results/AHRpeaks_noAHREs.bed-399.fa/jaspar/dreme_out/dreme.xml",
          "/Users/filipov4/meme/db/motif_databases/JASPAR/JASPAR2018_CORE_non-redundant.meme"
        ],
        "options": {
          "strands": "both",
          "distance_measure": "pearson",
          "threshold_type": "evalue",
          "threshold_value": 1,
          "background_source": "file",
          "background_file": "results/AHRpeaks_noAHREs.bed-399.fa/jaspar/background"
        },
        "alphabet": {
          "name": "DNA",
          "like": "dna",
          "ncore": 4,
          "symbols": [
            {
              "symbol": "A",
              "name": "Adenine",
              "colour": "CC0000",
              "complement": "T"
            }, {
              "symbol": "C",
              "name": "Cytosine",
              "colour": "0000CC",
              "complement": "G"
            }, {
              "symbol": "G",
              "name": "Guanine",
              "colour": "FFB300",
              "complement": "C"
            }, {
              "symbol": "T",
              "aliases": "U",
              "name": "Thymine",
              "colour": "008000",
              "complement": "A"
            }, {
              "symbol": "N",
              "aliases": "X.",
              "name": "Any base",
              "equals": "ACGT"
            }, {
              "symbol": "V",
              "name": "Not T",
              "equals": "ACG"
            }, {
              "symbol": "H",
              "name": "Not G",
              "equals": "ACT"
            }, {
              "symbol": "D",
              "name": "Not C",
              "equals": "AGT"
            }, {
              "symbol": "B",
              "name": "Not A",
              "equals": "CGT"
            }, {
              "symbol": "M",
              "name": "Amino",
              "equals": "AC"
            }, {
              "symbol": "R",
              "name": "Purine",
              "equals": "AG"
            }, {
              "symbol": "W",
              "name": "Weak",
              "equals": "AT"
            }, {
              "symbol": "S",
              "name": "Strong",
              "equals": "CG"
            }, {
              "symbol": "Y",
              "name": "Pyrimidine",
              "equals": "CT"
            }, {
              "symbol": "K",
              "name": "Keto",
              "equals": "GT"
            }
          ]
        },
        "background": [0.2906, 0.2094, 0.2094, 0.2906],
        "query_dbs": [
          {
            "source": "results/AHRpeaks_noAHREs.bed-399.fa/jaspar/dreme_out/dreme.xml",
            "name": "dreme",
            "loaded": 7,
            "excluded": 0,
            "last_modified": "Thu May 24 12:43:41 2018"
          }
        ],
        "target_dbs": [
          {
            "source": "/Users/filipov4/meme/db/motif_databases/JASPAR/JASPAR2018_CORE_non-redundant.meme",
            "name": "JASPAR2018 CORE non-redundant",
            "loaded": 1404,
            "excluded": 0,
            "last_modified": "Thu Dec  7 14:38:42 2017"
          }
        ],
        "queries": [
          {
            "db": 0,
            "id": "AGATAA",
            "alt": "DREME-5",
            "len": 6,
            "nsites": 103,
            "evalue": "2.1e-004",
            "pwm": [
              [0.999312, 0.000203104, 0.000203104, 0.000281862], 
              [0.000281862, 0.000203104, 0.999233, 0.000281862], 
              [0.999312, 0.000203104, 0.000203104, 0.000281862], 
              [0.000281862, 0.000203104, 0.000203104, 0.999312], 
              [0.999312, 0.000203104, 0.000203104, 0.000281862], 
              [0.999312, 0.000203104, 0.000203104, 0.000281862]
            ]
          }, {
            "db": 0,
            "id": "ATGACTMA",
            "alt": "DREME-6",
            "len": 8,
            "nsites": 42,
            "evalue": "4.4e-003",
            "pwm": [
              [0.998315, 0.000497387, 0.000497387, 0.000690261], 
              [0.000690261, 0.000497387, 0.000497387, 0.998315], 
              [0.000690261, 0.000497387, 0.998122, 0.000690261], 
              [0.998315, 0.000497387, 0.000497387, 0.000690261], 
              [0.000690261, 0.998122, 0.000497387, 0.000690261], 
              [0.000690261, 0.000497387, 0.000497387, 0.998315], 
              [0.356985, 0.641827, 0.000497387, 0.000690261], 
              [0.998315, 0.000497387, 0.000497387, 0.000690261]
            ]
          }, {
            "db": 0,
            "id": "CACGW",
            "alt": "DREME-4",
            "len": 5,
            "nsites": 166,
            "evalue": "7.7e-005",
            "pwm": [
              [0.000174955, 0.999524, 0.000126069, 0.000174955], 
              [0.999573, 0.000126069, 0.000126069, 0.000174955], 
              [0.000174955, 0.999524, 0.000126069, 0.000174955], 
              [0.000174955, 0.000126069, 0.999524, 0.000174955], 
              [0.572119, 0.000126069, 0.000126069, 0.427628]
            ]
          }, {
            "db": 0,
            "id": "CATGCAA",
            "alt": "DREME-7",
            "len": 7,
            "nsites": 52,
            "evalue": "3.2e-002",
            "pwm": [
              [0.000557773, 0.998483, 0.00040192, 0.000557773], 
              [0.998638, 0.00040192, 0.00040192, 0.000557773], 
              [0.000557773, 0.00040192, 0.00040192, 0.998638], 
              [0.000557773, 0.00040192, 0.998483, 0.000557773], 
              [0.000557773, 0.998483, 0.00040192, 0.000557773], 
              [0.998638, 0.00040192, 0.00040192, 0.000557773], 
              [0.998638, 0.00040192, 0.00040192, 0.000557773]
            ]
          }, {
            "db": 0,
            "id": "CMCRG",
            "alt": "DREME-2",
            "len": 5,
            "nsites": 968,
            "evalue": "4.8e-009",
            "pwm": [
              [3.00176e-05, 0.999918, 2.163e-05, 3.00176e-05], 
              [0.572285, 0.427663, 2.163e-05, 3.00176e-05], 
              [3.00176e-05, 0.999918, 2.163e-05, 3.00176e-05], 
              [0.86461, 2.163e-05, 0.135339, 3.00176e-05], 
              [3.00176e-05, 2.163e-05, 0.999918, 3.00176e-05]
            ]
          }, {
            "db": 0,
            "id": "RYAAAYA",
            "alt": "DREME-1",
            "len": 7,
            "nsites": 607,
            "evalue": "1.6e-044",
            "pwm": [
              [0.528791, 3.44919e-05, 0.471127, 4.78669e-05], 
              [4.78669e-05, 0.495834, 3.44919e-05, 0.504084], 
              [0.999883, 3.44919e-05, 3.44919e-05, 4.78669e-05], 
              [0.999883, 3.44919e-05, 3.44919e-05, 4.78669e-05], 
              [0.999883, 3.44919e-05, 3.44919e-05, 4.78669e-05], 
              [4.78669e-05, 0.573251, 3.44919e-05, 0.426667], 
              [0.999883, 3.44919e-05, 3.44919e-05, 4.78669e-05]
            ]
          }, {
            "db": 0,
            "id": "SAGATR",
            "alt": "DREME-3",
            "len": 6,
            "nsites": 388,
            "evalue": "1.9e-008",
            "pwm": [
              [7.48776e-05, 0.487041, 0.512809, 7.48776e-05], 
              [0.999817, 5.39552e-05, 5.39552e-05, 7.48776e-05], 
              [7.48776e-05, 5.39552e-05, 0.999796, 7.48776e-05], 
              [0.999817, 5.39552e-05, 5.39552e-05, 7.48776e-05], 
              [7.48776e-05, 5.39552e-05, 5.39552e-05, 0.999817], 
              [0.476756, 5.39552e-05, 0.523115, 7.48776e-05]
            ]
          }
        ],
        "targets": [
          {
            "db": 0,
            "id": "MA0029.1",
            "alt": "Mecom",
            "len": 14,
            "nsites": 27,
            "url": "http://jaspar2018.genereg.net/matrix/MA0029.1",
            "pwm": [
              [0.517678, 0.0745734, 0.222175, 0.185574], 
              [0.73908, 0.037673, 0.0745734, 0.148674], 
              [0.00107232, 0.037673, 0.923282, 0.0379727], 
              [0.997382, 0.000772694, 0.000772694, 0.00107232], 
              [0.0379727, 0.369776, 0.000772694, 0.591479], 
              [0.997382, 0.000772694, 0.000772694, 0.00107232], 
              [0.960482, 0.000772694, 0.037673, 0.00107232], 
              [0.00107232, 0.000772694, 0.997083, 0.00107232], 
              [0.997382, 0.000772694, 0.000772694, 0.00107232], 
              [0.00107232, 0.111474, 0.000772694, 0.886681], 
              [0.886681, 0.037673, 0.000772694, 0.074873], 
              [0.849781, 0.000772694, 0.148374, 0.00107232], 
              [0.222474, 0.259075, 0.259075, 0.259375], 
              [0.554578, 0.222175, 0.111474, 0.111773]
            ]
          }, {
            "db": 0,
            "id": "MA0030.1",
            "alt": "FOXF2",
            "len": 14,
            "nsites": 27,
            "url": "http://jaspar2018.genereg.net/matrix/MA0030.1",
            "pwm": [
              [0.0379727, 0.369776, 0.259075, 0.333175], 
              [0.370076, 0.259075, 0.185274, 0.185574], 
              [0.628379, 0.148374, 0.0745734, 0.148674], 
              [0.463645, 0.178685, 0.178685, 0.178984], 
              [0.136933, 0.498928, 0.363067, 0.00107232], 
              [0.259375, 0.000772694, 0.73878, 0.00107232], 
              [0.00107232, 0.000772694, 0.000772694, 0.997382], 
              [0.997382, 0.000772694, 0.000772694, 0.00107232], 
              [0.997382, 0.000772694, 0.000772694, 0.00107232], 
              [0.997382, 0.000772694, 0.000772694, 0.00107232], 
              [0.00107232, 0.923282, 0.000772694, 0.074873], 
              [0.997382, 0.000772694, 0.000772694, 0.00107232], 
              [0.591479, 0.148374, 0.0745734, 0.185574], 
              [0.259375, 0.148374, 0.222175, 0.370076]
            ]
          }, {
            "db": 0,
            "id": "MA0031.1",
            "alt": "FOXD1",
            "len": 8,
            "nsites": 20,
            "url": "http://jaspar2018.genereg.net/matrix/MA0031.1",
            "pwm": [
              [0.051197, 0.050793, 0.846813, 0.051197], 
              [0.00144577, 0.00104179, 0.00104179, 0.996471], 
              [0.946719, 0.050793, 0.00104179, 0.00144577], 
              [0.996471, 0.00104179, 0.00104179, 0.00144577], 
              [0.896968, 0.050793, 0.050793, 0.00144577], 
              [0.051197, 0.896564, 0.00104179, 0.051197], 
              [0.996471, 0.00104179, 0.00104179, 0.00144577], 
              [0.349704, 0.100544, 0.150296, 0.399456]
            ]
          }, {
            "db": 0,
            "id": "MA0032.2",
            "alt": "FOXC1",
            "len": 11,
            "nsites": 19566,
            "url": "http://jaspar2018.genereg.net/matrix/MA0032.2",
            "pwm": [
              [0.329756, 0.0394569, 0.015538, 0.615249], 
              [0.695237, 0.0353359, 0.202155, 0.0672731], 
              [0.344387, 0.0876136, 0.105678, 0.462323], 
              [0.257364, 0.017801, 0.722131, 0.00270347], 
              [0.108395, 0.0717427, 0.016938, 0.802924], 
              [0.706923, 0.289518, 0.00113306, 0.00242647], 
              [0.991151, 0.00579104, 1.07022e-06, 0.00305747], 
              [0.983558, 0.00298005, 0.00750203, 0.00595945], 
              [0.00649845, 0.467699, 0.00878803, 0.517014], 
              [0.966338, 0.00141206, 0.022632, 0.00961844], 
              [0.31682, 0.0736507, 0.0523318, 0.557199]
            ]
          }, {
            "db": 0,
            "id": "MA0033.2",
            "alt": "FOXL1",
            "len": 7,
            "nsites": 4933,
            "url": "http://jaspar2018.genereg.net/matrix/MA0033.2",
            "pwm": [
              [0.426107, 0.00263919, 0.542868, 0.0283853], 
              [0.00192685, 0.0799106, 4.2448e-06, 0.918158], 
              [0.874645, 0.114915, 0.010434, 5.89082e-06], 
              [0.98902, 0.00786709, 4.2448e-06, 0.00310983], 
              [0.973113, 0.0166979, 0.010183, 5.89082e-06], 
              [5.89082e-06, 0.778858, 4.2448e-06, 0.221131], 
              [0.98535, 0.011136, 4.2448e-06, 0.00350982]
            ]
          }, {
            "db": 0,
            "id": "MA0035.3",
            "alt": "Gata1",
            "len": 11,
            "nsites": 17955,
            "url": "http://jaspar2018.genereg.net/matrix/MA0035.3",
            "pwm": [
              [0.11334, 0.240657, 0.140908, 0.505095], 
              [0.0281835, 0.35678, 0.1555, 0.459537], 
              [1.61848e-06, 0.828123, 0.02434, 0.147537], 
              [1.61848e-06, 0.03882, 1.16624e-06, 0.961177], 
              [1.61848e-06, 1.16624e-06, 1.16624e-06, 0.999996], 
              [0.999996, 1.16624e-06, 1.16624e-06, 1.61848e-06], 
              [1.61848e-06, 1.16624e-06, 1.16624e-06, 0.999996], 
              [1.61848e-06, 0.999996, 1.16624e-06, 1.61848e-06], 
              [0.120636, 1.16624e-06, 1.16624e-06, 0.879362], 
              [0.139349, 0.343413, 0.37243, 0.144807], 
              [0.105041, 0.282484, 0.0890007, 0.523474]
            ]
          }, {
            "db": 0,
            "id": "MA0036.3",
            "alt": "GATA2",
            "len": 11,
            "nsites": 14213,
            "url": "http://jaspar2018.genereg.net/matrix/MA0036.3",
            "pwm": [
              [0.232393, 0.209526, 0.225216, 0.332864], 
              [0.139732, 0.288397, 0.208682, 0.363188], 
              [0.0661386, 0.746285, 0.0860489, 0.101528], 
              [0.0312408, 0.0182243, 0.0105554, 0.93998], 
              [0.0293408, 0.00239346, 0.00147946, 0.966786], 
              [0.991904, 0.000986466, 0.00302645, 0.00408302], 
              [0.010204, 0.00541944, 0.00337845, 0.980998], 
              [0.006756, 0.969952, 0.00886641, 0.0144249], 
              [0.166961, 0.0346172, 0.0258223, 0.7726], 
              [0.204884, 0.26131, 0.257229, 0.276578], 
              [0.230634, 0.272567, 0.155914, 0.340885]
            ]
          }, {
            "db": 0,
            "id": "MA0037.3",
            "alt": "GATA3",
            "len": 8,
            "nsites": 1000,
            "url": "http://jaspar2018.genereg.net/matrix/MA0037.3",
            "pwm": [
              [0.501979, 0.225998, 0.00102084, 0.271002], 
              [2.90571e-05, 2.09379e-05, 0.999921, 2.90571e-05], 
              [0.999929, 2.09379e-05, 2.09379e-05, 2.90571e-05], 
              [2.90571e-05, 2.09379e-05, 2.09379e-05, 0.999929], 
              [0.914853, 0.00202274, 2.09379e-05, 0.0831037], 
              [0.861943, 0.0150194, 0.0760133, 0.0470244], 
              [0.114018, 0.300991, 0.475973, 0.109018], 
              [0.422987, 0.188002, 0.320989, 0.0680223]
            ]
          }, {
            "db": 0,
            "id": "MA0041.1",
            "alt": "Foxd3",
            "len": 12,
            "nsites": 47,
            "url": "http://jaspar2018.genereg.net/matrix/MA0041.1",
            "pwm": [
              [0.234163, 0.0641391, 0.552461, 0.149237], 
              [0.63756, 0.0429072, 0.000444586, 0.319088], 
              [0.510171, 0.0216764, 0.000444586, 0.467708], 
              [0.0218488, 0.0853699, 0.000444586, 0.892337], 
              [0.255394, 0.000444586, 0.722313, 0.0218488], 
              [0.000616985, 0.000444586, 0.000444586, 0.998494], 
              [0.0218488, 0.000444586, 0.000444586, 0.977262], 
              [0.106774, 0.000444586, 0.212759, 0.680022], 
              [0.297857, 0.000444586, 0.446305, 0.255394], 
              [0.128006, 0.149064, 0.000444586, 0.722485], 
              [0.0218488, 0.0429072, 0.0853699, 0.849874], 
              [0.000616985, 0.255222, 0.000444586, 0.743717]
            ]
          }, {
            "db": 0,
            "id": "MA0042.2",
            "alt": "FOXI1",
            "len": 7,
            "nsites": 5832,
            "url": "http://jaspar2018.genereg.net/matrix/MA0042.2",
            "pwm": [
              [0.10597, 0.00669048, 0.887334, 4.98277e-06], 
              [0.0138517, 0.0112314, 0.00655248, 0.968364], 
              [0.899677, 0.093882, 0.00643648, 4.98277e-06], 
              [0.995563, 0.00442851, 3.59047e-06, 4.98277e-06], 
              [0.977694, 0.00434852, 0.0054825, 0.0124738], 
              [0.0253675, 0.836015, 0.00775746, 0.130859], 
              [0.992889, 0.00230555, 0.00480051, 4.98277e-06]
            ]
          }, {
            "db": 0,
            "id": "MA0047.2",
            "alt": "Foxa2",
            "len": 12,
            "nsites": 808,
            "url": "http://jaspar2018.genereg.net/matrix/MA0047.2",
            "pwm": [
              [0.00127381, 0.00126376, 0.00126376, 0.9962], 
              [0.273179, 0.00373345, 0.719344, 0.0037435], 
              [0.00127181, 0.00126176, 0.00126176, 0.996205], 
              [0.00127181, 0.00373345, 0.0445194, 0.950474], 
              [0.00126881, 0.00125876, 0.215782, 0.78169], 
              [0.908566, 0.0049633, 0.0827317, 0.0037395], 
              [0.00250466, 0.894977, 0.00249461, 0.100024], 
              [0.417784, 0.0951931, 0.00373345, 0.483289], 
              [0.0618333, 0.32755, 0.07171, 0.538906], 
              [0.516701, 0.00745999, 0.0297622, 0.446078], 
              [0.162547, 0.0657748, 0.597967, 0.173711], 
              [0.160664, 0.242835, 0.361127, 0.235374]
            ]
          }, {
            "db": 0,
            "id": "MA0099.3",
            "alt": "FOS::JUN",
            "len": 10,
            "nsites": 1000,
            "url": "http://jaspar2018.genereg.net/matrix/MA0099.3",
            "pwm": [
              [0.59197, 0.11101, 0.256995, 0.0400251], 
              [0.00302876, 0.00502044, 0.00202074, 0.98993], 
              [0.00702836, 0.00102084, 0.823939, 0.168012], 
              [0.819947, 0.131008, 0.00402054, 0.0450246], 
              [0.0780213, 0.180003, 0.687952, 0.0540237], 
              [0.00502856, 0.00202074, 0.00202074, 0.99093], 
              [0.0300261, 0.962925, 0.00302064, 0.00402866], 
              [0.99193, 0.00202074, 0.00202074, 0.00402866], 
              [0.0240267, 0.31299, 0.0950114, 0.567972], 
              [0.277001, 0.396981, 0.164005, 0.162013]
            ]
          }, {
            "db": 0,
            "id": "MA0148.3",
            "alt": "FOXA1",
            "len": 15,
            "nsites": 22008,
            "url": "http://jaspar2018.genereg.net/matrix/MA0148.3",
            "pwm": [
              [0.196656, 0.219329, 0.187386, 0.396628], 
              [0.211696, 0.311296, 0.214967, 0.262041], 
              [0.139132, 0.388858, 0.241458, 0.230553], 
              [0.3242, 0.196156, 0.16544, 0.314204], 
              [0.00318231, 9.51468e-07, 0.000545949, 0.996271], 
              [0.267312, 9.51468e-07, 0.732686, 1.32042e-06], 
              [1.32042e-06, 9.51468e-07, 9.51468e-07, 0.999997], 
              [1.32042e-06, 9.51468e-07, 0.0587067, 0.941291], 
              [1.32042e-06, 9.51468e-07, 0.129907, 0.87009], 
              [0.829333, 9.51468e-07, 0.170665, 1.32042e-06], 
              [1.32042e-06, 0.934021, 9.51468e-07, 0.065977], 
              [0.417711, 0.120638, 9.51468e-07, 0.461649], 
              [0.0375781, 0.331515, 0.0632507, 0.567656], 
              [0.486277, 4.59513e-05, 0.00286394, 0.510813], 
              [0.218421, 0.118275, 0.427798, 0.235505]
            ]
          }, {
            "db": 0,
            "id": "MA0150.2",
            "alt": "Nfe2l2",
            "len": 15,
            "nsites": 726,
            "url": "http://jaspar2018.genereg.net/matrix/MA0150.2",
            "pwm": [
              [0.228659, 0.46553, 0.150146, 0.155666], 
              [0.552306, 0.107452, 0.219007, 0.121235], 
              [0.162552, 0.329185, 0.378765, 0.129499], 
              [0.279616, 0.340202, 0.209366, 0.170815], 
              [0.672123, 0.0385905, 0.282359, 0.00692607], 
              [4.0022e-05, 2.8839e-05, 2.8839e-05, 0.999902], 
              [4.0022e-05, 2.8839e-05, 0.979233, 0.0206982], 
              [0.999902, 2.8839e-05, 2.8839e-05, 4.0022e-05], 
              [0.0275842, 0.734088, 0.16254, 0.0757876], 
              [0.115726, 0.027573, 0.0220648, 0.834636], 
              [0.0895597, 0.756123, 0.0633811, 0.0909365], 
              [0.794697, 0.00416027, 0.123979, 0.0771644], 
              [0.0138121, 0.0151788, 0.961329, 0.00968069], 
              [0.00554926, 0.962706, 0.0261962, 0.00554926], 
              [0.858049, 0.0358369, 0.042723, 0.0633923]
            ]
          }, {
            "db": 0,
            "id": "MA0157.2",
            "alt": "FOXO3",
            "len": 8,
            "nsites": 553,
            "url": "http://jaspar2018.genereg.net/matrix/MA0157.2",
            "pwm": [
              [0.0380207, 3.78594e-05, 0.961889, 5.25402e-05], 
              [5.25402e-05, 3.78594e-05, 0.0238865, 0.976023], 
              [0.960168, 0.0289136, 0.00906123, 0.00185721], 
              [0.997996, 0.00191352, 3.78594e-05, 5.25402e-05], 
              [0.981425, 0.0184845, 3.78594e-05, 5.25402e-05], 
              [0.0273206, 0.967136, 3.78594e-05, 0.00550655], 
              [0.979617, 0.0202922, 3.78594e-05, 5.25402e-05], 
              [0.546506, 0.0207241, 0.0620956, 0.370676]
            ]
          }, {
            "db": 0,
            "id": "MA0272.1",
            "alt": "ARG81",
            "len": 8,
            "nsites": 198,
            "url": "http://jaspar2018.genereg.net/matrix/MA0272.1",
            "pwm": [
              [0.297976, 0.0606811, 0.419086, 0.222257], 
              [0.0367132, 0.000105704, 0.0244834, 0.938697], 
              [0.0773277, 0.000105704, 0.92242, 0.000146694], 
              [0.999642, 0.000105704, 0.000105704, 0.000146694], 
              [0.000146694, 0.995927, 0.000105704, 0.00382084], 
              [0.00620463, 0.000105704, 0.000105704, 0.993584], 
              [0.000146694, 0.999601, 0.000105704, 0.000146694], 
              [0.317191, 0.31715, 0.0215998, 0.344059]
            ]
          }, {
            "db": 0,
            "id": "MA0297.1",
            "alt": "FKH2",
            "len": 7,
            "nsites": 101,
            "url": "http://jaspar2018.genereg.net/matrix/MA0297.1",
            "pwm": [
              [0.128873, 0.000207122, 0.870632, 0.000287438], 
              [0.000287438, 0.000207122, 0.000207122, 0.999298], 
              [0.999298, 0.000207122, 0.000207122, 0.000287438], 
              [0.999298, 0.000207122, 0.000207122, 0.000287438], 
              [0.999298, 0.000207122, 0.000207122, 0.000287438], 
              [0.000287438, 0.999218, 0.000207122, 0.000287438], 
              [0.999298, 0.000207122, 0.000207122, 0.000287438]
            ]
          }, {
            "db": 0,
            "id": "MA0303.1",
            "alt": "GCN4",
            "len": 21,
            "nsites": 998,
            "url": "http://jaspar2018.genereg.net/matrix/MA0303.1",
            "pwm": [
              [0.218444, 0.295582, 0.245487, 0.240486], 
              [0.371735, 0.217434, 0.268531, 0.1423], 
              [0.362718, 0.213427, 0.150307, 0.273549], 
              [0.282566, 0.119247, 0.325639, 0.272547], 
              [0.275553, 0.177358, 0.316622, 0.230467], 
              [0.169181, 0.140147, 0.365349, 0.325322], 
              [0.536047, 0.0350875, 0.413808, 0.0150576], 
              [0.01105, 0.00803618, 0.00603238, 0.974881], 
              [0.00203291, 0.00503048, 0.935799, 0.0571374], 
              [0.969872, 0.0130457, 0.00402858, 0.0130538], 
              [0.00203291, 0.433846, 0.563091, 0.00103101], 
              [0.0130538, 0.00402858, 0.0130457, 0.969872], 
              [0.0571374, 0.935799, 0.00503048, 0.00203291], 
              [0.974881, 0.00603238, 0.00803618, 0.01105], 
              [0.0150576, 0.413808, 0.0350875, 0.536047], 
              [0.376367, 0.290282, 0.131139, 0.202211], 
              [0.207215, 0.354339, 0.194196, 0.244249], 
              [0.28457, 0.216432, 0.202406, 0.296592], 
              [0.226459, 0.234466, 0.177358, 0.361716], 
              [0.254513, 0.329647, 0.232463, 0.183378], 
              [0.33767, 0.169343, 0.195392, 0.297594]
            ]
          }, {
            "db": 0,
            "id": "MA0317.1",
            "alt": "HCM1",
            "len": 8,
            "nsites": 100,
            "url": "http://jaspar2018.genereg.net/matrix/MA0317.1",
            "pwm": [
              [0.509781, 0.160049, 0.249959, 0.0802104], 
              [0.270021, 0.0801293, 0.0401692, 0.609681], 
              [0.662994, 0.316725, 0.0101003, 0.0101814], 
              [0.949341, 0.0501592, 0.000209191, 0.00029031], 
              [0.999291, 0.000209191, 0.000209191, 0.00029031], 
              [0.0102803, 0.85935, 0.000209191, 0.13016], 
              [0.939945, 0.0199914, 0.0199914, 0.0200725], 
              [0.575473, 0.171755, 0.111209, 0.141563]
            ]
          }, {
            "db": 0,
            "id": "MA0332.1",
            "alt": "MET28",
            "len": 6,
            "nsites": 203,
            "url": "http://jaspar2018.genereg.net/matrix/MA0332.1",
            "pwm": [
              [0.000143082, 0.999611, 0.000103102, 0.000143082], 
              [0.000143082, 0.000103102, 0.000103102, 0.999651], 
              [0.000143082, 0.000103102, 0.999611, 0.000143082], 
              [0.000143082, 0.000103102, 0.000103102, 0.999651], 
              [0.000143082, 0.000103102, 0.999611, 0.000143082], 
              [0.000143082, 0.000103102, 0.999611, 0.000143082]
            ]
          }, {
            "db": 0,
            "id": "MA0446.1",
            "alt": "fkh",
            "len": 11,
            "nsites": 27,
            "url": "http://jaspar2018.genereg.net/matrix/MA0446.1",
            "pwm": [
              [0.111773, 0.000772694, 0.000772694, 0.886681], 
              [0.185574, 0.000772694, 0.812581, 0.00107232], 
              [0.00107232, 0.000772694, 0.000772694, 0.997382], 
              [0.00107232, 0.000772694, 0.000772694, 0.997382], 
              [0.00107232, 0.000772694, 0.037673, 0.960482], 
              [0.480777, 0.000772694, 0.517378, 0.00107232], 
              [0.148674, 0.480477, 0.0745734, 0.296275], 
              [0.222474, 0.259075, 0.111474, 0.406976], 
              [0.00107232, 0.406676, 0.0745734, 0.517678], 
              [0.849781, 0.000772694, 0.037673, 0.111773], 
              [0.554578, 0.148374, 0.148374, 0.148674]
            ]
          }, {
            "db": 0,
            "id": "MA0458.1",
            "alt": "slp1",
            "len": 11,
            "nsites": 41,
            "url": "http://jaspar2018.genereg.net/matrix/MA0458.1",
            "pwm": [
              [0.195354, 0.0735025, 0.341142, 0.390002], 
              [0.000707056, 0.000509489, 0.000509489, 0.998274], 
              [0.0737, 0.000509489, 0.925083, 0.000707056], 
              [0.000707056, 0.000509489, 0.000509489, 0.998274], 
              [0.000707056, 0.000509489, 0.0248401, 0.973943], 
              [0.000707056, 0.000509489, 0.0491708, 0.949613], 
              [0.657642, 0.000509489, 0.0978331, 0.244016], 
              [0.0250377, 0.535789, 0.170826, 0.268347], 
              [0.414332, 0.195157, 0.365473, 0.0250377], 
              [0.0980307, 0.316811, 0.0735025, 0.511656], 
              [0.365671, 0.0735025, 0.0978331, 0.462995]
            ]
          }, {
            "db": 0,
            "id": "MA0462.1",
            "alt": "BATF::JUN",
            "len": 11,
            "nsites": 10522,
            "url": "http://jaspar2018.genereg.net/matrix/MA0462.1",
            "pwm": [
              [0.29291, 0.0457156, 0.488117, 0.173257], 
              [0.454474, 0.0525585, 0.274567, 0.218401], 
              [0.42948, 0.0161588, 0.210891, 0.34347], 
              [0.784827, 0.140469, 1.9901e-06, 0.0747031], 
              [2.76181e-06, 1.9901e-06, 1.9901e-06, 0.999993], 
              [2.76181e-06, 1.9901e-06, 0.985927, 0.0140686], 
              [0.999993, 1.9901e-06, 1.9901e-06, 2.76181e-06], 
              [0.0556952, 0.477663, 0.466639, 2.76181e-06], 
              [2.76181e-06, 1.9901e-06, 1.9901e-06, 0.999993], 
              [0.122697, 0.816379, 0.0609214, 2.76181e-06], 
              [0.975473, 1.9901e-06, 1.9901e-06, 0.0245225]
            ]
          }, {
            "db": 0,
            "id": "MA0476.1",
            "alt": "FOS",
            "len": 11,
            "nsites": 29396,
            "url": "http://jaspar2018.genereg.net/matrix/MA0476.1",
            "pwm": [
              [0.26803, 0.0242216, 0.329501, 0.378249], 
              [0.254286, 0.346204, 0.368791, 0.0307189], 
              [9.88566e-07, 7.1234e-07, 7.1234e-07, 0.999998], 
              [9.88566e-07, 7.1234e-07, 0.922164, 0.0778347], 
              [0.999998, 7.1234e-07, 7.1234e-07, 9.88566e-07], 
              [0.0339509, 0.478942, 0.381207, 0.1059], 
              [9.88566e-07, 7.1234e-07, 7.1234e-07, 0.999998], 
              [9.88566e-07, 0.999997, 7.1234e-07, 9.88566e-07], 
              [0.999998, 7.1234e-07, 7.1234e-07, 9.88566e-07], 
              [0.00877796, 0.198088, 0.0523205, 0.740813], 
              [0.136278, 0.280174, 0.268642, 0.314907]
            ]
          }, {
            "db": 0,
            "id": "MA0477.1",
            "alt": "FOSL1",
            "len": 11,
            "nsites": 5272,
            "url": "http://jaspar2018.genereg.net/matrix/MA0477.1",
            "pwm": [
              [0.339718, 0.0225755, 0.452195, 0.18551], 
              [0.29742, 0.0828934, 0.589712, 0.0299749], 
              [5.51203e-06, 3.97185e-06, 3.97185e-06, 0.999987], 
              [5.51203e-06, 3.97185e-06, 0.999985, 5.51203e-06], 
              [0.999987, 3.97185e-06, 3.97185e-06, 5.51203e-06], 
              [0.0235251, 0.591799, 0.384671, 5.51203e-06], 
              [5.51203e-06, 3.97185e-06, 3.97185e-06, 0.999987], 
              [0.0335789, 0.966412, 3.97185e-06, 5.51203e-06], 
              [0.999987, 3.97185e-06, 3.97185e-06, 5.51203e-06], 
              [0.00702338, 0.153833, 0.328905, 0.510239], 
              [0.224584, 0.319421, 0.35565, 0.100345]
            ]
          }, {
            "db": 0,
            "id": "MA0478.1",
            "alt": "FOSL2",
            "len": 11,
            "nsites": 5318,
            "url": "http://jaspar2018.genereg.net/matrix/MA0478.1",
            "pwm": [
              [0.156641, 0.186912, 0.39225, 0.264197], 
              [0.286762, 0.111322, 0.50902, 0.0928957], 
              [0.537979, 0.0103457, 0.437755, 0.0139202], 
              [5.46436e-06, 3.9375e-06, 3.9375e-06, 0.999987], 
              [5.46436e-06, 3.9375e-06, 0.999985, 5.46436e-06], 
              [0.954294, 0.00959376, 0.0361073, 5.46436e-06], 
              [5.46436e-06, 0.617893, 0.345616, 0.0364848], 
              [5.46436e-06, 3.9375e-06, 3.9375e-06, 0.999987], 
              [0.0385527, 0.961438, 3.9375e-06, 5.46436e-06], 
              [0.999987, 3.9375e-06, 3.9375e-06, 5.46436e-06], 
              [5.46436e-06, 0.263068, 0.36348, 0.373447]
            ]
          }, {
            "db": 0,
            "id": "MA0482.1",
            "alt": "Gata4",
            "len": 11,
            "nsites": 2746,
            "url": "http://jaspar2018.genereg.net/matrix/MA0482.1",
            "pwm": [
              [0.00365245, 0.378363, 0.136201, 0.481785], 
              [1.05823e-05, 0.788399, 0.111439, 0.100153], 
              [1.05823e-05, 0.0324174, 7.62536e-06, 0.967564], 
              [1.05823e-05, 7.62536e-06, 7.62536e-06, 0.999974], 
              [0.985773, 0.0142091, 7.62536e-06, 1.05823e-05], 
              [1.05823e-05, 7.62536e-06, 7.62536e-06, 0.999974], 
              [1.05823e-05, 0.999971, 7.62536e-06, 1.05823e-05], 
              [0.199202, 7.62536e-06, 7.62536e-06, 0.800782], 
              [1.05823e-05, 0.451557, 0.342311, 0.206121], 
              [0.218867, 0.365617, 0.0571795, 0.358337], 
              [0.140573, 0.338305, 0.24836, 0.272761]
            ]
          }, {
            "db": 0,
            "id": "MA0489.1",
            "alt": "JUN(var.2)",
            "len": 14,
            "nsites": 10956,
            "url": "http://jaspar2018.genereg.net/matrix/MA0489.1",
            "pwm": [
              [0.442861, 0.114094, 0.257211, 0.185835], 
              [0.358433, 0.120848, 0.375135, 0.145583], 
              [0.340088, 0.102867, 0.395215, 0.16183], 
              [0.40124, 0.102411, 0.315899, 0.18045], 
              [0.378422, 0.0541274, 0.384536, 0.182914], 
              [0.541254, 0.0906361, 0.368108, 2.6524e-06], 
              [2.6524e-06, 1.91126e-06, 1.91126e-06, 0.999994], 
              [2.6524e-06, 1.91126e-06, 0.999993, 2.6524e-06], 
              [0.99972, 1.91126e-06, 1.91126e-06, 0.00027665], 
              [0.0348693, 0.520625, 0.37331, 0.071196], 
              [0.0181665, 1.91126e-06, 1.91126e-06, 0.98183], 
              [0.0872599, 0.912736, 1.91126e-06, 2.6524e-06], 
              [0.999994, 1.91126e-06, 1.91126e-06, 2.6524e-06], 
              [0.0343213, 0.229007, 0.24142, 0.495252]
            ]
          }, {
            "db": 0,
            "id": "MA0490.1",
            "alt": "JUNB",
            "len": 11,
            "nsites": 16992,
            "url": "http://jaspar2018.genereg.net/matrix/MA0490.1",
            "pwm": [
              [0.212159, 0.198093, 0.352106, 0.237641], 
              [0.297493, 0.0622069, 0.495937, 0.144363], 
              [0.493408, 0.034252, 0.472338, 1.71021e-06], 
              [1.71021e-06, 1.23234e-06, 1.23234e-06, 0.999996], 
              [1.71021e-06, 1.23234e-06, 0.999995, 1.71021e-06], 
              [0.999996, 1.23234e-06, 1.23234e-06, 1.71021e-06], 
              [1.71021e-06, 0.580212, 0.369644, 0.0501424], 
              [1.71021e-06, 1.23234e-06, 1.23234e-06, 0.999996], 
              [0.0739183, 0.926079, 1.23234e-06, 1.71021e-06], 
              [0.999996, 1.23234e-06, 1.23234e-06, 1.71021e-06], 
              [0.0433165, 0.174317, 0.359992, 0.422374]
            ]
          }, {
            "db": 0,
            "id": "MA0491.1",
            "alt": "JUND",
            "len": 11,
            "nsites": 38710,
            "url": "http://jaspar2018.genereg.net/matrix/MA0491.1",
            "pwm": [
              [0.320046, 0.0196075, 0.352364, 0.307982], 
              [0.391708, 0.124619, 0.483672, 7.50708e-07], 
              [7.50708e-07, 5.40944e-07, 5.40944e-07, 0.999998], 
              [7.50708e-07, 5.40944e-07, 0.999998, 7.50708e-07], 
              [0.999998, 5.40944e-07, 5.40944e-07, 7.50708e-07], 
              [7.50708e-07, 0.590467, 0.363679, 0.0458546], 
              [7.50708e-07, 5.40944e-07, 5.40944e-07, 0.999998], 
              [0.0399646, 0.960034, 5.40944e-07, 7.50708e-07], 
              [0.999998, 5.40944e-07, 5.40944e-07, 7.50708e-07], 
              [7.50708e-07, 0.132679, 0.0594424, 0.807878], 
              [0.14947, 0.38636, 0.32108, 0.14309]
            ]
          }, {
            "db": 0,
            "id": "MA0501.1",
            "alt": "MAF::NFE2",
            "len": 15,
            "nsites": 1090,
            "url": "http://jaspar2018.genereg.net/matrix/MA0501.1",
            "pwm": [
              [0.666021, 0.02387, 0.306413, 0.00369632], 
              [2.66581e-05, 1.92093e-05, 1.92093e-05, 0.999935], 
              [2.66581e-05, 1.92093e-05, 0.992589, 0.00736498], 
              [0.999935, 1.92093e-05, 1.92093e-05, 2.66581e-05], 
              [0.0147043, 0.799029, 0.152299, 0.0339685], 
              [0.100934, 0.000936125, 0.0110272, 0.887101], 
              [0.0734139, 0.859573, 0.0202004, 0.0468114], 
              [0.897192, 1.92093e-05, 0.0468039, 0.0559845], 
              [0.00736498, 0.00368887, 0.954978, 0.0339685], 
              [2.66581e-05, 0.975159, 0.0202004, 0.00461324], 
              [0.854076, 0.0156138, 0.0669851, 0.0633239], 
              [0.35137, 0.186241, 0.259628, 0.20276], 
              [0.331189, 0.0917538, 0.119274, 0.457783], 
              [0.267892, 0.0935886, 0.0834976, 0.555022], 
              [0.193587, 0.259628, 0.0972583, 0.449526]
            ]
          }, {
            "db": 0,
            "id": "MA0546.1",
            "alt": "pha-4",
            "len": 10,
            "nsites": 1010,
            "url": "http://jaspar2018.genereg.net/matrix/MA0546.1",
            "pwm": [
              [0.579179, 0.0703108, 2.07306e-05, 0.350489], 
              [0.528689, 2.07306e-05, 0.466312, 0.00497828], 
              [0.531659, 2.07306e-05, 0.078231, 0.390089], 
              [0.0406188, 2.07306e-05, 0.959332, 2.87694e-05], 
              [2.87694e-05, 0.402951, 2.07306e-05, 0.597], 
              [0.853409, 0.146541, 2.07306e-05, 2.87694e-05], 
              [0.99993, 2.07306e-05, 2.07306e-05, 2.87694e-05], 
              [0.99993, 2.07306e-05, 2.07306e-05, 2.87694e-05], 
              [2.87694e-05, 0.616792, 2.07306e-05, 0.383159], 
              [0.99993, 2.07306e-05, 2.07306e-05, 2.87694e-05]
            ]
          }, {
            "db": 0,
            "id": "MA0564.1",
            "alt": "ABI3",
            "len": 9,
            "nsites": 100,
            "url": "http://jaspar2018.genereg.net/matrix/MA0564.1",
            "pwm": [
              [0.0602304, 0.59961, 0.0901193, 0.250041], 
              [0.151654, 0.161664, 0.151573, 0.535109], 
              [0.0302603, 0.0701393, 0.84936, 0.0502404], 
              [0.0102803, 0.95925, 0.0201892, 0.0102803], 
              [0.969321, 0.0101992, 0.0101992, 0.0102803], 
              [0.0102803, 0.0101992, 0.0101992, 0.969321], 
              [0.0103812, 0.0103001, 0.968937, 0.0103812], 
              [0.0602304, 0.83937, 0.0801293, 0.0202703], 
              [0.499791, 0.150059, 0.130079, 0.220071]
            ]
          }, {
            "db": 0,
            "id": "MA0591.1",
            "alt": "Bach1::Mafk",
            "len": 15,
            "nsites": 114,
            "url": "http://jaspar2018.genereg.net/matrix/MA0591.1",
            "pwm": [
              [0.394646, 0.122883, 0.359517, 0.122954], 
              [0.122954, 0.315696, 0.403339, 0.158011], 
              [0.131718, 0.359517, 0.473452, 0.0353119], 
              [0.578694, 0.140412, 0.28064, 0.000254689], 
              [0.0177833, 0.00894784, 0.000183523, 0.973085], 
              [0.000254689, 0.000183523, 0.937957, 0.0616049], 
              [0.990614, 0.000183523, 0.000183523, 0.009019], 
              [0.000254689, 0.824022, 0.175469, 0.000254689], 
              [0.009019, 0.000183523, 0.0352408, 0.955557], 
              [0.0440762, 0.937957, 0.0177121, 0.000254689], 
              [0.946792, 0.00894784, 0.0264765, 0.0177833], 
              [0.000254689, 0.00894784, 0.990543, 0.000254689], 
              [0.000254689, 0.999307, 0.000183523, 0.000254689], 
              [0.85915, 0.0352408, 0.0527694, 0.0528406], 
              [0.105425, 0.368282, 0.333224, 0.193068]
            ]
          }, {
            "db": 0,
            "id": "MA0613.1",
            "alt": "FOXG1",
            "len": 8,
            "nsites": 999,
            "url": "http://jaspar2018.genereg.net/matrix/MA0613.1",
            "pwm": [
              [0.374366, 0.00102186, 0.623583, 0.00102999], 
              [0.00102899, 0.00102086, 0.00102086, 0.996929], 
              [0.996929, 0.00102086, 0.00102086, 0.00102899], 
              [0.996929, 0.00102086, 0.00102086, 0.00102899], 
              [0.996929, 0.00102086, 0.00102086, 0.00102899], 
              [0.00102899, 0.996921, 0.00102086, 0.00102899], 
              [0.996929, 0.00102086, 0.00102086, 0.00102899], 
