<!DOCTYPE HTML>
<html>
  <head>
    <meta charset="UTF-8">
    <title>SpaMo - Spaced Motif Analysis</title>
    <script type="text/javascript">
      //@JSON_VAR data
      var data = {"program":"SpaMo","version":"4.12.0","revision":"aacc9c3eb8c7b460b344d5c8aa1458097dae704d","release":"Tue Jun 27 16:22:50 2017 -0700","host":"Sudins-iMac.local","when":"Thu May 24 14:23:46 2018","cmd":["spamo","-verbosity","1","-oc","results/AHRpeaks_not-in-DHSs-withAHREs.bed-499.fa/hocomoco/spamo_out_2","-bgfile","results/AHRpeaks_not-in-DHSs-withAHREs.bed-499.fa/hocomoco/background","-primary","CCCAAAAGCAAATKCAATARAAACAAAGAT","results/AHRpeaks_not-in-DHSs-withAHREs.bed-499.fa/hocomoco/AHRpeaks_not-in-DHSs-withAHREs.bed-499.fa","results/AHRpeaks_not-in-DHSs-withAHREs.bed-499.fa/hocomoco/meme_out/meme.xml","results/AHRpeaks_not-in-DHSs-withAHREs.bed-499.fa/hocomoco/meme_out/meme.xml","results/AHRpeaks_not-in-DHSs-withAHREs.bed-499.fa/hocomoco/dreme_out/dreme.xml","/Users/filipov4/meme/db/motif_databases/HUMAN/HOCOMOCOv11_full_HUMAN_mono_meme_format.meme"],"options":{"seq_min_hit_score":7,"margin":150,"bin_size":1,"bin_pvalue_calc_range":150,"use_best_secondary":0,"seq_max_shared_fract":0.5,"seq_odds_ratio":20,"bin_pvalue_cutoff":0.05,"motif_evalue_cutoff":10,"redundant_overlap":2,"redundant_joint":0.5,"motif_pseudocount":0.1,"bgfile":"results/AHRpeaks_not-in-DHSs-withAHREs.bed-499.fa/hocomoco/background","motif_trim":0.25,"xalph":0,"seed":1,"bin_max":3},"alphabet":{"name":"DNA","like":"dna","ncore":4,"symbols":[{"symbol":"A","name":"Adenine","colour":"CC0000","complement":"T"},{"symbol":"C","name":"Cytosine","colour":"0000CC","complement":"G"},{"symbol":"G","name":"Guanine","colour":"FFB300","complement":"C"},{"symbol":"T","aliases":"U","name":"Thymine","colour":"008000","complement":"A"},{"symbol":"N","aliases":"X.","name":"Any base","equals":"ACGT"},{"symbol":"V","name":"Not T","equals":"ACG"},{"symbol":"H","name":"Not G","equals":"ACT"},{"symbol":"D","name":"Not C","equals":"AGT"},{"symbol":"B","name":"Not A","equals":"CGT"},{"symbol":"M","name":"Amino","equals":"AC"},{"symbol":"R","name":"Purine","equals":"AG"},{"symbol":"W","name":"Weak","equals":"AT"},{"symbol":"S","name":"Strong","equals":"CG"},{"symbol":"Y","name":"Pyrimidine","equals":"CT"},{"symbol":"K","name":"Keto","equals":"GT"}]},"background":[0.3192,0.1808,0.1808,0.3192],"sequence_dbs":[{"source":"results/AHRpeaks_not-in-DHSs-withAHREs.bed-499.fa/hocomoco/AHRpeaks_not-in-DHSs-withAHREs.bed-499.fa","name":"AHRpeaks_not-in-DHSs-withAHREs.bed-499","last_modified":"Thu May 24 11:14:35 2018","loaded":15,"excluded_too_short":0,"excluded_no_match":11,"excluded_ambigs":0,"excluded_similar":1,"erased_primary_matches":0}],"primary_dbs":[{"source":"results/AHRpeaks_not-in-DHSs-withAHREs.bed-499.fa/hocomoco/meme_out/meme.xml","name":"meme.xml","last_modified":"Thu May 24 14:23:21 2018","loaded":6,"excluded":5}],"secondary_dbs":[{"source":"results/AHRpeaks_not-in-DHSs-withAHREs.bed-499.fa/hocomoco/meme_out/meme.xml","name":"meme.xml","last_modified":"Thu May 24 14:23:21 2018","loaded":7,"excluded":1},{"source":"results/AHRpeaks_not-in-DHSs-withAHREs.bed-499.fa/hocomoco/dreme_out/dreme.xml","name":"dreme.xml","last_modified":"Thu May 24 14:23:22 2018","loaded":1,"excluded":0},{"source":"/Users/filipov4/meme/db/motif_databases/HUMAN/HOCOMOCOv11_full_HUMAN_mono_meme_format.meme","name":"HOCOMOCOv11_full_HUMAN_mono_meme_format","last_modified":"Wed Dec  6 21:59:30 2017","loaded":771,"excluded":0}],"secondary_motifs":[{"db":0,"id":"CTAAGACCTGAMAC","alt":"MEME-6","len":14,"ltrim":0,"rtrim":0,"nsites":2,"evalue":"1.3e+004","pwm":[[0.0152,0.96099,0.00860954,0.0152],[0.0152,0.00860954,0.00860954,0.967581],[0.967581,0.00860954,0.00860954,0.0152],[0.967581,0.00860954,0.00860954,0.0152],[0.0152,0.00860954,0.96099,0.0152],[0.967581,0.00860954,0.00860954,0.0152],[0.0152,0.96099,0.00860954,0.0152],[0.0152,0.96099,0.00860954,0.0152],[0.0152,0.00860954,0.00860954,0.967581],[0.0152,0.00860954,0.96099,0.0152],[0.967581,0.00860954,0.00860954,0.0152],[0.49139,0.4848,0.00860954,0.0152],[0.967581,0.00860954,0.00860954,0.0152],[0.0152,0.96099,0.00860954,0.0152]]},{"db":0,"id":"GTTWAATTARGTCCCAGCTAT","alt":"MEME-4","len":21,"ltrim":0,"rtrim":0,"nsites":3,"evalue":"4.5e-001","pwm":[[0.0102968,0.00583227,0.973574,0.0102968],[0.0102968,0.00583227,0.00583227,0.978039],[0.0102968,0.00583227,0.00583227,0.978039],[0.332877,0.00583227,0.00583227,0.655458],[0.978039,0.00583227,0.00583227,0.0102968],[0.978039,0.00583227,0.00583227,0.0102968],[0.0102968,0.00583227,0.00583227,0.978039],[0.0102968,0.00583227,0.00583227,0.978039],[0.978039,0.00583227,0.00583227,0.0102968],[0.655458,0.00583227,0.328413,0.0102968],[0.0102968,0.00583227,0.973574,0.0102968],[0.0102968,0.00583227,0.00583227,0.978039],[0.0102968,0.973574,0.00583227,0.0102968],[0.0102968,0.973574,0.00583227,0.0102968],[0.0102968,0.973574,0.00583227,0.0102968],[0.978039,0.00583227,0.00583227,0.0102968],[0.0102968,0.00583227,0.973574,0.0102968],[0.0102968,0.973574,0.00583227,0.0102968],[0.0102968,0.00583227,0.00583227,0.978039],[0.978039,0.00583227,0.00583227,0.0102968],[0.0102968,0.00583227,0.00583227,0.978039]]},{"db":0,"id":"RGCTTTTGCAYGRCAAADGGAACAGTSAR","alt":"MEME-1","len":29,"ltrim":0,"rtrim":0,"nsites":5,"evalue":"4.5e-006","pwm":[[0.398416,0.0035451,0.59178,0.00625882],[0.202337,0.199624,0.59178,0.00625882],[0.00625882,0.59178,0.199624,0.202337],[0.00625882,0.199624,0.0035451,0.790573],[0.00625882,0.199624,0.0035451,0.790573],[0.00625882,0.0035451,0.0035451,0.986651],[0.00625882,0.199624,0.0035451,0.790573],[0.00625882,0.0035451,0.983937,0.00625882],[0.00625882,0.983937,0.0035451,0.00625882],[0.986651,0.0035451,0.0035451,0.00625882],[0.00625882,0.59178,0.0035451,0.398416],[0.00625882,0.0035451,0.983937,0.00625882],[0.398416,0.0035451,0.59178,0.00625882],[0.202337,0.59178,0.199624,0.00625882],[0.790573,0.0035451,0.199624,0.00625882],[0.790573,0.199624,0.0035451,0.00625882],[0.986651,0.0035451,0.0035451,0.00625882],[0.398416,0.0035451,0.395702,0.202337],[0.00625882,0.0035451,0.983937,0.00625882],[0.00625882,0.199624,0.59178,0.202337],[0.986651,0.0035451,0.0035451,0.00625882],[0.790573,0.0035451,0.199624,0.00625882],[0.00625882,0.787859,0.199624,0.00625882],[0.790573,0.0035451,0.0035451,0.202337],[0.00625882,0.0035451,0.983937,0.00625882],[0.00625882,0.0035451,0.199624,0.790573],[0.00625882,0.59178,0.395702,0.00625882],[0.790573,0.0035451,0.0035451,0.202337],[0.398416,0.0035451,0.59178,0.00625882]]},{"db":0,"id":"TTGSCYKAGGSRAGRMTTKCWTGMCYAA","alt":"MEME-5","len":28,"ltrim":0,"rtrim":0,"nsites":3,"evalue":"2.8e+000","pwm":[[0.0102968,0.00583227,0.00583227,0.978039],[0.0102968,0.00583227,0.00583227,0.978039],[0.0102968,0.00583227,0.973574,0.0102968],[0.0102968,0.650994,0.328413,0.0102968],[0.0102968,0.973574,0.00583227,0.0102968],[0.0102968,0.328413,0.00583227,0.655458],[0.0102968,0.00583227,0.328413,0.655458],[0.978039,0.00583227,0.00583227,0.0102968],[0.0102968,0.00583227,0.973574,0.0102968],[0.0102968,0.00583227,0.973574,0.0102968],[0.0102968,0.650994,0.328413,0.0102968],[0.655458,0.00583227,0.328413,0.0102968],[0.978039,0.00583227,0.00583227,0.0102968],[0.0102968,0.00583227,0.973574,0.0102968],[0.332877,0.00583227,0.650994,0.0102968],[0.655458,0.328413,0.00583227,0.0102968],[0.0102968,0.00583227,0.00583227,0.978039],[0.0102968,0.00583227,0.00583227,0.978039],[0.0102968,0.00583227,0.328413,0.655458],[0.0102968,0.973574,0.00583227,0.0102968],[0.655458,0.00583227,0.00583227,0.332877],[0.0102968,0.00583227,0.00583227,0.978039],[0.0102968,0.00583227,0.973574,0.0102968],[0.655458,0.328413,0.00583227,0.0102968],[0.0102968,0.973574,0.00583227,0.0102968],[0.0102968,0.650994,0.00583227,0.332877],[0.978039,0.00583227,0.00583227,0.0102968],[0.978039,0.00583227,0.00583227,0.0102968]]},{"db":1,"id":"AGATA","alt":"DREME-1","len":5,"ltrim":0,"rtrim":0,"nsites":14,"evalue":"1.9e-002","pwm":[[0.995172,0.00128227,0.00128227,0.00226383],[0.00226383,0.00128227,0.99419,0.00226383],[0.995172,0.00128227,0.00128227,0.00226383],[0.00226383,0.00128227,0.00128227,0.995172],[0.995172,0.00128227,0.00128227,0.00226383]]},{"db":2,"id":"ANDR_HUMAN.H11MO.2.A","len":12,"ltrim":1,"rtrim":3,"nsites":500,"evalue":"1.0e+000","url":"http://hocomoco.autosome.ru/motif/ANDR_HUMAN.H11MO.2.A","pwm":[[0.140036,0.323971,0.241988,0.294005],[0.248014,0.13001,0.118013,0.503963],[0.138036,0.389958,0.317973,0.154033],[0.0460546,0.016033,0.00203575,0.935877],[0.00606263,0.0200322,0.969842,0.00406303],[0.0100618,0.0120338,0.00203575,0.975869],[0.054053,0.120012,0.187999,0.637936],[6.38272e-05,0.983839,0.00603495,0.0100618],[0.0280582,0.405955,0.00403535,0.561951],[0.172029,0.237989,0.114013,0.475969],[0.186027,0.140008,0.269982,0.403983],[0.122039,0.217993,0.241988,0.41798]]},{"db":2,"id":"ARNT_HUMAN.H11MO.0.B","len":9,"ltrim":1,"rtrim":1,"nsites":500,"evalue":"1.0e+000","url":"http://hocomoco.autosome.ru/motif/ARNT_HUMAN.H11MO.0.B","pwm":[[0.152033,0.283979,0.42995,0.134037],[0.138036,0.0740214,0.241988,0.545955],[0.701923,0.0300302,0.245987,0.0220594],[0.0100618,0.947847,0.00203575,0.0400558],[0.00606263,0.00203575,0.989838,0.00206343],[6.38272e-05,3.61528e-05,0.00203575,0.997864],[6.38272e-05,0.00603495,0.991838,0.00206343],[0.355993,0.525931,0.0240314,0.094045],[0.154033,0.501936,0.144007,0.200024]]},{"db":2,"id":"BACH1_HUMAN.H11MO.0.A","len":13,"ltrim":0,"rtrim":2,"nsites":500,"evalue":"1.0e+000","url":"http://hocomoco.autosome.ru/motif/BACH1_HUMAN.H11MO.0.A","pwm":[[0.0628652,0.168168,0.0975309,0.671436],[0.0092205,0.0664111,0.922322,0.00204589],[0.0209282,0.967512,0.0039606,0.00759938],[0.0362321,0.0795694,0.0801252,0.804073],[0.00391207,0.0613426,0.890874,0.0438717],[0.802834,0.0206052,0.124509,0.0520516],[0.0133254,0.214852,0.763209,0.0086142],[0.00626341,0.0361656,0.145864,0.811707],[0.016255,0.943678,0.0343029,0.00576377],[0.786295,0.0958238,0.0824394,0.0354415],[0.00984115,0.334248,0.256592,0.399319],[0.151642,0.265542,0.394678,0.188138],[0.105279,0.37855,0.372587,0.143584]]},{"db":2,"id":"BCL6_HUMAN.H11MO.0.A","len":13,"ltrim":2,"rtrim":0,"nsites":500,"evalue":"1.0e+000","url":"http://hocomoco.autosome.ru/motif/BCL6_HUMAN.H11MO.0.A","pwm":[[0.160032,0.255985,0.189998,0.393985],[0.172029,0.126011,0.413953,0.288006],[0.144035,0.637909,0.138009,0.0800478],[0.094045,0.223991,0.016033,0.665931],[0.0380562,0.189998,0.112014,0.659932],[0.0160606,0.0420278,0.026031,0.915881],[0.00606263,0.82987,0.0200322,0.144035],[0.024059,0.433949,0.0940174,0.447974],[0.96987,0.0140334,0.016033,6.38272e-05],[0.172029,0.00203575,0.771882,0.054053],[0.0260586,0.0700222,0.839868,0.064051],[0.835897,0.0440274,0.0840194,0.0360566],[0.8199,0.0540254,0.0740214,0.0520534]]},{"db":2,"id":"CEBPD_HUMAN.H11MO.0.C","len":11,"ltrim":0,"rtrim":0,"nsites":500,"evalue":"1.0e+000","url":"http://hocomoco.autosome.ru/motif/CEBPD_HUMAN.H11MO.0.C","pwm":[[0.454473,0.23249,0.268482,0.0445549],[0.00256333,0.13051,0.0205321,0.846395],[0.00656253,0.0285305,0.0185325,0.946375],[0.0425553,0.0265309,0.812374,0.11854],[0.0165605,0.960344,0.0105341,0.0125613],[0.458472,0.120512,0.27848,0.142535],[0.122539,0.58042,0.0265309,0.27051],[0.590446,0.38246,0.00453525,0.0225593],[0.828398,0.0645233,0.0445273,0.0625513],[0.024059,0.48194,0.178001,0.316001],[0.208022,0.487939,0.0720218,0.232017]]},{"db":2,"id":"CUX2_HUMAN.H11MO.0.D","len":11,"ltrim":1,"rtrim":1,"nsites":489,"evalue":"1.0e+000","url":"http://hocomoco.autosome.ru/motif/CUX2_HUMAN.H11MO.0.D","pwm":[[0.468272,0.190182,0.102266,0.23928],[0.572545,0.0347947,0.331258,0.0614024],[0.71771,0.0838644,0.155424,0.0430013],[0.077759,0.0511513,0.0470621,0.824028],[0.0102881,0.936451,0.0450175,0.00824355],[0.832206,0.0654633,0.0797753,0.0225556],[0.791314,0.169736,0.0225273,0.0164218],[0.0736698,0.00617068,0.0961318,0.824028],[0.353776,0.182004,0.404862,0.0593578],[0.529609,0.167692,0.200405,0.102294],[0.441693,0.210628,0.190182,0.157497]]},{"db":2,"id":"DDIT3_HUMAN.H11MO.0.D","len":10,"ltrim":0,"rtrim":0,"nsites":500,"evalue":"1.0e+000","url":"http://hocomoco.autosome.ru/motif/DDIT3_HUMAN.H11MO.0.D","pwm":[[0.435977,0.399956,0.146007,0.0180602],[0.0220594,0.0180326,0.016033,0.943875],[0.0120614,0.0280306,0.92985,0.0300578],[0.899884,0.0280306,0.0320298,0.0400558],[0.0220594,0.0580246,0.046027,0.873889],[0.014061,0.00803455,0.951846,0.0260586],[0.335997,0.43195,0.00403535,0.228018],[0.883887,0.112014,0.00403535,6.38272e-05],[0.987866,3.61528e-05,0.00803455,0.00406303],[0.0720494,0.241988,0.164003,0.521959]]},{"db":2,"id":"EOMES_HUMAN.H11MO.0.D","len":12,"ltrim":1,"rtrim":0,"nsites":375,"evalue":"1.0e+000","url":"http://hocomoco.autosome.ru/motif/EOMES_HUMAN.H11MO.0.D","pwm":[[0.460725,0.106735,0.287256,0.145284],[0.25394,0.0509239,0.465361,0.229775],[0.220251,0.188857,0.44719,0.143702],[0.834422,0.00813778,0.069116,0.0883243],[0.265756,4.82006e-05,0.678387,0.0558088],[0.0209397,0.0840072,0.884428,0.0106252],[0.0236236,0.00280855,0.0155154,0.958052],[8.50972e-05,0.00542374,0.991814,0.00267672],[0.363896,0.181086,0.0268427,0.428176],[0.0531105,0.168731,0.342982,0.435177],[0.898506,0.00819865,0.0321767,0.0611185],[0.656833,0.0351781,0.262838,0.0451505]]},{"db":2,"id":"EPAS1_HUMAN.H11MO.0.B","len":9,"ltrim":1,"rtrim":1,"nsites":500,"evalue":"1.0e+000","url":"http://hocomoco.autosome.ru/motif/EPAS1_HUMAN.H11MO.0.B","pwm":[[0.230018,0.255985,0.445947,0.0680502],[0.166031,0.0700222,0.243987,0.51996],[0.865891,0.0200322,0.108015,0.00606263],[0.0200598,0.911854,0.026031,0.0420554],[0.0160606,0.0100342,0.969842,0.00406303],[6.38272e-05,3.61528e-05,0.00203575,0.997864],[6.38272e-05,3.61528e-05,0.997837,0.00206343],[0.373989,0.469942,0.0600242,0.0960446],[0.160032,0.489938,0.134009,0.216021]]},{"db":2,"id":"ETV3_HUMAN.H11MO.0.D","len":14,"ltrim":0,"rtrim":0,"nsites":12,"evalue":"1.0e+000","url":"http://hocomoco.autosome.ru/motif/ETV3_HUMAN.H11MO.0.D","pwm":[[0.20925,0.0428165,0.29075,0.457183],[0.415861,0.166783,0.166783,0.250572],[0.250572,0.497362,0.0841388,0.167927],[0.415861,0.00149422,0.414717,0.167927],[0.167927,0.00149422,0.0841388,0.74644],[0.167927,0.00149422,0.166783,0.663795],[0.00263801,0.0841388,0.0841388,0.829084],[0.167927,0.0841388,0.745296,0.00263801],[0.00263801,0.82794,0.0841388,0.0852826],[0.829084,0.00149422,0.166783,0.00263801],[0.00263801,0.82794,0.0841388,0.0852826],[0.00263801,0.249428,0.166783,0.58115],[0.0852826,0.00149422,0.166783,0.74644],[0.00263801,0.580007,0.166783,0.250572]]},{"db":2,"id":"EVX2_HUMAN.H11MO.0.A","len":13,"ltrim":2,"rtrim":2,"nsites":500,"evalue":"1.0e+000","url":"http://hocomoco.autosome.ru/motif/EVX2_HUMAN.H11MO.0.A","pwm":[[0.164031,0.176001,0.361964,0.298004],[0.116041,0.182,0.207995,0.493965],[0.0120614,0.0100342,0.0140334,0.963871],[0.014061,0.00803455,3.61528e-05,0.977868],[0.0280582,0.0220318,0.0280306,0.921879],[0.983867,0.0100342,0.00403535,0.00206343],[0.00406303,0.0580246,3.61528e-05,0.937876],[0.0460546,0.00603495,0.495937,0.451973],[0.385987,3.61528e-05,0.605915,0.00806223],[0.0460546,0.735889,0.106015,0.112041],[0.156033,0.413953,0.0480266,0.381987],[0.128038,0.307975,0.195997,0.36799],[0.142035,0.249986,0.189998,0.41798]]},{"db":2,"id":"FOXA1_HUMAN.H11MO.0.A","len":12,"ltrim":0,"rtrim":2,"nsites":500,"evalue":"1.0e+000","url":"http://hocomoco.autosome.ru/motif/FOXA1_HUMAN.H11MO.0.A","pwm":[[0.0160606,3.61528e-05,3.61528e-05,0.983867],[0.246015,0.00403535,0.749886,6.38272e-05],[0.00206343,3.61528e-05,3.61528e-05,0.997864],[0.00406303,3.61528e-05,0.056025,0.939876],[6.38272e-05,3.61528e-05,0.144007,0.855893],[0.781907,3.61528e-05,0.205995,0.0120614],[0.00806223,0.797877,0.00803455,0.186027],[0.318,0.138009,0.00403535,0.539956],[0.0320574,0.313973,0.108015,0.545955],[0.463971,0.0200322,0.016033,0.499964],[0.21802,0.0980166,0.493937,0.190026],[0.108042,0.259984,0.393957,0.238016]]},{"db":2,"id":"FOXA2_HUMAN.H11MO.0.A","len":12,"ltrim":0,"rtrim":1,"nsites":500,"evalue":"1.0e+000","url":"http://hocomoco.autosome.ru/motif/FOXA2_HUMAN.H11MO.0.A","pwm":[[0.0160606,3.61528e-05,0.00203575,0.981867],[0.196025,0.00203575,0.799876,0.00206343],[6.38272e-05,0.00403535,3.61528e-05,0.995865],[0.00206343,3.61528e-05,0.0440274,0.953873],[6.38272e-05,3.61528e-05,0.144007,0.855893],[0.757912,3.61528e-05,0.235989,0.00606263],[0.00806223,0.887859,0.00203575,0.102043],[0.401983,0.122012,3.61528e-05,0.475969],[0.044055,0.409954,0.120012,0.425979],[0.563951,0.00803455,0.0400282,0.387986],[0.190026,0.096017,0.549926,0.164031],[0.128038,0.357965,0.28198,0.232017]]},{"db":2,"id":"FOXA3_HUMAN.H11MO.0.B","len":13,"ltrim":2,"rtrim":0,"nsites":500,"evalue":"1.0e+000","url":"http://hocomoco.autosome.ru/motif/FOXA3_HUMAN.H11MO.0.B","pwm":[[0.158032,0.465943,0.215993,0.160032],[0.228018,0.249986,0.0780206,0.443975],[0.0120614,3.61528e-05,0.00603495,0.981867],[0.246015,0.00803455,0.737889,0.00806223],[0.00806223,0.0220318,0.0140334,0.955873],[0.00606263,3.61528e-05,0.036029,0.957872],[0.00806223,3.61528e-05,0.271982,0.71992],[0.855893,0.00603495,0.114013,0.024059],[0.00406303,0.873861,0.0220318,0.100044],[0.36799,0.152006,0.00803455,0.471969],[0.094045,0.23199,0.106015,0.56795],[0.425979,0.0140334,0.0540254,0.505963],[0.154033,0.116013,0.577921,0.152033]]},{"db":2,"id":"FOXB1_HUMAN.H11MO.0.D","len":17,"ltrim":1,"rtrim":1,"nsites":7038,"evalue":"1.0e+000","url":"http://hocomoco.autosome.ru/motif/FOXB1_HUMAN.H11MO.0.D","pwm":[[0.219282,0.162615,0.422576,0.195528],[0.0892773,0.143925,0.225753,0.541045],[0.353902,0.384066,0.161097,0.100936],[0.803095,0.0550284,0.0564857,0.0853911],[0.724187,0.082359,0.0299686,0.163485],[0.00346566,0.00334225,0.0160938,0.977098],[0.646658,0.000943752,0.349995,0.00240304],[0.013424,0.000670506,0.00929296,0.976613],[0.0133633,0.000245455,0.0268415,0.95955],[0.00294953,0.000518702,0.279352,0.71718],[0.960036,0.000488341,0.0383786,0.00109752],[0.00313169,0.897339,0.0107806,0.088749],[0.774926,0.014181,0.0334905,0.177402],[0.0308207,0.143761,0.0300901,0.795328],[0.717605,0.0169742,0.0435703,0.221851],[0.573756,0.062819,0.256399,0.107026],[0.123907,0.357172,0.327127,0.191793]]},{"db":2,"id":"FOXC1_HUMAN.H11MO.0.C","len":15,"ltrim":2,"rtrim":0,"nsites":26,"evalue":"1.0e+000","url":"http://hocomoco.autosome.ru/motif/FOXC1_HUMAN.H11MO.0.C","pwm":[[0.135323,0.47962,0.173107,0.211951],[0.346051,0.0773211,0.34552,0.231108],[0.269422,0.153949,0.0773211,0.499307],[0.00122299,0.000692721,0.000692721,0.997392],[0.00122299,0.000692721,0.996861,0.00122299],[0.0395372,0.000692721,0.000692721,0.959077],[0.0395372,0.000692721,0.000692721,0.959077],[0.00122299,0.000692721,0.0390069,0.959077],[0.959077,0.000692721,0.000692721,0.0395372],[0.00122299,0.728662,0.000692721,0.269422],[0.231108,0.115635,0.000692721,0.652564],[0.00122299,0.192264,0.000692721,0.805821],[0.652564,0.000692721,0.000692721,0.346051],[0.460993,0.192264,0.268892,0.0778513],[0.0395372,0.268892,0.575405,0.116166]]},{"db":2,"id":"FOXC2_HUMAN.H11MO.0.D","len":15,"ltrim":0,"rtrim":0,"nsites":5,"evalue":"1.0e+000","url":"http://hocomoco.autosome.ru/motif/FOXC2_HUMAN.H11MO.0.D","pwm":[[0.0587798,0.0560661,0.61629,0.268864],[0.216343,0.213629,0.0035451,0.566483],[0.00625882,0.213629,0.0035451,0.776567],[0.00625882,0.0035451,0.0035451,0.986651],[0.216343,0.0035451,0.773853,0.00625882],[0.00625882,0.0035451,0.0035451,0.986651],[0.00625882,0.0035451,0.0035451,0.986651],[0.216343,0.0035451,0.213629,0.566483],[0.356399,0.0035451,0.0035451,0.636511],[0.00625882,0.353685,0.633797,0.00625882],[0.216343,0.423713,0.0035451,0.356399],[0.00625882,0.633797,0.0035451,0.356399],[0.986651,0.0035451,0.0035451,0.00625882],[0.00625882,0.143601,0.843881,0.00625882],[0.478948,0.0560661,0.26615,0.198836]]},{"db":2,"id":"FOXF1_HUMAN.H11MO.0.D","len":11,"ltrim":1,"rtrim":0,"nsites":8,"evalue":"1.0e+000","url":"http://hocomoco.autosome.ru/motif/FOXF1_HUMAN.H11MO.0.D","pwm":[[0.414253,0.151106,0.151106,0.283534],[0.00394074,0.0022321,0.0022321,0.991595],[0.13466,0.0022321,0.859167,0.00394074],[0.00394074,0.0022321,0.0022321,0.991595],[0.00394074,0.0022321,0.0022321,0.991595],[0.00394074,0.0022321,0.0022321,0.991595],[0.730157,0.0675916,0.198311,0.00394074],[0.00394074,0.132951,0.0022321,0.860876],[0.0220961,0.151106,0.151106,0.675691],[0.265379,0.169262,0.0022321,0.563127],[0.432408,0.0022321,0.0385429,0.526817]]},{"db":2,"id":"FOXJ2_HUMAN.H11MO.0.C","len":10,"ltrim":0,"rtrim":0,"nsites":41,"evalue":"1.0e+000","url":"http://hocomoco.autosome.ru/motif/FOXJ2_HUMAN.H11MO.0.C","pwm":[[0.000776642,0.0241288,0.000439903,0.974655],[0.308733,0.000439903,0.642673,0.0481545],[0.000776642,0.000439903,0.0241288,0.974655],[0.000776642,0.000439903,0.000439903,0.998344],[0.000776642,0.000439903,0.000439903,0.998344],[0.548254,0.000439903,0.450529,0.000776642],[0.000776642,0.192583,0.000439903,0.8062],[0.119221,0.216272,0.000439903,0.664067],[0.000776642,0.0241288,0.237329,0.737765],[0.465343,0.0833511,0.130729,0.320577]]},{"db":2,"id":"FOXJ3_HUMAN.H11MO.1.B","len":13,"ltrim":0,"rtrim":0,"nsites":613,"evalue":"1.0e+000","url":"http://hocomoco.autosome.ru/motif/FOXJ3_HUMAN.H11MO.1.B","pwm":[[0.12627,0.100124,0.122342,0.651264],[0.0348052,2.94895e-05,0.390453,0.574712],[0.0300438,2.94895e-05,0.516085,0.453841],[5.20632e-05,2.94895e-05,2.94895e-05,0.999889],[0.054742,2.94895e-05,0.115335,0.829893],[0.396797,2.94895e-05,0.115345,0.487829],[0.356269,0.0774949,2.94895e-05,0.566207],[5.20632e-05,2.94895e-05,2.94895e-05,0.999889],[0.163669,2.94895e-05,0.836249,5.20632e-05],[5.20632e-05,2.94895e-05,2.94895e-05,0.999889],[5.20632e-05,2.94895e-05,2.94895e-05,0.999889],[5.20632e-05,2.94895e-05,0.0127045,0.987214],[0.645563,0.104689,0.116946,0.132803]]},{"db":2,"id":"FOXO3_HUMAN.H11MO.0.B","len":10,"ltrim":2,"rtrim":1,"nsites":500,"evalue":"1.0e+000","url":"http://hocomoco.autosome.ru/motif/FOXO3_HUMAN.H11MO.0.B","pwm":[[0.112041,0.393957,0.261984,0.232017],[0.0580522,0.365963,0.187999,0.387986],[0.0200598,0.00603495,3.61528e-05,0.973869],[0.0520534,0.00403535,0.941848,0.00206343],[6.38272e-05,0.00603495,0.00603495,0.987866],[0.00406303,0.00203575,0.0300302,0.963871],[0.00206343,0.0100342,0.140008,0.847894],[0.779908,0.0580246,0.0200322,0.142035],[0.00206343,0.861864,0.00803455,0.128038],[0.383987,0.259984,0.046027,0.310002]]},{"db":2,"id":"FOXO4_HUMAN.H11MO.0.C","len":9,"ltrim":0,"rtrim":0,"nsites":28,"evalue":"1.0e+000","url":"http://hocomoco.autosome.ru/motif/FOXO4_HUMAN.H11MO.0.C","pwm":[[0.0371519,0.108691,0.108691,0.745466],[0.00113594,0.000643417,0.000643417,0.997577],[0.00113594,0.000643417,0.997085,0.00113594],[0.00113594,0.000643417,0.000643417,0.997577],[0.00113594,0.000643417,0.000643417,0.997577],[0.00113594,0.000643417,0.148709,0.849512],[0.70945,0.000643417,0.0366594,0.253248],[0.0371519,0.348798,0.180723,0.433327],[0.00113594,0.108691,0.360803,0.52937]]},{"db":2,"id":"FOXO6_HUMAN.H11MO.0.D","len":13,"ltrim":3,"rtrim":0,"nsites":3383,"evalue":"1.0e+000","url":"http://hocomoco.autosome.ru/motif/FOXO6_HUMAN.H11MO.0.D","pwm":[[0.448563,0.121344,0.161544,0.26855],[0.359148,0.173219,0.14839,0.319243],[0.117949,0.371262,0.361804,0.148985],[0.385824,0.0210659,0.0881641,0.504946],[0.000600609,0.000300931,0.00118769,0.997911],[0.00178296,5.34422e-06,0.998202,9.43513e-06],[9.43513e-06,0.000300931,0.000300931,0.999389],[0.00148737,0.000300931,0.0390228,0.959189],[9.43513e-06,0.000300931,0.104348,0.895342],[0.938276,0.019588,0.00865126,0.0334847],[0.00481272,0.881815,0.00983361,0.103539],[0.271654,0.117649,0.46319,0.147507],[0.215123,0.16014,0.104569,0.520168]]},{"db":2,"id":"FOXP2_HUMAN.H11MO.0.C","len":9,"ltrim":1,"rtrim":1,"nsites":500,"evalue":"1.0e+000","url":"http://hocomoco.autosome.ru/motif/FOXP2_HUMAN.H11MO.0.C","pwm":[[0.0720494,0.399956,0.215993,0.312001],[0.00606263,0.00403535,0.0140334,0.975869],[0.0400558,0.00803455,0.947847,0.00406303],[0.00606263,0.0140334,0.0120338,0.96787],[0.00206343,0.0100342,0.0880186,0.899884],[6.38272e-05,3.61528e-05,0.174001,0.825899],[0.787906,0.100016,0.0340294,0.0780482],[0.00806223,0.747887,0.0300302,0.214021],[0.339996,0.289978,0.104015,0.266011]]},{"db":2,"id":"GATA1_HUMAN.H11MO.1.A","len":11,"ltrim":2,"rtrim":2,"nsites":500,"evalue":"1.0e+000","url":"http://hocomoco.autosome.ru/motif/GATA1_HUMAN.H11MO.1.A","pwm":[[0.345995,0.116013,0.303975,0.234017],[0.152033,0.441948,0.305975,0.100044],[0.699924,0.0140334,0.00803455,0.278008],[6.38272e-05,3.61528e-05,0.997837,0.00206343],[0.999864,3.61528e-05,3.61528e-05,6.38272e-05],[0.00606263,0.00803455,3.61528e-05,0.985867],[0.96987,0.00803455,0.00603495,0.0160606],[0.921879,0.00403535,0.0580246,0.0160606],[0.140036,0.174001,0.663903,0.0220594],[0.371989,0.199996,0.339968,0.0880462],[0.339996,0.215993,0.321972,0.122039]]},{"db":2,"id":"GATA4_HUMAN.H11MO.0.A","len":10,"ltrim":2,"rtrim":0,"nsites":500,"evalue":"1.0e+000","url":"http://hocomoco.autosome.ru/motif/GATA4_HUMAN.H11MO.0.A","pwm":[[0.36799,0.128011,0.311974,0.192025],[0.188026,0.42995,0.283979,0.0980442],[0.663931,0.00803455,0.016033,0.312001],[0.00406303,3.61528e-05,0.995837,6.38272e-05],[0.979868,0.00403535,0.00803455,0.00806223],[0.00806223,0.0220318,0.0400282,0.929878],[0.961871,0.00403535,0.00403535,0.0300578],[0.91788,0.00203575,0.0700222,0.0100618],[0.094045,0.182,0.697897,0.0260586],[0.56995,0.142008,0.255985,0.0320574]]},{"db":2,"id":"GATA6_HUMAN.H11MO.0.A","len":13,"ltrim":2,"rtrim":1,"nsites":500,"evalue":"1.0e+000","url":"http://hocomoco.autosome.ru/motif/GATA6_HUMAN.H11MO.0.A","pwm":[[0.337996,0.154005,0.33197,0.176029],[0.246015,0.407955,0.265983,0.0800478],[0.727918,3.61528e-05,0.00603495,0.266011],[6.38272e-05,3.61528e-05,0.999836,6.38272e-05],[0.993865,3.61528e-05,3.61528e-05,0.00606263],[0.0100618,0.00203575,3.61528e-05,0.987866],[0.91788,0.0100342,0.00803455,0.064051],[0.949874,0.00403535,0.0280306,0.0180602],[0.0360566,0.108015,0.847867,0.00806223],[0.599944,0.102016,0.263983,0.034057],[0.232017,0.144007,0.162004,0.461971],[0.521959,0.13001,0.144007,0.204023],[0.501963,0.13001,0.195997,0.172029]]},{"db":2,"id":"GCM1_HUMAN.H11MO.0.D","len":14,"ltrim":1,"rtrim":3,"nsites":12,"evalue":"1.0e+000","url":"http://hocomoco.autosome.ru/motif/GCM1_HUMAN.H11MO.0.D","pwm":[[0.314851,0.350438,0.0841388,0.250572],[0.434227,0.0841388,0.0657734,0.415861],[0.250572,0.341255,0.240245,0.167927],[0.819902,0.175966,0.00149422,0.00263801],[0.00263801,0.00149422,0.00149422,0.994374],[0.00263801,0.00149422,0.99323,0.00263801],[0.17711,0.653469,0.00149422,0.167927],[0.00263801,0.0933216,0.580007,0.324034],[0.00263801,0.00149422,0.99323,0.00263801],[0.00263801,0.00149422,0.99323,0.00263801],[0.0852826,0.332073,0.0657734,0.516871],[0.397496,0.258611,0.166783,0.17711],[0.0852826,0.32289,0.258611,0.333217],[0.0852826,0.185149,0.332073,0.397496]]},{"db":2,"id":"GCR_HUMAN.H11MO.1.A","len":12,"ltrim":2,"rtrim":0,"nsites":500,"evalue":"1.0e+000","url":"http://hocomoco.autosome.ru/motif/GCR_HUMAN.H11MO.1.A","pwm":[[0.383987,0.305975,0.110014,0.200024],[0.425979,0.140008,0.305975,0.128038],[0.493965,0.00203575,0.491938,0.0120614],[0.00406303,0.00203575,0.993837,6.38272e-05],[0.609942,0.0440274,0.195997,0.150034],[0.987866,0.00803455,0.00403535,6.38272e-05],[0.00206343,0.993837,0.00403535,6.38272e-05],[0.981867,3.61528e-05,0.00203575,0.0160606],[0.122039,0.187999,0.533929,0.156033],[0.487966,0.0820198,0.178001,0.252013],[0.343995,0.243987,0.311974,0.100044],[0.286007,0.209994,0.0540254,0.449974]]},{"db":2,"id":"GFI1_HUMAN.H11MO.0.C","len":10,"ltrim":0,"rtrim":0,"nsites":150,"evalue":"1.0e+000","url":"http://hocomoco.autosome.ru/motif/GFI1_HUMAN.H11MO.0.C","pwm":[[0.291487,0.0695887,0.587309,0.0516155],[0.0779101,0.68422,0.139346,0.098524],[0.405127,0.100434,0.0757152,0.418723],[0.052193,0.285444,0.562878,0.0994845],[0.239262,0.0170874,0.0800337,0.663617],[0.000212658,0.000120453,0.999454,0.000212658],[0.999546,0.000120453,0.000120453,0.000212658],[0.000212658,0.000120453,0.000120453,0.999546],[0.000212658,0.000120453,0.000120453,0.999546],[0.103646,0.118104,0.190818,0.587432]]},{"db":2,"id":"GLI1_HUMAN.H11MO.0.D","len":12,"ltrim":1,"rtrim":0,"nsites":500,"evalue":"1.0e+000","url":"http://hocomoco.autosome.ru/motif/GLI1_HUMAN.H11MO.0.D","pwm":[[0.112041,0.391958,0.183999,0.312001],[0.034057,0.471942,0.399956,0.094045],[0.0700498,0.076021,0.0120338,0.841895],[0.0200598,0.0280306,0.905855,0.0460546],[0.0100618,0.0120338,0.763883,0.214021],[0.0120614,0.0400282,0.947847,6.38272e-05],[0.0660506,0.0220318,0.0200322,0.891885],[0.0120614,0.00803455,0.973841,0.00606263],[0.0160606,0.00403535,0.937849,0.0420554],[0.014061,0.237989,0.152006,0.595945],[0.0420554,0.87986,0.0420278,0.0360566],[0.116041,0.359964,0.0600242,0.463971]]},{"db":2,"id":"GLI3_HUMAN.H11MO.0.B","len":11,"ltrim":1,"rtrim":1,"nsites":15,"evalue":"1.0e+000","url":"http://hocomoco.autosome.ru/motif/GLI3_HUMAN.H11MO.0.B","pwm":[[0.103164,0.300923,0.294072,0.30184],[0.00211391,0.0697061,0.00119735,0.926983],[0.00211391,0.00119735,0.926066,0.0706227],[0.00211391,0.0697061,0.857557,0.0706227],[0.00211391,0.00119735,0.994575,0.00211391],[0.00211391,0.00119735,0.00119735,0.995491],[0.00211391,0.00119735,0.994575,0.00211391],[0.00211391,0.00119735,0.857557,0.139131],[0.0706227,0.00119735,0.0697061,0.858474],[0.0706227,0.652031,0.0697061,0.20764],[0.103164,0.369432,0.170757,0.356647]]},{"db":2,"id":"GLIS1_HUMAN.H11MO.0.D","len":13,"ltrim":1,"rtrim":1,"nsites":492,"evalue":"1.0e+000","url":"http://hocomoco.autosome.ru/motif/GLIS1_HUMAN.H11MO.0.D","pwm":[[0.186003,0.183942,0.118915,0.51114],[0.108275,0.630498,0.0940217,0.167206],[0.060012,0.0416949,0.850474,0.0478194],[0.0442632,0.190547,0.042203,0.722987],[0.0310545,0.0269622,0.906865,0.0351187],[0.0310545,0.0310264,0.912961,0.0249582],[0.0127655,0.0127374,0.925154,0.0493435],[0.0371508,0.0188337,0.910929,0.0330866],[0.0142896,0.0183257,0.949031,0.0183538],[0.0178458,0.0178177,0.944459,0.0198779],[0.0203859,0.0142615,0.042711,0.922642],[0.302341,0.56039,0.0869093,0.0503595],[0.20988,0.108246,0.313489,0.368384]]},{"db":2,"id":"GLIS3_HUMAN.H11MO.0.D","len":10,"ltrim":0,"rtrim":0,"nsites":38,"evalue":"1.0e+000","url":"http://hocomoco.autosome.ru/motif/GLIS3_HUMAN.H11MO.0.D","pwm":[[0.0546321,0.196751,0.734694,0.0139229],[0.027008,0.381396,0.0935241,0.498072],[0.0938874,0.000474541,0.85246,0.0531782],[0.000837795,0.000474541,0.800119,0.198568],[0.027008,0.0266447,0.945509,0.000837795],[0.0531782,0.000474541,0.762318,0.184029],[0.000837795,0.000474541,0.99785,0.000837795],[0.041547,0.0266447,0.85246,0.0793484],[0.027008,0.224375,0.000474541,0.748142],[0.422469,0.419198,0.105155,0.0531782]]},{"db":2,"id":"HESX1_HUMAN.H11MO.0.D","len":16,"ltrim":1,"rtrim":0,"nsites":8,"evalue":"1.0e+000","url":"http://hocomoco.autosome.ru/motif/HESX1_HUMAN.H11MO.0.D","pwm":[[0.437803,0.196236,0.182126,0.183835],[0.00394074,0.2562,0.354966,0.384893],[0.00394074,0.510169,0.48195,0.00394074],[0.130925,0.510169,0.0022321,0.356674],[0.00394074,0.0022321,0.989886,0.00394074],[0.145034,0.0022321,0.721809,0.130925],[0.130925,0.862902,0.0022321,0.00394074],[0.483659,0.129216,0.0022321,0.384893],[0.399002,0.594825,0.0022321,0.00394074],[0.272018,0.129216,0.467841,0.130925],[0.00394074,0.115107,0.0022321,0.87872],[0.384893,0.0022321,0.467841,0.145034],[0.370784,0.115107,0.510169,0.00394074],[0.272018,0.467841,0.129216,0.130925],[0.370784,0.383184,0.115107,0.130925],[0.0356868,0.160962,0.146853,0.656498]]},{"db":2,"id":"HXB13_HUMAN.H11MO.0.A","len":10,"ltrim":0,"rtrim":1,"nsites":500,"evalue":"1.0e+000","url":"http://hocomoco.autosome.ru/motif/HXB13_HUMAN.H11MO.0.A","pwm":[[0.0680502,0.108015,0.100016,0.723919],[0.0100618,0.00603495,0.0180326,0.965871],[6.38272e-05,0.00403535,0.00203575,0.993865],[0.014061,0.0240314,0.026031,0.935877],[0.943875,0.0220318,0.0340294,6.38272e-05],[0.024059,0.100016,0.00203575,0.873889],[0.262011,0.0100342,0.323971,0.403983],[0.250014,0.00803455,0.655905,0.0860466],[0.102043,0.32997,0.499936,0.0680502],[0.192025,0.383959,0.168003,0.256013]]},{"db":2,"id":"HXB1_HUMAN.H11MO.0.D","len":10,"ltrim":0,"rtrim":0,"nsites":15,"evalue":"1.0e+000","url":"http://hocomoco.autosome.ru/motif/HXB1_HUMAN.H11MO.0.D","pwm":[[0.308059,0.00119735,0.0691852,0.621558],[0.00211391,0.00119735,0.994575,0.00211391],[0.995491,0.00119735,0.00119735,0.00211391],[0.00211391,0.00119735,0.00119735,0.995491],[0.00211391,0.00119735,0.620642,0.376047],[0.00211391,0.00119735,0.994575,0.00211391],[0.995491,0.00119735,0.00119735,0.00211391],[0.00211391,0.00119735,0.00119735,0.995491],[0.00211391,0.171167,0.824605,0.00211391],[0.0701017,0.0691852,0.858599,0.00211391]]},{"db":2,"id":"HXC11_HUMAN.H11MO.0.D","len":11,"ltrim":1,"rtrim":1,"nsites":320,"evalue":"1.0e+000","url":"http://hocomoco.autosome.ru/motif/HXC11_HUMAN.H11MO.0.D","pwm":[[0.313751,0.109311,0.252996,0.323942],[0.111545,0.0717318,0.140304,0.676419],[0.0299543,0.0638086,0.045089,0.861148],[0.0559014,0.0150944,0.0176422,0.911362],[0.363653,0.0201899,0.00324115,0.612916],[0.971871,0.0102474,5.64824e-05,0.0178254],[0.00519519,0.634497,0.02454,0.335768],[0.0310068,0.0410461,0.765886,0.162062],[0.741337,0.0293012,0.145955,0.083407],[0.0711923,0.554153,0.146262,0.228393],[0.174001,0.389087,0.156232,0.28068]]},{"db":2,"id":"HXC9_HUMAN.H11MO.0.C","len":10,"ltrim":0,"rtrim":0,"nsites":500,"evalue":"1.0e+000","url":"http://hocomoco.autosome.ru/motif/HXC9_HUMAN.H11MO.0.C","pwm":[[0.260012,0.156005,0.0740214,0.509962],[0.0400558,0.0280306,0.046027,0.885887],[0.00806223,0.0120338,0.016033,0.963871],[0.224019,0.126011,0.0320298,0.61794],[0.959872,0.0240314,0.0120338,0.00406303],[0.0120614,0.0240314,0.0180326,0.945875],[0.0520534,0.00403535,0.453945,0.489966],[0.156033,0.0140334,0.801876,0.0280582],[0.0220594,0.773881,0.134009,0.0700498],[0.288006,0.399956,0.016033,0.296005]]},{"db":2,"id":"HXD8_HUMAN.H11MO.0.D","len":11,"ltrim":1,"rtrim":3,"nsites":278,"evalue":"1.0e+000","url":"http://hocomoco.autosome.ru/motif/HXD8_HUMAN.H11MO.0.D","pwm":[[0.294973,0.154686,0.100748,0.449593],[0.55567,0.196038,0.0773753,0.170917],[0.726472,0.0288316,0.0252358,0.21946],[0.00281165,0.020741,0.0243369,0.95211],[0.341719,6.50127e-05,0.02164,0.636576],[0.309356,0.00366084,6.50127e-05,0.686918],[0.125969,0.0108525,0.765977,0.0972022],[0.0118012,0.964646,0.0117515,0.0118012],[0.443301,0.191543,0.184351,0.180805],[0.19429,0.215815,0.190644,0.399252],[0.343516,0.203229,0.196038,0.257217]]},{"db":2,"id":"HXD9_HUMAN.H11MO.0.D","len":10,"ltrim":0,"rtrim":0,"nsites":6,"evalue":"1.0e+000","url":"http://hocomoco.autosome.ru/motif/HXD9_HUMAN.H11MO.0.D","pwm":[[0.865889,0.0439475,0.0439475,0.0462164],[0.497036,0.00296394,0.494767,0.00523278],[0.333102,0.166898,0.00296394,0.497036],[0.169167,0.00296394,0.00296394,0.824905],[0.00523278,0.00296394,0.00296394,0.988839],[0.333102,0.166898,0.166898,0.333102],[0.988839,0.00296394,0.00296394,0.00523278],[0.00523278,0.00296394,0.00296394,0.988839],[0.00523278,0.00296394,0.494767,0.497036],[0.374085,0.0439475,0.371816,0.210151]]},{"db":2,"id":"IKZF1_HUMAN.H11MO.0.C","len":8,"ltrim":0,"rtrim":0,"nsites":60,"evalue":"1.0e+000","url":"http://hocomoco.autosome.ru/motif/IKZF1_HUMAN.H11MO.0.C","pwm":[[0.0429053,0.285903,0.237596,0.433595],[0.05816,0.0884392,0.000300832,0.8531],[0.0564651,0.000300832,0.942703,0.000531114],[0.0191758,0.0308103,0.949483,0.000531114],[0.000531114,0.0172505,0.981687,0.000531114],[0.84971,0.000300832,0.149458,0.000531114],[0.32088,0.0308103,0.532521,0.115789],[0.415798,0.0392851,0.368109,0.176808]]},{"db":2,"id":"LEF1_HUMAN.H11MO.0.A","len":14,"ltrim":1,"rtrim":1,"nsites":456,"evalue":"1.0e+000","url":"http://hocomoco.autosome.ru/motif/LEF1_HUMAN.H11MO.0.A","pwm":[[0.0768075,0.260947,0.274102,0.388143],[0.0329575,0.635865,0.18421,0.146968],[0.01761,0.708218,0.0131947,0.260978],[0.12285,0.0460822,0.0197722,0.811296],[0.00226249,0.138167,0.0351197,0.824451],[0.00226249,0.0131947,0.0329272,0.951616],[0.04392,0.425385,0.519663,0.0110325],[0.45611,0.138167,0.0153872,0.390335],[0.278518,0.16667,0.1579,0.396913],[0.285095,0.190787,0.20175,0.322368],[0.0417275,0.129397,0.14913,0.679745],[0.039535,0.311375,0.383727,0.265363],[0.116273,0.460465,0.0899322,0.33333],[0.313598,0.221482,0.103087,0.361833]]},{"db":2,"id":"MAFA_HUMAN.H11MO.0.D","len":21,"ltrim":1,"rtrim":1,"nsites":27,"evalue":"1.0e+000","url":"http://hocomoco.autosome.ru/motif/MAFA_HUMAN.H11MO.0.D","pwm":[[0.101259,0.357135,0.36838,0.173227],[0.104632,0.00066716,0.279544,0.615157],[0.032664,0.0321533,0.774325,0.160857],[0.00117786,0.981234,0.0164102,0.00117786],[0.0933871,0.00066716,0.00066716,0.905279],[0.00117786,0.0996235,0.898021,0.00117786],[0.714113,0.104121,0.0164102,0.165355],[0.149612,0.592156,0.137857,0.120375],[0.00117786,0.380749,0.362757,0.255316],[0.325035,0.457216,0.0366513,0.181098],[0.167604,0.376251,0.117616,0.338529],[0.037162,0.1536,0.668622,0.140616],[0.0821421,0.614646,0.0681374,0.235075],[0.662386,0.0838804,0.0816314,0.172102],[0.24632,0.144604,0.506694,0.102383],[0.0843911,0.53818,0.0681374,0.309292],[0.253067,0.396492,0.00066716,0.349774],[0.149612,0.133359,0.104121,0.612908],[0.0843911,0.342516,0.0816314,0.491461],[0.113628,0.648381,0.0883784,0.149612],[0.250818,0.317777,0.322275,0.10913]]},{"db":2,"id":"MAFB_HUMAN.H11MO.0.B","len":11,"ltrim":0,"rtrim":3,"nsites":473,"evalue":"1.0e+000","url":"http://hocomoco.autosome.ru/motif/MAFB_HUMAN.H11MO.0.B","pwm":[[0.0994122,0.0232891,0.061336,0.815963],[0.00640862,0.0571086,0.900482,0.0360007],[0.0655927,0.902596,0.0148342,0.0169772],[0.0803888,0.00637937,3.82161e-05,0.913194],[0.0360007,0.0211754,0.85398,0.0888436],[0.822304,0.0232891,0.0549949,0.0994122],[0.107867,0.448146,0.310755,0.133232],[0.200871,0.143771,0.0951555,0.560203],[0.173392,0.418554,0.160681,0.247372],[0.448176,0.141657,0.188159,0.222008],[0.238918,0.105724,0.43335,0.222008]]},{"db":2,"id":"MAFF_HUMAN.H11MO.1.B","len":9,"ltrim":0,"rtrim":0,"nsites":497,"evalue":"1.0e+000","url":"http://hocomoco.autosome.ru/motif/MAFF_HUMAN.H11MO.1.B","pwm":[[0.0604142,0.0221647,0.0281997,0.889221],[0.0121342,0.0543514,0.895228,0.0382859],[0.0563909,0.905287,0.0221647,0.0161576],[0.0402976,0.020153,0.00204804,0.937501],[0.0181692,0.0322231,0.88517,0.0644376],[0.824848,0.0161297,0.0281997,0.130823],[0.0322509,0.313857,0.609572,0.0443209],[0.0684609,0.106655,0.0664214,0.758463],[0.0926009,0.639747,0.122748,0.144904]]},{"db":2,"id":"MAFG_HUMAN.H11MO.0.A","len":18,"ltrim":1,"rtrim":0,"nsites":430,"evalue":"1.0e+000","url":"http://hocomoco.autosome.ru/motif/MAFG_HUMAN.H11MO.0.A","pwm":[[0.395331,0.127919,0.309272,0.167477],[0.492983,0.0488679,0.18837,0.269779],[0.59761,0.0116672,0.0860685,0.304655],[0.495308,0.0395677,0.0372427,0.427882],[0.255829,0.262772,0.209296,0.272104],[0.0582002,0.0721183,0.0093422,0.860339],[7.42152e-05,4.20368e-05,0.99981,7.42152e-05],[0.0302997,0.962609,0.00236708,0.0047243],[0.0047243,0.0093422,4.20368e-05,0.985891],[7.42152e-05,4.20368e-05,0.992834,0.00704934],[0.997517,4.20368e-05,0.00236708,7.42152e-05],[0.0209996,0.553402,0.413899,0.0116994],[0.0489001,0.0302676,0.0139923,0.90684],[0.0837757,0.813806,0.0511929,0.0512251],[0.813838,4.20368e-05,0.109319,0.0768006],[0.0302997,4.20368e-05,0.837057,0.132602],[0.0163495,0.899833,0.0721183,0.0116994],[0.709212,0.0442178,0.100019,0.146552]]},{"db":2,"id":"MAFG_HUMAN.H11MO.1.A","len":8,"ltrim":0,"rtrim":0,"nsites":498,"evalue":"1.0e+000","url":"http://hocomoco.autosome.ru/motif/MAFG_HUMAN.H11MO.1.A","pwm":[[0.0522624,0.0361736,0.0984101,0.813154],[0.0101022,0.034166,0.939607,0.0161251],[0.0321861,0.827179,0.128525,0.0121099],[0.0402167,0.00605918,0.0160973,0.937627],[0.0141175,0.018105,0.903469,0.0643082],[0.736864,0.0201126,0.0803415,0.162682],[0.060293,0.194776,0.658539,0.0863921],[0.0723387,0.0903796,0.124509,0.712772]]},{"db":2,"id":"MAFK_HUMAN.H11MO.0.A","len":18,"ltrim":1,"rtrim":0,"nsites":431,"evalue":"1.0e+000","url":"http://hocomoco.autosome.ru/motif/MAFK_HUMAN.H11MO.0.A","pwm":[[0.482561,0.113705,0.255203,0.148531],[0.508077,0.0742707,0.225048,0.192605],[0.584625,0.0394759,0.0696314,0.306268],[0.519675,0.0487545,0.032517,0.399053],[0.296989,0.201851,0.157778,0.343382],[0.0511063,0.0371563,0.00700088,0.904737],[7.40431e-05,0.00932053,0.990531,7.40431e-05],[0.0627045,0.93254,4.19393e-05,0.00471334],[0.00703299,0.0116402,4.19393e-05,0.981285],[0.00935263,0.00236159,0.965015,0.02