<!DOCTYPE HTML>
<html>
  <head>
    <meta charset="UTF-8">
    <title>TOMTOM</title>
    <script>
      // @JSON_VAR data
      var data = {
        "program": "Tomtom",
        "version": "4.12.0",
        "release": "Tue Jun 27 16:22:50 2017 -0700",
        "cmd": [
          "tomtom", "-verbosity", "1", "-oc",
          "results/AHRpeaks_not-in-DHSs-noAHREs.bed-299.fa/hocomoco/meme_tomtom_out",
          "-min-overlap", "5", "-dist", "pearson", "-evalue", "-thresh", "1",
          "-no-ssc", "-bfile",
          "results/AHRpeaks_not-in-DHSs-noAHREs.bed-299.fa/hocomoco/background",
          "results/AHRpeaks_not-in-DHSs-noAHREs.bed-299.fa/hocomoco/meme_out/meme.xml",
          "/Users/filipov4/meme/db/motif_databases/HUMAN/HOCOMOCOv11_full_HUMAN_mono_meme_format.meme"
        ],
        "options": {
          "strands": "both",
          "distance_measure": "pearson",
          "threshold_type": "evalue",
          "threshold_value": 1,
          "background_source": "file",
          "background_file": "results/AHRpeaks_not-in-DHSs-noAHREs.bed-299.fa/hocomoco/background"
        },
        "alphabet": {
          "name": "DNA",
          "like": "dna",
          "ncore": 4,
          "symbols": [
            {
              "symbol": "A",
              "name": "Adenine",
              "colour": "CC0000",
              "complement": "T"
            }, {
              "symbol": "C",
              "name": "Cytosine",
              "colour": "0000CC",
              "complement": "G"
            }, {
              "symbol": "G",
              "name": "Guanine",
              "colour": "FFB300",
              "complement": "C"
            }, {
              "symbol": "T",
              "aliases": "U",
              "name": "Thymine",
              "colour": "008000",
              "complement": "A"
            }, {
              "symbol": "N",
              "aliases": "X.",
              "name": "Any base",
              "equals": "ACGT"
            }, {
              "symbol": "V",
              "name": "Not T",
              "equals": "ACG"
            }, {
              "symbol": "H",
              "name": "Not G",
              "equals": "ACT"
            }, {
              "symbol": "D",
              "name": "Not C",
              "equals": "AGT"
            }, {
              "symbol": "B",
              "name": "Not A",
              "equals": "CGT"
            }, {
              "symbol": "M",
              "name": "Amino",
              "equals": "AC"
            }, {
              "symbol": "R",
              "name": "Purine",
              "equals": "AG"
            }, {
              "symbol": "W",
              "name": "Weak",
              "equals": "AT"
            }, {
              "symbol": "S",
              "name": "Strong",
              "equals": "CG"
            }, {
              "symbol": "Y",
              "name": "Pyrimidine",
              "equals": "CT"
            }, {
              "symbol": "K",
              "name": "Keto",
              "equals": "GT"
            }
          ]
        },
        "background": [0.2777, 0.2223, 0.2223, 0.2777],
        "query_dbs": [
          {
            "source": "results/AHRpeaks_not-in-DHSs-noAHREs.bed-299.fa/hocomoco/meme_out/meme.xml",
            "name": "meme",
            "loaded": 7,
            "excluded": 0,
            "last_modified": "Thu May 24 14:16:02 2018"
          }
        ],
        "target_dbs": [
          {
            "source": "/Users/filipov4/meme/db/motif_databases/HUMAN/HOCOMOCOv11_full_HUMAN_mono_meme_format.meme",
            "name": "HOCOMOCOv11 full HUMAN mono meme format",
            "loaded": 771,
            "excluded": 0,
            "last_modified": "Wed Dec  6 21:59:30 2017"
          }
        ],
        "queries": [
          {
            "db": 0,
            "id": "CAAYTAGRKCTCYRCCTGGCYA",
            "alt": "MEME-5",
            "len": 22,
            "nsites": 5,
            "evalue": "1.6e+004",
            "pwm": [
              [0.0054451, 0.788673, 0.200437, 0.0054451], 
              [0.985837, 0.00435882, 0.00435882, 0.0054451], 
              [0.59368, 0.200437, 0.00435882, 0.201524], 
              [0.0054451, 0.396516, 0.00435882, 0.59368], 
              [0.0054451, 0.00435882, 0.00435882, 0.985837], 
              [0.59368, 0.00435882, 0.200437, 0.201524], 
              [0.0054451, 0.00435882, 0.788673, 0.201524], 
              [0.397602, 0.00435882, 0.592594, 0.0054451], 
              [0.0054451, 0.00435882, 0.592594, 0.397602], 
              [0.0054451, 0.788673, 0.200437, 0.0054451], 
              [0.0054451, 0.00435882, 0.00435882, 0.985837], 
              [0.0054451, 0.788673, 0.200437, 0.0054451], 
              [0.0054451, 0.396516, 0.00435882, 0.59368], 
              [0.397602, 0.00435882, 0.592594, 0.0054451], 
              [0.0054451, 0.592594, 0.200437, 0.201524], 
              [0.0054451, 0.592594, 0.200437, 0.201524], 
              [0.0054451, 0.00435882, 0.200437, 0.789759], 
              [0.0054451, 0.00435882, 0.984751, 0.0054451], 
              [0.0054451, 0.00435882, 0.984751, 0.0054451], 
              [0.201524, 0.788673, 0.00435882, 0.0054451], 
              [0.0054451, 0.592594, 0.00435882, 0.397602], 
              [0.789759, 0.200437, 0.00435882, 0.0054451]
            ]
          }, {
            "db": 0,
            "id": "CWGGSMRKRKGCCAGVMKGRGS",
            "alt": "MEME-7",
            "len": 22,
            "nsites": 3,
            "evalue": "6.7e+004",
            "pwm": [
              [0.00895806, 0.974913, 0.00717097, 0.00895806], 
              [0.65412, 0.00717097, 0.00717097, 0.331538], 
              [0.00895806, 0.00717097, 0.974913, 0.00895806], 
              [0.00895806, 0.00717097, 0.974913, 0.00895806], 
              [0.00895806, 0.329751, 0.652333, 0.00895806], 
              [0.331538, 0.652333, 0.00717097, 0.00895806], 
              [0.65412, 0.00717097, 0.329751, 0.00895806], 
              [0.00895806, 0.00717097, 0.652333, 0.331538], 
              [0.331538, 0.00717097, 0.652333, 0.00895806], 
              [0.00895806, 0.00717097, 0.652333, 0.331538], 
              [0.00895806, 0.00717097, 0.974913, 0.00895806], 
              [0.00895806, 0.974913, 0.00717097, 0.00895806], 
              [0.00895806, 0.974913, 0.00717097, 0.00895806], 
              [0.9767, 0.00717097, 0.00717097, 0.00895806], 
              [0.00895806, 0.00717097, 0.974913, 0.00895806], 
              [0.331538, 0.329751, 0.329751, 0.00895806], 
              [0.65412, 0.329751, 0.00717097, 0.00895806], 
              [0.00895806, 0.00717097, 0.652333, 0.331538], 
              [0.00895806, 0.00717097, 0.974913, 0.00895806], 
              [0.331538, 0.00717097, 0.652333, 0.00895806], 
              [0.00895806, 0.00717097, 0.974913, 0.00895806], 
              [0.00895806, 0.329751, 0.652333, 0.00895806]
            ]
          }, {
            "db": 0,
            "id": "GGGADGGGGAGA",
            "alt": "MEME-2",
            "len": 12,
            "nsites": 7,
            "evalue": "2.9e+002",
            "pwm": [
              [0.00391127, 0.00313099, 0.989046, 0.00391127], 
              [0.00391127, 0.00313099, 0.989046, 0.00391127], 
              [0.00391127, 0.00313099, 0.989046, 0.00391127], 
              [0.989827, 0.00313099, 0.00313099, 0.00391127], 
              [0.285601, 0.00313099, 0.425666, 0.285601], 
              [0.00391127, 0.00313099, 0.707357, 0.285601], 
              [0.00391127, 0.00313099, 0.848202, 0.144756], 
              [0.144756, 0.00313099, 0.848202, 0.00391127], 
              [0.144756, 0.00313099, 0.848202, 0.00391127], 
              [0.567292, 0.143976, 0.143976, 0.144756], 
              [0.00391127, 0.00313099, 0.848202, 0.144756], 
              [0.989827, 0.00313099, 0.00313099, 0.00391127]
            ]
          }, {
            "db": 0,
            "id": "GRGBGGTCGGAGVT",
            "alt": "MEME-6",
            "len": 14,
            "nsites": 4,
            "evalue": "4.3e+004",
            "pwm": [
              [0.00677317, 0.00542195, 0.981032, 0.00677317], 
              [0.494578, 0.00542195, 0.493227, 0.00677317], 
              [0.00677317, 0.00542195, 0.981032, 0.00677317], 
              [0.00677317, 0.249324, 0.493227, 0.250676], 
              [0.00677317, 0.00542195, 0.981032, 0.00677317], 
              [0.00677317, 0.00542195, 0.737129, 0.250676], 
              [0.00677317, 0.00542195, 0.00542195, 0.982383], 
              [0.00677317, 0.737129, 0.00542195, 0.250676], 
              [0.00677317, 0.249324, 0.737129, 0.00677317], 
              [0.00677317, 0.00542195, 0.981032, 0.00677317], 
              [0.982383, 0.00542195, 0.00542195, 0.00677317], 
              [0.00677317, 0.00542195, 0.981032, 0.00677317], 
              [0.250676, 0.493227, 0.249324, 0.00677317], 
              [0.00677317, 0.00542195, 0.00542195, 0.982383]
            ]
          }, {
            "db": 0,
            "id": "GRVBTGGWCACGCGA",
            "alt": "MEME-4",
            "len": 15,
            "nsites": 4,
            "evalue": "1.2e+004",
            "pwm": [
              [0.00677317, 0.00542195, 0.981032, 0.00677317], 
              [0.494578, 0.00542195, 0.493227, 0.00677317], 
              [0.494578, 0.249324, 0.249324, 0.00677317], 
              [0.00677317, 0.493227, 0.249324, 0.250676], 
              [0.00677317, 0.00542195, 0.249324, 0.73848], 
              [0.00677317, 0.00542195, 0.981032, 0.00677317], 
              [0.00677317, 0.00542195, 0.981032, 0.00677317], 
              [0.494578, 0.00542195, 0.00542195, 0.494578], 
              [0.00677317, 0.981032, 0.00542195, 0.00677317], 
              [0.982383, 0.00542195, 0.00542195, 0.00677317], 
              [0.00677317, 0.981032, 0.00542195, 0.00677317], 
              [0.00677317, 0.00542195, 0.981032, 0.00677317], 
              [0.250676, 0.737129, 0.00542195, 0.00677317], 
              [0.00677317, 0.00542195, 0.981032, 0.00677317], 
              [0.982383, 0.00542195, 0.00542195, 0.00677317]
            ]
          }, {
            "db": 0,
            "id": "SDSTSTGTGCSTGCSTCMGTS",
            "alt": "MEME-1",
            "len": 21,
            "nsites": 10,
            "evalue": "2.6e-002",
            "pwm": [
              [0.0027495, 0.49725, 0.49725, 0.0027495], 
              [0.398789, 0.101211, 0.200221, 0.299779], 
              [0.0027495, 0.49725, 0.49725, 0.0027495], 
              [0.0027495, 0.200221, 0.00220099, 0.794829], 
              [0.0027495, 0.398241, 0.59626, 0.0027495], 
              [0.0027495, 0.200221, 0.101211, 0.695819], 
              [0.200769, 0.200221, 0.59626, 0.0027495], 
              [0.0027495, 0.200221, 0.00220099, 0.794829], 
              [0.101759, 0.200221, 0.49725, 0.200769], 
              [0.0027495, 0.9923, 0.00220099, 0.0027495], 
              [0.101759, 0.49725, 0.398241, 0.0027495], 
              [0.299779, 0.00220099, 0.00220099, 0.695819], 
              [0.0027495, 0.101211, 0.89329, 0.0027495], 
              [0.0027495, 0.69527, 0.00220099, 0.299779], 
              [0.0027495, 0.59626, 0.299231, 0.101759], 
              [0.0027495, 0.00220099, 0.00220099, 0.992849], 
              [0.0027495, 0.69527, 0.299231, 0.0027495], 
              [0.299779, 0.59626, 0.00220099, 0.101759], 
              [0.200769, 0.00220099, 0.69527, 0.101759], 
              [0.101759, 0.00220099, 0.200221, 0.695819], 
              [0.0027495, 0.398241, 0.59626, 0.0027495]
            ]
          }, {
            "db": 0,
            "id": "YTTWWTTTRTTKRAYTTSYTWTTKWKTTTT",
            "alt": "MEME-3",
            "len": 30,
            "nsites": 7,
            "evalue": "2.6e+003",
            "pwm": [
              [0.00391127, 0.425666, 0.00313099, 0.567292], 
              [0.00391127, 0.143976, 0.00313099, 0.848982], 
              [0.144756, 0.143976, 0.143976, 0.567292], 
              [0.285601, 0.143976, 0.00313099, 0.567292], 
              [0.285601, 0.00313099, 0.143976, 0.567292], 
              [0.144756, 0.00313099, 0.00313099, 0.848982], 
              [0.144756, 0.00313099, 0.00313099, 0.848982], 
              [0.00391127, 0.00313099, 0.143976, 0.848982], 
              [0.285601, 0.143976, 0.566512, 0.00391127], 
              [0.00391127, 0.00313099, 0.00313099, 0.989827], 
              [0.00391127, 0.00313099, 0.143976, 0.848982], 
              [0.144756, 0.143976, 0.425666, 0.285601], 
              [0.426446, 0.143976, 0.425666, 0.00391127], 
              [0.708137, 0.00313099, 0.00313099, 0.285601], 
              [0.00391127, 0.566512, 0.00313099, 0.426446], 
              [0.00391127, 0.00313099, 0.00313099, 0.989827], 
              [0.00391127, 0.143976, 0.00313099, 0.848982], 
              [0.144756, 0.284821, 0.425666, 0.144756], 
              [0.144756, 0.425666, 0.143976, 0.285601], 
              [0.00391127, 0.00313099, 0.00313099, 0.989827], 
              [0.426446, 0.143976, 0.143976, 0.285601], 
              [0.285601, 0.00313099, 0.00313099, 0.708137], 
              [0.00391127, 0.00313099, 0.00313099, 0.989827], 
              [0.00391127, 0.00313099, 0.425666, 0.567292], 
              [0.285601, 0.00313099, 0.143976, 0.567292], 
              [0.144756, 0.00313099, 0.425666, 0.426446], 
              [0.00391127, 0.143976, 0.00313099, 0.848982], 
              [0.00391127, 0.143976, 0.143976, 0.708137], 
              [0.00391127, 0.143976, 0.00313099, 0.848982], 
              [0.00391127, 0.00313099, 0.143976, 0.848982]
            ]
          }
        ],
        "targets": [
          {
            "db": 0,
            "id": "ATF3_HUMAN.H11MO.0.A",
            "len": 11,
            "nsites": 500,
            "evalue": "1.0e+000",
            "url": "http://hocomoco.autosome.ru/motif/ATF3_HUMAN.H11MO.0.A",
            "pwm": [
              [0.222011, 0.0900265, 0.579928, 0.108034], 
              [0.256004, 0.0280389, 0.709902, 0.00605433], 
              [0.0180519, 0.0420361, 0.00804285, 0.931869], 
              [0.0100535, 0.477949, 0.507943, 0.00405473], 
              [0.939868, 0.0240397, 0.00404365, 0.0320491], 
              [0.00205513, 0.813882, 0.0420361, 0.142027], 
              [0.0380479, 0.0180409, 0.925859, 0.0180519], 
              [0.0280499, 0.224, 0.00804285, 0.739908], 
              [0.266002, 0.164012, 0.535937, 0.0340487], 
              [0.57594, 0.104024, 0.251994, 0.0680419], 
              [0.0940367, 0.295985, 0.275989, 0.333989]
            ]
          }, {
            "db": 0,
            "id": "CPEB1_HUMAN.H11MO.0.D",
            "len": 17,
            "nsites": 1803,
            "evalue": "1.0e+000",
            "url": "http://hocomoco.autosome.ru/motif/CPEB1_HUMAN.H11MO.0.D",
            "pwm": [
              [0.163623, 0.21797, 0.089303, 0.529104], 
              [0.000570002, 0.000566929, 0.000566929, 0.998296], 
              [0.0047295, 0.00361723, 0.000289629, 0.991364], 
              [0.000708652, 0.00181478, 0.000150979, 0.997326], 
              [1.54013e-05, 0.00167613, 1.23288e-05, 0.998296], 
              [0.996632, 0.000566929, 0.00223073, 0.000570002], 
              [0.0022338, 0.0543632, 0.00333993, 0.940063], 
              [0.128128, 0.235718, 0.0282969, 0.607857], 
              [0.181924, 0.250692, 0.0732196, 0.494164], 
              [0.0926337, 0.223516, 0.0482626, 0.635587], 
              [0.0809871, 0.18414, 0.0343976, 0.700476], 
              [0.0654582, 0.135889, 0.0260785, 0.772574], 
              [0.100398, 0.118142, 0.0160957, 0.765364], 
              [0.181231, 0.0991472, 0.0115203, 0.708101], 
              [0.224074, 0.116478, 0.0233055, 0.636142], 
              [0.240296, 0.16875, 0.0345362, 0.556418], 
              [0.223658, 0.210345, 0.0700306, 0.495967]
            ]
          }, {
            "db": 0,
            "id": "EGR2_HUMAN.H11MO.0.A",
            "len": 18,
            "nsites": 500,
            "evalue": "1.0e+000",
            "url": "http://hocomoco.autosome.ru/motif/EGR2_HUMAN.H11MO.0.A",
            "pwm": [
              [0.216012, 0.0740297, 0.611922, 0.0980359], 
              [0.293997, 0.0960253, 0.411962, 0.198016], 
              [0.22801, 0.0740297, 0.62192, 0.0760403], 
              [0.254005, 0.0680309, 0.501944, 0.17602], 
              [0.319992, 0.104024, 0.505943, 0.0700415], 
              [0.150026, 0.104024, 0.449954, 0.295996], 
              [0.0760403, 0.102024, 0.765891, 0.0560443], 
              [0.369982, 0.190006, 0.0440357, 0.395976], 
              [0.0340487, 0.0220401, 0.929858, 0.0140527], 
              [0.0400475, 0.0120421, 0.461952, 0.485958], 
              [0.182019, 0.00604325, 0.793886, 0.0180519], 
              [0.0360483, 0.0140417, 0.889866, 0.0600435], 
              [0.0240507, 0.0400365, 0.915861, 0.0200515], 
              [0.349986, 0.281988, 0.0220401, 0.345986], 
              [0.0580439, 0.00604325, 0.87387, 0.0620431], 
              [0.0760403, 0.0340377, 0.781888, 0.108034], 
              [0.341987, 0.0740297, 0.501944, 0.0820391], 
              [0.254005, 0.0480349, 0.561932, 0.136028]
            ]
          }, {
            "db": 0,
            "id": "FLI1_HUMAN.H11MO.0.A",
            "len": 18,
            "nsites": 497,
            "evalue": "1.0e+000",
            "url": "http://hocomoco.autosome.ru/motif/FLI1_HUMAN.H11MO.0.A",
            "pwm": [
              [0.209269, 0.227363, 0.4406, 0.122768], 
              [0.315888, 0.148908, 0.432553, 0.102651], 
              [0.446646, 0.0865464, 0.374215, 0.0925926], 
              [0.201223, 0.0543597, 0.653837, 0.0905809], 
              [0.299794, 0.0362547, 0.635732, 0.0282192], 
              [0.422506, 0.388297, 0.183106, 0.00609087], 
              [0.915365, 0.0342431, 0.0402781, 0.0101142], 
              [0.0040792, 0.00406805, 0.981739, 0.0101142], 
              [0.00206753, 0.0121147, 0.985762, 5.5864e-05], 
              [0.937493, 0.0181497, 0.0443014, 5.5864e-05], 
              [0.95761, 0.00205639, 0.0261964, 0.0141375], 
              [0.146908, 0.0282081, 0.822817, 0.00206753], 
              [0.134838, 0.171036, 0.50095, 0.193176], 
              [0.410436, 0.124768, 0.402378, 0.0624176], 
              [0.394343, 0.0764881, 0.474798, 0.0543709], 
              [0.301806, 0.120745, 0.508997, 0.0684526], 
              [0.241456, 0.15092, 0.529113, 0.0785109], 
              [0.388308, 0.130803, 0.364157, 0.116733]
            ]
          }, {
            "db": 0,
            "id": "FOXJ3_HUMAN.H11MO.0.A",
            "len": 13,
            "nsites": 626,
            "evalue": "1.0e+000",
            "url": "http://hocomoco.autosome.ru/motif/FOXJ3_HUMAN.H11MO.0.A",
            "pwm": [
              [0.194109, 0.146483, 0.164699, 0.494708], 
              [4.43539e-05, 3.55055e-05, 3.55055e-05, 0.999885], 
              [0.0829662, 3.55055e-05, 0.91427, 0.00272848], 
              [0.001118, 3.55055e-05, 3.55055e-05, 0.998811], 
              [4.43539e-05, 3.55055e-05, 3.55055e-05, 0.999885], 
              [0.00887715, 3.55055e-05, 0.1757, 0.815387], 
              [0.818156, 3.55055e-05, 0.0369566, 0.144852], 
              [4.43539e-05, 0.0711368, 3.55055e-05, 0.928783], 
              [0.113308, 3.55055e-05, 0.430177, 0.456479], 
              [0.044059, 3.55055e-05, 0.325663, 0.630243], 
              [0.0528176, 3.55055e-05, 0.0291523, 0.917995], 
              [0.00590906, 0.0101694, 0.0168404, 0.967081], 
              [0.358508, 0.0704031, 0.138471, 0.432618]
            ]
          }, {
            "db": 0,
            "id": "FOXJ3_HUMAN.H11MO.1.B",
            "len": 13,
            "nsites": 613,
            "evalue": "1.0e+000",
            "url": "http://hocomoco.autosome.ru/motif/FOXJ3_HUMAN.H11MO.1.B",
            "pwm": [
              [0.126263, 0.10013, 0.122349, 0.651258], 
              [0.0347985, 3.62584e-05, 0.39046, 0.574705], 
              [0.0300371, 3.62584e-05, 0.516092, 0.453834], 
              [4.52944e-05, 3.62584e-05, 3.62584e-05, 0.999882], 
              [0.0547352, 3.62584e-05, 0.115342, 0.829887], 
              [0.39679, 3.62584e-05, 0.115352, 0.487822], 
              [0.356262, 0.0775017, 3.62584e-05, 0.5662], 
              [4.52944e-05, 3.62584e-05, 3.62584e-05, 0.999882], 
              [0.163662, 3.62584e-05, 0.836256, 4.52944e-05], 
              [4.52944e-05, 3.62584e-05, 3.62584e-05, 0.999882], 
              [4.52944e-05, 3.62584e-05, 3.62584e-05, 0.999882], 
              [4.52944e-05, 3.62584e-05, 0.0127113, 0.987207], 
              [0.645556, 0.104696, 0.116952, 0.132796]
            ]
          }, {
            "db": 0,
            "id": "FOXL1_HUMAN.H11MO.0.D",
            "len": 19,
            "nsites": 1207,
            "evalue": "1.0e+000",
            "url": "http://hocomoco.autosome.ru/motif/FOXL1_HUMAN.H11MO.0.D",
            "pwm": [
              [0.160532, 0.163841, 0.222659, 0.452968], 
              [0.140235, 0.189108, 0.444265, 0.226392], 
              [0.191184, 0.0404045, 0.13236, 0.636052], 
              [0.0629838, 0.0240429, 0.04144, 0.871533], 
              [0.000644329, 0.00063974, 0.00063974, 0.998076], 
              [0.0874226, 0.000432632, 0.90508, 0.00706468], 
              [0.00830732, 1.8416e-05, 1.8416e-05, 0.991656], 
              [2.30055e-05, 1.8416e-05, 1.8416e-05, 0.99994], 
              [2.30055e-05, 1.8416e-05, 1.8416e-05, 0.99994], 
              [0.470572, 1.8416e-05, 0.529386, 2.30055e-05], 
              [2.30055e-05, 1.8416e-05, 1.8416e-05, 0.99994], 
              [2.30055e-05, 1.8416e-05, 1.8416e-05, 0.99994], 
              [2.30055e-05, 1.8416e-05, 1.8416e-05, 0.99994], 
              [0.985857, 1.8416e-05, 0.0116165, 0.0025083], 
              [0.000851437, 0.511989, 0.000846848, 0.486312], 
              [0.41486, 0.0188652, 0.0213505, 0.544924], 
              [0.103991, 0.014516, 0.0186581, 0.862835], 
              [0.226185, 0.0174155, 0.0149302, 0.741469], 
              [0.193255, 0.125319, 0.0838971, 0.597529]
            ]
          }, {
            "db": 0,
            "id": "GATA1_HUMAN.H11MO.0.A",
            "len": 19,
            "nsites": 500,
            "evalue": "1.0e+000",
            "url": "http://hocomoco.autosome.ru/motif/GATA1_HUMAN.H11MO.0.A",
            "pwm": [
              [0.192017, 0.403964, 0.206003, 0.198016], 
              [0.116032, 0.144016, 0.190006, 0.549946], 
              [0.0560443, 0.0780289, 0.639916, 0.22601], 
              [0.118032, 0.206003, 0.389966, 0.285998], 
              [0.194017, 0.313982, 0.281988, 0.210014], 
              [0.268002, 0.245995, 0.277989, 0.208014], 
              [0.224011, 0.210002, 0.367971, 0.198016], 
              [0.262003, 0.168011, 0.339976, 0.23001], 
              [0.214013, 0.224, 0.313982, 0.248006], 
              [0.331989, 0.188007, 0.32398, 0.156024], 
              [0.184019, 0.387967, 0.32198, 0.106034], 
              [0.719912, 0.0200405, 0.00804285, 0.252005], 
              [0.00605433, 4.44511e-05, 0.993846, 5.55289e-05], 
              [0.995856, 4.44511e-05, 4.44511e-05, 0.00405473], 
              [0.00205513, 4.44511e-05, 0.0120421, 0.985858], 
              [0.945866, 0.00404365, 0.0140417, 0.0360483], 
              [0.857884, 0.0160413, 0.0900265, 0.0360483], 
              [0.214013, 0.154014, 0.553934, 0.0780399], 
              [0.351985, 0.188007, 0.345975, 0.114033]
            ]
          }, {
            "db": 0,
            "id": "GATA2_HUMAN.H11MO.0.A",
            "len": 19,
            "nsites": 500,
            "evalue": "1.0e+000",
            "url": "http://hocomoco.autosome.ru/motif/GATA2_HUMAN.H11MO.0.A",
            "pwm": [
              [0.132029, 0.451954, 0.225999, 0.190018], 
              [0.124031, 0.104024, 0.158013, 0.613933], 
              [0.0800395, 0.0500345, 0.651914, 0.218012], 
              [0.132029, 0.222, 0.413962, 0.232009], 
              [0.272001, 0.156013, 0.289986, 0.281999], 
              [0.303995, 0.158013, 0.305983, 0.232009], 
              [0.248006, 0.198005, 0.367971, 0.186018], 
              [0.270002, 0.196005, 0.275989, 0.258004], 
              [0.222011, 0.224, 0.267991, 0.285998], 
              [0.32599, 0.114022, 0.343976, 0.216012], 
              [0.192017, 0.337977, 0.37197, 0.0980359], 
              [0.773901, 0.00404365, 0.00804285, 0.214013], 
              [5.55289e-05, 4.44511e-05, 0.995845, 0.00405473], 
              [0.985858, 4.44511e-05, 0.00804285, 0.00605433], 
              [0.00605433, 0.00204405, 0.0160413, 0.97586], 
              [0.965862, 0.00604325, 4.44511e-05, 0.0280499], 
              [0.843887, 0.0100425, 0.114022, 0.0320491], 
              [0.140028, 0.168011, 0.627919, 0.0640427], 
              [0.343987, 0.192006, 0.389966, 0.0740407]
            ]
          }, {
            "db": 0,
            "id": "HES7_HUMAN.H11MO.0.D",
            "len": 12,
            "nsites": 320,
            "evalue": "1.0e+000",
            "url": "http://hocomoco.autosome.ru/motif/HES7_HUMAN.H11MO.0.D",
            "pwm": [
              [0.157069, 0.14768, 0.069579, 0.625673], 
              [0.0055538, 0.00241246, 0.980232, 0.0118018], 
              [0.101618, 0.0110035, 0.88573, 0.00164877], 
              [0.00086776, 0.991166, 0.00397448, 0.00399178], 
              [0.994307, 0.00397448, 0.000850453, 0.00086776], 
              [0.00321078, 0.996633, 6.94471e-05, 8.67541e-05], 
              [8.67541e-05, 0.00319347, 0.996633, 8.67541e-05], 
              [8.67541e-05, 6.94471e-05, 6.94471e-05, 0.999774], 
              [0.00321078, 0.00631749, 0.990385, 8.67541e-05], 
              [0.00399178, 0.969298, 0.00397448, 0.0227359], 
              [0.00477279, 0.988823, 0.00163146, 0.00477279], 
              [0.210958, 0.0984762, 0.576452, 0.114114]
            ]
          }, {
            "db": 0,
            "id": "HNF6_HUMAN.H11MO.0.B",
            "len": 11,
            "nsites": 500,
            "evalue": "1.0e+000",
            "url": "http://hocomoco.autosome.ru/motif/HNF6_HUMAN.H11MO.0.B",
            "pwm": [
              [0.252005, 0.150014, 0.130018, 0.467962], 
              [0.108034, 0.198005, 0.224, 0.469962], 
              [0.0400475, 0.176009, 0.160012, 0.623931], 
              [0.991857, 0.00604325, 4.44511e-05, 0.00205513], 
              [0.00405473, 4.44511e-05, 0.0100425, 0.985858], 
              [0.0100535, 0.156013, 0.00404365, 0.82989], 
              [0.00405473, 4.44511e-05, 0.995845, 5.55289e-05], 
              [0.993857, 0.00204405, 4.44511e-05, 0.00405473], 
              [0.00605433, 0.0180409, 0.00404365, 0.971861], 
              [0.00205513, 0.32198, 0.0120421, 0.663923], 
              [0.142027, 0.136017, 0.299984, 0.421971]
            ]
          }, {
            "db": 0,
            "id": "ID4_HUMAN.H11MO.0.D",
            "len": 11,
            "nsites": 210,
            "evalue": "1.0e+000",
            "url": "http://hocomoco.autosome.ru/motif/ID4_HUMAN.H11MO.0.D",
            "pwm": [
              [0.223835, 0.161934, 0.371358, 0.242874], 
              [0.320218, 0.21072, 0.305913, 0.16315], 
              [0.0703368, 0.812814, 0.0465123, 0.0703368], 
              [0.898514, 0.00843517, 0.0465123, 0.0465386], 
              [0.0429689, 0.0619811, 0.87112, 0.0239304], 
              [0.02869, 0.0810197, 0.890158, 0.000132175], 
              [0.0263102, 0.0167645, 0.0691206, 0.887805], 
              [0.0322597, 0.0179545, 0.908007, 0.041779], 
              [0.145301, 0.368978, 0.0833995, 0.402322], 
              [0.282141, 0.267835, 0.248797, 0.201227], 
              [0.373764, 0.221429, 0.259506, 0.145301]
            ]
          }, {
            "db": 0,
            "id": "INSM1_HUMAN.H11MO.0.C",
            "len": 12,
            "nsites": 24,
            "evalue": "1.0e+000",
            "url": "http://hocomoco.autosome.ru/motif/INSM1_HUMAN.H11MO.0.C",
            "pwm": [
              [0.0652144, 0.000922407, 0.228028, 0.705836], 
              [0.00115228, 0.000922407, 0.741098, 0.256827], 
              [0.00115228, 0.157043, 0.122124, 0.71968], 
              [0.350033, 0.619323, 0.000922407, 0.0297222], 
              [0.968433, 0.000922407, 0.000922407, 0.0297222], 
              [0.00115228, 0.000922407, 0.996773, 0.00115228], 
              [0.00115228, 0.000922407, 0.996773, 0.00115228], 
              [0.00115228, 0.000922407, 0.996773, 0.00115228], 
              [0.00115228, 0.000922407, 0.996773, 0.00115228], 
              [0.00115228, 0.0580622, 0.911063, 0.0297222], 
              [0.0582921, 0.939633, 0.000922407, 0.00115228], 
              [0.619552, 0.000922407, 0.378373, 0.00115228]
            ]
          }, {
            "db": 0,
            "id": "KLF14_HUMAN.H11MO.0.D",
            "len": 13,
            "nsites": 2224,
            "evalue": "1.0e+000",
            "url": "http://hocomoco.autosome.ru/motif/KLF14_HUMAN.H11MO.0.D",
            "pwm": [
              [0.347232, 0.107132, 0.318004, 0.227633], 
              [0.369488, 0.0682398, 0.397362, 0.164911], 
              [0.128154, 0.0148475, 0.837652, 0.0193461], 
              [0.0168732, 0.00607987, 0.620261, 0.356786], 
              [0.00855527, 9.99506e-06, 0.991422, 1.24859e-05], 
              [1.24859e-05, 9.99506e-06, 0.999965, 1.24859e-05], 
              [1.24859e-05, 9.99506e-06, 0.999066, 0.000911726], 
              [0.00765603, 0.956352, 0.00765354, 0.0283386], 
              [0.00136135, 0.000909235, 0.996368, 0.00136135], 
              [0.00124894, 0.00394417, 0.0920697, 0.902737], 
              [0.0816185, 0.0195685, 0.875645, 0.0231679], 
              [0.157042, 0.0909457, 0.579683, 0.172329], 
              [0.126356, 0.444684, 0.143888, 0.285072]
            ]
          }, {
            "db": 0,
            "id": "KLF15_HUMAN.H11MO.0.A",
            "len": 19,
            "nsites": 479,
            "evalue": "1.0e+000",
            "url": "http://hocomoco.autosome.ru/motif/KLF15_HUMAN.H11MO.0.A",
            "pwm": [
              [0.311058, 0.0355296, 0.542731, 0.110682], 
              [0.258877, 0.0125699, 0.6951, 0.0334539], 
              [5.79628e-05, 0.00213365, 0.99775, 5.79628e-05], 
              [0.0167559, 0.00630814, 0.974791, 0.00214521], 
              [0.53648, 0.354878, 4.63995e-05, 0.108595], 
              [0.0689371, 0.00630814, 0.918435, 0.0063197], 
              [0.0125814, 0.0146571, 0.885039, 0.0877223], 
              [0.492648, 0.0313551, 0.423758, 0.0522391], 
              [0.116944, 0.00630814, 0.868341, 0.00840695], 
              [0.313145, 0.344442, 0.298523, 0.0438901], 
              [0.344454, 0.160764, 0.285999, 0.208783], 
              [0.23383, 0.0438786, 0.582388, 0.139904], 
              [0.15034, 0.0209189, 0.797375, 0.0313667], 
              [0.185823, 0.0313551, 0.770241, 0.0125814], 
              [0.256789, 0.13363, 0.576127, 0.0334539], 
              [0.177474, 0.104409, 0.665878, 0.0522391], 
              [0.277662, 0.129456, 0.446717, 0.146165], 
              [0.0877223, 0.0939725, 0.743106, 0.0751989], 
              [0.183736, 0.0167444, 0.730583, 0.0689371]
            ]
          }, {
            "db": 0,
            "id": "KLF3_HUMAN.H11MO.0.B",
            "len": 19,
            "nsites": 498,
            "evalue": "1.0e+000",
            "url": "http://hocomoco.autosome.ru/motif/KLF3_HUMAN.H11MO.0.B",
            "pwm": [
              [0.212864, 0.188762, 0.471837, 0.126536], 
              [0.226918, 0.222891, 0.461799, 0.0883914], 
              [0.25904, 0.204823, 0.423654, 0.112483], 
              [0.244986, 0.186754, 0.495929, 0.0723304], 
              [0.327299, 0.246983, 0.315242, 0.110475], 
              [0.345368, 0.0442125, 0.35941, 0.251009], 
              [0.0341854, 4.46296e-05, 0.965714, 5.57518e-05], 
              [0.00607864, 4.46296e-05, 0.991813, 0.00206338], 
              [0.00407101, 0.00807515, 0.98579, 0.00206338], 
              [0.0863838, 0.642486, 4.46296e-05, 0.271086], 
              [0.00808627, 0.00606752, 0.981775, 0.00407101], 
              [0.00407101, 0.0261438, 0.724799, 0.244986], 
              [0.184758, 0.0181133, 0.754913, 0.042216], 
              [0.0763457, 0.0100828, 0.843249, 0.0703228], 
              [0.0843762, 0.618394, 0.148609, 0.14862], 
              [0.18275, 0.381494, 0.162663, 0.273093], 
              [0.130552, 0.204823, 0.495929, 0.168697], 
              [0.0924067, 0.242968, 0.530059, 0.134567], 
              [0.160666, 0.218876, 0.481876, 0.138582]
            ]
          }, {
            "db": 0,
            "id": "KLF6_HUMAN.H11MO.0.A",
            "len": 19,
            "nsites": 496,
            "evalue": "1.0e+000",
            "url": "http://hocomoco.autosome.ru/motif/KLF6_HUMAN.H11MO.0.A",
            "pwm": [
              [0.155267, 0.185491, 0.510023, 0.149219], 
              [0.221785, 0.247979, 0.479787, 0.050449], 
              [0.445531, 0.189523, 0.28023, 0.0847163], 
              [0.459641, 0.0181863, 0.368922, 0.153251], 
              [0.0484333, 0.00609198, 0.814397, 0.131078], 
              [0.0242446, 4.48095e-05, 0.955497, 0.0202132], 
              [0.0444019, 0.0524536, 0.890994, 0.0121503], 
              [0.260084, 0.457614, 4.48095e-05, 0.282257], 
              [0.116968, 0.00609198, 0.854711, 0.0222289], 
              [0.0282761, 0.0222178, 0.689422, 0.260084], 
              [0.209691, 0.0645479, 0.683375, 0.0423862], 
              [0.086732, 0.0302806, 0.83657, 0.0464176], 
              [0.229848, 0.453582, 0.207664, 0.108905], 
              [0.294351, 0.318529, 0.137114, 0.250006], 
              [0.0625434, 0.157271, 0.522117, 0.258068], 
              [0.147204, 0.127035, 0.608793, 0.116968], 
              [0.161314, 0.171381, 0.602746, 0.0645591], 
              [0.348776, 0.11091, 0.433425, 0.106889], 
              [0.258068, 0.233869, 0.455598, 0.0524648]
            ]
          }, {
            "db": 0,
            "id": "KLF9_HUMAN.H11MO.0.C",
            "len": 15,
            "nsites": 256,
            "evalue": "1.0e+000",
            "url": "http://hocomoco.autosome.ru/motif/KLF9_HUMAN.H11MO.0.C",
            "pwm": [
              [0.062584, 0.187514, 0.636557, 0.113345], 
              [0.25782, 0.187514, 0.460844, 0.0938218], 
              [0.499913, 0.136752, 0.265608, 0.0977266], 
              [0.160202, 0.011801, 0.800555, 0.0274415], 
              [0.0430604, 0.00399153, 0.632652, 0.320296], 
              [0.0157273, 8.68021e-05, 0.984077, 0.000108434], 
              [0.000108434, 0.00399153, 0.980173, 0.0157273], 
              [0.000108434, 0.00789625, 0.991887, 0.000108434], 
              [0.00791788, 0.757603, 0.00399153, 0.230487], 
              [0.000108434, 8.68021e-05, 0.999696, 0.000108434], 
              [0.00401316, 0.0157057, 0.261703, 0.718578], 
              [0.00401316, 0.00399153, 0.976268, 0.0157273], 
              [0.0508699, 0.117229, 0.671699, 0.160202], 
              [0.0157273, 0.843507, 0.0313246, 0.109441], 
              [0.128964, 0.52332, 0.203132, 0.144583]
            ]
          }, {
            "db": 0,
            "id": "MAZ_HUMAN.H11MO.0.A",
            "len": 22,
            "nsites": 500,
            "evalue": "1.0e+000",
            "url": "http://hocomoco.autosome.ru/motif/MAZ_HUMAN.H11MO.0.A",
            "pwm": [
              [0.216012, 0.144016, 0.503944, 0.136028], 
              [0.283999, 0.0240397, 0.651914, 0.0400475], 
              [0.301995, 0.0120421, 0.67391, 0.0120531], 
              [0.0820391, 0.0180409, 0.865871, 0.0340487], 
              [0.0520451, 0.112022, 0.825879, 0.0100535], 
              [0.647926, 0.0880269, 0.0260393, 0.238008], 
              [0.0540447, 0.0100425, 0.905863, 0.0300495], 
              [0.114033, 0.0200405, 0.851874, 0.0140527], 
              [0.266002, 0.0340377, 0.665911, 0.0340487], 
              [0.272001, 0.00804285, 0.679908, 0.0400475], 
              [0.114033, 0.202004, 0.655913, 0.0280499], 
              [0.317992, 0.134018, 0.331978, 0.216012], 
              [0.174021, 0.0400365, 0.697905, 0.0880379], 
              [0.333989, 0.0540337, 0.553934, 0.0580439], 
              [0.190018, 0.12002, 0.647915, 0.0420471], 
              [0.365982, 0.0780289, 0.511942, 0.0440467], 
              [0.299996, 0.0720301, 0.56993, 0.0580439], 
              [0.32999, 0.134018, 0.455953, 0.0800395], 
              [0.260004, 0.0620321, 0.555933, 0.122031], 
              [0.274001, 0.204004, 0.445955, 0.0760403], 
              [0.355984, 0.106023, 0.429958, 0.108034], 
              [0.274001, 0.0980249, 0.561932, 0.0660423]
            ]
          }, {
            "db": 0,
            "id": "MAZ_HUMAN.H11MO.1.A",
            "len": 11,
            "nsites": 486,
            "evalue": "1.0e+000",
            "url": "http://hocomoco.autosome.ru/motif/MAZ_HUMAN.H11MO.1.A",
            "pwm": [
              [0.323036, 0.137877, 0.512286, 0.0268006], 
              [0.487611, 0.0453039, 0.368283, 0.0988022], 
              [0.0658872, 0.0062173, 0.921667, 0.0062287], 
              [5.71282e-05, 4.57313e-05, 0.989554, 0.0103431], 
              [0.00211432, 0.0062173, 0.989554, 0.00211432], 
              [0.648072, 0.302453, 4.57313e-05, 0.0494297], 
              [0.0288578, 0.00210292, 0.966925, 0.00211432], 
              [0.00417151, 4.57313e-05, 0.989554, 0.0062287], 
              [0.123489, 0.0165033, 0.837322, 0.0226862], 
              [0.123489, 0.0062173, 0.866123, 0.00417151], 
              [0.11526, 0.341539, 0.469085, 0.074116]
            ]
          }, {
            "db": 0,
            "id": "MBD2_HUMAN.H11MO.0.B",
            "len": 11,
            "nsites": 111,
            "evalue": "1.0e+000",
            "url": "http://hocomoco.autosome.ru/motif/MBD2_HUMAN.H11MO.0.B",
            "pwm": [
              [0.151899, 0.401624, 0.401624, 0.0448526], 
              [0.0537732, 0.392704, 0.464068, 0.0894553], 
              [0.000249955, 0.249975, 0.749525, 0.000249955], 
              [0.000249955, 0.00020009, 0.517591, 0.481959], 
              [0.000249955, 0.9993, 0.00020009, 0.000249955], 
              [0.000249955, 0.9993, 0.00020009, 0.000249955], 
              [0.000249955, 0.00020009, 0.9993, 0.000249955], 
              [0.000249955, 0.00020009, 0.9993, 0.000249955], 
              [0.535482, 0.357021, 0.107247, 0.000249955], 
              [0.107296, 0.107247, 0.588955, 0.196502], 
              [0.321389, 0.125088, 0.481909, 0.0716142]
            ]
          }, {
            "db": 0,
            "id": "MITF_HUMAN.H11MO.0.A",
            "len": 10,
            "nsites": 500,
            "evalue": "1.0e+000",
            "url": "http://hocomoco.autosome.ru/motif/MITF_HUMAN.H11MO.0.A",
            "pwm": [
              [0.0540447, 0.237997, 0.114022, 0.593937], 
              [5.55289e-05, 0.997845, 0.00204405, 5.55289e-05], 
              [0.87988, 0.0260393, 0.0120421, 0.0820391], 
              [5.55289e-05, 0.729898, 0.0160413, 0.254005], 
              [0.00405473, 0.0180409, 0.977849, 5.55289e-05], 
              [0.00405473, 4.44511e-05, 0.0120421, 0.983859], 
              [5.55289e-05, 0.00604325, 0.993846, 5.55289e-05], 
              [0.889878, 0.0380369, 0.0560333, 0.0160523], 
              [5.55289e-05, 0.765891, 0.0460353, 0.188018], 
              [0.144027, 0.52394, 0.0720301, 0.260004]
            ]
          }, {
            "db": 0,
            "id": "MLX_HUMAN.H11MO.0.D",
            "len": 11,
            "nsites": 17528,
            "evalue": "1.0e+000",
            "url": "http://hocomoco.autosome.ru/motif/MLX_HUMAN.H11MO.0.D",
            "pwm": [
              [0.191936, 0.246698, 0.166851, 0.394514], 
              [0.186133, 0.110683, 0.501295, 0.201889], 
              [0.632384, 0.0671317, 0.213058, 0.087426], 
              [0.0973445, 0.0816518, 0.0843365, 0.736667], 
