<!DOCTYPE HTML>
<html>
  <head>
    <meta charset="UTF-8">
    <title>TOMTOM</title>
    <script>
      // @JSON_VAR data
      var data = {
        "program": "Tomtom",
        "version": "4.12.0",
        "release": "Tue Jun 27 16:22:50 2017 -0700",
        "cmd": [
          "tomtom", "-verbosity", "1", "-oc",
          "results/AHRpeaks_not-in-DHSs.bed-399.fa/hocomoco/meme_tomtom_out",
          "-min-overlap", "5", "-dist", "pearson", "-evalue", "-thresh", "1",
          "-no-ssc", "-bfile",
          "results/AHRpeaks_not-in-DHSs.bed-399.fa/hocomoco/background",
          "results/AHRpeaks_not-in-DHSs.bed-399.fa/hocomoco/meme_out/meme.xml",
          "/Users/filipov4/meme/db/motif_databases/HUMAN/HOCOMOCOv11_full_HUMAN_mono_meme_format.meme"
        ],
        "options": {
          "strands": "both",
          "distance_measure": "pearson",
          "threshold_type": "evalue",
          "threshold_value": 1,
          "background_source": "file",
          "background_file": "results/AHRpeaks_not-in-DHSs.bed-399.fa/hocomoco/background"
        },
        "alphabet": {
          "name": "DNA",
          "like": "dna",
          "ncore": 4,
          "symbols": [
            {
              "symbol": "A",
              "name": "Adenine",
              "colour": "CC0000",
              "complement": "T"
            }, {
              "symbol": "C",
              "name": "Cytosine",
              "colour": "0000CC",
              "complement": "G"
            }, {
              "symbol": "G",
              "name": "Guanine",
              "colour": "FFB300",
              "complement": "C"
            }, {
              "symbol": "T",
              "aliases": "U",
              "name": "Thymine",
              "colour": "008000",
              "complement": "A"
            }, {
              "symbol": "N",
              "aliases": "X.",
              "name": "Any base",
              "equals": "ACGT"
            }, {
              "symbol": "V",
              "name": "Not T",
              "equals": "ACG"
            }, {
              "symbol": "H",
              "name": "Not G",
              "equals": "ACT"
            }, {
              "symbol": "D",
              "name": "Not C",
              "equals": "AGT"
            }, {
              "symbol": "B",
              "name": "Not A",
              "equals": "CGT"
            }, {
              "symbol": "M",
              "name": "Amino",
              "equals": "AC"
            }, {
              "symbol": "R",
              "name": "Purine",
              "equals": "AG"
            }, {
              "symbol": "W",
              "name": "Weak",
              "equals": "AT"
            }, {
              "symbol": "S",
              "name": "Strong",
              "equals": "CG"
            }, {
              "symbol": "Y",
              "name": "Pyrimidine",
              "equals": "CT"
            }, {
              "symbol": "K",
              "name": "Keto",
              "equals": "GT"
            }
          ]
        },
        "background": [0.2917, 0.2083, 0.2083, 0.2917],
        "query_dbs": [
          {
            "source": "results/AHRpeaks_not-in-DHSs.bed-399.fa/hocomoco/meme_out/meme.xml",
            "name": "meme",
            "loaded": 7,
            "excluded": 0,
            "last_modified": "Thu May 24 14:29:04 2018"
          }
        ],
        "target_dbs": [
          {
            "source": "/Users/filipov4/meme/db/motif_databases/HUMAN/HOCOMOCOv11_full_HUMAN_mono_meme_format.meme",
            "name": "HOCOMOCOv11 full HUMAN mono meme format",
            "loaded": 771,
            "excluded": 0,
            "last_modified": "Wed Dec  6 21:59:30 2017"
          }
        ],
        "queries": [
          {
            "db": 0,
            "id": "AAARRRYTKDTGCAYGAVMAMAGRAASAG",
            "alt": "MEME-2",
            "len": 29,
            "nsites": 9,
            "evalue": "2.6e-008",
            "pwm": [
              [0.882326, 0.00228901, 0.00228901, 0.113095], 
              [0.772436, 0.00228901, 0.00228901, 0.222985], 
              [0.882326, 0.112179, 0.00228901, 0.00320549], 
              [0.332875, 0.00228901, 0.66163, 0.00320549], 
              [0.332875, 0.00228901, 0.66163, 0.00320549], 
              [0.442765, 0.112179, 0.331959, 0.113095], 
              [0.00320549, 0.441849, 0.112179, 0.442765], 
              [0.00320549, 0.112179, 0.00228901, 0.882326], 
              [0.00320549, 0.00228901, 0.441849, 0.552656], 
              [0.222985, 0.112179, 0.222069, 0.442765], 
              [0.00320549, 0.00228901, 0.222069, 0.772436], 
              [0.113095, 0.00228901, 0.77152, 0.113095], 
              [0.00320549, 0.77152, 0.222069, 0.00320549], 
              [0.882326, 0.112179, 0.00228901, 0.00320549], 
              [0.00320549, 0.441849, 0.00228901, 0.552656], 
              [0.113095, 0.00228901, 0.88141, 0.00320549], 
              [0.552656, 0.222069, 0.222069, 0.00320549], 
              [0.332875, 0.331959, 0.331959, 0.00320549], 
              [0.662546, 0.331959, 0.00228901, 0.00320549], 
              [0.882326, 0.00228901, 0.112179, 0.00320549], 
              [0.662546, 0.331959, 0.00228901, 0.00320549], 
              [0.772436, 0.00228901, 0.222069, 0.00320549], 
              [0.00320549, 0.00228901, 0.88141, 0.113095], 
              [0.442765, 0.112179, 0.331959, 0.113095], 
              [0.662546, 0.222069, 0.00228901, 0.113095], 
              [0.992216, 0.00228901, 0.00228901, 0.00320549], 
              [0.00320549, 0.55174, 0.441849, 0.00320549], 
              [0.772436, 0.00228901, 0.222069, 0.00320549], 
              [0.00320549, 0.222069, 0.77152, 0.00320549]
            ]
          }, {
            "db": 0,
            "id": "AAGCAAATRCAATARAAACAAASATAA",
            "alt": "MEME-1",
            "len": 27,
            "nsites": 7,
            "evalue": "2.1e-012",
            "pwm": [
              [0.849179, 0.0029338, 0.0029338, 0.144953], 
              [0.708334, 0.284624, 0.0029338, 0.00410845], 
              [0.144953, 0.0029338, 0.707159, 0.144953], 
              [0.00410845, 0.848004, 0.143779, 0.00410845], 
              [0.990024, 0.0029338, 0.0029338, 0.00410845], 
              [0.849179, 0.0029338, 0.143779, 0.00410845], 
              [0.849179, 0.0029338, 0.143779, 0.00410845], 
              [0.144953, 0.0029338, 0.0029338, 0.849179], 
              [0.426643, 0.0029338, 0.425469, 0.144953], 
              [0.144953, 0.848004, 0.0029338, 0.00410845], 
              [0.990024, 0.0029338, 0.0029338, 0.00410845], 
              [0.990024, 0.0029338, 0.0029338, 0.00410845], 
              [0.144953, 0.0029338, 0.0029338, 0.849179], 
              [0.849179, 0.143779, 0.0029338, 0.00410845], 
              [0.426643, 0.143779, 0.284624, 0.144953], 
              [0.990024, 0.0029338, 0.0029338, 0.00410845], 
              [0.849179, 0.0029338, 0.143779, 0.00410845], 
              [0.849179, 0.0029338, 0.143779, 0.00410845], 
              [0.00410845, 0.848004, 0.143779, 0.00410845], 
              [0.990024, 0.0029338, 0.0029338, 0.00410845], 
              [0.990024, 0.0029338, 0.0029338, 0.00410845], 
              [0.990024, 0.0029338, 0.0029338, 0.00410845], 
              [0.144953, 0.284624, 0.566315, 0.00410845], 
              [0.990024, 0.0029338, 0.0029338, 0.00410845], 
              [0.285798, 0.0029338, 0.0029338, 0.708334], 
              [0.990024, 0.0029338, 0.0029338, 0.00410845], 
              [0.990024, 0.0029338, 0.0029338, 0.00410845]
            ]
          }, {
            "db": 0,
            "id": "AATTRAGTSCCAGCTA",
            "alt": "MEME-4",
            "len": 16,
            "nsites": 6,
            "evalue": "2.3e-002",
            "pwm": [
              [0.824454, 0.00341476, 0.00341476, 0.168717], 
              [0.988389, 0.00341476, 0.00341476, 0.00478197], 
              [0.00478197, 0.00341476, 0.00341476, 0.988389], 
              [0.00478197, 0.16735, 0.00341476, 0.824454], 
              [0.66052, 0.00341476, 0.331283, 0.00478197], 
              [0.496585, 0.16735, 0.16735, 0.168717], 
              [0.00478197, 0.00341476, 0.987021, 0.00478197], 
              [0.00478197, 0.00341476, 0.00341476, 0.988389], 
              [0.00478197, 0.659153, 0.331283, 0.00478197], 
              [0.00478197, 0.987021, 0.00341476, 0.00478197], 
              [0.00478197, 0.987021, 0.00341476, 0.00478197], 
              [0.824454, 0.00341476, 0.00341476, 0.168717], 
              [0.00478197, 0.00341476, 0.987021, 0.00478197], 
              [0.00478197, 0.823087, 0.16735, 0.00478197], 
              [0.00478197, 0.00341476, 0.00341476, 0.988389], 
              [0.988389, 0.00341476, 0.00341476, 0.00478197]
            ]
          }, {
            "db": 0,
            "id": "AGGCWGG",
            "alt": "MEME-7",
            "len": 7,
            "nsites": 15,
            "evalue": "4.2e+001",
            "pwm": [
              [0.995309, 0.00137947, 0.00137947, 0.00193179], 
              [0.00193179, 0.00137947, 0.994757, 0.00193179], 
              [0.00193179, 0.00137947, 0.994757, 0.00193179], 
              [0.00193179, 0.994757, 0.00137947, 0.00193179], 
              [0.465508, 0.00137947, 0.00137947, 0.531733], 
              [0.00193179, 0.00137947, 0.994757, 0.00193179], 
              [0.266833, 0.00137947, 0.729856, 0.00193179]
            ]
          }, {
            "db": 0,
            "id": "CCCWGKDBHCSYGTKTBCA",
            "alt": "MEME-6",
            "len": 19,
            "nsites": 9,
            "evalue": "1.8e+003",
            "pwm": [
              [0.00320549, 0.9913, 0.00228901, 0.00320549], 
              [0.222985, 0.55174, 0.00228901, 0.222985], 
              [0.00320549, 0.55174, 0.222069, 0.222985], 
              [0.332875, 0.00228901, 0.112179, 0.552656], 
              [0.00320549, 0.222069, 0.77152, 0.00320549], 
              [0.00320549, 0.00228901, 0.331959, 0.662546], 
              [0.332875, 0.112179, 0.331959, 0.222985], 
              [0.00320549, 0.222069, 0.331959, 0.442765], 
              [0.222985, 0.222069, 0.112179, 0.442765], 
              [0.00320549, 0.9913, 0.00228901, 0.00320549], 
              [0.113095, 0.331959, 0.441849, 0.113095], 
              [0.00320549, 0.331959, 0.00228901, 0.662546], 
              [0.00320549, 0.00228901, 0.9913, 0.00320549], 
              [0.00320549, 0.00228901, 0.00228901, 0.992216], 
              [0.00320549, 0.00228901, 0.66163, 0.332875], 
              [0.00320549, 0.00228901, 0.00228901, 0.992216], 
              [0.113095, 0.441849, 0.222069, 0.222985], 
              [0.00320549, 0.77152, 0.112179, 0.113095], 
              [0.772436, 0.00228901, 0.222069, 0.00320549]
            ]
          }, {
            "db": 0,
            "id": "CTYAGGCWMRVATTTCAYBVCCMWGRACHC",
            "alt": "MEME-3",
            "len": 30,
            "nsites": 9,
            "evalue": "2.3e-004",
            "pwm": [
              [0.00320549, 0.88141, 0.112179, 0.00320549], 
              [0.00320549, 0.222069, 0.222069, 0.552656], 
              [0.113095, 0.55174, 0.00228901, 0.332875], 
              [0.882326, 0.00228901, 0.112179, 0.00320549], 
              [0.113095, 0.112179, 0.66163, 0.113095], 
              [0.00320549, 0.00228901, 0.9913, 0.00320549], 
              [0.00320549, 0.88141, 0.112179, 0.00320549], 
              [0.552656, 0.00228901, 0.00228901, 0.442765], 
              [0.552656, 0.331959, 0.112179, 0.00320549], 
              [0.442765, 0.112179, 0.441849, 0.00320549], 
              [0.222985, 0.222069, 0.441849, 0.113095], 
              [0.662546, 0.112179, 0.00228901, 0.222985], 
              [0.00320549, 0.222069, 0.00228901, 0.772436], 
              [0.113095, 0.112179, 0.112179, 0.662546], 
              [0.00320549, 0.222069, 0.00228901, 0.772436], 
              [0.113095, 0.66163, 0.222069, 0.00320549], 
              [0.772436, 0.112179, 0.112179, 0.00320549], 
              [0.00320549, 0.331959, 0.00228901, 0.662546], 
              [0.113095, 0.222069, 0.441849, 0.222985], 
              [0.442765, 0.331959, 0.222069, 0.00320549], 
              [0.00320549, 0.77152, 0.222069, 0.00320549], 
              [0.00320549, 0.88141, 0.00228901, 0.113095], 
              [0.552656, 0.331959, 0.112179, 0.00320549], 
              [0.552656, 0.00228901, 0.00228901, 0.442765], 
              [0.00320549, 0.00228901, 0.88141, 0.113095], 
              [0.552656, 0.00228901, 0.441849, 0.00320549], 
              [0.552656, 0.222069, 0.112179, 0.113095], 
              [0.113095, 0.88141, 0.00228901, 0.00320549], 
              [0.222985, 0.331959, 0.00228901, 0.442765], 
              [0.00320549, 0.88141, 0.112179, 0.00320549]
            ]
          }, {
            "db": 0,
            "id": "TCTADAAGATAACATHRGAAAAACCCTT",
            "alt": "MEME-5",
            "len": 28,
            "nsites": 4,
            "evalue": "1.7e+001",
            "pwm": [
              [0.00711463, 0.248983, 0.00508049, 0.738822], 
              [0.00711463, 0.98069, 0.00508049, 0.00711463], 
              [0.00711463, 0.248983, 0.00508049, 0.738822], 
              [0.738822, 0.248983, 0.00508049, 0.00711463], 
              [0.251017, 0.00508049, 0.492885, 0.251017], 
              [0.738822, 0.248983, 0.00508049, 0.00711463], 
              [0.982724, 0.00508049, 0.00508049, 0.00711463], 
              [0.00711463, 0.00508049, 0.98069, 0.00711463], 
              [0.982724, 0.00508049, 0.00508049, 0.00711463], 
              [0.00711463, 0.00508049, 0.00508049, 0.982724], 
              [0.982724, 0.00508049, 0.00508049, 0.00711463], 
              [0.738822, 0.00508049, 0.248983, 0.00711463], 
              [0.00711463, 0.736788, 0.00508049, 0.251017], 
              [0.738822, 0.00508049, 0.00508049, 0.251017], 
              [0.00711463, 0.00508049, 0.248983, 0.738822], 
              [0.251017, 0.248983, 0.00508049, 0.49492], 
              [0.49492, 0.00508049, 0.492885, 0.00711463], 
              [0.00711463, 0.00508049, 0.98069, 0.00711463], 
              [0.982724, 0.00508049, 0.00508049, 0.00711463], 
              [0.982724, 0.00508049, 0.00508049, 0.00711463], 
              [0.982724, 0.00508049, 0.00508049, 0.00711463], 
              [0.982724, 0.00508049, 0.00508049, 0.00711463], 
              [0.738822, 0.00508049, 0.00508049, 0.251017], 
              [0.00711463, 0.98069, 0.00508049, 0.00711463], 
              [0.00711463, 0.736788, 0.00508049, 0.251017], 
              [0.00711463, 0.98069, 0.00508049, 0.00711463], 
              [0.00711463, 0.00508049, 0.00508049, 0.982724], 
              [0.00711463, 0.00508049, 0.248983, 0.738822]
            ]
          }
        ],
        "targets": [
          {
            "db": 0,
            "id": "ANDR_HUMAN.H11MO.2.A",
            "len": 12,
            "nsites": 500,
            "evalue": "1.0e+000",
            "url": "http://hocomoco.autosome.ru/motif/ANDR_HUMAN.H11MO.2.A",
            "pwm": [
              [0.14003, 0.323977, 0.241993, 0.294], 
              [0.248009, 0.130016, 0.118018, 0.503958], 
              [0.138031, 0.389964, 0.317978, 0.154028], 
              [0.0460491, 0.0160385, 0.00204125, 0.935871], 
              [0.00605713, 0.0200377, 0.969848, 0.00405753], 
              [0.0100563, 0.0120393, 0.00204125, 0.975863], 
              [0.0540475, 0.120018, 0.188004, 0.637931], 
              [5.83283e-05, 0.983845, 0.00604045, 0.0100563], 
              [0.0280527, 0.40596, 0.00404085, 0.561946], 
              [0.172024, 0.237994, 0.114019, 0.475963], 
              [0.186021, 0.140014, 0.269988, 0.403978], 
              [0.122034, 0.217998, 0.241993, 0.417975]
            ]
          }, {
            "db": 0,
            "id": "ARI3A_HUMAN.H11MO.0.D",
            "len": 22,
            "nsites": 44,
            "evalue": "1.0e+000",
            "url": "http://hocomoco.autosome.ru/motif/ARI3A_HUMAN.H11MO.0.D",
            "pwm": [
              [0.390418, 0.0965642, 0.325561, 0.187456], 
              [0.680934, 0.0911753, 0.000472336, 0.227419], 
              [0.11292, 0.000472336, 0.000472336, 0.886135], 
              [0.158272, 0.000472336, 0.000472336, 0.840784], 
              [0.953042, 0.0458238, 0.000472336, 0.000661451], 
              [0.931487, 0.0673796, 0.000472336, 0.000661451], 
              [0.475732, 0.000472336, 0.024268, 0.499528], 
              [0.000661451, 0.408636, 0.22723, 0.363473], 
              [0.294326, 0.181878, 0.432431, 0.0913644], 
              [0.499528, 0.0458238, 0.363284, 0.0913644], 
              [0.454176, 0.0458238, 0.158083, 0.341917], 
              [0.728525, 0.000472336, 0.0911753, 0.179827], 
              [0.136716, 0.0458238, 0.0911753, 0.726285], 
              [0.160512, 0.568486, 0.0458238, 0.225179], 
              [0.726285, 0.000472336, 0.000472336, 0.27277], 
              [0.750081, 0.0458238, 0.000472336, 0.203623], 
              [0.953042, 0.000472336, 0.000472336, 0.0460129], 
              [0.408825, 0.000472336, 0.0458238, 0.544879], 
              [0.11516, 0.136527, 0.0911753, 0.657138], 
              [0.521083, 0.136527, 0.024268, 0.318122], 
              [0.611786, 0.0696195, 0.000472336, 0.318122], 
              [0.664767, 0.00586128, 0.0750084, 0.254364]
            ]
          }, {
            "db": 0,
            "id": "CDX2_HUMAN.H11MO.0.A",
            "len": 12,
            "nsites": 151,
            "evalue": "1.0e+000",
            "url": "http://hocomoco.autosome.ru/motif/CDX2_HUMAN.H11MO.0.A",
            "pwm": [
              [0.15241, 0.119264, 0.211918, 0.516407], 
              [0.0597563, 0.0729373, 0.0597011, 0.807605], 
              [0.106083, 0.000137856, 0.0663192, 0.82746], 
              [0.0862288, 0.245009, 0.172209, 0.496553], 
              [0.986295, 0.00675599, 0.00675599, 0.000193051], 
              [0.00681118, 0.0530829, 0.0133741, 0.926732], 
              [0.04652, 0.000137856, 0.31119, 0.642152], 
              [0.185501, 0.00675599, 0.80755, 0.000193051], 
              [0.0134293, 0.761223, 0.132501, 0.0928469], 
              [0.264918, 0.211918, 0.0861736, 0.43699], 
              [0.139174, 0.198682, 0.350899, 0.311245], 
              [0.0134293, 0.231773, 0.172209, 0.582589]
            ]
          }, {
            "db": 0,
            "id": "CPEB1_HUMAN.H11MO.0.D",
            "len": 17,
            "nsites": 1803,
            "evalue": "1.0e+000",
            "url": "http://hocomoco.autosome.ru/motif/CPEB1_HUMAN.H11MO.0.D",
            "pwm": [
              [0.163623, 0.21797, 0.0893022, 0.529105], 
              [0.000570778, 0.000566153, 0.000566153, 0.998297], 
              [0.00473028, 0.00361645, 0.000288853, 0.991364], 
              [0.000709428, 0.001814, 0.000150202, 0.997326], 
              [1.61777e-05, 0.00167535, 1.15523e-05, 0.998297], 
              [0.996633, 0.000566153, 0.00222995, 0.000570778], 
              [0.00223458, 0.0543624, 0.00333915, 0.940064], 
              [0.128129, 0.235717, 0.0282962, 0.607858], 
              [0.181925, 0.250691, 0.0732188, 0.494165], 
              [0.0926344, 0.223516, 0.0482618, 0.635588], 
              [0.0809878, 0.184139, 0.0343968, 0.700476], 
              [0.065459, 0.135889, 0.0260778, 0.772575], 
              [0.100399, 0.118141, 0.016095, 0.765365], 
              [0.181232, 0.0991464, 0.0115195, 0.708102], 
              [0.224075, 0.116478, 0.0233048, 0.636143], 
              [0.240297, 0.168749, 0.0345354, 0.556419], 
              [0.223659, 0.210344, 0.0700299, 0.495968]
            ]
          }, {
            "db": 0,
            "id": "EVI1_HUMAN.H11MO.0.B",
            "len": 16,
            "nsites": 141,
            "evalue": "1.0e+000",
            "url": "http://hocomoco.autosome.ru/motif/EVI1_HUMAN.H11MO.0.B",
            "pwm": [
              [0.418886, 0.152793, 0.189313, 0.239009], 
              [0.635767, 0.0373206, 0.0836373, 0.243275], 
              [0.0211066, 0.0295381, 0.906751, 0.0426047], 
              [0.97272, 0.00602572, 0.00602572, 0.0152285], 
              [0.0413534, 0.455694, 0.00602572, 0.496927], 
              [0.95182, 0.00602572, 0.0177819, 0.0243722], 
              [0.917559, 0.000147626, 0.0157951, 0.0664986], 
              [0.0306857, 0.00602572, 0.961993, 0.00129527], 
              [0.966842, 0.000147626, 0.000147626, 0.0328628], 
              [0.000206733, 0.124702, 0.0053726, 0.869719], 
              [0.900171, 0.0325311, 0.000147626, 0.0671507], 
              [0.771723, 0.00929133, 0.156732, 0.0622533], 
              [0.21089, 0.183455, 0.352284, 0.253371], 
              [0.743777, 0.0920455, 0.0765079, 0.0876701], 
              [0.12936, 0.156079, 0.308146, 0.406415], 
              [0.490355, 0.119191, 0.158433, 0.232021]
            ]
          }, {
            "db": 0,
            "id": "EVX2_HUMAN.H11MO.0.A",
            "len": 13,
            "nsites": 500,
            "evalue": "1.0e+000",
            "url": "http://hocomoco.autosome.ru/motif/EVX2_HUMAN.H11MO.0.A",
            "pwm": [
              [0.164026, 0.176006, 0.361969, 0.297999], 
              [0.116035, 0.182005, 0.208, 0.49396], 
              [0.0120559, 0.0100397, 0.0140389, 0.963866], 
              [0.0140555, 0.00804005, 4.16517e-05, 0.977863], 
              [0.0280527, 0.0220373, 0.0280361, 0.921874], 
              [0.983862, 0.0100397, 0.00404085, 0.00205793], 
              [0.00405753, 0.0580301, 4.16517e-05, 0.937871], 
              [0.0460491, 0.00604045, 0.495942, 0.451968], 
              [0.385981, 4.16517e-05, 0.60592, 0.00805673], 
              [0.0460491, 0.735894, 0.10602, 0.112036], 
              [0.156027, 0.413959, 0.0480321, 0.381982], 
              [0.128033, 0.30798, 0.196002, 0.367985], 
              [0.14203, 0.249992, 0.190004, 0.417975]
            ]
          }, {
            "db": 0,
            "id": "FOXD3_HUMAN.H11MO.0.D",
            "len": 15,
            "nsites": 465,
            "evalue": "1.0e+000",
            "url": "http://hocomoco.autosome.ru/motif/FOXD3_HUMAN.H11MO.0.D",
            "pwm": [
              [0.157018, 0.176351, 0.298905, 0.367726], 
              [0.118317, 0.217202, 0.266654, 0.397827], 
              [0.135517, 0.00649501, 0.0559467, 0.802041], 
              [0.0387641, 0.0688472, 0.872975, 0.0194134], 
              [0.092516, 0.0516466, 0.0365961, 0.819241], 
              [0.036614, 0.111849, 0.0494965, 0.802041], 
              [0.0538146, 4.47861e-05, 0.0946481, 0.851493], 
              [0.339775, 0.200002, 0.225803, 0.234421], 
              [0.0581147, 0.599916, 0.062397, 0.279573], 
              [0.294623, 0.202152, 0.0408962, 0.462329], 
              [0.109717, 0.223653, 0.0709973, 0.595634], 
              [0.404277, 0.0473464, 0.14625, 0.402127], 
              [0.230121, 0.14195, 0.42791, 0.20002], 
              [0.101116, 0.363408, 0.348357, 0.187119], 
              [0.356975, 0.292455, 0.111849, 0.238721]
            ]
          }, {
            "db": 0,
            "id": "FOXG1_HUMAN.H11MO.0.D",
            "len": 17,
            "nsites": 310,
            "evalue": "1.0e+000",
            "url": "http://hocomoco.autosome.ru/motif/FOXG1_HUMAN.H11MO.0.D",
            "pwm": [
              [0.358379, 0.152229, 0.184553, 0.304838], 
              [0.150409, 0.111037, 0.121197, 0.617357], 
              [0.0332519, 0.0359942, 0.0297147, 0.901039], 
              [0.102429, 0.0200175, 0.857509, 0.0200444], 
              [9.40664e-05, 0.00320694, 0.00948646, 0.987213], 
              [9.40664e-05, 6.71719e-05, 0.231864, 0.767975], 
              [0.00341911, 6.71719e-05, 0.0926127, 0.903901], 
              [0.687433, 0.164261, 0.108497, 0.0398094], 
              [0.0396241, 0.353223, 0.0255559, 0.581597], 
              [0.309128, 0.0957524, 0.292271, 0.302849], 
              [0.191094, 0.0709948, 0.118647, 0.619264], 
              [0.366395, 0.0569535, 0.178498, 0.398153], 
              [0.0616462, 0.0549692, 0.0200613, 0.863323], 
              [0.313884, 0.0397311, 0.316256, 0.330129], 
              [0.0491335, 0.0747806, 0.088266, 0.78782], 
              [0.238744, 0.0549229, 0.0785688, 0.627764], 
              [0.082891, 0.134397, 0.197017, 0.585694]
            ]
          }, {
            "db": 0,
            "id": "FOXL1_HUMAN.H11MO.0.D",
            "len": 19,
            "nsites": 1207,
            "evalue": "1.0e+000",
            "url": "http://hocomoco.autosome.ru/motif/FOXL1_HUMAN.H11MO.0.D",
            "pwm": [
              [0.160533, 0.16384, 0.222658, 0.452969], 
              [0.140236, 0.189107, 0.444264, 0.226393], 
              [0.191185, 0.0404033, 0.132359, 0.636053], 
              [0.062985, 0.0240418, 0.0414388, 0.871534], 
              [0.000645489, 0.00063858, 0.00063858, 0.998077], 
              [0.0874237, 0.000431472, 0.905079, 0.00706584], 
              [0.00830848, 1.72562e-05, 1.72562e-05, 0.991657], 
              [2.41653e-05, 1.72562e-05, 1.72562e-05, 0.999941], 
              [2.41653e-05, 1.72562e-05, 1.72562e-05, 0.999941], 
              [0.470573, 1.72562e-05, 0.529385, 2.41653e-05], 
              [2.41653e-05, 1.72562e-05, 1.72562e-05, 0.999941], 
              [2.41653e-05, 1.72562e-05, 1.72562e-05, 0.999941], 
              [2.41653e-05, 1.72562e-05, 1.72562e-05, 0.999941], 
              [0.985858, 1.72562e-05, 0.0116153, 0.00250946], 
              [0.000852597, 0.511988, 0.000845688, 0.486314], 
              [0.414861, 0.0188641, 0.0213494, 0.544925], 
              [0.103992, 0.0145148, 0.018657, 0.862836], 
              [0.226186, 0.0174143, 0.014929, 0.741471], 
              [0.193256, 0.125318, 0.083896, 0.597531]
            ]
          }, {
            "db": 0,
            "id": "HXB6_HUMAN.H11MO.0.D",
            "len": 13,
            "nsites": 7,
            "evalue": "1.0e+000",
            "url": "http://hocomoco.autosome.ru/motif/HXB6_HUMAN.H11MO.0.D",
            "pwm": [
              [0.471235, 0.0921523, 0.224328, 0.212285], 
              [0.493158, 0.121892, 0.0029338, 0.382017], 
              [0.00410845, 0.121892, 0.0029338, 0.871066], 
              [0.123066, 0.0029338, 0.869891, 0.00410845], 
              [0.990024, 0.0029338, 0.0029338, 0.00410845], 
              [0.00410845, 0.0029338, 0.0029338, 0.990024], 
              [0.00410845, 0.0029338, 0.0029338, 0.990024], 
              [0.123066, 0.0029338, 0.4998, 0.3742], 
              [0.871066, 0.0029338, 0.121892, 0.00410845], 
              [0.00410845, 0.0029338, 0.0029338, 0.990024], 
              [0.00410845, 0.0029338, 0.869891, 0.123066], 
              [0.493158, 0.4998, 0.0029338, 0.00410845], 
              [0.500975, 0.254067, 0.121892, 0.123066]
            ]
          }, {
            "db": 0,
            "id": "HXC10_HUMAN.H11MO.0.D",
            "len": 19,
            "nsites": 8980,
            "evalue": "1.0e+000",
            "url": "http://hocomoco.autosome.ru/motif/HXC10_HUMAN.H11MO.0.D",
            "pwm": [
              [0.234694, 0.162724, 0.181709, 0.420873], 
              [0.310598, 0.114298, 0.119065, 0.456039], 
              [0.42012, 0.0660392, 0.0691724, 0.444668], 
              [0.39671, 0.0458537, 0.0488343, 0.508602], 
              [0.429141, 0.0408559, 0.0917168, 0.438286], 
              [0.471936, 0.0571732, 0.160059, 0.310831], 
              [0.410823, 0.163883, 0.195753, 0.229541], 
              [0.295695, 0.187922, 0.216996, 0.299387], 
              [0.253353, 0.193965, 0.216088, 0.336595], 
              [0.247208, 0.139666, 0.201695, 0.411431], 
              [0.0931921, 0.102039, 0.124499, 0.68027], 
              [0.0225633, 0.0133639, 0.0946815, 0.869391], 
              [0.000595219, 0.0131893, 0.00844102, 0.977774], 
              [0.370086, 0.0164389, 0.0142789, 0.599196], 
              [0.987532, 0.00460778, 0.0077839, 7.67245e-05], 
              [0.0401002, 0.172039, 0.0546656, 0.733195], 
              [0.115705, 0.0918093, 0.393456, 0.399029], 
              [0.471773, 0.0897987, 0.317193, 0.121235], 
              [0.167595, 0.426743, 0.202756, 0.202906]
            ]
          }, {
            "db": 0,
            "id": "HXC11_HUMAN.H11MO.0.D",
            "len": 11,
            "nsites": 320,
            "evalue": "1.0e+000",
            "url": "http://hocomoco.autosome.ru/motif/HXC11_HUMAN.H11MO.0.D",
            "pwm": [
              [0.313743, 0.109319, 0.253004, 0.323933], 
              [0.111536, 0.0717404, 0.140312, 0.676411], 
              [0.0299457, 0.0638171, 0.0450976, 0.86114], 
              [0.0558928, 0.015103, 0.0176508, 0.911353], 
              [0.363645, 0.0201985, 0.00324974, 0.612907], 
              [0.971862, 0.010256, 6.50734e-05, 0.0178169], 
              [0.00518659, 0.634505, 0.0245486, 0.33576], 
              [0.0309982, 0.0410547, 0.765894, 0.162053], 
              [0.741328, 0.0293098, 0.145964, 0.0833984], 
              [0.0711838, 0.554161, 0.146271, 0.228384], 
              [0.173992, 0.389096, 0.15624, 0.280672]
            ]
          }, {
            "db": 0,
            "id": "IRF1_HUMAN.H11MO.0.A",
            "len": 20,
            "nsites": 499,
            "evalue": "1.0e+000",
            "url": "http://hocomoco.autosome.ru/motif/IRF1_HUMAN.H11MO.0.A",
            "pwm": [
              [0.338668, 0.176359, 0.356684, 0.128289], 
              [0.605148, 0.0982185, 0.192388, 0.104246], 
              [0.657241, 0.0962148, 0.128273, 0.118271], 
              [0.735382, 0.0741752, 0.0781824, 0.11226], 
              [0.310617, 0.228453, 0.266521, 0.194408], 
              [0.298596, 0.138291, 0.152316, 0.410798], 
              [0.166358, 0.00805616, 0.82152, 0.00406566], 
              [0.933739, 0.0100598, 0.0461247, 0.0100765], 
              [0.987836, 0.00204534, 4.17351e-05, 0.0100765], 
              [0.983829, 0.00204534, 0.00605255, 0.00807287], 
              [0.136304, 0.364698, 0.468886, 0.0301125], 
              [0.200419, 0.100222, 0.0220814, 0.677277], 
              [0.10625, 0.00404895, 0.887639, 0.00206205], 
              [0.937746, 0.0160706, 0.0421175, 0.00406566], 
              [0.96179, 4.17351e-05, 0.0280922, 0.0100765], 
              [0.985833, 0.00404895, 0.00404895, 0.00606926], 
              [0.0441378, 0.360691, 0.547026, 0.048145], 
              [0.196412, 0.242478, 0.0761788, 0.484931], 
              [0.468902, 0.124265, 0.308597, 0.0982352], 
              [0.436845, 0.16033, 0.268525, 0.1343]
            ]
          }, {
            "db": 0,
            "id": "NANOG_HUMAN.H11MO.0.A",
            "len": 17,
            "nsites": 499,
            "evalue": "1.0e+000",
            "url": "http://hocomoco.autosome.ru/motif/NANOG_HUMAN.H11MO.0.A",
            "pwm": [
              [0.128289, 0.258507, 0.280547, 0.332657], 
              [0.0441378, 0.486918, 0.178363, 0.290581], 
              [0.0882171, 0.510961, 0.070168, 0.330654], 
              [0.30661, 0.0441211, 0.0601499, 0.589119], 
              [0.0120801, 0.0601499, 0.0421175, 0.885653], 
              [0.0681811, 0.00805616, 0.0381103, 0.885653], 
              [0.110257, 0.248489, 0.589102, 0.0521522], 
              [0.376736, 0.0421175, 0.0361067, 0.545039], 
              [0.230473, 0.260511, 0.192388, 0.316628], 
              [0.807512, 0.034103, 0.0401139, 0.118271], 
              [0.0681811, 0.014067, 0.0300958, 0.887656], 
              [0.0261053, 0.0180742, 0.811502, 0.144318], 
              [0.0281089, 0.635185, 0.116251, 0.220455], 
              [0.681285, 0.0320994, 0.0160706, 0.270545], 
              [0.663252, 0.0501319, 0.240475, 0.0461414], 
              [0.805508, 0.0481283, 0.0681644, 0.0781991], 
              [0.140311, 0.150312, 0.200402, 0.508974]
            ]
          }, {
            "db": 0,
            "id": "NKX62_HUMAN.H11MO.0.D",
            "len": 11,
            "nsites": 8061,
            "evalue": "1.0e+000",
            "url": "http://hocomoco.autosome.ru/motif/NKX62_HUMAN.H11MO.0.D",
            "pwm": [
              [0.306015, 0.21901, 0.198595, 0.27638], 
              [0.347356, 0.152322, 0.177248, 0.323075], 
              [0.187118, 0.0451725, 0.0555768, 0.712133], 
              [0.0185011, 0.023383, 0.0124625, 0.945653], 
              [0.95088, 0.000481029, 0.0296719, 0.0189674], 
              [0.999757, 0.00010927, 2.39212e-05, 0.000110304], 
              [0.0096201, 2.39212e-05, 0.00165457, 0.988701], 
              [0.110385, 0.0297702, 0.369883, 0.489961], 
              [0.627162, 0.0307859, 0.30636, 0.035692], 
              [0.0906494, 0.460895, 0.294645, 0.153811], 
              [0.193957, 0.338656, 0.256741, 0.210646]
            ]
          }, {
            "db": 0,
            "id": "ONEC2_HUMAN.H11MO.0.D",
            "len": 21,
            "nsites": 7,
            "evalue": "1.0e+000",
            "url": "http://hocomoco.autosome.ru/motif/ONEC2_HUMAN.H11MO.0.D",
            "pwm": [
              [0.296802, 0.0029338, 0.418867, 0.281397], 
              [0.142753, 0.0029338, 0.295627, 0.558686], 
              [0.142753, 0.434272, 0.295627, 0.127348], 
              [0.265992, 0.156983, 0.141578, 0.435446], 
              [0.142753, 0.156983, 0.141578, 0.558686], 
              [0.142753, 0.126173, 0.449677, 0.281397], 
              [0.450851, 0.0029338, 0.0029338, 0.543281], 
              [0.00410845, 0.141578, 0.141578, 0.712735], 
              [0.990024, 0.0029338, 0.0029338, 0.00410845], 
              [0.00410845, 0.0029338, 0.0029338, 0.990024], 
              [0.00410845, 0.156983, 0.280223, 0.558686], 
              [0.158158, 0.0029338, 0.8348, 0.00410845], 
              [0.990024, 0.0029338, 0.0029338, 0.00410845], 
              [0.00410845, 0.280223, 0.0029338, 0.712735], 
              [0.00410845, 0.0029338, 0.0029338, 0.990024], 
              [0.281397, 0.126173, 0.0029338, 0.589496], 
              [0.281397, 0.0029338, 0.0029338, 0.712735], 
              [0.281397, 0.0029338, 0.141578, 0.574091], 
              [0.00410845, 0.418867, 0.0029338, 0.574091], 
              [0.00410845, 0.434272, 0.0029338, 0.558686], 
              [0.265992, 0.156983, 0.0029338, 0.574091]
            ]
          }, {
            "db": 0,
            "id": "PO2F1_HUMAN.H11MO.0.C",
            "len": 16,
            "nsites": 134,
            "evalue": "1.0e+000",
            "url": "http://hocomoco.autosome.ru/motif/PO2F1_HUMAN.H11MO.0.C",
            "pwm": [
              [0.634073, 0.112012, 0.156755, 0.0971601], 
              [0.432731, 0.171669, 0.171669, 0.223931], 
              [0.0747887, 0.0448981, 0.29844, 0.581873], 
              [0.0822459, 0.365554, 0.335726, 0.216474], 
              [0.298502, 0.134384, 0.469954, 0.0971601], 
              [0.492388, 0.164212, 0.0374409, 0.30596], 
              [0.947272, 0.0374409, 0.00761245, 0.00767465], 
              [0.0375031, 0.0150696, 0.00761245, 0.939815], 
              [0.0598745, 0.000155332, 0.939753, 0.000217524], 
              [0.0151318, 0.462497, 0.425211, 0.0971601], 
              [0.917443, 0.0225267, 0.0299838, 0.030046], 
              [0.820501, 0.0374409, 0.126926, 0.0151318], 
              [0.53713, 0.0672694, 0.0523552, 0.343245], 
              [0.119531, 0.395383, 0.0598123, 0.425273], 
              [0.604244, 0.141841, 0.171669, 0.0822459], 
              [0.462559, 0.0821837, 0.0747265, 0.380531]
            ]
          }, {
            "db": 0,
            "id": "PO5F1_HUMAN.H11MO.0.A",
            "len": 16,
            "nsites": 500,
            "evalue": "1.0e+000",
            "url": "http://hocomoco.autosome.ru/motif/PO5F1_HUMAN.H11MO.0.A",
            "pwm": [
              [0.0520479, 0.519938, 0.194003, 0.234012], 
              [0.0740435, 0.529936, 0.0800257, 0.315995], 
              [0.38998, 0.0440329, 0.0400337, 0.525953], 
              [0.0200543, 0.0640289, 0.0240369, 0.89188], 
              [0.0720439, 0.0220373, 0.0280361, 0.877883], 
              [0.104038, 0.313979, 0.515938, 0.0660451], 
              [0.379982, 0.0360345, 0.0320353, 0.551948], 
              [0.176023, 0.249992, 0.100022, 0.473964], 
              [0.883882, 0.0200377, 0.0320353, 0.0640455], 
              [0.0140555, 0.00204125, 0.0160385, 0.967865], 
              [0.0120559, 0.00804005, 0.921857, 0.0580467], 
              [0.0140555, 0.75989, 0.0940229, 0.132032], 
              [0.7899, 0.0200377, 0.0300357, 0.160026], 
              [0.619934, 0.0600297, 0.253991, 0.0660451], 
              [0.829892, 0.0360345, 0.0680281, 0.0660451], 
              [0.160026, 0.138014, 0.122017, 0.579942]
            ]
          }, {
            "db": 0,
            "id": "PRDM6_HUMAN.H11MO.0.C",
            "len": 13,
            "nsites": 500,
            "evalue": "1.0e+000",
            "url": "http://hocomoco.autosome.ru/motif/PRDM6_HUMAN.H11MO.0.C",
            "pwm": [
              [0.463966, 0.166008, 0.245992, 0.124034], 
              [0.529952, 0.0700277, 0.267988, 0.132032], 
              [0.433972, 0.196002, 0.329976, 0.0400503], 
              [0.615935, 0.0380341, 0.202001, 0.14403], 
              [0.471964, 0.0100397, 0.451951, 0.0660451], 
              [0.00205793, 0.0460325, 0.941853, 0.0100563], 
              [0.977863, 0.0160385, 4.16517e-05, 0.00605713], 
              [0.983862, 0.00404085, 4.16517e-05, 0.0120559], 
              [0.937871, 0.00804005, 0.00804005, 0.0460491], 
              [0.759906, 0.132015, 0.0680281, 0.0400503], 
              [0.603938, 0.233995, 0.112019, 0.0500483], 
              [0.49196, 0.192003, 0.126016, 0.19002], 
              [0.503958, 0.15601, 0.202001, 0.138031]
            ]
          }, {
            "db": 0,
            "id": "SIX2_HUMAN.H11MO.0.A",
            "len": 13,
            "nsites": 500,
            "evalue": "1.0e+000",
            "url": "http://hocomoco.autosome.ru/motif/SIX2_HUMAN.H11MO.0.A",
            "pwm": [
              [0.166025, 0.0120393, 0.311979, 0.509956], 
              [0.0260531, 0.00404085, 0.951851, 0.0180547], 
              [0.59194, 0.0400337, 0.0860245, 0.282002], 
              [0.851888, 0.0600297, 0.0220373, 0.0660451], 
              [0.983862, 0.0100397, 0.00404085, 0.00205793], 
              [0.0560471, 0.499942, 0.0680281, 0.375983], 
              [0.224014, 0.367968, 0.0740269, 0.333992], 
              [0.160026, 0.136014, 0.11002, 0.59394], 
              [0.168025, 0.0260365, 0.737894, 0.0680447], 
              [0.99186, 0.00204125, 0.00204125, 0.00405753], 
              [0.0740435, 0.16001, 0.439954, 0.325993], 
              [0.551948, 0.361969, 0.0280361, 0.0580467], 
              [0.198019, 0.531935, 0.0660285, 0.204018]
            ]
          }, {
            "db": 0,
            "id": "SOX2_HUMAN.H11MO.1.A",
            "len": 16,
            "nsites": 500,
            "evalue": "1.0e+000",
            "url": "http://hocomoco.autosome.ru/motif/SOX2_HUMAN.H11MO.1.A",
            "pwm": [
              [0.0780427, 0.271987, 0.267988, 0.381982], 
              [0.0280527, 0.631915, 0.150012, 0.19002], 
              [0.0340515, 0.677906, 0.0180381, 0.270004], 
              [0.381982, 0.0440329, 0.0140389, 0.559946], 
              [0.00205793, 0.0160385, 0.00604045, 0.975863], 
              [0.00805673, 4.16517e-05, 0.00404085, 0.987861], 
              [0.0520479, 0.233995, 0.695902, 0.0180547], 
              [0.198019, 0.00804005, 0.0180381, 0.775903], 
              [0.132032, 0.279986, 0.176006, 0.411976], 
              [0.507957, 0.200002, 0.0440329, 0.248009], 
              [0.0620459, 0.0600297, 0.0340349, 0.84389], 
              [0.0160551, 0.190004, 0.589924, 0.204018], 
              [0.0600463, 0.533935, 0.10602, 0.299998], 
              [0.525953, 0.10602, 0.0960225, 0.272004], 
              [0.421974, 0.140014, 0.245992, 0.19202], 
              [0.631932, 0.116018, 0.0620293, 0.19002]
            ]
