<!DOCTYPE HTML>
<html>
  <head>
    <meta charset="UTF-8">
    <title>SpaMo - Spaced Motif Analysis</title>
    <script type="text/javascript">
      //@JSON_VAR data
      var data = {"program":"SpaMo","version":"4.12.0","revision":"aacc9c3eb8c7b460b344d5c8aa1458097dae704d","release":"Tue Jun 27 16:22:50 2017 -0700","host":"Sudins-iMac.local","when":"Thu May 24 14:22:24 2018","cmd":["spamo","-verbosity","1","-oc","results/AHRpeaks_not-in-DHSs-withAHREs.bed-399.fa/hocomoco/spamo_out_1","-bgfile","results/AHRpeaks_not-in-DHSs-withAHREs.bed-399.fa/hocomoco/background","-primary","TTTGCAYGRCAAARGGAACAGTCAGC","results/AHRpeaks_not-in-DHSs-withAHREs.bed-399.fa/hocomoco/AHRpeaks_not-in-DHSs-withAHREs.bed-399.fa","results/AHRpeaks_not-in-DHSs-withAHREs.bed-399.fa/hocomoco/meme_out/meme.xml","results/AHRpeaks_not-in-DHSs-withAHREs.bed-399.fa/hocomoco/meme_out/meme.xml","/Users/filipov4/meme/db/motif_databases/HUMAN/HOCOMOCOv11_full_HUMAN_mono_meme_format.meme"],"options":{"seq_min_hit_score":7,"margin":150,"bin_size":1,"bin_pvalue_calc_range":150,"use_best_secondary":0,"seq_max_shared_fract":0.5,"seq_odds_ratio":20,"bin_pvalue_cutoff":0.05,"motif_evalue_cutoff":10,"redundant_overlap":2,"redundant_joint":0.5,"motif_pseudocount":0.1,"bgfile":"results/AHRpeaks_not-in-DHSs-withAHREs.bed-399.fa/hocomoco/background","motif_trim":0.25,"xalph":0,"seed":1,"bin_max":3},"alphabet":{"name":"DNA","like":"dna","ncore":4,"symbols":[{"symbol":"A","name":"Adenine","colour":"CC0000","complement":"T"},{"symbol":"C","name":"Cytosine","colour":"0000CC","complement":"G"},{"symbol":"G","name":"Guanine","colour":"FFB300","complement":"C"},{"symbol":"T","aliases":"U","name":"Thymine","colour":"008000","complement":"A"},{"symbol":"N","aliases":"X.","name":"Any base","equals":"ACGT"},{"symbol":"V","name":"Not T","equals":"ACG"},{"symbol":"H","name":"Not G","equals":"ACT"},{"symbol":"D","name":"Not C","equals":"AGT"},{"symbol":"B","name":"Not A","equals":"CGT"},{"symbol":"M","name":"Amino","equals":"AC"},{"symbol":"R","name":"Purine","equals":"AG"},{"symbol":"W","name":"Weak","equals":"AT"},{"symbol":"S","name":"Strong","equals":"CG"},{"symbol":"Y","name":"Pyrimidine","equals":"CT"},{"symbol":"K","name":"Keto","equals":"GT"}]},"background":[0.3083,0.1917,0.1917,0.3083],"sequence_dbs":[{"source":"results/AHRpeaks_not-in-DHSs-withAHREs.bed-399.fa/hocomoco/AHRpeaks_not-in-DHSs-withAHREs.bed-399.fa","name":"AHRpeaks_not-in-DHSs-withAHREs.bed-399","last_modified":"Thu May 24 11:14:35 2018","loaded":19,"excluded_too_short":0,"excluded_no_match":15,"excluded_ambigs":0,"excluded_similar":0,"erased_primary_matches":0}],"primary_dbs":[{"source":"results/AHRpeaks_not-in-DHSs-withAHREs.bed-399.fa/hocomoco/meme_out/meme.xml","name":"meme.xml","last_modified":"Thu May 24 14:22:02 2018","loaded":6,"excluded":5}],"secondary_dbs":[{"source":"results/AHRpeaks_not-in-DHSs-withAHREs.bed-399.fa/hocomoco/meme_out/meme.xml","name":"meme.xml","last_modified":"Thu May 24 14:22:02 2018","loaded":7,"excluded":1},{"source":"/Users/filipov4/meme/db/motif_databases/HUMAN/HOCOMOCOv11_full_HUMAN_mono_meme_format.meme","name":"HOCOMOCOv11_full_HUMAN_mono_meme_format","last_modified":"Wed Dec  6 21:59:30 2017","loaded":771,"excluded":0}],"secondary_motifs":[{"db":1,"id":"BRCA1_HUMAN.H11MO.0.D","len":9,"ltrim":1,"rtrim":0,"nsites":73,"evalue":"1.0e+000","url":"http://hocomoco.autosome.ru/motif/BRCA1_HUMAN.H11MO.0.D","pwm":[[0.144263,0.197193,0.290335,0.368209],[0.189639,0.000262244,0.275379,0.53472],[0.028415,0.125272,0.153266,0.693047],[0.0564083,0.344402,0.481471,0.117718],[0.028415,0.149898,0.450581,0.371106],[0.000421751,0.000262244,0.869539,0.129777],[0.000421751,0.0282555,0.000262244,0.97106],[0.000421751,0.000262244,0.000262244,0.999054],[0.0634066,0.073387,0.827793,0.0354133]]},{"db":1,"id":"CDC5L_HUMAN.H11MO.0.D","len":15,"ltrim":0,"rtrim":0,"nsites":10,"evalue":"1.0e+000","url":"http://hocomoco.autosome.ru/motif/CDC5L_HUMAN.H11MO.0.D","pwm":[[0.151567,0.150413,0.645462,0.0525574],[0.00305247,0.199918,0.397938,0.399092],[0.201072,0.00189802,0.793977,0.00305247],[0.498102,0.100908,0.100908,0.300082],[0.00305247,0.100908,0.298928,0.597112],[0.201072,0.00189802,0.199918,0.597112],[0.102062,0.00189802,0.00189802,0.894142],[0.894142,0.00189802,0.100908,0.00305247],[0.795132,0.00189802,0.00189802,0.201072],[0.102062,0.595957,0.00189802,0.300082],[0.597112,0.00189802,0.298928,0.102062],[0.201072,0.100908,0.00189802,0.696122],[0.795132,0.100908,0.100908,0.00305247],[0.597112,0.00189802,0.100908,0.300082],[0.0773099,0.274175,0.175165,0.47335]]},{"db":1,"id":"FOXA1_HUMAN.H11MO.0.A","len":12,"ltrim":0,"rtrim":2,"nsites":500,"evalue":"1.0e+000","url":"http://hocomoco.autosome.ru/motif/FOXA1_HUMAN.H11MO.0.A","pwm":[[0.0160584,3.83324e-05,3.83324e-05,0.983865],[0.246012,0.00403753,0.749888,6.16476e-05],[0.00206125,3.83324e-05,3.83324e-05,0.997862],[0.00406085,3.83324e-05,0.0560271,0.939874],[6.16476e-05,3.83324e-05,0.14401,0.85589],[0.781905,3.83324e-05,0.205997,0.0120592],[0.00806005,0.797879,0.00803673,0.186024],[0.317998,0.138011,0.00403753,0.539954],[0.0320552,0.313976,0.108017,0.545952],[0.463969,0.0200343,0.0160351,0.499962],[0.218018,0.0980187,0.49394,0.190024],[0.10804,0.259986,0.39396,0.238014]]},{"db":1,"id":"FOXD3_HUMAN.H11MO.0.D","len":15,"ltrim":2,"rtrim":3,"nsites":465,"evalue":"1.0e+000","url":"http://hocomoco.autosome.ru/motif/FOXD3_HUMAN.H11MO.0.D","pwm":[[0.157022,0.176347,0.298902,0.367729],[0.11832,0.217199,0.266651,0.39783],[0.135521,0.00649144,0.0559432,0.802044],[0.0387676,0.0688436,0.872972,0.019417],[0.0925195,0.051643,0.0365925,0.819245],[0.0366176,0.111845,0.0494929,0.802044],[0.0538182,4.1217e-05,0.0946445,0.851496],[0.339778,0.199998,0.225799,0.234424],[0.0581183,0.599912,0.0623934,0.279576],[0.294627,0.202148,0.0408926,0.462332],[0.10972,0.223649,0.0709937,0.595637],[0.40428,0.0473429,0.146246,0.40213],[0.230124,0.141946,0.427906,0.200023],[0.10112,0.363404,0.348353,0.187123],[0.356979,0.292451,0.111845,0.238725]]},{"db":1,"id":"FOXF1_HUMAN.H11MO.0.D","len":11,"ltrim":1,"rtrim":0,"nsites":8,"evalue":"1.0e+000","url":"http://hocomoco.autosome.ru/motif/FOXF1_HUMAN.H11MO.0.D","pwm":[[0.414118,0.151241,0.151241,0.283399],[0.00380617,0.00236667,0.00236667,0.99146],[0.134525,0.00236667,0.859302,0.00380617],[0.00380617,0.00236667,0.00236667,0.99146],[0.00380617,0.00236667,0.00236667,0.99146],[0.00380617,0.00236667,0.00236667,0.99146],[0.730023,0.0677261,0.198445,0.00380617],[0.00380617,0.133086,0.00236667,0.860742],[0.0219616,0.151241,0.151241,0.675556],[0.265244,0.169396,0.00236667,0.562993],[0.432274,0.00236667,0.0386775,0.526682]]},{"db":1,"id":"FOXJ2_HUMAN.H11MO.0.C","len":10,"ltrim":0,"rtrim":0,"nsites":41,"evalue":"1.0e+000","url":"http://hocomoco.autosome.ru/motif/FOXJ2_HUMAN.H11MO.0.C","pwm":[[0.000750121,0.0241553,0.000466424,0.974628],[0.308706,0.000466424,0.642699,0.048128],[0.000750121,0.000466424,0.0241553,0.974628],[0.000750121,0.000466424,0.000466424,0.998317],[0.000750121,0.000466424,0.000466424,0.998317],[0.548227,0.000466424,0.450556,0.000750121],[0.000750121,0.19261,0.000466424,0.806174],[0.119195,0.216299,0.000466424,0.66404],[0.000750121,0.0241553,0.237356,0.737739],[0.465316,0.0833777,0.130756,0.320551]]},{"db":1,"id":"FOXJ3_HUMAN.H11MO.1.B","len":13,"ltrim":0,"rtrim":0,"nsites":613,"evalue":"1.0e+000","url":"http://hocomoco.autosome.ru/motif/FOXJ3_HUMAN.H11MO.1.B","pwm":[[0.126268,0.100125,0.122344,0.651263],[0.0348035,3.12674e-05,0.390455,0.57471],[0.0300421,3.12674e-05,0.516087,0.453839],[5.02854e-05,3.12674e-05,3.12674e-05,0.999887],[0.0547402,3.12674e-05,0.115337,0.829892],[0.396795,3.12674e-05,0.115347,0.487827],[0.356267,0.0774967,3.12674e-05,0.566205],[5.02854e-05,3.12674e-05,3.12674e-05,0.999887],[0.163667,3.12674e-05,0.836251,5.02854e-05],[5.02854e-05,3.12674e-05,3.12674e-05,0.999887],[5.02854e-05,3.12674e-05,3.12674e-05,0.999887],[5.02854e-05,3.12674e-05,0.0127063,0.987212],[0.645561,0.104691,0.116947,0.132801]]},{"db":1,"id":"FOXK1_HUMAN.H11MO.0.A","len":10,"ltrim":0,"rtrim":0,"nsites":500,"evalue":"1.0e+000","url":"http://hocomoco.autosome.ru/motif/FOXK1_HUMAN.H11MO.0.A","pwm":[[0.0200576,0.00803673,0.0100363,0.961869],[0.0760465,0.0200343,0.895859,0.00806005],[0.00606045,0.0860211,0.0200343,0.887884],[0.00206125,0.0100363,0.100018,0.887884],[0.0200576,0.0200343,0.166005,0.793903],[0.491963,0.251988,0.0620259,0.194023],[0.0240568,0.655907,0.0400303,0.280006],[0.304001,0.233992,0.110016,0.351991],[0.154031,0.211996,0.150008,0.483965],[0.116038,0.227993,0.14401,0.511959]]},{"db":1,"id":"FOXM1_HUMAN.H11MO.0.A","len":12,"ltrim":0,"rtrim":2,"nsites":500,"evalue":"1.0e+000","url":"http://hocomoco.autosome.ru/motif/FOXM1_HUMAN.H11MO.0.A","pwm":[[0.0560504,0.0240335,0.0340315,0.885884],[0.252011,0.0220339,0.715895,0.0100596],[0.0260564,0.0300323,0.0560271,0.887884],[6.16476e-05,0.0680247,0.0620259,0.869888],[0.00206125,0.00203793,0.0720239,0.923877],[0.319998,0.0540275,0.587921,0.038054],[0.0740469,0.745889,0.0180347,0.162029],[0.246012,0.160006,0.0380307,0.55595],[0.048052,0.28998,0.14201,0.519958],[0.35999,0.0380307,0.0280327,0.573947],[0.10804,0.160006,0.445949,0.286004],[0.166028,0.34197,0.257987,0.234015]]},{"db":1,"id":"FOXO1_HUMAN.H11MO.0.A","len":12,"ltrim":3,"rtrim":1,"nsites":500,"evalue":"1.0e+000","url":"http://hocomoco.autosome.ru/motif/FOXO1_HUMAN.H11MO.0.A","pwm":[[0.186024,0.160006,0.259986,0.393983],[0.0960425,0.309976,0.255987,0.337994],[0.0600497,0.451948,0.253988,0.234015],[0.0400536,0.477943,0.170004,0.311999],[0.00606045,0.0120359,0.0140355,0.967868],[0.0320552,0.0340315,0.917855,0.0160584],[0.00406085,0.186001,0.0160351,0.793903],[0.0100596,0.0300323,0.0620259,0.897882],[0.0120592,0.0400303,0.221994,0.725916],[0.403981,0.223994,0.0520279,0.319998],[0.00606045,0.6919,0.0520279,0.250012],[0.226016,0.263986,0.176003,0.333995]]},{"db":1,"id":"FOXO3_HUMAN.H11MO.0.B","len":10,"ltrim":2,"rtrim":1,"nsites":500,"evalue":"1.0e+000","url":"http://hocomoco.autosome.ru/motif/FOXO3_HUMAN.H11MO.0.B","pwm":[[0.112039,0.39396,0.261986,0.232015],[0.05805,0.365965,0.188001,0.387984],[0.0200576,0.00603713,3.83324e-05,0.973867],[0.0520512,0.00403753,0.94185,0.00206125],[6.16476e-05,0.00603713,0.00603713,0.987864],[0.00406085,0.00203793,0.0300323,0.963869],[0.00206125,0.0100363,0.14001,0.847892],[0.779906,0.0580267,0.0200343,0.142033],[0.00206125,0.861866,0.00803673,0.128036],[0.383985,0.259986,0.0460291,0.31]]},{"db":1,"id":"FOXO4_HUMAN.H11MO.0.C","len":9,"ltrim":0,"rtrim":0,"nsites":28,"evalue":"1.0e+000","url":"http://hocomoco.autosome.ru/motif/FOXO4_HUMAN.H11MO.0.C","pwm":[[0.0371131,0.10873,0.10873,0.745427],[0.00109715,0.000682207,0.000682207,0.997538],[0.00109715,0.000682207,0.997123,0.00109715],[0.00109715,0.000682207,0.000682207,0.997538],[0.00109715,0.000682207,0.000682207,0.997538],[0.00109715,0.000682207,0.148748,0.849473],[0.709411,0.000682207,0.0366982,0.253209],[0.0371131,0.348836,0.180762,0.433289],[0.00109715,0.10873,0.360842,0.529331]]},{"db":1,"id":"FOXO6_HUMAN.H11MO.0.D","len":13,"ltrim":3,"rtrim":0,"nsites":3383,"evalue":"1.0e+000","url":"http://hocomoco.autosome.ru/motif/FOXO6_HUMAN.H11MO.0.D","pwm":[[0.448562,0.121344,0.161544,0.26855],[0.359147,0.17322,0.14839,0.319243],[0.117948,0.371263,0.361804,0.148985],[0.385824,0.0210662,0.0881645,0.504945],[0.000600287,0.000301253,0.00118801,0.99791],[0.00178263,5.66641e-06,0.998203,9.11294e-06],[9.11294e-06,0.000301253,0.000301253,0.999388],[0.00148705,0.000301253,0.0390231,0.959189],[9.11294e-06,0.000301253,0.104348,0.895342],[0.938276,0.0195883,0.00865158,0.0334843],[0.0048124,0.881815,0.00983393,0.103538],[0.271653,0.117649,0.46319,0.147507],[0.215122,0.16014,0.10457,0.520168]]},{"db":1,"id":"FOXP1_HUMAN.H11MO.0.A","len":9,"ltrim":0,"rtrim":0,"nsites":295,"evalue":"1.0e+000","url":"http://hocomoco.autosome.ru/motif/FOXP1_HUMAN.H11MO.0.A","pwm":[[0.0577121,0.139001,0.176276,0.627011],[0.0136592,0.281326,0.311824,0.393192],[0.00688184,0.0203971,0.0305631,0.942158],[0.0204366,0.0407291,0.840458,0.0983762],[0.000104473,0.0170084,0.0576726,0.925215],[0.00688184,0.0949481,0.0407291,0.857441],[0.0102705,0.0136197,0.0813933,0.894716],[0.52535,0.345711,0.0373405,0.0915989],[0.0170479,0.484646,0.010231,0.488075]]},{"db":1,"id":"FOXP2_HUMAN.H11MO.0.C","len":9,"ltrim":1,"rtrim":1,"nsites":500,"evalue":"1.0e+000","url":"http://hocomoco.autosome.ru/motif/FOXP2_HUMAN.H11MO.0.C","pwm":[[0.0720473,0.399958,0.215995,0.311999],[0.00606045,0.00403753,0.0140355,0.975866],[0.0400536,0.00803673,0.947849,0.00406085],[0.00606045,0.0140355,0.0120359,0.967868],[0.00206125,0.0100363,0.0880207,0.899882],[6.16476e-05,3.83324e-05,0.174004,0.825896],[0.787904,0.100018,0.0340315,0.0780461],[0.00806005,0.747889,0.0300323,0.214019],[0.339994,0.28998,0.104018,0.266008]]},{"db":1,"id":"FUBP1_HUMAN.H11MO.0.D","len":12,"ltrim":0,"rtrim":0,"nsites":102,"evalue":"1.0e+000","url":"http://hocomoco.autosome.ru/motif/FUBP1_HUMAN.H11MO.0.D","pwm":[[0.00268058,0.163255,0.0311098,0.802954],[0.000301959,0.475912,0.0192167,0.504569],[0.000301959,0.000187757,0.980179,0.0193309],[0.000301959,0.000187757,0.0297884,0.969722],[0.285736,0.179906,0.305708,0.22865],[0.125047,0.219021,0.104847,0.551085],[0.0764178,0.0752464,0.257079,0.591257],[0.0193309,0.0858181,0.0858181,0.809033],[0.0573888,0.0858181,0.0858181,0.770975],[0.0669033,0.104847,0.180963,0.647287],[0.104961,0.122819,0.171448,0.600771],[0.100204,0.0895182,0.119119,0.691159]]},{"db":1,"id":"GATA2_HUMAN.H11MO.1.A","len":11,"ltrim":1,"rtrim":1,"nsites":500,"evalue":"1.0e+000","url":"http://hocomoco.autosome.ru/motif/GATA2_HUMAN.H11MO.1.A","pwm":[[0.349992,0.116015,0.331972,0.202021],[0.164029,0.435951,0.347969,0.0520512],[0.751911,0.0100363,0.00603713,0.232015],[6.16476e-05,0.00203793,0.99384,0.00406085],[0.977866,0.0140355,0.00603713,0.00206125],[0.0160584,0.0400303,0.0480287,0.895882],[0.861889,0.0500283,0.0300323,0.05805],[0.769908,0.0220339,0.186001,0.0220572],[0.148032,0.23999,0.567925,0.0440528],[0.417978,0.174004,0.369964,0.038054],[0.417978,0.14401,0.273984,0.164029]]},{"db":1,"id":"GLI1_HUMAN.H11MO.0.D","len":12,"ltrim":1,"rtrim":0,"nsites":500,"evalue":"1.0e+000","url":"http://hocomoco.autosome.ru/motif/GLI1_HUMAN.H11MO.0.D","pwm":[[0.112039,0.39196,0.184002,0.311999],[0.0340548,0.471944,0.399958,0.0940429],[0.0700477,0.0760231,0.0120359,0.841893],[0.0200576,0.0280327,0.905857,0.0460524],[0.0100596,0.0120359,0.763886,0.214019],[0.0120592,0.0400303,0.947849,6.16476e-05],[0.0660485,0.0220339,0.0200343,0.891883],[0.0120592,0.00803673,0.973844,0.00606045],[0.0160584,0.00403753,0.937851,0.0420532],[0.0140588,0.237991,0.152008,0.595942],[0.0420532,0.879862,0.0420299,0.0360544],[0.116038,0.359966,0.0600263,0.463969]]},{"db":1,"id":"GLI3_HUMAN.H11MO.0.B","len":11,"ltrim":1,"rtrim":1,"nsites":15,"evalue":"1.0e+000","url":"http://hocomoco.autosome.ru/motif/GLI3_HUMAN.H11MO.0.B","pwm":[[0.103092,0.300996,0.294145,0.301768],[0.00204172,0.0697783,0.00126954,0.92691],[0.00204172,0.00126954,0.926138,0.0705505],[0.00204172,0.0697783,0.857629,0.0705505],[0.00204172,0.00126954,0.994647,0.00204172],[0.00204172,0.00126954,0.00126954,0.995419],[0.00204172,0.00126954,0.994647,0.00204172],[0.00204172,0.00126954,0.857629,0.139059],[0.0705505,0.00126954,0.0697783,0.858402],[0.0705505,0.652103,0.0697783,0.207568],[0.103092,0.369504,0.170829,0.356575]]},{"db":1,"id":"MIXL1_HUMAN.H11MO.0.D","len":11,"ltrim":0,"rtrim":0,"nsites":220,"evalue":"1.0e+000","url":"http://hocomoco.autosome.ru/motif/MIXL1_HUMAN.H11MO.0.D","pwm":[[0.183011,0.132981,0.591864,0.0921437],[0.12054,0.265875,0.211355,0.40223],[0.0274004,0.022804,0.022804,0.926992],[0.950844,0.00122294,0.0375701,0.0103627],[0.981512,0.0137173,0.00463049,0.000140073],[0.000140073,8.70969e-05,0.00463049,0.995142],[0.00922685,0.0546078,0.0273474,0.908818],[0.524902,0.13866,0.220441,0.115997],[0.345438,0.136389,0.440796,0.0773777],[0.540803,0.127302,0.186366,0.145529],[0.0876003,0.182959,0.182959,0.546483]]},{"db":1,"id":"PPARG_HUMAN.H11MO.1.A","len":9,"ltrim":0,"rtrim":0,"nsites":500,"evalue":"1.0e+000","url":"http://hocomoco.autosome.ru/motif/PPARG_HUMAN.H11MO.1.A","pwm":[[0.0220572,0.775883,0.152008,0.0500516],[0.953871,0.00803673,3.83324e-05,0.038054],[0.573947,0.0140355,0.401958,0.0100596],[0.873887,3.83324e-05,0.122014,0.00406085],[0.0520512,3.83324e-05,0.937851,0.0100596],[0.0600497,0.0120359,0.765885,0.162029],[0.0440528,0.0920199,0.29398,0.569948],[0.128036,0.617915,0.126013,0.128036],[0.885884,0.0420299,0.0200343,0.0520512]]}],"sequence_names":["chr17:78690100-78690649","chr2:223843200-223843749","chr4:131057400-131058299","chr5:53039550-53040149"],"primaries":[{"motif":{"db":0,"id":"TTTGCAYGRCAAARGGAACAGTCAGC","alt":"MEME-2","len":26,"ltrim":0,"rtrim":0,"nsites":4,"evalue":"4.6e-006","pwm":[[0.00751951,0.00467561,0.00467561,0.983129],[0.00751951,0.00467561,0.00467561,0.983129],[0.00751951,0.00467561,0.00467561,0.983129],[0.00751951,0.00467561,0.980285,0.00751951],[0.00751951,0.980285,0.00467561,0.00751951],[0.983129,0.00467561,0.00467561,0.00751951],[0.00751951,0.49248,0.00467561,0.495324],[0.00751951,0.00467561,0.980285,0.00751951],[0.495324,0.00467561,0.49248,0.00751951],[0.00751951,0.736383,0.248578,0.00751951],[0.983129,0.00467561,0.00467561,0.00751951],[0.983129,0.00467561,0.00467561,0.00751951],[0.983129,0.00467561,0.00467561,0.00751951],[0.495324,0.00467561,0.49248,0.00751951],[0.00751951,0.00467561,0.980285,0.00751951],[0.00751951,0.00467561,0.736383,0.251422],[0.983129,0.00467561,0.00467561,0.00751951],[0.983129,0.00467561,0.00467561,0.00751951],[0.00751951,0.736383,0.248578,0.00751951],[0.983129,0.00467561,0.00467561,0.00751951],[0.00751951,0.00467561,0.980285,0.00751951],[0.00751951,0.00467561,0.248578,0.739227],[0.00751951,0.736383,0.248578,0.00751951],[0.983129,0.00467561,0.00467561,0.00751951],[0.251422,0.00467561,0.736383,0.00751951],[0.00751951,0.736383,0.248578,0.00751951]]},"secondaries":[[{"idx":16,"counts":[[0,0,0,0,0,0,0,0,1,0,0,0,0,0,0,0,0,0,0,0,0,0,0,0,0,0,0,0,0,0,0,0,0,0,0,0,0,0,0,0,0,0,0,0,0,0,0,0,0,0,0,0,0,0,0,0,0,0,0,0,0,0,0,0,0,0,0,0,0,0,0,0,0,0,0,0,0,0,0,0,0,0,0,0,0,0,0,0,0,0,0,0,0,0,0,0,0,0,0,0,0,0,0,0,0,0,0,0,0,0,0,0,0,1,1,0,0,0,0,0,0,0,0,0,0,0,0,0,0,0,0,0,0,0,0,0,0,0,0,0,0,0,0],[0,0,0,0,0,0,0,0,3,0,0,0,0,0,0,0,0,0,0,0,0,0,0,0,0,0,0,0,0,0,0,0,0,0,0,0,0,0,0,0,0,0,0,0,0,0,0,0,0,0,0,0,0,0,0,0,0,0,0,0,0,0,0,0,0,0,0,0,0,0,0,0,0,0,0,0,0,0,0,0,0,0,0,0,0,0,0,0,0,0,0,0,0,0,0,0,0,0,0,0,0,0,0,0,0,0,0,0,0,0,0,0,0,0,0,0,0,0,0,0,0,0,0,0,0,0,0,0,0,0,0,0,0,0,0,0,0,0,0,0,0,0,0],[0,0,0,0,0,0,0,0,0,0,0,0,0,0,0,0,0,0,0,0,0,0,0,0,0,0,0,0,0,0,0,0,0,0,0,0,0,0,0,0,0,0,0,0,0,0,0,0,0,0,0,0,0,0,0,0,0,0,0,0,0,0,0,0,0,0,0,0,0,0,0,0,0,0,0,0,0,0,0,0,0,0,0,0,0,0,0,0,0,0,0,0,0,0,0,0,0,0,0,0,0,0,0,0,0,0,0,0,0,0,0,0,0,0,0,0,0,0,0,0,0,0,0,0,0,0,0,0,0,0,0,0,0,0,0,0,0,0,0,0,0,0,0],[0,0,0,0,0,0,0,0,0,0,0,0,0,0,0,0,0,0,0,0,0,0,0,0,0,0,0,0,0,0,0,0,0,0,0,0,0,0,0,0,0,0,0,0,0,0,0,0,0,0,0,0,0,0,0,0,0,0,0,0,0,0,0,0,0,0,0,0,0,0,0,0,0,0,0,0,0,0,0,0,0,0,0,0,0,0,0,0,0,0,0,0,0,0,0,0,0,0,0,0,0,0,0,0,0,0,0,0,0,0,0,0,0,0,0,0,0,0,0,0,0,0,0,0,0,0,0,0,0,0,0,0,0,0,0,0,0,0,0,0,0,0,0]],"spacings":[{"orient":8,"bin":8,"pvalue":3.6478e-08,"inferred_pwm":[[0,0.75,0.25,0],[0.75,0,0,0.25],[0,0,1,0],[1,0,0,0],[0,0.75,0,0.25],[1,0,0,0],[1,0,0,0],[0,1,0,0],[0,1,0,0]],"alignment_pwm":[[[0,0,0,1],[0,0,0,1],[0,0,0,1],[1,0,0,0],[0,0,1,0],[1,0,0,0],[1,0,0,0],[1,0,0,0],[1,0,0,0],[0,0,0,1],[0,0,1,0],[0,0,0,1],[0,0,1,0],[1,0,0,0],[0,0,0,1],[1,0,0,0],[1,0,0,0],[0,1,0,0],[0,1,0,0],[1,0,0,0],[0,0,0,1],[0,1,0,0],[1,0,0,0],[1,0,0,0],[0,0,1,0],[0,0,0,1],[0,1,0,0],[0,0,0,1],[0,0,0,1],[0,0,0,1],[0,0,1,0],[0,1,0,0],[1,0,0,0],[0,0,0,1],[0,0,1,0],[1,0,0,0],[0,0,1,0],[1,0,0,0],[1,0,0,0],[1,0,0,0],[0,0,1,0],[0,0,1,0],[0,0,0,1],[1,0,0,0],[1,0,0,0],[0,0,1,0],[1,0,0,0],[0,0,1,0],[0,0,1,0],[0,0,1,0],[1,0,0,0],[1,0,0,0],[0,0,1,0],[0,0,0,1],[0,0,0,1],[1,0,0,0],[1,0,0,0],[0,0,0,1],[0,1,0,0],[0,0,0,1],[1,0,0,0],[0,0,0,1],[1,0,0,0],[1,0,0,0],[0,0,0,1],[0,0,1,0],[1,0,0,0],[1,0,0,0],[0,0,1,0],[1,0,0,0],[0,0,0,1],[0,1,0,0],[1,0,0,0],[1,0,0,0],[0,1,0,0],[0,0,0,1],[0,0,1,0],[0,0,0,1],[0,0,1,0],[1,0,0,0]],[[0.333333,0,0.666667,0],[0,0.666667,0.333333,0],[0,0.333333,0,0.666667],[0,0,0.666667,0.333333],[0,0,1,0],[0,0,1,0],[0.666667,0,0.333333,0],[0.333333,0.666667,0,0],[0,0.333333,0,0.666667],[0,0.333333,0,0.666667],[0.666667,0,0,0.333333],[1,0,0,0],[0.333333,0,0,0.666667],[0,0,0,1],[0.333333,0,0,0.666667],[1,0,0,0],[1,0,0,0],[0.333333,0.666667,0,0],[0,0.666667,0,0.333333],[0.666667,0,0,0.333333],[1,0,0,0],[1,0,0,0],[0,0,1,0],[0.333333,0,0.666667,0],[0.333333,0.333333,0.333333,0],[0,0.666667,0.333333,0],[0,0,0,1],[0,0,0,1],[0,0,0,1],[0,0,0,1],[0,0,1,0],[0,1,0,0],[1,0,0,0],[0,0.666667,0,0.333333],[0,0,1,0],[0.333333,0,0.666667,0],[0,1,0,0],[1,0,0,0],[1,0,0,0],[1,0,0,0],[0.666667,0,0.333333,0],[0,0,1,0],[0,0,1,0],[1,0,0,0],[1,0,0,0],[0,1,0,0],[1,0,0,0],[0,0,1,0],[0,0,0,1],[0,1,0,0],[1,0,0,0],[0,0,1,0],[0,1,0,0],[1,0,0,0],[0,0,1,0],[1,0,0,0],[0,0,1,0],[0,0,0,1],[1,0,0,0],[1,0,0,0],[1,0,0,0],[0,1,0,0],[1,0,0,0],[0,0,1,0],[1,0,0,0],[0,1,0,0],[1,0,0,0],[1,0,0,0],[0,1,0,0],[0,1,0,0],[0.333333,0.666667,0,0],[0.666667,0.333333,0,0],[0.666667,0.333333,0,0],[0.666667,0,0.333333,0],[0.333333,0,0.333333,0.333333],[0.333333,0,0.333333,0.333333],[0,0,0.333333,0.666667],[0,0,0.333333,0.666667],[0,0.333333,0.666667,0],[0.666667,0,0.333333,0]],null,null],"seqs":[1,0,2,3]},{"orient":1,"bin":8,"pvalue":1.08709e-07,"inferred_pwm":[[0,1,0,0],[1,0,0,0],[0,0,1,0],[1,0,0,0],[0,1,0,0],[1,0,0,0],[1,0,0,0],[0,1,0,0],[0,1,0,0]],"alignment_pwm":[null,[[0.333333,0,0.666667,0],[0,0.666667,0.333333,0],[0,0.333333,0,0.666667],[0,0,0.666667,0.333333],[0,0,1,0],[0,0,1,0],[0.666667,0,0.333333,0],[0.333333,0.666667,0,0],[0,0.333333,0,0.666667],[0,0.333333,0,0.666667],[0.666667,0,0,0.333333],[1,0,0,0],[0.333333,0,0,0.666667],[0,0,0,1],[0.333333,0,0,0.666667],[1,0,0,0],[1,0,0,0],[0.333333,0.666667,0,0],[0,0.666667,0,0.333333],[0.666667,0,0,0.333333],[1,0,0,0],[1,0,0,0],[0,0,1,0],[0.333333,0,0.666667,0],[0.333333,0.333333,0.333333,0],[0,0.666667,0.333333,0],[0,0,0,1],[0,0,0,1],[0,0,0,1],[0,0,0,1],[0,0,1,0],[0,1,0,0],[1,0,0,0],[0,0.666667,0,0.333333],[0,0,1,0],[0.333333,0,0.666667,0],[0,1,0,0],[1,0,0,0],[1,0,0,0],[1,0,0,0],[0.666667,0,0.333333,0],[0,0,1,0],[0,0,1,0],[1,0,0,0],[1,0,0,0],[0,1,0,0],[1,0,0,0],[0,0,1,0],[0,0,0,1],[0,1,0,0],[1,0,0,0],[0,0,1,0],[0,1,0,0],[1,0,0,0],[0,0,1,0],[1,0,0,0],[0,0,1,0],[0,0,0,1],[1,0,0,0],[1,0,0,0],[1,0,0,0],[0,1,0,0],[1,0,0,0],[0,0,1,0],[1,0,0,0],[0,1,0,0],[1,0,0,0],[1,0,0,0],[0,1,0,0],[0,1,0,0],[0.333333,0.666667,0,0],[0.666667,0.333333,0,0],[0.666667,0.333333,0,0],[0.666667,0,0.333333,0],[0.333333,0,0.333333,0.333333],[0.333333,0,0.333333,0.333333],[0,0,0.333333,0.666667],[0,0,0.333333,0.666667],[0,0.333333,0.666667,0],[0.666667,0,0.333333,0]],null,null],"seqs":[0,2,3]},{"orient":6,"bin":8,"pvalue":8.66224e-07,"inferred_pwm":[[0,1,0,0],[1,0,0,0],[0,0,1,0],[1,0,0,0],[0,1,0,0],[1,0,0,0],[1,0,0,0],[0,1,0,0],[0,1,0,0]],"alignment_pwm":[null,[[0.333333,0,0.666667,0],[0,0.666667,0.333333,0],[0,0.333333,0,0.666667],[0,0,0.666667,0.333333],[0,0,1,0],[0,0,1,0],[0.666667,0,0.333333,0],[0.333333,0.666667,0,0],[0,0.333333,0,0.666667],[0,0.333333,0,0.666667],[0.666667,0,0,0.333333],[1,0,0,0],[0.333333,0,0,0.666667],[0,0,0,1],[0.333333,0,0,0.666667],[1,0,0,0],[1,0,0,0],[0.333333,0.666667,0,0],[0,0.666667,0,0.333333],[0.666667,0,0,0.333333],[1,0,0,0],[1,0,0,0],[0,0,1,0],[0.333333,0,0.666667,0],[0.333333,0.333333,0.333333,0],[0,0.666667,0.333333,0],[0,0,0,1],[0,0,0,1],[0,0,0,1],[0,0,0,1],[0,0,1,0],[0,1,0,0],[1,0,0,0],[0,0.666667,0,0.333333],[0,0,1,0],[0.333333,0,0.666667,0],[0,1,0,0],[1,0,0,0],[1,0,0,0],[1,0,0,0],[0.666667,0,0.333333,0],[0,0,1,0],[0,0,1,0],[1,0,0,0],[1,0,0,0],[0,1,0,0],[1,0,0,0],[0,0,1,0],[0,0,0,1],[0,1,0,0],[1,0,0,0],[0,0,1,0],[0,1,0,0],[1,0,0,0],[0,0,1,0],[1,0,0,0],[0,0,1,0],[0,0,0,1],[1,0,0,0],[1,0,0,0],[1,0,0,0],[0,1,0,0],[1,0,0,0],[0,0,1,0],[1,0,0,0],[0,1,0,0],[1,0,0,0],[1,0,0,0],[0,1,0,0],[0,1,0,0],[0.333333,0.666667,0,0],[0.666667,0.333333,0,0],[0.666667,0.333333,0,0],[0.666667,0,0.333333,0],[0.333333,0,0.333333,0.333333],[0.333333,0,0.333333,0.333333],[0,0,0.333333,0.666667],[0,0,0.333333,0.666667],[0,0.333333,0.666667,0],[0.666667,0,0.333333,0]],null,null],"seqs":[0,2,3]},{"orient":7,"bin":8,"pvalue":8.66224e-07,"inferred_pwm":[[0,1,0,0],[1,0,0,0],[0,0,1,0],[1,0,0,0],[0,1,0,0],[1,0,0,0],[1,0,0,0],[0,1,0,0],[0,1,0,0]],"alignment_pwm":[null,[[0.333333,0,0.666667,0],[0,0.666667,0.333333,0],[0,0.333333,0,0.666667],[0,0,0.666667,0.333333],[0,0,1,0],[0,0,1,0],[0.666667,0,0.333333,0],[0.333333,0.666667,0,0],[0,0.333333,0,0.666667],[0,0.333333,0,0.666667],[0.666667,0,0,0.333333],[1,0,0,0],[0.333333,0,0,0.666667],[0,0,0,1],[0.333333,0,0,0.666667],[1,0,0,0],[1,0,0,0],[0.333333,0.666667,0,0],[0,0.666667,0,0.333333],[0.666667,0,0,0.333333],[1,0,0,0],[1,0,0,0],[0,0,1,0],[0.333333,0,0.666667,0],[0.333333,0.333333,0.333333,0],[0,0.666667,0.333333,0],[0,0,0,1],[0,0,0,1],[0,0,0,1],[0,0,0,1],[0,0,1,0],[0,1,0,0],[1,0,0,0],[0,0.666667,0,0.333333],[0,0,1,0],[0.333333,0,0.666667,0],[0,1,0,0],[1,0,0,0],[1,0,0,0],[1,0,0,0],[0.666667,0,0.333333,0],[0,0,1,0],[0,0,1,0],[1,0,0,0],[1,0,0,0],[0,1,0,0],[1,0,0,0],[0,0,1,0],[0,0,0,1],[0,1,0,0],[1,0,0,0],[0,0,1,0],[0,1,0,0],[1,0,0,0],[0,0,1,0],[1,0,0,0],[0,0,1,0],[0,0,0,1],[1,0,0,0],[1,0,0,0],[1,0,0,0],[0,1,0,0],[1,0,0,0],[0,0,1,0],[1,0,0,0],[0,1,0,0],[1,0,0,0],[1,0,0,0],[0,1,0,0],[0,1,0,0],[0.333333,0.666667,0,0],[0.666667,0.333333,0,0],[0.666667,0.333333,0,0],[0.666667,0,0.333333,0],[0.333333,0,0.333333,0.333333],[0.333333,0,0.333333,0.333333],[0,0,0.333333,0.666667],[0,0,0.333333,0.666667],[0,0.333333,0.666667,0],[0.666667,0,0.333333,0]],null,null],"seqs":[0,2,3]}]}],[{"idx":10,"counts":[[0,0,0,0,0,0,0,0,0,0,0,0,0,0,0,0,0,0,0,0,0,0,0,0,0,0,0,0,0,0,0,0,0,0,0,0,0,0,0,0,0,0,0,0,0,0,0,0,0,0,0,0,0,0,0,0,0,0,0,0,0,0,0,0,0,0,0,0,1,0,0,0,0,0,0,0,0,0,0,0,0,0,0,0,0,0,0,0,0,1,0,0,0,0,0,0,0,0,0,0,0,0,0,0,0,0,0,0,0,0,0,0,0,0,0,0,0,0,0,0,0,0,0,0,0,0,0,0,0,0,0,0,0,0,0,0,0,0,0,0,0,0,0,0,0],[0,0,0,0,0,0,0,0,0,0,0,0,0,0,0,0,0,0,0,0,0,0,0,0,0,0,0,0,0,0,0,0,0,0,0,0,0,0,0,0,0,0,0,0,0,0,0,0,0,0,0,0,0,0,0,0,0,0,0,0,0,0,0,0,0,0,0,0,0,0,0,0,0,0,0,0,0,0,0,0,0,0,0,0,0,0,0,0,0,0,0,0,0,0,0,0,0,0,0,0,0,0,0,0,0,0,0,0,0,0,0,0,0,0,0,0,0,0,0,0,0,0,0,0,0,0,0,0,0,0,0,0,0,0,0,0,0,0,0,0,0,0,0,0,0],[0,0,0,0,0,0,0,0,0,0,0,0,0,0,0,0,0,0,0,0,0,0,0,0,0,0,0,0,0,0,0,0,0,0,0,0,0,0,0,0,0,0,0,0,0,0,0,0,0,0,0,0,0,0,0,0,0,0,0,0,0,0,0,0,0,0,0,0,0,0,0,0,0,0,0,0,0,0,0,0,0,0,0,0,0,0,0,0,0,0,0,0,0,0,0,0,0,0,0,0,0,0,0,0,0,0,0,0,0,0,0,0,0,0,0,0,0,0,0,0,0,0,0,0,0,0,0,0,0,0,0,0,0,0,0,0,0,0,0,0,0,0,0,0,0],[0,0,0,3,0,0,0,0,0,0,0,0,0,0,0,0,0,0,0,0,0,0,0,0,0,0,0,0,0,0,0,0,0,0,0,0,0,0,0,0,0,0,0,0,0,0,0,0,0,0,0,0,0,0,0,0,0,0,0,0,0,0,0,0,0,0,0,0,0,0,0,0,0,0,0,0,0,0,0,0,0,0,0,0,0,0,0,0,0,0,0,0,0,0,0,0,0,0,0,0,0,0,0,0,0,0,0,0,0,0,0,0,0,0,0,0,0,0,0,0,0,0,0,0,0,0,0,0,0,0,0,0,0,0,0,0,0,0,0,0,0,0,0,0,0]],"spacings":[{"orient":3,"bin":3,"pvalue":5.21916e-08,"inferred_pwm":[[0,0,0,1],[0,0,1,0],[0,0,0,1],[0,0,0,1],[0,0,0,1],[1,0,0,0],[0,1,0,0]],"alignment_pwm":[null,null,null,[[0.333333,0.666667,0,0],[0,0.333333,0,0.666667],[0,0.333333,0,0.666667],[0.666667,0,0,0.333333],[1,0,0,0],[0.333333,0,0,0.666667],[0,0,0,1],[0.333333,0,0,0.666667],[1,0,0,0],[1,0,0,0],[0.333333,0.666667,0,0],[0,0.666667,0,0.333333],[0.666667,0,0,0.333333],[1,0,0,0],[1,0,0,0],[0,0,1,0],[0.333333,0,0.666667,0],[0.333333,0.333333,0.333333,0],[0,0.666667,0.333333,0],[0,0,0,1],[0,0,0,1],[0,0,0,1],[0,0,0,1],[0,0,1,0],[0,1,0,0],[1,0,0,0],[0,0.666667,0,0.333333],[0,0,1,0],[0.333333,0,0.666667,0],[0,1,0,0],[1,0,0,0],[1,0,0,0],[1,0,0,0],[0.666667,0,0.333333,0],[0,0,1,0],[0,0,1,0],[1,0,0,0],[1,0,0,0],[0,1,0,0],[1,0,0,0],[0,0,1,0],[0,0,0,1],[0,1,0,0],[1,0,0,0],[0,0,1,0],[0,1,0,0],[1,0,0,0],[0,0,1,0],[1,0,0,0],[0,0,1,0],[0,0,0,1],[1,0,0,0],[1,0,0,0],[1,0,0,0],[0,1,0,0],[1,0,0,0],[0,0,1,0],[1,0,0,0],[0,1,0,0],[1,0,0,0],[1,0,0,0],[0,1,0,0],[0,1,0,0],[0.333333,0.666667,0,0],[0.666667,0.333333,0,0],[0.666667,0.333333,0,0]]],"seqs":[0,2,3]},{"orient":5,"bin":3,"pvalue":4.16445e-07,"inferred_pwm":[[0,0,0,1],[0,0,1,0],[0,0,0,1],[0,0,0,1],[0,0,0,1],[1,0,0,0],[0,1,0,0]],"alignment_pwm":[null,null,null,[[0.333333,0.666667,0,0],[0,0.333333,0,0.666667],[0,0.333333,0,0.666667],[0.666667,0,0,0.333333],[1,0,0,0],[0.333333,0,0,0.666667],[0,0,0,1],[0.333333,0,0,0.666667],[1,0,0,0],[1,0,0,0],[0.333333,0.666667,0,0],[0,0.666667,0,0.333333],[0.666667,0,0,0.333333],[1,0,0,0],[1,0,0,0],[0,0,1,0],[0.333333,0,0.666667,0],[0.333333,0.333333,0.333333,0],[0,0.666667,0.333333,0],[0,0,0,1],[0,0,0,1],[0,0,0,1],[0,0,0,1],[0,0,1,0],[0,1,0,0],[1,0,0,0],[0,0.666667,0,0.333333],[0,0,1,0],[0.333333,0,0.666667,0],[0,1,0,0],[1,0,0,0],[1,0,0,0],[1,0,0,0],[0.666667,0,0.333333,0],[0,0,1,0],[0,0,1,0],[1,0,0,0],[1,0,0,0],[0,1,0,0],[1,0,0,0],[0,0,1,0],[0,0,0,1],[0,1,0,0],[1,0,0,0],[0,0,1,0],[0,1,0,0],[1,0,0,0],[0,0,1,0],[1,0,0,0],[0,0,1,0],[0,0,0,1],[1,0,0,0],[1,0,0,0],[1,0,0,0],[0,1,0,0],[1,0,0,0],[0,0,1,0],[1,0,0,0],[0,1,0,0],[1,0,0,0],[1,0,0,0],[0,1,0,0],[0,1,0,0],[0.333333,0.666667,0,0],[0.666667,0.333333,0,0],[0.666667,0.333333,0,0]]],"seqs":[0,2,3]},{"orient":7,"bin":3,"pvalue":4.16445e-07,"inferred_pwm":[[0,0,0,1],[0,0,1,0],[0,0,0,1],[0,0,0,1],[0,0,0,1],[1,0,0,0],[0,1,0,0]],"alignment_pwm":[null,null,null,[[0.333333,0.666667,0,0],[0,0.333333,0,0.666667],[0,0.333333,0,0.666667],[0.666667,0,0,0.333333],[1,0,0,0],[0.333333,0,0,0.666667],[0,0,0,1],[0.333333,0,0,0.666667],[1,0,0,0],[1,0,0,0],[0.333333,0.666667,0,0],[0,0.666667,0,0.333333],[0.666667,0,0,0.333333],[1,0,0,0],[1,0,0,0],[0,0,1,0],[0.333333,0,0.666667,0],[0.333333,0.333333,0.333333,0],[0,0.666667,0.333333,0],[0,0,0,1],[0,0,0,1],[0,0,0,1],[0,0,0,1],[0,0,1,0],[0,1,0,0],[1,0,0,0],[0,0.666667,0,0.333333],[0,0,1,0],[0.333333,0,0.666667,0],[0,1,0,0],[1,0,0,0],[1,0,0,0],[1,0,0,0],[0.666667,0,0.333333,0],[0,0,1,0],[0,0,1,0],[1,0,0,0],[1,0,0,0],[0,1,0,0],[1,0,0,0],[0,0,1,0],[0,0,0,1],[0,1,0,0],[1,0,0,0],[0,0,1,0],[0,1,0,0],[1,0,0,0],[0,0,1,0],[1,0,0,0],[0,0,1,0],[0,0,0,1],[1,0,0,0],[1,0,0,0],[1,0,0,0],[0,1,0,0],[1,0,0,0],[0,0,1,0],[1,0,0,0],[0,1,0,0],[1,0,0,0],[1,0,0,0],[0,1,0,0],[0,1,0,0],[0.333333,0.666667,0,0],[0.666667,0.333333,0,0],[0.666667,0.333333,0,0]]],"seqs":[0,2,3]},{"orient":8,"bin":3,"pvalue":3.31419e-06,"inferred_pwm":[[0,0,0,1],[0,0,1,0],[0,0,0,1],[0,0,0,1],[0,0,0,1],[1,0,0,0],[0,1,0,0]],"alignment_pwm":[null,null,null,[[0.333333,0.666667,0,0],[0,0.333333,0,0.666667],[0,0.333333,0,0.666667],[0.666667,0,0,0.333333],[1,0,0,0],[0.333333,0,0,0.666667],[0,0,0,1],[0.333333,0,0,0.666667],[1,0,0,0],[1,0,0,0],[0.333333,0.666667,0,0],[0,0.666667,0,0.333333],[0.666667,0,0,0.333333],[1,0,0,0],[1,0,0,0],[0,0,1,0],[0.333333,0,0.666667,0],[0.333333,0.333333,0.333333,0],[0,0.666667,0.333333,0],[0,0,0,1],[0,0,0,1],[0,0,0,1],[0,0,0,1],[0,0,1,0],[0,1,0,0],[1,0,0,0],[0,0.666667,0,0.333333],[0,0,1,0],[0.333333,0,0.666667,0],[0,1,0,0],[1,0,0,0],[1,0,0,0],[1,0,0,0],[0.666667,0,0.333333,0],[0,0,1,0],[0,0,1,0],[1,0,0,0],[1,0,0,0],[0,1,0,0],[1,0,0,0],[0,0,1,0],[0,0,0,1],[0,1,0,0],[1,0,0,0],[0,0,1,0],[0,1,0,0],[1,0,0,0],[0,0,1,0],[1,0,0,0],[0,0,1,0],[0,0,0,1],[1,0,0,0],[1,0,0,0],[1,0,0,0],[0,1,0,0],[1,0,0,0],[0,0,1,0],[1,0,0,0],[0,1,0,0],[1,0,0,0],[1,0,0,0],[0,1,0,0],[0,1,0,0],[0.333333,0.666667,0,0],[0.666667,0.333333,0,0],[0.666667,0.333333,0,0]]],"seqs":[0,2,3]}]}],[{"idx":12,"counts":[[0,0,0,0,0,0,0,0,0,0,0,0,0,0,0,0,0,0,0,0,0,0,0,0,0,0,0,0,0,0,0,0,0,0,0,0,0,0,0,0,0,0,0,0,0,0,0,0,0,0,0,0,0,0,0,0,0,0,0,0,0,0,0,0,0,0,1,0,0,0,0,0,0,0,0,0,0,0,0,0,0,0,0,0,0,0,0,1,0,0,0,0,0,0,0,0,0,0,0,0,0,0,0,0,0,0,0,0,0,0,0,0,0,0,0,0,0,0,0,0,0,0,0,0,0,0,0,0,0,0,0,0,0,0,0,0,0,0,0,0,0,0],[0,0,0,0,0,0,0,0,0,0,0,0,0,0,0,0,0,0,0,0,0,0,0,0,0,0,0,0,0,0,0,0,0,0,0,0,0,0,0,0,0,0,0,0,0,0,0,0,0,0,0,0,0,0,0,0,0,0,0,0,0,0,0,0,0,0,0,0,0,0,0,0,0,0,0,0,0,0,0,0,0,0,0,0,0,0,0,0,0,0,0,0,0,0,0,0,0,0,0,0,0,0,0,0,0,0,0,0,0,0,0,0,0,0,0,0,0,0,0,0,0,0,0,0,0,0,0,0,0,0,0,0,0,0,0,0,0,0,0,0,0,0],[0,0,0,0,0,0,0,0,0,0,0,0,0,0,0,0,0,0,0,0,0,0,0,0,0,0,0,0,0,0,0,0,0,0,0,0,0,0,0,0,0,0,0,0,0,0,0,0,0,0,0,0,0,0,0,0,0,0,0,0,0,0,0,0,0,0,0,0,0,0,0,0,0,0,0,0,0,0,0,0,0,0,0,0,0,0,0,0,0,0,0,0,0,0,0,0,0,0,0,0,0,0,0,0,0,0,0,0,0,0,0,0,0,0,0,0,0,0,0,0,0,0,0,0,0,0,0,0,0,0,0,0,0,0,0,0,0,0,0,0,0,0],[0,3,0,0,0,0,0,0,0,0,0,0,0,0,0,0,0,0,0,0,0,0,0,0,0,0,0,0,0,0,0,0,0,0,0,0,0,0,0,0,0,0,0,0,0,0,0,0,0,0,0,0,0,0,0,0,0,0,0,0,0,0,0,0,0,0,0,0,0,0,0,0,0,0,0,0,0,0,0,0,0,0,0,0,0,0,0,0,0,0,0,0,0,0,0,0,0,0,0,0,0,0,0,0,0,0,0,0,0,0,0,0,0,0,0,0,0,0,0,0,0,0,0,0,0,0,0,0,0,0,0,0,0,0,0,0,0,0,0,0,0,0]],"spacings":[{"orient":3,"bin":1,"pvalue":5.55913e-08,"inferred_pwm":[[0,1,0,0],[0,0,0,1],[0,0,1,0],[0,0,0,1],[0,0,0,1],[0,0,0,1],[1,0,0,0],[0,1,0,0],[0,0,0,1],[0,1,0,0]],"alignment_pwm":[null,null,null,[[0.666667,0,0.333333,0],[0.333333,0.666667,0,0],[0,0.333333,0,0.666667],[0,0.333333,0,0.666667],[0.666667,0,0,0.333333],[1,0,0,0],[0.333333,0,0,0.666667],[0,0,0,1],[0.333333,0,0,0.666667],[1,0,0,0],[1,0,0,0],[0.333333,0.666667,0,0],[0,0.666667,0,0.333333],[0.666667,0,0,0.333333],[1,0,0,0],[1,0,0,0],[0,0,1,0],[0.333333,0,0.666667,0],[0.333333,0.333333,0.333333,0],[0,0.666667,0.333333,0],[0,0,0,1],[0,0,0,1],[0,0,0,1],[0,0,0,1],[0,0,1,0],[0,1,0,0],[1,0,0,0],[0,0.666667,0,0.333333],[0,0,1,0],[0.333333,0,0.666667,0],[0,1,0,0],[1,0,0,0],[1,0,0,0],[1,0,0,0],[0.666667,0,0.333333,0],[0,0,1,0],[0,0,1,0],[1,0,0,0],[1,0,0,0],[0,1,0,0],[1,0,0,0],[0,0,1,0],[0,0,0,1],[0,1,0,0],[1,0,0,0],[0,0,1,0],[0,1,0,0],[1,0,0,0],[0,0,1,0],[1,0,0,0],[0,0,1,0],[0,0,0,1],[1,0,0,0],[1,0,0,0],[1,0,0,0],[0,1,0,0],[1,0,0,0],[0,0,1,0],[1,0,0,0],[0,1,0,0],[1,0,0,0],[1,0,0,0],[0,1,0,0],[0,1,0,0],[0.333333,0.666667,0,0],[0.666667,0.333333,0,0],[0.666667,0.333333,0,0],[0.666667,0,0.333333,0]]],"seqs":[0,2,3]},{"orient":5,"bin":1,"pvalue":4.43547e-07,"inferred_pwm":[[0,1,0,0],[0,0,0,1],[0,0,1,0],[0,0,0,1],[0,0,0,1],[0,0,0,1],[1,0,0,0],[0,1,0,0],[0,0,0,1],[0,1,0,0]],"alignment_pwm":[null,null,null,[[0.666667,0,0.333333,0],[0.333333,0.666667,0,0],[0,0.333333,0,0.666667],[0,0.333333,0,0.666667],[0.666667,0,0,0.333333],[1,0,0,0],[0.333333,0,0,0.666667],[0,0,0,1],[0.333333,0,0,0.666667],[1,0,0,0],[1,0,0,0],[0.333333,0.666667,0,0],[0,0.666667,0,0.333333],[0.666667,0,0,0.333333],[1,0,0,0],[1,0,0,0],[0,0,1,0],[0.333333,0,0.666667,0],[0.333333,0.333333,0.333333,0],[0,0.666667,0.333333,0],[0,0,0,1],[0,0,0,1],[0,0,0,1],[0,0,0,1],[0,0,1,0],[0,1,0,0],[1,0,0,0],[0,0.666667,0,0.333333],[0,0,1,0],[0.333333,0,0.666667,0],[0,1,0,0],[1,0,0,0],[1,0,0,0],[1,0,0,0],[0.666667,0,0.333333,0],[0,0,1,0],[0,0,1,0],[1,0,0,0],[1,0,0,0],[0,1,0,0],[1,0,0,0],[0,0,1,0],[0,0,0,1],[0,1,0,0],[1,0,0,0],[0,0,1,0],[0,1,0,0],[1,0,0,0],[0,0,1,0],[1,0,0,0],[0,0,1,0],[0,0,0,1],[1,0,0,0],[1,0,0,0],[1,0,0,0],[0,1,0,0],[1,0,0,0],[0,0,1,0],[1,0,0,0],[0,1,0,0],[1,0,0,0],[1,0,0,0],[0,1,0,0],[0,1,0,0],[0.333333,0.666667,0,0],[0.666667,0.333333,0,0],[0.666667,0.333333,0,0],[0.666667,0,0.333333,0]]],"seqs":[0,2,3]},{"orient":7,"bin":1,"pvalue":4.43547e-07,"inferred_pwm":[[0,1,0,0],[0,0,0,1],[0,0,1,0],[0,0,0,1],[0,0,0,1],[0,0,0,1],[1,0,0,0],[0,1,0,0],[0,0,0,1],[0,1,0,0]],"alignment_pwm":[null,null,null,[[0.666667,0,0.333333,0],[0.333333,0.666667,0,0],[0,0.333333,0,0.666667],[0,0.333333,0,0.666667],[0.666667,0,0,0.333333],[1,0,0,0],[0.333333,0,0,0.666667],[0,0,0,1],[0.333333,0,0,0.666667],[1,0,0,0],[1,0,0,0],[0.333333,0.666667,0,0],[0,0.666667,0,0.333333],[0.666667,0,0,0.333333],[1,0,0,0],[1,0,0,0],[0,0,1,0],[0.333333,0,0.666667,0],[0.333333,0.333333,0.333333,0],[0,0.666667,0.333333,0],[0,0,0,1],[0,0,0,1],[0,0,0,1],[0,0,0,1],[0,0,1,0],[0,1,0,0],[1,0,0,0],[0,0.666667,0,0.333333],[0,0,1,0],[0.333333,0,0.666667,0],[0,1,0,0],[1,0,0,0],[1,0,0,0],[1,0,0,0],[0.666667,0,0.333333,0],[0,0,1,0],[0,0,1,0],[1,0,0,0],[1,0,0,0],[0,1,0,0],[1,0,0,0],[0,0,1,0],[0,0,0,1],[0,1,0,0],[1,0,0,0],[0,0,1,0],[0,1,0,0],[1,0,0,0],[0,0,1,0],[1,0,0,0],[0,0,1,0],[0,0,0,1],[1,0,0,0],[1,0,0,0],[1,0,0,0],[0,1,0,0],[1,0,0,0],[0,0,1,0],[1,0,0,0],[0,1,0,0],[1,0,0,0],[1,0,0,0],[0,1,0,0],[0,1,0,0],[0.333333,0.666667,0,0],[0.666667,0.333333,0,0],[0.666667,0.333333,0,0],[0.666667,0,0.333333,0]]],"seqs":[0,2,3]},{"orient":8,"bin":1,"pvalue":3.52948e-06,"inferred_pwm":[[0,1,0,0],[0,0,0,1],[0,0,1,0],[0,0,0,1],[0,0,0,1],[0,0,0,1],[1,0,0,0],[0,1,0,0],[0,0,0,1],[0,1,0,0]],"alignment_pwm":[null,null,null,[[0.666667,0,0.333333,0],[0.333333,0.666667,0,0],[0,0.333333,0,0.666667],[0,0.333333,0,0.666667],[0.666667,0,0,0.333333],[1,0,0,0],[0.333333,0,0,0.666667],[0,0,0,1],[0.333333,0,0,0.666667],[1,0,0,0],[1,0,0,0],[0.333333,0.666667,0,0],[0,0.666667,0,0.333333],[0.666667,0,0,0.333333],[1,0,0,0],[1,0,0,0],[0,0,1,0],[0.333333,0,0.666667,0],[0.333333,0.333333,0.333333,0],[0,0.666667,0.333333,0],[0,0,0,1],[0,0,0,1],[0,0,0,1],[0,0,0,1],[0,0,1,0],[0,1,0,0],[1,0,0,0],[0,0.666667,0,0.333333],[0,0,1,0],[0.333333,0,0.666667,0],[0,1,0,0],[1,0,0,0],[1,0,0,0],[1,0,0,0],[0.666667,0,0.333333,0],[0,0,1,0],[0,0,1,0],[1,0,0,0],[1,0,0,0],[0,1,0,0],[1,0,0,0],[0,0,1,0],[0,0,0,1],[0,1,0,0],[1,0,0,0],[0,0,1,0],[0,1,0,0],[1,0,0,0],[0,0,1,0],[1,0,0,0],[0,0,1,0],[0,0,0,1],[1,0,0,0],[1,0,0,0],[1,0,0,0],[0,1,0,0],[1,0,0,0],[0,0,1,0],[1,0,0,0],[0,1,0,0],[1,0,0,0],[1,0,0,0],[0,1,0,0],[0,1,0,0],[0.333333,0.666667,0,0],[0.666667,0.333333,0,0],[0.666667,0.333333,0,0],[0.666667,0,0.333333,0]]],"seqs":[0,2,3]}]}],[{"idx":14,"counts":[[0,0,0,0,0,0,0,0,0,0,0,0,0,0,0,0,0,0,0,0,0,0,0,0,0,0,0,0,0,0,0,0,0,0,0,0,0,0,0,0,0,0,0,0,0,0,0,0,0,0,0,0,0,0,0,0,0,0,0,0,0,0,0,0,0,0,0,0,1,0,0,0,0,0,0,0,0,0,0,0,0,0,0,0,0,0,0,0,0,1,0,0,0,0,0,0,0,0,0,0,0,0,0,0,0,0,0,0,0,0,0,0,0,0,0,0,0,0,0,0,0,0,0,0,0,0,0,0,0,0,0,0,0,0,0,0,0,0,0,0,0,0,0,0,0],[0,0,0,0,0,0,0,0,0,0,0,0,0,0,0,0,0,0,0,0,0,0,0,0,0,0,0,0,0,0,0,0,0,0,0,0,0,0,0,0,0,0,0,0,0,0,0,0,0,0,0,0,0,0,0,0,0,0,0,0,0,0,0,0,0,0,0,0,0,0,0,0,0,0,0,0,0,0,0,0,0,0,0,0,0,0,0,0,0,0,0,0,0,0,0,0,0,0,0,0,0,0,0,0,0,0,0,0,0,0,0,0,0,0,0,0,0,0,0,0,0,0,0,0,0,0,0,0,0,0,0,0,0,0,0,0,0,0,0,0,0,0,0,0,0],[0,0,0,0,0,0,0,0,0,0,0,0,0,0,0,0,0,0,0,0,0,0,0,0,0,0,0,0,0,0,0,0,0,0,0,0,0,0,0,0,0,0,0,0,0,0,0,0,0,0,0,0,0,0,0,0,0,0,0,0,0,0,0,0,0,0,0,0,0,0,0,0,0,0,0,0,0,0,0,0,0,0,0,0,0,0,0,0,0,0,0,0,0,0,0,0,0,0,0,0,0,0,0,0,0,0,0,0,0,0,0,0,0,0,0,0,0,0,0,0,0,0,0,0,0,0,0,0,0,0,0,0,0,0,0,0,0,0,0,0,0,0,0,0,0],[0,0,0,3,0,0,0,0,0,0,0,0,0,0,0,0,0,0,0,0,0,0,0,0,0,0,0,0,0,0,0,0,0,0,0,0,0,0,0,0,0,0,0,0,0,0,0,0,0,0,0,0,0,0,0,0,0,0,0,0,0,0,0,0,0,0,0,0,0,0,0,0,0,0,0,0,0,0,0,0,0,0,0,0,0,0,0,0,0,0,0,0,0,0,0,0,0,0,0,0,0,0,0,0,0,0,0,0,0,0,0,0,0,0,0,0,0,1,0,0,0,0,0,0,0,0,0,0,0,0,0,0,0,0,0,0,0,0,0,0,0,0,0,0,0]],"spacings":[{"orient":3,"bin":3,"pvalue":1.04247e-07,"inferred_pwm":[[0,0,0,1],[0,0,1,0],[0,0,0,1],[0,0,0,1],[0,0,0,1],[1,0,0,0],[0,1,0,0]],"alignment_pwm":[null,null,null,[[0.333333,0.666667,0,0],[0,0.333333,0,0.666667],[0,0.333333,0,0.666667],[0.666667,0,0,0.333333],[1,0,0,0],[0.333333,0,0,0.666667],[0,0,0,1],[0.333333,0,0,0.666667],[1,0,0,0],[1,0,0,0],[0.333333,0.666667,0,0],[0,0.666667,0,0.333333],[0.666667,0,0,0.333333],[1,0,0,0],[1,0,0,0],[0,0,1,0],[0.333333,0,0.666667,0],[0.333333,0.333333,0.333333,0],[0,0.666667,0.333333,0],[0,0,0,1],[0,0,0,1],[0,0,0,1],[0,0,0,1],[0,0,1,0],[0,1,0,0],[1,0,0,0],[0,0.666667,0,0.333333],[0,0,1,0],[0.333333,0,0.666667,0],[0,1,0,0],[1,0,0,0],[1,0,0,0],[1,0,0,0],[0.666667,0,0.333333,0],[0,0,1,0],[0,0,1,0],[1,0,0,0],[1,0,0,0],[0,1,0,0],[1,0,0,0],[0,0,1,0],[0,0,0,1],[0,1,0,0],[1,0,0,0],[0,0,1,0],[0,1,0,0],[1,0,0,0],[0,0,1,0],[1,0,0,0],[0,0,1,0],[0,0,0,1],[1,0,0,0],[1,0,0,0],[1,0,0,0],[0,1,0,0],[1,0,0,0],[0,0,1,0],[1,0,0,0],[0,1,0,0],[1,0,0,0],[1,0,0,0],[0,1,0,0],[0,1,0,0],[0.333333,0.666667,0,0],[0.666667,0.333333,0,0],[0.666667,0.333333,0,0]]],"seqs":[0,2,3]},{"orient":5,"bin":3,"pvalue":8.30722e-07,"inferred_pwm":[[0,0,0,1],[0,0,1,0],[0,0,0,1],[0,0,0,1],[0,0,0,1],[1,0,0,0],[0,1,0,0]],"alignment_pwm":[null,null,null,[[0.333333,0.666667,0,0],[0,0.333333,0,0.666667],[0,0.333333,0,0.666667],[0.666667,0,0,0.333333],[1,0,0,0],[0.333333,0,0,0.666667],[0,0,0,1],[0.333333,0,0,0.666667],[1,0,0,0],[1,0,0,0],[0.333333,0.666667,0,0],[0,0.666667,0,0.333333],[0.666667,0,0,0.333333],[1,0,0,0],[1,0,0,0],[0,0,1,0],[0.333333,0,0.666667,0],[0.333333,0.333333,0.333333,0],[0,0.666667,0.333333,0],[0,0,0,1],[0,0,0,1],[0,0,0,1],[0,0,0,1],[0,0,1,0],[0,1,0,0],[1,0,0,0],[0,0.666667,0,0.3333