<!DOCTYPE HTML>
<html>
  <head>
    <meta charset="UTF-8">
    <title>SpaMo - Spaced Motif Analysis</title>
    <script type="text/javascript">
      //@JSON_VAR data
      var data = {"program":"SpaMo","version":"4.12.0","revision":"aacc9c3eb8c7b460b344d5c8aa1458097dae704d","release":"Tue Jun 27 16:22:50 2017 -0700","host":"Sudins-iMac.local","when":"Thu May 24 16:36:27 2018","cmd":["spamo","-verbosity","1","-oc","results/AHRpeaks_oneAHRE.bed-499.fa/hocomoco/spamo_out_7","-bgfile","results/AHRpeaks_oneAHRE.bed-499.fa/hocomoco/background","-primary","AAATCYTCACMATCTATACATCTGACAMAG","results/AHRpeaks_oneAHRE.bed-499.fa/hocomoco/AHRpeaks_oneAHRE.bed-499.fa","results/AHRpeaks_oneAHRE.bed-499.fa/hocomoco/meme_out/meme.xml","results/AHRpeaks_oneAHRE.bed-499.fa/hocomoco/meme_out/meme.xml","results/AHRpeaks_oneAHRE.bed-499.fa/hocomoco/dreme_out/dreme.xml","/Users/filipov4/meme/db/motif_databases/HUMAN/HOCOMOCOv11_full_HUMAN_mono_meme_format.meme"],"options":{"seq_min_hit_score":7,"margin":150,"bin_size":1,"bin_pvalue_calc_range":150,"use_best_secondary":0,"seq_max_shared_fract":0.5,"seq_odds_ratio":20,"bin_pvalue_cutoff":0.05,"motif_evalue_cutoff":10,"redundant_overlap":2,"redundant_joint":0.5,"motif_pseudocount":0.1,"bgfile":"results/AHRpeaks_oneAHRE.bed-499.fa/hocomoco/background","motif_trim":0.25,"xalph":0,"seed":1,"bin_max":3},"alphabet":{"name":"DNA","like":"dna","ncore":4,"symbols":[{"symbol":"A","name":"Adenine","colour":"CC0000","complement":"T"},{"symbol":"C","name":"Cytosine","colour":"0000CC","complement":"G"},{"symbol":"G","name":"Guanine","colour":"FFB300","complement":"C"},{"symbol":"T","aliases":"U","name":"Thymine","colour":"008000","complement":"A"},{"symbol":"N","aliases":"X.","name":"Any base","equals":"ACGT"},{"symbol":"V","name":"Not T","equals":"ACG"},{"symbol":"H","name":"Not G","equals":"ACT"},{"symbol":"D","name":"Not C","equals":"AGT"},{"symbol":"B","name":"Not A","equals":"CGT"},{"symbol":"M","name":"Amino","equals":"AC"},{"symbol":"R","name":"Purine","equals":"AG"},{"symbol":"W","name":"Weak","equals":"AT"},{"symbol":"S","name":"Strong","equals":"CG"},{"symbol":"Y","name":"Pyrimidine","equals":"CT"},{"symbol":"K","name":"Keto","equals":"GT"}]},"background":[0.2745,0.2255,0.2255,0.2745],"sequence_dbs":[{"source":"results/AHRpeaks_oneAHRE.bed-499.fa/hocomoco/AHRpeaks_oneAHRE.bed-499.fa","name":"AHRpeaks_oneAHRE.bed-499","last_modified":"Thu May 24 11:14:35 2018","loaded":744,"excluded_too_short":0,"excluded_no_match":736,"excluded_ambigs":0,"excluded_similar":2,"erased_primary_matches":0}],"primary_dbs":[{"source":"results/AHRpeaks_oneAHRE.bed-499.fa/hocomoco/meme_out/meme.xml","name":"meme.xml","last_modified":"Thu May 24 16:34:39 2018","loaded":6,"excluded":5}],"secondary_dbs":[{"source":"results/AHRpeaks_oneAHRE.bed-499.fa/hocomoco/meme_out/meme.xml","name":"meme.xml","last_modified":"Thu May 24 16:34:39 2018","loaded":7,"excluded":1},{"source":"results/AHRpeaks_oneAHRE.bed-499.fa/hocomoco/dreme_out/dreme.xml","name":"dreme.xml","last_modified":"Thu May 24 16:35:07 2018","loaded":6,"excluded":0},{"source":"/Users/filipov4/meme/db/motif_databases/HUMAN/HOCOMOCOv11_full_HUMAN_mono_meme_format.meme","name":"HOCOMOCOv11_full_HUMAN_mono_meme_format","last_modified":"Wed Dec  6 21:59:30 2017","loaded":771,"excluded":0}],"secondary_motifs":[{"db":0,"id":"TSTGRKTTKTSTKTKTACTSTG","alt":"MEME-6","len":22,"ltrim":0,"rtrim":0,"nsites":12,"evalue":"3.5e-005","pwm":[[0.167558,0.00186364,0.0845079,0.74607],[0.00226859,0.332442,0.580376,0.0849129],[0.0849129,0.00186364,0.00186364,0.91136],[0.00226859,0.00186364,0.993599,0.00226859],[0.415492,0.00186364,0.580376,0.00226859],[0.0849129,0.167153,0.497731,0.250202],[0.0849129,0.00186364,0.00186364,0.91136],[0.0849129,0.0845079,0.00186364,0.828715],[0.00226859,0.00186364,0.580376,0.415492],[0.00226859,0.0845079,0.00186364,0.91136],[0.00226859,0.663021,0.332442,0.00226859],[0.00226859,0.00186364,0.167153,0.828715],[0.00226859,0.167153,0.332442,0.498136],[0.00226859,0.00186364,0.00186364,0.994004],[0.00226859,0.00186364,0.332442,0.663426],[0.00226859,0.167153,0.167153,0.663426],[0.663426,0.167153,0.00186364,0.167558],[0.167558,0.82831,0.00186364,0.00226859],[0.0849129,0.167153,0.00186364,0.74607],[0.00226859,0.580376,0.415087,0.00226859],[0.00226859,0.00186364,0.00186364,0.994004],[0.00226859,0.00186364,0.993599,0.00226859]]},{"db":2,"id":"BACH2_HUMAN.H11MO.0.A","len":11,"ltrim":0,"rtrim":1,"nsites":500,"evalue":"1.0e+000","url":"http://hocomoco.autosome.ru/motif/BACH2_HUMAN.H11MO.0.A","pwm":[[0.12203,0.0960259,0.0680315,0.713912],[0.0140521,0.0780295,0.893866,0.0140521],[0.0440461,0.92386,0.0120427,0.0200509],[0.0780393,0.0380375,0.00804349,0.87588],[0.0580433,0.0600331,0.793886,0.0880373],[0.757903,0.0380375,0.0560339,0.148025],[0.0440461,0.224,0.669911,0.0620425],[0.0100529,0.0160419,0.00804349,0.965862],[0.0600429,0.919861,0.0160419,0.00405409],[0.963862,0.0120427,0.00804349,0.0160517],[0.0560437,0.319981,0.212003,0.411973]]},{"db":2,"id":"FOXB1_HUMAN.H11MO.0.D","len":17,"ltrim":1,"rtrim":1,"nsites":7038,"evalue":"1.0e+000","url":"http://hocomoco.autosome.ru/motif/FOXB1_HUMAN.H11MO.0.D","pwm":[[0.219281,0.162615,0.422576,0.195527],[0.0892766,0.143925,0.225753,0.541045],[0.353901,0.384067,0.161097,0.100935],[0.803094,0.055029,0.0564863,0.0853905],[0.724187,0.0823596,0.0299693,0.163484],[0.00346503,0.00334289,0.0160944,0.977098],[0.646658,0.000944388,0.349995,0.0024024],[0.0134234,0.000671141,0.0092936,0.976612],[0.0133626,0.00024609,0.0268421,0.959549],[0.00294889,0.000519337,0.279353,0.717179],[0.960035,0.000488976,0.0383792,0.00109689],[0.00313106,0.897339,0.0107813,0.0887484],[0.774925,0.0141817,0.0334911,0.177402],[0.0308201,0.143761,0.0300907,0.795328],[0.717604,0.0169749,0.0435709,0.22185],[0.573755,0.0628196,0.2564,0.107026],[0.123906,0.357173,0.327128,0.191793]]},{"db":2,"id":"FOXC2_HUMAN.H11MO.0.D","len":15,"ltrim":0,"rtrim":0,"nsites":5,"evalue":"1.0e+000","url":"http://hocomoco.autosome.ru/motif/FOXC2_HUMAN.H11MO.0.D","pwm":[[0.0579034,0.0569426,0.617167,0.267987],[0.215466,0.214506,0.00442157,0.565606],[0.00538235,0.214506,0.00442157,0.77569],[0.00538235,0.00442157,0.00442157,0.985775],[0.215466,0.00442157,0.77473,0.00538235],[0.00538235,0.00442157,0.00442157,0.985775],[0.00538235,0.00442157,0.00442157,0.985775],[0.215466,0.00442157,0.214506,0.565606],[0.355522,0.00442157,0.00442157,0.635634],[0.00538235,0.354562,0.634674,0.00538235],[0.215466,0.42459,0.00442157,0.355522],[0.00538235,0.634674,0.00442157,0.355522],[0.985775,0.00442157,0.00442157,0.00538235],[0.00538235,0.144478,0.844758,0.00538235],[0.478071,0.0569426,0.267027,0.197959]]},{"db":2,"id":"FOXD1_HUMAN.H11MO.0.D","len":15,"ltrim":0,"rtrim":0,"nsites":22,"evalue":"1.0e+000","url":"http://hocomoco.autosome.ru/motif/FOXD1_HUMAN.H11MO.0.D","pwm":[[0.120113,0.566733,0.119891,0.193264],[0.377558,0.110747,0.0741714,0.437523],[0.35399,0.170891,0.0977397,0.37738],[0.0378176,0.0375959,0.0741714,0.850415],[0.0378176,0.243863,0.680502,0.0378176],[0.0378176,0.0375959,0.0375959,0.886991],[0.00124208,0.00102036,0.0375959,0.960142],[0.00124208,0.00102036,0.0375959,0.960142],[0.923566,0.00102036,0.0375959,0.0378176],[0.00124208,0.850193,0.110747,0.0378176],[0.304407,0.243863,0.0741714,0.377558],[0.207509,0.0741714,0.00102036,0.717299],[0.450709,0.207287,0.0741714,0.267832],[0.424695,0.243863,0.220473,0.110969],[0.262372,0.238761,0.479336,0.0195298]]},{"db":2,"id":"FOXI1_HUMAN.H11MO.0.B","len":12,"ltrim":1,"rtrim":0,"nsites":156,"evalue":"1.0e+000","url":"http://hocomoco.autosome.ru/motif/FOXI1_HUMAN.H11MO.0.B","pwm":[[0.152459,0.461753,0.0905627,0.295225],[0.133424,0.0286976,0.0715273,0.766351],[0.0334878,0.437959,0.242846,0.285707],[0.000175849,0.0239387,0.000144459,0.975741],[0.000175849,0.104839,0.894809,0.000175849],[0.999535,0.000144459,0.000144459,0.000175849],[0.000175849,0.000144459,0.000144459,0.999535],[0.000175849,0.000144459,0.000144459,0.999535],[0.000175849,0.000144459,0.989986,0.00969356],[0.000175849,0.000144459,0.999504,0.000175849],[0.0430055,0.47603,0.000144459,0.48082],[0.000175849,0.490306,0.0191799,0.490338]]},{"db":2,"id":"FOXM1_HUMAN.H11MO.0.A","len":12,"ltrim":0,"rtrim":2,"nsites":500,"evalue":"1.0e+000","url":"http://hocomoco.autosome.ru/motif/FOXM1_HUMAN.H11MO.0.A","pwm":[[0.0560437,0.0240403,0.0340383,0.885878],[0.252004,0.0220407,0.715902,0.0100529],[0.0260497,0.0300391,0.0560339,0.887877],[5.4889e-05,0.0680315,0.0620327,0.869881],[0.00205449,0.00204469,0.0720307,0.92387],[0.319991,0.0540343,0.587928,0.0380473],[0.0740401,0.745896,0.0180415,0.162022],[0.246006,0.160013,0.0380375,0.555944],[0.0480453,0.289987,0.142017,0.519951],[0.359983,0.0380375,0.0280395,0.57394],[0.108033,0.160013,0.445956,0.285998],[0.166022,0.341977,0.257994,0.234008]]},{"db":2,"id":"FOXO6_HUMAN.H11MO.0.D","len":13,"ltrim":3,"rtrim":0,"nsites":3383,"evalue":"1.0e+000","url":"http://hocomoco.autosome.ru/motif/FOXO6_HUMAN.H11MO.0.D","pwm":[[0.448561,0.121345,0.161545,0.268549],[0.359146,0.173221,0.148391,0.319242],[0.117947,0.371264,0.361805,0.148984],[0.385823,0.0210672,0.0881655,0.504944],[0.000599288,0.000302252,0.00118901,0.997909],[0.00178164,6.66549e-06,0.998204,8.11386e-06],[8.11386e-06,0.000302252,0.000302252,0.999387],[0.00148605,0.000302252,0.0390241,0.959188],[8.11386e-06,0.000302252,0.104349,0.895341],[0.938275,0.0195893,0.00865258,0.0334833],[0.0048114,0.881816,0.00983493,0.103537],[0.271652,0.11765,0.463191,0.147506],[0.215121,0.160141,0.104571,0.520167]]},{"db":2,"id":"FOXQ1_HUMAN.H11MO.0.C","len":12,"ltrim":1,"rtrim":0,"nsites":13,"evalue":"1.0e+000","url":"http://hocomoco.autosome.ru/motif/FOXQ1_HUMAN.H11MO.0.C","pwm":[[0.307439,0.307065,0.0780573,0.307439],[0.689118,0.0780573,0.230729,0.00209542],[0.0784313,0.154393,0.00172137,0.765454],[0.00209542,0.00172137,0.00172137,0.994462],[0.00209542,0.00172137,0.994088,0.00209542],[0.00209542,0.00172137,0.00172137,0.994462],[0.00209542,0.00172137,0.00172137,0.994462],[0.00209542,0.00172137,0.00172137,0.994462],[0.994462,0.00172137,0.00172137,0.00209542],[0.00209542,0.00172137,0.0780573,0.918126],[0.154767,0.00172137,0.230729,0.612782],[0.00209542,0.307065,0.00172137,0.689118]]},{"db":2,"id":"HAND1_HUMAN.H11MO.0.D","len":17,"ltrim":3,"rtrim":0,"nsites":500,"evalue":"1.0e+000","url":"http://hocomoco.autosome.ru/motif/HAND1_HUMAN.H11MO.0.D","pwm":[[0.242006,0.114022,0.439957,0.204014],[0.154024,0.132019,0.495946,0.218011],[0.136028,0.265992,0.451955,0.146026],[0.0380473,0.401965,0.0520347,0.507953],[0.0240501,0.947856,0.00604389,0.0220505],[0.0160517,4.5091e-05,4.5091e-05,0.983858],[0.00205449,0.00204469,0.987848,0.00805329],[0.00205449,0.224,0.613922,0.160023],[0.182018,0.303984,0.12602,0.387977],[0.192016,0.251995,0.0940263,0.461963],[0.335988,0.102025,0.0280395,0.533948],[0.178019,0.222001,0.291987,0.307993],[0.0500449,0.235998,0.0740303,0.639927],[0.170021,0.311983,0.397966,0.120031],[0.0240501,0.0260399,0.0340383,0.915872],[0.0200509,0.867872,0.0500351,0.0620425],[0.611933,0.108023,0.0360379,0.244006]]},{"db":2,"id":"NFYA_HUMAN.H11MO.0.A","len":14,"ltrim":1,"rtrim":0,"nsites":500,"evalue":"1.0e+000","url":"http://hocomoco.autosome.ru/motif/NFYA_HUMAN.H11MO.0.A","pwm":[[0.12203,0.32398,0.210003,0.343986],[0.0900369,0.409963,0.122021,0.377979],[0.503954,0.100025,0.351975,0.0440461],[0.37598,0.0140423,0.489947,0.120031],[0.00605369,0.989847,4.5091e-05,0.00405409],[0.00405409,0.985848,0.00204469,0.00805329],[0.999855,4.5091e-05,4.5091e-05,5.4889e-05],[0.967861,0.0120427,0.0180415,0.00205449],[0.00405409,0.0200411,0.00404429,0.971861],[0.144026,0.553934,0.257994,0.0440461],[0.67392,0.0520347,0.261993,0.0120525],[0.234008,0.178009,0.521941,0.0660417],[0.579939,0.212003,0.140017,0.0680413],[0.459963,0.0300391,0.395966,0.114032]]},{"db":2,"id":"NKX21_HUMAN.H11MO.0.A","len":10,"ltrim":1,"rtrim":1,"nsites":500,"evalue":"1.0e+000","url":"http://hocomoco.autosome.ru/motif/NKX21_HUMAN.H11MO.0.A","pwm":[[0.0660417,0.421961,0.226,0.285998],[0.132028,0.0920267,0.0240403,0.751905],[0.0760397,0.0220407,0.333978,0.567941],[0.0340481,0.00604389,0.957854,0.00205449],[0.995856,0.00204469,4.5091e-05,0.00205449],[0.0100529,0.00804349,0.981849,5.4889e-05],[0.281999,0.00204469,0.104024,0.611933],[0.108033,0.00204469,0.87787,0.0120525],[0.0320485,0.32598,0.443956,0.198015],[0.158023,0.347976,0.156014,0.337987]]},{"db":2,"id":"NKX22_HUMAN.H11MO.0.D","len":8,"ltrim":1,"rtrim":1,"nsites":500,"evalue":"1.0e+000","url":"http://hocomoco.autosome.ru/motif/NKX22_HUMAN.H11MO.0.D","pwm":[[0.303994,0.0700311,0.291987,0.333988],[0.208013,0.269991,0.517942,0.00405409],[0.977859,0.00204469,0.0120427,0.00805329],[0.279999,0.0120427,0.701905,0.00605369],[0.459963,4.5091e-05,0.0740303,0.465962],[0.00805329,4.5091e-05,0.989847,0.00205449],[0.0980353,0.295986,0.52594,0.0800389],[0.264002,0.389967,0.0680315,0.277999]]},{"db":2,"id":"NKX23_HUMAN.H11MO.0.D","len":11,"ltrim":1,"rtrim":2,"nsites":1247,"evalue":"1.0e+000","url":"http://hocomoco.autosome.ru/motif/NKX23_HUMAN.H11MO.0.D","pwm":[[0.139542,0.254,0.305276,0.301182],[0.152832,0.120394,0.12793,0.598844],[0.0856171,0.303342,0.13217,0.478871],[0.915769,0.00639793,0.0603728,0.0174603],[0.940644,0.00427131,0.0509013,0.00418377],[0.00597653,0.00503049,0.982166,0.00682718],[0.0259416,0.00275981,0.0290384,0.94226],[0.0214734,0.00573708,0.965347,0.0074423],[0.0259187,0.106516,0.74032,0.127246],[0.124134,0.197624,0.280941,0.397301],[0.219923,0.19793,0.180716,0.401431]]},{"db":2,"id":"ONEC3_HUMAN.H11MO.0.D","len":12,"ltrim":1,"rtrim":0,"nsites":10342,"evalue":"1.0e+000","url":"http://hocomoco.autosome.ru/motif/ONEC3_HUMAN.H11MO.0.D","pwm":[[0.180817,0.172018,0.172308,0.474858],[0.695364,0.101384,0.101577,0.101674],[0.101554,0.101263,0.101456,0.695727],[0.101433,0.324791,0.101529,0.472247],[0.000196039,2.18041e-06,0.999799,2.6542e-06],[0.999896,2.18041e-06,9.88726e-05,2.6542e-06],[2.6542e-06,9.88726e-05,2.18041e-06,0.999896],[0.000389423,0.000582333,2.18041e-06,0.999026],[0.0838348,0.00183933,0.00261287,0.911713],[0.0477686,0.0146027,0.00783425,0.929794],[0.0603386,0.113519,0.0211778,0.804965],[0.0954378,0.187198,0.135275,0.582089]]},{"db":2,"id":"P5F1B_HUMAN.H11MO.0.D","len":16,"ltrim":2,"rtrim":0,"nsites":664,"evalue":"1.0e+000","url":"http://hocomoco.autosome.ru/motif/P5F1B_HUMAN.H11MO.0.D","pwm":[[0.252639,0.15626,0.198423,0.392678],[0.437852,0.245102,0.178847,0.138198],[0.793597,0.0512311,0.0301499,0.125023],[0.0316631,0.073818,0.0241267,0.870392],[0.158903,0.014339,0.00831584,0.818442],[0.154009,0.003422,0.0049278,0.837641],[0.0674258,0.0041749,0.922711,0.00568807],[0.113353,0.882808,0.003422,0.000417783],[0.990856,0.00153975,0.00455135,0.00305293],[0.0226283,0.00756294,0.00153975,0.968269],[0.9438,0.00869229,0.0357966,0.0117113],[0.142339,0.0866173,0.0173506,0.753693],[0.13481,0.0489724,0.258278,0.557939],[0.0975417,0.565837,0.0388082,0.297813],[0.662592,0.0527369,0.066289,0.218382],[0.295931,0.0896289,0.103181,0.51126]]},{"db":2,"id":"SCRT1_HUMAN.H11MO.0.D","len":13,"ltrim":0,"rtrim":2,"nsites":179,"evalue":"1.0e+000","url":"http://hocomoco.autosome.ru/motif/SCRT1_HUMAN.H11MO.0.D","pwm":[[0.0490087,0.0433978,0.557077,0.350516],[0.0322582,0.91442,0.0266474,0.0266748],[0.928406,0.0294391,0.0182722,0.023883],[0.961906,0.00710525,0.0182722,0.0127161],[0.0169037,0.9549,0.0112929,0.0169037],[0.994011,0.000125907,0.000125907,0.00573674],[0.162074,0.000125907,0.837647,0.000153266],[0.00573674,0.00570938,0.982817,0.00573674],[0.0169037,0.0112929,0.00570938,0.966094],[0.0839054,0.0224598,0.725977,0.167657],[0.113219,0.107608,0.531952,0.247222],[0.188595,0.205319,0.194152,0.411934],[0.293286,0.203923,0.114587,0.388205]]},{"db":2,"id":"SMAD3_HUMAN.H11MO.0.B","len":12,"ltrim":2,"rtrim":0,"nsites":500,"evalue":"1.0e+000","url":"http://hocomoco.autosome.ru/motif/SMAD3_HUMAN.H11MO.0.B","pwm":[[0.164022,0.363972,0.313982,0.158023],[0.110033,0.271991,0.168011,0.449965],[0.0640421,0.695906,0.0600331,0.180019],[0.216012,0.00404429,0.0140423,0.765902],[0.0700409,0.293986,0.553934,0.0820385],[0.212012,0.311983,0.106024,0.369981],[0.0380473,0.869871,0.00804349,0.0840381],[0.465962,0.118021,0.0220407,0.393976],[0.00805329,0.565932,0.331979,0.0940361],[0.0320485,0.911863,0.0140423,0.0420465],[0.351985,0.0560339,0.00404429,0.587937],[0.0720405,0.271991,0.493946,0.162022]]},{"db":2,"id":"SMCA5_HUMAN.H11MO.0.C","len":15,"ltrim":0,"rtrim":0,"nsites":404,"evalue":"1.0e+000","url":"http://hocomoco.autosome.ru/motif/SMCA5_HUMAN.H11MO.0.C","pwm":[[0.0371875,0.0297514,0.905772,0.0272889],[0.735035,0.123788,0.106465,0.0347128],[0.509843,0.245045,0.205451,0.0396621],[0.108952,0.0569724,0.136161,0.697915],[0.133698,0.297012,0.334132,0.235158],[0.0866802,0.116364,0.78699,0.00996647],[0.836495,0.0322261,0.0742949,0.0569845],[0.868665,0.0347007,0.0841934,0.0124411],[0.1238,0.0495485,0.111414,0.715237],[0.116376,0.00995434,0.861229,0.0124411],[0.0248143,0.309385,0.650885,0.0149157],[0.893411,0.012429,0.03965,0.0545099],[0.59398,0.17328,0.215349,0.0173904],[0.351466,0.0693456,0.0668709,0.512317],[0.0520353,0.678106,0.183179,0.0866802]]},{"db":2,"id":"SOX10_HUMAN.H11MO.0.B","len":16,"ltrim":0,"rtrim":1,"nsites":500,"evalue":"1.0e+000","url":"http://hocomoco.autosome.ru/motif/SOX10_HUMAN.H11MO.0.B","pwm":[[0.379979,0.401965,0.168011,0.0500449],[0.887877,0.0640323,0.0320387,0.0160517],[0.769901,0.0320387,0.120021,0.0780393],[0.479959,0.0320387,0.249995,0.238007],[0.32399,0.0780295,0.545936,0.0520445],[0.277999,0.164012,0.501945,0.0560437],[0.367981,0.212003,0.303984,0.116032],[0.291997,0.148015,0.321981,0.238007],[0.0500449,0.291987,0.403964,0.254004],[0.0500449,0.797886,0.0460359,0.106034],[0.505954,0.0440363,0.0120427,0.437967],[0.0280493,0.0740303,0.0360379,0.861883],[0.00605369,0.0220407,0.00604389,0.965862],[0.0540441,0.0200411,0.92586,5.4889e-05],[0.0620425,0.00204469,0.0120427,0.92387],[0.138027,0.182009,0.180009,0.499955]]},{"db":2,"id":"ZKSC1_HUMAN.H11MO.0.B","len":19,"ltrim":1,"rtrim":1,"nsites":500,"evalue":"1.0e+000","url":"http://hocomoco.autosome.ru/motif/ZKSC1_HUMAN.H11MO.0.B","pwm":[[0.274,0.12402,0.154014,0.447965],[0.236008,0.140017,0.517942,0.106034],[0.435968,0.222001,0.102025,0.240007],[0.307993,0.100025,0.457954,0.134028],[0.110033,0.283988,0.42396,0.182018],[0.417971,0.231999,0.172011,0.178019],[0.0280493,0.933858,0.0220407,0.0160517],[0.0540441,0.879869,0.00404429,0.0620425],[0.00405409,0.17601,0.0480355,0.771901],[0.917871,0.0380375,0.0220407,0.0220505],[0.0180513,0.92586,0.0420367,0.0140521],[0.0380473,0.0220407,0.00604389,0.933868],[0.381979,0.0340383,0.57593,0.00805329],[0.134028,0.0500351,0.100025,0.715912],[5.4889e-05,0.0380375,0.945856,0.0160517],[0.0220505,0.142017,0.0600331,0.7759],[0.0640421,0.0440363,0.819881,0.0720405],[0.0960357,0.683908,0.0740303,0.146026],[0.236008,0.359973,0.0900271,0.313992]]},{"db":2,"id":"ZN816_HUMAN.H11MO.1.C","len":14,"ltrim":3,"rtrim":2,"nsites":464,"evalue":"1.0e+000","url":"http://hocomoco.autosome.ru/motif/ZN816_HUMAN.H11MO.1.C","pwm":[[0.431001,0.204746,0.228448,0.135806],[0.502106,0.122867,0.243531,0.131496],[0.228458,0.056071,0.381432,0.334039],[0.176745,0.0215957,0.749887,0.0517721],[0.0560816,0.0108221,0.788672,0.144425],[0.0690098,0.0022033,0.894252,0.0345345],[0.0690098,0.019441,0.905026,0.00652327],[0.870561,0.0797728,0.0172863,0.0323798],[0.153043,0.706793,0.0970105,0.0431533],[0.637853,0.109939,0.0883916,0.163817],[0.112104,0.0970105,0.267232,0.523653],[0.10133,0.0496069,0.767125,0.0819381],[0.323265,0.370658,0.0840822,0.221994],[0.422382,0.13364,0.202591,0.241386]]}],"sequence_names":["chr1:27866550-27867549","chr20:50338600-50339299","chr2:201508400-201509049","chr6:10317300-10318049","chr6:9400150-9400749","chr9:128058900-128059699"],"primaries":[{"motif":{"db":0,"id":"AAATCYTCACMATCTATACATCTGACAMAG","alt":"MEME-7","len":30,"ltrim":0,"rtrim":0,"nsites":7,"evalue":"2.3e-008","pwm":[[0.989782,0.00317606,0.00317606,0.0038662],[0.848937,0.00317606,0.00317606,0.144711],[0.708092,0.00317606,0.00317606,0.285556],[0.0038662,0.144021,0.00317606,0.848937],[0.0038662,0.848247,0.00317606,0.144711],[0.144711,0.284866,0.00317606,0.567247],[0.144711,0.00317606,0.00317606,0.848937],[0.0038662,0.989092,0.00317606,0.0038662],[0.989782,0.00317606,0.00317606,0.0038662],[0.144711,0.848247,0.00317606,0.0038662],[0.567247,0.284866,0.144021,0.0038662],[0.708092,0.144021,0.00317606,0.144711],[0.0038662,0.00317606,0.284866,0.708092],[0.144711,0.848247,0.00317606,0.0038662],[0.285556,0.00317606,0.00317606,0.708092],[0.708092,0.284866,0.00317606,0.0038662],[0.0038662,0.00317606,0.00317606,0.989782],[0.708092,0.00317606,0.284866,0.0038662],[0.0038662,0.989092,0.00317606,0.0038662],[0.708092,0.144021,0.144021,0.0038662],[0.0038662,0.00317606,0.144021,0.848937],[0.0038662,0.707402,0.284866,0.0038662],[0.0038662,0.144021,0.00317606,0.848937],[0.0038662,0.00317606,0.848247,0.144711],[0.708092,0.00317606,0.144021,0.144711],[0.0038662,0.848247,0.144021,0.0038662],[0.989782,0.00317606,0.00317606,0.0038662],[0.567247,0.425711,0.00317606,0.0038662],[0.989782,0.00317606,0.00317606,0.0038662],[0.0038662,0.00317606,0.989092,0.0038662]]},"secondaries":[[{"idx":9,"counts":[[0,0,0,0,0,0,0,0,0,0,0,0,0,0,0,0,0,0,0,0,0,0,0,0,0,0,0,0,0,0,0,0,0,0,0,0,0,0,0,0,0,0,0,0,0,0,0,0,0,0,0,0,0,0,0,0,0,0,0,0,0,0,0,0,0,0,0,0,0,0,0,0,0,0,0,0,0,0,0,0,0,0,0,0,0,0,0,0,0,0,0,0,0,0,0,0,0,0,0,0,0,0,0,0,0,0,0,0,0,0,0,0,0,0,0,0,0,0,0,0,0,0,0,0,0,0,0,0,0,0,0,0,0,0,0,0,0,0],[0,0,0,0,0,0,0,0,0,0,0,0,0,0,0,0,0,0,0,0,0,0,0,0,0,0,0,0,0,0,0,0,0,0,0,0,0,0,0,0,0,0,0,0,0,0,0,0,0,0,0,0,0,0,0,0,0,0,0,2,0,0,0,0,0,0,0,0,0,0,0,0,0,0,0,0,0,0,0,0,0,0,0,0,0,0,1,0,0,0,0,0,0,0,0,0,0,0,0,0,0,0,1,0,0,0,0,0,0,0,0,0,0,0,0,0,0,0,0,0,0,0,0,0,0,0,0,0,0,0,0,0,0,0,0,0,0,0],[0,0,0,0,0,0,0,0,0,0,0,0,0,0,0,0,0,0,0,3,0,0,0,0,0,0,0,0,1,0,0,0,0,0,0,0,0,0,0,0,0,0,0,0,0,0,0,0,0,0,0,0,0,0,0,0,0,0,0,0,0,0,0,0,0,0,0,0,0,0,0,0,0,0,0,0,0,0,0,0,1,0,0,0,0,0,0,0,0,0,0,0,0,0,0,0,0,0,0,0,0,0,0,0,0,0,0,0,0,0,0,0,0,0,0,0,0,0,0,0,0,0,0,0,0,0,0,0,0,0,0,0,0,0,0,0,0,0],[0,0,0,0,0,0,0,0,0,0,0,0,0,0,0,0,0,0,0,0,0,0,0,0,0,0,0,0,0,0,0,0,0,0,0,0,0,0,0,0,0,0,0,0,0,0,0,0,0,0,0,0,0,0,0,0,0,0,0,0,0,0,0,0,0,0,1,0,0,0,0,0,0,0,0,0,0,0,0,0,0,0,0,0,0,0,0,0,0,0,0,0,0,0,0,0,0,0,0,0,0,0,0,0,0,0,0,0,0,0,0,0,0,0,0,0,0,0,0,0,0,0,0,0,0,0,0,0,0,0,0,0,0,0,0,0,0,0]],"spacings":[{"orient":2,"bin":19,"pvalue":7.22233e-07,"inferred_pwm":[[0,0.333333,0,0.666667],[0,1,0,0],[0,0,0,1],[0,0,1,0],[0,0,0.333333,0.666667],[0.333333,0,0,0.666667],[0.333333,0,0,0.666667],[0.666667,0,0,0.333333],[0,0.666667,0.333333,0],[0,0.333333,0,0.666667],[0,0.666667,0,0.333333],[0,0,0,1],[0,0.333333,0.666667,0],[0,0.666667,0,0.333333]],"alignment_pwm":[null,null,[[0.333333,0.333333,0.333333,0],[0.333333,0.333333,0.333333,0],[0.333333,0,0.333333,0.333333],[0.333333,0,0,0.666667],[0,1,0,0],[0.666667,0.333333,0,0],[0,0,0.666667,0.333333],[0,0.666667,0,0.333333],[0,1,0,0],[1,0,0,0],[0.333333,0,0.666667,0],[0,0.666667,0.333333,0],[1,0,0,0],[0.333333,0,0.666667,0],[0.666667,0,0.333333,0],[0,0.333333,0.666667,0],[0.333333,0,0,0.666667],[0.666667,0,0,0.333333],[0.666667,0,0,0.333333],[0.666667,0.333333,0,0],[0,1,0,0],[1,0,0,0],[0,0,1,0],[0.666667,0,0.333333,0],[0,0.666667,0.333333,0],[0.666667,0,0,0.333333],[0.333333,0.333333,0,0.333333],[0,1,0,0],[0,0.666667,0,0.333333],[0,0.666667,0,0.333333],[0.666667,0.333333,0,0],[0,0.666667,0,0.333333],[0.666667,0.333333,0,0],[0.333333,0,0.666667,0],[0.666667,0,0.333333,0],[0,0,1,0],[0,0,0,1],[0,0.333333,0.666667,0],[0,0.333333,0.666667,0],[0.333333,0,0.666667,0],[1,0,0,0],[0,0,0.666667,0.333333],[0.666667,0,0,0.333333],[1,0,0,0],[1,0,0,0],[0.666667,0,0,0.333333],[0,0.333333,0,0.666667],[0,0.666667,0,0.333333],[0,0.666667,0,0.333333],[0,0,0,1],[0,1,0,0],[1,0,0,0],[0,1,0,0],[0.666667,0.333333,0,0],[0.666667,0.333333,0,0],[0,0,0,1],[0,1,0,0],[0,0,0,1],[0.666667,0.333333,0,0],[0,0,0,1],[0.666667,0,0.333333,0],[0,1,0,0],[0.666667,0,0.333333,0],[0,0,0,1],[0,1,0,0],[0,0.333333,0,0.666667],[0,0,1,0],[0.666667,0,0,0.333333],[0,0.666667,0.333333,0],[1,0,0,0],[0.666667,0.333333,0,0],[1,0,0,0],[0,0,1,0],[0,0.333333,0.666667,0],[0.666667,0.333333,0,0],[0,1,0,0],[0,0,0,1],[0.666667,0,0,0.333333],[0.666667,0.333333,0,0],[0,0.666667,0,0.333333],[0.666667,0,0,0.333333],[0,0,0.333333,0.666667],[0,0.666667,0.333333,0],[0,0.666667,0.333333,0],[1,0,0,0],[0.333333,0,0.333333,0.333333],[0.666667,0,0,0.333333],[0.666667,0,0.333333,0],[0,0.666667,0,0.333333],[0,1,0,0],[0,0.333333,0,0.666667],[0.666667,0,0,0.333333],[0,1,0,0],[0.666667,0.333333,0,0],[0.666667,0,0,0.333333],[0.333333,0,0.333333,0.333333],[0.333333,0,0.666667,0],[0.666667,0.333333,0,0],[0.666667,0.333333,0,0],[0.333333,0.666667,0,0],[0,0.333333,0,0.666667],[0,0.666667,0.333333,0],[0.666667,0.333333,0,0],[0.666667,0.333333,0,0],[1,0,0,0],[0,1,0,0],[0.666667,0.333333,0,0],[1,0,0,0],[1,0,0,0],[0,0.333333,0,0.666667],[0,0.666667,0,0.333333],[0.666667,0.333333,0,0],[0,0.333333,0.666667,0],[0,0,0,1],[0.666667,0,0,0.333333],[0.666667,0,0,0.333333]],null],"seqs":[0,1,2]},{"orient":4,"bin":19,"pvalue":5.72271e-06,"inferred_pwm":[[0,0.333333,0,0.666667],[0,1,0,0],[0,0,0,1],[0,0,1,0],[0,0,0.333333,0.666667],[0.333333,0,0,0.666667],[0.333333,0,0,0.666667],[0.666667,0,0,0.333333],[0,0.666667,0.333333,0],[0,0.333333,0,0.666667],[0,0.666667,0,0.333333],[0,0,0,1],[0,0.333333,0.666667,0],[0,0.666667,0,0.333333]],"alignment_pwm":[null,null,[[0.333333,0.333333,0.333333,0],[0.333333,0.333333,0.333333,0],[0.333333,0,0.333333,0.333333],[0.333333,0,0,0.666667],[0,1,0,0],[0.666667,0.333333,0,0],[0,0,0.666667,0.333333],[0,0.666667,0,0.333333],[0,1,0,0],[1,0,0,0],[0.333333,0,0.666667,0],[0,0.666667,0.333333,0],[1,0,0,0],[0.333333,0,0.666667,0],[0.666667,0,0.333333,0],[0,0.333333,0.666667,0],[0.333333,0,0,0.666667],[0.666667,0,0,0.333333],[0.666667,0,0,0.333333],[0.666667,0.333333,0,0],[0,1,0,0],[1,0,0,0],[0,0,1,0],[0.666667,0,0.333333,0],[0,0.666667,0.333333,0],[0.666667,0,0,0.333333],[0.333333,0.333333,0,0.333333],[0,1,0,0],[0,0.666667,0,0.333333],[0,0.666667,0,0.333333],[0.666667,0.333333,0,0],[0,0.666667,0,0.333333],[0.666667,0.333333,0,0],[0.333333,0,0.666667,0],[0.666667,0,0.333333,0],[0,0,1,0],[0,0,0,1],[0,0.333333,0.666667,0],[0,0.333333,0.666667,0],[0.333333,0,0.666667,0],[1,0,0,0],[0,0,0.666667,0.333333],[0.666667,0,0,0.333333],[1,0,0,0],[1,0,0,0],[0.666667,0,0,0.333333],[0,0.333333,0,0.666667],[0,0.666667,0,0.333333],[0,0.666667,0,0.333333],[0,0,0,1],[0,1,0,0],[1,0,0,0],[0,1,0,0],[0.666667,0.333333,0,0],[0.666667,0.333333,0,0],[0,0,0,1],[0,1,0,0],[0,0,0,1],[0.666667,0.333333,0,0],[0,0,0,1],[0.666667,0,0.333333,0],[0,1,0,0],[0.666667,0,0.333333,0],[0,0,0,1],[0,1,0,0],[0,0.333333,0,0.666667],[0,0,1,0],[0.666667,0,0,0.333333],[0,0.666667,0.333333,0],[1,0,0,0],[0.666667,0.333333,0,0],[1,0,0,0],[0,0,1,0],[0,0.333333,0.666667,0],[0.666667,0.333333,0,0],[0,1,0,0],[0,0,0,1],[0.666667,0,0,0.333333],[0.666667,0.333333,0,0],[0,0.666667,0,0.333333],[0.666667,0,0,0.333333],[0,0,0.333333,0.666667],[0,0.666667,0.333333,0],[0,0.666667,0.333333,0],[1,0,0,0],[0.333333,0,0.333333,0.333333],[0.666667,0,0,0.333333],[0.666667,0,0.333333,0],[0,0.666667,0,0.333333],[0,1,0,0],[0,0.333333,0,0.666667],[0.666667,0,0,0.333333],[0,1,0,0],[0.666667,0.333333,0,0],[0.666667,0,0,0.333333],[0.333333,0,0.333333,0.333333],[0.333333,0,0.666667,0],[0.666667,0.333333,0,0],[0.666667,0.333333,0,0],[0.333333,0.666667,0,0],[0,0.333333,0,0.666667],[0,0.666667,0.333333,0],[0.666667,0.333333,0,0],[0.666667,0.333333,0,0],[1,0,0,0],[0,1,0,0],[0.666667,0.333333,0,0],[1,0,0,0],[1,0,0,0],[0,0.333333,0,0.666667],[0,0.666667,0,0.333333],[0.666667,0.333333,0,0],[0,0.333333,0.666667,0],[0,0,0,1],[0.666667,0,0,0.333333],[0.666667,0,0,0.333333]],null],"seqs":[0,1,2]},{"orient":6,"bin":19,"pvalue":5.72271e-06,"inferred_pwm":[[0,0.333333,0,0.666667],[0,1,0,0],[0,0,0,1],[0,0,1,0],[0,0,0.333333,0.666667],[0.333333,0,0,0.666667],[0.333333,0,0,0.666667],[0.666667,0,0,0.333333],[0,0.666667,0.333333,0],[0,0.333333,0,0.666667],[0,0.666667,0,0.333333],[0,0,0,1],[0,0.333333,0.666667,0],[0,0.666667,0,0.333333]],"alignment_pwm":[null,null,[[0.333333,0.333333,0.333333,0],[0.333333,0.333333,0.333333,0],[0.333333,0,0.333333,0.333333],[0.333333,0,0,0.666667],[0,1,0,0],[0.666667,0.333333,0,0],[0,0,0.666667,0.333333],[0,0.666667,0,0.333333],[0,1,0,0],[1,0,0,0],[0.333333,0,0.666667,0],[0,0.666667,0.333333,0],[1,0,0,0],[0.333333,0,0.666667,0],[0.666667,0,0.333333,0],[0,0.333333,0.666667,0],[0.333333,0,0,0.666667],[0.666667,0,0,0.333333],[0.666667,0,0,0.333333],[0.666667,0.333333,0,0],[0,1,0,0],[1,0,0,0],[0,0,1,0],[0.666667,0,0.333333,0],[0,0.666667,0.333333,0],[0.666667,0,0,0.333333],[0.333333,0.333333,0,0.333333],[0,1,0,0],[0,0.666667,0,0.333333],[0,0.666667,0,0.333333],[0.666667,0.333333,0,0],[0,0.666667,0,0.333333],[0.666667,0.333333,0,0],[0.333333,0,0.666667,0],[0.666667,0,0.333333,0],[0,0,1,0],[0,0,0,1],[0,0.333333,0.666667,0],[0,0.333333,0.666667,0],[0.333333,0,0.666667,0],[1,0,0,0],[0,0,0.666667,0.333333],[0.666667,0,0,0.333333],[1,0,0,0],[1,0,0,0],[0.666667,0,0,0.333333],[0,0.333333,0,0.666667],[0,0.666667,0,0.333333],[0,0.666667,0,0.333333],[0,0,0,1],[0,1,0,0],[1,0,0,0],[0,1,0,0],[0.666667,0.333333,0,0],[0.666667,0.333333,0,0],[0,0,0,1],[0,1,0,0],[0,0,0,1],[0.666667,0.333333,0,0],[0,0,0,1],[0.666667,0,0.333333,0],[0,1,0,0],[0.666667,0,0.333333,0],[0,0,0,1],[0,1,0,0],[0,0.333333,0,0.666667],[0,0,1,0],[0.666667,0,0,0.333333],[0,0.666667,0.333333,0],[1,0,0,0],[0.666667,0.333333,0,0],[1,0,0,0],[0,0,1,0],[0,0.333333,0.666667,0],[0.666667,0.333333,0,0],[0,1,0,0],[0,0,0,1],[0.666667,0,0,0.333333],[0.666667,0.333333,0,0],[0,0.666667,0,0.333333],[0.666667,0,0,0.333333],[0,0,0.333333,0.666667],[0,0.666667,0.333333,0],[0,0.666667,0.333333,0],[1,0,0,0],[0.333333,0,0.333333,0.333333],[0.666667,0,0,0.333333],[0.666667,0,0.333333,0],[0,0.666667,0,0.333333],[0,1,0,0],[0,0.333333,0,0.666667],[0.666667,0,0,0.333333],[0,1,0,0],[0.666667,0.333333,0,0],[0.666667,0,0,0.333333],[0.333333,0,0.333333,0.333333],[0.333333,0,0.666667,0],[0.666667,0.333333,0,0],[0.666667,0.333333,0,0],[0.333333,0.666667,0,0],[0,0.333333,0,0.666667],[0,0.666667,0.333333,0],[0.666667,0.333333,0,0],[0.666667,0.333333,0,0],[1,0,0,0],[0,1,0,0],[0.666667,0.333333,0,0],[1,0,0,0],[1,0,0,0],[0,0.333333,0,0.666667],[0,0.666667,0,0.333333],[0.666667,0.333333,0,0],[0,0.333333,0.666667,0],[0,0,0,1],[0.666667,0,0,0.333333],[0.666667,0,0,0.333333]],null],"seqs":[0,1,2]}]},{"idx":20,"counts":[[0,0,0,0,2,0,0,0,0,0,0,0,0,0,0,0,0,0,0,0,0,0,0,0,0,0,0,0,0,0,0,0,0,0,0,0,0,0,0,0,0,0,0,0,0,0,0,0,0,0,0,0,0,0,0,0,0,0,0,0,0,0,0,0,0,0,0,0,0,0,0,0,0,0,0,0,0,0,0,0,0,0,0,0,0,0,0,0,0,0,0,0,0,0,0,0,0,0,0,0,0,0,0,0,0,0,0,0,0,0,0,0,0,0,0,0,0,0,0,0,0,0,0,0,0,0,0,0,0,0,0,0,0,0,0],[0,0,0,0,0,0,0,0,0,0,0,0,0,0,0,0,0,0,0,0,0,0,0,0,0,0,0,0,0,0,0,0,0,0,0,0,0,0,0,0,0,0,0,0,0,0,0,0,0,0,0,0,0,0,0,0,0,0,0,0,0,0,0,0,0,0,0,0,0,0,0,0,0,0,0,0,0,0,0,0,0,0,0,0,0,0,0,0,0,0,0,0,0,0,0,0,0,0,0,0,0,0,0,0,0,0,0,0,0,0,0,0,0,0,0,0,0,0,0,0,0,0,0,0,0,0,0,0,0,0,0,0,0,0,0],[0,0,0,0,0,0,0,0,0,0,0,0,0,0,0,0,0,0,0,0,0,0,0,0,0,0,0,0,0,0,0,0,0,0,0,0,0,0,0,0,0,0,0,0,0,0,0,0,0,0,0,0,0,0,0,0,0,0,0,0,0,0,0,0,0,0,0,0,0,0,0,0,0,0,0,0,0,0,0,0,0,0,0,0,0,0,0,0,0,0,0,0,0,0,0,0,0,0,0,0,0,0,0,0,0,0,0,0,0,0,0,0,0,0,0,0,0,0,0,0,0,0,0,0,0,0,0,0,0,0,0,0,0,0,0],[0,0,0,0,0,0,0,0,0,0,0,0,0,0,0,0,0,0,0,0,0,0,0,0,0,0,0,0,0,0,0,0,0,0,0,0,0,0,0,0,0,0,0,0,0,0,0,0,0,0,0,0,0,0,0,0,0,0,0,0,0,0,0,0,0,0,0,0,0,0,0,0,0,0,0,0,0,0,0,0,0,0,0,0,0,0,0,0,0,0,0,0,0,0,0,0,0,0,0,0,0,0,0,0,0,0,0,0,0,0,0,0,0,0,0,0,0,0,0,0,0,0,0,0,0,0,0,0,0,0,0,0,0,0,0]],"spacings":[{"orient":0,"bin":4,"pvalue":3.48073e-06,"inferred_pwm":[[0,0,1,0],[1,0,0,0],[0,1,0,0],[1,0,0,0],[0.5,0,0,0.5],[0,1,0,0],[0,1,0,0],[0,1,0,0],[1,0,0,0],[0,1,0,0],[1,0,0,0],[0,0,1,0],[1,0,0,0],[0,0,1,0],[0,0,0,1],[0,0,1,0],[0,0,1,0]],"alignment_pwm":[[[1,0,0,0],[0,0,1,0],[1,0,0,0],[0,0,1,0],[0,0,0,1],[1,0,0,0],[1,0,0,0],[1,0,0,0],[0,1,0,0],[1,0,0,0],[0,0,1,0],[1,0,0,0],[0,1,0,0],[1,0,0,0],[0.5,0,0,0.5],[0,1,0,0],[0,1,0,0],[0,1,0,0],[1,0,0,0],[0,1,0,0],[1,0,0,0],[0,0,1,0],[1,0,0,0],[0,0,1,0],[0,0,0,1],[0,0,1,0],[0,0,1,0],[0,0,1,0],[1,0,0,0],[0,0,1,0],[1,0,0,0],[1,0,0,0],[1,0,0,0],[1,0,0,0],[0,0,0,1],[0,1,0,0],[0,0.5,0,0.5],[0,0,0,1],[0,1,0,0],[1,0,0,0],[0,1,0,0],[1,0,0,0],[1,0,0,0],[0,0,0,1],[0,1,0,0],[0,0,0,1],[1,0,0,0],[0,0,0,1],[1,0,0,0],[0,1,0,0],[0.5,0,0.5,0],[0,0,0,1],[0,1,0,0],[0,0,0,1],[0,0,1,0],[1,0,0,0],[0,1,0,0],[1,0,0,0],[1,0,0,0],[1,0,0,0],[0,0,1,0],[0,0,1,0],[1,0,0,0],[0,1,0,0],[0,0,0,1],[1,0,0,0],[1,0,0,0],[0,0.5,0,0.5],[1,0,0,0],[0,0,0,1],[0,1,0,0],[0,1,0,0],[1,0,0,0],[0,0,0.5,0.5],[1,0,0,0],[1,0,0,0],[0,0.5,0,0.5],[0,1,0,0],[0,0,0,1],[1,0,0,0],[0,1,0,0],[1,0,0,0],[1,0,0,0],[0.5,0,0.5,0],[0.5,0,0.5,0],[1,0,0,0],[1,0,0,0],[0,1,0,0],[0,0,0,1],[0,1,0,0],[1,0,0,0],[1,0,0,0]],null,null,null],"seqs":[1,2]},{"orient":4,"bin":4,"pvalue":1.39229e-05,"inferred_pwm":[[0,0,1,0],[1,0,0,0],[0,1,0,0],[1,0,0,0],[0.5,0,0,0.5],[0,1,0,0],[0,1,0,0],[0,1,0,0],[1,0,0,0],[0,1,0,0],[1,0,0,0],[0,0,1,0],[1,0,0,0],[0,0,1,0],[0,0,0,1],[0,0,1,0],[0,0,1,0]],"alignment_pwm":[[[1,0,0,0],[0,0,1,0],[1,0,0,0],[0,0,1,0],[0,0,0,1],[1,0,0,0],[1,0,0,0],[1,0,0,0],[0,1,0,0],[1,0,0,0],[0,0,1,0],[1,0,0,0],[0,1,0,0],[1,0,0,0],[0.5,0,0,0.5],[0,1,0,0],[0,1,0,0],[0,1,0,0],[1,0,0,0],[0,1,0,0],[1,0,0,0],[0,0,1,0],[1,0,0,0],[0,0,1,0],[0,0,0,1],[0,0,1,0],[0,0,1,0],[0,0,1,0],[1,0,0,0],[0,0,1,0],[1,0,0,0],[1,0,0,0],[1,0,0,0],[1,0,0,0],[0,0,0,1],[0,1,0,0],[0,0.5,0,0.5],[0,0,0,1],[0,1,0,0],[1,0,0,0],[0,1,0,0],[1,0,0,0],[1,0,0,0],[0,0,0,1],[0,1,0,0],[0,0,0,1],[1,0,0,0],[0,0,0,1],[1,0,0,0],[0,1,0,0],[0.5,0,0.5,0],[0,0,0,1],[0,1,0,0],[0,0,0,1],[0,0,1,0],[1,0,0,0],[0,1,0,0],[1,0,0,0],[1,0,0,0],[1,0,0,0],[0,0,1,0],[0,0,1,0],[1,0,0,0],[0,1,0,0],[0,0,0,1],[1,0,0,0],[1,0,0,0],[0,0.5,0,0.5],[1,0,0,0],[0,0,0,1],[0,1,0,0],[0,1,0,0],[1,0,0,0],[0,0,0.5,0.5],[1,0,0,0],[1,0,0,0],[0,0.5,0,0.5],[0,1,0,0],[0,0,0,1],[1,0,0,0],[0,1,0,0],[1,0,0,0],[1,0,0,0],[0.5,0,0.5,0],[0.5,0,0.5,0],[1,0,0,0],[1,0,0,0],[0,1,0,0],[0,0,0,1],[0,1,0,0],[1,0,0,0],[1,0,0,0]],null,null,null],"seqs":[1,2]},{"orient":5,"bin":4,"pvalue":1.39229e-05,"inferred_pwm":[[0,0,1,0],[1,0,0,0],[0,1,0,0],[1,0,0,0],[0.5,0,0,0.5],[0,1,0,0],[0,1,0,0],[0,1,0,0],[1,0,0,0],[0,1,0,0],[1,0,0,0],[0,0,1,0],[1,0,0,0],[0,0,1,0],[0,0,0,1],[0,0,1,0],[0,0,1,0]],"alignment_pwm":[[[1,0,0,0],[0,0,1,0],[1,0,0,0],[0,0,1,0],[0,0,0,1],[1,0,0,0],[1,0,0,0],[1,0,0,0],[0,1,0,0],[1,0,0,0],[0,0,1,0],[1,0,0,0],[0,1,0,0],[1,0,0,0],[0.5,0,0,0.5],[0,1,0,0],[0,1,0,0],[0,1,0,0],[1,0,0,0],[0,1,0,0],[1,0,0,0],[0,0,1,0],[1,0,0,0],[0,0,1,0],[0,0,0,1],[0,0,1,0],[0,0,1,0],[0,0,1,0],[1,0,0,0],[0,0,1,0],[1,0,0,0],[1,0,0,0],[1,0,0,0],[1,0,0,0],[0,0,0,1],[0,1,0,0],[0,0.5,0,0.5],[0,0,0,1],[0,1,0,0],[1,0,0,0],[0,1,0,0],[1,0,0,0],[1,0,0,0],[0,0,0,1],[0,1,0,0],[0,0,0,1],[1,0,0,0],[0,0,0,1],[1,0,0,0],[0,1,0,0],[0.5,0,0.5,0],[0,0,0,1],[0,1,0,0],[0,0,0,1],[0,0,1,0],[1,0,0,0],[0,1,0,0],[1,0,0,0],[1,0,0,0],[1,0,0,0],[0,0,1,0],[0,0,1,0],[1,0,0,0],[0,1,0,0],[0,0,0,1],[1,0,0,0],[1,0,0,0],[0,0.5,0,0.5],[1,0,0,0],[0,0,0,1],[0,1,0,0],[0,1,0,0],[1,0,0,0],[0,0,0.5,0.5],[1,0,0,0],[1,0,0,0],[0,0.5,0,0.5],[0,1,0,0],[0,0,0,1],[1,0,0,0],[0,1,0,0],[1,0,0,0],[1,0,0,0],[0.5,0,0.5,0],[0.5,0,0.5,0],[1,0,0,0],[1,0,0,0],[0,1,0,0],[0,0,0,1],[0,1,0,0],[1,0,0,0],[1,0,0,0]],null,null,null],"seqs":[1,2]}]},{"idx":0,"counts":[[0,0,0,0,0,0,0,0,0,0,0,0,0,0,0,0,0,0,0,0,0,0,0,0,0,0,0,0,0,0,0,0,0,0,0,0,0,0,0,0,0,0,0,0,0,0,0,0,0,0,0,0,0,0,0,0,0,0,0,0,0,0,0,0,0,0,0,0,0,0,0,0,0,0,0,0,0,0,0,0,0,0,0,0,0,0,0,0,0,0,0,0,0,0,0,0,0,0,0,0,0,0,0,0,0,0,0,0,0,0,0,0,0,0,0,0,0,0,0,0,0,0,0,0,0,0,0,0,0,0],[0,0,0,0,0,0,0,0,0,0,0,0,0,0,0,0,0,0,0,0,0,0,0,0,0,0,0,0,0,0,0,0,0,0,0,0,0,0,0,0,0,0,0,0,0,0,0,0,0,0,0,0,0,0,0,0,0,0,0,0,0,0,0,0,0,0,0,0,0,0,0,0,0,0,0,0,0,0,0,0,0,0,0,0,0,0,0,0,0,0,0,0,0,0,0,0,0,0,0,0,0,0,0,0,0,0,0,0,0,0,0,0,0,0,0,0,0,0,0,0,0,0,0,0,0,0,0,0,0,0],[0,0,0,0,0,0,0,0,0,0,2,0,0,0,0,0,0,0,0,0,0,0,0,0,0,0,0,0,0,0,0,0,0,0,0,0,0,0,0,0,0,0,0,0,0,0,0,0,0,0,0,0,0,0,0,0,0,0,0,0,0,0,0,0,0,0,0,0,0,0,0,0,0,0,0,0,0,0,0,0,0,0,0,0,0,0,0,0,0,0,0,0,0,0,0,0,0,0,0,0,0,0,0,0,0,0,0,0,0,0,0,0,0,0,0,0,0,0,0,0,0,0,0,0,0,0,0,0,0,0],[0,0,0,0,0,0,0,0,0,0,0,0,0,0,0,0,0,0,0,0,0,0,0,0,0,0,0,0,0,0,0,0,0,0,0,0,0,0,0,0,0,0,0,0,0,0,0,0,0,0,0,0,0,0,0,0,0,0,0,0,0,0,0,0,0,0,0,0,0,0,0,0,0,0,0,0,0,0,0,0,0,0,0,0,0,0,0,0,0,0,0,0,0,0,0,0,0,0,0,0,0,0,0,0,0,0,0,0,0,0,0,0,0,0,0,0,0,0,0,0,0,0,0,0,0,0,0,0,0,0]],"spacings":[{"orient":2,"bin":10,"pvalue":3.75578e-06,"inferred_pwm":[[0,0,0,1],[0,0,1,0],[0,0,0,1],[0,0,1,0],[0,0,1,0],[0,0,1,0],[0.5,0,0,0.5],[0,0,0,1],[0,0,1,0],[0,0,0,1],[0,1,0,0],[0,0,0,1],[0,0,1,0],[0,0,0,1],[0,0,0,1],[0,0,0,1],[1,0,0,0],[0,1,0,0],[0,0,0,1],[0,1,0,0],[0,0,0,1],[0,0,1,0]],"alignment_pwm":[null,null,[[0.5,0,0.5,0],[0.5,0,0.5,0],[0.5,0,0,0.5],[0,1,0,0],[1,0,0,0],[0,0,1,0],[0,0.5,0,0.5],[0,1,0,0],[1,0,0,0],[0,0,1,0],[0,1,0,0],[1,0,0,0],[0,0,1,0],[1,0,0,0],[0,0,1,0],[0,0,0,1],[1,0,0,0],[1,0,0,0],[1,0,0,0],[0,1,0,0],[1,0,0,0],[0,0,1,0],[1,0,0,0],[0,1,0,0],[1,0,0,0],[0.5,0,0,0.5],[0,1,0,0],[0,1,0,0],[0,1,0,0],[1,0,0,0],[0,1,0,0],[1,0,0,0],[0,0,1,0],[1,0,0,0],[0,0,1,0],[0,0,0,1],[0,0,1,0],[0,0,1,0],[0,0,1,0],[1,0,0,0],[0,0,1,0],[1,0,0,0],[1,0,0,0],[1,0,0,0],[1,0,0,0],[0,0,0,1],[0,1,0,0],[0,0.5,0,0.5],[0,0,0,1],[0,1,0,0],[1,0,0,0],[0,1,0,0],[1,0,0,0],[1,0,0,0],[0,0,0,1],[0,1,0,0],[0,0,0,1],[1,0,0,0],[0,0,0,1],[1,0,0,0],[0,1,0,0],[0.5,0,0.5,0],[0,0,0,1],[0,1,0,0],[0,0,0,1],[0,0,1,0],[1,0,0,0],[0,1,0,0],[1,0,0,0],[1,0,0,0],[1,0,0,0],[0,0,1,0],[0,0,1,0],[1,0,0,0],[0,1,0,0],[0,0,0,1],[1,0,0,0],[1,0,0,0],[0,0.5,0,0.5],[1,0,0,0],[0,0,0,1],[0,1,0,0],[0,1,0,0],[1,0,0,0],[0,0,0.5,0.5],[1,0,0,0],[1,0,0,0],[0,0.5,0,0.5],[0,1,0,0],[0,0,0,1],[1,0,0,0],[0,1,0,0],[1,0,0,0],[1,0,0,0],[0.5,0,0.5,0],[0.5,0,0.5,0],[1,0,0,0],[1,0,0,0],[0,1,0,0],[0,0,0,1],[0,1,0,0],[1,0,0,0],[1,0,0,0],[1,0,0,0],[0,1,0,0],[1,0,0,0],[1,0,0,0],[1,0,0,0],[0,0,0,1],[0,1,0,0],[1,0,0,0],[0,0,1,0],[0,0,0,1],[1,0,0,0]],null],"seqs":[1,2]},{"orient":4,"bin":10,"pvalue":1.50231e-05,"inferred_pwm":[[0,0,0,1],[0,0,1,0],[0,0,0,1],[0,0,1,0],[0,0,1,0],[0,0,1,0],[0.5,0,0,0.5],[0,0,0,1],[0,0,1,0],[0,0,0,1],[0,1,0,0],[0,0,0,1],[0,0,1,0],[0,0,0,1],[0,0,0,1],[0,0,0,1],[1,0,0,0],[0,1,0,0],[0,0,0,1],[0,1,0,0],[0,0,0,1],[0,0,1,0]],"alignment_pwm":[null,null,[[0.5,0,0.5,0],[0.5,0,0.5,0],[0.5,0,0,0.5],[0,1,0,0],[1,0,0,0],[0,0,1,0],[0,0.5,0,0.5],[0,1,0,0],[1,0,0,0],[0,0,1,0],[0,1,0,0],[1,0,0,0],[0,0,1,0],[1,0,0,0],[0,0,1,0],[0,0,0,1],[1,0,0,0],[1,0,0,0],[1,0,0,0],[0,1,0,0],[1,0,0,0],[0,0,1,0],[1,0,0,0],[0,1,0,0],[1,0,0,0],[0.5,0,0,0.5],[0,1,0,0],[0,1,0,0],[0,1,0,0],[1,0,0,0],[0,1,0,0],[1,0,0,0],[0,0,1,0],[1,0,0,0],[0,0,1,0],[0,0,0,1],[0,0,1,0],[0,0,1,0],[0,0,1,0],[1,0,0,0],[0,0,1,0],[1,0,0,0],[1,0,0,0],[1,0,0,0],[1,0,0,0],[0,0,0,1],[0,1,0,0],[0,0.5,0,0.5],[0,0,0,1],[0,1,0,0],[1,0,0,0],[0,1,0,0],[1,0,0,0],[1,0,0,0],[0,0,0,1],[0,1,0,0],[0,0,0,1],[1,0,0,0],[0,0,0,1],[1,0,0,0],[0,1,0,0],[0.5,0,0.5,0],[0,0,0,1],[0,1,0,0],[0,0,0,1],[0,0,1,0],[1,0,0,0],[0,1,0,0],[1,0,0,0],[1,0,0,0],[1,0,0,0],[0,0,1,0],[0,0,1,0],[1,0,0,0],[0,1,0,0],[0,0,0,1],[1,0,0,0],[1,0,0,0],[0,0.5,0,0.5],[1,0,0,0],[0,0,0,1],[0,1,0,0],[0,1,0,0],[1,0,0,0],[0,0,0.5,0.5],[1,0,0,0],[1,0,0,0],[0,0.5,0,0.5],[0,1,0,0],[0,0,0,1],[1,0,0,0],[0,1,0,0],[1,0,0,0],[1,0,0,0],[0.5,0,0.5,0],[0.5,0,0.5,0],[1,0,0,0],[1,0,0,0],[0,1,0,0],[0,0,0,1],[0,1,0,0],[1,0,0,0],[1,0,0,0],[1,0,0,0],[0,1,0,0],[1,0,0,0],[1,0,0,0],[1,0,0,0],[0,0,0,1],[0,1,0,0],[1,0,0,0],[0,0,1,0],[0,0,0,1],[1,0,0,0]],null],"seqs":[1,2]},{"orient":6,"bin":10,"pvalue":1.50231e-05,"inferred_pwm":[[0,0,0,1],[0,0,1,0],[0,0,0,1],[0,0,1,0],[0,0,1,0],[0,0,1,0],[0.5,0,0,0.5],[0,0,0,1],[0,0,1,0],[0,0,0,1],[0,1,0,0],[0,0,0,1],[0,0,1,0],[0,0,0,1],[0,0,0,1],[0,0,0,1],[1,0,0,0],[0,1,0,0],[0,0,0,1],[0,1,0,0],[0,0,0,1],[0,0,1,0]],"alignment_pwm":[null,null,[[0.5,0,0.5,0],[0.5,0,0.5,0],[0.5,0,0,0.5],[0,1,0,0],[1,0,0,0],[0,0,1,0],[0,0.5,0,0.5],[0,1,0,0],[1,0,0,0],[0,0,1,0],[0,1,0,0],[1,0,0,0],[0,0,1,0],[1,0,0,0],[0,0,1,0],[0,0,0,1],[1,0,0,0],[1,0,0,0],[1,0,0,0],[0,1,0,0],[1,0,0,0],[0,0,1,0],[1,0,0,0],[0,1,0,0],[1,0,0,0],[0.5,0,0,0.5],[0,1,0,0],[0,1,0,0],[0,1,0,0],[1,0,0,0],[0,1,0,0],[1,0,0,0],[0,0,1,0],[1,0,0,0],[0,0,1,0],[0,0,0,1],[0,0,1,0],[0,0,1,0],[0,0,1,0],[1,0,0,0],[0,0,1,0],[1,0,0,0],[1,0,0,0],[1,0,0,0],[1,0,0,0],[0,0,0,1],[0,1,0,0],[0,0.5,0,0.5],[0,0,0,1],[0,1,0,0