<!DOCTYPE HTML>
<html>
  <head>
    <meta charset="UTF-8">
    <title>SpaMo - Spaced Motif Analysis</title>
    <script type="text/javascript">
      //@JSON_VAR data
      var data = {"program":"SpaMo","version":"4.12.0","revision":"aacc9c3eb8c7b460b344d5c8aa1458097dae704d","release":"Tue Jun 27 16:22:50 2017 -0700","host":"Sudins-iMac.local","when":"Thu May 24 14:12:58 2018","cmd":["spamo","-verbosity","1","-oc","results/AHRpeaks_noAHREs.bed.fa/hocomoco/spamo_out_8","-bgfile","results/AHRpeaks_noAHREs.bed.fa/hocomoco/background","-primary","CMCAG","results/AHRpeaks_noAHREs.bed.fa/hocomoco/AHRpeaks_noAHREs.bed.fa","results/AHRpeaks_noAHREs.bed.fa/hocomoco/dreme_out/dreme.xml","results/AHRpeaks_noAHREs.bed.fa/hocomoco/meme_out/meme.xml","results/AHRpeaks_noAHREs.bed.fa/hocomoco/dreme_out/dreme.xml","/Users/filipov4/meme/db/motif_databases/HUMAN/HOCOMOCOv11_full_HUMAN_mono_meme_format.meme"],"options":{"seq_min_hit_score":7,"margin":150,"bin_size":1,"bin_pvalue_calc_range":150,"use_best_secondary":0,"seq_max_shared_fract":0.5,"seq_odds_ratio":20,"bin_pvalue_cutoff":0.05,"motif_evalue_cutoff":10,"redundant_overlap":2,"redundant_joint":0.5,"motif_pseudocount":0.1,"bgfile":"results/AHRpeaks_noAHREs.bed.fa/hocomoco/background","motif_trim":0.25,"xalph":0,"seed":1,"bin_max":15},"alphabet":{"name":"DNA","like":"dna","ncore":4,"symbols":[{"symbol":"A","name":"Adenine","colour":"CC0000","complement":"T"},{"symbol":"C","name":"Cytosine","colour":"0000CC","complement":"G"},{"symbol":"G","name":"Guanine","colour":"FFB300","complement":"C"},{"symbol":"T","aliases":"U","name":"Thymine","colour":"008000","complement":"A"},{"symbol":"N","aliases":"X.","name":"Any base","equals":"ACGT"},{"symbol":"V","name":"Not T","equals":"ACG"},{"symbol":"H","name":"Not G","equals":"ACT"},{"symbol":"D","name":"Not C","equals":"AGT"},{"symbol":"B","name":"Not A","equals":"CGT"},{"symbol":"M","name":"Amino","equals":"AC"},{"symbol":"R","name":"Purine","equals":"AG"},{"symbol":"W","name":"Weak","equals":"AT"},{"symbol":"S","name":"Strong","equals":"CG"},{"symbol":"Y","name":"Pyrimidine","equals":"CT"},{"symbol":"K","name":"Keto","equals":"GT"}]},"background":[0.2912,0.2088,0.2088,0.2912],"sequence_dbs":[{"source":"results/AHRpeaks_noAHREs.bed.fa/hocomoco/AHRpeaks_noAHREs.bed.fa","name":"AHRpeaks_noAHREs.bed","last_modified":"Thu May 24 11:14:28 2018","loaded":1228,"excluded_too_short":13,"excluded_no_match":215,"excluded_ambigs":0,"excluded_similar":12,"erased_primary_matches":1790}],"primary_dbs":[{"source":"results/AHRpeaks_noAHREs.bed.fa/hocomoco/dreme_out/dreme.xml","name":"dreme.xml","last_modified":"Thu May 24 14:11:05 2018","loaded":7,"excluded":6}],"secondary_dbs":[{"source":"results/AHRpeaks_noAHREs.bed.fa/hocomoco/meme_out/meme.xml","name":"meme.xml","last_modified":"Thu May 24 14:10:11 2018","loaded":7,"excluded":0},{"source":"results/AHRpeaks_noAHREs.bed.fa/hocomoco/dreme_out/dreme.xml","name":"dreme.xml","last_modified":"Thu May 24 14:11:05 2018","loaded":8,"excluded":1},{"source":"/Users/filipov4/meme/db/motif_databases/HUMAN/HOCOMOCOv11_full_HUMAN_mono_meme_format.meme","name":"HOCOMOCOv11_full_HUMAN_mono_meme_format","last_modified":"Wed Dec  6 21:59:30 2017","loaded":771,"excluded":0}],"secondary_motifs":[{"db":0,"id":"AARAGCTTCTGCACRGCAAARGAA","alt":"MEME-4","len":24,"ltrim":0,"rtrim":0,"nsites":6,"evalue":"5.0e-004","pwm":[[0.98838,0.00342295,0.00342295,0.00477377],[0.824446,0.00342295,0.00342295,0.168709],[0.660512,0.00342295,0.331291,0.00477377],[0.98838,0.00342295,0.00342295,0.00477377],[0.168709,0.00342295,0.823095,0.00477377],[0.00477377,0.98703,0.00342295,0.00477377],[0.00477377,0.00342295,0.00342295,0.98838],[0.00477377,0.00342295,0.167358,0.824446],[0.00477377,0.823095,0.00342295,0.168709],[0.00477377,0.00342295,0.00342295,0.98838],[0.168709,0.00342295,0.823095,0.00477377],[0.00477377,0.98703,0.00342295,0.00477377],[0.98838,0.00342295,0.00342295,0.00477377],[0.00477377,0.823095,0.00342295,0.168709],[0.660512,0.00342295,0.331291,0.00477377],[0.168709,0.00342295,0.823095,0.00477377],[0.00477377,0.823095,0.00342295,0.168709],[0.824446,0.167358,0.00342295,0.00477377],[0.98838,0.00342295,0.00342295,0.00477377],[0.98838,0.00342295,0.00342295,0.00477377],[0.660512,0.00342295,0.331291,0.00477377],[0.00477377,0.00342295,0.823095,0.168709],[0.824446,0.00342295,0.167358,0.00477377],[0.98838,0.00342295,0.00342295,0.00477377]]},{"db":0,"id":"CTTSTAGACAYTGNCTTAGGCAARKAYTTC","alt":"MEME-5","len":30,"ltrim":0,"rtrim":0,"nsites":6,"evalue":"6.2e-016","pwm":[[0.00477377,0.98703,0.00342295,0.00477377],[0.00477377,0.00342295,0.00342295,0.98838],[0.00477377,0.00342295,0.00342295,0.98838],[0.00477377,0.659161,0.331291,0.00477377],[0.00477377,0.167358,0.00342295,0.824446],[0.98838,0.00342295,0.00342295,0.00477377],[0.00477377,0.167358,0.823095,0.00477377],[0.824446,0.00342295,0.167358,0.00477377],[0.00477377,0.98703,0.00342295,0.00477377],[0.98838,0.00342295,0.00342295,0.00477377],[0.00477377,0.331291,0.00342295,0.660512],[0.00477377,0.00342295,0.00342295,0.98838],[0.00477377,0.00342295,0.98703,0.00477377],[0.168709,0.167358,0.331291,0.332642],[0.00477377,0.98703,0.00342295,0.00477377],[0.00477377,0.167358,0.00342295,0.824446],[0.00477377,0.00342295,0.167358,0.824446],[0.98838,0.00342295,0.00342295,0.00477377],[0.00477377,0.00342295,0.98703,0.00477377],[0.00477377,0.00342295,0.98703,0.00477377],[0.00477377,0.823095,0.00342295,0.168709],[0.98838,0.00342295,0.00342295,0.00477377],[0.98838,0.00342295,0.00342295,0.00477377],[0.496577,0.00342295,0.495226,0.00477377],[0.00477377,0.00342295,0.659161,0.332642],[0.98838,0.00342295,0.00342295,0.00477377],[0.00477377,0.331291,0.167358,0.496577],[0.00477377,0.00342295,0.00342295,0.98838],[0.00477377,0.00342295,0.00342295,0.98838],[0.00477377,0.98703,0.00342295,0.00477377]]},{"db":1,"id":"AGATAW","alt":"DREME-3","len":6,"ltrim":0,"rtrim":0,"nsites":278,"evalue":"2.5e-006","pwm":[[0.999745,7.5081e-05,7.5081e-05,0.00010471],[0.00010471,7.5081e-05,0.999715,0.00010471],[0.999745,7.5081e-05,7.5081e-05,0.00010471],[0.00010471,7.5081e-05,7.5081e-05,0.999745],[0.999745,7.5081e-05,7.5081e-05,0.00010471],[0.661738,7.5081e-05,7.5081e-05,0.338112]]},{"db":1,"id":"HCGTGM","alt":"DREME-2","len":6,"ltrim":0,"rtrim":0,"nsites":171,"evalue":"2.8e-011","pwm":[[0.286553,0.339105,0.000122034,0.37422],[0.000170193,0.999538,0.000122034,0.000170193],[0.000170193,0.000122034,0.999538,0.000170193],[0.000170193,0.000122034,0.000122034,0.999586],[0.000170193,0.000122034,0.999538,0.000170193],[0.508645,0.491063,0.000122034,0.000170193]]},{"db":2,"id":"ELK1_HUMAN.H11MO.0.B","len":11,"ltrim":0,"rtrim":1,"nsites":500,"evalue":"1.0e+000","url":"http://hocomoco.autosome.ru/motif/ELK1_HUMAN.H11MO.0.B","pwm":[[0.503957,0.130016,0.261989,0.104037],[0.120034,0.783885,0.0900238,0.00605703],[0.124033,0.839874,0.00204135,0.0340514],[0.00805663,0.00404095,0.985845,0.00205783],[0.00605703,0.00204135,0.991843,5.82283e-05],[0.997859,0.00204135,4.17517e-05,5.82283e-05],[0.985861,4.17517e-05,0.00404095,0.0100562],[0.0800422,0.0300358,0.825877,0.0640454],[0.0280526,0.168008,0.0280362,0.775903],[0.116035,0.11002,0.643913,0.130032],[0.317995,0.253991,0.361969,0.066045]]},{"db":2,"id":"ELK4_HUMAN.H11MO.0.A","len":12,"ltrim":2,"rtrim":1,"nsites":500,"evalue":"1.0e+000","url":"http://hocomoco.autosome.ru/motif/ELK4_HUMAN.H11MO.0.A","pwm":[[0.202018,0.25999,0.437954,0.100038],[0.367985,0.202001,0.35797,0.0720438],[0.0580466,0.823877,0.10802,0.0100562],[0.0480486,0.897862,4.17517e-05,0.0540474],[0.00205783,4.17517e-05,0.993843,0.00405743],[5.82283e-05,4.17517e-05,0.997842,0.00205783],[0.995859,4.17517e-05,4.17517e-05,0.00405743],[0.965865,4.17517e-05,4.17517e-05,0.0340514],[0.194019,0.0360346,0.727896,0.0420498],[0.0520478,0.25999,0.0480322,0.63993],[0.186021,0.106021,0.605921,0.102038],[0.238011,0.243993,0.439954,0.0780426]]},{"db":2,"id":"HSF2_HUMAN.H11MO.0.A","len":14,"ltrim":1,"rtrim":0,"nsites":1040,"evalue":"1.0e+000","url":"http://hocomoco.autosome.ru/motif/HSF2_HUMAN.H11MO.0.A","pwm":[[0.341388,0.261785,0.308825,0.0880026],[0.0672344,0.0841005,0.766426,0.082239],[0.750253,0.0685782,0.11707,0.0640994],[0.69273,0.0605932,0.110655,0.136021],[0.120997,0.230398,0.280191,0.368414],[0.304403,0.189923,0.415798,0.089876],[0.0960657,0.0361997,0.0787507,0.788984],[0.0645674,0.0485326,0.0926598,0.79424],[0.0443148,0.795039,0.120608,0.0400381],[0.0677217,0.137605,0.161989,0.632685],[0.581981,0.177809,0.174567,0.0656424],[0.0168899,0.119132,0.810071,0.0539074],[0.725264,0.0617263,0.114397,0.0986124],[0.550755,0.162439,0.138529,0.148277]]},{"db":2,"id":"HXB2_HUMAN.H11MO.0.D","len":15,"ltrim":1,"rtrim":1,"nsites":420,"evalue":"1.0e+000","url":"http://hocomoco.autosome.ru/motif/HXB2_HUMAN.H11MO.0.D","pwm":[[0.230967,0.180959,0.169057,0.419017],[0.538036,0.176198,0.233327,0.0524378],[0.0673152,0.0125467,0.893289,0.0268487],[0.926634,0.0196879,0.0149271,0.0387506],[0.906996,0.0167124,0.00957124,0.0667201],[0.145273,0.402335,0.1881,0.264292],[0.345225,0.240469,0.321402,0.0929044],[0.0548182,0.014332,0.014332,0.916518],[0.0214928,0.00481047,0.0333751,0.940322],[6.93168e-05,0.999812,4.97025e-05,6.93168e-05],[6.93168e-05,0.12621,0.121449,0.752271],[0.83856,0.0601544,0.0934798,0.00780557],[0.00780557,0.000644799,0.990885,0.000664413],[0.945678,0.0244487,0.00778596,0.0220879],[0.479717,0.165487,0.163106,0.19169]]},{"db":2,"id":"HXC11_HUMAN.H11MO.0.D","len":11,"ltrim":1,"rtrim":1,"nsites":320,"evalue":"1.0e+000","url":"http://hocomoco.autosome.ru/motif/HXC11_HUMAN.H11MO.0.D","pwm":[[0.313742,0.10932,0.253005,0.323933],[0.111536,0.0717406,0.140313,0.676411],[0.0299455,0.0638173,0.0450978,0.861139],[0.0558927,0.0151032,0.0176509,0.911353],[0.363645,0.0201987,0.0032499,0.612907],[0.971862,0.0102562,6.52297e-05,0.0178167],[0.00518644,0.634505,0.0245488,0.33576],[0.0309981,0.0410548,0.765894,0.162053],[0.741328,0.02931,0.145964,0.0833983],[0.0711836,0.554161,0.146271,0.228384],[0.173992,0.389096,0.15624,0.280672]]},{"db":2,"id":"HXC9_HUMAN.H11MO.0.C","len":10,"ltrim":0,"rtrim":0,"nsites":500,"evalue":"1.0e+000","url":"http://hocomoco.autosome.ru/motif/HXC9_HUMAN.H11MO.0.C","pwm":[[0.260006,0.156011,0.074027,0.509956],[0.0400502,0.0280362,0.0460326,0.885881],[0.00805663,0.0120394,0.0160386,0.963865],[0.224013,0.126017,0.0320354,0.617935],[0.959866,0.024037,0.0120394,0.00405743],[0.0120558,0.024037,0.0180382,0.945869],[0.0520478,0.00404095,0.453951,0.48996],[0.156027,0.014039,0.801881,0.0280526],[0.0220538,0.773887,0.134015,0.0700442],[0.288001,0.399962,0.0160386,0.295999]]},{"db":2,"id":"HXD13_HUMAN.H11MO.0.D","len":11,"ltrim":0,"rtrim":0,"nsites":13,"evalue":"1.0e+000","url":"http://hocomoco.autosome.ru/motif/HXD13_HUMAN.H11MO.0.D","pwm":[[0.205011,0.118089,0.118089,0.558811],[0.0022229,0.00159389,0.0792574,0.916926],[0.0798864,0.00159389,0.174179,0.74434],[0.781015,0.0210098,0.0210098,0.176966],[0.0734144,0.228112,0.0210098,0.677464],[0.0993022,0.0210098,0.228112,0.651576],[0.642946,0.0986732,0.184966,0.0734144],[0.0216388,0.0727854,0.633688,0.271888],[0.442316,0.00159389,0.476204,0.0798864],[0.0022229,0.00159389,0.864521,0.131662],[0.662362,0.169865,0.0404256,0.127347]]},{"db":2,"id":"NKX21_HUMAN.H11MO.0.A","len":10,"ltrim":1,"rtrim":1,"nsites":500,"evalue":"1.0e+000","url":"http://hocomoco.autosome.ru/motif/NKX21_HUMAN.H11MO.0.A","pwm":[[0.066045,0.421957,0.225997,0.286001],[0.132032,0.0920234,0.024037,0.751908],[0.076043,0.0220374,0.333975,0.567945],[0.0340514,0.00604055,0.95785,0.00205783],[0.995859,0.00204135,4.17517e-05,0.00205783],[0.0100562,0.00804015,0.981845,5.82283e-05],[0.282002,0.00204135,0.104021,0.611936],[0.108037,0.00204135,0.877866,0.0120558],[0.0320518,0.325977,0.443953,0.198019],[0.158027,0.347972,0.156011,0.337991]]},{"db":2,"id":"NR2C2_HUMAN.H11MO.0.B","len":12,"ltrim":0,"rtrim":0,"nsites":500,"evalue":"1.0e+000","url":"http://hocomoco.autosome.ru/motif/NR2C2_HUMAN.H11MO.0.B","pwm":[[0.208017,0.112019,0.625917,0.0540474],[0.0420498,0.319978,0.453951,0.184021],[0.0300522,0.0280362,0.0920234,0.849888],[0.00805663,0.403961,0.054031,0.533951],[0.373983,0.587924,0.0280362,0.0100562],[0.236011,0.465949,0.291983,0.00605703],[0.357987,4.17517e-05,0.637914,0.00405743],[0.016055,0.00604055,0.955851,0.0220538],[0.016055,0.0120394,0.849872,0.122034],[0.00805663,0.0300358,0.227996,0.733911],[0.0200542,0.801881,0.118018,0.0600462],[0.675923,0.0420334,0.261989,0.0200542]]},{"db":2,"id":"SMAD2_HUMAN.H11MO.0.A","len":12,"ltrim":0,"rtrim":0,"nsites":500,"evalue":"1.0e+000","url":"http://hocomoco.autosome.ru/motif/SMAD2_HUMAN.H11MO.0.A","pwm":[[0.214015,0.074027,0.0480322,0.663925],[0.0440494,0.074027,0.853871,0.0280526],[0.0520478,0.120018,0.146013,0.681922],[0.00405743,0.965849,0.00804015,0.0220538],[0.0200542,0.0200378,4.17517e-05,0.959866],[0.122034,0.215999,0.603921,0.0580466],[0.162026,0.267988,0.249992,0.319994],[0.0320518,0.899862,0.0280362,0.0400502],[0.535951,0.118018,0.054031,0.292],[0.0480486,0.803881,0.11002,0.0380506],[0.160026,0.603921,0.00804015,0.228013],[0.0920398,0.261989,0.10802,0.537951]]},{"db":2,"id":"SOX15_HUMAN.H11MO.0.D","len":7,"ltrim":0,"rtrim":0,"nsites":8,"evalue":"1.0e+000","url":"http://hocomoco.autosome.ru/motif/SOX15_HUMAN.H11MO.0.D","pwm":[[0.00359506,0.990232,0.00257778,0.00359506],[0.511532,0.129562,0.00257778,0.356329],[0.00359506,0.00257778,0.00257778,0.991249],[0.00359506,0.00257778,0.00257778,0.991249],[0.00359506,0.00257778,0.990232,0.00359506],[0.00359506,0.00257778,0.129562,0.864265],[0.148216,0.0343238,0.0343238,0.783137]]},{"db":2,"id":"TBX5_HUMAN.H11MO.0.D","len":8,"ltrim":0,"rtrim":0,"nsites":37,"evalue":"1.0e+000","url":"http://hocomoco.autosome.ru/motif/TBX5_HUMAN.H11MO.0.D","pwm":[[0.870288,0.000562804,0.0621812,0.0669676],[0.249541,0.0416417,0.708033,0.000784905],[0.000784905,0.000562804,0.997867,0.000784905],[0.000784905,0.0211023,0.000562804,0.97755],[0.000784905,0.000562804,0.997867,0.000784905],[0.158254,0.0211023,0.178571,0.642072],[0.0213244,0.24019,0.655543,0.0829427],[0.749904,0.0490587,0.0901376,0.110899]]},{"db":2,"id":"TEAD2_HUMAN.H11MO.0.D","len":12,"ltrim":2,"rtrim":0,"nsites":308,"evalue":"1.0e+000","url":"http://hocomoco.autosome.ru/motif/TEAD2_HUMAN.H11MO.0.D","pwm":[[0.201328,0.402535,0.152616,0.243522],[0.152642,0.415517,0.19481,0.237031],[0.658972,0.00655917,0.318146,0.016323],[0.175362,0.743333,0.0162963,0.0650085],[0.970559,0.00655917,0.00331347,0.0195687],[0.00658591,0.0227877,0.019542,0.951084],[0.0747456,0.00331347,0.00980487,0.912136],[9.45147e-05,0.973778,0.0130506,0.0130773],[9.45147e-05,0.944566,0.00331347,0.0520257],[0.525898,0.051999,0.019542,0.402561],[0.13966,0.0422619,0.746579,0.0714999],[0.113694,0.207793,0.577802,0.100711]]},{"db":2,"id":"VEZF1_HUMAN.H11MO.0.C","len":22,"ltrim":0,"rtrim":0,"nsites":500,"evalue":"1.0e+000","url":"http://hocomoco.autosome.ru/motif/VEZF1_HUMAN.H11MO.0.C","pwm":[[0.230012,0.0880242,0.543933,0.138031],[0.212016,0.10802,0.635915,0.0440494],[0.295999,0.0620294,0.547932,0.0940394],[0.305997,0.0760266,0.543933,0.0740434],[0.505957,0.0880242,0.349972,0.056047],[0.34199,0.0600298,0.499942,0.0980386],[0.194019,0.112019,0.643913,0.0500482],[0.264005,0.112019,0.497942,0.126033],[0.295999,0.064029,0.583925,0.056047],[0.0580466,0.0120394,0.85987,0.0700442],[0.0180546,0.118018,0.829876,0.0340514],[0.821894,0.0860246,0.0120394,0.0800422],[0.248009,0.0260366,0.703901,0.0220538],[0.206017,0.0800258,0.669908,0.0440494],[0.274003,0.0460326,0.583925,0.096039],[0.210016,0.0320354,0.645913,0.112036],[0.150028,0.124017,0.671907,0.0540474],[0.463965,0.182005,0.271987,0.0820418],[0.212016,0.0980222,0.567928,0.122034],[0.381982,0.0220374,0.541933,0.0540474],[0.307997,0.0660286,0.55793,0.0680446],[0.335991,0.0420334,0.523937,0.0980386]]},{"db":2,"id":"ZN341_HUMAN.H11MO.0.C","len":22,"ltrim":1,"rtrim":0,"nsites":499,"evalue":"1.0e+000","url":"http://hocomoco.autosome.ru/motif/ZN341_HUMAN.H11MO.0.C","pwm":[[0.20643,0.136287,0.512965,0.144318],[0.286574,0.164338,0.472893,0.0761954],[0.220455,0.130276,0.555041,0.0942279],[0.238488,0.130276,0.573073,0.0581629],[0.290581,0.156323,0.486918,0.0661774],[0.286574,0.0741753,0.553037,0.0862134],[0.260527,0.228453,0.4769,0.0341197],[0.352693,0.0741753,0.470889,0.102242],[0.224462,0.0942113,0.587099,0.0942279],[0.230473,0.16033,0.474897,0.1343],[0.316628,0.06015,0.547026,0.0761954],[0.216448,0.152316,0.595113,0.0361233],[0.40679,0.13228,0.28255,0.178379],[0.286574,0.040114,0.524987,0.148325],[0.104246,0.0140671,0.853578,0.0281088],[0.0802026,0.0681645,0.809499,0.0421341],[0.859606,0.0441212,0.0882005,0.00807277],[0.699317,0.0100599,0.284554,0.00606916],[0.100239,0.32663,0.547026,0.0261052],[0.783468,0.0280923,0.112244,0.0761954],[0.00606916,0.0280923,0.94374,0.022098],[0.136304,0.735365,0.108237,0.0200944]]}],"sequence_names":["chr10:103139750-103140399","chr10:111745350-111745949","chr10:115311800-115312249","chr10:116579050-116579499","chr10:123019800-123020249","chr10:123269650-123270249","chr10:125503200-125503799","chr10:22403050-22403799","chr10:27926250-27926899","chr10:29387800-29388449","chr10:33798100-33798749","chr10:38447950-38448499","chr10:80218700-80219149","chr10:82875900-82876649","chr10:8903600-8904299","chr10:89465000-89465449","chr10:9110750-9111699","chr10:9229600-9230799","chr10:98070800-98071749","chr11:115175450-115175999","chr11:126252350-126252749","chr11:17946150-17946799","chr11:60138100-60138849","chr11:60925900-60926599","chr11:67349800-67350499","chr11:73780150-73780749","chr11:76499350-76500099","chr11:78845750-78846649","chr11:80429500-80430549","chr11:9148650-9149399","chr12:100241500-100242199","chr12:105071250-105071799","chr12:109554050-109554649","chr12:114966450-114967049","chr12:116307950-116308349","chr12:116864900-116865899","chr12:117353750-117354549","chr12:125405550-125406349","chr12:129559900-129560549","chr12:46887500-46887949","chr12:54229900-54230349","chr12:75404850-75405349","chr12:79941250-79941699","chr12:81262200-81262849","chr12:83302900-83303399","chr12:93957400-93958449","chr12:95711800-95712349","chr13:23553100-23553749","chr13:33365600-33366349","chr13:34263300-34263849","chr13:34271050-34271599","chr13:36580400-36581449","chr14:22764600-22765149","chr14:24134350-24135049","chr14:24865350-24865799","chr14:32603800-32604349","chr14:51422200-51422649","chr14:51431300-51431849","chr14:52119800-52120249","chr14:59721000-59721649","chr14:65340500-65340949","chr14:75649600-75650299","chr14:76028150-76028999","chr14:93477800-93478499","chr14:96583300-96584099","chr14:99372800-99373349","chr14:99470450-99470849","chr15:29362400-29362799","chr15:29474800-29475599","chr15:44090850-44091549","chr15:50339050-50339599","chr15:52580500-52581049","chr15:58622100-58622649","chr15:69884200-69884699","chr15:71544300-71545349","chr15:81035400-81036099","chr15:93188100-93189199","chr15:95335400-95336049","chr15:96880100-96880449","chr15:99411600-99412199","chr16:10688300-10688749","chr16:19554900-19555449","chr16:22243800-22244599","chr16:30101050-30101549","chr16:48743850-48744349","chr16:70170450-70170849","chr16:78324800-78325299","chr16:82170650-82171349","chr16:83847800-83848199","chr17:1018100-1018799","chr17:57930450-57931099","chr17:59308000-59309199","chr17:60878800-60879399","chr17:63629750-63630499","chr17:70614050-70614549","chr17:73638450-73638849","chr17:73696400-73696949","chr18:33694150-33694749","chr19:11007450-11007849","chr19:18475650-18476399","chr19:38789950-38790299","chr19:41402950-41403549","chr19:43335250-43336749","chr19:43402700-43403399","chr19:43754550-43755099","chr19:45364600-45365249","chr19:51347200-51347699","chr1:117811450-117812049","chr1:151521000-151521949","chr1:168735350-168736449","chr1:172076500-172077099","chr1:175147450-175147999","chr1:178624700-178625499","chr1:179368400-179369049","chr1:188560950-188561599","chr1:18861950-18862349","chr1:191671150-191671649","chr1:198908200-198908999","chr1:202056000-202056399","chr1:204534700-204535149","chr1:211765250-211765999","chr1:215287350-215287999","chr1:243949850-243950299","chr1:24894250-24894749","chr1:26730900-26731599","chr1:52035250-52035849","chr1:76525100-76525599","chr20:1396300-1396849","chr20:14859150-14860299","chr20:18912750-18913249","chr20:19916400-19916799","chr20:20529150-20530349","chr20:22893500-22894049","chr20:31564150-31564949","chr20:39715150-39716149","chr20:41200900-41201699","chr20:46093100-46093749","chr20:46786700-46787099","chr20:47321600-47322549","chr20:49294550-49295499","chr20:55880650-55881299","chr20:58532400-58533149","chr21:20144150-20144849","chr21:36250600-36251299","chr21:40689000-40689649","chr21:42395900-42396449","chr21:43517900-43518599","chr21:43537200-43538049","chr22:19922700-19923149","chr22:39320350-39321099","chr22:41124800-41125349","chr22:41128450-41129199","chr22:49411600-49412549","chr2:100884100-100884799","chr2:101944000-101944849","chr2:10367150-10367649","chr2:121156650-121157149","chr2:130715400-130715899","chr2:132313400-132314599","chr2:142268550-142269149","chr2:143755100-143756499","chr2:157638100-157638749","chr2:159580000-159580999","chr2:1635550-1636249","chr2:165398700-165399499","chr2:191281750-191282199","chr2:19172650-19173249","chr2:213770400-213771199","chr2:221547300-221547799","chr2:237732950-237734299","chr2:48995550-48996499","chr2:55180100-55180749","chr2:9165800-9166249","chr3:10018350-10018999","chr3:101881850-101882499","chr3:127239750-127240199","chr3:149104550-149105099","chr3:177243250-177244299","chr3:180576700-180577349","chr3:181556700-181557249","chr3:184837950-184838549","chr3:187753950-187754449","chr3:191413850-191414449","chr3:192597200-192597899","chr3:193589800-193590599","chr3:194215850-194216249","chr3:196519550-196520799","chr3:4729750-4730599","chr3:52722100-52722899","chr3:56425500-56426299","chr3:70786850-70787549","chr3:79785400-79786099","chr3:8843250-8843749","chr3:9140250-9140849","chr3:9236100-9236549","chr3:9464300-9464749","chr4:131057400-131058299","chr4:148900450-148901299","chr4:153199500-153200099","chr4:40365350-40365949","chr4:48123000-48123599","chr4:6697450-6698499","chr4:84473100-84473599","chr5:100627750-100628899","chr5:105576950-105577849","chr5:123035700-123036849","chr5:123430450-123431149","chr5:124371050-124371449","chr5:124393900-124394549","chr5:127270450-127271099","chr5:134979950-134980399","chr5:135389150-135389949","chr5:136048550-136049049","chr5:137863800-137864399","chr5:172521100-172521849","chr5:17260650-17261099","chr5:172879950-172881099","chr5:31593600-31594249","chr5:34842500-34842949","chr5:431150-431649","chr5:57365500-57366299","chr5:68625550-68626249","chr5:71048350-71049049","chr5:73025000-73025449","chr5:79789150-79789799","chr5:79862600-79863199","chr6:10230700-10231349","chr6:110199250-110199799","chr6:110875950-110876449","chr6:113994050-113995049","chr6:143077650-143078299","chr6:143174350-143174699","chr6:15065700-15066249","chr6:151954550-151955349","chr6:152027500-152027899","chr6:16964750-16965599","chr6:170501650-170502349","chr6:21103450-21104349","chr6:21111300-21112149","chr6:23952450-23953099","chr6:3664700-3665449","chr6:45413500-45413949","chr6:49644250-49645149","chr6:53191150-53191999","chr6:74295000-74295599","chr7:101627300-101628149","chr7:105470750-105471199","chr7:107981150-107981699","chr7:108251400-108252149","chr7:110317300-110317999","chr7:112410050-112410599","chr7:11300800-11301749","chr7:140675700-140676399","chr7:16886700-16887499","chr7:29489300-29490099","chr7:3443900-3444999","chr7:42332400-42333199","chr7:44658300-44658999","chr7:47644250-47644899","chr7:68195750-68196149","chr7:69237200-69237749","chr7:7950850-7951749","chr7:81003750-81004299","chr7:82328950-82329649","chr7:84957900-84958649","chr7:89401350-89402049","chr7:99639000-99639699","chr8:100717950-100718449","chr8:100917600-100917999","chr8:113639300-113639849","chr8:116879000-116880149","chr8:116951100-116951799","chr8:129188750-129189549","chr8:27772800-27773499","chr8:54644900-54645349","chr8:61967000-61967549","chr8:69765000-69767049","chr8:71368350-71369099","chr8:71405250-71406149","chr8:86976550-86977049","chr8:94117400-94118199","chr8:95540950-95541499","chr8:95568950-95569449","chr8:99903950-99904849","chr9:110893150-110893649","chr9:114792150-114792699","chr9:117670350-117670849","chr9:126089750-126090599","chr9:130336550-130337199","chr9:130749050-130750049","chr9:15350350-15350799","chr9:20391200-20391649","chr9:2235450-2236099","chr9:33328950-33329549","chr9:80204150-80204849","chr9:83691250-83691949","chr9:83935850-83936549","chr9:97392700-97393499","chrX:102231850-102232499","chrX:127733550-127734149","chrX:132009550-132010299","chrX:136429300-136429649","chrX:154624400-154625049","chrX:17318700-17319249","chrX:38665050-38665449"],"primaries":[{"motif":{"db":0,"id":"CMCAG","alt":"DREME-5","len":5,"ltrim":0,"rtrim":0,"nsites":860,"evalue":"3.1e-005","pwm":[[3.38565e-05,0.999908,2.42763e-05,3.38565e-05],[0.555783,0.444159,2.42763e-05,3.38565e-05],[3.38565e-05,0.999908,2.42763e-05,3.38565e-05],[0.999918,2.42763e-05,2.42763e-05,3.38565e-05],[3.38565e-05,2.42763e-05,0.999908,3.38565e-05]]},"secondaries":[[{"idx":1,"counts":[[0,0,0,0,1,0,0,0,0,0,0,0,0,0,0,0,0,0,0,0,0,0,0,0,0,0,0,0,0,0,0,0,0,0,0,0,0,0,0,0,0,0,0,0,0,0,0,0,0,0,0,0,0,0,0,0,0,0,0,0,0,0,0,0,0,0,0,0,0,0,0,0,1,0,0,0,0,1,0,0,0,0,0,0,0,0,0,0,0,0,0,0,0,0,0,0,0,0,0,0,0,0,0,0,0,0,0,0,0,0,0,0,0,0,0,0,2,0,0,0,0,0],[0,0,0,0,0,0,0,0,0,0,0,0,0,0,0,0,0,0,0,0,0,0,0,0,0,0,0,0,0,0,0,0,0,0,0,0,0,0,0,0,0,0,0,0,0,0,0,0,0,0,0,0,0,0,0,0,0,0,0,0,0,0,0,0,0,0,0,0,0,0,0,0,0,0,0,0,0,0,0,0,0,0,0,0,0,0,0,0,0,0,0,0,0,0,0,0,0,0,0,0,0,0,0,0,0,0,0,0,0,0,0,0,0,0,0,0,0,0,0,0,1,0],[0,0,0,0,0,0,0,0,0,0,0,0,0,0,0,0,0,0,0,0,0,0,0,0,0,0,0,0,0,0,0,0,0,0,0,0,0,0,0,0,0,0,0,0,0,0,0,0,0,0,0,0,0,0,0,0,0,0,0,0,0,0,0,0,0,0,0,0,0,0,0,0,0,0,0,0,0,0,0,0,0,0,0,0,0,0,0,0,0,0,0,0,0,0,0,0,0,0,0,0,0,0,0,0,0,0,0,0,0,0,0,0,0,0,0,0,0,0,0,0,0,0],[0,0,0,0,0,0,0,0,0,0,0,0,0,0,0,0,0,0,0,0,0,0,0,0,0,0,0,0,0,0,0,0,0,0,0,0,0,0,0,0,0,0,1,0,0,0,0,5,0,0,0,0,0,0,0,0,0,0,0,0,0,0,0,0,0,0,0,0,0,0,0,0,0,0,0,0,0,0,0,0,0,0,0,0,0,0,0,0,0,0,0,0,0,0,0,0,0,0,0,0,0,0,0,0,0,0,0,0,0,0,0,0,0,0,0,0,0,0,0,0,0,0]],"spacings":[{"orient":3,"bin":47,"pvalue":2.94619e-11,"inferred_pwm":[[0,0.6,0.2,0.2],[0,0,0,1],[0,0,0,1],[0,1,0,0],[0,0,0,1],[1,0,0,0],[0,0,1,0],[1,0,0,0],[0,0.6,0,0.4],[0.8,0,0.2,0],[0,0,0,1],[0,0,0,1],[0,0,1,0],[0,0,1,0],[0,0.8,0,0.2],[0,0,0,1],[0,0,0,1],[1,0,0,0],[0,0,1,0],[0,0,1,0],[0,1,0,0],[1,0,0,0],[1,0,0,0],[0,0,1,0],[0.2,0,0.8,0],[1,0,0,0],[0,0,0,1],[0,0,0,1],[0,0,0,1],[0,1,0,0]],"alignment_pwm":[null,null,null,[[0,0,0.25,0.75],[0.5,0,0.5,0],[0.75,0,0,0.25],[0.75,0,0,0.25],[0,0,1,0],[0.8,0,0.2,0],[0,0,0.4,0.6],[0.2,0,0,0.8],[0.2,0,0,0.8],[0,0,0.4,0.6],[0.2,0.6,0,0.2],[0,0.2,0,0.8],[0,0.6,0,0.4],[0,0.6,0.2,0.2],[0,0.6,0,0.4],[0.6,0.2,0,0.2],[0,0.4,0,0.6],[0.2,0.2,0,0.6],[0,0.5,0,0.5],[0,0.5,0,0.5],[0.5,0.5,0,0],[0,0.5,0,0.5],[0,0,0.5,0.5],[0,0,0.75,0.25],[0,0,0.75,0.25],[0,0.25,0.25,0.5],[0.25,0,0,0.75],[0,0.25,0.75,0],[0,0,0.2,0.8],[0,0.8,0.2,0],[0,0,0,1],[0,0,0.6,0.4],[0,0.2,0.2,0.6],[0,0.2,0,0.8],[0,0.2,0,0.8],[0.6,0,0,0.4],[0,0.6,0.2,0.2],[0,0.2,0,0.8],[0,0.6,0.2,0.2],[0,0.2,0.2,0.6],[0.2,0.2,0.6,0],[0,0.8,0.2,0],[0,0,0,1],[0,0,0.8,0.2],[0.6,0.2,0,0.2],[0.2,0.6,0.2,0],[0.2,0.2,0,0.6],[0.2,0,0.6,0.2],[0.2,0,0.2,0.6],[0.2,0,0.2,0.6],[0,1,0,0],[0,0.6,0,0.4],[0,0,0.4,0.6],[0,0,0,1],[0,0,0,1],[0,0.2,0,0.8],[0.2,0.2,0.6,0],[0,0.333333,0.333333,0.333333],[0.333333,0,0,0.666667],[0,0,0.333333,0.666667],[0,0,0,1],[0.333333,0,0.666667,0],[0.2,0.8,0,0],[0.6,0.2,0,0.2],[0.4,0,0.4,0.2],[0.8,0,0,0.2],[0.6,0.2,0.2,0],[0.2,0.2,0.6,0],[0.2,0.6,0,0.2],[0.2,0,0,0.8],[0.2,0.6,0,0.2],[0.2,0,0.2,0.6],[0.2,0.2,0,0.6],[0,0,0,1],[0.4,0.4,0,0.2],[0.4,0,0.4,0.2],[0,0,0.2,0.8],[0,0,0,1],[0.2,0,0,0.8],[0.8,0,0,0.2],[1,0,0,0],[0.2,0,0,0.8],[0,0,0,1],[0.8,0,0,0.2],[0.4,0,0.6,0],[0,0,1,0],[0,0,0,1],[0,1,0,0],[0,1,0,0],[0,1,0,0],[1,0,0,0],[0,0,1,0],[0.2,0.6,0.2,0],[0,0,0,1],[1,0,0,0],[0,0,0,1],[0.2,0,0,0.8],[0,0,0,1],[1,0,0,0],[0,0,0,1],[0,1,0,0],[0,0,0,1],[0,0,0,1],[0,0,0,1],[0,0,1,0],[0.2,0,0,0.8],[0,0,0,1],[0,0,0,1],[0,0,0,1],[0,0,0,1],[1,0,0,0],[0,0,0,1],[0,0,0,1],[0,0,1,0],[0,0.8,0,0.2],[0.6,0,0.2,0.2],[0,0,0,1],[0,0,0,1],[0,0,0,1],[0,0,1,0],[0,1,0,0],[0,0,0,1],[0,0,0,1],[0,0,0,1],[0,0,0,1],[0,0,0.8,0.2],[0.2,0,0.8,0],[0,0,1,0],[0,0.2,0,0.8],[0,0,0,1],[0,1,0,0],[0,0,0,1],[0,0,0,1],[0,0,1,0],[0,0,1,0],[0,0,0,1],[0,1,0,0],[1,0,0,0],[0,0,0,1],[0,0,1,0],[1,0,0,0],[1,0,0,0],[1,0,0,0],[0,0,0,1],[0,0.8,0,0.2],[0,1,0,0],[0,0,0,1],[0,0,0,1],[0,0,1,0],[0,1,0,0],[0,1,0,0],[0,0,0,1],[1,0,0,0],[1,0,0,0],[0.2,0,0.8,0],[0,1,0,0],[0,1,0,0],[1,0,0,0],[1,0,0,0],[0,0.2,0,0.8],[0.4,0,0.6,0],[0,0,0,1],[0,1,0,0],[0,0,0,1],[1,0,0,0],[0,0,1,0],[1,0,0,0],[1,0,0,0],[0.2,0.2,0.6,0],[0.4,0,0.6,0],[0.2,0,0.6,0.2],[0,0,0.2,0.8],[0,0.2,0,0.8],[0.2,0,0,0.8],[0.2,0,0,0.8],[0.2,0.2,0,0.6],[0,0.8,0.2,0],[0.4,0.2,0,0.4],[0.6,0,0.4,0]]],"seqs":[1,113,141,161,206]},{"orient":5,"bin":47,"pvalue":9.31461e-10,"inferred_pwm":[[0,0.6,0.2,0.2],[0,0,0,1],[0,0,0,1],[0,1,0,0],[0,0,0,1],[1,0,0,0],[0,0,1,0],[1,0,0,0],[0,0.6,0,0.4],[0.8,0,0.2,0],[0,0,0,1],[0,0,0,1],[0,0,1,0],[0,0,1,0],[0,0.8,0,0.2],[0,0,0,1],[0,0,0,1],[1,0,0,0],[0,0,1,0],[0,0,1,0],[0,1,0,0],[1,0,0,0],[1,0,0,0],[0,0,1,0],[0.2,0,0.8,0],[1,0,0,0],[0,0,0,1],[0,0,0,1],[0,0,0,1],[0,1,0,0]],"alignment_pwm":[null,null,null,[[0,0,0.25,0.75],[0.5,0,0.5,0],[0.75,0,0,0.25],[0.75,0,0,0.25],[0,0,1,0],[0.8,0,0.2,0],[0,0,0.4,0.6],[0.2,0,0,0.8],[0.2,0,0,0.8],[0,0,0.4,0.6],[0.2,0.6,0,0.2],[0,0.2,0,0.8],[0,0.6,0,0.4],[0,0.6,0.2,0.2],[0,0.6,0,0.4],[0.6,0.2,0,0.2],[0,0.4,0,0.6],[0.2,0.2,0,0.6],[0,0.5,0,0.5],[0,0.5,0,0.5],[0.5,0.5,0,0],[0,0.5,0,0.5],[0,0,0.5,0.5],[0,0,0.75,0.25],[0,0,0.75,0.25],[0,0.25,0.25,0.5],[0.25,0,0,0.75],[0,0.25,0.75,0],[0,0,0.2,0.8],[0,0.8,0.2,0],[0,0,0,1],[0,0,0.6,0.4],[0,0.2,0.2,0.6],[0,0.2,0,0.8],[0,0.2,0,0.8],[0.6,0,0,0.4],[0,0.6,0.2,0.2],[0,0.2,0,0.8],[0,0.6,0.2,0.2],[0,0.2,0.2,0.6],[0.2,0.2,0.6,0],[0,0.8,0.2,0],[0,0,0,1],[0,0,0.8,0.2],[0.6,0.2,0,0.2],[0.2,0.6,0.2,0],[0.2,0.2,0,0.6],[0.2,0,0.6,0.2],[0.2,0,0.2,0.6],[0.2,0,0.2,0.6],[0,1,0,0],[0,0.6,0,0.4],[0,0,0.4,0.6],[0,0,0,1],[0,0,0,1],[0,0.2,0,0.8],[0.2,0.2,0.6,0],[0,0.333333,0.333333,0.333333],[0.333333,0,0,0.666667],[0,0,0.333333,0.666667],[0,0,0,1],[0.333333,0,0.666667,0],[0.2,0.8,0,0],[0.6,0.2,0,0.2],[0.4,0,0.4,0.2],[0.8,0,0,0.2],[0.6,0.2,0.2,0],[0.2,0.2,0.6,0],[0.2,0.6,0,0.2],[0.2,0,0,0.8],[0.2,0.6,0,0.2],[0.2,0,0.2,0.6],[0.2,0.2,0,0.6],[0,0,0,1],[0.4,0.4,0,0.2],[0.4,0,0.4,0.2],[0,0,0.2,0.8],[0,0,0,1],[0.2,0,0,0.8],[0.8,0,0,0.2],[1,0,0,0],[0.2,0,0,0.8],[0,0,0,1],[0.8,0,0,0.2],[0.4,0,0.6,0],[0,0,1,0],[0,0,0,1],[0,1,0,0],[0,1,0,0],[0,1,0,0],[1,0,0,0],[0,0,1,0],[0.2,0.6,0.2,0],[0,0,0,1],[1,0,0,0],[0,0,0,1],[0.2,0,0,0.8],[0,0,0,1],[1,0,0,0],[0,0,0,1],[0,1,0,0],[0,0,0,1],[0,0,0,1],[0,0,0,1],[0,0,1,0],[0.2,0,0,0.8],[0,0,0,1],[0,0,0,1],[0,0,0,1],[0,0,0,1],[1,0,0,0],[0,0,0,1],[0,0,0,1],[0,0,1,0],[0,0.8,0,0.2],[0.6,0,0.2,0.2],[0,0,0,1],[0,0,0,1],[0,0,0,1],[0,0,1,0],[0,1,0,0],[0,0,0,1],[0,0,0,1],[0,0,0,1],[0,0,0,1],[0,0,0.8,0.2],[0.2,0,0.8,0],[0,0,1,0],[0,0.2,0,0.8],[0,0,0,1],[0,1,0,0],[0,0,0,1],[0,0,0,1],[0,0,1,0],[0,0,1,0],[0,0,0,1],[0,1,0,0],[1,0,0,0],[0,0,0,1],[0,0,1,0],[1,0,0,0],[1,0,0,0],[1,0,0,0],[0,0,0,1],[0,0.8,0,0.2],[0,1,0,0],[0,0,0,1],[0,0,0,1],[0,0,1,0],[0,1,0,0],[0,1,0,0],[0,0,0,1],[1,0,0,0],[1,0,0,0],[0.2,0,0.8,0],[0,1,0,0],[0,1,0,0],[1,0,0,0],[1,0,0,0],[0,0.2,0,0.8],[0.4,0,0.6,0],[0,0,0,1],[0,1,0,0],[0,0,0,1],[1,0,0,0],[0,0,1,0],[1,0,0,0],[1,0,0,0],[0.2,0.2,0.6,0],[0.4,0,0.6,0],[0.2,0,0.6,0.2],[0,0,0.2,0.8],[0,0.2,0,0.8],[0.2,0,0,0.8],[0.2,0,0,0.8],[0.2,0.2,0,0.6],[0,0.8,0.2,0],[0.4,0.2,0,0.4],[0.6,0,0.4,0]]],"seqs":[1,113,141,161,206]},{"orient":7,"bin":47,"pvalue":9.31461e-10,"inferred_pwm":[[0,0.6,0.2,0.2],[0,0,0,1],[0,0,0,1],[0,1,0,0],[0,0,0,1],[1,0,0,0],[0,0,1,0],[1,0,0,0],[0,0.6,0,0.4],[0.8,0,0.2,0],[0,0,0,1],[0,0,0,1],[0,0,1,0],[0,0,1,0],[0,0.8,0,0.2],[0,0,0,1],[0,0,0,1],[1,0,0,0],[0,0,1,0],[0,0,1,0],[0,1,0,0],[1,0,0,0],[1,0,0,0],[0,0,1,0],[0.2,0,0.8,0],[1,0,0,0],[0,0,0,1],[0,0,0,1],[0,0,0,1],[0,1,0,0]],"alignment_pwm":[null,null,null,[[0,0,0.25,0.75],[0.5,0,0.5,0],[0.75,0,0,0.25],[0.75,0,0,0.25],[0,0,1,0],[0.8,0,0.2,0],[0,0,0.4,0.6],[0.2,0,0,0.8],[0.2,0,0,0.8],[0,0,0.4,0.6],[0.2,0.6,0,0.2],[0,0.2,0,0.8],[0,0.6,0,0.4],[0,0.6,0.2,0.2],[0,0.6,0,0.4],[0.6,0.2,0,0.2],[0,0.4,0,0.6],[0.2,0.2,0,0.6],[0,0.5,0,0.5],[0,0.5,0,0.5],[0.5,0.5,0,0],[0,0.5,0,0.5],[0,0,0.5,0.5],[0,0,0.75,0.25],[0,0,0.75,0.25],[0,0.25,0.25,0.5],[0.25,0,0,0.75],[0,0.25,0.75,0],[0,0,0.2,0.8],[0,0.8,0.2,0],[0,0,0,1],[0,0,0.6,0.4],[0,0.2,0.2,0.6],[0,0.2,0,0.8],[0,0.2,0,0.8],[0.6,0,0,0.4],[0,0.6,0.2,0.2],[0,0.2,0,0.8],[0,0.6,0.2,0.2],[0,0.2,0.2,0.6],[0.2,0.2,0.6,0],[0,0.8,0.2,0],[0,0,0,1],[0,0,0.8,0.2],[0.6,0.2,0,0.2],[0.2,0.6,0.2,0],[0.2,0.2,0,0.6],[0.2,0,0.6,0.2],[0.2,0,0.2,0.6],[0.2,0,0.2,0.6],[0,1,0,0],[0,0.6,0,0.4],[0,0,0.4,0.6],[0,0,0,1],[0,0,0,1],[0,0.2,0,0.8],[0.2,0.2,0.6,0],[0,0.333333,0.333333,0.333333],[0.333333,0,0,0.666667],[0,0,0.333333,0.666667],[0,0,0,1],[0.333333,0,0.666667,0],[0.2,0.8,0,0],[0.6,0.2,0,0.2],[0.4,0,0.4,0.2],[0.8,0,0,0.2],[0.6,0.2,0.2,0],[0.2,0.2,0.6,0],[0.2,0.6,0,0.2],[0.2,0,0,0.8],[0.2,0.6,0,0.2],[0.2,0,0.2,0.6],[0.2,0.2,0,0.6],[0,0,0,1],[0.4,0.4,0,0.2],[0.4,0,0.4,0.2],[0,0,0.2,0.8],[0,0,0,1],[0.2,0,0,0.8],[0.8,0,0,0.2],[1,0,0,0],[0.2,0,0,0.8],[0,0,0,1],[0.8,0,0,0.2],[0.4,0,0.6,0],[0,0,1,0],[0,0,0,1],[0,1,0,0],[0,1,0,0],[0,1,0,0],[1,0,0,0],[0,0,1,0],[0.2,0.6,0.2,0],[0,0,0,1],[1,0,0,0],[0,0,0,1],[0.2,0,0,0.8],[0,0,0,1],[1,0,0,0],[0,0,0,1],[0,1,0,0],[0,0,0,1],[0,0,0,1],[0,0,0,1],[0,0,1,0],[0.2,0,0,0.8],[0,0,0,1],[0,0,0,1],[0,0,0,1],[0,0,0,1],[1,0,0,0],[0,0,0,1],[0,0,0,1],[0,0,1,0],[0,0.8,0,0.2],[0.6,0,0.2,0.2],[0,0,0,1],[0,0,0,1],[0,0,0,1],[0,0,1,0],[0,1,0,0],[0,0,0,1],[0,0,0,1],[0,0,0,1],[0,0,0,1],[0,0,0.8,0.2],[0.2,0,0.8,0],[0,0,1,0],[0,0.2,0,0.8],[0,0,0,1],[0,1,0,0],[0,0,0,1],[0,0,0,1],[0,0,1,0],[0,0,1,0],[0,0,0,1],[0,1,0,0],[1,0,0,0],[0,0,0,1],[0,0,1,0],[1,0,0,0],[1,0,0,0],[1,0,0,0],[0,0,0,1],[0,0.8,0,0.2],[0,1,0,0],[0,0,0,1],[0,0,0,1],[0,0,1,0],[0,1,0,0],[0,1,0,0],[0,0,0,1],[1,0,0,0],[1,0,0,0],[0.2,0,0.8,0],[0,1,0,0],[0,1,0,0],[1,0,0,0],[1,0,0,0],[0,0.2,0,0.8],[0.4,0,0.6,0],[0,0,0,1],[0,1,0,0],[0,0,0,1],[1,0,0,0],[0,0,1,0],[1,0,0,0],[1,0,0,0],[0.2,0.2,0.6,0],[0.4,0,0.6,0],[0.2,0,0.6,0.2],[0,0,0.2,0.8],[0,0.2,0,0.8],[0.2,0,0,0.8],[0.2,0,0,0.8],[0.2,0.2,0,0.6],[0,0.8,0.2,0],[0.4,0.2,0,0.4],[0.6,0,0.4,0]]],"seqs":[1,113,141,161,206]},{"orient":8,"bin":47,"pvalue":2.90939e-08,"inferred_pwm":[[0,0.6,0.2,0.2],[0,0,0,1],[0,0,0,1],[0,1,0,0],[0,0,0,1],[1,0,0,0],[0,0,1,0],[1,0,0,0],[0,0.6,0,0.4],[0.8,0,0.2,0],[0,0,0,1],[0,0,0,1],[0,0,1,0],[0,0,1,0],[0,0.8,0,0.2],[0,0,0,1],[0,0,0,1],[1,0,0,0],[0,0,1,0],[0,0,1,0],[0,1,0,0],[1,0,0,0],[1,0,0,0],[0,0,1,0],[0.2,0,0.8,0],[1,0,0,0],[0,0,0,1],[0,0,0,1],[0,0,0,1],[0,1,0,0]],"alignment_pwm":[null,null,null,[[0,0,0.25,0.75],[0.5,0,0.5,0],[0.75,0,0,0.25],[0.75,0,0,0.25],[0,0,1,0],[0.8,0,0.2,0],[0,0,0.4,0.6],[0.2,0,0,0.8],[0.2,0,0,0.8],[0,0,0.4,0.6],[0.2,0.6,0,0.2],[0,0.2,0,0.8],[0,0.6,0,0.4],[0,0.6,0.2,0.2],[0,0.6,0,0.4],[0.6,0.2,0,0.2],[0,0.4,0,0.6],[0.2,0.2,0,0.6],[0,0.5,0,0.5],[0,0.5,0,0.5],[0.5,0.5,0,0],[0,0.5,0,0.5],[0,0,0.5,0.5],[0,0,0.75,0.25],[0,0,0.75,0.25],[0,0.25,0.25,0.5],[0.25,0,0,0.75],[0,0.25,0.75,0],[0,0,0.2,0.8],[0,0.8,0.2,0],[0,0,0,1],[0,0,0.6,0.4],[0,0.2,0.2,0.6],[0,0.2,0,0.8],[0,0.2,0,0.8],[0.6,0,0,0.4],[0,0.6,0.2,0.2],[0,0.2,0,0.8],[0,0.6,0.2,0.2],[0,0.2,0.2,0.6],[0.2,0.2,0.6,0],[0,0.8,0.2,0],[0,0,0,1],[0,0,0.8,0.2],[0.6,0.2,0,0.2],[0.2,0.6,0.2,0],[0.2,0.2,0,0.6],[0.2,0,0.6,0.2],[0.2,0,0.2,0.6],[0.2,0,0.2,0.6],[0,1,0,0],[0,0.6,0,0.4],[0,0,0.4,0.6],[0,0,0,1],[0,0,0,1],[0,0.2,0,0.8],[0.2,0.2,0.6,0],[0,0.333333,0.333333,0.333333],[0.333333,0,0,0.666667],[0,0,0.333333,0.666667],[0,0,0,1],[0.333333,0,0.666667,0],[0.2,0.8,0,0],[0.6,0.2,0,0.2],[0.4,0,0.4,0.2],[0.8,0,0,0.2],[0.6,0.2,0.2,0],[0.2,0.2,0.6,0],[0.2,0.6,0,0.2],[0.2,0,0,0.8],[0.2,0.6,0,0.2],[0.2,0,0.2,0.6],[0.2,0.2,0,0.6],[0,0,0,1],[0.4,0.4,0,0.2],[0.4,0,0.4,0.2],[0,0,0.2,0.8],[0,0,0,1],[0.2,0,0,0.8],[0.8,0,0,0.2],[1,0,0,0],[0.2,0,0,0.8],[0,0,0,1],[0.8,0,0,0.2],[0.4,0,0.6,0],[0,0,1,0],[0,0,0,1],[0,1,0,0],[0,1,0,0],[0,1,0,0],[1,0,0,0],[0,0,1,0],[0.2,0.6,0.2,0],[0,0,0,1],[1,0,0,0],[0,0,0,1],[0.2,0,0,0.8],[0,0,0,1],[1,0,0,0],[0,0,0,1],[0,1,0,0],[0,0,0,1],[0,0,0,1],[0,0,0,1],[0,0,1,0],[0.2,0,0,0.8],[0,0,0,1],[0,0,0,1],[0,0,0,1],[0,0,0,1],[1,0,0,0],[0,0,0,1],[0,0,0,1],[0,0,1,0],[0,0.8,0,0.2],[0.6,0,0.2,0.2],[0,0,0,1],[0,0,0,1],[0,0,0,1],[0,0,1,0],[0,1,0,0],[0,0,0,1],[0,0,0,1],[0,0,0,1],[0,0,0,1],[0,0,0.8,0.2],[0.2,0,0.8,0],[0,0,1,0],[0,0.2,0,0.8],[0,0,0,1],[0,1,0,0],[0,0,0,1],[0,0,0,1],[0,0,1,0],[0,0,1,0],[0,0,0,1],[0,1,0,0],[1,0,0,0],[0,0,0,1],[0,0,1,0],[1,0,0,0],[1,0,0,0],[1,0,0,0],[0,0,0,1],[0,0.8,0,0.2],[0,1,0,0],[0,0,0,1],[0,0,0,1],[0,0,1,0],[0,1,0,0],[0,1,0,0],[0,0,0,1],[1,0,0,0],[1,0,0,0],[0.2,0,0.8,0],[0,1,0,0],[0,1,0,0],[1,0,0,0],[1,0,0,0],[0,0.2,0,0.8],[0.4,0,0.6,0],[0,0,0,1],[0,1,0,0],[0,0,0,1],[1,0,0,0],[0,0,1,0],[1,0,0,0],[1,0,0,0],[0.2,0.2,0.6,0],[0.4,0,0.6,0],[0.2,0,0.6,0.2],[0,0,0.2,0.8],[0,0.2,0,0.8],[0.2,0,0,0.8],[0.2,0,0,0.8],[0.2,0.2,0,0.6],[0,0.8,0.2,0],[0.4,0.2,0,0.4],[0.6,0,0.4,0]]],"seqs":[1,113,141,161,206]}]}],[{"idx":10,"counts":[[0,1,2,1,1,1,1,2,2,1,1,0,0,2,1,1,2,2,13,1,2,0,0,0,2,1,0,2,2,2,3,1,1,2,2,2,0,4,0,1,1,1,1,1,2,2,1,0,0,0,0,0,0,1,1,0,1,3,1,1,1,3,1,0,2,0,1,2,3,0,2,1,0,2,0,2,2,0,4,3,0,1,0,3,1,1,3,2,1,0,1,2,0,1,0,0,1,1,4,2,1,0,0,2,2,0,0,1,2,1,3,0,0,3,0,0,2,2,0,1,3,2,0,1,1,2,1,0,0,1,0,0,1,1,3,1,1,2,3,2,0],[0,0,1,3,0,3,0,2,0,2,0,2,1,1,0,1,3,2,1,3,4,1,0,0,1,2,1,1,0,3,3,0,2,2,0,1,1,0,1,1,0,1,0,2,0,1,0,2,2,2,0,2,1,1,1,2,1,1,0,0,1,1,0,2,1,1,0,1,1,1,1,0,1,1,2,2,0,0,1,1,2,1,3,3,0,1,0,1,1,1,1,1,2,0,4,0,1,0,1,0,0,1,0,1,0,0,3,0,0,0,2,1,2,2,0,0,1,2,0,1,0,0,4,0,0,4,0,3,2,0,0,0,2,2,1,5,2,2,0,0,0],[0,0,0,2,0,0,0,1,2,0,2,2,3,2,0,3,1,2,1,1,1,1,0,2,2,0,0,2,1,2,0,0,0,1,1,1,0,0,2,1,2,3,2,1,3,0,0,0,0,0,0,0,2,3,3,0,2,1,0,0,1,0,2,0,1,2,2,0,1,2,0,1,2,1,1,1,0,1,2,2,0,3,0,2,1,0,0,0,0,1,0,2,3,1,2,0,0,2,1,1,5,1,0,0,0,3,0,2,2,0,0,0,0,1,0,2,0,0,1,2,0,3,0,0,0,0,4,1,2,1,1,0,1,0,0,0,0,0,1,0,0],[2,0,0,0,0,0,1,2,0,1,2,1,2,0,1,0,0,0,1,0,2,0,1,1,2,0,1,0,1,1,1,2,0,1,0,3,1,1,1,0,4,0,3,2,0,0,1,1,0,1,0,1,0,0,1,1,0,0,1,0,1,2,0,2,0,2,3,2,0,1,2,0,2,2,2,4,2,0,4,2,3,1,2,0,3,0,1,1,1,3,1,0,5,0,0,1,0,0,0,1,0,2,1,1,2,0,0,2,2,0,2,1,4,1,3,1,1,0,1,1,2,2,0,2,1,0,1,4,1,0,1,1,1,0,0,2,2,0,3,1,0]],"spacings":[{"orient":0,"bin":18,"pvalue":1.83463e-10,"inferred_pwm":[[0.230769,0.0769231,0.0769231,0.615385],[0,0,0.0769231,0.923077],[0.153846,0,0,0.846154],[0.307692,0,0,0.692308],[0,0.0769231,0.153846,0.769231],[0.153846,0,0,0.846154],[0.461538,0,0.230769,0.307692],[0,0,0.692308,0.307692],[0.846154,0,0.0769231,0.0769231],[0,0,1,0],[0.769231,0.153846,0,0.0769231]],"alignment_pwm":[[[0.230769,0.0769231,0.0769231,0.615385],[0.307692,0.0769231,0.230769,0.384615],[0.0769231,0.153846,0.0769231,0.692308],[0.230769,0.153846,0.0769231,0.538462],[0.307692,0,0,0.692308],[0.0769231,0.230769,0.0769231,0.615385],[0.153846,0.230769,0.230769,0.384615],[0.153846,0.0769231,0.230769,0.538462],[0.230769,0.230769,0.0769231,0.461538],[0.307692,0,0,0.692308],[0.230769,0.0769231,0.0769231,0.615385],[0,0,0.0769231,0.923077],[0.153846,0,0,0.846154],[0.307692,0,0,0.692308],[0,0.0769231,0.153846,0.769231],[0.153846,0,0,0.846154],[0.461538,0,0.230769,0.307692],[0,0,0.692308,0.307692],[0.846154,0,0.0769231,0.0769231],[0,0,1,0],[0.769231,0.153846,0,0.0769231],[0.153846,0.307692,0.0769231,0.461538],[0.538462,0,0.384615,0.0769231],[0.307692,0.153846,0.384615,0.153846],[0.384615,0.0769231,0.230769,0.307692],[0.307692,0.0769231,0.461538,0.153846],[0.230769,0.153846,0,0.615385],[0.153846,0.615385,0,0.230769],[0.0833333,0.0833333,0,0.833333],[0.166667,0.416667,0.0833333,0.333333],[0.5,0.0833333,0.333333,0.0833333],[0,0.833333,0,0.166667],[0.0833333,0.166667,0.0833333,0.666667],[0.230769,0.384615,0.153846,0.230769],[0.230769,0.0769231,0,0.692308],[0.307692,0,0.538462,0.153846],[0.153846,0.0769231,0.0769231,0.692308],[0.230769,0.0769231,0.0769231,0.615385],[0.153846,0.230769,0.538462,0.0769231],[0,1,0,0],[0.230769,0.769231,0,0],[0,1,0,0],[1,0,0,0],[0,0,1,0],[0.153846,0.0769231,0.538462,0.230769],[0