<!DOCTYPE HTML>
<html>
  <head>
    <meta charset="UTF-8">
    <title>SpaMo - Spaced Motif Analysis</title>
    <script type="text/javascript">
      //@JSON_VAR data
      var data = {"program":"SpaMo","version":"4.12.0","revision":"aacc9c3eb8c7b460b344d5c8aa1458097dae704d","release":"Tue Jun 27 16:22:50 2017 -0700","host":"Sudins-iMac.local","when":"Thu May 24 14:21:54 2018","cmd":["spamo","-verbosity","1","-oc","results/AHRpeaks_not-in-DHSs-withAHREs.bed-399.fa/jaspar/spamo_out_1","-bgfile","results/AHRpeaks_not-in-DHSs-withAHREs.bed-399.fa/jaspar/background","-primary","TTTGCAYGRCAAARGGAACAGTCAGC","results/AHRpeaks_not-in-DHSs-withAHREs.bed-399.fa/jaspar/AHRpeaks_not-in-DHSs-withAHREs.bed-399.fa","results/AHRpeaks_not-in-DHSs-withAHREs.bed-399.fa/jaspar/meme_out/meme.xml","results/AHRpeaks_not-in-DHSs-withAHREs.bed-399.fa/jaspar/meme_out/meme.xml","/Users/filipov4/meme/db/motif_databases/JASPAR/JASPAR2018_CORE_non-redundant.meme"],"options":{"seq_min_hit_score":7,"margin":150,"bin_size":1,"bin_pvalue_calc_range":150,"use_best_secondary":0,"seq_max_shared_fract":0.5,"seq_odds_ratio":20,"bin_pvalue_cutoff":0.05,"motif_evalue_cutoff":10,"redundant_overlap":2,"redundant_joint":0.5,"motif_pseudocount":0.1,"bgfile":"results/AHRpeaks_not-in-DHSs-withAHREs.bed-399.fa/jaspar/background","motif_trim":0.25,"xalph":0,"seed":1,"bin_max":3},"alphabet":{"name":"DNA","like":"dna","ncore":4,"symbols":[{"symbol":"A","name":"Adenine","colour":"CC0000","complement":"T"},{"symbol":"C","name":"Cytosine","colour":"0000CC","complement":"G"},{"symbol":"G","name":"Guanine","colour":"FFB300","complement":"C"},{"symbol":"T","aliases":"U","name":"Thymine","colour":"008000","complement":"A"},{"symbol":"N","aliases":"X.","name":"Any base","equals":"ACGT"},{"symbol":"V","name":"Not T","equals":"ACG"},{"symbol":"H","name":"Not G","equals":"ACT"},{"symbol":"D","name":"Not C","equals":"AGT"},{"symbol":"B","name":"Not A","equals":"CGT"},{"symbol":"M","name":"Amino","equals":"AC"},{"symbol":"R","name":"Purine","equals":"AG"},{"symbol":"W","name":"Weak","equals":"AT"},{"symbol":"S","name":"Strong","equals":"CG"},{"symbol":"Y","name":"Pyrimidine","equals":"CT"},{"symbol":"K","name":"Keto","equals":"GT"}]},"background":[0.3083,0.1917,0.1917,0.3083],"sequence_dbs":[{"source":"results/AHRpeaks_not-in-DHSs-withAHREs.bed-399.fa/jaspar/AHRpeaks_not-in-DHSs-withAHREs.bed-399.fa","name":"AHRpeaks_not-in-DHSs-withAHREs.bed-399","last_modified":"Thu May 24 11:14:35 2018","loaded":19,"excluded_too_short":0,"excluded_no_match":15,"excluded_ambigs":0,"excluded_similar":0,"erased_primary_matches":0}],"primary_dbs":[{"source":"results/AHRpeaks_not-in-DHSs-withAHREs.bed-399.fa/jaspar/meme_out/meme.xml","name":"meme.xml","last_modified":"Thu May 24 14:21:21 2018","loaded":6,"excluded":5}],"secondary_dbs":[{"source":"results/AHRpeaks_not-in-DHSs-withAHREs.bed-399.fa/jaspar/meme_out/meme.xml","name":"meme.xml","last_modified":"Thu May 24 14:21:21 2018","loaded":7,"excluded":1},{"source":"/Users/filipov4/meme/db/motif_databases/JASPAR/JASPAR2018_CORE_non-redundant.meme","name":"JASPAR2018_CORE_non-redundant","last_modified":"Thu Dec  7 14:38:42 2017","loaded":1404,"excluded":0}],"secondary_motifs":[{"db":1,"id":"MA0031.1","alt":"FOXD1","len":8,"ltrim":0,"rtrim":1,"nsites":20,"url":"http://jaspar2018.genereg.net/matrix/MA0031.1","pwm":[[0.0512851,0.050705,0.846725,0.0512851],[0.00153383,0.000953733,0.000953733,0.996559],[0.946807,0.050705,0.000953733,0.00153383],[0.996559,0.000953733,0.000953733,0.00153383],[0.897056,0.050705,0.050705,0.00153383],[0.0512851,0.896476,0.000953733,0.0512851],[0.996559,0.000953733,0.000953733,0.00153383],[0.349793,0.100456,0.150207,0.399544]]},{"db":1,"id":"MA0032.2","alt":"FOXC1","len":11,"ltrim":0,"rtrim":0,"nsites":19566,"url":"http://jaspar2018.genereg.net/matrix/MA0032.2","pwm":[[0.329756,0.0394568,0.0155379,0.615249],[0.695237,0.0353358,0.202155,0.0672732],[0.344387,0.0876135,0.105677,0.462323],[0.257364,0.0178009,0.722131,0.00270356],[0.108395,0.0717426,0.0169379,0.802924],[0.706923,0.289518,0.00113297,0.00242656],[0.991152,0.00579095,9.79757e-07,0.00305756],[0.983559,0.00297996,0.00750194,0.00595955],[0.00649854,0.467699,0.00878793,0.517014],[0.966338,0.00141197,0.0226319,0.00961853],[0.31682,0.0736506,0.0523317,0.557199]]},{"db":1,"id":"MA0033.2","alt":"FOXL1","len":7,"ltrim":0,"rtrim":0,"nsites":4933,"url":"http://jaspar2018.genereg.net/matrix/MA0033.2","pwm":[[0.426108,0.00263883,0.542868,0.0283857],[0.00192721,0.0799103,3.886e-06,0.918159],[0.874646,0.114915,0.0104337,6.24962e-06],[0.98902,0.00786673,3.886e-06,0.00311019],[0.973114,0.0166975,0.0101827,6.24962e-06],[6.24962e-06,0.778858,3.886e-06,0.221132],[0.98535,0.0111357,3.886e-06,0.00351018]]},{"db":1,"id":"MA0034.1","alt":"Gam1","len":10,"ltrim":2,"rtrim":0,"nsites":25,"url":"http://jaspar2018.genereg.net/matrix/MA0034.1","pwm":[[0.160591,0.239808,0.439011,0.160591],[0.399635,0.199967,0.279648,0.12075],[0.12075,0.518692,0.000763746,0.359794],[0.917563,0.0406044,0.0406044,0.00122829],[0.997244,0.000763746,0.000763746,0.00122829],[0.0410689,0.956939,0.000763746,0.00122829],[0.12075,0.558533,0.239808,0.0809096],[0.240272,0.000763746,0.757736,0.00122829],[0.399635,0.439011,0.000763746,0.160591],[0.200431,0.757736,0.0406044,0.00122829]]},{"db":1,"id":"MA0041.1","alt":"Foxd3","len":12,"ltrim":0,"rtrim":0,"nsites":47,"url":"http://jaspar2018.genereg.net/matrix/MA0041.1","pwm":[[0.234201,0.0641015,0.552424,0.149274],[0.637597,0.0428697,0.000407007,0.319126],[0.510208,0.0216388,0.000407007,0.467746],[0.0218864,0.0853323,0.000407007,0.892374],[0.255431,0.000407007,0.722275,0.0218864],[0.000654564,0.000407007,0.000407007,0.998531],[0.0218864,0.000407007,0.000407007,0.9773],[0.106812,0.000407007,0.212721,0.68006],[0.297894,0.000407007,0.446267,0.255431],[0.128044,0.149027,0.000407007,0.722523],[0.0218864,0.0428697,0.0853323,0.849912],[0.000654564,0.255184,0.000407007,0.743755]]},{"db":1,"id":"MA0042.2","alt":"FOXI1","len":7,"ltrim":0,"rtrim":0,"nsites":5832,"url":"http://jaspar2018.genereg.net/matrix/MA0042.2","pwm":[[0.10597,0.00669017,0.887334,5.28626e-06],[0.013852,0.0112311,0.00655217,0.968365],[0.899677,0.0938817,0.00643618,5.28626e-06],[0.995563,0.00442821,3.28698e-06,5.28626e-06],[0.977695,0.00434821,0.00548219,0.0124741],[0.0253679,0.836015,0.00775715,0.130859],[0.992889,0.00230525,0.0048002,5.28626e-06]]},{"db":1,"id":"MA0148.3","alt":"FOXA1","len":15,"ltrim":4,"rtrim":1,"nsites":22008,"url":"http://jaspar2018.genereg.net/matrix/MA0148.3","pwm":[[0.196657,0.219329,0.187386,0.396628],[0.211696,0.311295,0.214967,0.262041],[0.139132,0.388858,0.241458,0.230553],[0.3242,0.196156,0.16544,0.314204],[0.00318239,8.71044e-07,0.000545869,0.996271],[0.267312,8.71044e-07,0.732686,1.40085e-06],[1.40085e-06,8.71044e-07,8.71044e-07,0.999997],[1.40085e-06,8.71044e-07,0.0587066,0.941291],[1.40085e-06,8.71044e-07,0.129907,0.87009],[0.829333,8.71044e-07,0.170665,1.40085e-06],[1.40085e-06,0.934021,8.71044e-07,0.0659771],[0.417712,0.120638,8.71044e-07,0.461649],[0.0375782,0.331515,0.0632506,0.567656],[0.486277,4.58708e-05,0.00286386,0.510813],[0.218421,0.118275,0.427798,0.235505]]},{"db":1,"id":"MA0157.2","alt":"FOXO3","len":8,"ltrim":0,"rtrim":0,"nsites":553,"url":"http://jaspar2018.genereg.net/matrix/MA0157.2","pwm":[[0.0380239,3.46592e-05,0.961886,5.57403e-05],[5.57403e-05,3.46592e-05,0.0238833,0.976026],[0.960171,0.0289104,0.00905803,0.00186041],[0.997999,0.00191032,3.46592e-05,5.57403e-05],[0.981428,0.0184813,3.46592e-05,5.57403e-05],[0.0273238,0.967133,3.46592e-05,0.00550975],[0.979621,0.020289,3.46592e-05,5.57403e-05],[0.546509,0.0207209,0.0620924,0.370679]]},{"db":1,"id":"MA0178.1","alt":"CG32105","len":7,"ltrim":0,"rtrim":0,"nsites":19,"url":"http://jaspar2018.genereg.net/matrix/MA0178.1","pwm":[[0.106326,0.210427,0.00100367,0.682243],[0.106326,0.00100367,0.00100367,0.891667],[0.891667,0.00100367,0.00100367,0.106326],[0.996379,0.00100367,0.00100367,0.00161413],[0.00161413,0.00100367,0.0533601,0.944022],[0.00161413,0.00100367,0.0533601,0.944022],[0.786955,0.00100367,0.210427,0.00161413]]},{"db":1,"id":"MA0210.1","alt":"ara","len":5,"ltrim":0,"rtrim":0,"nsites":34,"url":"http://jaspar2018.genereg.net/matrix/MA0210.1","pwm":[[0.411462,0.000562171,0.14719,0.440786],[0.675391,0.000562171,0.000562171,0.323484],[0.997972,0.000562171,0.000562171,0.000904105],[0.000904105,0.99763,0.000562171,0.000904105],[0.997972,0.000562171,0.000562171,0.000904105]]},{"db":1,"id":"MA0233.1","alt":"mirr","len":5,"ltrim":0,"rtrim":0,"nsites":41,"url":"http://jaspar2018.genereg.net/matrix/MA0233.1","pwm":[[0.487368,0.0247971,0.0247971,0.463038],[0.706346,0.000466424,0.0491277,0.244059],[0.998317,0.000466424,0.000466424,0.000750121],[0.000750121,0.998033,0.000466424,0.000750121],[0.998317,0.000466424,0.000466424,0.000750121]]},{"db":1,"id":"MA0277.1","alt":"AZF1","len":9,"ltrim":0,"rtrim":0,"nsites":102,"url":"http://jaspar2018.genereg.net/matrix/MA0277.1","pwm":[[0.617344,0.127514,0.127514,0.127628],[0.999323,0.000187757,0.000187757,0.000301959],[0.999323,0.000187757,0.000187757,0.000301959],[0.870736,0.128775,0.000187757,0.000301959],[0.749567,0.000187757,0.249943,0.000301959],[0.000301959,0.000187757,0.999208,0.000301959],[0.779538,0.160031,0.0301584,0.0302726],[0.817683,0.0607344,0.0607344,0.0608486],[0.617344,0.127514,0.127514,0.127628]]},{"db":1,"id":"MA0297.1","alt":"FKH2","len":7,"ltrim":0,"rtrim":0,"nsites":101,"url":"http://jaspar2018.genereg.net/matrix/MA0297.1","pwm":[[0.128891,0.000189614,0.870615,0.000304945],[0.000304945,0.000189614,0.000189614,0.999316],[0.999316,0.000189614,0.000189614,0.000304945],[0.999316,0.000189614,0.000189614,0.000304945],[0.999316,0.000189614,0.000189614,0.000304945],[0.000304945,0.9992,0.000189614,0.000304945],[0.999316,0.000189614,0.000189614,0.000304945]]},{"db":1,"id":"MA0317.1","alt":"HCM1","len":8,"ltrim":0,"rtrim":0,"nsites":100,"url":"http://jaspar2018.genereg.net/matrix/MA0317.1","pwm":[[0.509799,0.160032,0.249942,0.0802281],[0.270038,0.0801116,0.0401515,0.609699],[0.663011,0.316707,0.0100826,0.0101991],[0.949359,0.0501416,0.000191509,0.000307992],[0.999309,0.000191509,0.000191509,0.000307992],[0.010298,0.859332,0.000191509,0.130178],[0.939962,0.0199737,0.0199737,0.0200902],[0.575491,0.171737,0.111192,0.141581]]},{"db":1,"id":"MA0458.1","alt":"slp1","len":11,"ltrim":1,"rtrim":0,"nsites":41,"url":"http://jaspar2018.genereg.net/matrix/MA0458.1","pwm":[[0.195397,0.0734594,0.341099,0.390045],[0.000750121,0.000466424,0.000466424,0.998317],[0.0737431,0.000466424,0.92504,0.000750121],[0.000750121,0.000466424,0.000466424,0.998317],[0.000750121,0.000466424,0.0247971,0.973986],[0.000750121,0.000466424,0.0491277,0.949656],[0.657685,0.000466424,0.09779,0.244059],[0.0250808,0.535746,0.170783,0.26839],[0.414375,0.195114,0.36543,0.0250808],[0.0980737,0.316768,0.0734594,0.511699],[0.365714,0.0734594,0.09779,0.463038]]},{"db":1,"id":"MA0480.1","alt":"Foxo1","len":11,"ltrim":1,"rtrim":0,"nsites":2490,"url":"http://jaspar2018.genereg.net/matrix/MA0480.1","pwm":[[0.187957,0.111248,0.191968,0.508827],[0.0510143,0.513642,0.302004,0.13334],[0.034951,0.564644,0.0839403,0.316466],[1.2381e-05,7.6985e-06,7.6985e-06,0.999972],[1.2381e-05,7.6985e-06,0.999968,1.2381e-05],[1.2381e-05,7.6985e-06,7.6985e-06,0.999972],[1.2381e-05,7.6985e-06,7.6985e-06,0.999972],[1.2381e-05,7.6985e-06,0.115264,0.884716],[0.751388,0.0630572,7.6985e-06,0.185547],[1.2381e-05,0.805999,7.6985e-06,0.193981],[0.430517,0.230118,0.0285206,0.310843]]},{"db":1,"id":"MA0481.2","alt":"FOXP1","len":12,"ltrim":2,"rtrim":3,"nsites":4266,"url":"http://jaspar2018.genereg.net/matrix/MA0481.2","pwm":[[0.351382,0.212846,0.23277,0.203002],[0.359821,0.062591,0.225737,0.351851],[0.0696256,0.0117252,0.904343,0.0143059],[0.0318865,0.0356347,0.0241479,0.908331],[0.956619,0.0304778,0.00656834,0.00633608],[0.945602,0.0332897,0.00422339,0.0168848],[0.976308,0.00469238,0.0131312,0.00586709],[0.00891502,0.932238,0.00703633,0.051811],[0.962245,0.00328642,0.00867729,0.0257916],[0.21191,0.159166,0.509135,0.119788],[0.353492,0.202297,0.219174,0.225037],[0.305438,0.22058,0.212377,0.261604]]},{"db":1,"id":"MA0546.1","alt":"pha-4","len":10,"ltrim":0,"rtrim":0,"nsites":1010,"url":"http://jaspar2018.genereg.net/matrix/MA0546.1","pwm":[[0.579181,0.070309,1.89783e-05,0.350491],[0.528691,1.89783e-05,0.46631,0.00498003],[0.531661,1.89783e-05,0.0782292,0.390091],[0.0406205,1.89783e-05,0.95933,3.05217e-05],[3.05217e-05,0.402949,1.89783e-05,0.597001],[0.853411,0.146539,1.89783e-05,3.05217e-05],[0.999932,1.89783e-05,1.89783e-05,3.05217e-05],[0.999932,1.89783e-05,1.89783e-05,3.05217e-05],[3.05217e-05,0.61679,1.89783e-05,0.383161],[0.999932,1.89783e-05,1.89783e-05,3.05217e-05]]},{"db":1,"id":"MA0593.1","alt":"FOXP2","len":11,"ltrim":1,"rtrim":1,"nsites":766,"url":"http://jaspar2018.genereg.net/matrix/MA0593.1","pwm":[[0.430793,0.147526,0.248035,0.173647],[0.443846,0.00916183,0.18538,0.361612],[0.20889,2.50229e-05,0.791045,4.02428e-05],[0.0770532,2.50229e-05,2.50229e-05,0.922897],[0.99991,2.50229e-05,2.50229e-05,4.02428e-05],[0.99991,2.50229e-05,2.50229e-05,4.02428e-05],[0.99991,2.50229e-05,2.50229e-05,4.02428e-05],[4.02428e-05,0.988147,2.50229e-05,0.0117877],[0.99991,2.50229e-05,2.50229e-05,4.02428e-05],[0.387718,0.201043,0.382482,0.0287575],[0.433404,0.161884,0.240203,0.16451]]},{"db":1,"id":"MA0614.1","alt":"Foxj2","len":8,"ltrim":0,"rtrim":0,"nsites":999,"url":"http://jaspar2018.genereg.net/matrix/MA0614.1","pwm":[[0.461446,1.91873e-05,0.538504,3.08577e-05],[0.0500758,0.0250417,1.91873e-05,0.924863],[0.794951,0.204999,1.91873e-05,3.08577e-05],[0.977911,1.91873e-05,1.91873e-05,0.0220507],[0.999931,1.91873e-05,1.91873e-05,3.08577e-05],[3.08577e-05,0.953924,1.91873e-05,0.0460263],[0.999931,1.91873e-05,1.91873e-05,3.08577e-05],[0.593565,0.125132,0.125132,0.156171]]},{"db":1,"id":"MA0710.1","alt":"NOTO","len":10,"ltrim":1,"rtrim":2,"nsites":21405,"url":"http://jaspar2018.genereg.net/matrix/MA0710.1","pwm":[[0.263069,0.265452,0.305021,0.166457],[0.0339543,0.613527,0.0270668,0.325452],[0.214566,0.120964,0.0173248,0.647144],[0.700671,0.292875,8.95582e-07,0.00645341],[0.999997,8.95582e-07,8.95582e-07,1.44031e-06],[1.44031e-06,8.95582e-07,8.95582e-07,0.999997],[0.0168004,0.00278588,0.0189558,0.961458],[0.843843,8.95582e-07,0.0810935,0.0750621],[0.328802,0.180145,0.358747,0.132307],[0.190508,0.360225,0.25661,0.192657]]},{"db":1,"id":"MA0845.1","alt":"FOXB1","len":11,"ltrim":0,"rtrim":0,"nsites":7303,"url":"http://jaspar2018.genereg.net/matrix/MA0845.1","pwm":[[0.327674,0.0372471,0.0260193,0.609061],[0.69706,0.0343142,0.195434,0.0731932],[0.265534,0.0291932,0.0547689,0.650504],[0.141724,0.00660553,0.836504,0.015167],[0.0244139,0.0325492,0.0153264,0.927711],[0.699809,0.279009,0.0107335,0.0104491],[0.9201,0.0286502,2.62492e-06,0.0512475],[0.95664,0.00657553,0.00657553,0.0302098],[0.00401917,0.322958,0.0149174,0.658105],[0.957444,2.62492e-06,0.0219753,0.0205779],[0.249087,0.0837615,0.0812765,0.585875]]},{"db":1,"id":"MA0846.1","alt":"FOXC2","len":12,"ltrim":0,"rtrim":1,"nsites":22189,"url":"http://jaspar2018.genereg.net/matrix/MA0846.1","pwm":[[0.402857,0.0576416,0.0204618,0.51904],[0.698608,0.0564196,0.173935,0.0710371],[0.417612,0.128451,0.115628,0.33831],[0.305154,0.0209218,0.667457,0.00646736],[0.075505,0.142082,0.0120888,0.770324],[0.745914,0.246463,0.00317285,0.00445037],[0.974649,0.0163908,0.00385985,0.00509937],[0.970303,0.00498184,0.0132348,0.0114803],[0.00150938,0.70226,0.00330885,0.292921],[0.969476,0.00478784,0.0155458,0.0101913],[0.54822,0.0860515,0.0705075,0.295221],[0.419896,0.117625,0.101165,0.361314]]},{"db":1,"id":"MA0847.1","alt":"FOXD2","len":7,"ltrim":0,"rtrim":0,"nsites":1949,"url":"http://jaspar2018.genereg.net/matrix/MA0847.1","pwm":[[0.310416,0.0272014,0.646975,0.015408],[0.103953,0.152929,9.83532e-06,0.743108],[0.823088,0.123955,9.83532e-06,0.0529461],[0.943821,0.0298513,0.0101253,0.016201],[0.981554,9.83532e-06,9.83532e-06,0.0184259],[1.58175e-05,0.718558,0.0147931,0.266633],[0.823815,9.83532e-06,0.0984598,0.0777158]]},{"db":1,"id":"MA0848.1","alt":"FOXO4","len":7,"ltrim":0,"rtrim":0,"nsites":7060,"url":"http://jaspar2018.genereg.net/matrix/MA0848.1","pwm":[[0.236403,0.00184369,0.761748,4.36679e-06],[0.0583295,0.0116676,0.0207974,0.909205],[0.804,0.188219,0.00478665,0.00299432],[0.966736,0.0262473,0.00341767,0.00359932],[0.981735,2.71526e-06,0.0164315,0.00182934],[0.00902824,0.836773,0.00513764,0.149061],[0.988957,0.00184169,0.00184169,0.00736026]]},{"db":1,"id":"MA0849.1","alt":"FOXO6","len":7,"ltrim":0,"rtrim":0,"nsites":8470,"url":"http://jaspar2018.genereg.net/matrix/MA0849.1","pwm":[[0.170604,2.26326e-06,0.82939,3.63986e-06],[0.0213594,2.26326e-06,0.00444021,0.974198],[0.8589,0.140238,0.000858253,3.63986e-06],[0.969492,0.0269129,2.26326e-06,0.0035916],[0.999992,2.26326e-06,2.26326e-06,3.63986e-06],[3.63986e-06,0.944085,0.00416821,0.051743],[0.998145,2.26326e-06,0.00184924,3.63986e-06]]},{"db":1,"id":"MA0850.1","alt":"FOXP3","len":7,"ltrim":0,"rtrim":0,"nsites":211,"url":"http://jaspar2018.genereg.net/matrix/MA0850.1","pwm":[[0.350691,9.08102e-05,0.649072,0.000146044],[0.0707836,0.18375,9.08102e-05,0.745376],[0.871634,9.08102e-05,9.08102e-05,0.128184],[0.925147,9.08102e-05,0.0395461,0.0352174],[0.767056,0.05461,0.178188,0.000146044],[0.000146044,0.747963,0.113512,0.138379],[0.921107,9.08102e-05,0.0786566,0.000146044]]},{"db":1,"id":"MA0851.1","alt":"Foxj3","len":17,"ltrim":5,"rtrim":3,"nsites":100,"url":"http://jaspar2018.genereg.net/matrix/MA0851.1","pwm":[[0.270038,0.259932,0.209982,0.260048],[0.339968,0.130062,0.309882,0.220088],[0.479828,0.190002,0.160032,0.170138],[0.509799,0.130062,0.170022,0.190118],[0.346497,0.128776,0.326598,0.19813],[0.303035,0.0102824,0.686374,0.000307992],[0.010298,0.0201715,0.000191509,0.969339],[0.918582,0.0809188,0.000191509,0.000307992],[0.949853,0.0199737,0.000191509,0.0299813],[0.989319,0.000191509,0.000191509,0.010298],[0.000307992,0.817556,0.000191509,0.181944],[0.989319,0.000191509,0.000191509,0.010298],[0.781705,0.0694293,0.0595382,0.089328],[0.569739,0.0901016,0.0701216,0.270038],[0.220088,0.339852,0.259932,0.180128],[0.270038,0.269922,0.239952,0.220088],[0.24249,0.393737,0.171737,0.192035]]},{"db":1,"id":"MA0852.2","alt":"FOXK1","len":14,"ltrim":3,"rtrim":2,"nsites":1056,"url":"http://jaspar2018.genereg.net/matrix/MA0852.2","pwm":[[0.311553,0.174244,0.244313,0.26989],[0.393931,0.165722,0.255676,0.184671],[0.233909,0.134475,0.25757,0.374047],[0.135433,0.0265306,0.82191,0.0161257],[0.0568418,0.0047527,0.0416812,0.896724],[0.94975,0.0350528,0.00948726,0.00571065],[0.945963,0.0350528,0.0104342,0.00855139],[0.967741,0.012328,0.00948726,0.0104452],[0.0094983,0.907129,0.0113811,0.0719924],[0.961112,0.0151687,0.0113811,0.012339],[0.484831,0.188447,0.193182,0.13354],[0.175202,0.190341,0.537846,0.096611],[0.229174,0.254729,0.342789,0.173308],[0.267996,0.272719,0.255676,0.203608]]},{"db":1,"id":"MA0920.1","alt":"fkh-2","len":8,"ltrim":0,"rtrim":1,"nsites":999,"url":"http://jaspar2018.genereg.net/matrix/MA0920.1","pwm":[[0.416405,1.91873e-05,0.541507,0.0420686],[0.029028,1.91873e-05,1.91873e-05,0.970934],[0.827948,0.172002,1.91873e-05,3.08577e-05],[0.942879,1.91873e-05,1.91873e-05,0.0570821],[0.999931,1.91873e-05,1.91873e-05,3.08577e-05],[0.0570252,0.913928,1.91873e-05,0.029028],[0.999931,1.91873e-05,1.91873e-05,3.08577e-05],[0.434421,0.217214,0.131137,0.217226]]},{"db":1,"id":"MA0925.1","alt":"sma-4","len":11,"ltrim":2,"rtrim":2,"nsites":1000,"url":"http://jaspar2018.genereg.net/matrix/MA0925.1","pwm":[[0.330998,0.222997,0.222997,0.223009],[0.273004,0.227996,0.299989,0.199011],[0.0330275,0.0330159,0.0330159,0.900941],[3.08269e-05,1.91681e-05,0.916927,0.0830225],[0.0830225,1.91681e-05,1.91681e-05,0.916939],[3.08269e-05,0.999919,1.91681e-05,3.08269e-05],[3.08269e-05,1.91681e-05,1.91681e-05,0.999931],[0.215009,1.91681e-05,0.784941,3.08269e-05],[0.0270281,0.0270165,0.835936,0.11002],[0.359995,0.241995,0.255994,0.142017],[0.217009,0.348984,0.216997,0.217009]]},{"db":1,"id":"MA0929.1","alt":"NCU00019","len":12,"ltrim":3,"rtrim":2,"nsites":1001,"url":"http://jaspar2018.genereg.net/matrix/MA0929.1","pwm":[[0.325672,0.224772,0.224772,0.224783],[0.224783,0.224772,0.224772,0.325672],[0.319999,0.127006,0.229996,0.322999],[0.149866,0.0549587,0.740205,0.0549703],[0.11102,1.9149e-05,1.9149e-05,0.888942],[0.802951,0.101009,1.9149e-05,0.0960212],[0.999931,1.9149e-05,1.9149e-05,3.07961e-05],[0.89884,1.9149e-05,1.9149e-05,0.101122],[0.0260022,0.520447,0.0259906,0.42756],[0.922017,0.0259906,0.0259906,0.0260022],[0.437987,0.218997,0.124007,0.219009],[0.412577,0.195804,0.195804,0.195815]]},{"db":1,"id":"MA0943.1","alt":"ARF5","len":8,"ltrim":0,"rtrim":1,"nsites":999,"url":"http://jaspar2018.genereg.net/matrix/MA0943.1","pwm":[[0.303304,0.160163,0.477448,0.0590839],[0.00902096,0.967954,0.0150027,0.00802206],[0.0969242,0.897032,0.00401479,0.00202866],[0.0120297,0.00101909,0.984921,0.00203066],[0.951936,0.00101909,0.0460146,0.00103076],[0.00203066,0.99192,0.00301889,0.00303056],[0.772182,0.223773,0.00201699,0.00202866],[0.490982,0.0980094,0.217997,0.193012]]},{"db":1,"id":"MA0944.1","alt":"ARF8","len":9,"ltrim":2,"rtrim":1,"nsites":1000,"url":"http://jaspar2018.genereg.net/matrix/MA0944.1","pwm":[[0.270004,0.232996,0.203999,0.293002],[0.225008,0.258993,0.106009,0.40999],[0.00403043,1.91681e-05,0.0900102,0.90594],[0.038065,0.00102007,0.90083,0.0600848],[3.08269e-05,0.0130179,1.91681e-05,0.986932],[0.0539714,0.862071,0.00201697,0.0819406],[0.0610247,0.0270165,0.797939,0.114019],[0.12114,0.138143,0.651606,0.0891109],[0.22778,0.336649,0.21678,0.21879]]},{"db":1,"id":"MA1079.1","alt":"WRKY21","len":10,"ltrim":2,"rtrim":1,"nsites":1000,"url":"http://jaspar2018.genereg.net/matrix/MA1079.1","pwm":[[0.281003,0.222997,0.248994,0.247006],[0.320999,0.195,0.223997,0.260005],[0.402991,0.0870105,0.406978,0.103021],[0.0510257,1.91681e-05,0.909928,0.0390269],[0.0909307,0.00401477,0.00201697,0.903038],[3.08269e-05,0.998919,1.91681e-05,0.00103073],[0.868944,0.0660126,0.0210171,0.0440264],[0.780734,0.0100282,0.162165,0.0470731],[0.20801,0.606958,0.0650127,0.120019],[0.159015,0.208998,0.428976,0.203011]]},{"db":1,"id":"MA1103.1","alt":"FOXK2","len":11,"ltrim":2,"rtrim":2,"nsites":7977,"url":"http://jaspar2018.genereg.net/matrix/MA1103.1","pwm":[[0.419831,0.169613,0.196314,0.214242],[0.254483,0.164849,0.194183,0.386485],[0.22753,0.0462598,0.677818,0.0483923],[0.0145457,0.00664632,0.0175522,0.961256],[0.969028,0.0149202,0.00777431,0.00827776],[0.881653,0.0501458,0.0141682,0.0540332],[0.965016,0.00940429,0.00714831,0.0184316],[0.0114117,0.873001,0.00990528,0.105682],[0.96276,0.0084013,0.0141682,0.0146707],[0.304751,0.23505,0.222389,0.23781],[0.277924,0.235927,0.336465,0.149682]]},{"db":1,"id":"MA1206.1","alt":"ARF2","len":10,"ltrim":2,"rtrim":2,"nsites":599,"url":"http://jaspar2018.genereg.net/matrix/MA1206.1","pwm":[[0.408998,0.193656,0.0834901,0.313855],[0.252096,0.101851,0.322182,0.32387],[5.14605e-05,0.659354,0.340543,5.14605e-05],[0.333886,0.640993,0.0250698,5.14605e-05],[0.186998,3.1998e-05,0.812918,5.14605e-05],[0.933118,3.1998e-05,0.0667989,5.14605e-05],[5.14605e-05,0.999865,3.1998e-05,5.14605e-05],[0.938125,0.0617917,3.1998e-05,5.14605e-05],[0.452397,0.0951751,0.218693,0.233735],[0.365599,0.14525,0.34555,0.1436]]}],"sequence_names":["chr17:78690100-78690649","chr2:223843200-223843749","chr4:131057400-131058299","chr5:53039550-53040149"],"primaries":[{"motif":{"db":0,"id":"TTTGCAYGRCAAARGGAACAGTCAGC","alt":"MEME-2","len":26,"ltrim":0,"rtrim":0,"nsites":4,"evalue":"4.6e-006","pwm":[[0.00751951,0.00467561,0.00467561,0.983129],[0.00751951,0.00467561,0.00467561,0.983129],[0.00751951,0.00467561,0.00467561,0.983129],[0.00751951,0.00467561,0.980285,0.00751951],[0.00751951,0.980285,0.00467561,0.00751951],[0.983129,0.00467561,0.00467561,0.00751951],[0.00751951,0.49248,0.00467561,0.495324],[0.00751951,0.00467561,0.980285,0.00751951],[0.495324,0.00467561,0.49248,0.00751951],[0.00751951,0.736383,0.248578,0.00751951],[0.983129,0.00467561,0.00467561,0.00751951],[0.983129,0.00467561,0.00467561,0.00751951],[0.983129,0.00467561,0.00467561,0.00751951],[0.495324,0.00467561,0.49248,0.00751951],[0.00751951,0.00467561,0.980285,0.00751951],[0.00751951,0.00467561,0.736383,0.251422],[0.983129,0.00467561,0.00467561,0.00751951],[0.983129,0.00467561,0.00467561,0.00751951],[0.00751951,0.736383,0.248578,0.00751951],[0.983129,0.00467561,0.00467561,0.00751951],[0.00751951,0.00467561,0.980285,0.00751951],[0.00751951,0.00467561,0.248578,0.739227],[0.00751951,0.736383,0.248578,0.00751951],[0.983129,0.00467561,0.00467561,0.00751951],[0.251422,0.00467561,0.736383,0.00751951],[0.00751951,0.736383,0.248578,0.00751951]]},"secondaries":[[{"idx":5,"counts":[[0,0,0,0,0,0,0,0,0,0,0,0,0,0,0,0,0,0,0,0,0,0,0,0,0,0,0,0,0,0,0,0,0,0,0,0,0,0,0,0,0,0,0,0,0,0,0,0,0,0,0,0,0,0,0,0,0,0,0,0,0,0,0,0,0,0,0,0,0,0,0,0,0,0,0,0,0,0,0,0,0,0,0,0,0,0,0,0,0,0,0,0,0,0,0,0,0,0,0,0,0,0,0,0,0,0,0,0,0,0,0,0,0,0,0,0,0,0,0,0,0,0,0,0,0,0,0,0,0,0,0,0,0,0,0,0,0,0,0,0,0,0,0,0,0],[0,0,0,3,0,0,0,0,0,0,0,0,0,0,0,0,0,0,0,0,0,0,0,0,0,0,0,0,0,0,0,0,0,0,0,0,0,0,0,0,0,0,0,0,0,0,0,0,0,0,0,0,0,0,0,0,0,0,0,0,0,0,0,0,0,0,0,0,0,0,0,0,0,0,0,0,0,0,0,0,0,0,0,0,0,0,0,0,0,0,0,0,0,0,0,0,0,0,0,0,0,0,0,0,0,0,0,0,0,0,0,0,0,0,0,0,0,0,0,0,0,0,0,0,0,0,0,0,0,0,0,0,0,0,0,0,0,0,0,0,0,0,0,0,0],[0,0,0,0,0,0,0,0,0,0,0,0,0,0,0,0,0,0,0,0,0,0,0,0,0,0,0,0,0,0,0,0,0,0,0,0,0,0,0,0,0,0,0,0,0,0,0,0,0,0,0,0,0,0,0,0,0,0,0,0,0,0,0,0,0,0,0,0,0,0,0,0,0,0,0,0,0,0,0,0,0,0,0,0,0,0,0,0,0,0,0,0,0,0,0,0,0,0,0,0,0,0,0,0,0,0,0,0,0,0,0,0,0,0,0,0,0,0,0,0,0,0,0,0,0,0,0,0,0,0,0,0,0,0,0,0,0,0,0,0,0,0,0,0,0],[0,0,0,0,0,0,0,0,0,0,0,0,0,0,0,0,0,0,0,0,0,0,0,0,0,0,0,0,0,0,0,0,0,0,0,0,0,0,0,0,0,0,0,0,0,0,0,0,0,0,0,0,0,0,0,0,0,0,0,0,0,0,0,0,0,0,0,0,0,0,0,0,0,0,0,0,0,0,0,0,0,0,0,0,0,0,0,0,0,0,0,0,0,0,0,0,0,0,0,0,0,0,0,0,0,0,0,0,0,0,0,0,0,0,0,0,0,0,0,0,0,0,0,0,0,0,0,0,0,0,0,0,0,0,0,0,0,0,0,0,0,0,0,0,0]],"spacings":[{"orient":1,"bin":3,"pvalue":5.23278e-09,"inferred_pwm":[[0,0,1,0],[0,0,0,1],[1,0,0,0],[1,0,0,0],[1,0,0,0],[0,1,0,0],[1,0,0,0]],"alignment_pwm":[null,[[0.333333,0.666667,0,0],[0,0.333333,0,0.666667],[0,0.333333,0,0.666667],[0.666667,0,0,0.333333],[1,0,0,0],[0.333333,0,0,0.666667],[0,0,0,1],[0.333333,0,0,0.666667],[1,0,0,0],[1,0,0,0],[0.333333,0.666667,0,0],[0,0.666667,0,0.333333],[0.666667,0,0,0.333333],[1,0,0,0],[1,0,0,0],[0,0,1,0],[0.333333,0,0.666667,0],[0.333333,0.333333,0.333333,0],[0,0.666667,0.333333,0],[0,0,0,1],[0,0,0,1],[0,0,0,1],[0,0,0,1],[0,0,1,0],[0,1,0,0],[1,0,0,0],[0,0.666667,0,0.333333],[0,0,1,0],[0.333333,0,0.666667,0],[0,1,0,0],[1,0,0,0],[1,0,0,0],[1,0,0,0],[0.666667,0,0.333333,0],[0,0,1,0],[0,0,1,0],[1,0,0,0],[1,0,0,0],[0,1,0,0],[1,0,0,0],[0,0,1,0],[0,0,0,1],[0,1,0,0],[1,0,0,0],[0,0,1,0],[0,1,0,0],[1,0,0,0],[0,0,1,0],[1,0,0,0],[0,0,1,0],[0,0,0,1],[1,0,0,0],[1,0,0,0],[1,0,0,0],[0,1,0,0],[1,0,0,0],[0,0,1,0],[1,0,0,0],[0,1,0,0],[1,0,0,0],[1,0,0,0],[0,1,0,0],[0,1,0,0],[0.333333,0.666667,0,0],[0.666667,0.333333,0,0],[0.666667,0.333333,0,0]],null,null],"seqs":[0,2,3]},{"orient":6,"bin":3,"pvalue":4.18622e-08,"inferred_pwm":[[0,0,1,0],[0,0,0,1],[1,0,0,0],[1,0,0,0],[1,0,0,0],[0,1,0,0],[1,0,0,0]],"alignment_pwm":[null,[[0.333333,0.666667,0,0],[0,0.333333,0,0.666667],[0,0.333333,0,0.666667],[0.666667,0,0,0.333333],[1,0,0,0],[0.333333,0,0,0.666667],[0,0,0,1],[0.333333,0,0,0.666667],[1,0,0,0],[1,0,0,0],[0.333333,0.666667,0,0],[0,0.666667,0,0.333333],[0.666667,0,0,0.333333],[1,0,0,0],[1,0,0,0],[0,0,1,0],[0.333333,0,0.666667,0],[0.333333,0.333333,0.333333,0],[0,0.666667,0.333333,0],[0,0,0,1],[0,0,0,1],[0,0,0,1],[0,0,0,1],[0,0,1,0],[0,1,0,0],[1,0,0,0],[0,0.666667,0,0.333333],[0,0,1,0],[0.333333,0,0.666667,0],[0,1,0,0],[1,0,0,0],[1,0,0,0],[1,0,0,0],[0.666667,0,0.333333,0],[0,0,1,0],[0,0,1,0],[1,0,0,0],[1,0,0,0],[0,1,0,0],[1,0,0,0],[0,0,1,0],[0,0,0,1],[0,1,0,0],[1,0,0,0],[0,0,1,0],[0,1,0,0],[1,0,0,0],[0,0,1,0],[1,0,0,0],[0,0,1,0],[0,0,0,1],[1,0,0,0],[1,0,0,0],[1,0,0,0],[0,1,0,0],[1,0,0,0],[0,0,1,0],[1,0,0,0],[0,1,0,0],[1,0,0,0],[1,0,0,0],[0,1,0,0],[0,1,0,0],[0.333333,0.666667,0,0],[0.666667,0.333333,0,0],[0.666667,0.333333,0,0]],null,null],"seqs":[0,2,3]},{"orient":7,"bin":3,"pvalue":4.18622e-08,"inferred_pwm":[[0,0,1,0],[0,0,0,1],[1,0,0,0],[1,0,0,0],[1,0,0,0],[0,1,0,0],[1,0,0,0]],"alignment_pwm":[null,[[0.333333,0.666667,0,0],[0,0.333333,0,0.666667],[0,0.333333,0,0.666667],[0.666667,0,0,0.333333],[1,0,0,0],[0.333333,0,0,0.666667],[0,0,0,1],[0.333333,0,0,0.666667],[1,0,0,0],[1,0,0,0],[0.333333,0.666667,0,0],[0,0.666667,0,0.333333],[0.666667,0,0,0.333333],[1,0,0,0],[1,0,0,0],[0,0,1,0],[0.333333,0,0.666667,0],[0.333333,0.333333,0.333333,0],[0,0.666667,0.333333,0],[0,0,0,1],[0,0,0,1],[0,0,0,1],[0,0,0,1],[0,0,1,0],[0,1,0,0],[1,0,0,0],[0,0.666667,0,0.333333],[0,0,1,0],[0.333333,0,0.666667,0],[0,1,0,0],[1,0,0,0],[1,0,0,0],[1,0,0,0],[0.666667,0,0.333333,0],[0,0,1,0],[0,0,1,0],[1,0,0,0],[1,0,0,0],[0,1,0,0],[1,0,0,0],[0,0,1,0],[0,0,0,1],[0,1,0,0],[1,0,0,0],[0,0,1,0],[0,1,0,0],[1,0,0,0],[0,0,1,0],[1,0,0,0],[0,0,1,0],[0,0,0,1],[1,0,0,0],[1,0,0,0],[1,0,0,0],[0,1,0,0],[1,0,0,0],[0,0,1,0],[1,0,0,0],[0,1,0,0],[1,0,0,0],[1,0,0,0],[0,1,0,0],[0,1,0,0],[0.333333,0.666667,0,0],[0.666667,0.333333,0,0],[0.666667,0.333333,0,0]],null,null],"seqs":[0,2,3]},{"orient":8,"bin":3,"pvalue":3.34898e-07,"inferred_pwm":[[0,0,1,0],[0,0,0,1],[1,0,0,0],[1,0,0,0],[1,0,0,0],[0,1,0,0],[1,0,0,0]],"alignment_pwm":[null,[[0.333333,0.666667,0,0],[0,0.333333,0,0.666667],[0,0.333333,0,0.666667],[0.666667,0,0,0.333333],[1,0,0,0],[0.333333,0,0,0.666667],[0,0,0,1],[0.333333,0,0,0.666667],[1,0,0,0],[1,0,0,0],[0.333333,0.666667,0,0],[0,0.666667,0,0.333333],[0.666667,0,0,0.333333],[1,0,0,0],[1,0,0,0],[0,0,1,0],[0.333333,0,0.666667,0],[0.333333,0.333333,0.333333,0],[0,0.666667,0.333333,0],[0,0,0,1],[0,0,0,1],[0,0,0,1],[0,0,0,1],[0,0,1,0],[0,1,0,0],[1,0,0,0],[0,0.666667,0,0.333333],[0,0,1,0],[0.333333,0,0.666667,0],[0,1,0,0],[1,0,0,0],[1,0,0,0],[1,0,0,0],[0.666667,0,0.333333,0],[0,0,1,0],[0,0,1,0],[1,0,0,0],[1,0,0,0],[0,1,0,0],[1,0,0,0],[0,0,1,0],[0,0,0,1],[0,1,0,0],[1,0,0,0],[0,0,1,0],[0,1,0,0],[1,0,0,0],[0,0,1,0],[1,0,0,0],[0,0,1,0],[0,0,0,1],[1,0,0,0],[1,0,0,0],[1,0,0,0],[0,1,0,0],[1,0,0,0],[0,0,1,0],[1,0,0,0],[0,1,0,0],[1,0,0,0],[1,0,0,0],[0,1,0,0],[0,1,0,0],[0.333333,0.666667,0,0],[0.666667,0.333333,0,0],[0.666667,0.333333,0,0]],null,null],"seqs":[0,2,3]}]}],[{"idx":12,"counts":[[0,0,0,0,0,0,0,0,0,0,0,0,0,0,0,0,0,0,0,0,0,0,0,0,0,0,0,0,0,0,0,0,0,0,0,0,0,0,0,0,0,0,0,0,0,0,0,0,0,0,0,0,0,0,0,0,0,0,0,0,0,0,0,0,0,0,0,0,0,0,0,0,0,0,0,0,0,0,0,0,0,0,0,0,0,0,0,0,0,0,0,0,0,0,0,0,0,0,0,0,0,0,0,0,0,0,0,0,0,0,0,0,0,0,0,0,0,0,0,0,0,0,0,0,0,0,0,0,0,0,0,0,0,0,0,0,0,0,0,0,0,0,0,0,0],[0,0,0,3,0,0,0,0,0,0,0,0,0,0,0,0,0,0,0,0,0,0,0,0,0,0,0,0,0,0,0,0,0,0,0,0,0,0,0,0,0,0,0,0,0,0,0,0,0,0,0,0,0,0,0,0,0,0,0,0,0,0,0,0,0,0,0,0,0,0,0,0,0,0,0,0,0,0,0,0,0,0,0,0,0,0,0,0,0,0,0,0,0,0,0,0,0,0,0,0,0,0,0,0,0,0,0,0,0,0,0,0,0,0,0,0,0,0,0,0,0,0,0,0,0,0,0,0,0,0,0,0,0,0,0,0,0,0,0,0,0,0,0,0,0],[0,0,0,0,0,0,0,0,0,0,0,0,0,0,0,0,0,0,0,0,0,0,0,0,0,0,0,0,0,0,0,0,0,0,0,0,0,0,0,0,0,0,0,0,0,0,0,0,0,0,0,0,0,0,0,0,0,0,0,0,0,0,0,0,0,0,0,0,0,0,0,0,0,0,0,0,0,0,0,0,0,0,0,0,0,0,0,0,0,0,0,0,0,0,0,0,0,0,0,0,0,0,0,0,0,0,0,0,0,0,0,0,0,0,0,0,0,0,0,0,0,0,0,0,0,0,0,0,0,0,0,0,0,0,0,0,0,0,0,0,0,0,0,0,0],[0,0,0,0,0,0,0,0,0,0,0,0,0,0,0,0,0,0,0,0,0,0,0,0,0,0,0,0,0,0,0,0,0,0,0,0,0,0,0,0,0,0,0,0,0,0,0,0,0,0,0,0,0,0,0,0,0,0,0,0,0,0,0,0,0,0,0,0,0,0,0,0,0,0,0,0,0,0,0,0,0,0,0,0,0,0,0,0,0,0,0,0,0,0,0,0,0,0,0,0,0,0,0,0,0,0,0,0,0,0,0,0,0,0,0,0,0,0,0,0,0,0,0,0,0,0,0,0,0,0,0,0,0,0,0,0,0,0,0,0,0,0,0,0,0]],"spacings":[{"orient":1,"bin":3,"pvalue":5.23278e-09,"inferred_pwm":[[0,0,1,0],[0,0,0,1],[1,0,0,0],[1,0,0,0],[1,0,0,0],[0,1,0,0],[1,0,0,0]],"alignment_pwm":[null,[[0.333333,0.666667,0,0],[0,0.333333,0,0.666667],[0,0.333333,0,0.666667],[0.666667,0,0,0.333333],[1,0,0,0],[0.333333,0,0,0.666667],[0,0,0,1],[0.333333,0,0,0.666667],[1,0,0,0],[1,0,0,0],[0.333333,0.666667,0,0],[0,0.666667,0,0.333333],[0.666667,0,0,0.333333],[1,0,0,0],[1,0,0,0],[0,0,1,0],[0.333333,0,0.666667,0],[0.333333,0.333333,0.333333,0],[0,0.666667,0.333333,0],[0,0,0,1],[0,0,0,1],[0,0,0,1],[0,0,0,1],[0,0,1,0],[0,1,0,0],[1,0,0,0],[0,0.666667,0,0.333333],[0,0,1,0],[0.333333,0,0.666667,0],[0,1,0,0],[1,0,0,0],[1,0,0,0],[1,0,0,0],[0.666667,0,0.333333,0],[0,0,1,0],[0,0,1,0],[1,0,0,0],[1,0,0,0],[0,1,0,0],[1,0,0,0],[0,0,1,0],[0,0,0,1],[0,1,0,0],[1,0,0,0],[0,0,1,0],[0,1,0,0],[1,0,0,0],[0,0,1,0],[1,0,0,0],[0,0,1,0],[0,0,0,1],[1,0,0,0],[1,0,0,0],[1,0,0,0],[0,1,0,0],[1,0,0,0],[0,0,1,0],[1,0,0,0],[0,1,0,0],[1,0,0,0],[1,0,0,0],[0,1,0,0],[0,1,0,0],[0.333333,0.666667,0,0],[0.666667,0.333333,0,0],[0.666667,0.333333,0,0]],null,null],"seqs":[0,2,3]},{"orient":6,"bin":3,"pvalue":4.18622e-08,"inferred_pwm":[[0,0,1,0],[0,0,0,1],[1,0,0,0],[1,0,0,0],[1,0,0,0],[0,1,0,0],[1,0,0,0]],"alignment_pwm":[null,[[0.333333,0.666667,0,0],[0,0.333333,0,0.666667],[0,0.333333,0,0.666667],[0.666667,0,0,0.333333],[1,0,0,0],[0.333333,0,0,0.666667],[0,0,0,1],[0.333333,0,0,0.666667],[1,0,0,0],[1,0,0,0],[0.333333,0.666667,0,0],[0,0.666667,0,0.333333],[0.666667,0,0,0.333333],[1,0,0,0],[1,0,0,0],[0,0,1,0],[0.333333,0,0.666667,0],[0.333333,0.333333,0.333333,0],[0,0.666667,0.333333,0],[0,0,0,1],[0,0,0,1],[0,0,0,1],[0,0,0,1],[0,0,1,0],[0,1,0,0],[1,0,0,0],[0,0.666667,0,0.333333],[0,0,1,0],[0.333333,0,0.666667,0],[0,1,0,0],[1,0,0,0],[1,0,0,0],[1,0,0,0],[0.666667,0,0.333333,0],[0,0,1,0],[0,0,1,0],[1,0,0,0],[1,0,0,0],[0,1,0,0],[1,0,0,0],[0,0,1,0],[0,0,0,1],[0,1,0,0],[1,0,0,0],[0,0,1,0],[0,1,0,0],[1,0,0,0],[0,0,1,0],[1,0,0,0],[0,0,1,0],[0,0,0,1],[1,0,0,0],[1,0,0,0],[1,0,0,0],[0,1,0,0],[1,0,0,0],[0,0,1,0],[1,0,0,0],[0,1,0,0],[1,0,0,0],[1,0,0,0],[0,1,0,0],[0,1,0,0],[0.333333,0.666667,0,0],[0.666667,0.333333,0,0],[0.666667,0.333333,0,0]],null,null],"seqs":[0,2,3]},{"orient":7,"bin":3,"pvalue":4.18622e-08,"inferred_pwm":[[0,0,1,0],[0,0,0,1],[1,0,0,0],[1,0,0,0],[1,0,0,0],[0,1,0,0],[1,0,0,0]],"alignment_pwm":[null,[[0.333333,0.666667,0,0],[0,0.333333,0,0.666667],[0,0.333333,0,0.666667],[0.666667,0,0,0.333333],[1,0,0,0],[0.333333,0,0,0.666667],[0,0,0,1],[0.333333,0,0,0.666667],[1,0,0,0],[1,0,0,0],[0.333333,0.666667,0,0],[0,0.666667,0,0.333333],[0.666667,0,0,0.333333],[1,0,0,0],[1,0,0,0],[0,0,1,0],[0.333333,0,0.666667,0],[0.333333,0.333333,0.333333,0],[0,0.666667,0.333333,0],[0,0,0,1],[0,0,0,1],[0,0,0,1],[0,0,0,1],[0,0,1,0],[0,1,0,0],[1,0,0,0],[0,0.666667,0,0.333333],[0,0,1,0],[0.333333,0,0.666667,0],[0,1,0,0],[1,0,0,0],[1,0,0,0],[1,0,0,0],[0.666667,0,0.333333,0],[0,0,1,0],[0,0,1,0],[1,0,0,0],[1,0,0,0],[0,1,0,0],[1,0,0,0],[0,0,1,0],[0,0,0,1],[0,1,0,0],[1,0,0,0],[0,0,1,0],[0,1,0,0],[1,0,0,0],[0,0,1,0],[1,0,0,0],[0,0,1,0],[0,0,0,1],[1,0,0,0],[1,0,0,0],[1,0,0,0],[0,1,0,0],[1,0,0,0],[0,0,1,0],[1,0,0,0],[0,1,0,0],[1,0,0,0],[1,0,0,0],[0,1,0,0],[0,1,0,0],[0.333333,0.666667,0,0],[0.666667,0.333333,0,0],[0.666667,0.333333,0,0]],null,null],"seqs":[0,2,3]},{"orient":8,"bin":3,"pvalue":3.34898e-07,"inferred_pwm":[[0,0,1,0],[0,0,0,1],[1,0,0,0],[1,0,0,0],[1,0,0,0],[0,1,0,0],[1,0,0,0]],"alignment_pwm":[null,[[0.333333,0.666667,0,0],[0,0.333333,0,0.666667],[0,0.333333,0,0.666667],[0.666667,0,0,0.333333],[1,0,0,0],[0.333333,0,0,0.666667],[0,0,0,1],[0.333333,0,0,0.666667],[1,0,0,0],[1,0,0,0],[0.333333,0.666667,0,0],[0,0.666667,0,0.333333],[0.666667,0,0,0.333333],[1,0,0,0],[1,0,0,0],[0,0,1,0],[0.333333,0,0.666667,0],[0.333333,0.333333,0.333333,0],[0,0.666667,0.333333,0],[0,0,0,1],[0,0,0,1],[0,0,0,1],[0,0,0,1],[0,0,1,0],[0,1,0,0],[1,0,0,0],[0,0.666667,0,0.333333],[0,0,1,0],[0.333333,0,0.666667,0],[0,1,0,0],[1,0,0,0],[1,0,0,0],[1,0,0,0],[0.666667,0,0.333333,0],[0,0,1,0],[0,0,1,0],[1,0,0,0],[1,0,0,0],[0,1,0,0],[1,0,0,0],[0,0,1,0],[0,0,0,1],[0,1,0,0],[1,0,0,0],[0,0,1,0],[0,1,0,0],[1,0,0,0],[0,0,1,0],[1,0,0,0],[0,0,1,0],[0,0,0,1],[1,0,0,0],[1,0,0,0],[1,0,0,0],[0,1,0,0],[1,0,0,0],[0,0,1,0],[1,0,0,0],[0,1,0,0],[1,0,0,0],[1,0,0,0],[0,1,0,0],[0,1,0,0],[0.333333,0.666667,0,0],[0.666667,0.333333,0,0],[0.666667,0.333333,0,0]],null,null],"seqs":[0,2,3]}]}],[{"idx":32,"counts":[[0,0,0,0,0,0,0,0,0,0,0,0,0,0,0,0,0,0,0,0,0,0,0,0,0,0,0,0,0,0,0,0,0,0,0,0,0,0,0,0,0,0,0,0,0,0,0,0,0,0,0,0,0,0,0,0,0,0,0,0,0,0,0,0,0,0,0,0,0,0,0,0,0,0,0,0,0,0,0,0,0,0,0,0,0,0,0,0,0,0,0,0,0,0,0,0,0,0,0,0,0,0,0,0,0,0,0,0,0,0,0,0,0,0,0,0,0,0,0,0,0,0,0,0,0,0,0,0,0,0,0,0,0,0,0,0,0,0,0,0,0,0,0,0,0],[0,0,0,0,0,0,0,3,0,0,0,0,0,0,0,0,0,0,0,0,0,0,0,0,0,0,0,0,0,0,0,0,0,0,0,0,0,0,0,0,0,0,0,0,0,0,0,0,0,0,0,0,0,0,0,0,0,0,0,0,0,0,0,0,0,0,0,0,0,0,0,0,0,0,0,0,0,0,0,0,0,0,0,0,0,0,0,0,0,0,0,0,0,0,0,0,0,0,0,0,0,0,0,0,0,0,0,0,0,0,0,0,0,0,0,0,0,0,0,0,0,0,0,0,0,0,0,0,0,0,0,0,0,0,0,0,0,0,0,0,0,0,0,0,0],[0,0,0,0,0,0,0,0,0,0,0,0,0,0,0,0,0,0,0,0,0,0,0,0,0,0,0,0,0,0,0,0,0,0,0,0,0,0,0,0,0,0,0,0,0,0,0,0,0,0,0,0,0,0,0,0,0,0,0,0,0,0,0,0,0,0,0,0,0,0,0,0,0,0,0,0,0,0,0,0,0,0,0,0,0,0,0,0,0,0,0,0,0,0,0,0,0,0,0,0,0,0,0,0,0,0,0,0,0,0,0,0,0,0,0,0,0,0,0,0,0,0,0,0,0,0,0,0,0,0,0,0,0,0,0,0,0,0,0,0,0,0,0,0,0],[0,0,0,0,0,0,0,0,0,0,0,0,0,0,0,0,0,0,0,0,0,0,0,0,0,0,0,0,0,0,0,0,0,0,0,0,0,0,0,0,0,0,0,0,0,0,0,0,0,0,0,0,0,0,0,0,0,0,0,0,0,0,0,0,0,0,0,0,0,0,0,0,0,0,0,0,0,0,0,0,0,0,0,0,0,0,0,0,0,0,0,0,0,0,0,0,0,0,0,0,0,0,0,0,0,0,0,0,0,0,0,0,0,0,0,0,0,0,0,0,0,0,0,0,0,0,0,0,0,0,0,0,0,0,0,0,0,0,0,0,0,0,0,0,0]],"spacings":[{"orient":1,"bin":7,"pvalue":5.23278e-09,"inferred_pwm":[[1,0,0,0],[0,1,0,0],[1,0,0,0],[0,0,1,0],[1,0,0,0],[0,1,0,0],[1,0,0,0]],"alignment_pwm":[null,[[0,0,0.666667,0.333333],[0,0,1,0],[0,0,1,0],[0.666667,0,0.333333,0],[0.333333,0.666667,0,0],[0,0.333333,0,0.666667],[0,0.333333,0,0.666667],[0.666667,0,0,0.333333],[1,0,0,0],[0.333333,0,0,0.666667],[0,0,0,1],[0.333333,0,0,0.666667],[1,0,0,0],[1,0,0,0],[0.333333,0.666667,0,0],[0,0.666667,0,0.333333],[0.666667,0,0,0.333333],[1,0,0,0],[1,0,0,0],[0,0,1,0],[0.333333,0,0.666667,0],[0.333333,0.333333,0.333333,0],[0,0.666667,0.333333,0],[0,0,0,1],[0,0,0,1],[0,0,0,1],[0,0,0,1],[0,0,1,0],[0,1,0,0],[1,0,0,0],[0,0.666667,0,0.333333],[0,0,1,0],[0.333333,0,0.666667,0],[0,1,0,0],[1,0,0,0],[1,0,0,0],[1,0,0,0],[0.666667,0,0.333333,0],[0,0,1,0],[0,0,1,0],[1,0,0,0],[1,0,0,0],[0,1,0,0],[1,0,0,0],[0,0,1,0],[0,0,0,1],[0,1,0,0],[1,0,0,0],[0,0,1,0],[0,1,0,0],[1,0,0,0],[0,0,1,0],[1,0,0,0],[0,0,1,0],[0,0,0,1],[1,0,0,0],[1,0,0,0],[1,0,0,0],[0,1,0,0],[1,0,0,0],[0,0,1,0],[1,0,0,0],[0,1,0,0],[1,0,0,0],[1,0,0,0],[0,1,0,0],[0,1,0,0],[0.333333,0.666667,0,0],[0.666667,0.333333,0,0],[0.666667,0.333333,0,0],[0.666667,0,0.333333,0],[0.333333,0,0.333333,0.333333],[0.333333,0,0.333333,0.333333],[0,0,0.333333,0.666667]],null,null],"seqs":[0,2,3]},{"orient":6,"bin":7,"pvalue":4.18622e-08,"inferred_pwm":[[1,0,0,0],[0,1,0,0],[1,0,0,0],[0,0,1,0],[1,0,0,0],[0,1,0,0],[1,0,0,0]],"alignment_pwm":[null,[[0,0,0.666667,0.333333],[0,0,1,0],[0,0,1,0],[0.666667,0,0.333333,0],[0.333333,0.666667,0,0],[0,0.333333,0,0.666667],[0,0.333333,0,0.666667],[0.666667,0,0,0.333333],[1,0,0,0],[0.333333,0,0,0.666667],[0,0,0,1],[0.333333,0,0,0.666667],[1,0,0,0],[1,0,0,0],[0.333333,0.666667,0,0],[0,0.666667,0,0.333333],[0.666667,0,0,0.333333],[1,0,0,0],[1,0,0,0],[0,0,1,0],[0.333333,0,0.666667,0],[0.333333,0.333333,0.333333,0],[0,0.666667,0.333333,0],[0,0,0,1],[0,0,0,1],[0,0,0,1],[0,0,0,1],[0,0,1,0],[0,1,0,0],[1,0,0,0],[0,0.666667,0,0.333333],[0,0,1,0],[0.333333,0,0.666667,0],[0,1,0,0],[1,0,0,0],[1,0,0,0],[1,0,0,0],[0.666667,0,0.333333,0],[0,0,1,0],[0,0,1,0],[1,0,0,0],[1,0,0,0],[0,1,0,0],[1,0,0,0],[0,0,1,0],[0,0,0,1],[0,1,0,0],[1,0,0,0],[0,0,1,0],[0,1,0,0],[1,0,0,0],[0,0,1,0],[1,0,0,0],[0,0,1,0],[0,0,0,1],[1,0,0,0],[1,0,0,0],[1,0,0,0],[0,1,0,0],[1,0,0,0],[0,0,1,0],[1,0,0,0],[0,1,0,0],[1,0,0,0],[1,0,0,0],[0,1,0,0],[0,1,0,0],[0.333333,0.666667,0,0],[0.666667,0.333333,0,0],[0.666667,0.333333,0,0],[0.666667,0,0.333333,0],[0.333333,0,0.333333,0.333333],[0.333333,0,0.333333,0.333333],[0,0,0.333333,0.666667]],null,null],"seqs":[0,2,3]},{"orient":7,"bin":7,"pvalue":4.18622e-08,"inferred_pwm":[[1,0,0,0],[0,1,0,0],[1,0,0,0],[0,0,1,0],[1,0,0,0],[0,1,0,0],[1,0,0,0]],"alignment_pwm":[null,[[0,0,0.666667,0.333333],[0,0,1,0],[0,0,1,0],[0.666667,0,0.333333,0],[0.333333,0.666667,0,0],[0,0.333333,0,0.666667],[0,0.333333,0,0.666667],[0.666667,0,0,0.333333],[1,0,0,0],[0.333333,0,0,0.666667],[0,0,0,1],[0.333333,0,0,0.666667],[1,0,0,0],[1,0,0,0],[0.333333,0.666667,0,