<!DOCTYPE HTML>
<html>
  <head>
    <meta charset="UTF-8">
    <title>SpaMo - Spaced Motif Analysis</title>
    <script type="text/javascript">
      //@JSON_VAR data
      var data = {"program":"SpaMo","version":"4.12.0","revision":"aacc9c3eb8c7b460b344d5c8aa1458097dae704d","release":"Tue Jun 27 16:22:50 2017 -0700","host":"Sudins-iMac.local","when":"Thu May 24 17:09:19 2018","cmd":["spamo","-verbosity","1","-oc","results/AHRpeaks_oneAHRE.bed.fa/hocomoco/spamo_out_2","-bgfile","results/AHRpeaks_oneAHRE.bed.fa/hocomoco/background","-primary","AAAMAAARWAAAWAAA","results/AHRpeaks_oneAHRE.bed.fa/hocomoco/AHRpeaks_oneAHRE.bed.fa","results/AHRpeaks_oneAHRE.bed.fa/hocomoco/meme_out/meme.xml","results/AHRpeaks_oneAHRE.bed.fa/hocomoco/meme_out/meme.xml","results/AHRpeaks_oneAHRE.bed.fa/hocomoco/dreme_out/dreme.xml","/Users/filipov4/meme/db/motif_databases/HUMAN/HOCOMOCOv11_full_HUMAN_mono_meme_format.meme"],"options":{"seq_min_hit_score":7,"margin":150,"bin_size":1,"bin_pvalue_calc_range":150,"use_best_secondary":0,"seq_max_shared_fract":0.5,"seq_odds_ratio":20,"bin_pvalue_cutoff":0.05,"motif_evalue_cutoff":10,"redundant_overlap":2,"redundant_joint":0.5,"motif_pseudocount":0.1,"bgfile":"results/AHRpeaks_oneAHRE.bed.fa/hocomoco/background","motif_trim":0.25,"xalph":0,"seed":1,"bin_max":12},"alphabet":{"name":"DNA","like":"dna","ncore":4,"symbols":[{"symbol":"A","name":"Adenine","colour":"CC0000","complement":"T"},{"symbol":"C","name":"Cytosine","colour":"0000CC","complement":"G"},{"symbol":"G","name":"Guanine","colour":"FFB300","complement":"C"},{"symbol":"T","aliases":"U","name":"Thymine","colour":"008000","complement":"A"},{"symbol":"N","aliases":"X.","name":"Any base","equals":"ACGT"},{"symbol":"V","name":"Not T","equals":"ACG"},{"symbol":"H","name":"Not G","equals":"ACT"},{"symbol":"D","name":"Not C","equals":"AGT"},{"symbol":"B","name":"Not A","equals":"CGT"},{"symbol":"M","name":"Amino","equals":"AC"},{"symbol":"R","name":"Purine","equals":"AG"},{"symbol":"W","name":"Weak","equals":"AT"},{"symbol":"S","name":"Strong","equals":"CG"},{"symbol":"Y","name":"Pyrimidine","equals":"CT"},{"symbol":"K","name":"Keto","equals":"GT"}]},"background":[0.2754,0.2246,0.2246,0.2754],"sequence_dbs":[{"source":"results/AHRpeaks_oneAHRE.bed.fa/hocomoco/AHRpeaks_oneAHRE.bed.fa","name":"AHRpeaks_oneAHRE.bed","last_modified":"Thu May 24 11:14:28 2018","loaded":843,"excluded_too_short":1,"excluded_no_match":515,"excluded_ambigs":0,"excluded_similar":4,"erased_primary_matches":787}],"primary_dbs":[{"source":"results/AHRpeaks_oneAHRE.bed.fa/hocomoco/meme_out/meme.xml","name":"meme.xml","last_modified":"Thu May 24 17:08:03 2018","loaded":6,"excluded":5}],"secondary_dbs":[{"source":"results/AHRpeaks_oneAHRE.bed.fa/hocomoco/meme_out/meme.xml","name":"meme.xml","last_modified":"Thu May 24 17:08:03 2018","loaded":7,"excluded":1},{"source":"results/AHRpeaks_oneAHRE.bed.fa/hocomoco/dreme_out/dreme.xml","name":"dreme.xml","last_modified":"Thu May 24 17:08:39 2018","loaded":7,"excluded":0},{"source":"/Users/filipov4/meme/db/motif_databases/HUMAN/HOCOMOCOv11_full_HUMAN_mono_meme_format.meme","name":"HOCOMOCOv11_full_HUMAN_mono_meme_format","last_modified":"Wed Dec  6 21:59:30 2017","loaded":771,"excluded":0}],"secondary_motifs":[{"db":0,"id":"CTCTGTCACSCAGGCTGGARTGCAGTGGCG","alt":"MEME-6","len":30,"ltrim":0,"rtrim":0,"nsites":5,"evalue":"7.6e-006","pwm":[[0.0054,0.984796,0.00440392,0.0054],[0.0054,0.00440392,0.00440392,0.985792],[0.0054,0.788718,0.200482,0.0054],[0.0054,0.00440392,0.00440392,0.985792],[0.0054,0.00440392,0.984796,0.0054],[0.0054,0.200482,0.00440392,0.789714],[0.0054,0.788718,0.00440392,0.201478],[0.789714,0.00440392,0.200482,0.0054],[0.0054,0.788718,0.00440392,0.201478],[0.0054,0.592639,0.396561,0.0054],[0.201478,0.592639,0.00440392,0.201478],[0.789714,0.00440392,0.200482,0.0054],[0.0054,0.00440392,0.984796,0.0054],[0.201478,0.00440392,0.788718,0.0054],[0.0054,0.788718,0.00440392,0.201478],[0.0054,0.00440392,0.00440392,0.985792],[0.0054,0.00440392,0.984796,0.0054],[0.201478,0.00440392,0.788718,0.0054],[0.985792,0.00440392,0.00440392,0.0054],[0.397557,0.00440392,0.592639,0.0054],[0.0054,0.00440392,0.00440392,0.985792],[0.0054,0.00440392,0.984796,0.0054],[0.0054,0.984796,0.00440392,0.0054],[0.593635,0.00440392,0.200482,0.201478],[0.0054,0.00440392,0.984796,0.0054],[0.0054,0.00440392,0.00440392,0.985792],[0.0054,0.00440392,0.984796,0.0054],[0.201478,0.00440392,0.788718,0.0054],[0.0054,0.592639,0.200482,0.201478],[0.201478,0.00440392,0.788718,0.0054]]},{"db":0,"id":"GARCCCAGGARRSRGWGGWKGCASTGAGSC","alt":"MEME-4","len":30,"ltrim":0,"rtrim":0,"nsites":14,"evalue":"4.0e-009","pwm":[[0.143797,0.214359,0.639891,0.00195319],[0.640251,0.143437,0.143437,0.0728756],[0.427485,0.0725153,0.427124,0.0728756],[0.00195319,0.923578,0.0725153,0.00195319],[0.143797,0.781734,0.0725153,0.00195319],[0.00195319,0.781734,0.143437,0.0728756],[0.711173,0.0725153,0.214359,0.00195319],[0.00195319,0.00159291,0.923578,0.0728756],[0.143797,0.143437,0.710813,0.00195319],[0.640251,0.214359,0.0725153,0.0728756],[0.356563,0.00159291,0.568969,0.0728756],[0.356563,0.00159291,0.639891,0.00195319],[0.0728756,0.568969,0.285281,0.0728756],[0.285641,0.143437,0.427124,0.143797],[0.00195319,0.00159291,0.923578,0.0728756],[0.56933,0.00159291,0.143437,0.285641],[0.285641,0.0725153,0.639891,0.00195319],[0.143797,0.143437,0.639891,0.0728756],[0.498407,0.0725153,0.143437,0.285641],[0.0728756,0.00159291,0.427124,0.498407],[0.00195319,0.143437,0.639891,0.214719],[0.0728756,0.781734,0.143437,0.00195319],[0.923939,0.00159291,0.0725153,0.00195319],[0.00195319,0.356203,0.639891,0.00195319],[0.214719,0.214359,0.00159291,0.56933],[0.00195319,0.143437,0.781734,0.0728756],[0.923939,0.00159291,0.00159291,0.0728756],[0.00195319,0.00159291,0.923578,0.0728756],[0.143797,0.568969,0.285281,0.00195319],[0.00195319,0.781734,0.0725153,0.143797]]},{"db":0,"id":"GCCYCAGGS","alt":"MEME-1","len":9,"ltrim":0,"rtrim":0,"nsites":46,"evalue":"1.8e-010","pwm":[[0.000597397,0.000487202,0.998318,0.000597397],[0.000597397,0.998318,0.000487202,0.000597397],[0.000597397,0.998318,0.000487202,0.000597397],[0.000597397,0.499403,0.000487202,0.499513],[0.000597397,0.998318,0.000487202,0.000597397],[0.521205,0.0655627,0.195715,0.217517],[0.000597397,0.000487202,0.998318,0.000597397],[0.000597397,0.152331,0.846474,0.000597397],[0.000597397,0.542786,0.456019,0.000597397]]},{"db":2,"id":"ALX3_HUMAN.H11MO.0.D","len":11,"ltrim":0,"rtrim":0,"nsites":8236,"evalue":"1.0e+000","url":"http://hocomoco.autosome.ru/motif/ALX3_HUMAN.H11MO.0.D","pwm":[[0.0593555,0.0292879,0.0125405,0.898816],[0.935254,0.000884168,0.0127347,0.0511269],[0.99982,2.72115e-05,0.000125149,2.78283e-05],[0.000493034,0.00401818,0.000198603,0.99529],[0.006859,0.109791,0.0166522,0.866698],[0.703232,0.00166767,0.295097,3.34381e-06],[0.476896,0.0894463,0.412179,0.021478],[0.658444,0.158693,0.132124,0.0507387],[0.0224591,0.0203038,0.0188348,0.938402],[0.171225,0.0612191,0.0304666,0.737089],[0.800539,0.045626,0.0573785,0.0964564]]},{"db":2,"id":"ALX4_HUMAN.H11MO.0.D","len":12,"ltrim":1,"rtrim":0,"nsites":23223,"evalue":"1.0e+000","url":"http://hocomoco.autosome.ru/motif/ALX4_HUMAN.H11MO.0.D","pwm":[[0.166685,0.314129,0.138493,0.380693],[0.00484358,0.0016298,0.00101783,0.992509],[0.995913,0.000172106,0.000838157,0.00307705],[0.999929,1.44874e-05,4.1528e-05,1.47062e-05],[1.18589e-06,0.000342532,5.50483e-05,0.999601],[0.000334212,0.044124,0.000685521,0.954856],[0.785114,9.67141e-07,0.214884,1.18589e-06],[0.591414,0.0179943,0.389556,0.00103584],[0.952457,0.00913782,0.0295193,0.00888614],[0.00264191,0.0036308,0.00249795,0.991229],[0.0153976,0.00998498,0.00386812,0.970749],[0.980307,0.00494761,0.00543292,0.00931274]]},{"db":2,"id":"AP2B_HUMAN.H11MO.0.B","len":10,"ltrim":0,"rtrim":1,"nsites":28,"evalue":"1.0e+000","url":"http://hocomoco.autosome.ru/motif/AP2B_HUMAN.H11MO.0.B","pwm":[[0.0403651,0.000799289,0.780623,0.178213],[0.000980071,0.646714,0.244986,0.10732],[0.000980071,0.961794,0.000799289,0.0364266],[0.115197,0.571882,0.000799289,0.312122],[0.0758116,0.0362458,0.886962,0.000980071],[0.327876,0.31588,0.355265,0.000980071],[0.0718731,0.0362458,0.851516,0.0403651],[0.000980071,0.000799289,0.997241,0.000980071],[0.191013,0.123878,0.675268,0.0098417],[0.222521,0.446835,0.253848,0.0767963]]},{"db":2,"id":"AP2C_HUMAN.H11MO.0.A","len":14,"ltrim":2,"rtrim":2,"nsites":500,"evalue":"1.0e+000","url":"http://hocomoco.autosome.ru/motif/AP2C_HUMAN.H11MO.0.A","pwm":[[0.387206,0.201035,0.269558,0.142202],[0.196091,0.123619,0.166412,0.513879],[0.184615,0.0997971,0.518371,0.197217],[0.00958796,0.506983,0.471843,0.0115858],[0.00385792,0.988131,0.00795642,5.5069e-05],[0.00192292,0.951677,0.00238929,0.0440105],[0.0500603,0.131885,0.025417,0.792638],[0.0354122,4.4911e-05,0.91707,0.0474726],[0.554981,0.0254385,0.415799,0.00378098],[0.073481,4.4911e-05,0.924449,0.00202548],[5.5069e-05,4.4911e-05,0.997962,0.00193817],[0.0289808,0.618169,0.340994,0.0118567],[0.313918,0.351514,0.0971778,0.23739],[0.428245,0.170531,0.241665,0.159559]]},{"db":2,"id":"AP2D_HUMAN.H11MO.0.D","len":14,"ltrim":0,"rtrim":0,"nsites":5,"evalue":"1.0e+000","url":"http://hocomoco.autosome.ru/motif/AP2D_HUMAN.H11MO.0.D","pwm":[[0.233398,0.4832,0.232402,0.0509996],[0.0054,0.00440392,0.984796,0.0054],[0.0054,0.619999,0.186802,0.187799],[0.0054,0.984796,0.00440392,0.0054],[0.0054,0.597199,0.00440392,0.392997],[0.0054,0.00440392,0.984796,0.0054],[0.392997,0.232402,0.369201,0.0054],[0.0054,0.00440392,0.984796,0.0054],[0.0054,0.00440392,0.984796,0.0054],[0.0054,0.802398,0.186802,0.0054],[0.187799,0.232402,0.392001,0.187799],[0.0054,0.802398,0.186802,0.0054],[0.0054,0.186802,0.802398,0.0054],[0.0509996,0.232402,0.0500036,0.666595]]},{"db":2,"id":"ARX_HUMAN.H11MO.0.D","len":13,"ltrim":1,"rtrim":1,"nsites":623,"evalue":"1.0e+000","url":"http://hocomoco.autosome.ru/motif/ARX_HUMAN.H11MO.0.D","pwm":[[0.154478,0.281503,0.154446,0.409574],[0.0597536,0.0575903,0.0565127,0.826143],[0.964911,0.00488507,0.0167144,0.0134899],[0.972723,0.0040769,0.0180376,0.00516261],[0.00408505,0.0793633,0.00623202,0.91032],[0.000313588,0.406141,0.0261193,0.567426],[0.000313588,0.258563,0.001383,0.739741],[0.942012,0.001383,0.0552134,0.00139115],[0.99692,0.000305436,0.000305436,0.00246871],[0.000852369,0.000844216,0.000844216,0.997459],[0.0172614,0.00111361,0.00111361,0.980511],[0.745828,0.0825662,0.0836438,0.0879622],[0.312976,0.166539,0.370078,0.150407]]},{"db":2,"id":"BACH1_HUMAN.H11MO.0.A","len":13,"ltrim":0,"rtrim":2,"nsites":500,"evalue":"1.0e+000","url":"http://hocomoco.autosome.ru/motif/BACH1_HUMAN.H11MO.0.A","pwm":[[0.0628565,0.168176,0.0975396,0.671428],[0.00921174,0.0664199,0.922331,0.00203713],[0.0209195,0.967521,0.00396936,0.00759063],[0.0362233,0.0795781,0.0801339,0.804065],[0.00390332,0.0613514,0.890882,0.0438629],[0.802826,0.0206139,0.124518,0.0520429],[0.0133166,0.21486,0.763218,0.00860544],[0.00625465,0.0361743,0.145873,0.811698],[0.0162462,0.943687,0.0343116,0.00575501],[0.786287,0.0958325,0.0824482,0.0354327],[0.00983239,0.334257,0.256601,0.39931],[0.151633,0.265551,0.394687,0.188129],[0.10527,0.378559,0.372595,0.143576]]},{"db":2,"id":"BACH2_HUMAN.H11MO.0.A","len":11,"ltrim":0,"rtrim":1,"nsites":500,"evalue":"1.0e+000","url":"http://hocomoco.autosome.ru/motif/BACH2_HUMAN.H11MO.0.A","pwm":[[0.122031,0.0960257,0.0680313,0.713912],[0.0140523,0.0780293,0.893866,0.0140523],[0.0440463,0.92386,0.0120425,0.0200511],[0.0780395,0.0380373,0.00804331,0.87588],[0.0580435,0.0600329,0.793886,0.0880375],[0.757903,0.0380373,0.0560337,0.148025],[0.0440463,0.224,0.669911,0.0620427],[0.0100531,0.0160417,0.00804331,0.965862],[0.0600431,0.919861,0.0160417,0.00405427],[0.963862,0.0120425,0.00804331,0.0160519],[0.0560439,0.319981,0.212003,0.411973]]},{"db":2,"id":"BATF_HUMAN.H11MO.1.A","len":11,"ltrim":1,"rtrim":1,"nsites":500,"evalue":"1.0e+000","url":"http://hocomoco.autosome.ru/motif/BATF_HUMAN.H11MO.1.A","pwm":[[0.32399,0.0680313,0.391967,0.216012],[0.57394,0.218001,0.192007,0.0160519],[0.0140523,0.00404411,0.00404411,0.97786],[5.5069e-05,0.0120425,0.933858,0.0540443],[0.967862,0.0100429,0.00804331,0.0140523],[0.0100531,0.513942,0.0540341,0.421971],[0.0280495,0.0280393,0.431959,0.511953],[0.0940363,0.87587,0.0140421,0.0160519],[0.97586,0.0180413,4.4911e-05,0.00605387],[0.609933,0.0560337,0.144016,0.190017],[0.238007,0.283988,0.100025,0.377979]]},{"db":2,"id":"BHE41_HUMAN.H11MO.0.D","len":20,"ltrim":1,"rtrim":1,"nsites":10,"evalue":"1.0e+000","url":"http://hocomoco.autosome.ru/motif/BHE41_HUMAN.H11MO.0.D","pwm":[[0.382945,0.076226,0.168091,0.372738],[0.00272673,0.584035,0.410512,0.00272673],[0.298736,0.30844,0.298233,0.0945916],[0.400808,0.104296,0.49217,0.00272673],[0.104799,0.104296,0.410512,0.380393],[0.00272673,0.400305,0.49217,0.104799],[0.00272673,0.49217,0.00222376,0.50288],[0.00272673,0.992323,0.00222376,0.00272673],[0.707024,0.00222376,0.196161,0.0945916],[0.206871,0.594242,0.0940886,0.104799],[0.00272673,0.104296,0.798386,0.0945916],[0.00272673,0.00222376,0.00222376,0.992826],[0.00272673,0.00222376,0.992323,0.00272673],[0.308943,0.594242,0.0940886,0.00272673],[0.411015,0.196161,0.104296,0.288529],[0.00272673,0.0940886,0.706521,0.196664],[0.492673,0.196161,0.30844,0.00272673],[0.400808,0.0940886,0.400305,0.104799],[0.308943,0.104296,0.584035,0.00272673],[0.232389,0.323751,0.323751,0.12011]]},{"db":2,"id":"COT1_HUMAN.H11MO.0.C","len":17,"ltrim":0,"rtrim":2,"nsites":500,"evalue":"1.0e+000","url":"http://hocomoco.autosome.ru/motif/COT1_HUMAN.H11MO.0.C","pwm":[[0.180019,0.146016,0.539937,0.134028],[0.287997,0.0740301,0.549935,0.0880375],[0.248005,0.0780293,0.591927,0.0820387],[0.208013,0.118021,0.589927,0.0840383],[0.0860379,0.150015,0.361973,0.401975],[0.132029,0.47595,0.289987,0.102035],[0.631929,0.112023,0.194006,0.0620427],[0.411973,0.0480353,0.52394,0.0160519],[0.72591,4.4911e-05,0.269991,0.00405427],[0.0180515,4.4911e-05,0.911863,0.0700411],[0.0160519,0.0100429,0.961853,0.0120527],[0.0100531,0.0780293,0.279989,0.631929],[0.0660419,0.863872,0.0420365,0.0280495],[0.959863,0.00404411,0.0160417,0.0200511],[0.204014,0.12602,0.517941,0.152025],[0.22601,0.184008,0.493946,0.0960359],[0.186018,0.168011,0.505944,0.140027]]},{"db":2,"id":"DRGX_HUMAN.H11MO.0.D","len":11,"ltrim":0,"rtrim":0,"nsites":10531,"evalue":"1.0e+000","url":"http://hocomoco.autosome.ru/motif/DRGX_HUMAN.H11MO.0.D","pwm":[[0.0552438,0.0103287,0.00292206,0.931505],[0.940313,0.00213866,0.0374626,0.020086],[0.996883,0.0010704,0.00116535,0.000880966],[0.0122758,0.105143,0.0101863,0.872395],[0.0104716,0.314618,0.0915643,0.583346],[2.63543e-05,0.320315,2.58719e-05,0.679632],[0.827362,0.0107323,0.158295,0.00361098],[0.997501,0.000643091,0.00111788,0.000738531],[0.000192529,0.000287003,0.000287003,0.999233],[0.0307924,0.00904677,0.000310742,0.95985],[0.949239,0.00118909,0.010305,0.0392673]]},{"db":2,"id":"ESX1_HUMAN.H11MO.0.D","len":17,"ltrim":2,"rtrim":1,"nsites":8260,"evalue":"1.0e+000","url":"http://hocomoco.autosome.ru/motif/ESX1_HUMAN.H11MO.0.D","pwm":[[0.234403,0.208247,0.426595,0.130754],[0.126857,0.395271,0.192319,0.285553],[0.0225826,0.0500317,0.0212364,0.906149],[0.993554,0.00133577,0.00336156,0.00174876],[0.999854,2.7191e-06,0.00014018,3.3341e-06],[3.3341e-06,2.7191e-06,0.00340311,0.996591],[0.000249325,0.00687591,0.00304859,0.989826],[0.582428,2.7191e-06,0.417566,3.3341e-06],[0.246805,0.221045,0.49818,0.0339702],[0.0776463,0.530054,0.114559,0.27774],[0.293931,0.260317,0.215386,0.230366],[0.380207,0.192903,0.0759633,0.350926],[0.44048,0.0612145,0.0379033,0.460402],[0.539419,0.0346492,0.0205772,0.405354],[0.489906,0.0202212,0.0155618,0.474311],[0.282206,0.0581419,0.0668166,0.592836],[0.319888,0.119924,0.155426,0.404762]]},{"db":2,"id":"FOSB_HUMAN.H11MO.0.A","len":9,"ltrim":1,"rtrim":1,"nsites":500,"evalue":"1.0e+000","url":"http://hocomoco.autosome.ru/motif/FOSB_HUMAN.H11MO.0.A","pwm":[[0.413972,0.206004,0.291987,0.0880375],[0.0100531,0.0120425,0.00204451,0.97586],[0.0120527,0.0140421,0.917861,0.0560439],[0.895876,0.0120425,0.0180413,0.0740403],[0.204014,4.4911e-05,0.795886,5.5069e-05],[0.0180515,0.0300389,0.106024,0.845886],[0.0540443,0.903864,0.0280393,0.0140523],[0.965862,0.0100429,0.00604371,0.0180515],[0.0720407,0.329979,0.229999,0.367981]]},{"db":2,"id":"FOS_HUMAN.H11MO.0.A","len":9,"ltrim":1,"rtrim":0,"nsites":500,"evalue":"1.0e+000","url":"http://hocomoco.autosome.ru/motif/FOS_HUMAN.H11MO.0.A","pwm":[[0.345986,0.216002,0.359973,0.0780395],[0.0100531,0.0180413,0.0100429,0.961863],[0.0160519,0.0340381,0.859873,0.0900371],[0.935868,0.00804331,0.0280393,0.0280495],[0.116032,4.4911e-05,0.883868,5.5069e-05],[0.0220507,0.0260397,0.0240401,0.92787],[0.0420467,0.933858,0.0240401,5.5069e-05],[0.959863,0.0160417,0.0120425,0.0120527],[0.0280495,0.417961,0.263992,0.289997]]},{"db":2,"id":"KLF5_HUMAN.H11MO.0.A","len":14,"ltrim":0,"rtrim":2,"nsites":500,"evalue":"1.0e+000","url":"http://hocomoco.autosome.ru/motif/KLF5_HUMAN.H11MO.0.A","pwm":[[0.421971,0.0340381,0.204004,0.339987],[0.0460459,0.00404411,0.943856,0.00605387],[0.00805347,0.00804331,0.967851,0.0160519],[0.0240503,0.0360377,0.929859,0.0100531],[0.178019,0.184008,0.00804331,0.629929],[0.0460459,0.00204451,0.941857,0.0100531],[0.0400471,0.0100429,0.543936,0.405974],[0.0160519,4.4911e-05,0.963852,0.0200511],[0.0500451,0.0300389,0.829879,0.0900371],[0.106034,0.633918,0.110023,0.150025],[0.248005,0.182009,0.192007,0.377979],[0.104034,0.136018,0.605924,0.154024],[0.154024,0.12402,0.501945,0.220011],[0.148025,0.210003,0.493946,0.148025]]},{"db":2,"id":"KLF6_HUMAN.H11MO.0.A","len":19,"ltrim":1,"rtrim":0,"nsites":496,"evalue":"1.0e+000","url":"http://hocomoco.autosome.ru/motif/KLF6_HUMAN.H11MO.0.A","pwm":[[0.155266,0.185492,0.510023,0.149219],[0.221785,0.247979,0.479787,0.0504486],[0.44553,0.189523,0.280231,0.0847159],[0.45964,0.0181868,0.368923,0.15325],[0.0484329,0.00609244,0.814397,0.131077],[0.0242442,4.52732e-05,0.955498,0.0202127],[0.0444014,0.0524541,0.890995,0.0121498],[0.260084,0.457614,4.52732e-05,0.282257],[0.116967,0.00609244,0.854712,0.0222285],[0.0282756,0.0222182,0.689422,0.260084],[0.209691,0.0645484,0.683375,0.0423857],[0.0867316,0.0302811,0.83657,0.0464171],[0.229848,0.453583,0.207665,0.108905],[0.294351,0.318529,0.137114,0.250005],[0.0625429,0.157272,0.522117,0.258068],[0.147203,0.127036,0.608794,0.116967],[0.161313,0.171382,0.602746,0.0645586],[0.348776,0.11091,0.433426,0.106889],[0.258068,0.233869,0.455599,0.0524643]]},{"db":2,"id":"LHX8_HUMAN.H11MO.0.D","len":18,"ltrim":1,"rtrim":1,"nsites":9043,"evalue":"1.0e+000","url":"http://hocomoco.autosome.ru/motif/LHX8_HUMAN.H11MO.0.D","pwm":[[0.187328,0.402188,0.179476,0.231008],[0.307337,0.203279,0.435943,0.0534416],[0.0274826,0.530628,0.0706088,0.371281],[0.000555953,0.000997718,0.00044481,0.998002],[0.594932,0.00044481,0.40462,3.04541e-06],[0.999218,0.000334228,0.00044481,3.04541e-06],[0.000113627,0.000113065,2.48366e-06,0.999771],[0.000113627,0.00331993,0.00376226,0.992804],[0.510226,0.000113065,0.489215,0.000445372],[0.0548791,0.626475,0.297273,0.0213729],[0.410675,0.257409,0.145942,0.185974],[0.533089,0.194045,0.145279,0.127587],[0.218899,0.151886,0.0649691,0.564245],[0.132977,0.19258,0.0519205,0.622522],[0.602755,0.0721846,0.119071,0.205989],[0.612597,0.0609053,0.108013,0.218485],[0.23756,0.0963467,0.124324,0.54177],[0.226142,0.125623,0.160346,0.487889]]},{"db":2,"id":"LHX9_HUMAN.H11MO.0.D","len":18,"ltrim":1,"rtrim":1,"nsites":4401,"evalue":"1.0e+000","url":"http://hocomoco.autosome.ru/motif/LHX9_HUMAN.H11MO.0.D","pwm":[[0.128838,0.439895,0.150649,0.280618],[0.0147185,0.0926524,0.0135813,0.879048],[0.982942,0.015683,0.000459535,0.000915121],[0.998904,0.000289123,0.000516339,0.000290277],[6.30615e-05,0.000516339,6.19073e-05,0.999359],[0.000517493,0.00165242,0.0216474,0.976183],[0.801454,0.000289123,0.19774,0.000517493],[0.216145,0.139572,0.610364,0.0339182],[0.0666941,0.43092,0.15917,0.343216],[0.239435,0.253294,0.187856,0.319415],[0.33782,0.229436,0.110148,0.322596],[0.360939,0.154398,0.066693,0.41797],[0.381615,0.0775993,0.0301112,0.510674],[0.509084,0.0403359,0.0105706,0.44001],[0.515673,0.0269302,0.0339739,0.423423],[0.396157,0.0419264,0.0794171,0.482499],[0.33248,0.0704988,0.150706,0.446315],[0.340262,0.113954,0.209839,0.335945]]},{"db":2,"id":"MAFA_HUMAN.H11MO.0.D","len":21,"ltrim":1,"rtrim":1,"nsites":27,"evalue":"1.0e+000","url":"http://hocomoco.autosome.ru/motif/MAFA_HUMAN.H11MO.0.D","pwm":[[0.101097,0.357296,0.368541,0.173065],[0.104471,0.000828783,0.279706,0.614995],[0.0325023,0.0323149,0.774487,0.160696],[0.00101624,0.981396,0.0165718,0.00101624],[0.0932255,0.000828783,0.000828783,0.905117],[0.00101624,0.0997851,0.898182,0.00101624],[0.713951,0.104283,0.0165718,0.165194],[0.149451,0.592318,0.138018,0.120214],[0.00101624,0.380911,0.362919,0.255154],[0.324873,0.457377,0.0368129,0.180937],[0.167443,0.376413,0.117777,0.338367],[0.0370003,0.153761,0.668784,0.140455],[0.0819805,0.614808,0.068299,0.234913],[0.662224,0.084042,0.081793,0.171941],[0.246158,0.144765,0.506855,0.102222],[0.0842295,0.538341,0.068299,0.30913],[0.252905,0.396654,0.000828783,0.349612],[0.149451,0.13352,0.104283,0.612746],[0.0842295,0.342678,0.081793,0.4913],[0.113467,0.648543,0.08854,0.149451],[0.250656,0.317939,0.322437,0.108969]]},{"db":2,"id":"MAFF_HUMAN.H11MO.0.B","len":18,"ltrim":0,"rtrim":0,"nsites":473,"evalue":"1.0e+000","url":"http://hocomoco.autosome.ru/motif/MAFF_HUMAN.H11MO.0.B","pwm":[[0.0571286,0.0698002,0.0824825,0.790589],[0.0211954,0.0951648,0.765213,0.118426],[0.0550149,0.883582,0.0296395,0.031764],[0.0846069,0.0613453,0.00638863,0.847659],[0.0275365,0.112075,0.744076,0.116313],[0.771565,0.0507767,0.0444356,0.133222],[0.0592423,0.410109,0.43336,0.0972892],[0.0846069,0.0888236,0.0592316,0.767338],[0.0909481,0.661641,0.0423218,0.205089],[0.672221,0.0571179,0.122643,0.148018],[0.0655835,0.0930511,0.625708,0.215657],[0.0402189,0.780009,0.112075,0.0676972],[0.589786,0.109961,0.120529,0.179724],[0.177611,0.23467,0.224102,0.363618],[0.234681,0.137439,0.122643,0.505237],[0.164928,0.1776,0.0465493,0.610923],[0.099403,0.253694,0.078255,0.568648],[0.131109,0.205078,0.133212,0.530601]]},{"db":2,"id":"MAFK_HUMAN.H11MO.1.A","len":13,"ltrim":0,"rtrim":0,"nsites":409,"evalue":"1.0e+000","url":"http://hocomoco.autosome.ru/motif/MAFK_HUMAN.H11MO.1.A","pwm":[[0.112509,0.0880529,0.0611647,0.738273],[0.0269556,0.102719,0.818926,0.0513995],[0.0978429,0.804259,0.0416095,0.0562883],[0.0953985,0.0367208,0.0122769,0.855604],[0.0660659,0.01961,0.853147,0.0611771],[0.811605,0.0220544,0.063609,0.102732],[6.73185e-05,5.4901e-05,0.926479,0.073399],[0.0587327,0.063609,0.0342764,0.843382],[0.10762,0.779815,0.0562759,0.0562883],[0.882492,0.0171656,0.0489427,0.0513995],[0.0538439,0.0513871,0.677151,0.217618],[0.0660659,0.755371,0.127163,0.0513995],[0.623387,0.11983,0.114941,0.141842]]},{"db":2,"id":"NKX21_HUMAN.H11MO.0.A","len":10,"ltrim":1,"rtrim":1,"nsites":500,"evalue":"1.0e+000","url":"http://hocomoco.autosome.ru/motif/NKX21_HUMAN.H11MO.0.A","pwm":[[0.0660419,0.421961,0.226,0.285998],[0.132029,0.0920265,0.0240401,0.751905],[0.0760399,0.0220405,0.333978,0.567941],[0.0340483,0.00604371,0.957853,0.00205467],[0.995856,0.00204451,4.4911e-05,0.00205467],[0.0100531,0.00804331,0.981849,5.5069e-05],[0.281999,0.00204451,0.104024,0.611933],[0.108033,0.00204451,0.877869,0.0120527],[0.0320487,0.32598,0.443956,0.198015],[0.158023,0.347975,0.156014,0.337987]]},{"db":2,"id":"NKX31_HUMAN.H11MO.0.C","len":12,"ltrim":1,"rtrim":1,"nsites":500,"evalue":"1.0e+000","url":"http://hocomoco.autosome.ru/motif/NKX31_HUMAN.H11MO.0.C","pwm":[[0.190017,0.196006,0.321981,0.291997],[0.0860379,0.251995,0.0980253,0.563942],[0.252005,0.108023,0.152015,0.487957],[0.759903,0.0540341,0.172011,0.0140523],[0.959863,0.00204451,0.0200409,0.0180515],[0.00405427,0.00404411,0.985848,0.00605387],[0.0880375,0.00204451,0.0180413,0.891877],[0.170021,0.0140421,0.803884,0.0120527],[0.0180515,0.451955,0.265992,0.264002],[0.142027,0.255994,0.0380373,0.563942],[0.156024,0.0860277,0.106024,0.651925],[0.279999,0.0840281,0.295986,0.339987]]},{"db":2,"id":"PATZ1_HUMAN.H11MO.0.C","len":22,"ltrim":0,"rtrim":1,"nsites":491,"evalue":"1.0e+000","url":"http://hocomoco.autosome.ru/motif/PATZ1_HUMAN.H11MO.0.C","pwm":[[0.234224,0.0916768,0.560013,0.114086],[0.136485,0.0265169,0.639427,0.197572],[0.142593,0.0835318,0.682188,0.0916871],[0.040781,0.085568,0.841015,0.032636],[0.458211,0.287156,0.136474,0.118158],[0.244405,0.0611331,0.623137,0.0713247],[0.142593,0.0305894,0.706623,0.120195],[0.215898,0.0652056,0.692369,0.0265273],[0.126303,0.0163357,0.847124,0.0102373],[0.211826,0.118148,0.614992,0.0550347],[0.417486,0.557977,0.00819071,0.016346],[0.0794696,0.0285532,0.553904,0.338073],[0.0285635,0.142583,0.765674,0.0631797],[0.160919,0.160909,0.606847,0.0713247],[0.327892,0.0631693,0.578339,0.0305998],[0.291239,0.191453,0.494853,0.0224548],[0.240333,0.240323,0.348244,0.171101],[0.158883,0.0753868,0.576303,0.189427],[0.12834,0.0570606,0.773819,0.040781],[0.413414,0.217924,0.313627,0.0550347],[0.31771,0.0142995,0.623137,0.0448535],[0.138521,0.20367,0.488745,0.169064]]},{"db":2,"id":"PAX4_HUMAN.H11MO.0.D","len":12,"ltrim":0,"rtrim":1,"nsites":934,"evalue":"1.0e+000","url":"http://hocomoco.autosome.ru/motif/PAX4_HUMAN.H11MO.0.D","pwm":[[0.210535,0.114533,0.106571,0.568361],[0.429823,0.126476,0.179821,0.263879],[0.515982,0.189319,0.133585,0.161114],[0.212414,0.444319,0.085244,0.258023],[2.94829e-05,0.00957835,2.40445e-05,0.990368],[0.846031,0.0215212,0.00320881,0.129239],[0.931223,0.00559739,2.40445e-05,0.0631551],[2.94829e-05,0.0384677,0.00161643,0.959886],[0.064123,0.0394356,0.178769,0.717672],[0.431902,0.44145,0.066108,0.0605401],[0.382938,0.0852732,0.443896,0.0878936],[0.255547,0.390777,0.0876618,0.266014]]},{"db":2,"id":"PAX5_HUMAN.H11MO.0.A","len":21,"ltrim":0,"rtrim":0,"nsites":202,"evalue":"1.0e+000","url":"http://hocomoco.autosome.ru/motif/PAX5_HUMAN.H11MO.0.A","pwm":[[0.133733,0.28215,0.504812,0.079305],[0.128785,0.499864,0.188137,0.183214],[0.148578,0.415747,0.33163,0.104045],[0.203006,0.0545396,0.25741,0.485045],[0.198058,0.0446435,0.752214,0.00508431],[0.158474,0.138656,0.539448,0.163422],[0.0248765,0.118864,0.623565,0.232694],[0.0347726,0.875915,0.0594877,0.0298245],[0.781927,0.0347475,0.163397,0.0199285],[0.386084,0.113916,0.465227,0.0347726],[0.0347726,0.732422,0.12876,0.104045],[0.410824,0.267306,0.277202,0.0446687],[0.311863,0.0199033,0.618617,0.0496167],[0.682967,0.0396955,0.163397,0.113941],[0.0347726,0.163397,0.772006,0.0298245],[0.0100324,0.781902,0.0446435,0.163422],[0.21785,0.0347475,0.717578,0.0298245],[0.321759,0.0297994,0.158449,0.489993],[0.173318,0.0297994,0.791798,0.00508431],[0.811616,0.0347475,0.10402,0.0496167],[0.118889,0.801695,0.0297994,0.0496167]]},{"db":2,"id":"PHX2A_HUMAN.H11MO.0.D","len":11,"ltrim":0,"rtrim":0,"nsites":7912,"evalue":"1.0e+000","url":"http://hocomoco.autosome.ru/motif/PHX2A_HUMAN.H11MO.0.D","pwm":[[0.0701176,0.0276504,0.0162754,0.885957],[0.92103,0.00774415,0.0433858,0.0278406],[0.989817,0.00385769,0.00347853,0.00284723],[0.0349184,0.159663,0.0153275,0.790091],[0.0160548,0.35427,0.0952999,0.534375],[3.48074e-06,0.326591,2.83869e-06,0.673402],[0.820772,0.0137792,0.159632,0.00581736],[0.988426,0.00246742,0.00663825,0.00246806],[9.82723e-05,0.000224019,0.000224019,0.999454],[0.0287569,0.0128313,0.00120353,0.957208],[0.916132,0.0103035,0.0225632,0.0510013]]},{"db":2,"id":"PHX2B_HUMAN.H11MO.0.D","len":11,"ltrim":0,"rtrim":0,"nsites":25008,"evalue":"1.0e+000","url":"http://hocomoco.autosome.ru/motif/PHX2B_HUMAN.H11MO.0.D","pwm":[[0.104022,0.0656361,0.0533116,0.77703],[0.909115,0.0091575,0.0493029,0.0324242],[0.986826,0.00427604,0.00490792,0.00398976],[0.0358766,0.153913,0.0171272,0.793083],[0.0246349,0.366144,0.098056,0.511165],[1.10124e-06,0.326373,8.98109e-07,0.673625],[0.806513,0.0177811,0.164454,0.0112528],[0.979386,0.00362867,0.0119156,0.00506946],[0.000275268,0.000405621,0.000222843,0.999096],[0.026809,0.0189009,0.00204428,0.952246],[0.828659,0.0393008,0.0514358,0.0806043]]},{"db":2,"id":"PITX1_HUMAN.H11MO.0.D","len":9,"ltrim":1,"rtrim":0,"nsites":500,"evalue":"1.0e+000","url":"http://hocomoco.autosome.ru/motif/PITX1_HUMAN.H11MO.0.D","pwm":[[0.37398,0.144016,0.349975,0.132029],[0.228009,0.0240401,0.569931,0.178019],[0.0580435,4.4911e-05,0.931859,0.0100531],[0.0360479,0.00804331,0.947855,0.00805347],[0.591937,0.389967,0.00404411,0.0140523],[0.00205467,0.00404411,0.00204451,0.991857],[0.00405427,0.0660317,0.0180413,0.911873],[0.667921,0.00204451,0.0160417,0.313992],[0.457963,0.0620325,0.367971,0.112033]]},{"db":2,"id":"PLAL1_HUMAN.H11MO.0.D","len":10,"ltrim":0,"rtrim":0,"nsites":12,"evalue":"1.0e+000","url":"http://hocomoco.autosome.ru/motif/PLAL1_HUMAN.H11MO.0.D","pwm":[[0.177253,0.604688,0.176833,0.0412268],[0.342341,0.0018562,0.585514,0.070289],[0.00227603,0.0018562,0.789553,0.206315],[0.138302,0.0018562,0.857566,0.00227603],[0.070289,0.0018562,0.925579,0.00227603],[0.00227603,0.0018562,0.993592,0.00227603],[0.00227603,0.0018562,0.993592,0.00227603],[0.00227603,0.925579,0.0018562,0.070289],[0.070289,0.857566,0.0018562,0.070289],[0.070289,0.585514,0.137882,0.206315]]},{"db":2,"id":"PO5F1_HUMAN.H11MO.0.A","len":16,"ltrim":0,"rtrim":0,"nsites":500,"evalue":"1.0e+000","url":"http://hocomoco.autosome.ru/motif/PO5F1_HUMAN.H11MO.0.A","pwm":[[0.0520447,0.519941,0.194006,0.234008],[0.0740403,0.529939,0.0800289,0.315992],[0.389977,0.0440361,0.0400369,0.52595],[0.0200511,0.0640321,0.0240401,0.891877],[0.0720407,0.0220405,0.0280393,0.87788],[0.104034,0.313982,0.515942,0.0660419],[0.379979,0.0360377,0.0320385,0.551945],[0.17602,0.249995,0.100025,0.47396],[0.883878,0.0200409,0.0320385,0.0640423],[0.0140523,0.00204451,0.0160417,0.967862],[0.0120527,0.00804331,0.921861,0.0580435],[0.0140523,0.759893,0.0940261,0.132029],[0.789897,0.0200409,0.0300389,0.160023],[0.619931,0.0600329,0.253994,0.0660419],[0.829889,0.0360377,0.0680313,0.0660419],[0.160023,0.138017,0.122021,0.579939]]},{"db":2,"id":"PROP1_HUMAN.H11MO.0.D","len":11,"ltrim":0,"rtrim":0,"nsites":500,"evalue":"1.0e+000","url":"http://hocomoco.autosome.ru/motif/PROP1_HUMAN.H11MO.0.D","pwm":[[0.17602,0.0440361,0.0260397,0.753904],[0.909873,0.00604371,0.0460357,0.0380475],[0.999855,4.4911e-05,4.4911e-05,5.5069e-05],[0.0300491,0.0680313,0.0460357,0.855884],[0.0760399,0.110023,0.172011,0.641927],[0.477959,4.4911e-05,0.521941,5.5069e-05],[0.489957,0.136018,0.297985,0.0760399],[0.751905,0.0180413,0.148015,0.0820387],[0.0120527,0.00404411,0.00604371,0.97786],[0.0420467,0.0940261,0.00404411,0.859883],[0.72391,0.0540341,0.0420365,0.180019]]},{"db":2,"id":"PROX1_HUMAN.H11MO.0.D","len":17,"ltrim":3,"rtrim":1,"nsites":773,"evalue":"1.0e+000","url":"http://hocomoco.autosome.ru/motif/PROX1_HUMAN.H11MO.0.D","pwm":[[0.149758,0.161392,0.431733,0.257118],[0.161076,0.152015,0.458573,0.228337],[0.131972,0.146194,0.495437,0.226397],[0.0789387,0.11515,0.376436,0.429476],[0.538129,0.0310729,0.258728,0.17207],[0.491563,0.010377,0.478622,0.019438],[0.0265522,0.00455628,0.951394,0.0174978],[0.262938,0.00423291,0.701426,0.0314028],[0.181125,0.554938,0.0530623,0.210875],[0.0362534,0.00261604,0.900301,0.0608298],[0.024612,0.0815192,0.465687,0.428182],[0.016851,0.443697,0.499318,0.0401339],[0.153961,0.0453013,0.275543,0.525194],[0.0828192,0.0737582,0.296239,0.547183],[0.180801,0.125175,0.605061,0.0889633],[0.154608,0.0821659,0.618966,0.14426],[0.214109,0.132612,0.463747,0.189532]]},{"db":2,"id":"PURA_HUMAN.H11MO.0.D","len":17,"ltrim":0,"rtrim":0,"nsites":13,"evalue":"1.0e+000","url":"http://hocomoco.autosome.ru/motif/PURA_HUMAN.H11MO.0.D","pwm":[[0.159979,0.0894237,0.660786,0.0898114],[0.152461,0.0618579,0.783579,0.00210229],[0.513321,0.0017145,0.152073,0.332891],[0.423106,0.192169,0.302432,0.0822935],[0.0722696,0.0017145,0.512934,0.413082],[0.0722696,0.142049,0.462814,0.322867],[0.00210229,0.152073,0.623197,0.222628],[0.0923174,0.0017145,0.763531,0.142437],[0.212604,0.152073,0.322479,0.312843],[0.172509,0.0017145,0.583101,0.242676],[0.00210229,0.0017145,0.803627,0.192556],[0.0722696,0.22224,0.603149,0.102341],[0.162485,0.68334,0.152073,0.00210229],[0.43313,0.232264,0.332503,0.00210229],[0.0722696,0.0017145,0.522957,0.403058],[0.312843,0.0017145,0.68334,0.00210229],[0.037186,0.106965,0.728447,0.127401]]},{"db":2,"id":"RAX2_HUMAN.H11MO.0.D","len":12,"ltrim":1,"rtrim":0,"nsites":33576,"evalue":"1.0e+000","url":"http://hocomoco.autosome.ru/motif/RAX2_HUMAN.H11MO.0.D","pwm":[[0.165773,0.376697,0.155349,0.30218],[0.0542582,0.0609592,0.0443402,0.840442],[0.862348,0.0434914,0.0489119,0.0452488],[0.991324,0.00279283,0.00288218,0.00300147],[6.03864e-05,0.000328283,0.000596331,0.999015],[0.000447567,0.061741,0.00935256,0.928459],[0.682815,0.0265151,0.290602,6.78322e-05],[0.520259,0.0897148,0.38007,0.00995582],[0.560854,0.119438,0.101658,0.21805],[0.0553378,0.0823509,0.0647789,0.797532],[0.271355,0.127711,0.0997145,0.50122],[0.701005,0.0913454,0.093043,0.114606]]},{"db":2,"id":"RFX1_HUMAN.H11MO.1.B","len":11,"ltrim":1,"rtrim":0,"nsites":500,"evalue":"1.0e+000","url":"http://hocomoco.autosome.ru/motif/RFX1_HUMAN.H11MO.1.B","pwm":[[0.100035,0.263992,0.321981,0.313992],[0.00805347,0.00404411,0.987847,5.5069e-05],[5.5069e-05,0.0120425,0.00604371,0.981859],[0.0260499,0.0760297,0.00404411,0.893876],[0.0740403,0.0160417,0.819881,0.0900371],[5.5069e-05,0.943856,0.00204451,0.0540443],[5.5069e-05,0.657913,4.4911e-05,0.341987],[0.7759,0.0320385,0.0520345,0.140027],[0.196016,0.0260397,0.315982,0.461963],[0.0400471,0.00604371,0.949855,0.00405427],[0.150025,0.110023,0.693906,0.0460459]]},{"db":2,"id":"RFX2_HUMAN.H11MO.1.A","len":12,"ltrim":0,"rtrim":0,"nsites":500,"evalue":"1.0e+000","url":"http://hocomoco.autosome.ru/motif/RFX2_HUMAN.H11MO.1.A","pwm":[[0.0400471,0.561933,0.158013,0.240007],[0.0760399,0.212003,0.37597,0.335988],[0.00405427,4.4911e-05,0.993846,0.00205467],[5.5069e-05,0.00204451,4.4911e-05,0.997856],[0.0200511,0.0380373,0.00604371,0.935868],[0.0340483,0.0120425,0.919861,0.0340483],[0.00205467,0.931859,0.00204451,0.0640423],[0.00205467,0.749895,4.4911e-05,0.248005],[0.789897,0.0600329,0.0440361,0.106034],[0.12403,0.0380373,0.184008,0.653924],[0.0700411,0.00404411,0.92386,0.00205467],[0.150025,0.0380373,0.807883,0.00405427]]},{"db":2,"id":"SHOX2_HUMAN.H11MO.0.D","len":17,"ltrim":0,"rtrim":1,"nsites":30429,"evalue":"1.0e+000","url":"http://hocomoco.autosome.ru/motif/SHOX2_HUMAN.H11MO.0.D","pwm":[[0.0700972,0.501709,0.116166,0.312028],[0.00958043,0.0189778,0.00948415,0.961958],[0.998813,0.000379528,0.000427585,0.000379695],[0.999998,7.3811e-07,7.3811e-07,9.05054e-07],[9.05054e-07,7.3811e-07,7.3811e-07,0.999998],[0.000122423,0.000241021,0.000218369,0.999418],[0.630692,0.000144908,0.369162,9.05054e-07],[0.329854,0.125732,0.531727,0.0126874],[0.0951616,0.397919,0.0979123,0.409007],[0.172502,0.300477,0.0959124,0.431108],[0.403749,0.227508,0.0681824,0.30056],[0.524707,0.0919589,0.0190578,0.364276],[0.480149,0.0125973,0.00241357,0.50484],[0.469509,0.003712,0.0027316,0.524047],[0.45063,0.0140739,0.0326456,0.502651],[0.344638,0.0635809,0.113633,0.478148],[0.314854,0.118952,0.258938,0.307255]]},{"db":2,"id":"SHOX_HUMAN.H11MO.0.D","len":17,"ltrim":0,"rtrim":1,"nsites":17780,"evalue":"1.0e+000","url":"http://hocomoco.autosome.ru/motif/SHOX_HUMAN.H11MO.0.D","pwm":[[0.0787694,0.394009,0.133887,0.393335],[0.0135138,0.0216687,0.0132323,0.951585],[0.999757,4.34452e-05,0.000155931,4.37309e-05],[0.99994,1.26321e-06,5.75059e-05,1.54892e-06],[1.54892e-06,1.26321e-06,1.26321e-06,0.999996],[0.000114034,1.26321e-06,0.000226234,0.999658],[0.591618,5.75059e-05,0.408267,5.77916e-05],[0.315748,0.133015,0.533969,0.017268],[0.104585,0.348228,0.120107,0.42708],[0.158817,0.241381,0.103924,0.495879],[0.422384,0.191676,0.0687298,0.31721],[0.549014,0.0904113,0.0259572,0.334617],[0.452966,0.0183223,0.00465534,0.524057],[0.431045,0.0050631,0.00438819,0.559503],[0.444797,0.0223577,0.0457547,0.487091],[0.341409,0.0735807,0.115875,0.469136],[0.304345,0.135673,0.206088,0.353894]]},{"db":2,"id":"SMAD4_HUMAN.H11MO.0.B","len":13,"ltrim":1,"rtrim":0,"nsites":497,"evalue":"1.0e+000","url":"http://hocomoco.autosome.ru/motif/SMAD4_HUMAN.H11MO.0.B","pwm":[[0.219327,0.448647,0.203224,0.128802],[0.307841,0.100629,0.0523485,0.539182],[0.0181604,0.0101035,0.945529,0.0262071],[0.0463238,0.0463135,0.177072,0.730291],[0.00206707,0.981739,0.00809185,0.00810207],[0.00206707,0.00608019,0.00205685,0.989796],[0.144895,0.21127,0.59751,0.0463238],[0.193175,0.146897,0.370192,0.289736],[0.0282187,0.939494,0.0161385,0.0161487],[0.712186,0.0523485,0.0925819,0.142884],[0.0523588,0.696082,0.189142,0.0624171],[0.134837,0.57337,0.0644185,0.227374],[0.136849,0.209259,0.0945936,0.559299]]},{"db":2,"id":"SP2_HUMAN.H11MO.0.A","len":22,"ltrim":0,"rtrim":0,"nsites":499,"evalue":"1.0e+000","url":"http://hocomoco.autosome.ru/motif/SP2_HUMAN.H11MO.0.A","pwm":[[0.128535,0.250145,0.569025,0.0522945],[0.180009,0.246116,0.522884,0.0509899],[0.15077,0.282168,0.504596,0.0624658],[0.154527,0.318668,0.420534,0.106271],[0.28797,0.2221,0.384321,0.10561],[0.175223,0.100126,0.656758,0.0678931],[0.140031,0.0557814,0.706018,0.0981696],[0.296021,0.0549057,0.630405,0.0186684],[0.0378408,0.0042848,0.918466,0.0394087],[0.0122234,0.0208818,0.95678,0.0101146],[0.0434674,0.889608,0.0128455,0.054079],[0.0324064,0.0164138,0.900164,0.051016],[0.0126013,0.0201705,0.934448,0.0327805],[0.0993465,0.0869133,0.785937,0.0278036],[0.220798,0.177584,0.581634,0.0199832],[0.103859,0.60462,0.218651,0.0728698],[0.0501023,0.508067,0.233436,0.208394],[0.201323,0.190199,0.392559,0.215919],[0.129691,0.236975,0.526471,0.106863],[0.182036,0.257933,0.46599,0.0940408],[0.150537,0.185499,0.589232,0.0747322],[0.122753,0.326346,0.494866,0.0560351]]},{"db":2,"id":"SP2_HUMAN.H11MO.1.B","len":12,"ltrim":0,"rtrim":0,"nsites":498,"evalue":"1.0e+000","url":"http://hocomoco.autosome.ru/motif/SP2_HUMAN.H11MO.1.B","pwm":[[0.449764,0.0823579,0.345357,0.122521],[0.259039,0.0321672,0.668586,0.0402079],[0.150627,0.00606798,0.738853,0.104452],[0.357413,4.50914e-05,0.642486,5.52901e-05],[0.00407055,0.00406035,0.991814,5.52901e-05],[0.00206292,0.00406035,0.989806,0.00407055],[0.158658,0.772982,4.50914e-05,0.0683147],[0.0221392,0.0120909,0.943631,0.0221392],[0.00607818,0.00205272,0.96973,0.0221392],[0.0984291,0.0201214,0.823173,0.0582765],[0.228925,0.0341748,0.692677,0.0442231],[0.238963,0.642486,0.0783426,0.0402079]]},{"db":2,"id":"SP3_HUMAN.H11MO.0.B","len":20,"ltrim":4,"rtrim":5,"nsites":415,"evalue":"1.0e+000","url":"http://hocomoco.autosome.ru/motif/SP3_HUMAN.H11MO.0.B","pwm":[[0.207622,0.22643,0.418553,0.147395],[0.175626,0.218375,0.474789,0.131209],[0.228023,0.220031,0.438954,0.112991],[0.276205,0.219278,0.389268,0.115249],[0.171862,0.199705,0.554589,0.0738437],[0.12082,0.075036,0.638153,0.16599],[0.138587,0.00246317,0.854667,0.0042822],[0.0024754,0.0102926,0.977228,0.0100037],[0.00970258,0.0196277,0.966086,0.00458333],[0.234498,0.627463,0.0506443,0.0873947],[0.0444834,0.0343832,0.89005,0.031083],[0.00729352,0.0148096,0.871531,0.106366],[0.189479,0.0349854,0.719158,0.0563781],[0.0952241,0.133155,0.734516,0.0371056],[0.114195,0.553836,0.239153,0.0928151],[0.112088,0.367134,0.31549,0.205288],[0.257534,0.133004,0.449795,0.159666],[0.20062,0.167484,0.515743,0.116153],[0.163882,0.26505,0.455517,0.115551],[0.182101,0.241863,0.449795,0.126241]]},{"db":2,"id":"SP4_HUMAN.H11MO.0.A","len":20,"ltrim":2,"rtrim":1,"nsites":499,"evalue":"1.0e+000","url":"http://hocomoco.autosome.ru/motif/SP4_HUMAN.H11MO.0.A","pwm":[[0.222455,0.248492,0.454864,0.0741886],[0.266535,0.148312,0.462878,0.122275],[0.140308,0.18037,0.605134,0.0741886],[0.404784,0.250496,0.248492,0.0962283],[0.527004,0.112247,0.224449,0.1363],[0.346679,0.0260919,0.549033,0.0781958],[0.23047,0.0180775,0.637192,0.114261],[0.342672,0.0200811,0.615152,0.0220949],[0.0681778,0.0120666,0.901668,0.0180876],[0.0361201,0.00405221,0.935729,0.0240985],[0.124279,0.76943,0.010063,0.0962283],[0.0561562,0.0160739,0.855585,0.072185],[0.0541526,0.0180775,0.861596,0.0661742],[0.35269,0.0300991,0.567066,0.0501453],[0.214441,0.010063,0.74739,0.0281057],[0.198412,0.59712,0.142301,0.062167],[0.248502,0.414792,0.124269,0.212437],[0.326643,0.0781857,0.364