<!DOCTYPE HTML>
<html>
  <head>
    <meta charset="UTF-8">
    <title>TOMTOM</title>
    <script>
      // @JSON_VAR data
      var data = {
        "program": "Tomtom",
        "version": "4.12.0",
        "release": "Tue Jun 27 16:22:50 2017 -0700",
        "cmd": [
          "tomtom", "-verbosity", "1", "-oc",
          "results/AHRpeaks_not-in-DHSs-noAHREs.bed-299.fa/jaspar/meme_tomtom_out",
          "-min-overlap", "5", "-dist", "pearson", "-evalue", "-thresh", "1",
          "-no-ssc", "-bfile",
          "results/AHRpeaks_not-in-DHSs-noAHREs.bed-299.fa/jaspar/background",
          "results/AHRpeaks_not-in-DHSs-noAHREs.bed-299.fa/jaspar/meme_out/meme.xml",
          "/Users/filipov4/meme/db/motif_databases/JASPAR/JASPAR2018_CORE_non-redundant.meme"
        ],
        "options": {
          "strands": "both",
          "distance_measure": "pearson",
          "threshold_type": "evalue",
          "threshold_value": 1,
          "background_source": "file",
          "background_file": "results/AHRpeaks_not-in-DHSs-noAHREs.bed-299.fa/jaspar/background"
        },
        "alphabet": {
          "name": "DNA",
          "like": "dna",
          "ncore": 4,
          "symbols": [
            {
              "symbol": "A",
              "name": "Adenine",
              "colour": "CC0000",
              "complement": "T"
            }, {
              "symbol": "C",
              "name": "Cytosine",
              "colour": "0000CC",
              "complement": "G"
            }, {
              "symbol": "G",
              "name": "Guanine",
              "colour": "FFB300",
              "complement": "C"
            }, {
              "symbol": "T",
              "aliases": "U",
              "name": "Thymine",
              "colour": "008000",
              "complement": "A"
            }, {
              "symbol": "N",
              "aliases": "X.",
              "name": "Any base",
              "equals": "ACGT"
            }, {
              "symbol": "V",
              "name": "Not T",
              "equals": "ACG"
            }, {
              "symbol": "H",
              "name": "Not G",
              "equals": "ACT"
            }, {
              "symbol": "D",
              "name": "Not C",
              "equals": "AGT"
            }, {
              "symbol": "B",
              "name": "Not A",
              "equals": "CGT"
            }, {
              "symbol": "M",
              "name": "Amino",
              "equals": "AC"
            }, {
              "symbol": "R",
              "name": "Purine",
              "equals": "AG"
            }, {
              "symbol": "W",
              "name": "Weak",
              "equals": "AT"
            }, {
              "symbol": "S",
              "name": "Strong",
              "equals": "CG"
            }, {
              "symbol": "Y",
              "name": "Pyrimidine",
              "equals": "CT"
            }, {
              "symbol": "K",
              "name": "Keto",
              "equals": "GT"
            }
          ]
        },
        "background": [0.2777, 0.2223, 0.2223, 0.2777],
        "query_dbs": [
          {
            "source": "results/AHRpeaks_not-in-DHSs-noAHREs.bed-299.fa/jaspar/meme_out/meme.xml",
            "name": "meme",
            "loaded": 7,
            "excluded": 0,
            "last_modified": "Thu May 24 14:15:29 2018"
          }
        ],
        "target_dbs": [
          {
            "source": "/Users/filipov4/meme/db/motif_databases/JASPAR/JASPAR2018_CORE_non-redundant.meme",
            "name": "JASPAR2018 CORE non-redundant",
            "loaded": 1404,
            "excluded": 0,
            "last_modified": "Thu Dec  7 14:38:42 2017"
          }
        ],
        "queries": [
          {
            "db": 0,
            "id": "CAAYTAGRKCTCYRCCTGGCYA",
            "alt": "MEME-5",
            "len": 22,
            "nsites": 5,
            "evalue": "1.6e+004",
            "pwm": [
              [0.0054451, 0.788673, 0.200437, 0.0054451], 
              [0.985837, 0.00435882, 0.00435882, 0.0054451], 
              [0.59368, 0.200437, 0.00435882, 0.201524], 
              [0.0054451, 0.396516, 0.00435882, 0.59368], 
              [0.0054451, 0.00435882, 0.00435882, 0.985837], 
              [0.59368, 0.00435882, 0.200437, 0.201524], 
              [0.0054451, 0.00435882, 0.788673, 0.201524], 
              [0.397602, 0.00435882, 0.592594, 0.0054451], 
              [0.0054451, 0.00435882, 0.592594, 0.397602], 
              [0.0054451, 0.788673, 0.200437, 0.0054451], 
              [0.0054451, 0.00435882, 0.00435882, 0.985837], 
              [0.0054451, 0.788673, 0.200437, 0.0054451], 
              [0.0054451, 0.396516, 0.00435882, 0.59368], 
              [0.397602, 0.00435882, 0.592594, 0.0054451], 
              [0.0054451, 0.592594, 0.200437, 0.201524], 
              [0.0054451, 0.592594, 0.200437, 0.201524], 
              [0.0054451, 0.00435882, 0.200437, 0.789759], 
              [0.0054451, 0.00435882, 0.984751, 0.0054451], 
              [0.0054451, 0.00435882, 0.984751, 0.0054451], 
              [0.201524, 0.788673, 0.00435882, 0.0054451], 
              [0.0054451, 0.592594, 0.00435882, 0.397602], 
              [0.789759, 0.200437, 0.00435882, 0.0054451]
            ]
          }, {
            "db": 0,
            "id": "CWGGSMRKRKGCCAGVMKGRGS",
            "alt": "MEME-7",
            "len": 22,
            "nsites": 3,
            "evalue": "6.7e+004",
            "pwm": [
              [0.00895806, 0.974913, 0.00717097, 0.00895806], 
              [0.65412, 0.00717097, 0.00717097, 0.331538], 
              [0.00895806, 0.00717097, 0.974913, 0.00895806], 
              [0.00895806, 0.00717097, 0.974913, 0.00895806], 
              [0.00895806, 0.329751, 0.652333, 0.00895806], 
              [0.331538, 0.652333, 0.00717097, 0.00895806], 
              [0.65412, 0.00717097, 0.329751, 0.00895806], 
              [0.00895806, 0.00717097, 0.652333, 0.331538], 
              [0.331538, 0.00717097, 0.652333, 0.00895806], 
              [0.00895806, 0.00717097, 0.652333, 0.331538], 
              [0.00895806, 0.00717097, 0.974913, 0.00895806], 
              [0.00895806, 0.974913, 0.00717097, 0.00895806], 
              [0.00895806, 0.974913, 0.00717097, 0.00895806], 
              [0.9767, 0.00717097, 0.00717097, 0.00895806], 
              [0.00895806, 0.00717097, 0.974913, 0.00895806], 
              [0.331538, 0.329751, 0.329751, 0.00895806], 
              [0.65412, 0.329751, 0.00717097, 0.00895806], 
              [0.00895806, 0.00717097, 0.652333, 0.331538], 
              [0.00895806, 0.00717097, 0.974913, 0.00895806], 
              [0.331538, 0.00717097, 0.652333, 0.00895806], 
              [0.00895806, 0.00717097, 0.974913, 0.00895806], 
              [0.00895806, 0.329751, 0.652333, 0.00895806]
            ]
          }, {
            "db": 0,
            "id": "GGGADGGGGAGA",
            "alt": "MEME-2",
            "len": 12,
            "nsites": 7,
            "evalue": "2.9e+002",
            "pwm": [
              [0.00391127, 0.00313099, 0.989046, 0.00391127], 
              [0.00391127, 0.00313099, 0.989046, 0.00391127], 
              [0.00391127, 0.00313099, 0.989046, 0.00391127], 
              [0.989827, 0.00313099, 0.00313099, 0.00391127], 
              [0.285601, 0.00313099, 0.425666, 0.285601], 
              [0.00391127, 0.00313099, 0.707357, 0.285601], 
              [0.00391127, 0.00313099, 0.848202, 0.144756], 
              [0.144756, 0.00313099, 0.848202, 0.00391127], 
              [0.144756, 0.00313099, 0.848202, 0.00391127], 
              [0.567292, 0.143976, 0.143976, 0.144756], 
              [0.00391127, 0.00313099, 0.848202, 0.144756], 
              [0.989827, 0.00313099, 0.00313099, 0.00391127]
            ]
          }, {
            "db": 0,
            "id": "GRGBGGTCGGAGVT",
            "alt": "MEME-6",
            "len": 14,
            "nsites": 4,
            "evalue": "4.3e+004",
            "pwm": [
              [0.00677317, 0.00542195, 0.981032, 0.00677317], 
              [0.494578, 0.00542195, 0.493227, 0.00677317], 
              [0.00677317, 0.00542195, 0.981032, 0.00677317], 
              [0.00677317, 0.249324, 0.493227, 0.250676], 
              [0.00677317, 0.00542195, 0.981032, 0.00677317], 
              [0.00677317, 0.00542195, 0.737129, 0.250676], 
              [0.00677317, 0.00542195, 0.00542195, 0.982383], 
              [0.00677317, 0.737129, 0.00542195, 0.250676], 
              [0.00677317, 0.249324, 0.737129, 0.00677317], 
              [0.00677317, 0.00542195, 0.981032, 0.00677317], 
              [0.982383, 0.00542195, 0.00542195, 0.00677317], 
              [0.00677317, 0.00542195, 0.981032, 0.00677317], 
              [0.250676, 0.493227, 0.249324, 0.00677317], 
              [0.00677317, 0.00542195, 0.00542195, 0.982383]
            ]
          }, {
            "db": 0,
            "id": "GRVBTGGWCACGCGA",
            "alt": "MEME-4",
            "len": 15,
            "nsites": 4,
            "evalue": "1.2e+004",
            "pwm": [
              [0.00677317, 0.00542195, 0.981032, 0.00677317], 
              [0.494578, 0.00542195, 0.493227, 0.00677317], 
              [0.494578, 0.249324, 0.249324, 0.00677317], 
              [0.00677317, 0.493227, 0.249324, 0.250676], 
              [0.00677317, 0.00542195, 0.249324, 0.73848], 
              [0.00677317, 0.00542195, 0.981032, 0.00677317], 
              [0.00677317, 0.00542195, 0.981032, 0.00677317], 
              [0.494578, 0.00542195, 0.00542195, 0.494578], 
              [0.00677317, 0.981032, 0.00542195, 0.00677317], 
              [0.982383, 0.00542195, 0.00542195, 0.00677317], 
              [0.00677317, 0.981032, 0.00542195, 0.00677317], 
              [0.00677317, 0.00542195, 0.981032, 0.00677317], 
              [0.250676, 0.737129, 0.00542195, 0.00677317], 
              [0.00677317, 0.00542195, 0.981032, 0.00677317], 
              [0.982383, 0.00542195, 0.00542195, 0.00677317]
            ]
          }, {
            "db": 0,
            "id": "SDSTSTGTGCSTGCSTCMGTS",
            "alt": "MEME-1",
            "len": 21,
            "nsites": 10,
            "evalue": "2.6e-002",
            "pwm": [
              [0.0027495, 0.49725, 0.49725, 0.0027495], 
              [0.398789, 0.101211, 0.200221, 0.299779], 
              [0.0027495, 0.49725, 0.49725, 0.0027495], 
              [0.0027495, 0.200221, 0.00220099, 0.794829], 
              [0.0027495, 0.398241, 0.59626, 0.0027495], 
              [0.0027495, 0.200221, 0.101211, 0.695819], 
              [0.200769, 0.200221, 0.59626, 0.0027495], 
              [0.0027495, 0.200221, 0.00220099, 0.794829], 
              [0.101759, 0.200221, 0.49725, 0.200769], 
              [0.0027495, 0.9923, 0.00220099, 0.0027495], 
              [0.101759, 0.49725, 0.398241, 0.0027495], 
              [0.299779, 0.00220099, 0.00220099, 0.695819], 
              [0.0027495, 0.101211, 0.89329, 0.0027495], 
              [0.0027495, 0.69527, 0.00220099, 0.299779], 
              [0.0027495, 0.59626, 0.299231, 0.101759], 
              [0.0027495, 0.00220099, 0.00220099, 0.992849], 
              [0.0027495, 0.69527, 0.299231, 0.0027495], 
              [0.299779, 0.59626, 0.00220099, 0.101759], 
              [0.200769, 0.00220099, 0.69527, 0.101759], 
              [0.101759, 0.00220099, 0.200221, 0.695819], 
              [0.0027495, 0.398241, 0.59626, 0.0027495]
            ]
          }, {
            "db": 0,
            "id": "YTTWWTTTRTTKRAYTTSYTWTTKWKTTTT",
            "alt": "MEME-3",
            "len": 30,
            "nsites": 7,
            "evalue": "2.6e+003",
            "pwm": [
              [0.00391127, 0.425666, 0.00313099, 0.567292], 
              [0.00391127, 0.143976, 0.00313099, 0.848982], 
              [0.144756, 0.143976, 0.143976, 0.567292], 
              [0.285601, 0.143976, 0.00313099, 0.567292], 
              [0.285601, 0.00313099, 0.143976, 0.567292], 
              [0.144756, 0.00313099, 0.00313099, 0.848982], 
              [0.144756, 0.00313099, 0.00313099, 0.848982], 
              [0.00391127, 0.00313099, 0.143976, 0.848982], 
              [0.285601, 0.143976, 0.566512, 0.00391127], 
              [0.00391127, 0.00313099, 0.00313099, 0.989827], 
              [0.00391127, 0.00313099, 0.143976, 0.848982], 
              [0.144756, 0.143976, 0.425666, 0.285601], 
              [0.426446, 0.143976, 0.425666, 0.00391127], 
              [0.708137, 0.00313099, 0.00313099, 0.285601], 
              [0.00391127, 0.566512, 0.00313099, 0.426446], 
              [0.00391127, 0.00313099, 0.00313099, 0.989827], 
              [0.00391127, 0.143976, 0.00313099, 0.848982], 
              [0.144756, 0.284821, 0.425666, 0.144756], 
              [0.144756, 0.425666, 0.143976, 0.285601], 
              [0.00391127, 0.00313099, 0.00313099, 0.989827], 
              [0.426446, 0.143976, 0.143976, 0.285601], 
              [0.285601, 0.00313099, 0.00313099, 0.708137], 
              [0.00391127, 0.00313099, 0.00313099, 0.989827], 
              [0.00391127, 0.00313099, 0.425666, 0.567292], 
              [0.285601, 0.00313099, 0.143976, 0.567292], 
              [0.144756, 0.00313099, 0.425666, 0.426446], 
              [0.00391127, 0.143976, 0.00313099, 0.848982], 
              [0.00391127, 0.143976, 0.143976, 0.708137], 
              [0.00391127, 0.143976, 0.00313099, 0.848982], 
              [0.00391127, 0.00313099, 0.143976, 0.848982]
            ]
          }
        ],
        "targets": [
          {
            "db": 0,
            "id": "MA0006.1",
            "alt": "Ahr::Arnt",
            "len": 6,
            "nsites": 24,
            "url": "http://jaspar2018.genereg.net/matrix/MA0006.1",
            "pwm": [
              [0.125634, 0.332872, 0.0839096, 0.457583], 
              [0.00115228, 0.000922407, 0.955279, 0.0426464], 
              [0.00115228, 0.955279, 0.000922407, 0.0426464], 
              [0.00115228, 0.000922407, 0.955279, 0.0426464], 
              [0.00115228, 0.000922407, 0.000922407, 0.997003], 
              [0.00115228, 0.000922407, 0.996773, 0.00115228]
            ]
          }, {
            "db": 0,
            "id": "MA0057.1",
            "alt": "MZF1(var.2)",
            "len": 10,
            "nsites": 16,
            "url": "http://jaspar2018.genereg.net/matrix/MA0057.1",
            "pwm": [
              [0.0638366, 0.249828, 0.436163, 0.250172], 
              [0.125948, 0.00138075, 0.436163, 0.436507], 
              [0.933402, 0.0634925, 0.00138075, 0.00172484], 
              [0.00172484, 0.00138075, 0.684611, 0.312284], 
              [0.00172484, 0.00138075, 0.933058, 0.0638366], 
              [0.00172484, 0.125604, 0.870946, 0.00172484], 
              [0.00172484, 0.00138075, 0.870946, 0.125948], 
              [0.18806, 0.0634925, 0.498275, 0.250172], 
              [0.622843, 0.00138075, 0.249828, 0.125948], 
              [0.498619, 0.125604, 0.249828, 0.125948]
            ]
          }, {
            "db": 0,
            "id": "MA0079.3",
            "alt": "SP1",
            "len": 11,
            "nsites": 8734,
            "url": "http://jaspar2018.genereg.net/matrix/MA0079.3",
            "pwm": [
              [0.0981241, 0.204488, 0.489005, 0.208382], 
              [3.17949e-06, 0.711581, 0.0735077, 0.214908], 
              [0.011338, 0.767454, 2.5452e-06, 0.221205], 
              [3.17949e-06, 0.999991, 2.5452e-06, 3.17949e-06], 
              [3.17949e-06, 0.991633, 2.5452e-06, 0.00836108], 
              [0.1556, 2.5452e-06, 0.529421, 0.314976], 
              [3.17949e-06, 0.999991, 2.5452e-06, 3.17949e-06], 
              [3.17949e-06, 0.999991, 2.5452e-06, 3.17949e-06], 
              [3.17949e-06, 0.764707, 2.5452e-06, 0.235287], 
              [0.12068, 0.727839, 2.5452e-06, 0.151478], 
              [0.0746533, 0.568922, 0.0840406, 0.272384]
            ]
          }, {
            "db": 0,
            "id": "MA0163.1",
            "alt": "PLAG1",
            "len": 14,
            "nsites": 18,
            "url": "http://jaspar2018.genereg.net/matrix/MA0163.1",
            "pwm": [
              [0.00153425, 0.00122818, 0.995703, 0.00153425], 
              [0.16728, 0.00122818, 0.774709, 0.0567833], 
              [0.00153425, 0.00122818, 0.995703, 0.00153425], 
              [0.00153425, 0.00122818, 0.940454, 0.0567833], 
              [0.00153425, 0.774709, 0.222222, 0.00153425], 
              [0.00153425, 0.829957, 0.0564772, 0.112031], 
              [0.222529, 0.553715, 0.0564772, 0.16728], 
              [0.664518, 0.00122818, 0.00122818, 0.333026], 
              [0.609269, 0.277471, 0.111725, 0.00153425], 
              [0.112031, 0.00122818, 0.774709, 0.112031], 
              [0.00153425, 0.00122818, 0.995703, 0.00153425], 
              [0.00153425, 0.00122818, 0.995703, 0.00153425], 
              [0.00153425, 0.00122818, 0.885206, 0.112031], 
              [0.112031, 0.00122818, 0.885206, 0.00153425]
            ]
          }, {
            "db": 0,
            "id": "MA0403.1",
            "alt": "TBF1",
            "len": 8,
            "nsites": 100,
            "url": "http://jaspar2018.genereg.net/matrix/MA0403.1",
            "pwm": [
              [0.609668, 0.110112, 0.120102, 0.160118], 
              [0.459818, 0.110112, 0.349872, 0.0801975], 
              [0.148644, 0.831074, 0.0101132, 0.0101685], 
              [0.000277423, 0.999223, 0.000222078, 0.000277423], 
              [0.000277423, 0.999223, 0.000222078, 0.000277423], 
              [0.000277423, 0.0102121, 0.000222078, 0.989288], 
              [0.757097, 0.0809494, 0.111222, 0.050732], 
              [0.37614, 0.188153, 0.267282, 0.168426]
            ]
          }, {
            "db": 0,
            "id": "MA0426.1",
            "alt": "YHP1",
            "len": 6,
            "nsites": 203,
            "url": "http://jaspar2018.genereg.net/matrix/MA0426.1",
            "pwm": [
              [0.000136731, 0.000109453, 0.000109453, 0.999644], 
              [0.999644, 0.000109453, 0.000109453, 0.000136731], 
              [0.999644, 0.000109453, 0.000109453, 0.000136731], 
              [0.000136731, 0.000109453, 0.000109453, 0.999644], 
              [0.000136731, 0.000109453, 0.000109453, 0.999644], 
              [0.000136731, 0.000109453, 0.999617, 0.000136731]
            ]
          }, {
            "db": 0,
            "id": "MA0432.1",
            "alt": "YNR063W",
            "len": 8,
            "nsites": 102,
            "url": "http://jaspar2018.genereg.net/matrix/MA0432.1",
            "pwm": [
              [0.0786262, 0.0785719, 0.176516, 0.666286], 
              [0.000271988, 0.999238, 0.000217728, 0.000271988], 
              [0.000271988, 0.000217728, 0.999238, 0.000271988], 
              [0.000271988, 0.000217728, 0.999238, 0.000271988], 
              [0.999293, 0.000217728, 0.000217728, 0.000271988], 
              [0.100174, 0.000217728, 0.799434, 0.100174], 
              [0.89939, 0.000217728, 0.000217728, 0.100174], 
              [0.323484, 0.0296009, 0.0296009, 0.617314]
            ]
          }, {
            "db": 0,
            "id": "MA0443.1",
            "alt": "btd",
            "len": 10,
            "nsites": 30,
            "url": "http://jaspar2018.genereg.net/matrix/MA0443.1",
            "pwm": [
              [0.466039, 0.100406, 0.233296, 0.200258], 
              [0.333148, 0.000738538, 0.665191, 0.000922591], 
              [0.133813, 0.000738538, 0.598745, 0.266704], 
              [0.0673681, 0.000738538, 0.930971, 0.000922591], 
              [0.000922591, 0.000738538, 0.997416, 0.000922591], 
              [0.000922591, 0.000738538, 0.997416, 0.000922591], 
              [0.0673681, 0.930971, 0.000738538, 0.000922591], 
              [0.000922591, 0.000738538, 0.997416, 0.000922591], 
              [0.000922591, 0.000738538, 0.665191, 0.333148], 
              [0.499261, 0.0339608, 0.332964, 0.133813]
            ]
          }, {
            "db": 0,
            "id": "MA0449.1",
            "alt": "h",
            "len": 10,
            "nsites": 34,
            "url": "http://jaspar2018.genereg.net/matrix/MA0449.1",
            "pwm": [
              [0.0301401, 0.0593034, 0.880417, 0.0301401], 
              [0.0887906, 0.20593, 0.499186, 0.206093], 
              [0.0301401, 0.909743, 0.0299777, 0.0301401], 
              [0.645976, 0.0299777, 0.293907, 0.0301401], 
              [0.0301401, 0.880417, 0.0299777, 0.0594659], 
              [0.0594659, 0.0299777, 0.880417, 0.0301401], 
              [0.0301401, 0.293907, 0.0299777, 0.645976], 
              [0.0301401, 0.0299777, 0.909743, 0.0301401], 
              [0.206093, 0.499186, 0.20593, 0.0887906], 
              [0.0301401, 0.880417, 0.0593034, 0.0301401]
            ]
          }, {
            "db": 0,
            "id": "MA0504.1",
            "alt": "NR2C2",
            "len": 15,
            "nsites": 395,
            "url": "http://jaspar2018.genereg.net/matrix/MA0504.1",
            "pwm": [
              [0.32657, 0.318963, 0.227847, 0.12662], 
              [0.207613, 0.177226, 0.559409, 0.0557522], 
              [0.488555, 0.0152424, 0.493602, 0.00260165], 
              [7.0286e-05, 0.0203041, 0.926404, 0.0532218], 
              [0.0253799, 0.00764934, 0.898563, 0.068407], 
              [0.00766336, 5.62643e-05, 0.200006, 0.792275], 
              [0.0152564, 0.782136, 0.136731, 0.0658766], 
              [0.868205, 5.62643e-05, 0.121545, 0.0101947], 
              [0.473368, 5.62643e-05, 0.526505, 7.0286e-05], 
              [0.820116, 5.62643e-05, 0.179758, 7.0286e-05], 
              [0.0253799, 5.62643e-05, 0.974494, 7.0286e-05], 
              [0.0279112, 5.62643e-05, 0.850474, 0.121559], 
              [7.0286e-05, 0.068393, 0.225315, 0.706221], 
              [0.0228495, 0.797322, 0.0886418, 0.0911862], 
              [0.734061, 5.62643e-05, 0.232908, 0.032973]
            ]
          }, {
            "db": 0,
            "id": "MA0516.1",
            "alt": "SP2",
            "len": 15,
            "nsites": 1686,
            "url": "http://jaspar2018.genereg.net/matrix/MA0516.1",
            "pwm": [
              [0.0949098, 0.150063, 0.609704, 0.145322], 
              [0.0231471, 0.481005, 0.152436, 0.343412], 
              [0.0308566, 0.822028, 0.000606149, 0.146509], 
              [1.647e-05, 0.995802, 0.00416494, 1.647e-05], 
              [1.647e-05, 0.974451, 1.31843e-05, 0.025519], 
              [0.103213, 1.31843e-05, 0.759161, 0.137612], 
              [1.647e-05, 0.999954, 1.31843e-05, 1.647e-05], 
              [1.647e-05, 0.982161, 1.31843e-05, 0.0178094], 
              [1.647e-05, 0.657151, 1.31843e-05, 0.342819], 
              [0.122192, 0.709342, 1.31843e-05, 0.168452], 
              [0.0682214, 0.575898, 0.0587287, 0.297152], 
              [0.110923, 0.328582, 0.192766, 0.367729], 
              [0.134054, 0.425255, 0.23784, 0.202851], 
              [0.135239, 0.470922, 0.241992, 0.151846], 
              [0.120412, 0.441861, 0.250295, 0.187431]
            ]
          }, {
            "db": 0,
            "id": "MA0528.1",
            "alt": "ZNF263",
            "len": 21,
            "nsites": 15235,
            "url": "http://jaspar2018.genereg.net/matrix/MA0528.1",
            "pwm": [
              [0.155301, 0.0192333, 0.727138, 0.0983272], 
              [0.301674, 1.45913e-06, 0.698323, 1.82276e-06], 
              [0.729764, 1.45913e-06, 0.183919, 0.0863153], 
              [0.0297356, 1.45913e-06, 0.907052, 0.0632114], 
              [0.0663614, 0.11408, 0.816799, 0.0027588], 
              [0.913616, 0.0361682, 0.00282344, 0.0473925], 
              [0.102988, 0.0554001, 0.73856, 0.103053], 
              [0.101872, 0.0936668, 0.751622, 0.0528405], 
              [0.532522, 0.063539, 0.361863, 0.0420755], 
              [0.336856, 0.101281, 0.462223, 0.0996402], 
              [0.203216, 0.070168, 0.621658, 0.104957], 
              [0.433081, 0.0387282, 0.441745, 0.0864473], 
              [0.27404, 0.0406972, 0.584376, 0.100887], 
              [0.269511, 0.106204, 0.5935, 0.0307856], 
              [0.521363, 0.062357, 0.31375, 0.102528], 
              [0.250935, 6.74587e-05, 0.633998, 0.114999], 
              [0.205579, 1.45913e-06, 0.751162, 0.0432575], 
              [0.545124, 1.45913e-06, 0.38674, 0.0681344], 
              [0.343026, 0.0143764, 0.585689, 0.0569094], 
              [0.266951, 0.0426662, 0.6445, 0.0458825], 
              [0.476796, 0.0595351, 0.403084, 0.0605854]
            ]
          }, {
            "db": 0,
            "id": "MA0538.1",
            "alt": "daf-12",
            "len": 15,
            "nsites": 156,
            "url": "http://jaspar2018.genereg.net/matrix/MA0538.1",
            "pwm": [
              [0.141114, 0.128265, 0.724037, 0.00658379], 
              [0.455014, 0.000142409, 0.083422, 0.46142], 
              [0.21158, 0.000142409, 0.788099, 0.000177899], 
              [0.147519, 0.333262, 0.0385798, 0.480639], 
              [0.000177899, 0.000142409, 0.999502, 0.000177899], 
              [0.000177899, 0.333262, 0.000142409, 0.666418], 
              [0.000177899, 0.000142409, 0.999502, 0.000177899], 
              [0.0962703, 0.160296, 0.0898289, 0.653605], 
              [0.000177899, 0.128265, 0.621539, 0.250018], 
              [0.00658379, 0.000142409, 0.000142409, 0.993131], 
              [0.000177899, 0.0065483, 0.986689, 0.00658379], 
              [0.000177899, 0.506228, 0.102641, 0.390953], 
              [0.205174, 0.000142409, 0.538259, 0.256424], 
              [0.109082, 0.128265, 0.179514, 0.583137], 
              [0.109082, 0.275607, 0.358886, 0.256424]
            ]
          }, {
            "db": 0,
            "id": "MA0543.1",
            "alt": "eor-1",
            "len": 15,
            "nsites": 1253,
            "url": "http://jaspar2018.genereg.net/matrix/MA0543.1",
            "pwm": [
              [0.350353, 0.134883, 0.340773, 0.17399], 
              [0.364718, 0.106154, 0.396634, 0.132494], 
              [0.749363, 0.0710421, 0.133287, 0.0463075], 
              [0.106159, 0.00161361, 0.888215, 0.00401184], 
              [0.962435, 0.000815676, 1.774e-05, 0.0367312], 
              [0.0798238, 1.774e-05, 0.898589, 0.0215684], 
              [0.920141, 0.00959398, 0.0558793, 0.014387], 
              [0.209103, 0.476437, 0.254586, 0.0598734], 
              [0.342373, 0.0351309, 0.553845, 0.0686517], 
              [0.189153, 0.436535, 0.32162, 0.052692], 
              [0.944879, 0.0327361, 0.022362, 2.2161e-05], 
              [0.0590754, 0.022362, 0.918539, 2.2161e-05], 
              [0.933707, 0.00241155, 0.059071, 0.00481078], 
              [0.161222, 0.268152, 0.54746, 0.0231643], 
              [0.777294, 0.0207661, 0.146854, 0.0550858]
            ]
          }, {
            "db": 0,
            "id": "MA0576.1",
            "alt": "RAX3",
            "len": 13,
            "nsites": 100,
            "url": "http://jaspar2018.genereg.net/matrix/MA0576.1",
            "pwm": [
              [0.220058, 0.180042, 0.419802, 0.180098], 
              [0.000277423, 0.140082, 0.859363, 0.000277423], 
              [0.180098, 0.0401821, 0.779443, 0.000277423], 
              [0.140138, 0.0901322, 0.549673, 0.220058], 
              [0.000277423, 0.000222078, 0.999223, 0.000277423], 
              [0.000277423, 0.000222078, 0.999223, 0.000277423], 
              [0.000277423, 0.000222078, 0.000222078, 0.999278], 
              [0.779498, 0.0401821, 0.0401821, 0.140138], 
              [0.000277423, 0.000222078, 0.999223, 0.000277423], 
              [0.000277423, 0.000222078, 0.999223, 0.000277423], 
              [0.000277423, 0.000222078, 0.000222078, 0.999278], 
              [0.000277423, 0.000222078, 0.959263, 0.0402375], 
              [0.0402375, 0.319902, 0.599623, 0.0402375]
            ]
          }, {
            "db": 0,
            "id": "MA0685.1",
            "alt": "SP4",
            "len": 17,
            "nsites": 4471,
            "url": "http://jaspar2018.genereg.net/matrix/MA0685.1",
            "pwm": [
              [0.138898, 0.314245, 0.184076, 0.36278], 
              [0.517007, 0.0371201, 0.0154696, 0.430404], 
              [0.567184, 0.0318543, 0.357545, 0.0434172], 
              [0.163734, 0.00105095, 0.832418, 0.00279615], 
              [0.055242, 0.943897, 4.97193e-06, 0.000856192], 
              [0.000438201, 0.96934, 0.00108395, 0.0291376], 
              [0.751365, 0.247873, 0.000754955, 6.211e-06], 
              [0.000435201, 0.999554, 4.97193e-06, 6.211e-06], 
              [0.00181717, 0.00253992, 0.985679, 0.00996399], 
              [0.000433201, 0.998703, 0.000857953, 6.211e-06], 
              [0.000639197, 0.998927, 0.000426962, 6.211e-06], 
              [6.211e-06, 0.984167, 0.000637958, 0.0151889], 
              [0.423375, 0.559127, 0.00207593, 0.0154219], 
              [0.0206377, 0.780707, 0.00383889, 0.194817], 
              [0.214529, 0.1688, 0.044039, 0.572631], 
              [0.137624, 0.285173, 0.0858391, 0.491364], 
              [0.229583, 0.280151, 0.132006, 0.35826]
            ]
          }, {
            "db": 0,
            "id": "MA0960.1",
            "alt": "BHLH104",
            "len": 10,
            "nsites": 1000,
            "url": "http://jaspar2018.genereg.net/matrix/MA0960.1",
            "pwm": [
              [0.130015, 0.0260196, 0.82194, 0.0220256], 
              [0.0150263, 0.0740148, 0.865936, 0.0450233], 
              [0.00602717, 0.993923, 2.22278e-05, 2.77672e-05], 
              [0.995928, 2.22278e-05, 0.00402183, 2.77672e-05], 
              [2.77672e-05, 0.998922, 2.22278e-05, 0.00102767], 
              [0.00102767, 2.22278e-05, 0.998922, 2.77672e-05], 
              [2.77672e-05, 0.00402183, 2.22278e-05, 0.995928], 
              [2.77672e-05, 2.22278e-05, 0.993923, 0.00602717], 
              [0.0450233, 0.865936, 0.0740148, 0.0150263], 
              [0.0220256, 0.82194, 0.0260196, 0.130015]
            ]
          }, {
            "db": 0,
            "id": "MA1073.1",
            "alt": "TRB2",
            "len": 8,
            "nsites": 1000,
            "url": "http://jaspar2018.genereg.net/matrix/MA1073.1",
            "pwm": [
              [0.367991, 0.12601, 0.0690153, 0.436984], 
              [0.348993, 2.22278e-05, 0.610961, 0.0400238], 
              [0.371991, 0.627959, 2.22278e-05, 2.77672e-05], 
              [2.77672e-05, 0.999922, 2.22278e-05, 2.77672e-05], 
              [2.77672e-05, 0.999922, 2.22278e-05, 2.77672e-05], 
              [2.77672e-05, 0.00602163, 2.22278e-05, 0.993928], 
              [0.97993, 2.22278e-05, 0.00702153, 0.0130265], 
              [0.453982, 0.0740148, 0.397982, 0.0740204]
            ]
          }, {
            "db": 0,
            "id": "MA1156.1",
            "alt": "JKD",
            "len": 20,
            "nsites": 596,
            "url": "http://jaspar2018.genereg.net/matrix/MA1156.1",
            "pwm": [
              [0.273491, 0.181215, 0.112434, 0.43286], 
              [0.270135, 0.166116, 0.120822, 0.442925], 
              [0.271813, 0.169472, 0.132565, 0.426149], 
              [0.295299, 0.105725, 0.125855, 0.473121], 
              [0.243295, 0.117468, 0.124177, 0.515061], 
              [0.139285, 0.0503648, 0.0520416, 0.758308], 
              [0.0101119, 0.0402985, 0.0218456, 0.927743], 
              [4.65861e-05, 0.00842489, 0.00674717, 0.98478], 
              [4.65861e-05, 0.0168135, 3.72924e-05, 0.983103], 
              [4.65861e-05, 3.72924e-05, 0.99987, 4.65861e-05], 
              [4.65861e-05, 3.72924e-05, 0.0218456, 0.97807], 
              [0.0184995, 0.946188, 3.72924e-05, 0.0352757], 
              [0.0520509, 0.104047, 0.555313, 0.288589], 
              [0.0151451, 0.0335887, 0.0704955, 0.880771], 
              [0.0956685, 0.166116, 0.0570747, 0.68114], 
              [0.145995, 3.72924e-05, 3.72924e-05, 0.85393], 
              [0.224841, 0.0453317, 0.013458, 0.716369], 
              [0.119155, 0.382523, 0.323809, 0.174514], 
              [0.0788924, 0.226509, 0.0654623, 0.629136], 
              [0.239939, 0.0923038, 0.350649, 0.317107]
            ]
          }, {
            "db": 0,
            "id": "MA1157.1",
            "alt": "NUC",
            "len": 20,
            "nsites": 570,
            "url": "http://jaspar2018.genereg.net/matrix/MA1157.1",
            "pwm": [
              [0.243866, 0.180709, 0.152644, 0.422782], 
              [0.247373, 0.182463, 0.157906, 0.412257], 
              [0.264914, 0.191233, 0.145627, 0.398225], 
              [0.298242, 0.135103, 0.147381, 0.419273], 
              [0.222817, 0.133349, 0.149136, 0.494699], 
              [0.122834, 0.0824805, 0.0737101, 0.720975], 
              [0.0140812, 0.0579238, 0.0333661, 0.894629], 
              [4.87107e-05, 0.00880945, 0.0140715, 0.97707], 
              [4.87107e-05, 0.0140715, 3.89932e-05, 0.985841], 
              [4.87107e-05, 3.89932e-05, 0.999864, 4.87107e-05], 
              [4.87107e-05, 3.89932e-05, 0.00880945, 0.991103], 
              [4.87107e-05, 0.999864, 3.89932e-05, 4.87107e-05], 
              [0.0316222, 0.0894973, 0.668343, 0.210538], 
              [0.00531079, 0.0333661, 0.0579238, 0.903399], 
              [0.110555, 0.156152, 0.0807268, 0.652566], 
              [0.129851, 3.89932e-05, 0.00530107, 0.864809], 
              [0.259652, 0.0719564, 0.0263504, 0.642041], 
              [0.0982775, 0.321036, 0.354363, 0.226325], 
              [0.0421463, 0.259642, 0.0965131, 0.601697], 
              [0.229833, 0.0947594, 0.398215, 0.277193]
            ]
          }, {
            "db": 0,
            "id": "MA1158.1",
            "alt": "MGP",
            "len": 20,
            "nsites": 594,
            "url": "http://jaspar2018.genereg.net/matrix/MA1158.1",
            "pwm": [
              [0.314809, 0.341731, 0.0841982, 0.259262], 
              [0.611055, 0.0841982, 0.234005, 0.0707418], 
              [0.240747, 0.308067, 0.311433, 0.139754], 
              [0.676701, 0.0252862, 0.0841982, 0.213816], 
              [0.861855, 3.7418e-05, 0.00340385, 0.134704], 
              [0.708681, 0.0438011, 0.122913, 0.124605], 
              [0.929183, 0.0353855, 0.0337018, 0.00173046], 
              [0.257579, 0.637977, 0.0875647, 0.0168789], 
              [4.6743e-05, 3.7418e-05, 0.999869, 4.6743e-05], 
              [0.998195, 3.7418e-05, 0.00172113, 4.6743e-05], 
              [4.6743e-05, 0.999869, 3.7418e-05, 4.6743e-05], 
              [0.972947, 3.7418e-05, 0.0269689, 4.6743e-05], 
              [0.988095, 0.00508757, 0.00677028, 4.6743e-05], 
              [0.952748, 0.0151869, 0.0269689, 0.00509689], 
              [0.814725, 0.0471675, 0.032019, 0.10609], 
              [0.536993, 0.134695, 0.0942975, 0.234014], 
              [0.479764, 0.129646, 0.114496, 0.276094], 
              [0.452833, 0.121229, 0.188558, 0.237381], 
              [0.432634, 0.134695, 0.15826, 0.274412], 
              [0.442733, 0.114496, 0.175092, 0.267679]
            ]
          }, {
            "db": 0,
            "id": "MA1160.1",
            "alt": "AT1G14580",
            "len": 20,
            "nsites": 242,
            "url": "http://jaspar2018.genereg.net/matrix/MA1160.1",
            "pwm": [
              [0.252077, 0.14879, 0.132268, 0.466864], 
              [0.252077, 0.132268, 0.14053, 0.475125], 
              [0.247946, 0.177704, 0.132268, 0.442081], 
              [0.297513, 0.111616, 0.115746, 0.475125], 
              [0.239685, 0.0950936, 0.115746, 0.549475], 
              [0.103378, 0.0620492, 0.045528, 0.789045], 
              [0.000114705, 0.0248746, 0.0207443, 0.954265], 
              [0.000114705, 0.00835241, 9.18216e-05, 0.991441], 
              [0.000114705, 0.0248746, 0.00422211, 0.970788], 
              [0.000114705, 0.00422211, 0.991418, 0.004245], 
              [0.000114705, 0.00835241, 0.0620492, 0.929483], 
              [0.00837529, 0.979026, 9.18216e-05, 0.0125066], 
              [0.0538115, 0.086833, 0.636193, 0.223163], 
              [0.00837529, 0.0372665, 0.0579189, 0.896438], 
              [0.0290288, 0.132268, 0.0537886, 0.784914], 
              [0.144683, 9.18216e-05, 0.0248746, 0.830351], 
              [0.268599, 0.0207443, 0.00422211, 0.706435], 
              [0.0868559, 0.367709, 0.446188, 0.0992477], 
              [0.0166369, 0.272706, 0.016614, 0.694043], 
              [0.157075, 0.0620492, 0.483363, 0.297513]
            ]
          }, {
            "db": 0,
            "id": "MA1267.1",
            "alt": "AT5G66940",
            "len": 29,
            "nsites": 597,
            "url": "http://jaspar2018.genereg.net/matrix/MA1267.1",
            "pwm": [
              [0.252935, 0.19431, 0.12062, 0.432135], 
              [0.231164, 0.22948, 0.103873, 0.435485], 
              [0.221115, 0.15914, 0.15579, 0.463956], 
              [0.15245, 0.221106, 0.0821005, 0.544344], 
              [0.175896, 0.237853, 0.0703774, 0.515873], 
              [0.140727, 0.174212, 0.0687027, 0.616358], 
              [0.170872, 0.19096, 0.055304, 0.582864], 
              [0.244562, 0.199334, 0.0620039, 0.494101], 
              [0.224465, 0.249576, 0.103873, 0.422087], 
              [0.179245, 0.308194, 0.0536293, 0.458931], 
              [0.107232, 0.232829, 0.0435809, 0.616358], 
              [0.149101, 0.0653533, 0.0536293, 0.731917], 
              [0.120629, 0.0737269, 0.0586534, 0.74699], 
              [0.0335419, 0.19431, 0.0419062, 0.730242], 
              [0.189295, 0.175887, 0.0452557, 0.589563], 
              [0.485727, 0.132343, 0.179236, 0.202693], 
              [0.00172123, 0.979772, 0.0167844, 0.00172123], 
              [0.00172123, 0.0352073, 0.00171195, 0.961359], 
              [4.65081e-05, 3.723e-05, 3.723e-05, 0.999879], 
              [4.65081e-05, 0.00171195, 3.723e-05, 0.998204], 
              [0.175896, 0.0368821, 0.00171195, 0.78551], 
              [0.0955075, 0.130668, 0.144067, 0.629757], 
              [0.204367, 0.231155, 0.201009, 0.36347], 
              [0.236188, 0.237853, 0.172537, 0.353421], 
              [0.22279, 0.180912, 0.102198, 0.494101], 
              [0.207717, 0.199334, 0.115596, 0.477354], 
              [0.180921, 0.179236, 0.135693, 0.50415], 
              [0.246236, 0.174212, 0.0904741, 0.489077], 
              [0.304853, 0.137367, 0.0837752, 0.474004]
            ]
          }, {
            "db": 0,
            "id": "MA1268.1",
            "alt": "AT1G69570",
            "len": 27,
            "nsites": 596,
            "url": "http://jaspar2018.genereg.net/matrix/MA1268.1",
            "pwm": [
              [0.219809, 0.201346, 0.0956592, 0.483187], 
              [0.231552, 0.14263, 0.104047, 0.521771], 
              [0.152706, 0.0855929, 0.137598, 0.624103], 
              [0.125864, 0.0704955, 0.189602, 0.614038], 
              [0.114121, 0.441238, 0.0369441, 0.407696], 
              [0.583842, 0.120822, 0.13592, 0.159416], 
              [4.65861e-05, 0.99987, 3.72924e-05, 4.65861e-05], 
              [4.65861e-05, 0.0402985, 3.72924e-05, 0.959618], 
              [4.65861e-05, 0.00674717, 3.72924e-05, 0.993169], 
              [4.65861e-05, 3.72924e-05, 3.72924e-05, 0.999879], 
              [0.149351, 0.0352664, 0.013458, 0.801925], 
              [0.134252, 0.172827, 0.100691, 0.592229], 
              [0.164449, 0.41943, 0.0990137, 0.317107], 
              [0.134252, 0.253351, 0.0503648, 0.562033], 
              [0.109088, 0.134243, 0.0352664, 0.721403], 
              [0.110766, 0.104047, 0.0419763, 0.743211], 
              [0.140963, 0.100691, 0.0570747, 0.701271], 
              [0.162771, 0.182893, 0.0604302, 0.593907], 
              [0.130897, 0.238252, 0.100691, 0.530159], 
              [0.191289, 0.18457, 0.0855929, 0.538547], 
