<!DOCTYPE HTML>
<html>
  <head>
    <meta charset="UTF-8">
    <title>SpaMo - Spaced Motif Analysis</title>
    <script type="text/javascript">
      //@JSON_VAR data
      var data = {"program":"SpaMo","version":"4.12.0","revision":"aacc9c3eb8c7b460b344d5c8aa1458097dae704d","release":"Tue Jun 27 16:22:50 2017 -0700","host":"Sudins-iMac.local","when":"Thu May 24 14:30:57 2018","cmd":["spamo","-verbosity","1","-oc","results/AHRpeaks_not-in-DHSs.bed-499.fa/hocomoco/spamo_out_3","-bgfile","results/AHRpeaks_not-in-DHSs.bed-499.fa/hocomoco/background","-primary","TAGTTTAATTAAGTCCCAGCTA","results/AHRpeaks_not-in-DHSs.bed-499.fa/hocomoco/AHRpeaks_not-in-DHSs.bed-499.fa","results/AHRpeaks_not-in-DHSs.bed-499.fa/hocomoco/meme_out/meme.xml","results/AHRpeaks_not-in-DHSs.bed-499.fa/hocomoco/meme_out/meme.xml","/Users/filipov4/meme/db/motif_databases/HUMAN/HOCOMOCOv11_full_HUMAN_mono_meme_format.meme"],"options":{"seq_min_hit_score":7,"margin":150,"bin_size":1,"bin_pvalue_calc_range":150,"use_best_secondary":0,"seq_max_shared_fract":0.5,"seq_odds_ratio":20,"bin_pvalue_cutoff":0.05,"motif_evalue_cutoff":10,"redundant_overlap":2,"redundant_joint":0.5,"motif_pseudocount":0.1,"bgfile":"results/AHRpeaks_not-in-DHSs.bed-499.fa/hocomoco/background","motif_trim":0.25,"xalph":0,"seed":1,"bin_max":4},"alphabet":{"name":"DNA","like":"dna","ncore":4,"symbols":[{"symbol":"A","name":"Adenine","colour":"CC0000","complement":"T"},{"symbol":"C","name":"Cytosine","colour":"0000CC","complement":"G"},{"symbol":"G","name":"Guanine","colour":"FFB300","complement":"C"},{"symbol":"T","aliases":"U","name":"Thymine","colour":"008000","complement":"A"},{"symbol":"N","aliases":"X.","name":"Any base","equals":"ACGT"},{"symbol":"V","name":"Not T","equals":"ACG"},{"symbol":"H","name":"Not G","equals":"ACT"},{"symbol":"D","name":"Not C","equals":"AGT"},{"symbol":"B","name":"Not A","equals":"CGT"},{"symbol":"M","name":"Amino","equals":"AC"},{"symbol":"R","name":"Purine","equals":"AG"},{"symbol":"W","name":"Weak","equals":"AT"},{"symbol":"S","name":"Strong","equals":"CG"},{"symbol":"Y","name":"Pyrimidine","equals":"CT"},{"symbol":"K","name":"Keto","equals":"GT"}]},"background":[0.2976,0.2024,0.2024,0.2976],"sequence_dbs":[{"source":"results/AHRpeaks_not-in-DHSs.bed-499.fa/hocomoco/AHRpeaks_not-in-DHSs.bed-499.fa","name":"AHRpeaks_not-in-DHSs.bed-499","last_modified":"Thu May 24 11:14:35 2018","loaded":42,"excluded_too_short":0,"excluded_no_match":36,"excluded_ambigs":0,"excluded_similar":2,"erased_primary_matches":0}],"primary_dbs":[{"source":"results/AHRpeaks_not-in-DHSs.bed-499.fa/hocomoco/meme_out/meme.xml","name":"meme.xml","last_modified":"Thu May 24 14:30:32 2018","loaded":6,"excluded":5}],"secondary_dbs":[{"source":"results/AHRpeaks_not-in-DHSs.bed-499.fa/hocomoco/meme_out/meme.xml","name":"meme.xml","last_modified":"Thu May 24 14:30:32 2018","loaded":7,"excluded":1},{"source":"/Users/filipov4/meme/db/motif_databases/HUMAN/HOCOMOCOv11_full_HUMAN_mono_meme_format.meme","name":"HOCOMOCOv11_full_HUMAN_mono_meme_format","last_modified":"Wed Dec  6 21:59:30 2017","loaded":771,"excluded":0}],"secondary_motifs":[{"db":0,"id":"CAAAAGCAAATRCAATARAAACAAAGATAA","alt":"MEME-1","len":30,"ltrim":0,"rtrim":0,"nsites":6,"evalue":"6.5e-014","pwm":[[0.00487869,0.82299,0.00331804,0.168813],[0.988485,0.00331804,0.00331804,0.00487869],[0.660617,0.167253,0.167253,0.00487869],[0.82455,0.00331804,0.00331804,0.168813],[0.82455,0.167253,0.00331804,0.00487869],[0.00487869,0.00331804,0.82299,0.168813],[0.00487869,0.82299,0.167253,0.00487869],[0.988485,0.00331804,0.00331804,0.00487869],[0.82455,0.00331804,0.167253,0.00487869],[0.988485,0.00331804,0.00331804,0.00487869],[0.00487869,0.00331804,0.00331804,0.988485],[0.332747,0.00331804,0.495121,0.168813],[0.168813,0.82299,0.00331804,0.00487869],[0.988485,0.00331804,0.00331804,0.00487869],[0.988485,0.00331804,0.00331804,0.00487869],[0.00487869,0.00331804,0.00331804,0.988485],[0.82455,0.167253,0.00331804,0.00487869],[0.496682,0.00331804,0.331187,0.168813],[0.988485,0.00331804,0.00331804,0.00487869],[0.82455,0.00331804,0.167253,0.00487869],[0.82455,0.00331804,0.167253,0.00487869],[0.00487869,0.82299,0.167253,0.00487869],[0.988485,0.00331804,0.00331804,0.00487869],[0.988485,0.00331804,0.00331804,0.00487869],[0.988485,0.00331804,0.00331804,0.00487869],[0.168813,0.167253,0.659056,0.00487869],[0.988485,0.00331804,0.00331804,0.00487869],[0.168813,0.00331804,0.00331804,0.82455],[0.988485,0.00331804,0.00331804,0.00487869],[0.988485,0.00331804,0.00331804,0.00487869]]},{"db":0,"id":"CTTGGTCATGAAATYCTTGCCTAAGSCAA","alt":"MEME-2","len":29,"ltrim":0,"rtrim":0,"nsites":4,"evalue":"1.2e-005","pwm":[[0.00725853,0.736644,0.00493659,0.251161],[0.00725853,0.00493659,0.00493659,0.982868],[0.00725853,0.00493659,0.00493659,0.982868],[0.251161,0.00493659,0.736644,0.00725853],[0.00725853,0.00493659,0.980546,0.00725853],[0.00725853,0.00493659,0.248839,0.738966],[0.00725853,0.980546,0.00493659,0.00725853],[0.982868,0.00493659,0.00493659,0.00725853],[0.251161,0.00493659,0.00493659,0.738966],[0.00725853,0.00493659,0.980546,0.00725853],[0.738966,0.248839,0.00493659,0.00725853],[0.982868,0.00493659,0.00493659,0.00725853],[0.982868,0.00493659,0.00493659,0.00725853],[0.00725853,0.00493659,0.248839,0.738966],[0.00725853,0.492741,0.00493659,0.495063],[0.00725853,0.980546,0.00493659,0.00725853],[0.00725853,0.00493659,0.00493659,0.982868],[0.00725853,0.248839,0.00493659,0.738966],[0.00725853,0.248839,0.736644,0.00725853],[0.00725853,0.980546,0.00493659,0.00725853],[0.00725853,0.980546,0.00493659,0.00725853],[0.00725853,0.00493659,0.00493659,0.982868],[0.738966,0.248839,0.00493659,0.00725853],[0.738966,0.00493659,0.248839,0.00725853],[0.00725853,0.00493659,0.980546,0.00725853],[0.00725853,0.492741,0.492741,0.00725853],[0.00725853,0.980546,0.00493659,0.00725853],[0.982868,0.00493659,0.00493659,0.00725853],[0.982868,0.00493659,0.00493659,0.00725853]]},{"db":0,"id":"WGYMRSGYACACASRC","alt":"MEME-6","len":16,"ltrim":0,"rtrim":0,"nsites":6,"evalue":"4.9e+003","pwm":[[0.660617,0.00331804,0.00331804,0.332747],[0.00487869,0.00331804,0.986925,0.00487869],[0.00487869,0.495121,0.167253,0.332747],[0.660617,0.331187,0.00331804,0.00487869],[0.332747,0.00331804,0.659056,0.00487869],[0.168813,0.331187,0.495121,0.00487869],[0.00487869,0.00331804,0.82299,0.168813],[0.00487869,0.331187,0.167253,0.496682],[0.988485,0.00331804,0.00331804,0.00487869],[0.168813,0.659056,0.167253,0.00487869],[0.988485,0.00331804,0.00331804,0.00487869],[0.00487869,0.986925,0.00331804,0.00487869],[0.988485,0.00331804,0.00331804,0.00487869],[0.00487869,0.331187,0.659056,0.00487869],[0.496682,0.00331804,0.495121,0.00487869],[0.00487869,0.986925,0.00331804,0.00487869]]},{"db":0,"id":"YTTGCRTGRCAAARGKAASAG","alt":"MEME-3","len":21,"ltrim":0,"rtrim":0,"nsites":7,"evalue":"1.9e-004","pwm":[[0.00419155,0.425385,0.00285071,0.567572],[0.00419155,0.143696,0.00285071,0.849262],[0.00419155,0.00285071,0.00285071,0.990107],[0.00419155,0.143696,0.847921,0.00419155],[0.00419155,0.988766,0.00285071,0.00419155],[0.567572,0.00285071,0.425385,0.00419155],[0.00419155,0.284541,0.00285071,0.708417],[0.00419155,0.00285071,0.988766,0.00419155],[0.567572,0.143696,0.284541,0.00419155],[0.00419155,0.847921,0.143696,0.00419155],[0.849262,0.00285071,0.143696,0.00419155],[0.708417,0.143696,0.143696,0.00419155],[0.849262,0.00285071,0.143696,0.00419155],[0.567572,0.00285071,0.425385,0.00419155],[0.00419155,0.143696,0.847921,0.00419155],[0.00419155,0.143696,0.425385,0.426726],[0.990107,0.00285071,0.00285071,0.00419155],[0.990107,0.00285071,0.00285071,0.00419155],[0.00419155,0.566231,0.425385,0.00419155],[0.849262,0.143696,0.00285071,0.00419155],[0.00419155,0.143696,0.707076,0.145036]]},{"db":1,"id":"ANDR_HUMAN.H11MO.2.A","len":12,"ltrim":1,"rtrim":3,"nsites":500,"evalue":"1.0e+000","url":"http://hocomoco.autosome.ru/motif/ANDR_HUMAN.H11MO.2.A","pwm":[[0.140032,0.323976,0.241992,0.294001],[0.24801,0.130014,0.118017,0.503959],[0.138032,0.389962,0.317977,0.154029],[0.0460503,0.0160373,0.00204007,0.935872],[0.00605831,0.0200365,0.969847,0.00405871],[0.0100575,0.0120381,0.00204007,0.975864],[0.0540487,0.120016,0.188003,0.637932],[5.95081e-05,0.983844,0.00603927,0.0100575],[0.0280539,0.405959,0.00403967,0.561947],[0.172025,0.237993,0.114018,0.475964],[0.186022,0.140012,0.269986,0.403979],[0.122035,0.217997,0.241992,0.417976]]},{"db":1,"id":"ARNT_HUMAN.H11MO.0.B","len":9,"ltrim":1,"rtrim":1,"nsites":500,"evalue":"1.0e+000","url":"http://hocomoco.autosome.ru/motif/ARNT_HUMAN.H11MO.0.B","pwm":[[0.152029,0.283984,0.429954,0.134033],[0.138032,0.0740257,0.241992,0.54595],[0.701919,0.0300345,0.245991,0.0220551],[0.0100575,0.947851,0.00204007,0.0400515],[0.00605831,0.00204007,0.989843,0.00205911],[5.95081e-05,4.04719e-05,0.00204007,0.99786],[5.95081e-05,0.00603927,0.991842,0.00205911],[0.355988,0.525935,0.0240357,0.0940407],[0.154029,0.50194,0.144012,0.20002]]},{"db":1,"id":"BACH2_HUMAN.H11MO.0.A","len":11,"ltrim":0,"rtrim":1,"nsites":500,"evalue":"1.0e+000","url":"http://hocomoco.autosome.ru/motif/BACH2_HUMAN.H11MO.0.A","pwm":[[0.122035,0.0960213,0.0680269,0.713917],[0.0140567,0.0780249,0.893862,0.0140567],[0.0440507,0.923856,0.0120381,0.0200555],[0.0780439,0.0380329,0.00803887,0.875884],[0.0580479,0.0600285,0.793882,0.0880419],[0.757908,0.0380329,0.0560293,0.14803],[0.0440507,0.223996,0.669906,0.0620471],[0.0100575,0.0160373,0.00803887,0.965866],[0.0600475,0.919857,0.0160373,0.00405871],[0.963867,0.0120381,0.00803887,0.0160563],[0.0560483,0.319976,0.211998,0.411977]]},{"db":1,"id":"BCL6_HUMAN.H11MO.0.A","len":13,"ltrim":2,"rtrim":0,"nsites":500,"evalue":"1.0e+000","url":"http://hocomoco.autosome.ru/motif/BCL6_HUMAN.H11MO.0.A","pwm":[[0.160028,0.255989,0.190002,0.393981],[0.172025,0.126015,0.413958,0.288002],[0.144031,0.637913,0.138013,0.0800435],[0.0940407,0.223996,0.0160373,0.665926],[0.0380519,0.190002,0.112018,0.659928],[0.0160563,0.0420321,0.0260353,0.915876],[0.00605831,0.829875,0.0200365,0.144031],[0.0240547,0.433954,0.0940217,0.44797],[0.969866,0.0140377,0.0160373,5.95081e-05],[0.172025,0.00204007,0.771886,0.0540487],[0.0260543,0.0700265,0.839873,0.0640467],[0.835892,0.0440317,0.0840237,0.0360523],[0.819896,0.0540297,0.0740257,0.0520491]]},{"db":1,"id":"BRCA1_HUMAN.H11MO.0.D","len":9,"ltrim":1,"rtrim":0,"nsites":73,"evalue":"1.0e+000","url":"http://hocomoco.autosome.ru/motif/BRCA1_HUMAN.H11MO.0.D","pwm":[[0.144248,0.197208,0.290349,0.368195],[0.189624,0.000276881,0.275393,0.534706],[0.0284004,0.125287,0.15328,0.693032],[0.0563936,0.344417,0.481486,0.117704],[0.0284004,0.149912,0.450596,0.371092],[0.000407113,0.000276881,0.869553,0.129763],[0.000407113,0.0282701,0.000276881,0.971046],[0.000407113,0.000276881,0.000276881,0.999039],[0.063392,0.0734016,0.827808,0.0353987]]},{"db":1,"id":"CDX2_HUMAN.H11MO.0.A","len":12,"ltrim":0,"rtrim":0,"nsites":151,"evalue":"1.0e+000","url":"http://hocomoco.autosome.ru/motif/CDX2_HUMAN.H11MO.0.A","pwm":[[0.152414,0.11926,0.211914,0.516411],[0.0597602,0.0729334,0.0596972,0.807609],[0.106087,0.000133951,0.0663153,0.827464],[0.0862327,0.245005,0.172205,0.496557],[0.986299,0.00675208,0.00675208,0.000196956],[0.00681509,0.053079,0.0133702,0.926736],[0.0465239,0.000133951,0.311186,0.642156],[0.185505,0.00675208,0.807546,0.000196956],[0.0134332,0.761219,0.132497,0.0928508],[0.264922,0.211914,0.0861697,0.436994],[0.139178,0.198678,0.350895,0.311249],[0.0134332,0.231769,0.172205,0.582593]]},{"db":1,"id":"CPEB1_HUMAN.H11MO.0.D","len":17,"ltrim":0,"rtrim":0,"nsites":1803,"evalue":"1.0e+000","url":"http://hocomoco.autosome.ru/motif/CPEB1_HUMAN.H11MO.0.D","pwm":[[0.163624,0.217969,0.0893019,0.529105],[0.000571105,0.000565826,0.000565826,0.998297],[0.00473061,0.00361613,0.000288525,0.991365],[0.000709755,0.00181368,0.000149875,0.997327],[1.65049e-05,0.00167503,1.12251e-05,0.998297],[0.996633,0.000565826,0.00222963,0.000571105],[0.00223491,0.0543621,0.00333883,0.940064],[0.128129,0.235716,0.0282958,0.607859],[0.181925,0.250691,0.0732185,0.494165],[0.0926348,0.223515,0.0482615,0.635589],[0.0809882,0.184139,0.0343965,0.700477],[0.0654594,0.135888,0.0260774,0.772575],[0.100399,0.118141,0.0160946,0.765365],[0.181232,0.099146,0.0115192,0.708103],[0.224075,0.116477,0.0233044,0.636143],[0.240297,0.168748,0.0345351,0.556419],[0.223659,0.210343,0.0700295,0.495968]]},{"db":1,"id":"CUX2_HUMAN.H11MO.0.D","len":11,"ltrim":1,"rtrim":1,"nsites":489,"evalue":"1.0e+000","url":"http://hocomoco.autosome.ru/motif/CUX2_HUMAN.H11MO.0.D","pwm":[[0.468268,0.190187,0.10227,0.239276],[0.572541,0.0347991,0.331262,0.061398],[0.717705,0.0838688,0.155429,0.0429969],[0.0777546,0.0511557,0.0470665,0.824023],[0.0102837,0.936455,0.045022,0.00823913],[0.832202,0.0654677,0.0797797,0.0225511],[0.79131,0.169741,0.0225317,0.0164174],[0.0736654,0.0061751,0.0961363,0.824023],[0.353772,0.182008,0.404867,0.0593534],[0.529605,0.167696,0.200409,0.102289],[0.441688,0.210632,0.190187,0.157493]]},{"db":1,"id":"DDIT3_HUMAN.H11MO.0.D","len":10,"ltrim":0,"rtrim":0,"nsites":500,"evalue":"1.0e+000","url":"http://hocomoco.autosome.ru/motif/DDIT3_HUMAN.H11MO.0.D","pwm":[[0.435972,0.39996,0.146011,0.0180559],[0.0220551,0.0180369,0.0160373,0.943871],[0.0120571,0.0280349,0.929855,0.0300535],[0.89988,0.0280349,0.0320341,0.0400515],[0.0220551,0.0580289,0.0460313,0.873885],[0.0140567,0.00803887,0.95185,0.0260543],[0.335992,0.431954,0.00403967,0.228014],[0.883883,0.112018,0.00403967,5.95081e-05],[0.987862,4.04719e-05,0.00803887,0.00405871],[0.0720451,0.241992,0.164008,0.521955]]},{"db":1,"id":"ETV3_HUMAN.H11MO.0.D","len":14,"ltrim":0,"rtrim":0,"nsites":12,"evalue":"1.0e+000","url":"http://hocomoco.autosome.ru/motif/ETV3_HUMAN.H11MO.0.D","pwm":[[0.209071,0.042995,0.290929,0.457005],[0.415683,0.166962,0.166962,0.250393],[0.250393,0.49754,0.0843174,0.167749],[0.415683,0.00167273,0.414896,0.167749],[0.167749,0.00167273,0.0843174,0.746261],[0.167749,0.00167273,0.166962,0.663617],[0.0024595,0.0843174,0.0843174,0.828906],[0.167749,0.0843174,0.745474,0.0024595],[0.0024595,0.828119,0.0843174,0.0851041],[0.828906,0.00167273,0.166962,0.0024595],[0.0024595,0.828119,0.0843174,0.0851041],[0.0024595,0.249607,0.166962,0.580972],[0.0851041,0.00167273,0.166962,0.746261],[0.0024595,0.580185,0.166962,0.250393]]},{"db":1,"id":"FEV_HUMAN.H11MO.0.B","len":10,"ltrim":0,"rtrim":0,"nsites":498,"evalue":"1.0e+000","url":"http://hocomoco.autosome.ru/motif/FEV_HUMAN.H11MO.0.B","pwm":[[0.224914,0.204819,0.520017,0.0502505],[0.255029,0.530055,0.134552,0.0803649],[0.281128,0.321261,0.355391,0.04222],[0.317265,0.0120864,0.658543,0.0121055],[0.0321818,0.00606352,0.947642,0.0141131],[0.967737,0.0221246,0.00405589,0.00608263],[0.672615,0.0582619,0.250994,0.0181284],[0.186769,0.132544,0.602329,0.0783573],[0.154647,0.387513,0.0883763,0.369463],[0.0723344,0.230918,0.584261,0.112487]]},{"db":1,"id":"FEZF1_HUMAN.H11MO.0.C","len":12,"ltrim":1,"rtrim":1,"nsites":500,"evalue":"1.0e+000","url":"http://hocomoco.autosome.ru/motif/FEZF1_HUMAN.H11MO.0.C","pwm":[[0.305998,0.122016,0.361968,0.210018],[0.132033,0.485943,0.0740257,0.307998],[0.0700455,0.0320341,0.0220361,0.875884],[0.0120571,0.0200365,0.949851,0.0180559],[0.0140567,0.555929,0.10202,0.327994],[0.0260543,0.433954,0.0520301,0.487962],[0.0620471,0.725895,0.0260353,0.186022],[0.240012,0.0600285,0.0140377,0.685922],[0.00605831,0.134014,0.0500305,0.809898],[0.0200555,0.0100385,0.0180369,0.951869],[0.0440507,0.116017,0.0700265,0.769906],[0.172025,0.331974,0.158009,0.337992]]},{"db":1,"id":"FOXA1_HUMAN.H11MO.0.A","len":12,"ltrim":0,"rtrim":2,"nsites":500,"evalue":"1.0e+000","url":"http://hocomoco.autosome.ru/motif/FOXA1_HUMAN.H11MO.0.A","pwm":[[0.0160563,4.04719e-05,4.04719e-05,0.983863],[0.24601,0.00403967,0.749891,5.95081e-05],[0.00205911,4.04719e-05,4.04719e-05,0.99786],[0.00405871,4.04719e-05,0.0560293,0.939872],[5.95081e-05,4.04719e-05,0.144012,0.855888],[0.781903,4.04719e-05,0.205999,0.0120571],[0.00805791,0.797881,0.00803887,0.186022],[0.317996,0.138013,0.00403967,0.539952],[0.0320531,0.313978,0.108019,0.54595],[0.463967,0.0200365,0.0160373,0.49996],[0.218016,0.0980209,0.493942,0.190022],[0.108038,0.259988,0.393962,0.238012]]},{"db":1,"id":"FOXA2_HUMAN.H11MO.0.A","len":12,"ltrim":0,"rtrim":1,"nsites":500,"evalue":"1.0e+000","url":"http://hocomoco.autosome.ru/motif/FOXA2_HUMAN.H11MO.0.A","pwm":[[0.0160563,4.04719e-05,0.00204007,0.981863],[0.19602,0.00204007,0.799881,0.00205911],[5.95081e-05,0.00403967,4.04719e-05,0.99586],[0.00205911,4.04719e-05,0.0440317,0.953869],[5.95081e-05,4.04719e-05,0.144012,0.855888],[0.757908,4.04719e-05,0.235993,0.00605831],[0.00805791,0.887863,0.00204007,0.102039],[0.401979,0.122016,4.04719e-05,0.475964],[0.0440507,0.409958,0.120016,0.425974],[0.563947,0.00803887,0.0400325,0.387982],[0.190022,0.0960213,0.54993,0.164027],[0.128034,0.357969,0.281984,0.232013]]},{"db":1,"id":"FOXA3_HUMAN.H11MO.0.B","len":13,"ltrim":2,"rtrim":0,"nsites":500,"evalue":"1.0e+000","url":"http://hocomoco.autosome.ru/motif/FOXA3_HUMAN.H11MO.0.B","pwm":[[0.158028,0.465947,0.215997,0.160028],[0.228014,0.24999,0.0780249,0.443971],[0.0120571,4.04719e-05,0.00603927,0.981863],[0.24601,0.00803887,0.737893,0.00805791],[0.00805791,0.0220361,0.0140377,0.955868],[0.00605831,4.04719e-05,0.0360333,0.957868],[0.00805791,4.04719e-05,0.271986,0.719916],[0.855888,0.00603927,0.114018,0.0240547],[0.00405871,0.873866,0.0220361,0.10004],[0.367986,0.15201,0.00803887,0.471965],[0.0940407,0.231994,0.106019,0.567946],[0.425974,0.0140377,0.0540297,0.505958],[0.154029,0.116017,0.577925,0.152029]]},{"db":1,"id":"FOXB1_HUMAN.H11MO.0.D","len":17,"ltrim":1,"rtrim":1,"nsites":7038,"evalue":"1.0e+000","url":"http://hocomoco.autosome.ru/motif/FOXB1_HUMAN.H11MO.0.D","pwm":[[0.219282,0.162615,0.422576,0.195527],[0.089277,0.143925,0.225753,0.541045],[0.353901,0.384066,0.161097,0.100935],[0.803095,0.0550287,0.056486,0.0853908],[0.724187,0.0823593,0.0299689,0.163485],[0.00346536,0.00334256,0.0160941,0.977098],[0.646658,0.000944059,0.349995,0.00240273],[0.0134237,0.000670813,0.00929327,0.976612],[0.013363,0.000245762,0.0268418,0.959549],[0.00294922,0.000519009,0.279352,0.71718],[0.960035,0.000488648,0.0383789,0.00109722],[0.00313139,0.897339,0.0107809,0.0887487],[0.774926,0.0141814,0.0334908,0.177402],[0.0308204,0.143761,0.0300904,0.795328],[0.717605,0.0169745,0.0435706,0.22185],[0.573755,0.0628193,0.2564,0.107026],[0.123906,0.357173,0.327128,0.191793]]},{"db":1,"id":"FOXC1_HUMAN.H11MO.0.C","len":15,"ltrim":2,"rtrim":0,"nsites":26,"evalue":"1.0e+000","url":"http://hocomoco.autosome.ru/motif/FOXC1_HUMAN.H11MO.0.C","pwm":[[0.13524,0.479703,0.173189,0.211868],[0.345968,0.0774038,0.345603,0.231025],[0.269339,0.154032,0.0774038,0.499225],[0.00114023,0.00077548,0.00077548,0.997309],[0.00114023,0.00077548,0.996944,0.00114023],[0.0394544,0.00077548,0.00077548,0.958995],[0.0394544,0.00077548,0.00077548,0.958995],[0.00114023,0.00077548,0.0390897,0.958995],[0.958995,0.00077548,0.00077548,0.0394544],[0.00114023,0.728745,0.00077548,0.269339],[0.231025,0.115718,0.00077548,0.652481],[0.00114023,0.192346,0.00077548,0.805738],[0.652481,0.00077548,0.00077548,0.345968],[0.46091,0.192346,0.268975,0.0777686],[0.0394544,0.268975,0.575488,0.116083]]},{"db":1,"id":"FOXC2_HUMAN.H11MO.0.D","len":15,"ltrim":0,"rtrim":0,"nsites":5,"evalue":"1.0e+000","url":"http://hocomoco.autosome.ru/motif/FOXC2_HUMAN.H11MO.0.D","pwm":[[0.0583563,0.0564896,0.616714,0.26844],[0.215919,0.214053,0.00396863,0.566059],[0.00583529,0.214053,0.00396863,0.776143],[0.00583529,0.00396863,0.00396863,0.986227],[0.215919,0.00396863,0.774277,0.00583529],[0.00583529,0.00396863,0.00396863,0.986227],[0.00583529,0.00396863,0.00396863,0.986227],[0.215919,0.00396863,0.214053,0.566059],[0.355975,0.00396863,0.00396863,0.636087],[0.00583529,0.354109,0.634221,0.00583529],[0.215919,0.424137,0.00396863,0.355975],[0.00583529,0.634221,0.00396863,0.355975],[0.986227,0.00396863,0.00396863,0.00583529],[0.00583529,0.144025,0.844305,0.00583529],[0.478524,0.0564896,0.266574,0.198412]]},{"db":1,"id":"FOXD1_HUMAN.H11MO.0.D","len":15,"ltrim":0,"rtrim":0,"nsites":22,"evalue":"1.0e+000","url":"http://hocomoco.autosome.ru/motif/FOXD1_HUMAN.H11MO.0.D","pwm":[[0.120217,0.566629,0.119786,0.193368],[0.377663,0.110642,0.0740669,0.437628],[0.354095,0.170786,0.0976352,0.377484],[0.0379221,0.0374914,0.0740669,0.85052],[0.0379221,0.243758,0.680397,0.0379221],[0.0379221,0.0374914,0.0374914,0.887095],[0.00134661,0.000915838,0.0374914,0.960246],[0.00134661,0.000915838,0.0374914,0.960246],[0.923671,0.000915838,0.0374914,0.0379221],[0.00134661,0.850089,0.110642,0.0379221],[0.304512,0.243758,0.0740669,0.377663],[0.207614,0.0740669,0.000915838,0.717404],[0.450814,0.207183,0.0740669,0.267936],[0.424799,0.243758,0.220369,0.111073],[0.262477,0.238657,0.479232,0.0196344]]},{"db":1,"id":"FOXD3_HUMAN.H11MO.0.D","len":15,"ltrim":2,"rtrim":3,"nsites":465,"evalue":"1.0e+000","url":"http://hocomoco.autosome.ru/motif/FOXD3_HUMAN.H11MO.0.D","pwm":[[0.157019,0.17635,0.298904,0.367727],[0.118318,0.217201,0.266653,0.397828],[0.135519,0.00649374,0.0559455,0.802042],[0.0387653,0.0688459,0.872974,0.0194147],[0.0925172,0.0516453,0.0365948,0.819243],[0.0366153,0.111847,0.0494952,0.802042],[0.0538159,4.35176e-05,0.0946468,0.851494],[0.339776,0.200001,0.225801,0.234422],[0.058116,0.599915,0.0623957,0.279574],[0.294624,0.202151,0.0408949,0.46233],[0.109718,0.223651,0.070996,0.595635],[0.404278,0.0473452,0.146249,0.402128],[0.230122,0.141948,0.427908,0.200021],[0.101118,0.363406,0.348356,0.187121],[0.356976,0.292454,0.111847,0.238722]]},{"db":1,"id":"FOXF1_HUMAN.H11MO.0.D","len":11,"ltrim":1,"rtrim":0,"nsites":8,"evalue":"1.0e+000","url":"http://hocomoco.autosome.ru/motif/FOXF1_HUMAN.H11MO.0.D","pwm":[[0.413986,0.151373,0.151373,0.283267],[0.00367407,0.00249877,0.00249877,0.991328],[0.134393,0.00249877,0.859434,0.00367407],[0.00367407,0.00249877,0.00249877,0.991328],[0.00367407,0.00249877,0.00249877,0.991328],[0.00367407,0.00249877,0.00249877,0.991328],[0.72989,0.0678582,0.198577,0.00367407],[0.00367407,0.133218,0.00249877,0.860609],[0.0218295,0.151373,0.151373,0.675424],[0.265112,0.169529,0.00249877,0.562861],[0.432142,0.00249877,0.0388096,0.52655]]},{"db":1,"id":"FOXF2_HUMAN.H11MO.0.D","len":11,"ltrim":0,"rtrim":0,"nsites":26,"evalue":"1.0e+000","url":"http://hocomoco.autosome.ru/motif/FOXF2_HUMAN.H11MO.0.D","pwm":[[0.0163336,0.0159688,0.0159688,0.951729],[0.146803,0.00077548,0.820895,0.0315269],[0.00114023,0.00077548,0.0311622,0.966922],[0.122687,0.00077548,0.00077548,0.875762],[0.122687,0.00077548,0.0311622,0.845375],[0.770722,0.00077548,0.227362,0.00114023],[0.00114023,0.782415,0.0311622,0.185282],[0.284736,0.255806,0.0594452,0.400012],[0.0416424,0.0412777,0.010891,0.906189],[0.481057,0.00077548,0.0311622,0.487005],[0.254349,0.010891,0.357203,0.377557]]},{"db":1,"id":"FOXJ2_HUMAN.H11MO.0.C","len":10,"ltrim":0,"rtrim":0,"nsites":41,"evalue":"1.0e+000","url":"http://hocomoco.autosome.ru/motif/FOXJ2_HUMAN.H11MO.0.C","pwm":[[0.000724087,0.0241814,0.000492458,0.974602],[0.30868,0.000492458,0.642726,0.0481019],[0.000724087,0.000492458,0.0241814,0.974602],[0.000724087,0.000492458,0.000492458,0.998291],[0.000724087,0.000492458,0.000492458,0.998291],[0.548201,0.000492458,0.450582,0.000724087],[0.000724087,0.192636,0.000492458,0.806148],[0.119169,0.216325,0.000492458,0.664014],[0.000724087,0.0241814,0.237382,0.737713],[0.46529,0.0834037,0.130782,0.320525]]},{"db":1,"id":"FOXJ3_HUMAN.H11MO.1.B","len":13,"ltrim":0,"rtrim":0,"nsites":613,"evalue":"1.0e+000","url":"http://hocomoco.autosome.ru/motif/FOXJ3_HUMAN.H11MO.1.B","pwm":[[0.126266,0.100127,0.122346,0.651261],[0.0348017,3.30126e-05,0.390457,0.574708],[0.0300403,3.30126e-05,0.516089,0.453838],[4.85402e-05,3.30126e-05,3.30126e-05,0.999885],[0.0547385,3.30126e-05,0.115339,0.82989],[0.396793,3.30126e-05,0.115348,0.487825],[0.356265,0.0774985,3.30126e-05,0.566203],[4.85402e-05,3.30126e-05,3.30126e-05,0.999885],[0.163666,3.30126e-05,0.836253,4.85402e-05],[4.85402e-05,3.30126e-05,3.30126e-05,0.999885],[4.85402e-05,3.30126e-05,3.30126e-05,0.999885],[4.85402e-05,3.30126e-05,0.012708,0.98721],[0.645559,0.104692,0.116949,0.132799]]},{"db":1,"id":"FOXK1_HUMAN.H11MO.0.A","len":10,"ltrim":0,"rtrim":0,"nsites":500,"evalue":"1.0e+000","url":"http://hocomoco.autosome.ru/motif/FOXK1_HUMAN.H11MO.0.A","pwm":[[0.0200555,0.00803887,0.0100385,0.961867],[0.0760443,0.0200365,0.895861,0.00805791],[0.00605831,0.0860233,0.0200365,0.887882],[0.00205911,0.0100385,0.10002,0.887882],[0.0200555,0.0200365,0.166007,0.793901],[0.491961,0.25199,0.0620281,0.194021],[0.0240547,0.655909,0.0400325,0.280004],[0.303999,0.233994,0.110018,0.351989],[0.154029,0.211998,0.15001,0.483963],[0.116036,0.227995,0.144012,0.511957]]},{"db":1,"id":"FOXM1_HUMAN.H11MO.0.A","len":12,"ltrim":0,"rtrim":2,"nsites":500,"evalue":"1.0e+000","url":"http://hocomoco.autosome.ru/motif/FOXM1_HUMAN.H11MO.0.A","pwm":[[0.0560483,0.0240357,0.0340337,0.885882],[0.252009,0.0220361,0.715897,0.0100575],[0.0260543,0.0300345,0.0560293,0.887882],[5.95081e-05,0.0680269,0.0620281,0.869886],[0.00205911,0.00204007,0.0720261,0.923875],[0.319996,0.0540297,0.587923,0.0380519],[0.0740447,0.745891,0.0180369,0.162027],[0.24601,0.160008,0.0380329,0.555948],[0.0480499,0.289982,0.142012,0.519956],[0.359988,0.0380329,0.0280349,0.573945],[0.108038,0.160008,0.445951,0.286002],[0.166026,0.341972,0.257989,0.234013]]},{"db":1,"id":"FOXO1_HUMAN.H11MO.0.A","len":12,"ltrim":3,"rtrim":1,"nsites":500,"evalue":"1.0e+000","url":"http://hocomoco.autosome.ru/motif/FOXO1_HUMAN.H11MO.0.A","pwm":[[0.186022,0.160008,0.259988,0.393981],[0.0960403,0.309978,0.255989,0.337992],[0.0600475,0.45195,0.25399,0.234013],[0.0400515,0.477945,0.170006,0.311997],[0.00605831,0.0120381,0.0140377,0.967866],[0.0320531,0.0340337,0.917857,0.0160563],[0.00405871,0.186003,0.0160373,0.793901],[0.0100575,0.0300345,0.0620281,0.89788],[0.0120571,0.0400325,0.221996,0.725914],[0.403979,0.223996,0.0520301,0.319996],[0.00605831,0.691902,0.0520301,0.25001],[0.226014,0.263988,0.176005,0.333993]]},{"db":1,"id":"FOXO3_HUMAN.H11MO.0.B","len":10,"ltrim":2,"rtrim":1,"nsites":500,"evalue":"1.0e+000","url":"http://hocomoco.autosome.ru/motif/FOXO3_HUMAN.H11MO.0.B","pwm":[[0.112037,0.393962,0.261988,0.232013],[0.0580479,0.365967,0.188003,0.387982],[0.0200555,0.00603927,4.04719e-05,0.973865],[0.0520491,0.00403967,0.941852,0.00205911],[5.95081e-05,0.00603927,0.00603927,0.987862],[0.00405871,0.00204007,0.0300345,0.963867],[0.00205911,0.0100385,0.140012,0.84789],[0.779904,0.0580289,0.0200365,0.142031],[0.00205911,0.861868,0.00803887,0.128034],[0.383983,0.259988,0.0460313,0.309998]]},{"db":1,"id":"FOXO4_HUMAN.H11MO.0.C","len":9,"ltrim":0,"rtrim":0,"nsites":28,"evalue":"1.0e+000","url":"http://hocomoco.autosome.ru/motif/FOXO4_HUMAN.H11MO.0.C","pwm":[[0.037075,0.108768,0.108768,0.745389],[0.00105907,0.000720285,0.000720285,0.9975],[0.00105907,0.000720285,0.997162,0.00105907],[0.00105907,0.000720285,0.000720285,0.9975],[0.00105907,0.000720285,0.000720285,0.9975],[0.00105907,0.000720285,0.148786,0.849435],[0.709373,0.000720285,0.0367362,0.253171],[0.037075,0.348874,0.1808,0.43325],[0.00105907,0.108768,0.36088,0.529293]]},{"db":1,"id":"FOXO6_HUMAN.H11MO.0.D","len":13,"ltrim":3,"rtrim":0,"nsites":3383,"evalue":"1.0e+000","url":"http://hocomoco.autosome.ru/motif/FOXO6_HUMAN.H11MO.0.D","pwm":[[0.448562,0.121344,0.161544,0.268549],[0.359147,0.17322,0.148391,0.319243],[0.117948,0.371263,0.361804,0.148985],[0.385824,0.0210665,0.0881648,0.504945],[0.00059997,0.00030157,0.00118833,0.99791],[0.00178232,5.98268e-06,0.998203,8.79666e-06],[8.79666e-06,0.00030157,0.00030157,0.999388],[0.00148673,0.00030157,0.0390235,0.959188],[8.79666e-06,0.00030157,0.104348,0.895341],[0.938275,0.0195886,0.0086519,0.033484],[0.00481208,0.881816,0.00983425,0.103538],[0.271653,0.11765,0.463191,0.147507],[0.215122,0.16014,0.10457,0.520168]]},{"db":1,"id":"FOXP1_HUMAN.H11MO.0.A","len":9,"ltrim":0,"rtrim":0,"nsites":295,"evalue":"1.0e+000","url":"http://hocomoco.autosome.ru/motif/FOXP1_HUMAN.H11MO.0.A","pwm":[[0.0577084,0.139005,0.17628,0.627007],[0.0136556,0.281329,0.311827,0.393188],[0.00687821,0.0204007,0.0305667,0.942154],[0.0204329,0.0407328,0.840462,0.0983726],[0.000100847,0.017012,0.0576762,0.925211],[0.00687821,0.0949517,0.0407328,0.857437],[0.0102669,0.0136233,0.081397,0.894713],[0.525347,0.345714,0.0373441,0.0915953],[0.0170443,0.48465,0.0102346,0.488071]]},{"db":1,"id":"FOXP2_HUMAN.H11MO.0.C","len":9,"ltrim":1,"rtrim":1,"nsites":500,"evalue":"1.0e+000","url":"http://hocomoco.autosome.ru/motif/FOXP2_HUMAN.H11MO.0.C","pwm":[[0.0720451,0.39996,0.215997,0.311997],[0.00605831,0.00403967,0.0140377,0.975864],[0.0400515,0.00803887,0.947851,0.00405871],[0.00605831,0.0140377,0.0120381,0.967866],[0.00205911,0.0100385,0.0880229,0.89988],[5.95081e-05,4.04719e-05,0.174006,0.825894],[0.787902,0.10002,0.0340337,0.0780439],[0.00805791,0.747891,0.0300345,0.214017],[0.339992,0.289982,0.10402,0.266006]]},{"db":1,"id":"FUBP1_HUMAN.H11MO.0.D","len":12,"ltrim":0,"rtrim":0,"nsites":102,"evalue":"1.0e+000","url":"http://hocomoco.autosome.ru/motif/FUBP1_HUMAN.H11MO.0.D","pwm":[[0.0026701,0.163266,0.0311203,0.802944],[0.000291479,0.475922,0.0192272,0.504559],[0.000291479,0.000198237,0.98019,0.0193204],[0.000291479,0.000198237,0.0297988,0.969711],[0.285726,0.179916,0.305719,0.228639],[0.125037,0.219031,0.104858,0.551074],[0.0764073,0.0752569,0.257089,0.591247],[0.0193204,0.0858286,0.0858286,0.809022],[0.0573784,0.0858286,0.0858286,0.770964],[0.0668928,0.104858,0.180973,0.647276],[0.104951,0.122829,0.171459,0.600761],[0.100194,0.0895286,0.119129,0.691149]]},{"db":1,"id":"GATA1_HUMAN.H11MO.1.A","len":11,"ltrim":2,"rtrim":2,"nsites":500,"evalue":"1.0e+000","url":"http://hocomoco.autosome.ru/motif/GATA1_HUMAN.H11MO.1.A","pwm":[[0.34599,0.116017,0.30398,0.234013],[0.152029,0.441952,0.305979,0.10004],[0.69992,0.0140377,0.00803887,0.278004],[5.95081e-05,4.04719e-05,0.997841,0.00205911],[0.99986,4.04719e-05,4.04719e-05,5.95081e-05],[0.00605831,0.00803887,4.04719e-05,0.985862],[0.969866,0.00803887,0.00603927,0.0160563],[0.921875,0.00403967,0.0580289,0.0160563],[0.140032,0.174006,0.663908,0.0220551],[0.371985,0.2,0.339972,0.0880419],[0.339992,0.215997,0.321976,0.122035]]},{"db":1,"id":"GATA2_HUMAN.H11MO.1.A","len":11,"ltrim":1,"rtrim":1,"nsites":500,"evalue":"1.0e+000","url":"http://hocomoco.autosome.ru/motif/GATA2_HUMAN.H11MO.1.A","pwm":[[0.34999,0.116017,0.331974,0.202019],[0.164027,0.435953,0.347971,0.0520491],[0.751909,0.0100385,0.00603927,0.232013],[5.95081e-05,0.00204007,0.993842,0.00405871],[0.977864,0.0140377,0.00603927,0.00205911],[0.0160563,0.0400325,0.0480309,0.89588],[0.861887,0.0500305,0.0300345,0.0580479],[0.769906,0.0220361,0.186003,0.0220551],[0.14803,0.239992,0.567927,0.0440507],[0.417976,0.174006,0.369966,0.0380519],[0.417976,0.144012,0.273986,0.164027]]},{"db":1,"id":"GATA4_HUMAN.H11MO.0.A","len":10,"ltrim":2,"rtrim":0,"nsites":500,"evalue":"1.0e+000","url":"http://hocomoco.autosome.ru/motif/GATA4_HUMAN.H11MO.0.A","pwm":[[0.367986,0.128015,0.311978,0.192021],[0.188022,0.429954,0.283984,0.0980399],[0.663927,0.00803887,0.0160373,0.311997],[0.00405871,4.04719e-05,0.995841,5.95081e-05],[0.979864,0.00403967,0.00803887,0.00805791],[0.00805791,0.0220361,0.0400325,0.929874],[0.961867,0.00403967,0.00403967,0.0300535],[0.917876,0.00204007,0.0700265,0.0100575],[0.0940407,0.182004,0.697901,0.0260543],[0.569946,0.142012,0.255989,0.0320531]]},{"db":1,"id":"GATA6_HUMAN.H11MO.0.A","len":13,"ltrim":2,"rtrim":1,"nsites":500,"evalue":"1.0e+000","url":"http://hocomoco.autosome.ru/motif/GATA6_HUMAN.H11MO.0.A","pwm":[[0.337992,0.15401,0.331974,0.176024],[0.24601,0.407959,0.265987,0.0800435],[0.727914,4.04719e-05,0.00603927,0.266006],[5.95081e-05,4.04719e-05,0.999841,5.95081e-05],[0.993861,4.04719e-05,4.04719e-05,0.00605831],[0.0100575,0.00204007,4.04719e-05,0.987862],[0.917876,0.0100385,0.00803887,0.0640467],[0.94987,0.00403967,0.0280349,0.0180559],[0.0360523,0.108019,0.847871,0.00805791],[0.59994,0.10202,0.263988,0.0340527],[0.232013,0.144012,0.162008,0.461967],[0.521955,0.130014,0.144012,0.204019],[0.501959,0.130014,0.196001,0.172025]]},{"db":1,"id":"GCM1_HUMAN.H11MO.0.D","len":14,"ltrim":1,"rtrim":3,"nsites":12,"evalue":"1.0e+000","url":"http://hocomoco.autosome.ru/motif/GCM1_HUMAN.H11MO.0.D","pwm":[[0.314673,0.350617,0.0843174,0.250393],[0.434048,0.0843174,0.0659519,0.415683],[0.250393,0.341434,0.240424,0.167749],[0.819723,0.176145,0.00167273,0.0024595],[0.0024595,0.00167273,0.00167273,0.994195],[0.0024595,0.00167273,0.993408,0.0024595],[0.176931,0.653647,0.00167273,0.167749],[0.0024595,0.0935001,0.580185,0.323855],[0.0024595,0.00167273,0.993408,0.0024595],[0.0024595,0.00167273,0.993408,0.0024595],[0.0851041,0.332251,0.0659519,0.516693],[0.397317,0.258789,0.166962,0.176931],[0.0851041,0.323069,0.258789,0.333038],[0.0851041,0.185327,0.332251,0.397317]]},{"db":1,"id":"GCR_HUMAN.H11MO.1.A","len":12,"ltrim":2,"rtrim":0,"nsites":500,"evalue":"1.0e+000","url":"http://hocomoco.autosome.ru/motif/GCR_HUMAN.H11MO.1.A","pwm":[[0.383983,0.305979,0.110018,0.20002],[0.425974,0.140012,0.305979,0.128034],[0.493961,0.00204007,0.491942,0.0120571],[0.00405871,0.00204007,0.993842,5.95081e-05],[0.609938,0.0440317,0.196001,0.15003],[0.987862,0.00803887,0.00403967,5.95081e-05],[0.00205911,0.993842,0.00403967,5.95081e-05],[0.981863,4.04719e-05,0.00204007,0.0160563],[0.122035,0.188003,0.533934,0.156028],[0.487962,0.0820241,0.178005,0.252009],[0.343991,0.243992,0.311978,0.10004],[0.286002,0.209998,0.0540297,0.44997]]},{"db":1,"id":"GFI1_HUMAN.H11MO.0.C","len":10,"ltrim":0,"rtrim":0,"nsites":150,"evalue":"1.0e+000","url":"http://hocomoco.autosome.ru/motif/GFI1_HUMAN.H11MO.0.C","pwm":[[0.291473,0.0696031,0.587323,0.0516011],[0.0778957,0.684234,0.13936,0.0985096],[0.405113,0.100449,0.0757296,0.418709],[0.0521786,0.285459,0.562893,0.0994701],[0.239248,0.0171018,0.0800481,0.663602],[0.000198268,0.000134844,0.999469,0.000198268],[0.999532,0.000134844,0.000134844,0.000198268],[0.000198268,0.000134844,0.000134844,0.999532],[0.000198268,0.000134844,0.000134844,0.999532],[0.103632,0.118119,0.190832,0.587418]]},{"db":1,"id":"GLI1_HUMAN.H11MO.0.D","len":12,"ltrim":1,"rtrim":0,"nsites":500,"evalue":"1.0e+000","url":"http://hocomoco.autosome.ru/motif/GLI1_HUMAN.H11MO.0.D","pwm":[[0.112037,0.391962,0.184004,0.311997],[0.0340527,0.471946,0.39996,0.0940407],[0.0700455,0.0760253,0.0120381,0.841891],[0.0200555,0.0280349,0.905859,0.0460503],[0.0100575,0.0120381,0.763888,0.214017],[0.0120571,0.0400325,0.947851,5.95081e-05],[0.0660463,0.0220361,0.0200365,0.891881],[0.0120571,0.00803887,0.973846,0.00605831],[0.0160563,0.00403967,0.937853,0.0420511],[0.0140567,0.237993,0.15201,0.59594],[0.0420511,0.879865,0.0420321,0.0360523],[0.116036,0.359968,0.0600285,0.463967]]},{"db":1,"id":"GLI3_HUMAN.H11MO.0.B","len":11,"ltrim":1,"rtrim":1,"nsites":15,"evalue":"1.0e+000","url":"http://hocomoco.autosome.ru/motif/GLI3_HUMAN.H11MO.0.B","pwm":[[0.103021,0.301066,0.294215,0.301697],[0.00197086,0.0698492,0.0013404,0.92684],[0.00197086,0.0013404,0.926209,0.0704797],[0.00197086,0.0698492,0.8577,0.0704797],[0.00197086,0.0013404,0.994718,0.00197086],[0.00197086,0.0013404,0.0013404,0.995348],[0.00197086,0.0013404,0.994718,0.00197086],[0.00197086,0.0013404,0.8577,0.138988],[0.0704797,0.0013404,0.0698492,0.858331],[0.0704797,0.652174,0.0698492,0.207497],[0.103021,0.369575,0.1709,0.356504]]},{"db":1,"id":"GLIS1_HUMAN.H11MO.0.D","len":13,"ltrim":1,"rtrim":1,"nsites":492,"evalue":"1.0e+000","url":"http://hocomoco.autosome.ru/motif/GLIS1_HUMAN.H11MO.0.D","pwm":[[0.185998,0.183947,0.118919,0.511135],[0.10827,0.630502,0.0940261,0.167201],[0.0600076,0.0416993,0.850478,0.047815],[0.0442588,0.190551,0.0422074,0.722983],[0.0310501,0.0269666,0.906869,0.0351143],[0.0310501,0.0310308,0.912965,0.0249538],[0.0127611,0.0127418,0.925158,0.0493391],[0.0371464,0.0188381,0.910933,0.0330822],[0.0142852,0.0183301,0.949035,0.0183494],[0.0178414,0.0178221,0.944463,0.0198735],[0.0203815,0.0142659,0.0427154,0.922637],[0.302336,0.560395,0.0869137,0.0503551],[0.209876,0.108251,0.313494,0.36838]]},{"db":1,"id":"GLIS3_HUMAN.H11MO.0.D","len":10,"ltrim":0,"rtrim":0,"nsites":38,"evalue":"1.0e+000","url":"http://hocomoco.autosome.ru/motif/GLIS3_HUMAN.H11MO.0.D","pwm":[[0.0545754,0.196808,0.734751,0.0138662],[0.0269513,0.381453,0.0935808,0.498015],[0.0938307,0.000531234,0.852517,0.0531215],[0.000781102,0.000531234,0.800176,0.198511],[0.0269513,0.0267014,0.945566,0.000781102],[0.0531215,0.000531234,0.762375,0.183972],[0.000781102,0.000531234,0.997907,0.000781102],[0.0414903,0.0267014,0.852517,0.0792917],[0.0269513,0.224432,0.000531234,0.748086],[0.422412,0.419254,0.105212,0.0531215]]},{"db":1,"id":"HAND1_HUMAN.H11MO.0.D","len":17,"ltrim":3,"rtrim":0,"nsites":500,"evalue":"1.0e+000","url":"http://hocomoco.autosome.ru/motif/HAND1_HUMAN.H11MO.0.D","pwm":[[0.242011,0.114018,0.439952,0.204019],[0.154029,0.132014,0.495941,0.218016],[0.136032,0.265987,0.45195,0.14603],[0.0380519,0.40196,0.0520301,0.507958],[0.0240547,0.947851,0.00603927,0.0220551],[0.0160563,4.04719e-05,4.04719e-05,0.983863],[0.00205911,0.00204007,0.987843,0.00805791],[0.00205911,0.223996,0.613918,0.160028],[0.182023,0.30398,0.126015,0.387982],[0.192021,0.25199,0.0940217,0.461967],[0.335992,0.10202,0.0280349,0.533953],[0.178024,0.221996,0.291982,0.307998],[0.0500495,0.235993,0.0740257,0.639932],[0.170026,0.311978,0.397961,0.120036],[0.0240547,0.0260353,0.0340337,0.915876],[0.0200555,0.867867,0.0500305,0.0620471],[0.611937,0.108019,0.0360333,0.244011]]},{"db":1,"id":"HSF2_HUMAN.H11MO.0.A","len":14,"ltrim":1,"rtrim":0,"nsites":1040,"evalue":"1.0e+000","url":"http://hocomoco.autosome.ru/motif/HSF2_HUMAN.H11MO.0.A","pwm":[[0.341388,0.261785,0.308824,0.0880032],[0.067235,0.0840999,0.766426,0.0822396],[0.750253,0.0685776,0.117069,0.0641],[0.692731,0.0605926,0.110655,0.136022],[0.120998,0.230397,0.280191,0.368415],[0.304404,0.189922,0.415797,0.0898766],[0.0960664,0.036199,0.0787501,0.788985],[0.064568,0.048532,0.0926592,0.794241],[0.0443154,0.795038,0.120608,0.0400388],[0.0677223,0.137604,0.161988,0.632685],[0.581982,0.177809,0.174566,0.0656431],[0.0168905,0.119131,0.81007,0.053908],[0.725265,0.0617257,0.114397,0.098613],[0.550756,0.162439,0.138528,0.148277]]},{"db":1,"id":"HXA13_HUMAN.H11MO.0.C","len":11,"ltrim":2,"rtrim":0,"nsites":17,"evalue":"1.0e+000","url":"http://hocomoco.autosome.ru/motif/HXA13_HUMAN.H11MO.0.C","pwm":[[0.188572,0.194872,0.503402,0.113154],[0.344551,0.0628896,0.37142,0.221139],[0.00174035,0.00118363,0.193158,0.803918],[0.289702,0.00118363,0.124596,0.584519],[0.0634463,0.00118363,0.00118363,0.934186],[0.262277,0.00118363,0.00118363,0.735356],[0.995892,0.00118363,0.00118363,0.00174035],[0.00174035,0.172589,0.00118363,0.824487],[0.11144,0.0628896,0.234295,0.591375],[0.00174035,0.0628896,0.762224,0.173146],[0.101156,0.18973,0.676521,0.0325933]]},{"db":1,"id":"HXB1_HUMAN.H11MO.0.D","len":10,"ltrim":0,"rtrim":0,"nsites":15,"evalue":"1.0e+000","url":"http://hocomoco.autosome.ru/motif/HXB1_HUMAN.H11MO.0.D","pwm":[[0.307916,0.0013404,0.0693282,0.621415],[0.00197086,0.0013404,0.994718,0.00197086],[0.995348,0.0013404,0.0013404,0.00197086],[0.00197086,0.0013404,0.0013404,0.995348],[0.00197086,0.0013404,0.620785,0.375904],[0.00197086,0.0013404,0.994718,0.00197086],[0.995348,0.0013404,0.0013404,0.00197086],[0.00197086,0.0013404,0.0013404,0.995348],[0.00197086,0.17131,0.824748,0.00197086],[0.0699587,0.0693282,0.858742,0.00197086]]},{"db":1,"id":"HXC11_HUMAN.H11MO.0.D","len":11,"ltrim":1,"rtrim":1,"nsites":320,"evalue":"1.0e+000","url":"http://hocomoco.autosome.ru/motif/HXC11_HUMAN.H11MO.0.D","pwm":[[0.313744,0.109318,0.253003,0.323935],[0.111538,0.0717386,0.140311,0.676413],[0.0299475,0.0638153,0.0450958,0.861141],[0.0558947,0.0151012,0.0176489,0.911355],[0.363647,0.0201967,0.0032479,0.612909],[0.971864,0.0102542,6.32303e-05,0.0178187],[0.00518844,0.634503,0.0245468,0.335762],[0.0310001,0.0410528,0.765892,0.162055],[0.74133,0.029308,0.145962,0.0834003],[0.0711856,0.554159,0.146269,0.228386],[0.173994,0.389094,0.156238,0.280674]]},{"db":1,"id":"HXC12_HUMAN.H11MO.0.D","len":12,"ltrim":1,"rtrim":2,"nsites":2465,"evalue":"1.0e+000","url":"http://hocomoco.autosome.ru/motif/HXC