<!DOCTYPE HTML>
<html>
  <head>
    <meta charset="UTF-8">
    <title>SpaMo - Spaced Motif Analysis</title>
    <script type="text/javascript">
      //@JSON_VAR data
      var data = {"program":"SpaMo","version":"4.12.0","revision":"aacc9c3eb8c7b460b344d5c8aa1458097dae704d","release":"Tue Jun 27 16:22:50 2017 -0700","host":"Sudins-iMac.local","when":"Thu May 24 18:30:14 2018","cmd":["spamo","-verbosity","1","-oc","results/AHRpeaks_withAHREs.bed-399.fa/jaspar/spamo_out_6","-bgfile","results/AHRpeaks_withAHREs.bed-399.fa/jaspar/background","-primary","TCCAGCCTGGGTSACAGAGYRASAYYCC","results/AHRpeaks_withAHREs.bed-399.fa/jaspar/AHRpeaks_withAHREs.bed-399.fa","results/AHRpeaks_withAHREs.bed-399.fa/jaspar/meme_out/meme.xml","results/AHRpeaks_withAHREs.bed-399.fa/jaspar/meme_out/meme.xml","results/AHRpeaks_withAHREs.bed-399.fa/jaspar/dreme_out/dreme.xml","/Users/filipov4/meme/db/motif_databases/JASPAR/JASPAR2018_CORE_non-redundant.meme"],"options":{"seq_min_hit_score":7,"margin":150,"bin_size":1,"bin_pvalue_calc_range":150,"use_best_secondary":0,"seq_max_shared_fract":0.5,"seq_odds_ratio":20,"bin_pvalue_cutoff":0.05,"motif_evalue_cutoff":10,"redundant_overlap":2,"redundant_joint":0.5,"motif_pseudocount":0.1,"bgfile":"results/AHRpeaks_withAHREs.bed-399.fa/jaspar/background","motif_trim":0.25,"xalph":0,"seed":1,"bin_max":7},"alphabet":{"name":"DNA","like":"dna","ncore":4,"symbols":[{"symbol":"A","name":"Adenine","colour":"CC0000","complement":"T"},{"symbol":"C","name":"Cytosine","colour":"0000CC","complement":"G"},{"symbol":"G","name":"Guanine","colour":"FFB300","complement":"C"},{"symbol":"T","aliases":"U","name":"Thymine","colour":"008000","complement":"A"},{"symbol":"N","aliases":"X.","name":"Any base","equals":"ACGT"},{"symbol":"V","name":"Not T","equals":"ACG"},{"symbol":"H","name":"Not G","equals":"ACT"},{"symbol":"D","name":"Not C","equals":"AGT"},{"symbol":"B","name":"Not A","equals":"CGT"},{"symbol":"M","name":"Amino","equals":"AC"},{"symbol":"R","name":"Purine","equals":"AG"},{"symbol":"W","name":"Weak","equals":"AT"},{"symbol":"S","name":"Strong","equals":"CG"},{"symbol":"Y","name":"Pyrimidine","equals":"CT"},{"symbol":"K","name":"Keto","equals":"GT"}]},"background":[0.2648,0.2352,0.2352,0.2648],"sequence_dbs":[{"source":"results/AHRpeaks_withAHREs.bed-399.fa/jaspar/AHRpeaks_withAHREs.bed-399.fa","name":"AHRpeaks_withAHREs.bed-399","last_modified":"Thu May 24 11:14:35 2018","loaded":1342,"excluded_too_short":0,"excluded_no_match":1328,"excluded_ambigs":0,"excluded_similar":2,"erased_primary_matches":0}],"primary_dbs":[{"source":"results/AHRpeaks_withAHREs.bed-399.fa/jaspar/meme_out/meme.xml","name":"meme.xml","last_modified":"Thu May 24 18:27:45 2018","loaded":6,"excluded":5}],"secondary_dbs":[{"source":"results/AHRpeaks_withAHREs.bed-399.fa/jaspar/meme_out/meme.xml","name":"meme.xml","last_modified":"Thu May 24 18:27:45 2018","loaded":7,"excluded":1},{"source":"results/AHRpeaks_withAHREs.bed-399.fa/jaspar/dreme_out/dreme.xml","name":"dreme.xml","last_modified":"Thu May 24 18:28:38 2018","loaded":7,"excluded":0},{"source":"/Users/filipov4/meme/db/motif_databases/JASPAR/JASPAR2018_CORE_non-redundant.meme","name":"JASPAR2018_CORE_non-redundant","last_modified":"Thu Dec  7 14:38:42 2017","loaded":1404,"excluded":0}],"secondary_motifs":[{"db":0,"id":"RAAAAAAAMAAAMAAA","alt":"MEME-2","len":16,"ltrim":0,"rtrim":0,"nsites":52,"evalue":"5.5e-035","pwm":[[0.480354,0.00045144,0.345941,0.173253],[0.960201,0.00045144,0.00045144,0.0388964],[0.787457,0.00045144,0.211583,0.000508253],[0.633905,0.0772268,0.0196455,0.269222],[0.55713,0.269166,0.00045144,0.173253],[0.941008,0.00045144,0.0580327,0.000508253],[0.691487,0.0388396,0.269166,0.000508253],[0.883425,0.00045144,0.0772268,0.0388964],[0.480354,0.44191,0.0772268,0.000508253],[0.941008,0.0580327,0.00045144,0.000508253],[0.633905,0.00045144,0.154002,0.21164],[0.998589,0.00045144,0.00045144,0.000508253],[0.365192,0.326747,0.173196,0.134865],[0.921814,0.00045144,0.0388396,0.0388964],[0.710681,0.115615,0.173196,0.000508253],[0.902619,0.00045144,0.0772268,0.0197023]]},{"db":0,"id":"RKCTCMCHGCMMHCYCCNCCHC","alt":"MEME-3","len":22,"ltrim":0,"rtrim":0,"nsites":48,"evalue":"4.5e-027","pwm":[[0.291611,0.125229,0.582609,0.00055052],[0.0629206,0.104439,0.457869,0.374771],[0.00055052,0.85288,0.062859,0.0837103],[0.166871,0.208389,0.000488981,0.624251],[0.00055052,0.72814,0.166809,0.104501],[0.395561,0.437079,0.000488981,0.166871],[0.0837103,0.91525,0.000488981,0.00055052],[0.250031,0.312339,0.0212787,0.416351],[0.00055052,0.249969,0.66577,0.0837103],[0.0421309,0.6034,0.146019,0.20845],[0.520301,0.395499,0.000488981,0.0837103],[0.437141,0.333129,0.146019,0.0837103],[0.229241,0.333129,0.0420694,0.395561],[0.0213402,0.87367,0.000488981,0.104501],[0.0837103,0.35392,0.104439,0.457931],[0.0213402,0.832089,0.0212787,0.125291],[0.187661,0.56182,0.0420694,0.20845],[0.353981,0.22918,0.187599,0.229241],[0.0629206,0.74893,0.000488981,0.187661],[0.00055052,0.97762,0.000488981,0.0213402],[0.229241,0.35392,0.000488981,0.416351],[0.00055052,0.95683,0.0420694,0.00055052]]},{"db":2,"id":"MA0003.3","alt":"TFAP2A","len":11,"ltrim":1,"rtrim":1,"nsites":5308,"url":"http://jaspar2018.genereg.net/matrix/MA0003.3","pwm":[[0.321401,0.365296,0.0521884,0.261115],[0.0249495,0.176257,0.79023,0.00856283],[4.9886e-06,0.974472,0.025518,4.9886e-06],[4.9886e-06,0.947853,0.00196839,0.050174],[0.00622087,0.310039,0.123942,0.559798],[0.10833,0.50527,0.30388,0.0825204],[0.68562,0.187419,0.116408,0.0105528],[0.154624,0.0342288,0.811143,4.9886e-06],[4.9886e-06,0.00580932,0.994181,4.9886e-06],[0.00578888,0.881704,0.108584,0.00392291],[0.351354,0.150341,0.243971,0.254333]]},{"db":2,"id":"MA0006.1","alt":"Ahr::Arnt","len":6,"ltrim":0,"rtrim":0,"nsites":24,"url":"http://jaspar2018.genereg.net/matrix/MA0006.1","pwm":[[0.12558,0.332926,0.0839632,0.45753],[0.00109875,0.000975934,0.955332,0.0425929],[0.00109875,0.955332,0.000975934,0.0425929],[0.00109875,0.000975934,0.955332,0.0425929],[0.00109875,0.000975934,0.000975934,0.996949],[0.00109875,0.000975934,0.996827,0.00109875]]},{"db":2,"id":"MA0010.1","alt":"br","len":14,"ltrim":1,"rtrim":1,"nsites":9,"url":"http://jaspar2018.genereg.net/matrix/MA0010.1","pwm":[[0.33258,0.112475,0.442145,0.1128],[0.1128,0.112475,0.112475,0.662251],[0.552361,0.222365,0.112475,0.1128],[0.772141,0.00258462,0.112475,0.1128],[0.33258,0.00258462,0.00258462,0.662251],[0.662251,0.00258462,0.00258462,0.33258],[0.44247,0.112475,0.442145,0.00290989],[0.772141,0.00258462,0.112475,0.1128],[0.1128,0.881706,0.00258462,0.00290989],[0.991921,0.00258462,0.00258462,0.00290989],[0.882031,0.00258462,0.112475,0.00290989],[0.552361,0.00258462,0.332255,0.1128],[0.44247,0.00258462,0.00258462,0.552361],[0.22269,0.332255,0.222365,0.22269]]},{"db":2,"id":"MA0013.1","alt":"br(var.4)","len":11,"ltrim":0,"rtrim":0,"nsites":6,"url":"http://jaspar2018.genereg.net/matrix/MA0013.1","pwm":[[0.168276,0.16779,0.00385574,0.660079],[0.660079,0.00385574,0.00385574,0.33221],[0.33221,0.00385574,0.659594,0.00434098],[0.168276,0.00385574,0.00385574,0.824013],[0.824013,0.00385574,0.16779,0.00434098],[0.987948,0.00385574,0.00385574,0.00434098],[0.824013,0.00385574,0.16779,0.00434098],[0.168276,0.495659,0.16779,0.168276],[0.496144,0.00385574,0.16779,0.33221],[0.824013,0.00385574,0.00385574,0.168276],[0.496144,0.16779,0.00385574,0.33221]]},{"db":2,"id":"MA0019.1","alt":"Ddit3::Cebpa","len":12,"ltrim":2,"rtrim":0,"nsites":39,"url":"http://jaspar2018.genereg.net/matrix/MA0019.1","pwm":[[0.358733,0.179629,0.307507,0.15413],[0.282007,0.179629,0.358657,0.179705],[0.461035,0.0773278,0.384233,0.0774035],[0.000677238,0.026177,0.000601535,0.972544],[0.000677238,0.000601535,0.972469,0.0262527],[0.102979,0.844591,0.000601535,0.0518281],[0.972544,0.026177,0.000601535,0.000677238],[0.921393,0.0517524,0.026177,0.000677238],[0.000677238,0.154054,0.000601535,0.844667],[0.358733,0.435384,0.128479,0.0774035],[0.102979,0.588837,0.23078,0.0774035],[0.000677238,0.665564,0.154054,0.179705]]},{"db":2,"id":"MA0041.1","alt":"Foxd3","len":12,"ltrim":0,"rtrim":0,"nsites":47,"url":"http://jaspar2018.genereg.net/matrix/MA0041.1","pwm":[[0.234108,0.0641938,0.552516,0.149182],[0.637505,0.042962,0.000499363,0.319034],[0.510116,0.0217312,0.000499363,0.467653],[0.021794,0.0854247,0.000499363,0.892282],[0.255339,0.000499363,0.722367,0.021794],[0.000562208,0.000499363,0.000499363,0.998439],[0.021794,0.000499363,0.000499363,0.977207],[0.106719,0.000499363,0.212814,0.679968],[0.297802,0.000499363,0.44636,0.255339],[0.127951,0.149119,0.000499363,0.72243],[0.021794,0.042962,0.0854247,0.849819],[0.000562208,0.255276,0.000499363,0.743662]]},{"db":2,"id":"MA0045.1","alt":"HMG-I/Y","len":16,"ltrim":1,"rtrim":0,"nsites":14,"url":"http://jaspar2018.genereg.net/matrix/MA0045.1","pwm":[[0.214644,0.356278,0.285356,0.143722],[0.498332,0.00166809,0.214434,0.285566],[0.640176,0.0725905,0.0725905,0.214644],[0.214644,0.4272,0.285356,0.0728004],[0.78202,0.00166809,0.214434,0.00187801],[0.78202,0.00166809,0.143512,0.0728004],[0.78202,0.00166809,0.143512,0.0728004],[0.214644,0.214434,0.143512,0.42741],[0.285566,0.0725905,0.569044,0.0728004],[0.214644,0.285356,0.4272,0.0728004],[0.569254,0.356278,0.0725905,0.00187801],[0.569254,0.0725905,0.285356,0.0728004],[0.640176,0.00166809,0.143512,0.214644],[0.640176,0.356278,0.00166809,0.00187801],[0.78202,0.00166809,0.214434,0.00187801],[0.143722,0.498122,0.00166809,0.356488]]},{"db":2,"id":"MA0067.1","alt":"Pax2","len":8,"ltrim":1,"rtrim":0,"nsites":31,"url":"http://jaspar2018.genereg.net/matrix/MA0067.1","pwm":[[0.322395,0.225836,0.161528,0.290241],[0.225931,0.0329105,0.675997,0.06516],[0.0973143,0.0650648,0.00075627,0.836865],[0.000851447,0.901078,0.0329105,0.06516],[0.836865,0.0329105,0.0972191,0.0330057],[0.06516,0.54738,0.0329105,0.354549],[0.06516,0.00075627,0.611689,0.322395],[0.0330057,0.354454,0.354454,0.258087]]},{"db":2,"id":"MA0079.3","alt":"SP1","len":11,"ltrim":1,"rtrim":0,"nsites":8734,"url":"http://jaspar2018.genereg.net/matrix/MA0079.3","pwm":[[0.0981239,0.204488,0.489005,0.208382],[3.03179e-06,0.711582,0.0735079,0.214908],[0.0113379,0.767454,2.69289e-06,0.221204],[3.03179e-06,0.999991,2.69289e-06,3.03179e-06],[3.03179e-06,0.991633,2.69289e-06,0.00836094],[0.1556,2.69289e-06,0.529422,0.314975],[3.03179e-06,0.999991,2.69289e-06,3.03179e-06],[3.03179e-06,0.999991,2.69289e-06,3.03179e-06],[3.03179e-06,0.764707,2.69289e-06,0.235287],[0.12068,0.727839,2.69289e-06,0.151478],[0.0746532,0.568922,0.0840407,0.272384]]},{"db":2,"id":"MA0082.1","alt":"squamosa","len":14,"ltrim":0,"rtrim":1,"nsites":30,"url":"http://jaspar2018.genereg.net/matrix/MA0082.1","pwm":[[0.366329,0.465898,0.0340037,0.13377],[0.000879734,0.731678,0.000781396,0.266661],[0.798222,0.000781396,0.133671,0.0673252],[0.532441,0.0672269,0.0340037,0.366329],[0.765,0.000781396,0.000781396,0.233438],[0.565664,0.000781396,0.000781396,0.432773],[0.798222,0.0340037,0.000781396,0.166993],[0.266661,0.000781396,0.0340037,0.698554],[0.465996,0.0340037,0.49912,0.000879734],[0.034102,0.0340037,0.931014,0.000879734],[0.465996,0.166895,0.0340037,0.333105],[0.831444,0.166895,0.000781396,0.000879734],[0.698554,0.0672269,0.100449,0.13377],[0.233438,0.166895,0.266562,0.333105]]},{"db":2,"id":"MA0087.1","alt":"Sox5","len":7,"ltrim":0,"rtrim":1,"nsites":23,"url":"http://jaspar2018.genereg.net/matrix/MA0087.1","pwm":[[0.996817,0.00101818,0.00101818,0.00114632],[0.00114632,0.00101818,0.044308,0.953528],[0.00114632,0.00101818,0.00101818,0.996817],[0.0444361,0.00101818,0.953399,0.00114632],[0.00114632,0.044308,0.00101818,0.953528],[0.0444361,0.044308,0.00101818,0.910237],[0.347467,0.130889,0.174178,0.347467]]},{"db":2,"id":"MA0118.1","alt":"Macho-1","len":9,"ltrim":1,"rtrim":1,"nsites":42,"url":"http://jaspar2018.genereg.net/matrix/MA0118.1","pwm":[[0.119394,0.356853,0.143076,0.380676],[0.214406,0.0480646,0.546877,0.190653],[0.000628978,0.00055867,0.998183,0.000628978],[0.000628978,0.00055867,0.998183,0.000628978],[0.0718883,0.0955705,0.546877,0.285664],[0.000628978,0.00055867,0.998183,0.000628978],[0.119394,0.16683,0.356853,0.356924],[0.119394,0.3331,0.0955705,0.451935],[0.309418,0.3331,0.238088,0.119394]]},{"db":2,"id":"MA0120.1","alt":"id1","len":12,"ltrim":0,"rtrim":0,"nsites":24,"url":"http://jaspar2018.genereg.net/matrix/MA0120.1","pwm":[[0.0425929,0.04247,0.0839632,0.830974],[0.12558,0.125457,0.166951,0.582011],[0.0425929,0.0839632,0.37442,0.499024],[0.00109875,0.37442,0.125457,0.499024],[0.00109875,0.540395,0.166951,0.291556],[0.084086,0.457407,0.166951,0.291556],[0.12558,0.332926,0.0839632,0.45753],[0.0425929,0.04247,0.04247,0.872468],[0.333049,0.208444,0.04247,0.416037],[0.00109875,0.249939,0.291433,0.45753],[0.00109875,0.70637,0.000975934,0.291556],[0.084086,0.000975934,0.747864,0.167074]]},{"db":2,"id":"MA0146.2","alt":"Zfx","len":14,"ltrim":3,"rtrim":1,"nsites":477,"url":"http://jaspar2018.genereg.net/matrix/MA0146.2","pwm":[[0.104856,0.373137,0.375233,0.146776],[0.12372,0.356369,0.362656,0.157256],[0.190393,0.315883,0.41628,0.0774453],[0.150337,0.102324,0.619961,0.127378],[0.0208411,0.617384,0.299363,0.0624124],[0.0125269,0.750412,0.00420643,0.232855],[0.0624124,0.257791,0.380427,0.299369],[0.397061,0.31807,0.253634,0.031234],[0.016684,0.00420643,0.976975,0.00213407],[5.5502e-05,0.00628499,0.991525,0.00213407],[5.5502e-05,0.99984,4.92979e-05,5.5502e-05],[5.5502e-05,0.997761,4.92979e-05,0.00213407],[5.5502e-05,0.00212786,4.92979e-05,0.997767],[0.175019,0.254163,0.454121,0.116698]]},{"db":2,"id":"MA0167.1","alt":"Awh","len":7,"ltrim":0,"rtrim":0,"nsites":40,"url":"http://jaspar2018.genereg.net/matrix/MA0167.1","pwm":[[0.0754733,0.399589,0.000586534,0.524351],[0.025598,0.000586534,0.000586534,0.973229],[0.823603,0.000586534,0.17515,0.000660349],[0.998167,0.000586534,0.000586534,0.000660349],[0.000660349,0.000586534,0.0255242,0.973229],[0.000660349,0.000586534,0.200088,0.798665],[0.848541,0.000586534,0.100337,0.0505357]]},{"db":2,"id":"MA0181.1","alt":"Vsx1","len":7,"ltrim":0,"rtrim":0,"nsites":22,"url":"http://jaspar2018.genereg.net/matrix/MA0181.1","pwm":[[0.0464475,0.363055,0.0463136,0.544185],[0.00119819,0.00106425,0.00106425,0.996673],[0.996673,0.00106425,0.00106425,0.00119819],[0.996673,0.00106425,0.00106425,0.00119819],[0.00119819,0.00106425,0.00106425,0.996673],[0.0916958,0.00106425,0.136811,0.770429],[0.679931,0.00106425,0.272557,0.0464475]]},{"db":2,"id":"MA0182.1","alt":"CG4328-RA","len":7,"ltrim":0,"rtrim":0,"nsites":30,"url":"http://jaspar2018.genereg.net/matrix/MA0182.1","pwm":[[0.399551,0.0672269,0.100449,0.432773],[0.233438,0.0340037,0.000781396,0.731776],[0.432773,0.000781396,0.000781396,0.565664],[0.997557,0.000781396,0.000781396,0.000879734],[0.000879734,0.000781396,0.000781396,0.997557],[0.000879734,0.000781396,0.200117,0.798222],[0.499219,0.000781396,0.49912,0.000879734]]},{"db":2,"id":"MA0187.1","alt":"Dll","len":7,"ltrim":0,"rtrim":0,"nsites":23,"url":"http://jaspar2018.genereg.net/matrix/MA0187.1","pwm":[[0.0444361,0.00101818,0.00101818,0.953528],[0.953528,0.00101818,0.044308,0.00114632],[0.996817,0.00101818,0.00101818,0.00114632],[0.00114632,0.00101818,0.00101818,0.996817],[0.131017,0.00101818,0.130889,0.737077],[0.434047,0.00101818,0.390628,0.174306],[0.0444361,0.520499,0.174178,0.260887]]},{"db":2,"id":"MA0195.1","alt":"Lim3","len":7,"ltrim":1,"rtrim":0,"nsites":20,"url":"http://jaspar2018.genereg.net/matrix/MA0195.1","pwm":[[0.150571,0.349429,0.100673,0.399327],[0.200322,0.00117015,0.00117015,0.797337],[0.797337,0.00117015,0.150424,0.0510687],[0.996342,0.00117015,0.00117015,0.00131741],[0.00131741,0.00117015,0.00117015,0.996342],[0.00131741,0.100673,0.200175,0.697835],[0.797337,0.00117015,0.200175,0.00131741]]},{"db":2,"id":"MA0198.1","alt":"OdsH","len":7,"ltrim":0,"rtrim":0,"nsites":22,"url":"http://jaspar2018.genereg.net/matrix/MA0198.1","pwm":[[0.00119819,0.498802,0.18206,0.31794],[0.00119819,0.00106425,0.00106425,0.996673],[0.996673,0.00106425,0.00106425,0.00119819],[0.996673,0.00106425,0.00106425,0.00119819],[0.00119819,0.00106425,0.00106425,0.996673],[0.00119819,0.00106425,0.00106425,0.996673],[0.589433,0.00106425,0.363055,0.0464475]]},{"db":2,"id":"MA0200.1","alt":"Pph13","len":7,"ltrim":1,"rtrim":0,"nsites":21,"url":"http://jaspar2018.genereg.net/matrix/MA0200.1","pwm":[[0.285615,0.380261,0.143295,0.190828],[0.00125498,0.00111469,0.00111469,0.996516],[0.996516,0.00111469,0.00111469,0.00125498],[0.996516,0.00111469,0.00111469,0.00125498],[0.00125498,0.00111469,0.00111469,0.996516],[0.00125498,0.048508,0.00111469,0.949122],[0.617369,0.048508,0.285475,0.0486483]]},{"db":2,"id":"MA0205.1","alt":"Trl","len":10,"ltrim":0,"rtrim":1,"nsites":71,"url":"http://jaspar2018.genereg.net/matrix/MA0205.1","pwm":[[0.0566312,0.309754,0.126914,0.506701],[0.0847606,0.323819,0.155043,0.436378],[0.169149,0.0847189,0.422272,0.323861],[0.000372433,0.900471,0.0425254,0.0566312],[0.042567,0.000330802,0.197236,0.759866],[0.0144376,0.984859,0.000330802,0.000372433],[0.183214,0.000330802,0.0284602,0.787995],[0.0706964,0.759824,0.0987841,0.0706964],[0.0988258,0.183172,0.155043,0.56296],[0.126955,0.464466,0.140978,0.267602]]},{"db":2,"id":"MA0210.1","alt":"ara","len":5,"ltrim":0,"rtrim":0,"nsites":34,"url":"http://jaspar2018.genereg.net/matrix/MA0210.1","pwm":[[0.411334,0.000689736,0.147317,0.440659],[0.675264,0.000689736,0.000689736,0.323357],[0.997844,0.000689736,0.000689736,0.000776539],[0.000776539,0.997757,0.000689736,0.000776539],[0.997844,0.000689736,0.000689736,0.000776539]]},{"db":2,"id":"MA0217.1","alt":"caup","len":5,"ltrim":0,"rtrim":0,"nsites":19,"url":"http://jaspar2018.genereg.net/matrix/MA0217.1","pwm":[[0.21081,0.0535879,0.105943,0.629659],[0.734371,0.00123141,0.105943,0.158455],[0.996151,0.00123141,0.00123141,0.00138639],[0.00138639,0.995996,0.00123141,0.00138639],[0.996151,0.00123141,0.00123141,0.00138639]]},{"db":2,"id":"MA0218.1","alt":"ct","len":6,"ltrim":0,"rtrim":0,"nsites":20,"url":"http://jaspar2018.genereg.net/matrix/MA0218.1","pwm":[[0.00131741,0.299678,0.00117015,0.697835],[0.0510687,0.100673,0.00117015,0.847089],[0.449079,0.00117015,0.548434,0.00131741],[0.996342,0.00117015,0.00117015,0.00131741],[0.847089,0.00117015,0.0509214,0.10082],[0.00131741,0.946444,0.0509214,0.00131741]]},{"db":2,"id":"MA0233.1","alt":"mirr","len":5,"ltrim":0,"rtrim":0,"nsites":41,"url":"http://jaspar2018.genereg.net/matrix/MA0233.1","pwm":[[0.487262,0.0249029,0.0249029,0.462932],[0.70624,0.000572263,0.0492336,0.243953],[0.998211,0.000572263,0.000572263,0.000644282],[0.000644282,0.998139,0.000572263,0.000644282],[0.998211,0.000572263,0.000572263,0.000644282]]},{"db":2,"id":"MA0236.1","alt":"otp","len":7,"ltrim":0,"rtrim":0,"nsites":20,"url":"http://jaspar2018.genereg.net/matrix/MA0236.1","pwm":[[0.0510687,0.299678,0.100673,0.548581],[0.00131741,0.0509214,0.00117015,0.946591],[0.996342,0.00117015,0.00117015,0.00131741],[0.996342,0.00117015,0.00117015,0.00131741],[0.00131741,0.00117015,0.00117015,0.996342],[0.00131741,0.0509214,0.200175,0.747586],[0.747586,0.00117015,0.150424,0.10082]]},{"db":2,"id":"MA0267.1","alt":"ACE2","len":7,"ltrim":0,"rtrim":1,"nsites":99,"url":"http://jaspar2018.genereg.net/matrix/MA0267.1","pwm":[[0.454354,0.28278,0.212144,0.0507212],[0.0102571,0.919309,0.0601768,0.0102571],[0.000267205,0.999228,0.000237336,0.000267205],[0.899359,0.100136,0.000237336,0.000267205],[0.000267205,0.000237336,0.999228,0.000267205],[0.000267205,0.999228,0.000237336,0.000267205],[0.489773,0.200036,0.170066,0.140126]]},{"db":2,"id":"MA0293.1","alt":"ECM23","len":11,"ltrim":2,"rtrim":3,"nsites":100,"url":"http://jaspar2018.genereg.net/matrix/MA0293.1","pwm":[[0.309955,0.249985,0.230005,0.210055],[0.329935,0.249985,0.220015,0.200065],[0.719545,0.110125,0.100135,0.0701946],[0.100165,0.020215,0.859376,0.0202446],[0.999266,0.000234965,0.000234965,0.000264535],[0.0302346,0.000234965,0.000234965,0.969296],[0.0101556,0.890434,0.0299083,0.0695023],[0.140125,0.190045,0.140095,0.529735],[0.299965,0.230005,0.210025,0.260005],[0.31678,0.247513,0.247513,0.188196],[0.302992,0.262599,0.222235,0.212174]]},{"db":2,"id":"MA0317.1","alt":"HCM1","len":8,"ltrim":0,"rtrim":0,"nsites":100,"url":"http://jaspar2018.genereg.net/matrix/MA0317.1","pwm":[[0.509755,0.160075,0.249985,0.0801846],[0.269995,0.080155,0.040195,0.609655],[0.662968,0.31675,0.0101261,0.0101556],[0.949315,0.050185,0.000234965,0.000264535],[0.999266,0.000234965,0.000234965,0.000264535],[0.0102545,0.859376,0.000234965,0.130135],[0.939919,0.0200172,0.0200172,0.0200468],[0.575447,0.17178,0.111235,0.141537]]},{"db":2,"id":"MA0349.1","alt":"OPI1","len":7,"ltrim":1,"rtrim":1,"nsites":219,"url":"http://jaspar2018.genereg.net/matrix/MA0349.1","pwm":[[0.155301,0.497597,0.191801,0.155301],[0.000120858,0.000107348,0.999651,0.000120858],[0.987765,0.0120069,0.000107348,0.000120858],[0.999664,0.000107348,0.000107348,0.000120858],[0.000120858,0.999651,0.000107348,0.000120858],[0.000120858,0.999651,0.000107348,0.000120858],[0.271886,0.267266,0.405452,0.0553956]]},{"db":2,"id":"MA0355.1","alt":"PHD1","len":10,"ltrim":1,"rtrim":3,"nsites":100,"url":"http://jaspar2018.genereg.net/matrix/MA0355.1","pwm":[[0.359905,0.269965,0.190045,0.180085],[0.0910827,0.434144,0.39378,0.0809918],[0.373628,0.444235,0.151599,0.0305373],[0.000264535,0.101144,0.000234965,0.898356],[0.000264535,0.000234965,0.999236,0.000264535],[0.000264535,0.989246,0.000234965,0.0102545],[0.909355,0.010225,0.070165,0.0102545],[0.0801846,0.220015,0.359875,0.339925],[0.220045,0.419815,0.220015,0.140125],[0.319945,0.279955,0.210025,0.190075]]},{"db":2,"id":"MA0373.1","alt":"RPN4","len":7,"ltrim":0,"rtrim":0,"nsites":99,"url":"http://jaspar2018.genereg.net/matrix/MA0373.1","pwm":[[0.232356,0.000237336,0.676322,0.0910845],[0.000267205,0.000237336,0.999228,0.000267205],[0.000267205,0.000237336,0.120116,0.879379],[0.000267205,0.000237336,0.999228,0.000267205],[0.000267205,0.000237336,0.999228,0.000267205],[0.000267205,0.999228,0.000237336,0.000267205],[0.130136,0.000237336,0.869359,0.000267205]]},{"db":2,"id":"MA0385.1","alt":"SOK2","len":11,"ltrim":2,"rtrim":2,"nsites":101,"url":"http://jaspar2018.genereg.net/matrix/MA0385.1","pwm":[[0.494822,0.188166,0.158492,0.158521],[0.150114,0.489748,0.180055,0.180084],[0.409856,0.469768,0.0901436,0.0302322],[0.0402224,0.0102227,0.0401931,0.909362],[0.0402224,0.0102227,0.939303,0.010252],[0.0402224,0.909333,0.0102227,0.0402224],[0.969302,0.0102227,0.0102227,0.010252],[0.0502125,0.0501832,0.499738,0.399866],[0.170094,0.210025,0.519718,0.100163],[0.279985,0.319916,0.220015,0.180084],[0.302992,0.232326,0.232326,0.232355]]},{"db":2,"id":"MA0398.1","alt":"SUM1","len":9,"ltrim":1,"rtrim":0,"nsites":100,"url":"http://jaspar2018.genereg.net/matrix/MA0398.1","pwm":[[0.499765,0.140095,0.140095,0.220045],[0.519745,0.080155,0.080155,0.319945],[0.619645,0.020215,0.020215,0.339925],[0.999266,0.000234965,0.000234965,0.000264535],[0.000264535,0.000234965,0.000234965,0.999266],[0.0801846,0.000234965,0.000234965,0.919345],[0.240025,0.000234965,0.000234965,0.759505],[0.28281,0.0506895,0.0506895,0.615811],[0.150115,0.150085,0.110125,0.589675]]},{"db":2,"id":"MA0402.1","alt":"SWI5","len":8,"ltrim":0,"rtrim":1,"nsites":101,"url":"http://jaspar2018.genereg.net/matrix/MA0402.1","pwm":[[0.0793916,0.0793623,0.22773,0.613516],[0.000261919,0.000232641,0.999244,0.000261919],[0.000261919,0.999244,0.000232641,0.000261919],[0.000261919,0.000232641,0.000232641,0.999273],[0.000261919,0.000232641,0.999244,0.000261919],[0.000261919,0.000232641,0.999244,0.000261919],[0.0402224,0.0401931,0.269966,0.649619],[0.250015,0.249985,0.100134,0.399866]]},{"db":2,"id":"MA0433.1","alt":"YOX1","len":8,"ltrim":0,"rtrim":0,"nsites":99,"url":"http://jaspar2018.genereg.net/matrix/MA0433.1","pwm":[[0.010358,0.252508,0.070873,0.666261],[0.000267205,0.000237336,0.000237336,0.999258],[0.999258,0.000237336,0.000237336,0.000267205],[0.999258,0.000237336,0.000237336,0.000267205],[0.000267205,0.000237336,0.000237336,0.999258],[0.000267205,0.000237336,0.000237336,0.999258],[0.613509,0.0299104,0.148602,0.207978],[0.545172,0.131418,0.131418,0.191993]]},{"db":2,"id":"MA0457.1","alt":"PHDP","len":7,"ltrim":0,"rtrim":0,"nsites":17,"url":"http://jaspar2018.genereg.net/matrix/MA0457.1","pwm":[[0.235467,0.352252,0.00137544,0.410906],[0.00154854,0.00137544,0.00137544,0.995701],[0.937221,0.00137544,0.00137544,0.0600285],[0.995701,0.00137544,0.00137544,0.00154854],[0.00154854,0.00137544,0.00137544,0.995701],[0.0600285,0.00137544,0.0598554,0.878742],[0.469385,0.0598554,0.235293,0.235467]]},{"db":2,"id":"MA0497.1","alt":"MEF2C","len":15,"ltrim":3,"rtrim":0,"nsites":2209,"url":"http://jaspar2018.genereg.net/matrix/MA0497.1","pwm":[[0.319147,0.145319,0.306018,0.229518],[0.331821,0.0683646,0.259392,0.340423],[0.195114,0.0887346,0.372108,0.344043],[0.172933,0.639185,0.035319,0.152563],[1.19868e-05,0.445893,1.06469e-05,0.554084],[0.731532,0.115895,0.0335081,0.119065],[0.772272,0.014496,0.109105,0.104127],[0.953794,1.06469e-05,0.0393929,0.00680168],[0.964658,1.06469e-05,0.000915606,0.0344154],[0.966469,1.06469e-05,0.00182156,0.0316996],[0.0253618,0.0280764,1.06469e-05,0.946551],[0.985481,1.06469e-05,0.014496,1.19868e-05],[0.176102,0.0543312,0.756427,0.0131394],[0.441368,0.378446,0.0670066,0.11318],[0.456759,0.203713,0.0570471,0.28248]]},{"db":2,"id":"MA0516.1","alt":"SP2","len":15,"ltrim":0,"rtrim":4,"nsites":1686,"url":"http://jaspar2018.genereg.net/matrix/MA0516.1","pwm":[[0.0949091,0.150064,0.609705,0.145321],[0.0231463,0.481005,0.152437,0.343411],[0.0308559,0.822029,0.000606914,0.146508],[1.57049e-05,0.995803,0.0041657,1.57049e-05],[1.57049e-05,0.974452,1.39494e-05,0.0255182],[0.103213,1.39494e-05,0.759162,0.137612],[1.57049e-05,0.999955,1.39494e-05,1.57049e-05],[1.57049e-05,0.982162,1.39494e-05,0.0178086],[1.57049e-05,0.657152,1.39494e-05,0.342818],[0.122191,0.709343,1.39494e-05,0.168452],[0.0682207,0.575899,0.0587295,0.297151],[0.110922,0.328582,0.192767,0.367728],[0.134053,0.425256,0.237841,0.202851],[0.135239,0.470923,0.241993,0.151846],[0.120412,0.441862,0.250296,0.187431]]},{"db":2,"id":"MA0528.1","alt":"ZNF263","len":21,"ltrim":0,"rtrim":0,"nsites":15235,"url":"http://jaspar2018.genereg.net/matrix/MA0528.1","pwm":[[0.155301,0.0192334,0.727138,0.0983271],[0.301674,1.5438e-06,0.698323,1.73809e-06],[0.729764,1.5438e-06,0.183919,0.0863152],[0.0297355,1.5438e-06,0.907052,0.0632113],[0.0663613,0.11408,0.816799,0.00275872],[0.913616,0.0361683,0.00282353,0.0473924],[0.102988,0.0554002,0.73856,0.103053],[0.101872,0.0936669,0.751622,0.0528404],[0.532522,0.0635391,0.361863,0.0420755],[0.336856,0.101281,0.462224,0.0996401],[0.203216,0.0701681,0.621658,0.104957],[0.433081,0.0387283,0.441745,0.0864472],[0.27404,0.0406973,0.584376,0.100887],[0.269511,0.106204,0.5935,0.0307855],[0.521363,0.0623571,0.31375,0.102528],[0.250935,6.75434e-05,0.633998,0.114999],[0.205579,1.5438e-06,0.751162,0.0432575],[0.545124,1.5438e-06,0.38674,0.0681343],[0.343025,0.0143764,0.585689,0.0569094],[0.266951,0.0426663,0.6445,0.0458824],[0.476796,0.0595352,0.403084,0.0605853]]},{"db":2,"id":"MA0554.1","alt":"SOC1","len":15,"ltrim":2,"rtrim":0,"nsites":888,"url":"http://jaspar2018.genereg.net/matrix/MA0554.1","pwm":[[0.324317,0.138525,0.1115,0.425658],[0.193702,0.29729,0.127264,0.381744],[0.0732196,0.0304281,0.0383102,0.858041],[0.069842,2.64835e-05,0.057452,0.87268],[0.131772,0.0529485,0.10024,0.715039],[0.0225503,0.962756,0.0146648,2.98165e-05],[2.98165e-05,0.694768,0.0101603,0.295042],[0.516864,0.0416888,0.0630824,0.378365],[0.154291,0.0878546,2.64835e-05,0.757827],[0.146409,0.00678272,2.64835e-05,0.846781],[0.024802,0.00903447,2.64835e-05,0.966137],[0.110377,0.0270504,2.64835e-05,0.862546],[0.101369,0.0799725,0.0968626,0.721796],[0.203836,0.0112862,0.769084,0.015794],[0.0191717,0.0259246,0.748816,0.206088]]},{"db":2,"id":"MA0556.1","alt":"AP3","len":15,"ltrim":0,"rtrim":0,"nsites":291,"url":"http://jaspar2018.genereg.net/matrix/MA0556.1","pwm":[[0.316133,0.123749,0.0687862,0.491331],[0.288652,0.113444,0.134056,0.46385],[0.164982,0.827975,8.0797e-05,0.0069616],[9.09653e-05,0.797058,0.00351562,0.199335],[0.635612,0.209631,0.0378688,0.116889],[0.745539,0.0756558,0.0378688,0.140936],[0.972266,8.0797e-05,8.0797e-05,0.0275725],[0.82455,0.00351562,8.0797e-05,0.171853],[0.535989,0.034433,0.357346,0.0722312],[0.326439,8.0797e-05,0.103138,0.570342],[0.336745,0.00695144,0.656212,9.09653e-05],[0.0241377,8.0797e-05,0.975691,9.09653e-05],[0.628741,0.192455,0.0172569,0.161547],[0.793632,0.0619155,0.0309982,0.113454],[0.834856,0.0309982,0.0653504,0.0687964]]},{"db":2,"id":"MA0559.1","alt":"PI","len":14,"ltrim":0,"rtrim":0,"nsites":558,"url":"http://jaspar2018.genereg.net/matrix/MA0559.1","pwm":[[0.279567,0.600293,0.0860487,0.0340913],[0.10218,0.706009,0.078881,0.11293],[0.639718,0.141594,0.120093,0.0985958],[0.802771,0.0215433,0.148761,0.0269246],[0.987326,0.00183382,0.00720886,0.0036308],[0.892361,4.2143e-05,0.0215433,0.086054],[0.539378,0.0143766,0.43724,0.00900684],[0.559087,0.0251276,0.123676,0.29211],[0.413951,4.2143e-05,0.585959,4.74467e-05],[0.0125902,0.0107932,0.97657,4.74467e-05],[0.799187,0.0967988,0.0125849,0.0914291],[0.886985,0.0125849,0.0430454,0.0573852],[0.817105,0.0466288,0.10755,0.0287163],[0.458746,0.103967,0.356609,0.080678]]},{"db":2,"id":"MA0563.1","alt":"SEP3","len":11,"ltrim":1,"rtrim":0,"nsites":150,"url":"http://jaspar2018.genereg.net/matrix/MA0563.1","pwm":[[0.16007,0.246659,0.193361,0.39991],[0.126759,0.739664,0.0334675,0.10011],[0.00683897,0.646393,0.00681925,0.33995],[0.513167,0.000156696,0.000156696,0.486519],[0.0801231,0.186699,0.0334675,0.69971],[0.126759,0.000156696,0.0334675,0.839617],[0.000176416,0.000156696,0.000156696,0.99951],[0.0601364,0.000156696,0.16005,0.779657],[0.0734606,0.0201434,0.146726,0.75967],[0.0601364,0.000156696,0.919544,0.0201631],[0.000176416,0.0467926,0.75965,0.193381]]},{"db":2,"id":"MA0564.1","alt":"ABI3","len":9,"ltrim":0,"rtrim":1,"nsites":100,"url":"http://jaspar2018.genereg.net/matrix/MA0564.1","pwm":[[0.0602046,0.599636,0.0901451,0.250015],[0.151628,0.16169,0.151599,0.535084],[0.0302346,0.070165,0.849386,0.0502146],[0.0102545,0.959276,0.020215,0.0102545],[0.969296,0.010225,0.010225,0.0102545],[0.0102545,0.010225,0.010225,0.969296],[0.0103554,0.0103259,0.968963,0.0103554],[0.0602046,0.839396,0.080155,0.0202446],[0.499765,0.150085,0.130105,0.220045]]},{"db":2,"id":"MA0596.1","alt":"SREBF2","len":10,"ltrim":0,"rtrim":0,"nsites":47,"url":"http://jaspar2018.genereg.net/matrix/MA0596.1","pwm":[[0.510116,0.191582,0.297739,0.000562208],[0.000562208,0.000499363,0.000499363,0.998439],[0.000562208,0.0641938,0.934682,0.000562208],[0.212876,0.000499363,0.786062,0.000562208],[0.0430249,0.212814,0.573748,0.170414],[0.0430249,0.191582,0.76483,0.000562208],[0.000562208,0.000499363,0.000499363,0.998439],[0.000562208,0.000499363,0.998376,0.000562208],[0.998439,0.000499363,0.000499363,0.000562208],[0.0430249,0.340203,0.042962,0.573811]]},{"db":2,"id":"MA0630.1","alt":"SHOX","len":8,"ltrim":1,"rtrim":1,"nsites":999,"url":"http://jaspar2018.genereg.net/matrix/MA0630.1","pwm":[[0.179188,0.301294,0.162169,0.357348],[0.0740931,0.0300505,0.00903164,0.886825],[0.851941,0.0480187,0.055018,0.045022],[0.990927,0.00202334,0.00502304,0.0020263],[0.015025,0.015022,0.0270208,0.942932],[0.0980167,0.0500185,0.0840151,0.76795],[0.416401,0.0480667,0.424405,0.111126],[0.300996,0.187005,0.378986,0.133013]]},{"db":2,"id":"MA0693.2","alt":"VDR","len":8,"ltrim":0,"rtrim":0,"nsites":1000,"url":"http://jaspar2018.genereg.net/matrix/MA0693.2","pwm":[[0.222004,0.279996,0.0430192,0.454981],[0.355991,0.045019,0.566967,0.0320233],[0.555527,0.0240451,0.386371,0.0340571],[0.0240241,0.025021,0.918932,0.0320233],[0.0170248,0.0230212,0.0700165,0.889937],[0.0609594,0.0309894,0.0819333,0.826118],[0.055021,0.742949,0.0280207,0.174009],[0.885938,0.0190216,0.0760159,0.0190246]]},{"db":2,"id":"MA0710.1","alt":"NOTO","len":10,"ltrim":1,"rtrim":2,"nsites":21405,"url":"http://jaspar2018.genereg.net/matrix/MA0710.1","pwm":[[0.263069,0.265452,0.305022,0.166456],[0.0339541,0.613527,0.027067,0.325452],[0.214566,0.120965,0.017325,0.647144],[0.700671,0.292875,1.0988e-06,0.00645321],[0.999997,1.0988e-06,1.0988e-06,1.23709e-06],[1.23709e-06,1.0988e-06,1.0988e-06,0.999997],[0.0168002,0.00278609,0.018956,0.961458],[0.843843,1.0988e-06,0.0810937,0.0750619],[0.328802,0.180145,0.358747,0.132307],[0.190507,0.360225,0.25661,0.192656]]},{"db":2,"id":"MA0716.1","alt":"PRRX1","len":8,"ltrim":1,"rtrim":1,"nsites":23898,"url":"http://jaspar2018.genereg.net/matrix/MA0716.1","pwm":[[0.172901,0.379236,0.181563,0.266298],[0.0866347,0.406045,0.0409268,0.466393],[0.866741,0.0394628,0.0644167,0.02938],[0.963159,0.0202739,0.00814295,0.00842507],[1.10804e-06,0.000126984,9.84179e-07,0.999871],[0.0444029,0.0808666,0.0352698,0.839461],[0.922447,0.0248599,0.00525096,0.0474419],[0.397438,0.178634,0.266382,0.157545]]},{"db":2,"id":"MA0718.1","alt":"RAX","len":10,"ltrim":2,"rtrim":2,"nsites":2413,"url":"http://jaspar2018.genereg.net/matrix/MA0718.1","pwm":[[0.321175,0.153339,0.381677,0.143809],[0.140552,0.398418,0.173718,0.287312],[0.0807316,0.483204,0.00943936,0.426624],[0.975699,0.00688646,0.0012237,0.0161913],[0.970204,0.0152951,0.00483655,0.00966457],[0.04853,9.7468e-06,9.7468e-06,0.951451],[0.0272858,0.0272846,0.018833,0.926596],[0.942896,9.7468e-06,0.00782842,0.0492659],[0.435912,0.117798,0.290749,0.155542],[0.223468,0.347425,0.158792,0.270315]]},{"db":2,"id":"MA0719.1","alt":"RHOXF1","len":8,"ltrim":1,"rtrim":1,"nsites":10916,"url":"http://jaspar2018.genereg.net/matrix/MA0719.1","pwm":[[0.295346,0.242213,0.169935,0.292506],[0.199355,2.15462e-06,0.0335908,0.767053],[0.451272,2.15462e-06,0.437432,0.111293],[0.999993,2.15462e-06,2.15462e-06,2.42577e-06],[2.42577e-06,2.15462e-06,0.324294,0.675701],[2.42577e-06,0.999993,2.15462e-06,2.42577e-06],[2.42577e-06,0.827529,2.15462e-06,0.172467],[0.295255,0.316324,0.193936,0.194486]]},{"db":2,"id":"MA0721.1","alt":"UNCX","len":8,"ltrim":1,"rtrim":1,"nsites":36925,"url":"http://jaspar2018.genereg.net/matrix/MA0721.1","pwm":[[0.134868,0.361896,0.154665,0.348571],[0.0924705,0.390816,0.0485265,0.468187],[0.791095,0.0544175,0.0981644,0.0563236],[0.933935,0.0329305,0.0106236,0.0225107],[0.0125497,0.0210286,0.00305263,0.963369],[0.0679605,0.0864634,0.0389285,0.806649],[0.843963,0.0505345,0.0167076,0.0887945],[0.374018,0.21191,0.283811,0.130261]]},{"db":2,"id":"MA0725.1","alt":"VSX1","len":8,"ltrim":0,"rtrim":1,"nsites":14889,"url":"http://jaspar2018.genereg.net/matrix/MA0725.1","pwm":[[0.0507774,0.567733,0.0376803,0.34381],[0.0960711,0.163832,0.0299314,0.710164],[0.886765,0.0409033,0.0361333,0.0361985],[0.970255,0.0110105,0.0122975,0.00643574],[0.0122467,0.0141695,0.00733453,0.966249],[0.0553824,0.0469333,0.0606862,0.836999],[0.722027,0.0274524,0.177528,0.0729913],[0.193501,0.261956,0.269545,0.274998]]},{"db":2,"id":"MA0726.1","alt":"VSX2","len":8,"ltrim":0,"rtrim":1,"nsites":14681,"url":"http://jaspar2018.genereg.net/matrix/MA0726.1","pwm":[[0.0290866,0.65077,0.0303124,0.28983],[0.0600784,0.151584,0.0201935,0.768145],[0.923613,0.0265544,0.0229434,0.0268896],[0.978039,0.00878354,0.00871354,0.00446377],[0.00830875,0.0130955,0.00647856,0.972117],[0.0405215,0.0367024,0.0289354,0.89384],[0.800379,0.0186065,0.122241,0.0587734],[0.209356,0.234847,0.310521,0.245275]]},{"db":2,"id":"MA0738.1","alt":"HIC2","len":9,"ltrim":0,"rtrim":2,"nsites":5652,"url":"http://jaspar2018.genereg.net/matrix/MA0738.1","pwm":[[0.461073,0.0697129,0.404279,0.0649365],[4.68498e-06,0.0233667,4.16129e-06,0.976624],[0.0838742,0.0601051,0.830379,0.0256412],[0.0046716,0.992479,0.00284511,4.68498e-06],[0.0807833,0.908252,4.16129e-06,0.0109605],[0.299733,0.700258,4.16129e-06,4.68498e-06],[0.509604,0.145137,0.263695,0.0815652],[0.157434,0.449802,0.252914,0.139851],[0.155389,0.354118,0.204663,0.285831]]},{"db":2,"id":"MA0739.1","alt":"Hic1","len":9,"ltrim":0,"rtrim":1,"nsites":12392,"url":"http://jaspar2018.genereg.net/matrix/MA0739.1","pwm":[[0.511376,0.0580224,0.376855,0.0537457],[0.00536309,0.0364946,0.00631485,0.951827],[0.0746405,0.0461985,0.864781,0.01438],[0.0044751,0.984696,0.0108268,2.13684e-06],[0.00786307,0.983289,0.00277088,0.00607709],[0.795264,0.176481,0.000266896,0.0279879],[0.557825,0.180431,0.20596,0.0557847],[0.0795115,0.717345,0.106166,0.0969774],[0.146258,0.438043,0.171149,0.244549]]},{"db":2,"id":"MA0814.1","alt":"TFAP2C(var.2)","len":11,"ltrim":1,"rtrim":1,"nsites":7758,"url":"http://jaspar2018.genereg.net/matrix/MA0814.1","pwm":[[0.354472,0.295436,0.0729591,0.277133],[0.0199102,0.104672,0.866525,0.0088923],[3.41321e-06,0.981268,0.0187248,3.41321e-06],[0.000361409,0.924764,0.00393698,0.0709375],[0.0190852,0.225761,0.144019,0.611136],[0.144885,0.37329,0.370068,0.111758],[0.738037,0.107905,0.146836,0.00722232],[0.116671,0.00955691,0.871859,0.00191439],[3.41321e-06,0.0137349,0.986258,3.41321e-06],[0.0159142,0.884983,0.0869479,0.0121553],[0.387777,0.0656202,0.241073,0.305529]]},{"db":2,"id":"MA0879.1","alt":"Dlx1","len":10,"ltrim":2,"rtrim":2,"nsites":8281,"url":"http://jaspar2018.genereg.net/matrix/MA0879.1","pwm":[[0.25637,0.341141,0.219056,0.183433],[0.312001,0.337478,0.192225,0.158296],[0.213987,0.25669,0.0138957,0.515428],[0.836035,0.0869278,0.0420013,0.0350358],[0.923901,0.0117177,0.00468878,0.0596925],[0.106905,0.00437679,0.00523078,0.883488],[0.01687,0.0385714,0.0549012,0.889657],[0.80164,0.00997372,0.0034878,0.184899],[0.214226,0.228716,0.250815,0.306242],[0.194808,0.377534,0.228623,0.199035]]},{"db":2,"id":"MA0902.1","alt":"HOXB2","len":10,"ltrim":2,"rtrim":2,"nsites":6678,"url":"http://jaspar2018.genereg.net/matrix/MA0902.1","pwm":[[0.28257,0.225367,0.267296,0.224769],[0.214255,0.286569,0.326994,0.172182],[0.129122,0.249475,0.0464168,0.574986],[0.575856,0.30226,0.0950591,0.0268246],[0.912048,0.0255391,0.0514848,0.0109278],[3.9652e-06,3.52196e-06,3.52196e-06,0.999989],[0.0581071,0.0935241,0.00655742,0.841811],[0.919962,0.0245212,0.00468645,0.0508292],[0.324598,0.195988,0.31307,0.166343],[0.239707,0.321305,0.236712,0.202277]]},{"db":2,"id":"MA0903.1","alt":"HOXB3","len":10,"ltrim":2,"rtrim":2,"nsites":12899,"url":"http://jaspar2018.genereg.net/matrix/MA0903.1","pwm":[[0.348863,0.195829,0.244283,0.211024],[0.198016,0.321367,0.310512,0.170105],[0.114384,0.326555,0.0396155,0.519444],[0.539904,0.353747,0.0580584,0.0482907],[0.900386,0.0380445,0.0446755,0.0168939],[2.05286e-06,0.0114967,1.82338e-06,0.988499],[0.0311038,0.0591734,1.82338e-06,0.909721],[0.949009,0.00875676,1.82338e-06,0.0422327],[0.352119,0.164277,0.366849,0.116754],[0.248004,0.309713,0.231103,0.211179]]},{"db":2,"id":"MA1016.1","alt":"GATA15","len":9,"ltrim":2,"rtrim":2,"nsites":1000,"url":"http://jaspar2018.genereg.net/matrix/MA1016.1","pwm":[[0.206006,0.280995,0.217002,0.295997],[0.307996,0.200004,0.283995,0.208006],[0.181826,0.287707,0.0659509,0.464515],[0.0400225,0.0380197,0.902933,0.0190246],[0.980909,2.35177e-05,2.35177e-05,0.0190436],[0.00302618,0.00102342,2.35177e-05,0.995927],[0.055021,0.662957,0.156008,0.126014],[0.323994,0.201003,0.267997,0.207006],[0.269,0.239,0.279996,0.212005]]},{"db":2,"id":"MA1017.1","alt":"GATA8","len":9,"ltrim":2,"rtrim":2,"nsites":1001,"url":"http://jaspar2018.genereg.net/matrix/MA1017.1","pwm":[[0.206799,0.318673,0.260736,0.213791],[0.475979,0.240999,0.152008,0.131013],[0.0590206,0.0290206,0.898934,0.0130252],[0.990927,0.00102339,0.00202329,0.00602585],[0.00202625,0.0210214,2.34942e-05,0.976929],[0.0270238,0.648959,0.13201,0.192007],[0.0600205,0.378986,0.108013,0.452981],[0.383988,0.158008,0.368987,0.0890176],[0.313995,0.187005,0.319992,0.179009]]},{"db":2,"id":"MA1100.1","alt":"ASCL1","len":13,"ltrim":2,"rtrim":2,"nsites":7052,"url":"http://jaspar2018.genereg.net/matrix/MA1100.1","pwm":[[0.214692,0.257374,0.36968,0.158255],[0.186615,0.398183,0.287719,0.127484],[0.619252,0.0981299,0.178674,0.103944],[0.0300653,0.024677,0.941425,0.0038327],[0.0039747,0.981271,0.0110642,0.0036907],[0.967092,0.00865321,0.0106382,0.0136166],[0.00298171,0.0397078,0.9505,0.00681066],[0.0234014,0.899452,0.0741653,0.00298171],[0.00780264,0.0097872,0.0102132,0.972196],[0.00255572,0.00340629,0.990772,0.00326471],[0.0473651,0.310975,0.499571,0.142089],[0