<!DOCTYPE HTML>
<html>
  <head>
    <meta charset="UTF-8">
    <title>SpaMo - Spaced Motif Analysis</title>
    <script type="text/javascript">
      //@JSON_VAR data
      var data = {"program":"SpaMo","version":"4.12.0","revision":"aacc9c3eb8c7b460b344d5c8aa1458097dae704d","release":"Tue Jun 27 16:22:50 2017 -0700","host":"Sudins-iMac.local","when":"Thu May 24 14:23:11 2018","cmd":["spamo","-verbosity","1","-oc","results/AHRpeaks_not-in-DHSs-withAHREs.bed-499.fa/jaspar/spamo_out_1","-bgfile","results/AHRpeaks_not-in-DHSs-withAHREs.bed-499.fa/jaspar/background","-primary","RGCTTTTGCAYGRCAAADGGAACAGTSAR","results/AHRpeaks_not-in-DHSs-withAHREs.bed-499.fa/jaspar/AHRpeaks_not-in-DHSs-withAHREs.bed-499.fa","results/AHRpeaks_not-in-DHSs-withAHREs.bed-499.fa/jaspar/meme_out/meme.xml","results/AHRpeaks_not-in-DHSs-withAHREs.bed-499.fa/jaspar/meme_out/meme.xml","results/AHRpeaks_not-in-DHSs-withAHREs.bed-499.fa/jaspar/dreme_out/dreme.xml","/Users/filipov4/meme/db/motif_databases/JASPAR/JASPAR2018_CORE_non-redundant.meme"],"options":{"seq_min_hit_score":7,"margin":150,"bin_size":1,"bin_pvalue_calc_range":150,"use_best_secondary":0,"seq_max_shared_fract":0.5,"seq_odds_ratio":20,"bin_pvalue_cutoff":0.05,"motif_evalue_cutoff":10,"redundant_overlap":2,"redundant_joint":0.5,"motif_pseudocount":0.1,"bgfile":"results/AHRpeaks_not-in-DHSs-withAHREs.bed-499.fa/jaspar/background","motif_trim":0.25,"xalph":0,"seed":1,"bin_max":3},"alphabet":{"name":"DNA","like":"dna","ncore":4,"symbols":[{"symbol":"A","name":"Adenine","colour":"CC0000","complement":"T"},{"symbol":"C","name":"Cytosine","colour":"0000CC","complement":"G"},{"symbol":"G","name":"Guanine","colour":"FFB300","complement":"C"},{"symbol":"T","aliases":"U","name":"Thymine","colour":"008000","complement":"A"},{"symbol":"N","aliases":"X.","name":"Any base","equals":"ACGT"},{"symbol":"V","name":"Not T","equals":"ACG"},{"symbol":"H","name":"Not G","equals":"ACT"},{"symbol":"D","name":"Not C","equals":"AGT"},{"symbol":"B","name":"Not A","equals":"CGT"},{"symbol":"M","name":"Amino","equals":"AC"},{"symbol":"R","name":"Purine","equals":"AG"},{"symbol":"W","name":"Weak","equals":"AT"},{"symbol":"S","name":"Strong","equals":"CG"},{"symbol":"Y","name":"Pyrimidine","equals":"CT"},{"symbol":"K","name":"Keto","equals":"GT"}]},"background":[0.3192,0.1808,0.1808,0.3192],"sequence_dbs":[{"source":"results/AHRpeaks_not-in-DHSs-withAHREs.bed-499.fa/jaspar/AHRpeaks_not-in-DHSs-withAHREs.bed-499.fa","name":"AHRpeaks_not-in-DHSs-withAHREs.bed-499","last_modified":"Thu May 24 11:14:35 2018","loaded":15,"excluded_too_short":0,"excluded_no_match":10,"excluded_ambigs":0,"excluded_similar":0,"erased_primary_matches":0}],"primary_dbs":[{"source":"results/AHRpeaks_not-in-DHSs-withAHREs.bed-499.fa/jaspar/meme_out/meme.xml","name":"meme.xml","last_modified":"Thu May 24 14:22:30 2018","loaded":6,"excluded":5}],"secondary_dbs":[{"source":"results/AHRpeaks_not-in-DHSs-withAHREs.bed-499.fa/jaspar/meme_out/meme.xml","name":"meme.xml","last_modified":"Thu May 24 14:22:30 2018","loaded":7,"excluded":1},{"source":"results/AHRpeaks_not-in-DHSs-withAHREs.bed-499.fa/jaspar/dreme_out/dreme.xml","name":"dreme.xml","last_modified":"Thu May 24 14:22:31 2018","loaded":1,"excluded":0},{"source":"/Users/filipov4/meme/db/motif_databases/JASPAR/JASPAR2018_CORE_non-redundant.meme","name":"JASPAR2018_CORE_non-redundant","last_modified":"Thu Dec  7 14:38:42 2017","loaded":1404,"excluded":0}],"secondary_motifs":[{"db":2,"id":"MA0031.1","alt":"FOXD1","len":8,"ltrim":0,"rtrim":1,"nsites":20,"url":"http://jaspar2018.genereg.net/matrix/MA0031.1","pwm":[[0.0513393,0.0506507,0.846671,0.0513393],[0.00158806,0.000899504,0.000899504,0.996613],[0.946862,0.0506507,0.000899504,0.00158806],[0.996613,0.000899504,0.000899504,0.00158806],[0.89711,0.0506507,0.0506507,0.00158806],[0.0513393,0.896422,0.000899504,0.0513393],[0.996613,0.000899504,0.000899504,0.00158806],[0.349847,0.100402,0.150153,0.399598]]},{"db":2,"id":"MA0032.2","alt":"FOXC1","len":11,"ltrim":0,"rtrim":0,"nsites":19566,"url":"http://jaspar2018.genereg.net/matrix/MA0032.2","pwm":[[0.329756,0.0394567,0.0155378,0.615249],[0.695237,0.0353357,0.202155,0.0672733],[0.344387,0.0876135,0.105677,0.462323],[0.257364,0.0178008,0.722131,0.00270362],[0.108395,0.0717426,0.0169378,0.802925],[0.706923,0.289517,0.00113292,0.00242662],[0.991152,0.00579089,9.24049e-07,0.00305762],[0.983559,0.00297991,0.00750189,0.0059596],[0.0064986,0.467699,0.00878788,0.517014],[0.966338,0.00141192,0.0226318,0.00961858],[0.31682,0.0736505,0.0523317,0.557199]]},{"db":2,"id":"MA0033.2","alt":"FOXL1","len":7,"ltrim":0,"rtrim":0,"nsites":4933,"url":"http://jaspar2018.genereg.net/matrix/MA0033.2","pwm":[[0.426108,0.00263861,0.542868,0.0283859],[0.00192743,0.07991,3.66504e-06,0.918159],[0.874646,0.114914,0.0104335,6.47057e-06],[0.98902,0.00786651,3.66504e-06,0.00311041],[0.973114,0.0166973,0.0101825,6.47057e-06],[6.47057e-06,0.778858,3.66504e-06,0.221132],[0.98535,0.0111354,3.66504e-06,0.0035104]]},{"db":2,"id":"MA0034.1","alt":"Gam1","len":10,"ltrim":2,"rtrim":0,"nsites":25,"url":"http://jaspar2018.genereg.net/matrix/MA0034.1","pwm":[[0.160634,0.239764,0.438967,0.160634],[0.399678,0.199924,0.279605,0.120794],[0.120794,0.518649,0.00072032,0.359837],[0.917606,0.040561,0.040561,0.00127171],[0.997288,0.00072032,0.00072032,0.00127171],[0.0411123,0.956896,0.00072032,0.00127171],[0.120794,0.558489,0.239764,0.080953],[0.240316,0.00072032,0.757692,0.00127171],[0.399678,0.438967,0.00072032,0.160634],[0.200475,0.757692,0.040561,0.00127171]]},{"db":2,"id":"MA0041.1","alt":"Foxd3","len":12,"ltrim":0,"rtrim":0,"nsites":47,"url":"http://jaspar2018.genereg.net/matrix/MA0041.1","pwm":[[0.234224,0.0640783,0.5524,0.149297],[0.637621,0.0428465,0.000383865,0.319149],[0.510232,0.0216157,0.000383865,0.467769],[0.0219095,0.0853092,0.000383865,0.892397],[0.255455,0.000383865,0.722252,0.0219095],[0.000677706,0.000383865,0.000383865,0.998555],[0.0219095,0.000383865,0.000383865,0.977323],[0.106835,0.000383865,0.212698,0.680083],[0.297917,0.000383865,0.446244,0.255455],[0.128067,0.149004,0.000383865,0.722546],[0.0219095,0.0428465,0.0853092,0.849935],[0.000677706,0.255161,0.000383865,0.743778]]},{"db":2,"id":"MA0042.2","alt":"FOXI1","len":7,"ltrim":0,"rtrim":0,"nsites":5832,"url":"http://jaspar2018.genereg.net/matrix/MA0042.2","pwm":[[0.105971,0.00668999,0.887334,5.47315e-06],[0.0138522,0.0112309,0.00655199,0.968365],[0.899677,0.0938815,0.00643599,5.47315e-06],[0.995563,0.00442802,3.10009e-06,5.47315e-06],[0.977695,0.00434803,0.00548201,0.0124743],[0.025368,0.836015,0.00775697,0.130859],[0.992889,0.00230506,0.00480002,5.47315e-06]]},{"db":2,"id":"MA0047.2","alt":"Foxa2","len":12,"ltrim":0,"rtrim":1,"nsites":808,"url":"http://jaspar2018.genereg.net/matrix/MA0047.2","pwm":[[0.00127735,0.00126022,0.00126022,0.996203],[0.273183,0.00372991,0.71934,0.00374704],[0.00127535,0.00125822,0.00125822,0.996208],[0.00127535,0.00372991,0.0445159,0.950478],[0.00127235,0.00125522,0.215779,0.781694],[0.908569,0.00495976,0.0827281,0.00374304],[0.00250819,0.894974,0.00249107,0.100027],[0.417788,0.0951896,0.00372991,0.483293],[0.0618369,0.327547,0.0717065,0.53891],[0.516705,0.00745645,0.0297587,0.446081],[0.16255,0.0657712,0.597963,0.173715],[0.160668,0.242831,0.361124,0.235377]]},{"db":2,"id":"MA0148.3","alt":"FOXA1","len":15,"ltrim":4,"rtrim":1,"nsites":22008,"url":"http://jaspar2018.genereg.net/matrix/MA0148.3","pwm":[[0.196657,0.219329,0.187386,0.396628],[0.211696,0.311295,0.214967,0.262041],[0.139132,0.388858,0.241458,0.230553],[0.3242,0.196156,0.16544,0.314204],[0.00318244,8.21517e-07,0.000545819,0.996271],[0.267312,8.21517e-07,0.732685,1.45037e-06],[1.45037e-06,8.21517e-07,8.21517e-07,0.999997],[1.45037e-06,8.21517e-07,0.0587066,0.941291],[1.45037e-06,8.21517e-07,0.129907,0.87009],[0.829333,8.21517e-07,0.170665,1.45037e-06],[1.45037e-06,0.934021,8.21517e-07,0.0659772],[0.417712,0.120638,8.21517e-07,0.461649],[0.0375783,0.331515,0.0632505,0.567656],[0.486277,4.58213e-05,0.00286381,0.510813],[0.218421,0.118275,0.427798,0.235505]]},{"db":2,"id":"MA0157.2","alt":"FOXO3","len":8,"ltrim":0,"rtrim":0,"nsites":553,"url":"http://jaspar2018.genereg.net/matrix/MA0157.2","pwm":[[0.0380258,3.26885e-05,0.961884,5.7711e-05],[5.7711e-05,3.26885e-05,0.0238814,0.976028],[0.960173,0.0289085,0.00905606,0.00186238],[0.998001,0.00190835,3.26885e-05,5.7711e-05],[0.98143,0.0184794,3.26885e-05,5.7711e-05],[0.0273258,0.967131,3.26885e-05,0.00551172],[0.979623,0.020287,3.26885e-05,5.7711e-05],[0.546511,0.0207189,0.0620905,0.370681]]},{"db":2,"id":"MA0178.1","alt":"CG32105","len":7,"ltrim":0,"rtrim":0,"nsites":19,"url":"http://jaspar2018.genereg.net/matrix/MA0178.1","pwm":[[0.106383,0.21037,0.000946598,0.6823],[0.106383,0.000946598,0.000946598,0.891724],[0.891724,0.000946598,0.000946598,0.106383],[0.996436,0.000946598,0.000946598,0.0016712],[0.0016712,0.000946598,0.053303,0.944079],[0.0016712,0.000946598,0.053303,0.944079],[0.787012,0.000946598,0.21037,0.0016712]]},{"db":2,"id":"MA0210.1","alt":"ara","len":5,"ltrim":0,"rtrim":0,"nsites":34,"url":"http://jaspar2018.genereg.net/matrix/MA0210.1","pwm":[[0.411494,0.000530206,0.147158,0.440818],[0.675423,0.000530206,0.000530206,0.323516],[0.998004,0.000530206,0.000530206,0.00093607],[0.00093607,0.997598,0.000530206,0.00093607],[0.998004,0.000530206,0.000530206,0.00093607]]},{"db":2,"id":"MA0233.1","alt":"mirr","len":5,"ltrim":0,"rtrim":0,"nsites":41,"url":"http://jaspar2018.genereg.net/matrix/MA0233.1","pwm":[[0.487395,0.0247706,0.0247706,0.463064],[0.706373,0.000439903,0.0491012,0.244085],[0.998344,0.000439903,0.000439903,0.000776642],[0.000776642,0.998007,0.000439903,0.000776642],[0.998344,0.000439903,0.000439903,0.000776642]]},{"db":2,"id":"MA0277.1","alt":"AZF1","len":9,"ltrim":0,"rtrim":0,"nsites":102,"url":"http://jaspar2018.genereg.net/matrix/MA0277.1","pwm":[[0.617355,0.127503,0.127503,0.127639],[0.999333,0.000177082,0.000177082,0.000312634],[0.999333,0.000177082,0.000177082,0.000312634],[0.870746,0.128764,0.000177082,0.000312634],[0.749578,0.000177082,0.249932,0.000312634],[0.000312634,0.000177082,0.999198,0.000312634],[0.779549,0.16002,0.0301477,0.0302833],[0.817693,0.0607237,0.0607237,0.0608593],[0.617355,0.127503,0.127503,0.127639]]},{"db":2,"id":"MA0296.1","alt":"FKH1","len":20,"ltrim":2,"rtrim":5,"nsites":997,"url":"http://jaspar2018.genereg.net/matrix/MA0296.1","pwm":[[0.177547,0.287853,0.20762,0.32698],[0.247502,0.192384,0.334654,0.22546],[0.520501,0.0840937,0.0981063,0.297299],[0.527033,0.0761625,0.129264,0.26754],[0.36536,0.0730838,0.150153,0.411402],[0.119258,0.146296,0.133272,0.601174],[0.14631,0.00402573,0.84863,0.00103391],[0.00705231,0.00302683,1.81326e-05,0.989903],[0.961822,0.0371254,1.81326e-05,0.00103491],[0.978892,0.011039,0.00102003,0.00904911],[0.991917,0.00102003,0.00202193,0.00504151],[0.00103391,0.926779,0.00102003,0.0711669],[0.991917,0.00102003,0.00302383,0.00403961],[0.875696,0.0390922,0.0160485,0.0691631],[0.67231,0.0491112,0.0701511,0.208428],[0.248504,0.191382,0.407793,0.152322],[0.374743,0.158319,0.296581,0.170356],[0.284572,0.184369,0.330646,0.200413],[0.205422,0.116238,0.452879,0.22546],[0.421834,0.192384,0.24849,0.137293]]},{"db":2,"id":"MA0297.1","alt":"FKH2","len":7,"ltrim":0,"rtrim":0,"nsites":101,"url":"http://jaspar2018.genereg.net/matrix/MA0297.1","pwm":[[0.128901,0.000178833,0.870604,0.000315727],[0.000315727,0.000178833,0.000178833,0.999327],[0.999327,0.000178833,0.000178833,0.000315727],[0.999327,0.000178833,0.000178833,0.000315727],[0.999327,0.000178833,0.000178833,0.000315727],[0.000315727,0.99919,0.000178833,0.000315727],[0.999327,0.000178833,0.000178833,0.000315727]]},{"db":2,"id":"MA0306.1","alt":"GIS1","len":9,"ltrim":1,"rtrim":2,"nsites":100,"url":"http://jaspar2018.genereg.net/matrix/MA0306.1","pwm":[[0.409909,0.219961,0.120061,0.250069],[0.000318881,0.969212,0.00018062,0.0302889],[0.000318881,0.999182,0.00018062,0.000318881],[0.000318881,0.999182,0.00018062,0.000318881],[0.000318881,0.869311,0.00018062,0.130189],[0.000318881,0.00018062,0.00018062,0.99932],[0.489829,0.0401407,0.150031,0.319999],[0.459859,0.110071,0.160021,0.270049],[0.323228,0.191908,0.181817,0.303046]]},{"db":2,"id":"MA0317.1","alt":"HCM1","len":8,"ltrim":0,"rtrim":0,"nsites":100,"url":"http://jaspar2018.genereg.net/matrix/MA0317.1","pwm":[[0.509809,0.160021,0.249931,0.080239],[0.270049,0.0801007,0.0401407,0.609709],[0.663022,0.316696,0.0100717,0.01021],[0.94937,0.0501307,0.00018062,0.000318881],[0.99932,0.00018062,0.00018062,0.000318881],[0.0103089,0.859321,0.00018062,0.130189],[0.939973,0.0199628,0.0199628,0.0201011],[0.575502,0.171726,0.111181,0.141592]]},{"db":2,"id":"MA0446.1","alt":"fkh","len":11,"ltrim":0,"rtrim":0,"nsites":27,"url":"http://jaspar2018.genereg.net/matrix/MA0446.1","pwm":[[0.111879,0.00066716,0.00066716,0.886787],[0.18568,0.00066716,0.812475,0.00117786],[0.00117786,0.00066716,0.00066716,0.997488],[0.00117786,0.00066716,0.00066716,0.997488],[0.00117786,0.00066716,0.0375675,0.960587],[0.480882,0.00066716,0.517273,0.00117786],[0.148779,0.480371,0.0744678,0.296381],[0.22258,0.258969,0.111368,0.407082],[0.00117786,0.406571,0.0744678,0.517784],[0.849886,0.00066716,0.0375675,0.111879],[0.554684,0.148268,0.148268,0.148779]]},{"db":2,"id":"MA0458.1","alt":"slp1","len":11,"ltrim":1,"rtrim":0,"nsites":41,"url":"http://jaspar2018.genereg.net/matrix/MA0458.1","pwm":[[0.195424,0.0734329,0.341072,0.390071],[0.000776642,0.000439903,0.000439903,0.998344],[0.0737696,0.000439903,0.925014,0.000776642],[0.000776642,0.000439903,0.000439903,0.998344],[0.000776642,0.000439903,0.0247706,0.974013],[0.000776642,0.000439903,0.0491012,0.949682],[0.657711,0.000439903,0.0977635,0.244085],[0.0251073,0.535719,0.170756,0.268417],[0.414402,0.195087,0.365404,0.0251073],[0.0981003,0.316741,0.0734329,0.511725],[0.36574,0.0734329,0.0977635,0.463064]]},{"db":2,"id":"MA0480.1","alt":"Foxo1","len":11,"ltrim":1,"rtrim":0,"nsites":2490,"url":"http://jaspar2018.genereg.net/matrix/MA0480.1","pwm":[[0.187957,0.111248,0.191968,0.508827],[0.0510148,0.513642,0.302003,0.13334],[0.0349514,0.564644,0.0839399,0.316466],[1.28188e-05,7.26076e-06,7.26076e-06,0.999973],[1.28188e-05,7.26076e-06,0.999967,1.28188e-05],[1.28188e-05,7.26076e-06,7.26076e-06,0.999973],[1.28188e-05,7.26076e-06,7.26076e-06,0.999973],[1.28188e-05,7.26076e-06,0.115264,0.884716],[0.751389,0.0630567,7.26076e-06,0.185547],[1.28188e-05,0.805999,7.26076e-06,0.193981],[0.430518,0.230118,0.0285201,0.310843]]},{"db":2,"id":"MA0481.2","alt":"FOXP1","len":12,"ltrim":2,"rtrim":3,"nsites":4266,"url":"http://jaspar2018.genereg.net/matrix/MA0481.2","pwm":[[0.351382,0.212845,0.23277,0.203003],[0.359821,0.0625908,0.225737,0.351851],[0.0696259,0.011725,0.904343,0.0143061],[0.0318867,0.0356344,0.0241477,0.908331],[0.956619,0.0304775,0.00656808,0.00633633],[0.945602,0.0332895,0.00422314,0.0168851],[0.976309,0.00469213,0.0131309,0.00586734],[0.00891527,0.932237,0.00703607,0.0518113],[0.962245,0.00328616,0.00867703,0.0257919],[0.211911,0.159166,0.509134,0.119789],[0.353492,0.202296,0.219174,0.225037],[0.305438,0.22058,0.212376,0.261604]]},{"db":2,"id":"MA0546.1","alt":"pha-4","len":10,"ltrim":0,"rtrim":0,"nsites":1010,"url":"http://jaspar2018.genereg.net/matrix/MA0546.1","pwm":[[0.579182,0.0703079,1.78992e-05,0.350492],[0.528692,1.78992e-05,0.466309,0.00498111],[0.531662,1.78992e-05,0.0782282,0.390092],[0.0406216,1.78992e-05,0.959329,3.16008e-05],[3.16008e-05,0.402948,1.78992e-05,0.597002],[0.853412,0.146538,1.78992e-05,3.16008e-05],[0.999933,1.78992e-05,1.78992e-05,3.16008e-05],[0.999933,1.78992e-05,1.78992e-05,3.16008e-05],[3.16008e-05,0.616789,1.78992e-05,0.383162],[0.999933,1.78992e-05,1.78992e-05,3.16008e-05]]},{"db":2,"id":"MA0593.1","alt":"FOXP2","len":11,"ltrim":1,"rtrim":1,"nsites":766,"url":"http://jaspar2018.genereg.net/matrix/MA0593.1","pwm":[[0.430794,0.147524,0.248033,0.173648],[0.443848,0.00916041,0.185378,0.361613],[0.208891,2.36001e-05,0.791043,4.16655e-05],[0.0770546,2.36001e-05,2.36001e-05,0.922898],[0.999911,2.36001e-05,2.36001e-05,4.16655e-05],[0.999911,2.36001e-05,2.36001e-05,4.16655e-05],[0.999911,2.36001e-05,2.36001e-05,4.16655e-05],[4.16655e-05,0.988146,2.36001e-05,0.0117891],[0.999911,2.36001e-05,2.36001e-05,4.16655e-05],[0.387719,0.201041,0.382481,0.0287589],[0.433405,0.161882,0.240201,0.164511]]},{"db":2,"id":"MA0614.1","alt":"Foxj2","len":8,"ltrim":0,"rtrim":0,"nsites":999,"url":"http://jaspar2018.genereg.net/matrix/MA0614.1","pwm":[[0.461447,1.80963e-05,0.538503,3.19487e-05],[0.0500769,0.0250406,1.80963e-05,0.924864],[0.794952,0.204998,1.80963e-05,3.19487e-05],[0.977912,1.80963e-05,1.80963e-05,0.0220517],[0.999932,1.80963e-05,1.80963e-05,3.19487e-05],[3.19487e-05,0.953923,1.80963e-05,0.0460273],[0.999932,1.80963e-05,1.80963e-05,3.19487e-05],[0.593567,0.125131,0.125131,0.156172]]},{"db":2,"id":"MA0845.1","alt":"FOXB1","len":11,"ltrim":0,"rtrim":0,"nsites":7303,"url":"http://jaspar2018.genereg.net/matrix/MA0845.1","pwm":[[0.327674,0.037247,0.0260191,0.609061],[0.69706,0.034314,0.195434,0.0731934],[0.265534,0.0291931,0.0547687,0.650504],[0.141724,0.00660539,0.836504,0.0151672],[0.024414,0.032549,0.0153263,0.927711],[0.699809,0.279009,0.0107333,0.0104492],[0.9201,0.0286501,2.47566e-06,0.0512477],[0.95664,0.00657539,0.00657539,0.03021],[0.00401932,0.322958,0.0149173,0.658105],[0.957444,2.47566e-06,0.0219752,0.0205781],[0.249087,0.0837613,0.0812764,0.585875]]},{"db":2,"id":"MA0846.1","alt":"FOXC2","len":12,"ltrim":0,"rtrim":1,"nsites":22189,"url":"http://jaspar2018.genereg.net/matrix/MA0846.1","pwm":[[0.402857,0.0576416,0.0204617,0.51904],[0.698608,0.0564196,0.173935,0.0710371],[0.417612,0.128451,0.115628,0.33831],[0.305154,0.0209217,0.667457,0.00646741],[0.0755051,0.142082,0.0120888,0.770324],[0.745914,0.246463,0.0031728,0.00445042],[0.974649,0.0163907,0.0038598,0.00509942],[0.970303,0.00498179,0.0132348,0.0114804],[0.00150943,0.70226,0.0033088,0.292921],[0.969476,0.00478779,0.0155457,0.0101914],[0.54822,0.0860514,0.0705075,0.295221],[0.419897,0.117625,0.101165,0.361314]]},{"db":2,"id":"MA0847.1","alt":"FOXD2","len":7,"ltrim":0,"rtrim":0,"nsites":1949,"url":"http://jaspar2018.genereg.net/matrix/MA0847.1","pwm":[[0.310416,0.0272009,0.646974,0.0154086],[0.103954,0.152928,9.27609e-06,0.743108],[0.823088,0.123955,9.27609e-06,0.0529467],[0.943822,0.0298507,0.0101248,0.0162015],[0.981555,9.27609e-06,9.27609e-06,0.0184264],[1.63768e-05,0.718557,0.0147925,0.266634],[0.823815,9.27609e-06,0.0984592,0.0777164]]},{"db":2,"id":"MA0848.1","alt":"FOXO4","len":7,"ltrim":0,"rtrim":0,"nsites":7060,"url":"http://jaspar2018.genereg.net/matrix/MA0848.1","pwm":[[0.236403,0.00184353,0.761748,4.52118e-06],[0.0583297,0.0116674,0.0207973,0.909206],[0.804,0.188219,0.00478649,0.00299448],[0.966736,0.0262472,0.00341751,0.00359947],[0.981736,2.56087e-06,0.0164313,0.0018295],[0.00902839,0.836773,0.00513749,0.149061],[0.988958,0.00184153,0.00184153,0.00736042]]},{"db":2,"id":"MA0849.1","alt":"FOXO6","len":7,"ltrim":0,"rtrim":0,"nsites":8470,"url":"http://jaspar2018.genereg.net/matrix/MA0849.1","pwm":[[0.170604,2.13457e-06,0.82939,3.76855e-06],[0.0213595,2.13457e-06,0.00444008,0.974198],[0.858901,0.140237,0.000858124,3.76855e-06],[0.969492,0.0269128,2.13457e-06,0.00359173],[0.999992,2.13457e-06,2.13457e-06,3.76855e-06],[3.76855e-06,0.944085,0.00416809,0.0517432],[0.998145,2.13457e-06,0.00184911,3.76855e-06]]},{"db":2,"id":"MA0850.1","alt":"FOXP3","len":7,"ltrim":0,"rtrim":0,"nsites":211,"url":"http://jaspar2018.genereg.net/matrix/MA0850.1","pwm":[[0.350696,8.56467e-05,0.649067,0.000151208],[0.0707887,0.183745,8.56467e-05,0.745381],[0.871639,8.56467e-05,8.56467e-05,0.12819],[0.925152,8.56467e-05,0.0395409,0.0352226],[0.767061,0.0546048,0.178183,0.000151208],[0.000151208,0.747958,0.113507,0.138384],[0.921112,8.56467e-05,0.0786514,0.000151208]]},{"db":2,"id":"MA0851.1","alt":"Foxj3","len":17,"ltrim":5,"rtrim":3,"nsites":100,"url":"http://jaspar2018.genereg.net/matrix/MA0851.1","pwm":[[0.270049,0.259921,0.209971,0.260059],[0.339979,0.130051,0.309871,0.220099],[0.479839,0.189991,0.160021,0.170149],[0.509809,0.130051,0.170011,0.190129],[0.346508,0.128765,0.326587,0.198141],[0.303046,0.0102715,0.686363,0.000318881],[0.0103089,0.0201606,0.00018062,0.96935],[0.918593,0.0809079,0.00018062,0.000318881],[0.949864,0.0199628,0.00018062,0.0299922],[0.98933,0.00018062,0.00018062,0.0103089],[0.000318881,0.817545,0.00018062,0.181955],[0.98933,0.00018062,0.00018062,0.0103089],[0.781715,0.0694184,0.0595273,0.0893389],[0.569749,0.0900907,0.0701107,0.270049],[0.220099,0.339841,0.259921,0.180139],[0.270049,0.269911,0.239941,0.220099],[0.242501,0.393726,0.171726,0.192046]]},{"db":2,"id":"MA0852.2","alt":"FOXK1","len":14,"ltrim":3,"rtrim":2,"nsites":1056,"url":"http://jaspar2018.genereg.net/matrix/MA0852.2","pwm":[[0.311554,0.174243,0.244312,0.269891],[0.393932,0.165721,0.255675,0.184672],[0.23391,0.134474,0.257569,0.374048],[0.135434,0.0265296,0.821909,0.0161267],[0.0568428,0.00475167,0.0416802,0.896725],[0.949751,0.0350518,0.00948622,0.00571169],[0.945964,0.0350518,0.0104331,0.00855242],[0.967742,0.012327,0.00948622,0.0104462],[0.00949933,0.907128,0.01138,0.0719934],[0.961113,0.0151677,0.01138,0.0123401],[0.484832,0.188446,0.193181,0.133541],[0.175203,0.19034,0.537845,0.0966121],[0.229176,0.254728,0.342788,0.173309],[0.267997,0.272718,0.255675,0.203609]]},{"db":2,"id":"MA0920.1","alt":"fkh-2","len":8,"ltrim":0,"rtrim":1,"nsites":999,"url":"http://jaspar2018.genereg.net/matrix/MA0920.1","pwm":[[0.416406,1.80963e-05,0.541506,0.0420697],[0.029029,1.80963e-05,1.80963e-05,0.970935],[0.827949,0.172001,1.80963e-05,3.19487e-05],[0.942881,1.80963e-05,1.80963e-05,0.0570832],[0.999932,1.80963e-05,1.80963e-05,3.19487e-05],[0.0570262,0.913927,1.80963e-05,0.029029],[0.999932,1.80963e-05,1.80963e-05,3.19487e-05],[0.434422,0.217213,0.131136,0.217227]]},{"db":2,"id":"MA0925.1","alt":"sma-4","len":11,"ltrim":2,"rtrim":2,"nsites":1000,"url":"http://jaspar2018.genereg.net/matrix/MA0925.1","pwm":[[0.330999,0.222996,0.222996,0.22301],[0.273005,0.227995,0.299988,0.199012],[0.0330286,0.0330148,0.0330148,0.900942],[3.19168e-05,1.80782e-05,0.916926,0.0830236],[0.0830236,1.80782e-05,1.80782e-05,0.91694],[3.19168e-05,0.999918,1.80782e-05,3.19168e-05],[3.19168e-05,1.80782e-05,1.80782e-05,0.999932],[0.21501,1.80782e-05,0.78494,3.19168e-05],[0.0270292,0.0270154,0.835934,0.110021],[0.359996,0.241994,0.255992,0.142018],[0.21701,0.348983,0.216996,0.21701]]},{"db":2,"id":"MA0929.1","alt":"NCU00019","len":12,"ltrim":3,"rtrim":2,"nsites":1001,"url":"http://jaspar2018.genereg.net/matrix/MA0929.1","pwm":[[0.325673,0.224771,0.224771,0.224784],[0.224784,0.224771,0.224771,0.325673],[0.32,0.127005,0.229995,0.323],[0.149867,0.0549576,0.740204,0.0549714],[0.111021,1.80602e-05,1.80602e-05,0.888943],[0.802952,0.101008,1.80602e-05,0.0960223],[0.999932,1.80602e-05,1.80602e-05,3.18849e-05],[0.898841,1.80602e-05,1.80602e-05,0.101123],[0.0260033,0.520446,0.0259895,0.427561],[0.922018,0.0259895,0.0259895,0.0260033],[0.437988,0.218996,0.124006,0.21901],[0.412578,0.195803,0.195803,0.195816]]},{"db":2,"id":"MA0943.1","alt":"ARF5","len":8,"ltrim":0,"rtrim":1,"nsites":999,"url":"http://jaspar2018.genereg.net/matrix/MA0943.1","pwm":[[0.303305,0.160162,0.477447,0.059085],[0.00902205,0.967953,0.0150016,0.00802315],[0.0969252,0.897031,0.0040137,0.00202975],[0.0120307,0.001018,0.98492,0.00203175],[0.951937,0.001018,0.0460135,0.00103185],[0.00203175,0.991919,0.0030178,0.00303165],[0.772183,0.223772,0.0020159,0.00202975],[0.490983,0.0980083,0.217996,0.193013]]},{"db":2,"id":"MA0944.1","alt":"ARF8","len":9,"ltrim":2,"rtrim":1,"nsites":1000,"url":"http://jaspar2018.genereg.net/matrix/MA0944.1","pwm":[[0.270005,0.232995,0.203998,0.293003],[0.225009,0.258992,0.106007,0.409991],[0.00403152,1.80782e-05,0.0900091,0.905941],[0.0380661,0.00101898,0.900829,0.0600859],[3.19168e-05,0.0130168,1.80782e-05,0.986933],[0.0539725,0.86207,0.00201588,0.0819417],[0.0610258,0.0270154,0.797938,0.114021],[0.121141,0.138142,0.651605,0.089112],[0.227781,0.336647,0.216779,0.218791]]},{"db":2,"id":"MA1079.1","alt":"WRKY21","len":10,"ltrim":2,"rtrim":1,"nsites":1000,"url":"http://jaspar2018.genereg.net/matrix/MA1079.1","pwm":[[0.281004,0.222996,0.248993,0.247007],[0.321,0.194999,0.223996,0.260006],[0.402992,0.0870094,0.406977,0.103022],[0.0510268,1.80782e-05,0.909927,0.039028],[0.0909318,0.00401368,0.00201588,0.903039],[3.19168e-05,0.998918,1.80782e-05,0.00103182],[0.868945,0.0660115,0.021016,0.0440275],[0.780735,0.0100271,0.162164,0.0470742],[0.208011,0.606957,0.0650116,0.12002],[0.159016,0.208997,0.428975,0.203012]]},{"db":2,"id":"MA1103.1","alt":"FOXK2","len":11,"ltrim":2,"rtrim":2,"nsites":7977,"url":"http://jaspar2018.genereg.net/matrix/MA1103.1","pwm":[[0.419831,0.169613,0.196314,0.214242],[0.254483,0.164849,0.194183,0.386485],[0.22753,0.0462597,0.677818,0.0483924],[0.0145458,0.00664618,0.017552,0.961256],[0.969028,0.0149201,0.00777417,0.0082779],[0.881653,0.0501456,0.0141681,0.0540333],[0.965016,0.00940415,0.00714818,0.0184318],[0.0114119,0.873001,0.00990514,0.105682],[0.96276,0.00840116,0.0141681,0.0146708],[0.304751,0.23505,0.222388,0.23781],[0.277925,0.235927,0.336465,0.149682]]},{"db":2,"id":"MA1206.1","alt":"ARF2","len":10,"ltrim":2,"rtrim":2,"nsites":599,"url":"http://jaspar2018.genereg.net/matrix/MA1206.1","pwm":[[0.409,0.193654,0.0834882,0.313857],[0.252098,0.101849,0.32218,0.323872],[5.32799e-05,0.659352,0.340541,5.32799e-05],[0.333888,0.640991,0.025068,5.32799e-05],[0.187,3.01786e-05,0.812916,5.32799e-05],[0.93312,3.01786e-05,0.066797,5.32799e-05],[5.32799e-05,0.999863,3.01786e-05,5.32799e-05],[0.938127,0.0617899,3.01786e-05,5.32799e-05],[0.452399,0.0951733,0.218692,0.233737],[0.365601,0.145248,0.345548,0.143602]]}],"sequence_names":["chr16:78330900-78331399","chr17:78690100-78690649","chr2:223843200-223843749","chr4:131057400-131058299","chr5:53039550-53040149"],"primaries":[{"motif":{"db":0,"id":"RGCTTTTGCAYGRCAAADGGAACAGTSAR","alt":"MEME-1","len":29,"ltrim":0,"rtrim":0,"nsites":5,"evalue":"4.5e-006","pwm":[[0.398416,0.0035451,0.59178,0.00625882],[0.202337,0.199624,0.59178,0.00625882],[0.00625882,0.59178,0.199624,0.202337],[0.00625882,0.199624,0.0035451,0.790573],[0.00625882,0.199624,0.0035451,0.790573],[0.00625882,0.0035451,0.0035451,0.986651],[0.00625882,0.199624,0.0035451,0.790573],[0.00625882,0.0035451,0.983937,0.00625882],[0.00625882,0.983937,0.0035451,0.00625882],[0.986651,0.0035451,0.0035451,0.00625882],[0.00625882,0.59178,0.0035451,0.398416],[0.00625882,0.0035451,0.983937,0.00625882],[0.398416,0.0035451,0.59178,0.00625882],[0.202337,0.59178,0.199624,0.00625882],[0.790573,0.0035451,0.199624,0.00625882],[0.790573,0.199624,0.0035451,0.00625882],[0.986651,0.0035451,0.0035451,0.00625882],[0.398416,0.0035451,0.395702,0.202337],[0.00625882,0.0035451,0.983937,0.00625882],[0.00625882,0.199624,0.59178,0.202337],[0.986651,0.0035451,0.0035451,0.00625882],[0.790573,0.0035451,0.199624,0.00625882],[0.00625882,0.787859,0.199624,0.00625882],[0.790573,0.0035451,0.0035451,0.202337],[0.00625882,0.0035451,0.983937,0.00625882],[0.00625882,0.0035451,0.199624,0.790573],[0.00625882,0.59178,0.395702,0.00625882],[0.790573,0.0035451,0.0035451,0.202337],[0.398416,0.0035451,0.59178,0.00625882]]},"secondaries":[[{"idx":35,"counts":[[0,0,0,0,0,0,0,0,0,0,0,0,0,0,0,0,0,0,0,0,0,0,0,0,0,0,0,0,0,0,0,0,0,0,0,0,0,0,0,0,0,0,0,0,0,0,0,0,0,0,0,0,0,0,0,0,0,0,0,0,0,0,0,0,0,0,0,0,0,0,0,0,0,0,0,0,0,0,0,0,0,0,0,0,0,0,0,0,0,0,0,0,0,0,0,0,0,0,0,0,0,0,0,0,0,0,0,0,0,0,0,0,0,0,0,0,0,0,0,0,0,0,0,0,0,0,0,0,0,0,0,0,0,0,0,0,0,0,0,0,0,0,0,0,0],[0,0,0,0,0,0,0,0,3,0,0,0,0,0,0,0,0,0,0,0,0,0,0,0,0,0,0,0,0,0,0,0,0,0,0,0,0,0,0,0,0,0,0,0,0,0,0,0,0,0,0,0,0,0,0,0,0,0,0,0,0,0,0,0,0,0,0,0,0,0,0,0,0,0,0,0,0,0,0,0,0,0,0,0,0,0,0,0,0,0,0,0,0,0,0,0,0,0,0,0,0,0,0,0,0,0,0,0,0,0,0,0,0,0,0,0,0,0,0,0,0,0,0,0,0,0,0,0,0,0,0,0,0,0,0,0,0,0,0,0,0,0,0,0,0],[0,0,0,0,0,0,0,0,0,0,0,0,0,0,0,0,0,0,0,0,0,0,0,0,0,0,0,0,0,0,0,0,0,0,0,0,0,0,0,0,0,0,0,0,0,0,0,0,0,0,0,0,0,0,0,0,0,0,0,0,0,0,0,0,0,0,0,0,0,0,0,0,0,0,0,0,0,0,0,0,0,0,0,0,0,0,0,0,0,0,0,0,0,0,0,0,0,0,0,0,0,0,0,0,0,0,0,0,0,0,0,0,0,0,0,0,0,0,0,0,0,0,0,0,0,0,0,0,0,0,0,0,0,0,0,0,0,0,0,0,0,0,0,0,0],[0,0,0,0,0,0,0,0,0,0,0,0,0,0,0,0,0,0,0,0,0,0,0,0,0,0,0,0,0,0,0,0,0,0,0,0,0,0,0,0,0,0,0,0,0,0,0,0,0,0,0,0,0,0,0,0,0,0,0,0,0,0,0,0,0,0,0,0,0,0,0,0,0,0,0,0,0,0,0,0,0,0,0,0,0,0,0,0,0,0,0,0,0,0,0,0,0,0,0,0,0,0,0,0,0,0,0,0,0,0,0,0,0,0,0,0,0,0,0,0,0,0,0,0,0,0,0,0,0,0,0,0,0,0,0,0,0,0,0,0,0,0,0,0,0]],"spacings":[{"orient":1,"bin":8,"pvalue":5.23278e-09,"inferred_pwm":[[1,0,0,0],[0,1,0,0],[1,0,0,0],[0,0,1,0],[1,0,0,0],[0,1,0,0],[1,0,0,0]],"alignment_pwm":[null,[[0.333333,0,0,0.666667],[0.666667,0,0,0.333333],[0.333333,0,0.666667,0],[0,0.666667,0.333333,0],[0,0.333333,0,0.666667],[0,0,0.666667,0.333333],[0,0,1,0],[0,0,1,0],[0.666667,0,0.333333,0],[0.333333,0.666667,0,0],[0,0.333333,0,0.666667],[0,0.333333,0,0.666667],[0.666667,0,0,0.333333],[1,0,0,0],[0.333333,0,0,0.666667],[0,0,0,1],[0.333333,0,0,0.666667],[1,0,0,0],[1,0,0,0],[0.333333,0.666667,0,0],[0,0.666667,0,0.333333],[0.666667,0,0,0.333333],[1,0,0,0],[1,0,0,0],[0,0,1,0],[0.333333,0,0.666667,0],[0.333333,0.333333,0.333333,0],[0,0.666667,0.333333,0],[0,0,0,1],[0,0,0,1],[0,0,0,1],[0,0,0,1],[0,0,1,0],[0,1,0,0],[1,0,0,0],[0,0.666667,0,0.333333],[0,0,1,0],[0.333333,0,0.666667,0],[0,1,0,0],[1,0,0,0],[1,0,0,0],[1,0,0,0],[0.666667,0,0.333333,0],[0,0,1,0],[0,0,1,0],[1,0,0,0],[1,0,0,0],[0,1,0,0],[1,0,0,0],[0,0,1,0],[0,0,0,1],[0,1,0,0],[1,0,0,0],[0,0,1,0],[0,1,0,0],[1,0,0,0],[0,0,1,0],[1,0,0,0],[0,0,1,0],[0,0,0,1],[1,0,0,0],[1,0,0,0],[1,0,0,0],[0,1,0,0],[1,0,0,0],[0,0,1,0],[1,0,0,0],[0,1,0,0],[1,0,0,0],[1,0,0,0],[0,1,0,0],[0,1,0,0],[0.333333,0.666667,0,0],[0.666667,0.333333,0,0],[0.666667,0.333333,0,0],[0.666667,0,0.333333,0],[0.333333,0,0.333333,0.333333],[0.333333,0,0.333333,0.333333],[0,0,0.333333,0.666667]],null,null],"seqs":[1,3,4]},{"orient":6,"bin":8,"pvalue":4.18622e-08,"inferred_pwm":[[1,0,0,0],[0,1,0,0],[1,0,0,0],[0,0,1,0],[1,0,0,0],[0,1,0,0],[1,0,0,0]],"alignment_pwm":[null,[[0.333333,0,0,0.666667],[0.666667,0,0,0.333333],[0.333333,0,0.666667,0],[0,0.666667,0.333333,0],[0,0.333333,0,0.666667],[0,0,0.666667,0.333333],[0,0,1,0],[0,0,1,0],[0.666667,0,0.333333,0],[0.333333,0.666667,0,0],[0,0.333333,0,0.666667],[0,0.333333,0,0.666667],[0.666667,0,0,0.333333],[1,0,0,0],[0.333333,0,0,0.666667],[0,0,0,1],[0.333333,0,0,0.666667],[1,0,0,0],[1,0,0,0],[0.333333,0.666667,0,0],[0,0.666667,0,0.333333],[0.666667,0,0,0.333333],[1,0,0,0],[1,0,0,0],[0,0,1,0],[0.333333,0,0.666667,0],[0.333333,0.333333,0.333333,0],[0,0.666667,0.333333,0],[0,0,0,1],[0,0,0,1],[0,0,0,1],[0,0,0,1],[0,0,1,0],[0,1,0,0],[1,0,0,0],[0,0.666667,0,0.333333],[0,0,1,0],[0.333333,0,0.666667,0],[0,1,0,0],[1,0,0,0],[1,0,0,0],[1,0,0,0],[0.666667,0,0.333333,0],[0,0,1,0],[0,0,1,0],[1,0,0,0],[1,0,0,0],[0,1,0,0],[1,0,0,0],[0,0,1,0],[0,0,0,1],[0,1,0,0],[1,0,0,0],[0,0,1,0],[0,1,0,0],[1,0,0,0],[0,0,1,0],[1,0,0,0],[0,0,1,0],[0,0,0,1],[1,0,0,0],[1,0,0,0],[1,0,0,0],[0,1,0,0],[1,0,0,0],[0,0,1,0],[1,0,0,0],[0,1,0,0],[1,0,0,0],[1,0,0,0],[0,1,0,0],[0,1,0,0],[0.333333,0.666667,0,0],[0.666667,0.333333,0,0],[0.666667,0.333333,0,0],[0.666667,0,0.333333,0],[0.333333,0,0.333333,0.333333],[0.333333,0,0.333333,0.333333],[0,0,0.333333,0.666667]],null,null],"seqs":[1,3,4]},{"orient":7,"bin":8,"pvalue":4.18622e-08,"inferred_pwm":[[1,0,0,0],[0,1,0,0],[1,0,0,0],[0,0,1,0],[1,0,0,0],[0,1,0,0],[1,0,0,0]],"alignment_pwm":[null,[[0.333333,0,0,0.666667],[0.666667,0,0,0.333333],[0.333333,0,0.666667,0],[0,0.666667,0.333333,0],[0,0.333333,0,0.666667],[0,0,0.666667,0.333333],[0,0,1,0],[0,0,1,0],[0.666667,0,0.333333,0],[0.333333,0.666667,0,0],[0,0.333333,0,0.666667],[0,0.333333,0,0.666667],[0.666667,0,0,0.333333],[1,0,0,0],[0.333333,0,0,0.666667],[0,0,0,1],[0.333333,0,0,0.666667],[1,0,0,0],[1,0,0,0],[0.333333,0.666667,0,0],[0,0.666667,0,0.333333],[0.666667,0,0,0.333333],[1,0,0,0],[1,0,0,0],[0,0,1,0],[0.333333,0,0.666667,0],[0.333333,0.333333,0.333333,0],[0,0.666667,0.333333,0],[0,0,0,1],[0,0,0,1],[0,0,0,1],[0,0,0,1],[0,0,1,0],[0,1,0,0],[1,0,0,0],[0,0.666667,0,0.333333],[0,0,1,0],[0.333333,0,0.666667,0],[0,1,0,0],[1,0,0,0],[1,0,0,0],[1,0,0,0],[0.666667,0,0.333333,0],[0,0,1,0],[0,0,1,0],[1,0,0,0],[1,0,0,0],[0,1,0,0],[1,0,0,0],[0,0,1,0],[0,0,0,1],[0,1,0,0],[1,0,0,0],[0,0,1,0],[0,1,0,0],[1,0,0,0],[0,0,1,0],[1,0,0,0],[0,0,1,0],[0,0,0,1],[1,0,0,0],[1,0,0,0],[1,0,0,0],[0,1,0,0],[1,0,0,0],[0,0,1,0],[1,0,0,0],[0,1,0,0],[1,0,0,0],[1,0,0,0],[0,1,0,0],[0,1,0,0],[0.333333,0.666667,0,0],[0.666667,0.333333,0,0],[0.666667,0.333333,0,0],[0.666667,0,0.333333,0],[0.333333,0,0.333333,0.333333],[0.333333,0,0.333333,0.333333],[0,0,0.333333,0.666667]],null,null],"seqs":[1,3,4]},{"orient":8,"bin":8,"pvalue":3.34898e-07,"inferred_pwm":[[1,0,0,0],[0,1,0,0],[1,0,0,0],[0,0,1,0],[1,0,0,0],[0,1,0,0],[1,0,0,0]],"alignment_pwm":[null,[[0.333333,0,0,0.666667],[0.666667,0,0,0.333333],[0.333333,0,0.666667,0],[0,0.666667,0.333333,0],[0,0.333333,0,0.666667],[0,0,0.666667,0.333333],[0,0,1,0],[0,0,1,0],[0.666667,0,0.333333,0],[0.333333,0.666667,0,0],[0,0.333333,0,0.666667],[0,0.333333,0,0.666667],[0.666667,0,0,0.333333],[1,0,0,0],[0.333333,0,0,0.666667],[0,0,0,1],[0.333333,0,0,0.666667],[1,0,0,0],[1,0,0,0],[0.333333,0.666667,0,0],[0,0.666667,0,0.333333],[0.666667,0,0,0.333333],[1,0,0,0],[1,0,0,0],[0,0,1,0],[0.333333,0,0.666667,0],[0.333333,0.333333,0.333333,0],[0,0.666667,0.333333,0],[0,0,0,1],[0,0,0,1],[0,0,0,1],[0,0,0,1],[0,0,1,0],[0,1,0,0],[1,0,0,0],[0,0.666667,0,0.333333],[0,0,1,0],[0.333333,0,0.666667,0],[0,1,0,0],[1,0,0,0],[1,0,0,0],[1,0,0,0],[0.666667,0,0.333333,0],[0,0,1,0],[0,0,1,0],[1,0,0,0],[1,0,0,0],[0,1,0,0],[1,0,0,0],[0,0,1,0],[0,0,0,1],[0,1,0,0],[1,0,0,0],[0,0,1,0],[0,1,0,0],[1,0,0,0],[0,0,1,0],[1,0,0,0],[0,0,1,0],[0,0,0,1],[1,0,0,0],[1,0,0,0],[1,0,0,0],[0,1,0,0],[1,0,0,0],[0,0,1,0],[1,0,0,0],[0,1,0,0],[1,0,0,0],[1,0,0,0],[0,1,0,0],[0,1,0,0],[0.333333,0.666667,0,0],[0.666667,0.333333,0,0],[0.666667,0.333333,0,0],[0.666667,0,0.333333,0],[0.333333,0,0.333333,0.333333],[0.333333,0,0.333333,0.333333],[0,0,0.333333,0.666667]],null,null],"seqs":[1,3,4]}]}],[{"idx":37,"counts":[[0,0,0,0,0,0,0,0,0,0,0,0,0,0,0,0,0,0,0,0,0,0,0,0,0,0,0,0,0,0,0,0,0,0,0,0,0,0,0,0,0,0,0,0,0,0,0,0,0,0,0,0,0,0,0,0,0,0,0,0,0,0,0,0,0,0,0,0,0,0,0,0,0,0,0,0,0,0,0,0,0,0,0,0,0,0,0,0,0,0,0,0,0,0,0,0,0,0,0,0,0,0,0,0,0,0,0,0,0,0,0,0,0,0,0,0,0,0,0,0,0,0,0,0,0,0,0,0,0,0,0,0,0,0,0,0,0,0,0,0,0,0,0,0,0],[0,0,0,0,0,0,0,0,0,0,3,0,0,0,0,0,0,0,0,0,0,0,0,0,0,0,0,0,0,0,0,0,0,0,0,0,0,0,0,0,0,0,0,0,0,0,0,0,0,0,0,0,0,0,0,0,0,0,0,0,0,0,0,0,0,0,0,0,0,0,0,0,0,0,0,0,0,0,0,0,0,0,0,0,0,0,0,0,0,0,0,0,0,0,0,0,0,0,0,0,0,0,0,0,0,0,0,0,0,0,0,0,0,0,0,0,0,0,0,0,0,0,0,0,0,0,0,0,0,0,0,0,0,0,0,0,0,0,0,0,0,0,0,0,0],[0,0,0,0,0,0,0,0,0,0,0,0,0,0,0,0,0,0,0,0,0,0,0,0,0,0,0,0,0,0,0,0,0,0,0,0,0,0,0,0,0,0,0,0,0,0,0,0,0,0,0,0,0,0,0,0,0,0,0,0,0,0,0,0,0,0,0,0,0,0,0,0,0,0,0,0,0,0,0,0,0,0,0,0,0,0,0,0,0,0,0,0,0,0,0,0,0,0,0,0,0,0,0,0,0,0,0,0,0,0,0,0,0,0,0,0,0,0,0,0,0,0,0,0,0,0,0,0,0,0,0,0,0,0,0,0,0,0,0,0,0,0,0,0,0],[0,0,0,0,0,0,0,0,0,0,0,0,0,0,0,0,0,0,0,0,0,0,0,0,0,0,0,0,0,0,0,0,0,0,0,0,0,0,0,0,0,0,0,0,0,0,0,0,0,0,0,0,0,0,0,0,0,0,0,0,0,0,0,0,0,0,0,0,0,0,0,0,0,0,0,0,0,0,0,0,0,0,0,0,0,0,0,0,0,0,0,0,0,0,0,0,0,0,0,0,0,0,0,0,0,0,0,0,0,0,0,0,0,0,0,0,0,0,0,0,0,0,0,0,0,0,0,0,0,0,0,0,0,0,0,0,0,0,0,0,0,0,0,0,0]],"spacings":[{"orient":1,"bin":10,"pvalue":5.23278e-09,"inferred_pwm":[[1,0,0,0],[0,0,1,0],[1,0,0,0],[0,1,0,0],[1,0,0,0],[1,0,0,0],[0,1,0,0]],"alignment_pwm":[null,[[1,0,0,0],[1,0,0,0],[0.333333,0,0,0.666667],[0.666667,0,0,0.333333],[0.333333,0,0.666667,0],[0,0.666667,0.333333,0],[0,0.333333,0,0.666667],[0,0,0.666667,0.333333],[0,0,1,0],[0,0,1,0],[0.666667,0,0.333333,0],[0.333333,0.666667,0,0],[0,0.333333,0,0.666667],[0,0.333333,0,0.666667],[0.666667,0,0,0.333333],[1,0,0,0],[0.333333,0,0,0.666667],[0,0,0,1],[0.333333,0,0,0.666667],[1,0,0,0],[1,0,0,0],[0.333333,0.666667,0,0],[0,0.666667,0,0.333333],[0.666667,0,0,0.333333],[1,0,0,0],[1,0,0,0],[0,0,1,0],[0.333333,0,0.666667,0],[0.333333,0.333333,0.333333,0],[0,0.666667,0.333333,0],[0,0,0,1],[0,0,0,1],[0,0,0,1],[0,0,0,1],[0,0,1,0],[0,1,0,0],[1,0,0,0],[0,0.666667,0,0.333333],[0,0,1,0],[0.333333,0,0.666667,0],[0,1,0,0],[1,0,0,0],[1,0,0,0],[1,0,0,0],[0.666667,0,0.333333,0],[0,0,1,0],[0,0,1,0],[1,0,0,0],[1,0,0,0],[0,1,0,0],[1,0,0,0],[0,0,1,0],[0,0,0,1],[0,1,0,0],[1,0,0,0],[0,0,1,0],[0,1,0,0],[1,0,0,0],[0,0,1,0],[1,0,0,0],[0,0,1,0],[0,0,0,1],[1,0,0,0],[1,0,0,0],[1,0,0,0],[0,1,0,0],[1,0,0,0],[0,0,1,0],[1,0,0,0],[0,1,0,0],[1,0,0,0],[1,0,0,0],[0,1,0,0],[0,1,0,0],[0.333333,0.666667,0,0],[0.666667,0.333333,0,0],[0.666667,0.333333,0,0],[0.666667,0,0.333333,0],[0.333333,0,0.333333,0.333333],[0.333333,0,0.333333,0.333333],[0,0,0.333333,0.666667],[0,0,0.333333,0.666667],[0,0.333333,0.666667,0]],null,null],"seqs":[1,3,4]},{"orient":6,"bin":10,"pvalue":4.18622e-08,"inferred_pwm":[[1,0,0,0],[0,0,1,0],[1,0,0,0],[0,1,0,0],[1,0,0,0],[1,0,0,0],[0,1,0,0]],"alignment_pwm":[null,[[1,0,0,0],[1,0,0,0],[0.333333,0,0,0.666667],[0.666667,0,0,0.333333],[0.333333,0,0.666667,0],[0,0.666667,0.333333,0],[0,0.333333,0,0.666667],[0,0,0.666667,0.333333],[0,0,1,0],[0,0,1,0],[0.666667,0,0.333333,0],[0.333333,0.666667,0,0],[0,0.333333,0,0.666667],[0,0.333333,0,0.666667],[0.666667,0,0,0.333333],[1,0,0,0],[0.333333,0,0,0.666667],[0,0,0,1],[0.333333,0,0,0.666667],[1,0,0,0],[1,0,0,0],[0.333333,0.666667,0,0],[0,0.666667,0,0.333333],[0.666667,0,0,0.333333],[1,0,0,0],[1,0,0,0],[0,0,1,0],[0.333333,0,0.666667,0],[0.333333,0.333333,0.333333,0],[0,0.666667,0.333333,0],[0,0,0,1],[0,0,0,1],[0,0,0,1],[0,0,0,1],[0,0,1,0],[0,1,0,0],[1,0,0,0],[0,0.666667,0,0.333333],[0,0,1,0],[0.333333,0,0.666667,0],[0,1,0,0],[1,0,0,0],[1,0,0,0],[1,0,0,0],[0.666667,0,0.333333,0],[0,0,1,0],[0,0,1,0],[1,0,0,0],[1,0,0,0],[0,1,0,0],[1,0,0,0],[0,0,1,0],[0,0,0,1],[0,1,0,0],[1,0,0,0],[0,0,1,0],[0,1,0,0],[1,0,0,0],[0,0,1,0],[1,0,0,0],[0,0,1,0],[0,0,0,1],[1,0,0,0],[1,0,0,0],[1,0,0,0],[0,1,0,0],[1,0,0,0],[0,0,1,0],[1,0,0,0],[0,1,0,0],[1,0,0,0],[1,0,0,0],[0,1,0,0],[0,1,0,0],[0.333333,0.666667,0,0],[0.666667,0.333333,0,0],[0.666667,0.333333,0,0],[0.666667,0,0.333333,0],[0.333333,0,0.333333,0.333333],[0.333333,0,0.333333,0.333333],[0,0,0.333333,0.666667],[0,0,0.333333,0.666667],[0,0.333333,0.666667,0]],null,null],"seqs":[1,3,4]},{"orient":7,"bin":10,"pvalue":4.18622e-08,"inferred_pwm":[[1,0,0,0],[0,0,1,0],[1,0,0,0],[0,1,0,0],[1,0,0,0],[1,0,0,0],[0,1,0,0]],"alignment_pwm":[null,[[1,0,0,0],[1,0,0,0],[0.333333,0,0,0.666667],[0.666667,0,0,0.333333],[0.333333,0,0.666667,0],[0,0.666667,0.333333,0],[0,0.333333,0,0.666667],[0,0,0.666667,0.333333],[0,0,1,0],[0,0,1,0],[0.666667,0,0.333333,0],[0.333333,0.666667,0,0],[0,0.333333,0,0.666667],[0,0.333333,0,0.666667],[0.666667,0,0,0.333333],[1,0,0,0],[0.333333,0,0,0.666667],[0,0,0,1],[0.333333,0,0,0.666667],[1,0,0,0],[1,0,0,0],[0.333333,0.666667,0,0],[0,0.666667,0,0.333333],[0.666667,0,0,0.333333],[1,0,0,0],[1,0,0,0],[0,0,1,0],[0.333333,0,0.666667,0],[0.333333,0.333333,0.333333,0],[0,0.666667,0.333333,0],[0,0,0,1],[0,0,0,1],[0,0,0,1],[0,0,0,1],[0,0,1,0],[0,1,0,0],[1,0,0,0],[0,0.666667,0,0.333333],[0,0,1,0],[0.333333,0,0.666667,0],[0,1,0,0],[1,0,0,0],[1,0,0,0],[1,0,0,0],[0.666667,0,0.333333,0],[0,0,1,0],[0,0,1,0],[1,0,0,0],[1,0,0,0],[0,1,0,0],[1,0,0,0],[0,0,1,0],[0,0,0,1],[0,1,0,0],[1,0,0,0],[0,0,1,0],[0,1,0,0],[1,0,0,0],[0,0,1,0],[1,0,0,0],[0,0,1,0],[0,0,0,1],[1,0,0,0],[1,0,0,0],[1,0,0,0],[0,1,0,0],[1,0,0,0],[0,0,1,0],[1,0,0,0],[0,1,0,0],[1,0,0,0],[1,0,0,0],[0,1,0,0],[0,1,0,0],[0.333333,0.666667,0,0],[0.666667,0.333333,0,0],[0.666667,0.333333,0,0],[0.666667,0,0.333333,0],[0.333333,0,0.333333,0.333333],[0.333333,0,0.333333,0.333333],[0,0,0.333333,0.666667],[0,0,0.333333,0.666667],[0,0.333333,0.666667,0]],null,null],"seqs":[1,3,4]},{"orient":8,"bin":10,"pvalue":3.34898e-07,"inferred_pwm":[[1,0,0,0],[0,0,1,0],[1,0,0,0],[0,1,0,0],[1,0,0,0],[1,0,0,0],[0,1,0,0]],"alignment_pwm":[null,[[1,0,0,0],[1,0,0,0],[0.333333,0,0,0.666667],[0.666667,0,0,0.333333],[0.333333,0,0.666667,0],[0,0.666667,0.333333,0],[0,0.333333,0,0.666667],[0,0,0.666667,0.333333],[0,0,1,0],[0,0,1,0],[0.666667,0,0.333333,0],[0.333333,0.666667,0,0],[0,0.333333,0,0.666667],[0,0.333333,0,0.666667],[0.666667,0,0,0.333333],[1,0,0,0],[0.333333,0,0,0.666667],