<!DOCTYPE HTML>
<html>
  <head>
    <meta charset="UTF-8">
    <title>TOMTOM</title>
    <script>
      // @JSON_VAR data
      var data = {
        "program": "Tomtom",
        "version": "4.12.0",
        "release": "Tue Jun 27 16:22:50 2017 -0700",
        "cmd": [
          "tomtom", "-verbosity", "1", "-oc",
          "results/AHRpeaks_noAHREs.bed-199.fa/hocomoco/dreme_tomtom_out",
          "-min-overlap", "5", "-dist", "pearson", "-evalue", "-thresh", "1",
          "-no-ssc", "-bfile",
          "results/AHRpeaks_noAHREs.bed-199.fa/hocomoco/background",
          "results/AHRpeaks_noAHREs.bed-199.fa/hocomoco/dreme_out/dreme.xml",
          "/Users/filipov4/meme/db/motif_databases/HUMAN/HOCOMOCOv11_full_HUMAN_mono_meme_format.meme"
        ],
        "options": {
          "strands": "both",
          "distance_measure": "pearson",
          "threshold_type": "evalue",
          "threshold_value": 1,
          "background_source": "file",
          "background_file": "results/AHRpeaks_noAHREs.bed-199.fa/hocomoco/background"
        },
        "alphabet": {
          "name": "DNA",
          "like": "dna",
          "ncore": 4,
          "symbols": [
            {
              "symbol": "A",
              "name": "Adenine",
              "colour": "CC0000",
              "complement": "T"
            }, {
              "symbol": "C",
              "name": "Cytosine",
              "colour": "0000CC",
              "complement": "G"
            }, {
              "symbol": "G",
              "name": "Guanine",
              "colour": "FFB300",
              "complement": "C"
            }, {
              "symbol": "T",
              "aliases": "U",
              "name": "Thymine",
              "colour": "008000",
              "complement": "A"
            }, {
              "symbol": "N",
              "aliases": "X.",
              "name": "Any base",
              "equals": "ACGT"
            }, {
              "symbol": "V",
              "name": "Not T",
              "equals": "ACG"
            }, {
              "symbol": "H",
              "name": "Not G",
              "equals": "ACT"
            }, {
              "symbol": "D",
              "name": "Not C",
              "equals": "AGT"
            }, {
              "symbol": "B",
              "name": "Not A",
              "equals": "CGT"
            }, {
              "symbol": "M",
              "name": "Amino",
              "equals": "AC"
            }, {
              "symbol": "R",
              "name": "Purine",
              "equals": "AG"
            }, {
              "symbol": "W",
              "name": "Weak",
              "equals": "AT"
            }, {
              "symbol": "S",
              "name": "Strong",
              "equals": "CG"
            }, {
              "symbol": "Y",
              "name": "Pyrimidine",
              "equals": "CT"
            }, {
              "symbol": "K",
              "name": "Keto",
              "equals": "GT"
            }
          ]
        },
        "background": [0.2899, 0.2101, 0.2101, 0.2899],
        "query_dbs": [
          {
            "source": "results/AHRpeaks_noAHREs.bed-199.fa/hocomoco/dreme_out/dreme.xml",
            "name": "dreme",
            "loaded": 8,
            "excluded": 0,
            "last_modified": "Thu May 24 11:58:08 2018"
          }
        ],
        "target_dbs": [
          {
            "source": "/Users/filipov4/meme/db/motif_databases/HUMAN/HOCOMOCOv11_full_HUMAN_mono_meme_format.meme",
            "name": "HOCOMOCOv11 full HUMAN mono meme format",
            "loaded": 771,
            "excluded": 0,
            "last_modified": "Wed Dec  6 21:59:30 2017"
          }
        ],
        "queries": [
          {
            "db": 0,
            "id": "AGATAW",
            "alt": "DREME-3",
            "len": 6,
            "nsites": 278,
            "evalue": "2.5e-006",
            "pwm": [
              [0.999745, 7.55484e-05, 7.55484e-05, 0.000104243], 
              [0.000104243, 7.55484e-05, 0.999716, 0.000104243], 
              [0.999745, 7.55484e-05, 7.55484e-05, 0.000104243], 
              [0.000104243, 7.55484e-05, 7.55484e-05, 0.999745], 
              [0.999745, 7.55484e-05, 7.55484e-05, 0.000104243], 
              [0.661737, 7.55484e-05, 7.55484e-05, 0.338112]
            ]
          }, {
            "db": 0,
            "id": "AKGTCA",
            "alt": "DREME-7",
            "len": 6,
            "nsites": 246,
            "evalue": "5.2e-003",
            "pwm": [
              [0.999711, 8.53718e-05, 8.53718e-05, 0.000117798], 
              [0.000117798, 8.53718e-05, 0.512072, 0.487725], 
              [0.000117798, 8.53718e-05, 0.999679, 0.000117798], 
              [0.000117798, 8.53718e-05, 8.53718e-05, 0.999711], 
              [0.000117798, 0.999679, 8.53718e-05, 0.000117798], 
              [0.999711, 8.53718e-05, 8.53718e-05, 0.000117798]
            ]
          }, {
            "db": 0,
            "id": "CATTCCW",
            "alt": "DREME-8",
            "len": 7,
            "nsites": 96,
            "evalue": "3.0e-002",
            "pwm": [
              [0.000301665, 0.999178, 0.000218627, 0.000301665], 
              [0.999261, 0.000218627, 0.000218627, 0.000301665], 
              [0.000301665, 0.000218627, 0.000218627, 0.999261], 
              [0.000301665, 0.000218627, 0.000218627, 0.999261], 
              [0.000301665, 0.999178, 0.000218627, 0.000301665], 
              [0.000301665, 0.999178, 0.000218627, 0.000301665], 
              [0.42694, 0.000218627, 0.000218627, 0.572622]
            ]
          }, {
            "db": 0,
            "id": "CCTSAGGS",
            "alt": "DREME-6",
            "len": 8,
            "nsites": 49,
            "evalue": "5.5e-003",
            "pwm": [
              [0.000590428, 0.998391, 0.000427902, 0.000590428], 
              [0.000590428, 0.998391, 0.000427902, 0.000590428], 
              [0.000590428, 0.000427902, 0.000427902, 0.998554], 
              [0.000590428, 0.46886, 0.529959, 0.000590428], 
              [0.998554, 0.000427902, 0.000427902, 0.000590428], 
              [0.000590428, 0.000427902, 0.998391, 0.000590428], 
              [0.000590428, 0.000427902, 0.998391, 0.000590428], 
              [0.000590428, 0.529959, 0.46886, 0.000590428]
            ]
          }, {
            "db": 0,
            "id": "CMCAG",
            "alt": "DREME-5",
            "len": 5,
            "nsites": 860,
            "evalue": "3.1e-005",
            "pwm": [
              [3.37054e-05, 0.999908, 2.44274e-05, 3.37054e-05], 
              [0.555783, 0.444159, 2.44274e-05, 3.37054e-05], 
              [3.37054e-05, 0.999908, 2.44274e-05, 3.37054e-05], 
              [0.999917, 2.44274e-05, 2.44274e-05, 3.37054e-05], 
              [3.37054e-05, 2.44274e-05, 0.999908, 3.37054e-05]
            ]
          }, {
            "db": 0,
            "id": "HCGTGM",
            "alt": "DREME-2",
            "len": 6,
            "nsites": 171,
            "evalue": "2.8e-011",
            "pwm": [
              [0.286552, 0.339106, 0.000122794, 0.37422], 
              [0.000169433, 0.999538, 0.000122794, 0.000169433], 
              [0.000169433, 0.000122794, 0.999538, 0.000169433], 
              [0.000169433, 0.000122794, 0.000122794, 0.999585], 
              [0.000169433, 0.000122794, 0.999538, 0.000169433], 
              [0.508644, 0.491064, 0.000122794, 0.000169433]
            ]
          }, {
            "db": 0,
            "id": "RYAAAYA",
            "alt": "DREME-1",
            "len": 7,
            "nsites": 625,
            "evalue": "1.2e-047",
            "pwm": [
              [0.529562, 3.36106e-05, 0.470358, 4.63766e-05], 
              [4.63766e-05, 0.494355, 3.36106e-05, 0.505565], 
              [0.999886, 3.36106e-05, 3.36106e-05, 4.63766e-05], 
              [0.999886, 3.36106e-05, 3.36106e-05, 4.63766e-05], 
              [0.999886, 3.36106e-05, 3.36106e-05, 4.63766e-05], 
              [4.63766e-05, 0.571142, 3.36106e-05, 0.428778], 
              [0.999886, 3.36106e-05, 3.36106e-05, 4.63766e-05]
            ]
          }, {
            "db": 0,
            "id": "TGAGTCAB",
            "alt": "DREME-4",
            "len": 8,
            "nsites": 76,
            "evalue": "6.2e-006",
            "pwm": [
              [0.000380946, 0.000276084, 0.000276084, 0.999067], 
              [0.000380946, 0.000276084, 0.998962, 0.000380946], 
              [0.999067, 0.000276084, 0.000276084, 0.000380946], 
              [0.000380946, 0.000276084, 0.998962, 0.000380946], 
              [0.000380946, 0.000276084, 0.000276084, 0.999067], 
              [0.000380946, 0.998962, 0.000276084, 0.000380946], 
              [0.999067, 0.000276084, 0.000276084, 0.000380946], 
              [0.000380946, 0.31565, 0.276229, 0.40774]
            ]
          }
        ],
        "targets": [
          {
            "db": 0,
            "id": "ANDR_HUMAN.H11MO.0.A",
            "len": 18,
            "nsites": 499,
            "evalue": "1.0e+000",
            "url": "http://hocomoco.autosome.ru/motif/ANDR_HUMAN.H11MO.0.A",
            "pwm": [
              [0.148325, 0.0701683, 0.036107, 0.7454], 
              [0.0621699, 0.0481287, 0.777441, 0.11226], 
              [0.0681807, 0.0661611, 0.0140673, 0.851591], 
              [0.188397, 0.172352, 0.144302, 0.494949], 
              [0.0781987, 0.733362, 0.036107, 0.152332], 
              [0.122278, 0.278543, 0.0320998, 0.567079], 
              [0.180383, 0.134284, 0.196396, 0.488938], 
              [0.198415, 0.178363, 0.216432, 0.40679], 
              [0.176375, 0.192388, 0.222442, 0.408794], 
              [0.200419, 0.256504, 0.120258, 0.422819], 
              [0.0721879, 0.0140673, 0.0140673, 0.899677], 
              [0.254516, 0.0300962, 0.691286, 0.0241014], 
              [0.0281086, 0.0220818, 0.0200782, 0.929731], 
              [0.0180905, 0.00605292, 0.0982188, 0.877638], 
              [0.00807251, 0.00805652, 0.0641575, 0.919713], 
              [0.420815, 0.0280926, 0.494933, 0.0561591], 
              [0.0862132, 0.524987, 0.0481287, 0.340671], 
              [0.290581, 0.158327, 0.0541395, 0.496952]
            ]
          }, {
            "db": 0,
            "id": "AP2A_HUMAN.H11MO.0.A",
            "len": 15,
            "nsites": 500,
            "evalue": "1.0e+000",
            "url": "http://hocomoco.autosome.ru/motif/AP2A_HUMAN.H11MO.0.A",
            "pwm": [
              [0.416132, 0.185369, 0.19313, 0.20537], 
              [0.231129, 0.0911444, 0.134684, 0.543042], 
              [0.176783, 0.0944218, 0.470174, 0.25862], 
              [0.0108893, 0.520543, 0.431405, 0.0371628], 
              [5.79684e-05, 0.999842, 4.20116e-05, 5.79684e-05], 
              [5.79684e-05, 0.900835, 4.20116e-05, 0.099065], 
              [0.0509863, 0.111325, 0.0128241, 0.824864], 
              [0.00189616, 4.20116e-05, 0.796449, 0.201613], 
              [0.535284, 0.0386218, 0.409197, 0.0168972], 
              [0.142188, 4.20116e-05, 0.855957, 0.00181269], 
              [5.79684e-05, 4.20116e-05, 0.999842, 5.79684e-05], 
              [0.0479131, 0.55605, 0.379963, 0.0160737], 
              [0.30825, 0.381602, 0.0917635, 0.218384], 
              [0.512996, 0.0934441, 0.204259, 0.1893], 
              [0.23853, 0.148905, 0.208398, 0.404167]
            ]
          }, {
            "db": 0,
            "id": "AP2C_HUMAN.H11MO.0.A",
            "len": 14,
            "nsites": 500,
            "evalue": "1.0e+000",
            "url": "http://hocomoco.autosome.ru/motif/AP2C_HUMAN.H11MO.0.A",
            "pwm": [
              [0.387208, 0.201032, 0.269555, 0.142205], 
              [0.196094, 0.123616, 0.166409, 0.513882], 
              [0.184617, 0.0997942, 0.518368, 0.19722], 
              [0.00959086, 0.50698, 0.47184, 0.0115887], 
              [0.00386082, 0.988128, 0.00795352, 5.79684e-05], 
              [0.00192582, 0.951674, 0.00238639, 0.0440134], 
              [0.0500632, 0.131882, 0.0254141, 0.792641], 
              [0.0354151, 4.20116e-05, 0.917067, 0.0474755], 
              [0.554984, 0.0254356, 0.415796, 0.00378388], 
              [0.0734839, 4.20116e-05, 0.924446, 0.00202838], 
              [5.79684e-05, 4.20116e-05, 0.997959, 0.00194107], 
              [0.0289837, 0.618166, 0.340991, 0.0118596], 
              [0.313921, 0.351511, 0.0971749, 0.237393], 
              [0.428248, 0.170528, 0.241662, 0.159562]
            ]
          }, {
            "db": 0,
            "id": "AP2D_HUMAN.H11MO.0.D",
            "len": 14,
            "nsites": 5,
            "evalue": "1.0e+000",
            "url": "http://hocomoco.autosome.ru/motif/AP2D_HUMAN.H11MO.0.D",
            "pwm": [
              [0.233682, 0.482916, 0.232118, 0.0512839], 
              [0.00568431, 0.00411961, 0.984512, 0.00568431], 
              [0.00568431, 0.619715, 0.186518, 0.188083], 
              [0.00568431, 0.984512, 0.00411961, 0.00568431], 
              [0.00568431, 0.596915, 0.00411961, 0.393281], 
              [0.00568431, 0.00411961, 0.984512, 0.00568431], 
              [0.393281, 0.232118, 0.368917, 0.00568431], 
              [0.00568431, 0.00411961, 0.984512, 0.00568431], 
              [0.00568431, 0.00411961, 0.984512, 0.00568431], 
              [0.00568431, 0.802113, 0.186518, 0.00568431], 
              [0.188083, 0.232118, 0.391717, 0.188083], 
              [0.00568431, 0.802113, 0.186518, 0.00568431], 
              [0.00568431, 0.186518, 0.802113, 0.00568431], 
              [0.0512839, 0.232118, 0.0497192, 0.666879]
            ]
          }, {
            "db": 0,
            "id": "BACH1_HUMAN.H11MO.0.A",
            "len": 13,
            "nsites": 500,
            "evalue": "1.0e+000",
            "url": "http://hocomoco.autosome.ru/motif/BACH1_HUMAN.H11MO.0.A",
            "pwm": [
              [0.0628594, 0.168173, 0.0975367, 0.671431], 
              [0.00921464, 0.066417, 0.922328, 0.00204003], 
              [0.0209224, 0.967518, 0.00396646, 0.00759353], 
              [0.0362262, 0.0795752, 0.080131, 0.804068], 
              [0.00390622, 0.0613485, 0.890879, 0.0438658], 
              [0.802828, 0.020611, 0.124515, 0.0520458], 
              [0.0133195, 0.214857, 0.763215, 0.00860834], 
              [0.00625755, 0.0361714, 0.14587, 0.811701], 
              [0.0162491, 0.943684, 0.0343087, 0.00575791], 
              [0.786289, 0.0958296, 0.0824453, 0.0354356], 
              [0.00983529, 0.334254, 0.256598, 0.399313], 
              [0.151636, 0.265548, 0.394684, 0.188132], 
              [0.105273, 0.378556, 0.372593, 0.143579]
            ]
          }, {
            "db": 0,
            "id": "BACH2_HUMAN.H11MO.0.A",
            "len": 11,
            "nsites": 500,
            "evalue": "1.0e+000",
            "url": "http://hocomoco.autosome.ru/motif/BACH2_HUMAN.H11MO.0.A",
            "pwm": [
              [0.122034, 0.0960228, 0.0680284, 0.713915], 
              [0.0140552, 0.0780264, 0.893863, 0.0140552], 
              [0.0440492, 0.923857, 0.0120396, 0.020054], 
              [0.0780424, 0.0380344, 0.00804041, 0.875883], 
              [0.0580464, 0.06003, 0.793883, 0.0880404], 
              [0.757906, 0.0380344, 0.0560308, 0.148028], 
              [0.0440492, 0.223997, 0.669908, 0.0620456], 
              [0.010056, 0.0160388, 0.00804041, 0.965865], 
              [0.060046, 0.919858, 0.0160388, 0.00405717], 
              [0.963865, 0.0120396, 0.00804041, 0.0160548], 
              [0.0560468, 0.319978, 0.212, 0.411976]
            ]
          }, {
            "db": 0,
            "id": "BATF_HUMAN.H11MO.0.A",
            "len": 18,
            "nsites": 500,
            "evalue": "1.0e+000",
            "url": "http://hocomoco.autosome.ru/motif/BATF_HUMAN.H11MO.0.A",
            "pwm": [
              [0.451968, 0.0780264, 0.263989, 0.206017], 
              [0.0480484, 0.399962, 0.345973, 0.206017], 
              [0.0120556, 0.0180384, 0.0440332, 0.925873], 
              [0.134031, 0.327976, 0.0240372, 0.513955], 
              [0.0860408, 0.237994, 0.0520316, 0.623933], 
              [0.14203, 0.545933, 0.0460328, 0.266005], 
              [0.379982, 0.0860248, 0.395963, 0.13803], 
              [0.369984, 0.114019, 0.229996, 0.286001], 
              [0.33799, 0.0180384, 0.0840252, 0.559946], 
              [0.577942, 0.15801, 0.0220376, 0.24201], 
              [0.00205757, 0.00204161, 4.20116e-05, 0.995859], 
              [0.00405717, 0.0560308, 0.849872, 0.09004], 
              [0.977862, 0.00804041, 0.0120396, 0.00205757], 
              [0.104037, 0.55793, 0.315979, 0.0220536], 
              [0.0720436, 0.030036, 0.020038, 0.877882], 
              [0.212016, 0.50794, 0.212, 0.0680444], 
              [0.611936, 0.0840252, 0.11002, 0.194019], 
              [0.14203, 0.186005, 0.305981, 0.365985]
            ]
          }, {
            "db": 0,
            "id": "BATF_HUMAN.H11MO.1.A",
            "len": 11,
            "nsites": 500,
            "evalue": "1.0e+000",
            "url": "http://hocomoco.autosome.ru/motif/BATF_HUMAN.H11MO.1.A",
            "pwm": [
              [0.323993, 0.0680284, 0.391964, 0.216015], 
              [0.573943, 0.217998, 0.192004, 0.0160548], 
              [0.0140552, 0.00404121, 0.00404121, 0.977862], 
              [5.79684e-05, 0.0120396, 0.933855, 0.0540472], 
              [0.967864, 0.01004, 0.00804041, 0.0140552], 
              [0.010056, 0.513939, 0.0540312, 0.421974], 
              [0.0280524, 0.0280364, 0.431956, 0.511956], 
              [0.0940392, 0.875867, 0.0140392, 0.0160548], 
              [0.975863, 0.0180384, 4.20116e-05, 0.00605677], 
              [0.609936, 0.0560308, 0.144013, 0.19002], 
              [0.23801, 0.283985, 0.100022, 0.377982]
            ]
          }, {
            "db": 0,
            "id": "COT1_HUMAN.H11MO.0.C",
            "len": 17,
            "nsites": 500,
            "evalue": "1.0e+000",
            "url": "http://hocomoco.autosome.ru/motif/COT1_HUMAN.H11MO.0.C",
            "pwm": [
              [0.180022, 0.146013, 0.539934, 0.134031], 
              [0.288, 0.0740272, 0.549932, 0.0880404], 
              [0.248008, 0.0780264, 0.591924, 0.0820416], 
              [0.208016, 0.118018, 0.589924, 0.0840412], 
              [0.0860408, 0.150012, 0.36197, 0.401978], 
              [0.132032, 0.475947, 0.289984, 0.102038], 
              [0.631932, 0.11202, 0.194003, 0.0620456], 
              [0.411976, 0.0480324, 0.523937, 0.0160548], 
              [0.725913, 4.20116e-05, 0.269988, 0.00405717], 
              [0.0180544, 4.20116e-05, 0.91186, 0.070044], 
              [0.0160548, 0.01004, 0.96185, 0.0120556], 
              [0.010056, 0.0780264, 0.279986, 0.631932], 
              [0.0660448, 0.863869, 0.0420336, 0.0280524], 
              [0.959866, 0.00404121, 0.0160388, 0.020054], 
              [0.204017, 0.126017, 0.517938, 0.152028], 
              [0.226013, 0.184005, 0.493943, 0.0960388], 
              [0.186021, 0.168008, 0.505941, 0.14003]
            ]
          }, {
            "db": 0,
            "id": "COT1_HUMAN.H11MO.1.C",
            "len": 13,
            "nsites": 478,
            "evalue": "1.0e+000",
            "url": "http://hocomoco.autosome.ru/motif/COT1_HUMAN.H11MO.1.C",
            "pwm": [
              [0.0837251, 0.194564, 0.382809, 0.338902], 
              [0.125557, 0.502031, 0.284503, 0.0879084], 
              [0.591987, 0.108808, 0.167373, 0.131832], 
              [0.368184, 0.0335097, 0.59197, 0.00633547], 
              [0.719575, 4.39448e-05, 0.278228, 0.00215225], 
              [0.00842709, 0.00213556, 0.951728, 0.0377097], 
              [0.00633547, 4.39448e-05, 0.966369, 0.0272516], 
              [0.00842709, 0.0690672, 0.217572, 0.704934], 
              [0.0335264, 0.914079, 0.0272349, 0.02516], 
              [0.991485, 0.00213556, 0.00631878, 6.06358e-05], 
              [0.223863, 0.154823, 0.525039, 0.0962748], 
              [0.313803, 0.146457, 0.456015, 0.0837251], 
              [0.146474, 0.0962581, 0.635894, 0.121374]
            ]
          }, {
            "db": 0,
            "id": "COT2_HUMAN.H11MO.0.A",
            "len": 13,
            "nsites": 500,
            "evalue": "1.0e+000",
            "url": "http://hocomoco.autosome.ru/motif/COT2_HUMAN.H11MO.0.A",
            "pwm": [
              [0.188828, 0.470313, 0.185439, 0.15542], 
              [0.666721, 0.149232, 0.0850842, 0.0989625], 
              [0.531151, 0.0743059, 0.343915, 0.0506284], 
              [0.732766, 0.00213358, 0.259158, 0.00594229], 
              [0.00756559, 4.20116e-05, 0.981046, 0.0113464], 
              [0.0355245, 0.00746622, 0.903606, 0.0534031], 
              [0.00756607, 0.0501501, 0.0817596, 0.860524], 
              [0.00187678, 0.925657, 0.0217695, 0.0506971], 
              [0.988317, 4.20116e-05, 0.0079819, 0.00365903], 
              [0.373569, 0.120958, 0.377549, 0.127925], 
              [0.408915, 0.116643, 0.383312, 0.0911302], 
              [0.212837, 0.0575016, 0.564794, 0.164868], 
              [0.232583, 0.127381, 0.379905, 0.26013]
            ]
          }, {
            "db": 0,
            "id": "COT2_HUMAN.H11MO.1.A",
            "len": 17,
            "nsites": 500,
            "evalue": "1.0e+000",
            "url": "http://hocomoco.autosome.ru/motif/COT2_HUMAN.H11MO.1.A",
            "pwm": [
              [0.315995, 0.0860248, 0.429956, 0.168024], 
              [0.264005, 0.0460328, 0.563929, 0.126033], 
              [0.270004, 0.102022, 0.50794, 0.120034], 
              [0.182022, 0.184005, 0.51194, 0.122034], 
              [0.128032, 0.263989, 0.200002, 0.407976], 
              [0.198018, 0.543933, 0.124017, 0.134031], 
              [0.63793, 0.0760268, 0.118018, 0.168024], 
              [0.497958, 0.0240372, 0.45795, 0.020054], 
              [0.731912, 0.00204161, 0.25799, 0.00805637], 
              [0.0260528, 0.00404121, 0.899862, 0.070044], 
              [0.0280524, 0.01004, 0.90986, 0.0520476], 
              [0.0120556, 0.0480324, 0.184005, 0.755907], 
              [0.070044, 0.831876, 0.0480324, 0.050048], 
              [0.957866, 0.0140392, 0.0160388, 0.0120556], 
              [0.226013, 0.180006, 0.415959, 0.178022], 
              [0.301998, 0.196003, 0.373967, 0.128032], 
              [0.260006, 0.154011, 0.463949, 0.122034]
            ]
          }, {
            "db": 0,
            "id": "EPAS1_HUMAN.H11MO.0.B",
            "len": 9,
            "nsites": 500,
            "evalue": "1.0e+000",
            "url": "http://hocomoco.autosome.ru/motif/EPAS1_HUMAN.H11MO.0.B",
            "pwm": [
              [0.230012, 0.255991, 0.445953, 0.0680444], 
              [0.166025, 0.070028, 0.243993, 0.519954], 
              [0.865885, 0.020038, 0.10802, 0.00605677], 
              [0.020054, 0.91186, 0.0260368, 0.0420496], 
              [0.0160548, 0.01004, 0.969848, 0.00405717], 
              [5.79684e-05, 4.20116e-05, 0.00204161, 0.997858], 
              [5.79684e-05, 4.20116e-05, 0.997842, 0.00205757], 
              [0.373983, 0.469948, 0.06003, 0.0960388], 
              [0.160026, 0.489944, 0.134015, 0.216015]
            ]
          }, {
            "db": 0,
            "id": "ERR1_HUMAN.H11MO.0.A",
            "len": 15,
            "nsites": 284,
            "evalue": "1.0e+000",
            "url": "http://hocomoco.autosome.ru/motif/ERR1_HUMAN.H11MO.0.A",
            "pwm": [
              [0.102179, 0.408381, 0.228867, 0.260574], 
              [0.0775396, 0.390781, 0.0493524, 0.482327], 
              [0.102179, 0.682932, 0.183108, 0.031781], 
              [0.915273, 0.00711373, 0.0669518, 0.0106617], 
              [0.971591, 7.39529e-05, 0.0282331, 0.000102042], 
              [0.00362193, 7.39529e-05, 0.989162, 0.00714182], 
              [0.00714182, 0.00359384, 0.989162, 0.000102042], 
              [0.06346, 0.00359384, 0.0458325, 0.887114], 
              [0.000102042, 0.922284, 0.0528723, 0.0247413], 
              [0.985671, 0.00359384, 0.00711373, 0.00362193], 
              [0.235934, 0.4295, 0.140869, 0.193696], 
              [0.418969, 0.197188, 0.183108, 0.200736], 
              [0.147937, 0.345023, 0.302784, 0.204256], 
              [0.411929, 0.172548, 0.193668, 0.221855], 
              [0.207775, 0.242946, 0.397821, 0.151457]
            ]
          }, {
            "db": 0,
            "id": "ERR2_HUMAN.H11MO.0.A",
            "len": 9,
            "nsites": 3662,
            "evalue": "1.0e+000",
            "url": "http://hocomoco.autosome.ru/motif/ERR2_HUMAN.H11MO.0.A",
            "pwm": [
              [0.0588147, 0.303121, 0.169216, 0.468848], 
              [0.0678236, 0.71133, 0.143209, 0.077637], 
              [0.934265, 0.00636173, 0.0541146, 0.00525852], 
              [0.986219, 0.000613702, 0.0116676, 0.00150019], 
              [0.00553487, 0.000447893, 0.988925, 0.00509271], 
              [0.00243977, 0.00155328, 0.993788, 0.0022187], 
              [0.0388624, 0.0402041, 0.0884502, 0.832483], 
              [0.00188708, 0.876693, 0.071763, 0.0496574], 
              [0.927726, 0.00492472, 0.0608749, 0.00647445]
            ]
          }, {
            "db": 0,
            "id": "ERR3_HUMAN.H11MO.0.B",
            "len": 9,
            "nsites": 14,
            "evalue": "1.0e+000",
            "url": "http://hocomoco.autosome.ru/motif/ERR3_HUMAN.H11MO.0.B",
            "pwm": [
              [0.0713287, 0.00149007, 0.147732, 0.779449], 
              [0.0713287, 0.70961, 0.0707627, 0.148298], 
              [0.787146, 0.00149007, 0.209308, 0.00205603], 
              [0.994964, 0.00149007, 0.00149007, 0.00205603], 
              [0.00205603, 0.0707627, 0.855853, 0.0713287], 
              [0.00205603, 0.0707627, 0.925125, 0.00205603], 
              [0.0713287, 0.00149007, 0.00149007, 0.925691], 
              [0.0713287, 0.78658, 0.00149007, 0.140601], 
              [0.821782, 0.0361264, 0.105399, 0.0366923]
            ]
          }, {
            "db": 0,
            "id": "ESR1_HUMAN.H11MO.0.A",
            "len": 15,
            "nsites": 500,
            "evalue": "1.0e+000",
            "url": "http://hocomoco.autosome.ru/motif/ESR1_HUMAN.H11MO.0.A",
            "pwm": [
              [0.63793, 0.0480324, 0.25999, 0.0540472], 
              [0.0740432, 0.00604081, 0.80788, 0.112036], 
              [0.0460488, 0.0180384, 0.90786, 0.0280524], 
              [0.0940392, 0.0720276, 0.178006, 0.655927], 
              [0.00205757, 0.887864, 0.0480324, 0.0620456], 
              [0.855887, 0.00604081, 0.11202, 0.0260528], 
              [0.108036, 0.441954, 0.31198, 0.13803], 
              [0.395979, 0.603921, 4.20116e-05, 5.79684e-05], 
              [0.182022, 0.375967, 0.285985, 0.156027], 
              [0.104037, 0.0780264, 0.0440332, 0.773903], 
              [0.0540472, 0.0340352, 0.90786, 0.00405717], 
              [0.617934, 0.198002, 0.070028, 0.114035], 
              [0.04005, 0.883865, 0.0140392, 0.0620456], 
              [0.09004, 0.821878, 0.00804041, 0.080042], 
              [0.0580464, 0.329976, 0.0660288, 0.545949]
            ]
          }, {
            "db": 0,
            "id": "ESR1_HUMAN.H11MO.1.A",
            "len": 10,
            "nsites": 500,
            "evalue": "1.0e+000",
            "url": "http://hocomoco.autosome.ru/motif/ESR1_HUMAN.H11MO.1.A",
            "pwm": [
              [0.122034, 0.545933, 0.120018, 0.212016], 
              [0.349988, 0.325977, 0.118018, 0.206017], 
              [0.631932, 0.0160388, 0.347972, 0.00405717], 
              [0.00605677, 4.20116e-05, 0.965849, 0.0280524], 
              [0.00605677, 4.20116e-05, 0.991844, 0.00205757], 
              [0.0380504, 0.00404121, 0.102022, 0.855887], 
              [0.00405717, 0.973847, 0.020038, 0.00205757], 
              [0.993859, 0.00204161, 0.00404121, 5.79684e-05], 
              [0.0680444, 0.443953, 0.369968, 0.118034], 
              [0.317994, 0.335975, 0.245993, 0.100038]
            ]
          }, {
            "db": 0,
            "id": "ESR2_HUMAN.H11MO.1.A",
            "len": 7,
            "nsites": 500,
            "evalue": "1.0e+000",
            "url": "http://hocomoco.autosome.ru/motif/ESR2_HUMAN.H11MO.1.A",
            "pwm": [
              [0.693919, 0.0340352, 0.26199, 0.010056], 
              [0.0160548, 0.00204161, 0.945853, 0.0360508], 
              [0.00205757, 0.01004, 0.981846, 0.00605677], 
              [0.0180544, 0.0160388, 0.104021, 0.861886], 
              [0.00205757, 0.991844, 0.00204161, 0.00405717], 
              [0.949868, 0.00604081, 0.040034, 0.00405717], 
              [0.070044, 0.45995, 0.399962, 0.070044]
            ]
          }, {
            "db": 0,
            "id": "EVI1_HUMAN.H11MO.0.B",
            "len": 16,
            "nsites": 141,
            "evalue": "1.0e+000",
            "url": "http://hocomoco.autosome.ru/motif/EVI1_HUMAN.H11MO.0.B",
            "pwm": [
              [0.418885, 0.152794, 0.189314, 0.239008], 
              [0.635766, 0.0373219, 0.0836386, 0.243273], 
              [0.0211053, 0.0295394, 0.906752, 0.0426034], 
              [0.972719, 0.00602699, 0.00602699, 0.0152273], 
              [0.0413521, 0.455695, 0.00602699, 0.496926], 
              [0.951819, 0.00602699, 0.0177832, 0.024371], 
              [0.917557, 0.000148902, 0.0157964, 0.0664973], 
              [0.0306845, 0.00602699, 0.961995, 0.00129399], 
              [0.966841, 0.000148902, 0.000148902, 0.0328615], 
              [0.000205457, 0.124703, 0.00537387, 0.869718], 
              [0.900169, 0.0325323, 0.000148902, 0.0671494], 
              [0.771722, 0.0092926, 0.156733, 0.062252], 
              [0.210889, 0.183456, 0.352285, 0.253369], 
              [0.743775, 0.0920468, 0.0765092, 0.0876688], 
              [0.129359, 0.15608, 0.308148, 0.406414], 
              [0.490353, 0.119193, 0.158435, 0.232019]
            ]
          }, {
            "db": 0,
            "id": "FOSB_HUMAN.H11MO.0.A",
            "len": 9,
            "nsites": 500,
            "evalue": "1.0e+000",
            "url": "http://hocomoco.autosome.ru/motif/FOSB_HUMAN.H11MO.0.A",
            "pwm": [
              [0.413975, 0.206001, 0.291984, 0.0880404], 
              [0.010056, 0.0120396, 0.00204161, 0.975863], 
              [0.0120556, 0.0140392, 0.917858, 0.0560468], 
              [0.895879, 0.0120396, 0.0180384, 0.0740432], 
              [0.204017, 4.20116e-05, 0.795883, 5.79684e-05], 
              [0.0180544, 0.030036, 0.106021, 0.845889], 
              [0.0540472, 0.903861, 0.0280364, 0.0140552], 
              [0.965865, 0.01004, 0.00604081, 0.0180544], 
              [0.0720436, 0.329976, 0.229996, 0.367984]
            ]
          }, {
            "db": 0,
            "id": "FOSL1_HUMAN.H11MO.0.A",
            "len": 12,
            "nsites": 500,
            "evalue": "1.0e+000",
            "url": "http://hocomoco.autosome.ru/motif/FOSL1_HUMAN.H11MO.0.A",
            "pwm": [
              [0.198018, 0.186005, 0.405961, 0.210016], 
              [0.317994, 0.164009, 0.347972, 0.170024], 
              [0.429972, 0.269988, 0.281986, 0.0180544], 
              [5.79684e-05, 4.20116e-05, 0.00604081, 0.993859], 
              [5.79684e-05, 0.00404121, 0.941854, 0.0540472], 
              [0.98786, 0.00204161, 0.00204161, 0.00805637], 
              [0.0780424, 4.20116e-05, 0.921858, 5.79684e-05], 
              [5.79684e-05, 4.20116e-05, 4.20116e-05, 0.999858], 
              [0.0180544, 0.979846, 0.00204161, 5.79684e-05], 
              [0.995859, 0.00404121, 4.20116e-05, 5.79684e-05], 
              [0.0220536, 0.41196, 0.16201, 0.403977], 
              [0.210016, 0.401962, 0.154011, 0.234011]
            ]
          }, {
            "db": 0,
            "id": "FOSL2_HUMAN.H11MO.0.A",
            "len": 12,
            "nsites": 500,
            "evalue": "1.0e+000",
            "url": "http://hocomoco.autosome.ru/motif/FOSL2_HUMAN.H11MO.0.A",
            "pwm": [
              [0.194019, 0.190004, 0.373967, 0.24201], 
              [0.282002, 0.134015, 0.381966, 0.202018], 
              [0.519954, 0.15801, 0.297982, 0.0240532], 
              [5.79684e-05, 4.20116e-05, 0.00204161, 0.997858], 
              [5.79684e-05, 0.00204161, 0.95785, 0.04005], 
              [0.985861, 0.00404121, 4.20116e-05, 0.010056], 
              [0.102038, 4.20116e-05, 0.897862, 5.79684e-05], 
              [0.00405717, 0.00404121, 0.00404121, 0.98786], 
              [0.00605677, 0.991844, 0.00204161, 5.79684e-05], 
              [0.997858, 4.20116e-05, 4.20116e-05, 0.00205757], 
              [0.0240532, 0.351972, 0.114019, 0.509956], 
              [0.216015, 0.377966, 0.138014, 0.268004]
            ]
          }, {
            "db": 0,
            "id": "FOS_HUMAN.H11MO.0.A",
            "len": 9,
            "nsites": 500,
            "evalue": "1.0e+000",
            "url": "http://hocomoco.autosome.ru/motif/FOS_HUMAN.H11MO.0.A",
            "pwm": [
              [0.345989, 0.215999, 0.35997, 0.0780424], 
              [0.010056, 0.0180384, 0.01004, 0.961866], 
              [0.0160548, 0.0340352, 0.85987, 0.09004], 
              [0.935871, 0.00804041, 0.0280364, 0.0280524], 
              [0.116035, 4.20116e-05, 0.883865, 5.79684e-05], 
              [0.0220536, 0.0260368, 0.0240372, 0.927872], 
              [0.0420496, 0.933855, 0.0240372, 5.79684e-05], 
              [0.959866, 0.0160388, 0.0120396, 0.0120556], 
              [0.0280524, 0.417958, 0.263989, 0.29]
            ]
          }, {
            "db": 0,
            "id": "FOXA1_HUMAN.H11MO.0.A",
            "len": 12,
            "nsites": 500,
            "evalue": "1.0e+000",
            "url": "http://hocomoco.autosome.ru/motif/FOXA1_HUMAN.H11MO.0.A",
            "pwm": [
              [0.0160548, 4.20116e-05, 4.20116e-05, 0.983861], 
              [0.246009, 0.00404121, 0.749892, 5.79684e-05], 
              [0.00205757, 4.20116e-05, 4.20116e-05, 0.997858], 
              [0.00405717, 4.20116e-05, 0.0560308, 0.93987], 
              [5.79684e-05, 4.20116e-05, 0.144013, 0.855887], 
              [0.781902, 4.20116e-05, 0.206001, 0.0120556], 
              [0.00805637, 0.797882, 0.00804041, 0.186021], 
              [0.317994, 0.138014, 0.00404121, 0.53995], 
              [0.0320516, 0.313979, 0.10802, 0.545949], 
              [0.463965, 0.020038, 0.0160388, 0.499958], 
              [0.218014, 0.0980224, 0.493943, 0.19002], 
              [0.108036, 0.25999, 0.393963, 0.23801]
            ]
          }, {
            "db": 0,
            "id": "FOXA2_HUMAN.H11MO.0.A",
            "len": 12,
            "nsites": 500,
            "evalue": "1.0e+000",
            "url": "http://hocomoco.autosome.ru/motif/FOXA2_HUMAN.H11MO.0.A",
            "pwm": [
              [0.0160548, 4.20116e-05, 0.00204161, 0.981862], 
              [0.196019, 0.00204161, 0.799882, 0.00205757], 
              [5.79684e-05, 0.00404121, 4.20116e-05, 0.995859], 
              [0.00205757, 4.20116e-05, 0.0440332, 0.953867], 
              [5.79684e-05, 4.20116e-05, 0.144013, 0.855887], 
              [0.757906, 4.20116e-05, 0.235995, 0.00605677], 
              [0.00805637, 0.887864, 0.00204161, 0.102038], 
              [0.401978, 0.122018, 4.20116e-05, 0.475963], 
              [0.0440492, 0.40996, 0.120018, 0.425973], 
              [0.563945, 0.00804041, 0.040034, 0.38798], 
              [0.19002, 0.0960228, 0.549932, 0.164025], 
              [0.128032, 0.35797, 0.281986, 0.232012]
            ]
          }, {
            "db": 0,
            "id": "FOXA3_HUMAN.H11MO.0.B",
            "len": 13,
            "nsites": 500,
            "evalue": "1.0e+000",
            "url": "http://hocomoco.autosome.ru/motif/FOXA3_HUMAN.H11MO.0.B",
            "pwm": [
              [0.158026, 0.465949, 0.215999, 0.160026], 
              [0.228012, 0.249992, 0.0780264, 0.443969], 
              [0.0120556, 4.20116e-05, 0.00604081, 0.981862], 
              [0.246009, 0.00804041, 0.737894, 0.00805637], 
              [0.00805637, 0.0220376, 0.0140392, 0.955867], 
              [0.00605677, 4.20116e-05, 0.0360348, 0.957866], 
              [0.00805637, 4.20116e-05, 0.271988, 0.719914], 
              [0.855887, 0.00604081, 0.114019, 0.0240532], 
              [0.00405717, 0.873867, 0.0220376, 0.100038], 
              [0.367984, 0.152012, 0.00804041, 0.471964], 
              [0.0940392, 0.231996, 0.106021, 0.567944], 
              [0.425973, 0.0140392, 0.0540312, 0.505957], 
              [0.154027, 0.116019, 0.577926, 0.152028]
            ]
          }, {
            "db": 0,
            "id": "FOXC1_HUMAN.H11MO.0.C",
            "len": 15,
            "nsites": 26,
            "evalue": "1.0e+000",
            "url": "http://hocomoco.autosome.ru/motif/FOXC1_HUMAN.H11MO.0.C",
            "pwm": [
              [0.13521, 0.479732, 0.173219, 0.211839], 
              [0.345938, 0.0774333, 0.345633, 0.230996], 
              [0.26931, 0.154062, 0.0774333, 0.499195], 
              [0.00111073, 0.000804981, 0.000804981, 0.997279], 
              [0.00111073, 0.000804981, 0.996974, 0.00111073], 
              [0.0394249, 0.000804981, 0.000804981, 0.958965], 
              [0.0394249, 0.000804981, 0.000804981, 0.958965], 
              [0.00111073, 0.000804981, 0.0391192, 0.958965], 
              [0.958965, 0.000804981, 0.000804981, 0.0394249], 
              [0.00111073, 0.728774, 0.000804981, 0.26931], 
              [0.230996, 0.115748, 0.000804981, 0.652452], 
              [0.00111073, 0.192376, 0.000804981, 0.805708], 
              [0.652452, 0.000804981, 0.000804981, 0.345938], 
              [0.460881, 0.192376, 0.269004, 0.0777391], 
              [0.0394249, 0.269004, 0.575518, 0.116053]
            ]
          }, {
            "db": 0,
            "id": "FOXD3_HUMAN.H11MO.0.D",
            "len": 15,
            "nsites": 465,
            "evalue": "1.0e+000",
            "url": "http://hocomoco.autosome.ru/motif/FOXD3_HUMAN.H11MO.0.D",
            "pwm": [
              [0.157018, 0.176351, 0.298906, 0.367725], 
              [0.118316, 0.217203, 0.266655, 0.397826], 
              [0.135517, 0.0064954, 0.0559471, 0.80204], 
              [0.0387637, 0.0688476, 0.872976, 0.019413], 
              [0.0925156, 0.051647, 0.0365965, 0.819241], 
              [0.0366136, 0.111849, 0.0494969, 0.80204], 
              [0.0538142, 4.51731e-05, 0.0946485, 0.851492], 
              [0.339774, 0.200002, 0.225803, 0.234421], 
              [0.0581144, 0.599916, 0.0623974, 0.279572], 
              [0.294623, 0.202152, 0.0408966, 0.462329], 
              [0.109716, 0.223653, 0.0709977, 0.595633], 
              [0.404276, 0.0473468, 0.14625, 0.402126], 
              [0.23012, 0.14195, 0.42791, 0.200019], 
              [0.101116, 0.363408, 0.348357, 0.187119], 
              [0.356975, 0.292455, 0.111849, 0.238721]
            ]
          }, {
            "db": 0,
            "id": "FOXF1_HUMAN.H11MO.0.D",
            "len": 11,
            "nsites": 8,
            "evalue": "1.0e+000",
            "url": "http://hocomoco.autosome.ru/motif/FOXF1_HUMAN.H11MO.0.D",
            "pwm": [
              [0.413891, 0.151468, 0.151468, 0.283172], 
              [0.00357901, 0.00259383, 0.00259383, 0.991233], 
              [0.134298, 0.00259383, 0.859529, 0.00357901], 
              [0.00357901, 0.00259383, 0.00259383, 0.991233], 
              [0.00357901, 0.00259383, 0.00259383, 0.991233], 
              [0.00357901, 0.00259383, 0.00259383, 0.991233], 
              [0.729795, 0.0679533, 0.198672, 0.00357901], 
              [0.00357901, 0.133313, 0.00259383, 0.860514], 
              [0.0217344, 0.151468, 0.151468, 0.675329], 
              [0.265017, 0.169624, 0.00259383, 0.562766], 
              [0.432047, 0.00259383, 0.0389046, 0.526455]
            ]
          }, {
            "db": 0,
