<!DOCTYPE HTML>
<html>
  <head>
    <meta charset="UTF-8">
    <title>TOMTOM</title>
    <script>
      // @JSON_VAR data
      var data = {
        "program": "Tomtom",
        "version": "4.12.0",
        "release": "Tue Jun 27 16:22:50 2017 -0700",
        "cmd": [
          "tomtom", "-verbosity", "1", "-oc",
          "results/AHRpeaks_not-in-DHSs-withAHREs.bed-499.fa/hocomoco/meme_tomtom_out",
          "-min-overlap", "5", "-dist", "pearson", "-evalue", "-thresh", "1",
          "-no-ssc", "-bfile",
          "results/AHRpeaks_not-in-DHSs-withAHREs.bed-499.fa/hocomoco/background",
          "results/AHRpeaks_not-in-DHSs-withAHREs.bed-499.fa/hocomoco/meme_out/meme.xml",
          "/Users/filipov4/meme/db/motif_databases/HUMAN/HOCOMOCOv11_full_HUMAN_mono_meme_format.meme"
        ],
        "options": {
          "strands": "both",
          "distance_measure": "pearson",
          "threshold_type": "evalue",
          "threshold_value": 1,
          "background_source": "file",
          "background_file": "results/AHRpeaks_not-in-DHSs-withAHREs.bed-499.fa/hocomoco/background"
        },
        "alphabet": {
          "name": "DNA",
          "like": "dna",
          "ncore": 4,
          "symbols": [
            {
              "symbol": "A",
              "name": "Adenine",
              "colour": "CC0000",
              "complement": "T"
            }, {
              "symbol": "C",
              "name": "Cytosine",
              "colour": "0000CC",
              "complement": "G"
            }, {
              "symbol": "G",
              "name": "Guanine",
              "colour": "FFB300",
              "complement": "C"
            }, {
              "symbol": "T",
              "aliases": "U",
              "name": "Thymine",
              "colour": "008000",
              "complement": "A"
            }, {
              "symbol": "N",
              "aliases": "X.",
              "name": "Any base",
              "equals": "ACGT"
            }, {
              "symbol": "V",
              "name": "Not T",
              "equals": "ACG"
            }, {
              "symbol": "H",
              "name": "Not G",
              "equals": "ACT"
            }, {
              "symbol": "D",
              "name": "Not C",
              "equals": "AGT"
            }, {
              "symbol": "B",
              "name": "Not A",
              "equals": "CGT"
            }, {
              "symbol": "M",
              "name": "Amino",
              "equals": "AC"
            }, {
              "symbol": "R",
              "name": "Purine",
              "equals": "AG"
            }, {
              "symbol": "W",
              "name": "Weak",
              "equals": "AT"
            }, {
              "symbol": "S",
              "name": "Strong",
              "equals": "CG"
            }, {
              "symbol": "Y",
              "name": "Pyrimidine",
              "equals": "CT"
            }, {
              "symbol": "K",
              "name": "Keto",
              "equals": "GT"
            }
          ]
        },
        "background": [0.3192, 0.1808, 0.1808, 0.3192],
        "query_dbs": [
          {
            "source": "results/AHRpeaks_not-in-DHSs-withAHREs.bed-499.fa/hocomoco/meme_out/meme.xml",
            "name": "meme",
            "loaded": 7,
            "excluded": 0,
            "last_modified": "Thu May 24 14:23:21 2018"
          }
        ],
        "target_dbs": [
          {
            "source": "/Users/filipov4/meme/db/motif_databases/HUMAN/HOCOMOCOv11_full_HUMAN_mono_meme_format.meme",
            "name": "HOCOMOCOv11 full HUMAN mono meme format",
            "loaded": 771,
            "excluded": 0,
            "last_modified": "Wed Dec  6 21:59:30 2017"
          }
        ],
        "queries": [
          {
            "db": 0,
            "id": "CCCAAAAGCAAATKCAATARAAACAAAGAT",
            "alt": "MEME-2",
            "len": 30,
            "nsites": 3,
            "evalue": "1.6e-004",
            "pwm": [
              [0.0102968, 0.973574, 0.00583226, 0.0102968], 
              [0.0102968, 0.973574, 0.00583226, 0.0102968], 
              [0.0102968, 0.973574, 0.00583226, 0.0102968], 
              [0.978039, 0.00583226, 0.00583226, 0.0102968], 
              [0.978039, 0.00583226, 0.00583226, 0.0102968], 
              [0.978039, 0.00583226, 0.00583226, 0.0102968], 
              [0.978039, 0.00583226, 0.00583226, 0.0102968], 
              [0.0102968, 0.00583226, 0.973574, 0.0102968], 
              [0.0102968, 0.973574, 0.00583226, 0.0102968], 
              [0.978039, 0.00583226, 0.00583226, 0.0102968], 
              [0.978039, 0.00583226, 0.00583226, 0.0102968], 
              [0.978039, 0.00583226, 0.00583226, 0.0102968], 
              [0.0102968, 0.00583226, 0.00583226, 0.978039], 
              [0.0102968, 0.00583226, 0.650994, 0.332877], 
              [0.0102968, 0.973574, 0.00583226, 0.0102968], 
              [0.978039, 0.00583226, 0.00583226, 0.0102968], 
              [0.978039, 0.00583226, 0.00583226, 0.0102968], 
              [0.0102968, 0.00583226, 0.00583226, 0.978039], 
              [0.978039, 0.00583226, 0.00583226, 0.0102968], 
              [0.655458, 0.00583226, 0.328413, 0.0102968], 
              [0.978039, 0.00583226, 0.00583226, 0.0102968], 
              [0.978039, 0.00583226, 0.00583226, 0.0102968], 
              [0.978039, 0.00583226, 0.00583226, 0.0102968], 
              [0.0102968, 0.973574, 0.00583226, 0.0102968], 
              [0.978039, 0.00583226, 0.00583226, 0.0102968], 
              [0.978039, 0.00583226, 0.00583226, 0.0102968], 
              [0.978039, 0.00583226, 0.00583226, 0.0102968], 
              [0.0102968, 0.00583226, 0.973574, 0.0102968], 
              [0.978039, 0.00583226, 0.00583226, 0.0102968], 
              [0.0102968, 0.00583226, 0.00583226, 0.978039]
            ]
          }, {
            "db": 0,
            "id": "CTAAGACCTGAMAC",
            "alt": "MEME-6",
            "len": 14,
            "nsites": 2,
            "evalue": "1.3e+004",
            "pwm": [
              [0.0152, 0.96099, 0.00860953, 0.0152], 
              [0.0152, 0.00860953, 0.00860953, 0.967581], 
              [0.967581, 0.00860953, 0.00860953, 0.0152], 
              [0.967581, 0.00860953, 0.00860953, 0.0152], 
              [0.0152, 0.00860953, 0.96099, 0.0152], 
              [0.967581, 0.00860953, 0.00860953, 0.0152], 
              [0.0152, 0.96099, 0.00860953, 0.0152], 
              [0.0152, 0.96099, 0.00860953, 0.0152], 
              [0.0152, 0.00860953, 0.00860953, 0.967581], 
              [0.0152, 0.00860953, 0.96099, 0.0152], 
              [0.967581, 0.00860953, 0.00860953, 0.0152], 
              [0.49139, 0.4848, 0.00860953, 0.0152], 
              [0.967581, 0.00860953, 0.00860953, 0.0152], 
              [0.0152, 0.96099, 0.00860953, 0.0152]
            ]
          }, {
            "db": 0,
            "id": "GAWARYWKTRGAAAAACYCTTM",
            "alt": "MEME-3",
            "len": 22,
            "nsites": 6,
            "evalue": "2.0e-002",
            "pwm": [
              [0.00523278, 0.166899, 0.822636, 0.00523278], 
              [0.988839, 0.00296394, 0.00296394, 0.00523278], 
              [0.333101, 0.00296394, 0.00296394, 0.660971], 
              [0.824905, 0.166899, 0.00296394, 0.00523278], 
              [0.660971, 0.00296394, 0.330832, 0.00523278], 
              [0.00523278, 0.658702, 0.00296394, 0.333101], 
              [0.660971, 0.00296394, 0.00296394, 0.333101], 
              [0.00523278, 0.00296394, 0.494767, 0.497036], 
              [0.169168, 0.166899, 0.00296394, 0.660971], 
              [0.333101, 0.00296394, 0.494767, 0.169168], 
              [0.00523278, 0.166899, 0.822636, 0.00523278], 
              [0.824905, 0.166899, 0.00296394, 0.00523278], 
              [0.824905, 0.00296394, 0.166899, 0.00523278], 
              [0.988839, 0.00296394, 0.00296394, 0.00523278], 
              [0.988839, 0.00296394, 0.00296394, 0.00523278], 
              [0.824905, 0.00296394, 0.00296394, 0.169168], 
              [0.00523278, 0.98657, 0.00296394, 0.00523278], 
              [0.00523278, 0.658702, 0.00296394, 0.333101], 
              [0.169168, 0.822636, 0.00296394, 0.00523278], 
              [0.00523278, 0.166899, 0.00296394, 0.824905], 
              [0.00523278, 0.00296394, 0.166899, 0.824905], 
              [0.333101, 0.658702, 0.00296394, 0.00523278]
            ]
          }, {
            "db": 0,
            "id": "GGCAG",
            "alt": "MEME-7",
            "len": 5,
            "nsites": 2,
            "evalue": "2.5e+004",
            "pwm": [
              [0.0152, 0.00860953, 0.96099, 0.0152], 
              [0.0152, 0.00860953, 0.96099, 0.0152], 
              [0.0152, 0.96099, 0.00860953, 0.0152], 
              [0.967581, 0.00860953, 0.00860953, 0.0152], 
              [0.0152, 0.00860953, 0.96099, 0.0152]
            ]
          }, {
            "db": 0,
            "id": "GTTWAATTARGTCCCAGCTAT",
            "alt": "MEME-4",
            "len": 21,
            "nsites": 3,
            "evalue": "4.5e-001",
            "pwm": [
              [0.0102968, 0.00583226, 0.973574, 0.0102968], 
              [0.0102968, 0.00583226, 0.00583226, 0.978039], 
              [0.0102968, 0.00583226, 0.00583226, 0.978039], 
              [0.332877, 0.00583226, 0.00583226, 0.655458], 
              [0.978039, 0.00583226, 0.00583226, 0.0102968], 
              [0.978039, 0.00583226, 0.00583226, 0.0102968], 
              [0.0102968, 0.00583226, 0.00583226, 0.978039], 
              [0.0102968, 0.00583226, 0.00583226, 0.978039], 
              [0.978039, 0.00583226, 0.00583226, 0.0102968], 
              [0.655458, 0.00583226, 0.328413, 0.0102968], 
              [0.0102968, 0.00583226, 0.973574, 0.0102968], 
              [0.0102968, 0.00583226, 0.00583226, 0.978039], 
              [0.0102968, 0.973574, 0.00583226, 0.0102968], 
              [0.0102968, 0.973574, 0.00583226, 0.0102968], 
              [0.0102968, 0.973574, 0.00583226, 0.0102968], 
              [0.978039, 0.00583226, 0.00583226, 0.0102968], 
              [0.0102968, 0.00583226, 0.973574, 0.0102968], 
              [0.0102968, 0.973574, 0.00583226, 0.0102968], 
              [0.0102968, 0.00583226, 0.00583226, 0.978039], 
              [0.978039, 0.00583226, 0.00583226, 0.0102968], 
              [0.0102968, 0.00583226, 0.00583226, 0.978039]
            ]
          }, {
            "db": 0,
            "id": "RGCTTTTGCAYGRCAAADGGAACAGTSAR",
            "alt": "MEME-1",
            "len": 29,
            "nsites": 5,
            "evalue": "4.5e-006",
            "pwm": [
              [0.398416, 0.0035451, 0.59178, 0.00625882], 
              [0.202337, 0.199624, 0.59178, 0.00625882], 
              [0.00625882, 0.59178, 0.199624, 0.202337], 
              [0.00625882, 0.199624, 0.0035451, 0.790573], 
              [0.00625882, 0.199624, 0.0035451, 0.790573], 
              [0.00625882, 0.0035451, 0.0035451, 0.986651], 
              [0.00625882, 0.199624, 0.0035451, 0.790573], 
              [0.00625882, 0.0035451, 0.983937, 0.00625882], 
              [0.00625882, 0.983937, 0.0035451, 0.00625882], 
              [0.986651, 0.0035451, 0.0035451, 0.00625882], 
              [0.00625882, 0.59178, 0.0035451, 0.398416], 
              [0.00625882, 0.0035451, 0.983937, 0.00625882], 
              [0.398416, 0.0035451, 0.59178, 0.00625882], 
              [0.202337, 0.59178, 0.199624, 0.00625882], 
              [0.790573, 0.0035451, 0.199624, 0.00625882], 
              [0.790573, 0.199624, 0.0035451, 0.00625882], 
              [0.986651, 0.0035451, 0.0035451, 0.00625882], 
              [0.398416, 0.0035451, 0.395702, 0.202337], 
              [0.00625882, 0.0035451, 0.983937, 0.00625882], 
              [0.00625882, 0.199624, 0.59178, 0.202337], 
              [0.986651, 0.0035451, 0.0035451, 0.00625882], 
              [0.790573, 0.0035451, 0.199624, 0.00625882], 
              [0.00625882, 0.787859, 0.199624, 0.00625882], 
              [0.790573, 0.0035451, 0.0035451, 0.202337], 
              [0.00625882, 0.0035451, 0.983937, 0.00625882], 
              [0.00625882, 0.0035451, 0.199624, 0.790573], 
              [0.00625882, 0.59178, 0.395702, 0.00625882], 
              [0.790573, 0.0035451, 0.0035451, 0.202337], 
              [0.398416, 0.0035451, 0.59178, 0.00625882]
            ]
          }, {
            "db": 0,
            "id": "TTGSCYKAGGSRAGRMTTKCWTGMCYAA",
            "alt": "MEME-5",
            "len": 28,
            "nsites": 3,
            "evalue": "2.8e+000",
            "pwm": [
              [0.0102968, 0.00583226, 0.00583226, 0.978039], 
              [0.0102968, 0.00583226, 0.00583226, 0.978039], 
              [0.0102968, 0.00583226, 0.973574, 0.0102968], 
              [0.0102968, 0.650994, 0.328413, 0.0102968], 
              [0.0102968, 0.973574, 0.00583226, 0.0102968], 
              [0.0102968, 0.328413, 0.00583226, 0.655458], 
              [0.0102968, 0.00583226, 0.328413, 0.655458], 
              [0.978039, 0.00583226, 0.00583226, 0.0102968], 
              [0.0102968, 0.00583226, 0.973574, 0.0102968], 
              [0.0102968, 0.00583226, 0.973574, 0.0102968], 
              [0.0102968, 0.650994, 0.328413, 0.0102968], 
              [0.655458, 0.00583226, 0.328413, 0.0102968], 
              [0.978039, 0.00583226, 0.00583226, 0.0102968], 
              [0.0102968, 0.00583226, 0.973574, 0.0102968], 
              [0.332877, 0.00583226, 0.650994, 0.0102968], 
              [0.655458, 0.328413, 0.00583226, 0.0102968], 
              [0.0102968, 0.00583226, 0.00583226, 0.978039], 
              [0.0102968, 0.00583226, 0.00583226, 0.978039], 
              [0.0102968, 0.00583226, 0.328413, 0.655458], 
              [0.0102968, 0.973574, 0.00583226, 0.0102968], 
              [0.655458, 0.00583226, 0.00583226, 0.332877], 
              [0.0102968, 0.00583226, 0.00583226, 0.978039], 
              [0.0102968, 0.00583226, 0.973574, 0.0102968], 
              [0.655458, 0.328413, 0.00583226, 0.0102968], 
              [0.0102968, 0.973574, 0.00583226, 0.0102968], 
              [0.0102968, 0.650994, 0.00583226, 0.332877], 
              [0.978039, 0.00583226, 0.00583226, 0.0102968], 
              [0.978039, 0.00583226, 0.00583226, 0.0102968]
            ]
          }
        ],
        "targets": [
          {
            "db": 0,
            "id": "ANDR_HUMAN.H11MO.2.A",
            "len": 12,
            "nsites": 500,
            "evalue": "1.0e+000",
            "url": "http://hocomoco.autosome.ru/motif/ANDR_HUMAN.H11MO.2.A",
            "pwm": [
              [0.140036, 0.323971, 0.241988, 0.294005], 
              [0.248014, 0.13001, 0.118013, 0.503963], 
              [0.138036, 0.389958, 0.317973, 0.154033], 
              [0.0460546, 0.016033, 0.00203575, 0.935877], 
              [0.00606263, 0.0200322, 0.969842, 0.00406303], 
              [0.0100618, 0.0120338, 0.00203575, 0.975869], 
              [0.054053, 0.120012, 0.187999, 0.637936], 
              [6.38272e-05, 0.983839, 0.00603495, 0.0100618], 
              [0.0280582, 0.405955, 0.00403535, 0.561951], 
              [0.172029, 0.237989, 0.114013, 0.475969], 
              [0.186027, 0.140008, 0.269982, 0.403983], 
              [0.122039, 0.217993, 0.241988, 0.41798]
            ]
          }, {
            "db": 0,
            "id": "AP2C_HUMAN.H11MO.0.A",
            "len": 14,
            "nsites": 500,
            "evalue": "1.0e+000",
            "url": "http://hocomoco.autosome.ru/motif/AP2C_HUMAN.H11MO.0.A",
            "pwm": [
              [0.387214, 0.201026, 0.269549, 0.142211], 
              [0.1961, 0.12361, 0.166403, 0.513887], 
              [0.184623, 0.0997883, 0.518362, 0.197226], 
              [0.00959672, 0.506974, 0.471834, 0.0115945], 
              [0.00386668, 0.988122, 0.00794766, 6.38272e-05], 
              [0.00193168, 0.951669, 0.00238053, 0.0440193], 
              [0.0500691, 0.131876, 0.0254082, 0.792647], 
              [0.035421, 3.61528e-05, 0.917062, 0.0474813], 
              [0.55499, 0.0254297, 0.41579, 0.00378973], 
              [0.0734898, 3.61528e-05, 0.92444, 0.00203424], 
              [6.38272e-05, 3.61528e-05, 0.997953, 0.00194693], 
              [0.0289896, 0.61816, 0.340985, 0.0118655], 
              [0.313927, 0.351505, 0.097169, 0.237399], 
              [0.428254, 0.170522, 0.241656, 0.159568]
            ]
          }, {
            "db": 0,
            "id": "ARI3A_HUMAN.H11MO.0.D",
            "len": 22,
            "nsites": 44,
            "evalue": "1.0e+000",
            "url": "http://hocomoco.autosome.ru/motif/ARI3A_HUMAN.H11MO.0.D",
            "pwm": [
              [0.39048, 0.0965019, 0.325499, 0.187519], 
              [0.680996, 0.0911129, 0.000409978, 0.227481], 
              [0.112983, 0.000409978, 0.000409978, 0.886197], 
              [0.158334, 0.000409978, 0.000409978, 0.840846], 
              [0.953105, 0.0457615, 0.000409978, 0.000723809], 
              [0.931549, 0.0673172, 0.000409978, 0.000723809], 
              [0.475794, 0.000409978, 0.0242057, 0.49959], 
              [0.000723809, 0.408573, 0.227167, 0.363536], 
              [0.294388, 0.181816, 0.432369, 0.0914268], 
              [0.49959, 0.0457615, 0.363222, 0.0914268], 
              [0.454239, 0.0457615, 0.15802, 0.34198], 
              [0.728587, 0.000409978, 0.0911129, 0.17989], 
              [0.136778, 0.0457615, 0.0911129, 0.726347], 
              [0.160574, 0.568423, 0.0457615, 0.225241], 
              [0.726347, 0.000409978, 0.000409978, 0.272833], 
              [0.750143, 0.0457615, 0.000409978, 0.203685], 
              [0.953105, 0.000409978, 0.000409978, 0.0460753], 
              [0.408887, 0.000409978, 0.0457615, 0.544941], 
              [0.115222, 0.136464, 0.0911129, 0.6572], 
              [0.521146, 0.136464, 0.0242057, 0.318184], 
              [0.611849, 0.0695571, 0.000409978, 0.318184], 
              [0.664829, 0.00579893, 0.0749461, 0.254426]
            ]
          }, {
            "db": 0,
            "id": "BARX1_HUMAN.H11MO.0.D",
            "len": 12,
            "nsites": 461,
            "evalue": "1.0e+000",
            "url": "http://hocomoco.autosome.ru/motif/BARX1_HUMAN.H11MO.0.D",
            "pwm": [
              [0.0998307, 0.362217, 0.268961, 0.268991], 
              [0.364415, 0.0130516, 0.0434137, 0.579119], 
              [0.756955, 0.184381, 0.0455825, 0.0130816], 
              [0.958647, 0.00220794, 0.00871412, 0.0304314], 
              [0.0391063, 0.0455825, 0.297155, 0.618156], 
              [0.065131, 0.0217265, 0.427278, 0.485864], 
              [0.088987, 0.147513, 0.741744, 0.0217565], 
              [0.0456125, 0.156188, 0.0325701, 0.76563], 
              [0.0629623, 0.041245, 0.0325701, 0.863223], 
              [0.017419, 0.0217265, 0.0434137, 0.917441], 
              [0.147543, 0.329686, 0.0716072, 0.451164], 
              [0.154049, 0.260286, 0.0781134, 0.507551]
            ]
          }, {
            "db": 0,
            "id": "CDX2_HUMAN.H11MO.0.A",
            "len": 12,
            "nsites": 151,
            "evalue": "1.0e+000",
            "url": "http://hocomoco.autosome.ru/motif/CDX2_HUMAN.H11MO.0.A",
            "pwm": [
              [0.152428, 0.119246, 0.2119, 0.516426], 
              [0.0597745, 0.0729191, 0.0596829, 0.807624], 
              [0.106101, 0.000119656, 0.066301, 0.827478], 
              [0.086247, 0.244991, 0.172191, 0.496571], 
              [0.986313, 0.00673779, 0.00673779, 0.000211251], 
              [0.00682938, 0.0530647, 0.0133559, 0.92675], 
              [0.0465382, 0.000119656, 0.311172, 0.64217], 
              [0.185519, 0.00673779, 0.807532, 0.000211251], 
              [0.0134475, 0.761205, 0.132482, 0.0928651], 
              [0.264937, 0.2119, 0.0861554, 0.437008], 
              [0.139192, 0.198664, 0.350881, 0.311264], 
              [0.0134475, 0.231754, 0.172191, 0.582607]
            ]
          }, {
            "db": 0,
            "id": "EVX2_HUMAN.H11MO.0.A",
            "len": 13,
            "nsites": 500,
            "evalue": "1.0e+000",
            "url": "http://hocomoco.autosome.ru/motif/EVX2_HUMAN.H11MO.0.A",
            "pwm": [
              [0.164031, 0.176001, 0.361964, 0.298004], 
              [0.116041, 0.182, 0.207995, 0.493965], 
              [0.0120614, 0.0100342, 0.0140334, 0.963871], 
              [0.014061, 0.00803455, 3.61528e-05, 0.977868], 
              [0.0280582, 0.0220318, 0.0280306, 0.921879], 
              [0.983867, 0.0100342, 0.00403535, 0.00206343], 
              [0.00406303, 0.0580246, 3.61528e-05, 0.937876], 
              [0.0460546, 0.00603495, 0.495937, 0.451973], 
              [0.385987, 3.61528e-05, 0.605915, 0.00806223], 
              [0.0460546, 0.735889, 0.106015, 0.112041], 
              [0.156033, 0.413953, 0.0480266, 0.381987], 
              [0.128038, 0.307975, 0.195997, 0.36799], 
              [0.142035, 0.249986, 0.189998, 0.41798]
            ]
          }, {
            "db": 0,
            "id": "FOXD3_HUMAN.H11MO.0.D",
            "len": 15,
            "nsites": 465,
            "evalue": "1.0e+000",
            "url": "http://hocomoco.autosome.ru/motif/FOXD3_HUMAN.H11MO.0.D",
            "pwm": [
              [0.157024, 0.176345, 0.298899, 0.367731], 
              [0.118323, 0.217196, 0.266648, 0.397833], 
              [0.135523, 0.0064891, 0.0559408, 0.802047], 
              [0.03877, 0.0688413, 0.872969, 0.0194193], 
              [0.0925219, 0.0516407, 0.0365902, 0.819247], 
              [0.0366199, 0.111843, 0.0494906, 0.802047], 
              [0.0538205, 3.88734e-05, 0.0946422, 0.851498], 
              [0.339781, 0.199996, 0.225797, 0.234427], 
              [0.0581207, 0.59991, 0.0623911, 0.279578], 
              [0.294629, 0.202146, 0.0408903, 0.462335], 
              [0.109722, 0.223647, 0.0709914, 0.595639], 
              [0.404283, 0.0473405, 0.146244, 0.402133], 
              [0.230127, 0.141944, 0.427904, 0.200026], 
              [0.101122, 0.363402, 0.348351, 0.187125], 
              [0.356981, 0.292449, 0.111843, 0.238727]
            ]
          }, {
            "db": 0,
            "id": "GCR_HUMAN.H11MO.1.A",
            "len": 12,
            "nsites": 500,
            "evalue": "1.0e+000",
            "url": "http://hocomoco.autosome.ru/motif/GCR_HUMAN.H11MO.1.A",
            "pwm": [
              [0.383987, 0.305975, 0.110014, 0.200024], 
              [0.425979, 0.140008, 0.305975, 0.128038], 
              [0.493965, 0.00203575, 0.491938, 0.0120614], 
              [0.00406303, 0.00203575, 0.993837, 6.38272e-05], 
              [0.609942, 0.0440274, 0.195997, 0.150034], 
              [0.987866, 0.00803455, 0.00403535, 6.38272e-05], 
              [0.00206343, 0.993837, 0.00403535, 6.38272e-05], 
              [0.981867, 3.61528e-05, 0.00203575, 0.0160606], 
              [0.122039, 0.187999, 0.533929, 0.156033], 
              [0.487966, 0.0820198, 0.178001, 0.252013], 
              [0.343995, 0.243987, 0.311974, 0.100044], 
              [0.286007, 0.209994, 0.0540254, 0.449974]
            ]
          }, {
            "db": 0,
            "id": "HXC8_HUMAN.H11MO.0.D",
            "len": 14,
            "nsites": 9,
            "evalue": "1.0e+000",
            "url": "http://hocomoco.autosome.ru/motif/HXC8_HUMAN.H11MO.0.D",
            "pwm": [
              [0.167417, 0.277021, 0.165896, 0.389666], 
              [0.00350769, 0.00198681, 0.224236, 0.770269], 
              [0.00350769, 0.113112, 0.00198681, 0.881394], 
              [0.10352, 0.335361, 0.557611, 0.00350769], 
              [0.892506, 0.00198681, 0.00198681, 0.10352], 
              [0.225757, 0.00198681, 0.00198681, 0.770269], 
              [0.214645, 0.00198681, 0.00198681, 0.781382], 
              [0.436895, 0.00198681, 0.446486, 0.114633], 
              [0.992519, 0.00198681, 0.00198681, 0.00350769], 
              [0.114633, 0.113112, 0.113112, 0.659144], 
              [0.225757, 0.00198681, 0.446486, 0.32577], 
              [0.214645, 0.446486, 0.335361, 0.00350769], 
              [0.114633, 0.435374, 0.335361, 0.114633], 
              [0.170195, 0.490936, 0.168674, 0.170195]
            ]
          }, {
            "db": 0,
            "id": "HXC9_HUMAN.H11MO.0.C",
            "len": 10,
            "nsites": 500,
            "evalue": "1.0e+000",
            "url": "http://hocomoco.autosome.ru/motif/HXC9_HUMAN.H11MO.0.C",
            "pwm": [
              [0.260012, 0.156005, 0.0740214, 0.509962], 
              [0.0400558, 0.0280306, 0.046027, 0.885887], 
              [0.00806223, 0.0120338, 0.016033, 0.963871], 
              [0.224019, 0.126011, 0.0320298, 0.61794], 
              [0.959872, 0.0240314, 0.0120338, 0.00406303], 
              [0.0120614, 0.0240314, 0.0180326, 0.945875], 
              [0.0520534, 0.00403535, 0.453945, 0.489966], 
              [0.156033, 0.0140334, 0.801876, 0.0280582], 
              [0.0220594, 0.773881, 0.134009, 0.0700498], 
              [0.288006, 0.399956, 0.016033, 0.296005]
            ]
          }, {
            "db": 0,
            "id": "HXD3_HUMAN.H11MO.0.D",
            "len": 11,
            "nsites": 597,
            "evalue": "1.0e+000",
            "url": "http://hocomoco.autosome.ru/motif/HXD3_HUMAN.H11MO.0.D",
            "pwm": [
              [0.207305, 0.247476, 0.316141, 0.229077], 
              [0.245406, 0.0678581, 0.575311, 0.111425], 
              [0.0498776, 0.212306, 0.282646, 0.45517], 
              [0.00130953, 0.00128635, 0.00631063, 0.991093], 
              [0.917823, 3.02797e-05, 0.0820936, 5.34584e-05], 
              [0.907774, 3.02797e-05, 0.0921422, 5.34584e-05], 
              [5.34584e-05, 3.02797e-05, 0.103865, 0.896051], 
              [0.00842727, 0.00840409, 0.199327, 0.783842], 
              [0.721876, 0.0201274, 0.226123, 0.0318739], 
              [0.168367, 0.180067, 0.459752, 0.191814], 
              [0.166274, 0.154527, 0.432537, 0.246662]
            ]
          }, {
            "db": 0,
            "id": "NANOG_HUMAN.H11MO.0.A",
            "len": 17,
            "nsites": 499,
            "evalue": "1.0e+000",
            "url": "http://hocomoco.autosome.ru/motif/NANOG_HUMAN.H11MO.0.A",
            "pwm": [
              [0.128295, 0.258501, 0.280541, 0.332663], 
              [0.0441433, 0.486913, 0.178357, 0.290587], 
              [0.0882226, 0.510956, 0.0701625, 0.330659], 
              [0.306616, 0.0441156, 0.0601444, 0.589124], 
              [0.0120856, 0.0601444, 0.042112, 0.885658], 
              [0.0681866, 0.00805065, 0.0381047, 0.885658], 
              [0.110262, 0.248483, 0.589097, 0.0521577], 
              [0.376742, 0.042112, 0.0361011, 0.545045], 
              [0.230479, 0.260505, 0.192382, 0.316634], 
              [0.807517, 0.0340975, 0.0401084, 0.118277], 
              [0.0681866, 0.0140615, 0.0300903, 0.887662], 
              [0.0261108, 0.0180687, 0.811497, 0.144324], 
              [0.0281144, 0.635179, 0.116245, 0.220461], 
              [0.68129, 0.0320939, 0.0160651, 0.270551], 
              [0.663258, 0.0501264, 0.240469, 0.0461469], 
              [0.805514, 0.0481228, 0.0681588, 0.0782046], 
              [0.140316, 0.150307, 0.200397, 0.50898]
            ]
          }, {
            "db": 0,
            "id": "NFAC2_HUMAN.H11MO.0.B",
            "len": 9,
            "nsites": 86,
            "evalue": "1.0e+000",
            "url": "http://hocomoco.autosome.ru/motif/NFAC2_HUMAN.H11MO.0.B",
            "pwm": [
              [0.256395, 0.0565113, 0.145331, 0.541763], 
              [0.000370732, 0.000209989, 0.999049, 0.000370732], 
              [0.000370732, 0.000209989, 0.999049, 0.000370732], 
              [0.999209, 0.000209989, 0.000209989, 0.000370732], 
              [0.971673, 0.000209989, 0.027746, 0.000370732], 
              [0.951245, 0.0169283, 0.0314555, 0.000370732], 
              [0.795104, 0.0582323, 0.0611826, 0.0854807], 
              [0.297229, 0.133284, 0.0988638, 0.470623], 
              [0.160041, 0.235069, 0.171146, 0.433745]
            ]
          }, {
            "db": 0,
            "id": "NFAC3_HUMAN.H11MO.0.B",
            "len": 9,
            "nsites": 18,
            "evalue": "1.0e+000",
            "url": "http://hocomoco.autosome.ru/motif/NFAC3_HUMAN.H11MO.0.B",
            "pwm": [
              [0.137374, 0.136609, 0.0281209, 0.697896], 
              [0.00176354, 0.000998896, 0.995474, 0.00176354], 
              [0.00176354, 0.000998896, 0.995474, 0.00176354], 
              [0.92994, 0.000998896, 0.0672972, 0.00176354], 
              [0.88775, 0.000998896, 0.109487, 0.00176354], 
              [0.996239, 0.000998896, 0.000998896, 0.00176354], 
              [0.773235, 0.169758, 0.055243, 0.00176354], 
              [0.327228, 0.392762, 0.0672972, 0.212713], 
              [0.116279, 0.314409, 0.0492159, 0.520096]
            ]
          }, {
            "db": 0,
            "id": "NR2E3_HUMAN.H11MO.0.C",
            "len": 14,
            "nsites": 23,
            "evalue": "1.0e+000",
            "url": "http://hocomoco.autosome.ru/motif/NR2E3_HUMAN.H11MO.0.C",
            "pwm": [
              [0.500605, 0.154853, 0.18909, 0.155452], 
              [0.825864, 0.0692582, 0.0692582, 0.0356196], 
              [0.783298, 0.0350204, 0.146062, 0.0356196], 
              [0.0698573, 0.0692582, 0.722552, 0.138333], 
              [0.0698573, 0.000782685, 0.103496, 0.825864], 
              [0.0698573, 0.89374, 0.0350204, 0.00138182], 
              [0.928577, 0.000782685, 0.0350204, 0.0356196], 
              [0.791626, 0.137734, 0.0692582, 0.00138182], 
              [0.962815, 0.000782685, 0.000782685, 0.0356196], 
              [0.817536, 0.000782685, 0.146062, 0.0356196], 
              [0.249374, 0.0692582, 0.61151, 0.0698573], 
              [0.0356196, 0.0692582, 0.206209, 0.688913], 
              [0.138333, 0.688314, 0.103496, 0.0698573], 
              [0.73171, 0.146293, 0.0778176, 0.044179]
            ]
          }, {
            "db": 0,
            "id": "ONEC2_HUMAN.H11MO.0.D",
            "len": 21,
            "nsites": 7,
            "evalue": "1.0e+000",
            "url": "http://hocomoco.autosome.ru/motif/ONEC2_HUMAN.H11MO.0.D",
            "pwm": [
              [0.297189, 0.00254648, 0.41848, 0.281785], 
              [0.14314, 0.00254648, 0.29524, 0.559073], 
              [0.14314, 0.433885, 0.29524, 0.127735], 
              [0.26638, 0.156596, 0.141191, 0.435834], 
              [0.14314, 0.156596, 0.141191, 0.559073], 
              [0.14314, 0.125786, 0.449289, 0.281785], 
              [0.451239, 0.00254648, 0.00254648, 0.543668], 
              [0.00449577, 0.141191, 0.141191, 0.713123], 
              [0.990411, 0.00254648, 0.00254648, 0.00449577], 
              [0.00449577, 0.00254648, 0.00254648, 0.990411], 
              [0.00449577, 0.156596, 0.279835, 0.559073], 
              [0.158545, 0.00254648, 0.834413, 0.00449577], 
              [0.990411, 0.00254648, 0.00254648, 0.00449577], 
              [0.00449577, 0.279835, 0.00254648, 0.713123], 
              [0.00449577, 0.00254648, 0.00254648, 0.990411], 
              [0.281785, 0.125786, 0.00254648, 0.589883], 
              [0.281785, 0.00254648, 0.00254648, 0.713123], 
              [0.281785, 0.00254648, 0.141191, 0.574478], 
              [0.00449577, 0.41848, 0.00254648, 0.574478], 
              [0.00449577, 0.433885, 0.00254648, 0.559073], 
              [0.26638, 0.156596, 0.00254648, 0.574478]
            ]
          }, {
            "db": 0,
            "id": "PO2F1_HUMAN.H11MO.0.C",
            "len": 16,
            "nsites": 134,
            "evalue": "1.0e+000",
            "url": "http://hocomoco.autosome.ru/motif/PO2F1_HUMAN.H11MO.0.C",
            "pwm": [
              [0.634093, 0.111992, 0.156734, 0.0971806], 
              [0.432751, 0.171649, 0.171649, 0.223952], 
              [0.0748092, 0.0448776, 0.29842, 0.581894], 
              [0.0822664, 0.365534, 0.335705, 0.216495], 
              [0.298523, 0.134363, 0.469933, 0.0971806], 
              [0.492408, 0.164191, 0.0374204, 0.30598], 
              [0.947292, 0.0374204, 0.00759195, 0.00769515], 
              [0.0375236, 0.0150491, 0.00759195, 0.939835], 
              [0.059895, 0.000134825, 0.939732, 0.000238031], 
              [0.0151523, 0.462476, 0.425191, 0.0971806], 
              [0.917464, 0.0225062, 0.0299633, 0.0300665], 
              [0.820521, 0.0374204, 0.126906, 0.0151523], 
              [0.537151, 0.0672489, 0.0523347, 0.343266], 
              [0.119552, 0.395362, 0.0597918, 0.425294], 
              [0.604265, 0.14182, 0.171649, 0.0822664], 
              [0.46258, 0.0821632, 0.074706, 0.380551]
            ]
          }, {
            "db": 0,
            "id": "PO5F1_HUMAN.H11MO.0.A",
            "len": 16,
            "nsites": 500,
            "evalue": "1.0e+000",
            "url": "http://hocomoco.autosome.ru/motif/PO5F1_HUMAN.H11MO.0.A",
            "pwm": [
              [0.0520534, 0.519932, 0.193997, 0.234017], 
              [0.074049, 0.52993, 0.0800202, 0.316001], 
              [0.389986, 0.0440274, 0.0400282, 0.525959], 
              [0.0200598, 0.0640234, 0.0240314, 0.891885], 
              [0.0720494, 0.0220318, 0.0280306, 0.877888], 
              [0.104043, 0.313973, 0.515933, 0.0660506], 
              [0.379988, 0.036029, 0.0320298, 0.551953], 
              [0.176029, 0.249986, 0.100016, 0.473969], 
              [0.883887, 0.0200322, 0.0320298, 0.064051], 
              [0.014061, 0.00203575, 0.016033, 0.96787], 
              [0.0120614, 0.00803455, 0.921852, 0.0580522], 
              [0.014061, 0.759884, 0.0940174, 0.132037], 
              [0.789906, 0.0200322, 0.0300302, 0.160032], 
              [0.61994, 0.0600242, 0.253985, 0.0660506], 
              [0.829898, 0.036029, 0.0680226, 0.0660506], 
              [0.160032, 0.138009, 0.122012, 0.579948]
            ]
          }, {
            "db": 0,
            "id": "SOX2_HUMAN.H11MO.1.A",
            "len": 16,
            "nsites": 500,
            "evalue": "1.0e+000",
            "url": "http://hocomoco.autosome.ru/motif/SOX2_HUMAN.H11MO.1.A",
            "pwm": [
              [0.0780482, 0.271982, 0.267983, 0.381987], 
              [0.0280582, 0.63191, 0.150006, 0.190026], 
              [0.034057, 0.677901, 0.0180326, 0.27001], 
              [0.381987, 0.0440274, 0.0140334, 0.559952], 
              [0.00206343, 0.016033, 0.00603495, 0.975869], 
              [0.00806223, 3.61528e-05, 0.00403535, 0.987866], 
              [0.0520534, 0.233989, 0.695897, 0.0180602], 
              [0.198024, 0.00803455, 0.0180326, 0.775909], 
              [0.132037, 0.27998, 0.176001, 0.411981], 
              [0.507962, 0.199996, 0.0440274, 0.248014], 
              [0.0620514, 0.0600242, 0.0340294, 0.843895], 
              [0.0160606, 0.189998, 0.589918, 0.204023], 
              [0.0600518, 0.533929, 0.106015, 0.300004], 
              [0.525959, 0.106015, 0.096017, 0.272009], 
              [0.421979, 0.140008, 0.245987, 0.192025], 
              [0.631937, 0.116013, 0.0620238, 0.190026]
            ]
          }, {
            "db": 0,
            "id": "STAT1_HUMAN.H11MO.1.A",
            "len": 19,
            "nsites": 500,
            "evalue": "1.0e+000",
            "url": "http://hocomoco.autosome.ru/motif/STAT1_HUMAN.H11MO.1.A",
            "pwm": [
              [0.395985, 0.154005, 0.301976, 0.148034], 
              [0.435977, 0.0920178, 0.43195, 0.0400558], 
              [0.316001, 0.0180326, 0.623911, 0.0420554], 
              [0.649934, 0.0140334, 0.319972, 0.0160606], 
              [0.949874, 0.0180326, 0.026031, 0.00606263], 
              [0.86789, 0.0520258, 0.0720218, 0.00806223], 
              [0.46997, 0.215993, 0.13201, 0.182027], 
              [0.282007, 0.152006, 0.197997, 0.36799], 
              [0.112041, 0.0140334, 0.855865, 0.0180602], 
              [0.921879, 0.0120338, 0.0620238, 0.00406303], 
              [0.925879, 0.0120338, 0.0580246, 0.00406303], 
              [0.945875, 0.0240314, 0.0200322, 0.0100618], 
              [0.0780482, 0.539928, 0.341968, 0.0400558], 
              [0.194025, 0.193997, 0.0400282, 0.571949], 
              [0.246015, 0.102016, 0.487939, 0.164031], 
              [0.701923, 0.0800202, 0.126011, 0.0920454], 
              [0.61794, 0.116013, 0.174001, 0.0920454], 
              [0.571949, 0.112014, 0.178001, 0.138036], 
              [0.188026, 0.297977, 0.359964, 0.154033]
            ]
          }, {
            "db": 0,
            "id": "TF65_HUMAN.H11MO.0.A",
            "len": 14,
            "nsites": 500,
            "evalue": "1.0e+000",
            "url": "http://hocomoco.autosome.ru/motif/TF65_HUMAN.H11MO.0.A",
            "pwm": [
              [0.272009, 0.387959, 0.13201, 0.208022], 
              [0.477968, 0.0780206, 0.13001, 0.314001], 
              [0.0200598, 0.0140334, 0.919852, 0.0460546], 
              [0.00606263, 3.61528e-05, 0.97984, 0.014061], 
              [0.0100618, 3.61528e-05, 0.901856, 0.0880462], 
              [0.555953, 0.0100342, 0.395957, 0.0380562], 
              [0.539956, 0.237989, 0.066023, 0.156033], 
              [0.240016, 0.0180326, 0.00403535, 0.737916], 
              [0.0100618, 0.0180326, 0.0100342, 0.961871], 
              [0.00806223, 0.18, 3.61528e-05, 0.811901], 
              [0.0160606, 0.92985, 0.00203575, 0.0520534], 
              [0.024059, 0.933849, 0.00603495, 0.0360566], 
              [0.427978, 0.357965, 0.076021, 0.138036], 
              [0.325999, 0.217993, 0.333969, 0.122039]
            ]
          }, {
            "db": 0,
            "id": "ZEP1_HUMAN.H11MO.0.D",
            "len": 12,
            "nsites": 10,
            "evalue": "1.0e+000",
            "url": "http://hocomoco.autosome.ru/motif/ZEP1_HUMAN.H11MO.0.D",
            "pwm": [
              [0.0624269, 0.130782, 0.200507, 0.606284], 
              [0.00316039, 0.0017901, 0.991889, 0.00316039], 
              [0.268116, 0.0017901, 0.726933, 0.00316039], 
              [0.282062, 0.0017901, 0.712988, 0.00316039], 
              [0.714358, 0.0017901, 0.280691, 0.00316039], 
              [0.993259, 0.0017901, 0.0017901, 0.00316039], 
              [0.714358, 0.0017901, 0.280691, 0.00316039], 
              [0.128666, 0.0017901, 0.0017901, 0.867754], 
              [0.00316039, 0.796658, 0.127296, 0.0728857], 
              [0.00316039, 0.991889, 0.0017901, 0.00316039], 
              [0.00316039, 0.852439, 0.0017901, 0.142611], 
              [0.0972895, 0.430601, 0.23537, 0.23674]
            ]
          }, {
            "db": 0,
            "id": "ZN214_HUMAN.H11MO.0.C",
            "len": 22,
            "nsites": 264,
            "evalue": "1.0e+000",
            "url": "http://hocomoco.autosome.ru/motif/ZN214_HUMAN.H11MO.0.C",
            "pwm": [
              [0.257599, 0.204536, 0.117448, 0.420416], 
              [0.208375, 0.545316, 0.098516, 0.147792], 
              [0.306823, 0.511238, 0.102302, 0.0796362], 
              [0.303036, 0.0606516, 0.03036, 0.605952], 
              [0.00769375, 0.132594, 0.0606516, 0.799061], 
              [0.0379853, 0.257547, 0.20075, 0.503718], 
              [0.0872091, 0.329489, 0.064438, 0.518864], 
              [0.0228395, 0.0947296, 0.25376, 0.628671], 
              [0.386338, 0.0568651, 0.507452, 0.0493446], 
              [0.499932, 0.0190007, 0.219682, 0.261386], 
              [0.026626, 0.0114278, 0.651337, 0.310609], 
              [0.0379853, 0.42415, 0.496093, 0.0417718], 
              [0.291677, 0.549103, 0.102302, 0.0569175], 
              [0.344687, 0.359781, 0.03036, 0.265172], 
              [0.102355, 0.272692, 0.178031, 0.446921], 
              [0.0304124, 0.0757973, 0.0606516, 0.833139], 
              [0.00769375, 0.280265, 0.0530787, 0.658962], 
