<!DOCTYPE HTML>
<html>
  <head>
    <meta charset="UTF-8">
    <title>TOMTOM</title>
    <script>
      // @JSON_VAR data
      var data = {
        "program": "Tomtom",
        "version": "4.12.0",
        "release": "Tue Jun 27 16:22:50 2017 -0700",
        "cmd": [
          "tomtom", "-verbosity", "1", "-oc",
          "results/AHRpeaks_withAHREs.bed-199.fa/jaspar/meme_tomtom_out",
          "-min-overlap", "5", "-dist", "pearson", "-evalue", "-thresh", "1",
          "-no-ssc", "-bfile",
          "results/AHRpeaks_withAHREs.bed-199.fa/jaspar/background",
          "results/AHRpeaks_withAHREs.bed-199.fa/jaspar/meme_out/meme.xml",
          "/Users/filipov4/meme/db/motif_databases/JASPAR/JASPAR2018_CORE_non-redundant.meme"
        ],
        "options": {
          "strands": "both",
          "distance_measure": "pearson",
          "threshold_type": "evalue",
          "threshold_value": 1,
          "background_source": "file",
          "background_file": "results/AHRpeaks_withAHREs.bed-199.fa/jaspar/background"
        },
        "alphabet": {
          "name": "DNA",
          "like": "dna",
          "ncore": 4,
          "symbols": [
            {
              "symbol": "A",
              "name": "Adenine",
              "colour": "CC0000",
              "complement": "T"
            }, {
              "symbol": "C",
              "name": "Cytosine",
              "colour": "0000CC",
              "complement": "G"
            }, {
              "symbol": "G",
              "name": "Guanine",
              "colour": "FFB300",
              "complement": "C"
            }, {
              "symbol": "T",
              "aliases": "U",
              "name": "Thymine",
              "colour": "008000",
              "complement": "A"
            }, {
              "symbol": "N",
              "aliases": "X.",
              "name": "Any base",
              "equals": "ACGT"
            }, {
              "symbol": "V",
              "name": "Not T",
              "equals": "ACG"
            }, {
              "symbol": "H",
              "name": "Not G",
              "equals": "ACT"
            }, {
              "symbol": "D",
              "name": "Not C",
              "equals": "AGT"
            }, {
              "symbol": "B",
              "name": "Not A",
              "equals": "CGT"
            }, {
              "symbol": "M",
              "name": "Amino",
              "equals": "AC"
            }, {
              "symbol": "R",
              "name": "Purine",
              "equals": "AG"
            }, {
              "symbol": "W",
              "name": "Weak",
              "equals": "AT"
            }, {
              "symbol": "S",
              "name": "Strong",
              "equals": "CG"
            }, {
              "symbol": "Y",
              "name": "Pyrimidine",
              "equals": "CT"
            }, {
              "symbol": "K",
              "name": "Keto",
              "equals": "GT"
            }
          ]
        },
        "background": [0.2644, 0.2356, 0.2356, 0.2644],
        "query_dbs": [
          {
            "source": "results/AHRpeaks_withAHREs.bed-199.fa/jaspar/meme_out/meme.xml",
            "name": "meme",
            "loaded": 7,
            "excluded": 0,
            "last_modified": "Thu May 24 17:24:43 2018"
          }
        ],
        "target_dbs": [
          {
            "source": "/Users/filipov4/meme/db/motif_databases/JASPAR/JASPAR2018_CORE_non-redundant.meme",
            "name": "JASPAR2018 CORE non-redundant",
            "loaded": 1404,
            "excluded": 0,
            "last_modified": "Thu Dec  7 14:38:42 2017"
          }
        ],
        "queries": [
          {
            "db": 0,
            "id": "GGTRVCAGAGYGAGACTCYGTCTCAAAAAA",
            "alt": "MEME-3",
            "len": 30,
            "nsites": 8,
            "evalue": "2.3e-016",
            "pwm": [
              [0.0032642, 0.126365, 0.867106, 0.0032642], 
              [0.0032642, 0.249822, 0.743649, 0.0032642], 
              [0.250178, 0.126365, 0.00290864, 0.620548], 
              [0.373635, 0.00290864, 0.620193, 0.0032642], 
              [0.497091, 0.249822, 0.249822, 0.0032642], 
              [0.250178, 0.743649, 0.00290864, 0.0032642], 
              [0.990919, 0.00290864, 0.00290864, 0.0032642], 
              [0.0032642, 0.126365, 0.867106, 0.0032642], 
              [0.990919, 0.00290864, 0.00290864, 0.0032642], 
              [0.0032642, 0.00290864, 0.990563, 0.0032642], 
              [0.0032642, 0.620193, 0.00290864, 0.373635], 
              [0.126721, 0.126365, 0.743649, 0.0032642], 
              [0.990919, 0.00290864, 0.00290864, 0.0032642], 
              [0.250178, 0.126365, 0.620193, 0.0032642], 
              [0.990919, 0.00290864, 0.00290864, 0.0032642], 
              [0.0032642, 0.990563, 0.00290864, 0.0032642], 
              [0.0032642, 0.00290864, 0.00290864, 0.990919], 
              [0.0032642, 0.990563, 0.00290864, 0.0032642], 
              [0.0032642, 0.620193, 0.00290864, 0.373635], 
              [0.250178, 0.126365, 0.620193, 0.0032642], 
              [0.0032642, 0.126365, 0.126365, 0.744005], 
              [0.0032642, 0.867106, 0.00290864, 0.126721], 
              [0.0032642, 0.126365, 0.00290864, 0.867462], 
              [0.0032642, 0.867106, 0.00290864, 0.126721], 
              [0.744005, 0.249822, 0.00290864, 0.0032642], 
              [0.867462, 0.126365, 0.00290864, 0.0032642], 
              [0.867462, 0.126365, 0.00290864, 0.0032642], 
              [0.867462, 0.126365, 0.00290864, 0.0032642], 
              [0.867462, 0.00290864, 0.00290864, 0.126721], 
              [0.744005, 0.00290864, 0.00290864, 0.250178]
            ]
          }, {
            "db": 0,
            "id": "KTGYGTGTSTGYGTVTNWGYBH",
            "alt": "MEME-2",
            "len": 22,
            "nsites": 65,
            "evalue": "1.2e-023",
            "pwm": [
              [0.0157675, 0.215416, 0.445831, 0.322987], 
              [0.000406144, 0.000361905, 0.0771667, 0.922065], 
              [0.0464892, 0.0771667, 0.75305, 0.123294], 
              [0.0464892, 0.522635, 0.000361905, 0.430513], 
              [0.0925724, 0.0925281, 0.814494, 0.000406144], 
              [0.0157675, 0.000361905, 0.000361905, 0.983509], 
              [0.0464892, 0.000361905, 0.937382, 0.0157675], 
              [0.200099, 0.200055, 0.169333, 0.430513], 
              [0.0311279, 0.369026, 0.59944, 0.000406144], 
              [0.21546, 0.000361905, 0.000361905, 0.783816], 
              [0.0464892, 0.138611, 0.660884, 0.154016], 
              [0.138655, 0.353664, 0.153972, 0.353709], 
              [0.138655, 0.107888, 0.537997, 0.21546], 
              [0.000406144, 0.169333, 0.12325, 0.707011], 
              [0.230821, 0.322943, 0.445831, 0.000406144], 
              [0.000406144, 0.27686, 0.046445, 0.676289], 
              [0.169377, 0.27686, 0.322943, 0.230821], 
              [0.322987, 0.046445, 0.000361905, 0.630206], 
              [0.000406144, 0.200055, 0.676245, 0.123294], 
              [0.200099, 0.215416, 0.153972, 0.430513], 
              [0.107933, 0.215416, 0.384386, 0.292265], 
              [0.230821, 0.230776, 0.107888, 0.430513]
            ]
          }, {
            "db": 0,
            "id": "RCTCACTGCAACCTCYRCCTCCYGGGYTCA",
            "alt": "MEME-1",
            "len": 30,
            "nsites": 10,
            "evalue": "7.4e-026",
            "pwm": [
              [0.299648, 0.00233267, 0.596392, 0.101628], 
              [0.00261782, 0.794412, 0.101343, 0.101628], 
              [0.101628, 0.00233267, 0.101343, 0.794697], 
              [0.101628, 0.794412, 0.00233267, 0.101628], 
              [0.794697, 0.200352, 0.00233267, 0.00261782], 
              [0.00261782, 0.794412, 0.00233267, 0.200638], 
              [0.00261782, 0.101343, 0.00233267, 0.893707], 
              [0.00261782, 0.00233267, 0.992432, 0.00261782], 
              [0.101628, 0.695402, 0.00233267, 0.200638], 
              [0.893707, 0.00233267, 0.101343, 0.00261782], 
              [0.794697, 0.00233267, 0.200352, 0.00261782], 
              [0.00261782, 0.992432, 0.00233267, 0.00261782], 
              [0.00261782, 0.893422, 0.00233267, 0.101628], 
              [0.00261782, 0.00233267, 0.00233267, 0.992717], 
              [0.101628, 0.794412, 0.00233267, 0.101628], 
              [0.101628, 0.497382, 0.101343, 0.299648], 
              [0.299648, 0.00233267, 0.596392, 0.101628], 
              [0.101628, 0.695402, 0.00233267, 0.200638], 
              [0.101628, 0.893422, 0.00233267, 0.00261782], 
              [0.00261782, 0.101343, 0.00233267, 0.893707], 
              [0.00261782, 0.992432, 0.00233267, 0.00261782], 
              [0.00261782, 0.893422, 0.00233267, 0.101628], 
              [0.00261782, 0.398372, 0.00233267, 0.596677], 
              [0.299648, 0.00233267, 0.695402, 0.00261782], 
              [0.00261782, 0.00233267, 0.992432, 0.00261782], 
              [0.101628, 0.00233267, 0.794412, 0.101628], 
              [0.00261782, 0.398372, 0.00233267, 0.596677], 
              [0.00261782, 0.101343, 0.00233267, 0.893707], 
              [0.00261782, 0.893422, 0.00233267, 0.101628], 
              [0.893707, 0.101343, 0.00233267, 0.00261782]
            ]
          }, {
            "db": 0,
            "id": "RTGAGTCAB",
            "alt": "MEME-4",
            "len": 9,
            "nsites": 37,
            "evalue": "3.8e-007",
            "pwm": [
              [0.458933, 0.000635041, 0.539719, 0.000712668], 
              [0.000712668, 0.000635041, 0.000635041, 0.998017], 
              [0.000712668, 0.000635041, 0.99794, 0.000712668], 
              [0.998017, 0.000635041, 0.000635041, 0.000712668], 
              [0.000712668, 0.000635041, 0.99794, 0.000712668], 
              [0.000712668, 0.000635041, 0.000635041, 0.998017], 
              [0.0276668, 0.970985, 0.000635041, 0.000712668], 
              [0.998017, 0.000635041, 0.000635041, 0.000712668], 
              [0.000712668, 0.431901, 0.270177, 0.297208]
            ]
          }, {
            "db": 0,
            "id": "SCCAGCWAYTNRGRAGGCYRRGGCRKGAGR",
            "alt": "MEME-7",
            "len": 30,
            "nsites": 10,
            "evalue": "2.8e-007",
            "pwm": [
              [0.101628, 0.596392, 0.299362, 0.00261782], 
              [0.101628, 0.695402, 0.101343, 0.101628], 
              [0.00261782, 0.893422, 0.00233267, 0.101628], 
              [0.992717, 0.00233267, 0.00233267, 0.00261782], 
              [0.00261782, 0.00233267, 0.992432, 0.00261782], 
              [0.00261782, 0.893422, 0.101343, 0.00261782], 
              [0.398657, 0.101343, 0.00233267, 0.497667], 
              [0.695687, 0.299362, 0.00233267, 0.00261782], 
              [0.101628, 0.398372, 0.101343, 0.398657], 
              [0.200638, 0.101343, 0.200352, 0.497667], 
              [0.200638, 0.398372, 0.200352, 0.200638], 
              [0.299648, 0.101343, 0.596392, 0.00261782], 
              [0.00261782, 0.101343, 0.893422, 0.00261782], 
              [0.299648, 0.101343, 0.596392, 0.00261782], 
              [0.695687, 0.00233267, 0.101343, 0.200638], 
              [0.00261782, 0.00233267, 0.992432, 0.00261782], 
              [0.101628, 0.00233267, 0.893422, 0.00261782], 
              [0.00261782, 0.794412, 0.200352, 0.00261782], 
              [0.00261782, 0.596392, 0.00233267, 0.398657], 
              [0.299648, 0.200352, 0.497382, 0.00261782], 
              [0.596677, 0.00233267, 0.299362, 0.101628], 
              [0.00261782, 0.200352, 0.794412, 0.00261782], 
              [0.101628, 0.00233267, 0.794412, 0.101628], 
              [0.00261782, 0.794412, 0.00233267, 0.200638], 
              [0.497667, 0.00233267, 0.497382, 0.00261782], 
              [0.101628, 0.00233267, 0.497382, 0.398657], 
              [0.00261782, 0.101343, 0.893422, 0.00261782], 
              [0.695687, 0.299362, 0.00233267, 0.00261782], 
              [0.00261782, 0.101343, 0.893422, 0.00261782], 
              [0.299648, 0.200352, 0.497382, 0.00261782]
            ]
          }, {
            "db": 0,
            "id": "SRGGGAGGSDGKGRRG",
            "alt": "MEME-5",
            "len": 16,
            "nsites": 30,
            "evalue": "1.5e-006",
            "pwm": [
              [0.0341007, 0.333008, 0.632012, 0.000878405], 
              [0.499217, 0.034005, 0.465899, 0.000878405], 
              [0.133768, 0.10045, 0.665235, 0.100546], 
              [0.000878405, 0.000782724, 0.99746, 0.000878405], 
              [0.000878405, 0.266564, 0.731679, 0.000878405], 
              [0.731775, 0.000782724, 0.000782724, 0.266659], 
              [0.000878405, 0.133673, 0.86457, 0.000878405], 
              [0.000878405, 0.034005, 0.831347, 0.133768], 
              [0.200214, 0.299786, 0.499122, 0.000878405], 
              [0.266659, 0.000782724, 0.399454, 0.333104], 
              [0.000878405, 0.133673, 0.831347, 0.0341007], 
              [0.166992, 0.0672282, 0.465899, 0.299882], 
              [0.000878405, 0.000782724, 0.99746, 0.000878405], 
              [0.465995, 0.000782724, 0.432676, 0.100546], 
              [0.366327, 0.000782724, 0.499122, 0.133768], 
              [0.000878405, 0.000782724, 0.99746, 0.000878405]
            ]
          }, {
            "db": 0,
            "id": "WDTATTTRYTTW",
            "alt": "MEME-6",
            "len": 12,
            "nsites": 71,
            "evalue": "2.5e-005",
            "pwm": [
              [0.492637, 0.0706553, 0.0706553, 0.366054], 
              [0.394183, 0.000331364, 0.281625, 0.32386], 
              [0.0144371, 0.000331364, 0.000331364, 0.9849], 
              [0.731736, 0.0143966, 0.253496, 0.000371871], 
              [0.000371871, 0.000331364, 0.000331364, 0.998965], 
              [0.000371871, 0.000331364, 0.000331364, 0.998965], 
              [0.000371871, 0.000331364, 0.000331364, 0.998965], 
              [0.53483, 0.000331364, 0.366013, 0.0988252], 
              [0.0285013, 0.591048, 0.000331364, 0.380119], 
              [0.183213, 0.0565901, 0.000331364, 0.759865], 
              [0.000371871, 0.0847195, 0.225366, 0.689542], 
              [0.520766, 0.000331364, 0.000331364, 0.478571]
            ]
          }
        ],
        "targets": [
          {
            "db": 0,
            "id": "MA0032.2",
            "alt": "FOXC1",
            "len": 11,
            "nsites": 19566,
            "url": "http://jaspar2018.genereg.net/matrix/MA0032.2",
            "pwm": [
              [0.329756, 0.039457, 0.0155381, 0.615249], 
              [0.695237, 0.035336, 0.202155, 0.067273], 
              [0.344387, 0.0876138, 0.105678, 0.462323], 
              [0.257364, 0.0178011, 0.722132, 0.00270334], 
              [0.108395, 0.0717428, 0.0169381, 0.802924], 
              [0.706923, 0.289518, 0.0011332, 0.00242634], 
              [0.991151, 0.00579117, 1.20412e-06, 0.00305734], 
              [0.983558, 0.00298019, 0.00750217, 0.00595932], 
              [0.00649832, 0.467699, 0.00878816, 0.517014], 
              [0.966337, 0.0014122, 0.0226321, 0.0096183], 
              [0.31682, 0.0736508, 0.0523319, 0.557199]
            ]
          }, {
            "db": 0,
            "id": "MA0033.2",
            "alt": "FOXL1",
            "len": 7,
            "nsites": 4933,
            "url": "http://jaspar2018.genereg.net/matrix/MA0033.2",
            "pwm": [
              [0.426107, 0.00263972, 0.542869, 0.0283848], 
              [0.00192632, 0.0799112, 4.7759e-06, 0.918158], 
              [0.874645, 0.114915, 0.0104346, 5.35971e-06], 
              [0.989019, 0.00786762, 4.7759e-06, 0.0031093], 
              [0.973113, 0.0166984, 0.0101836, 5.35971e-06], 
              [5.35971e-06, 0.778859, 4.7759e-06, 0.221131], 
              [0.985349, 0.0111366, 4.7759e-06, 0.00350929]
            ]
          }, {
            "db": 0,
            "id": "MA0039.3",
            "alt": "KLF4",
            "len": 11,
            "nsites": 969,
            "url": "http://jaspar2018.genereg.net/matrix/MA0039.3",
            "pwm": [
              [0.270381, 0.496361, 0.130042, 0.103216], 
              [0.120758, 0.668686, 0.108372, 0.102184], 
              [0.953489, 0.0144708, 0.0185984, 0.0134419], 
              [0.00828243, 0.978251, 0.00621567, 0.00725054], 
              [0.856492, 0.0020881, 0.126946, 0.0144738], 
              [0.0134419, 0.943167, 0.0185984, 0.0247927], 
              [0.0299522, 0.938008, 0.0175665, 0.0144738], 
              [0.0155057, 0.962773, 0.00415189, 0.0175695], 
              [0.267286, 0.0743196, 0.0402682, 0.618126], 
              [0.189894, 0.287921, 0.292048, 0.230138], 
              [0.237361, 0.304431, 0.208465, 0.249744]
            ]
          }, {
            "db": 0,
            "id": "MA0041.1",
            "alt": "Foxd3",
            "len": 12,
            "nsites": 47,
            "url": "http://jaspar2018.genereg.net/matrix/MA0041.1",
            "pwm": [
              [0.234107, 0.0641947, 0.552517, 0.149181], 
              [0.637504, 0.0429629, 0.000500212, 0.319033], 
              [0.510115, 0.021732, 0.000500212, 0.467653], 
              [0.0217932, 0.0854255, 0.000500212, 0.892281], 
              [0.255338, 0.000500212, 0.722368, 0.0217932], 
              [0.000561359, 0.000500212, 0.000500212, 0.998438], 
              [0.0217932, 0.000500212, 0.000500212, 0.977206], 
              [0.106718, 0.000500212, 0.212814, 0.679967], 
              [0.297801, 0.000500212, 0.446361, 0.255338], 
              [0.12795, 0.14912, 0.000500212, 0.722429], 
              [0.0217932, 0.0429629, 0.0854255, 0.849818], 
              [0.000561359, 0.255277, 0.000500212, 0.743661]
            ]
          }, {
            "db": 0,
            "id": "MA0047.2",
            "alt": "Foxa2",
            "len": 12,
            "nsites": 808,
            "url": "http://jaspar2018.genereg.net/matrix/MA0047.2",
            "pwm": [
              [0.00127057, 0.001267, 0.001267, 0.996196], 
              [0.273176, 0.0037367, 0.719347, 0.00374026], 
              [0.00126857, 0.001265, 0.001265, 0.996201], 
              [0.00126857, 0.0037367, 0.0445226, 0.950471], 
              [0.00126557, 0.001262, 0.215785, 0.781687], 
              [0.908562, 0.00496654, 0.0827349, 0.00373626], 
              [0.00250141, 0.89498, 0.00249785, 0.10002], 
              [0.417781, 0.0951964, 0.0037367, 0.483286], 
              [0.0618301, 0.327554, 0.0717133, 0.538903], 
              [0.516698, 0.00746323, 0.0297655, 0.446075], 
              [0.162544, 0.065778, 0.59797, 0.173708], 
              [0.160661, 0.242838, 0.36113, 0.235371]
            ]
          }, {
            "db": 0,
            "id": "MA0079.3",
            "alt": "SP1",
            "len": 11,
            "nsites": 8734,
            "url": "http://jaspar2018.genereg.net/matrix/MA0079.3",
            "pwm": [
              [0.0981239, 0.204488, 0.489005, 0.208382], 
              [3.02721e-06, 0.711582, 0.0735079, 0.214908], 
              [0.0113379, 0.767454, 2.69747e-06, 0.221204], 
              [3.02721e-06, 0.999991, 2.69747e-06, 3.02721e-06], 
              [3.02721e-06, 0.991633, 2.69747e-06, 0.00836093], 
              [0.1556, 2.69747e-06, 0.529422, 0.314975], 
              [3.02721e-06, 0.999991, 2.69747e-06, 3.02721e-06], 
              [3.02721e-06, 0.999991, 2.69747e-06, 3.02721e-06], 
              [3.02721e-06, 0.764707, 2.69747e-06, 0.235287], 
              [0.12068, 0.727839, 2.69747e-06, 0.151478], 
              [0.0746532, 0.568922, 0.0840407, 0.272384]
            ]
          }, {
            "db": 0,
            "id": "MA0099.3",
            "alt": "FOS::JUN",
            "len": 10,
            "nsites": 1000,
            "url": "http://jaspar2018.genereg.net/matrix/MA0099.3",
            "pwm": [
              [0.591967, 0.111012, 0.256998, 0.0400224], 
              [0.00302614, 0.00502306, 0.00202336, 0.989927], 
              [0.00702574, 0.00102346, 0.823941, 0.16801], 
              [0.819944, 0.13101, 0.00402316, 0.0450219], 
              [0.0780186, 0.180006, 0.687955, 0.054021], 
              [0.00502594, 0.00202336, 0.00202336, 0.990927], 
              [0.0300234, 0.962927, 0.00302326, 0.00402604], 
              [0.991927, 0.00202336, 0.00202336, 0.00402604], 
              [0.024024, 0.312992, 0.0950141, 0.56797], 
              [0.276999, 0.396984, 0.164007, 0.16201]
            ]
          }, {
            "db": 0,
            "id": "MA0148.3",
            "alt": "FOXA1",
            "len": 15,
            "nsites": 22008,
            "url": "http://jaspar2018.genereg.net/matrix/MA0148.3",
            "pwm": [
              [0.196656, 0.219329, 0.187386, 0.396627], 
              [0.211696, 0.311296, 0.214967, 0.262041], 
              [0.139132, 0.388858, 0.241458, 0.230553], 
              [0.3242, 0.196156, 0.16544, 0.314204], 
              [0.00318219, 1.07052e-06, 0.000546068, 0.996271], 
              [0.267312, 1.07052e-06, 0.732686, 1.20138e-06], 
              [1.20138e-06, 1.07052e-06, 1.07052e-06, 0.999997], 
              [1.20138e-06, 1.07052e-06, 0.0587068, 0.941291], 
              [1.20138e-06, 1.07052e-06, 0.129907, 0.87009], 
              [0.829332, 1.07052e-06, 0.170665, 1.20138e-06], 
              [1.20138e-06, 0.934021, 1.07052e-06, 0.0659769], 
              [0.417711, 0.120639, 1.07052e-06, 0.461649], 
              [0.037578, 0.331516, 0.0632508, 0.567656], 
              [0.486277, 4.60703e-05, 0.00286406, 0.510813], 
              [0.218421, 0.118276, 0.427798, 0.235505]
            ]
          }, {
            "db": 0,
            "id": "MA0149.1",
            "alt": "EWSR1-FLI1",
            "len": 18,
            "nsites": 105,
            "url": "http://jaspar2018.genereg.net/matrix/MA0149.1",
            "pwm": [
              [0.00025157, 0.000224167, 0.999273, 0.00025157], 
              [0.0192814, 0.000224167, 0.980243, 0.00025157], 
              [0.989785, 0.000224167, 0.00973911, 0.00025157], 
              [0.989785, 0.000224167, 0.00973911, 0.00025157], 
              [0.00976651, 0.000224167, 0.989758, 0.00025157], 
              [0.0192814, 0.000224167, 0.970729, 0.00976651], 
              [0.98027, 0.000224167, 0.019254, 0.00025157], 
              [0.970756, 0.000224167, 0.028768, 0.00025157], 
              [0.00025157, 0.000224167, 0.989758, 0.00976651], 
              [0.00025157, 0.019254, 0.980243, 0.00025157], 
              [0.942211, 0.0382829, 0.019254, 0.00025157], 
              [0.9993, 0.000224167, 0.000224167, 0.00025157], 
              [0.00025157, 0.000224167, 0.999273, 0.00025157], 
              [0.00025157, 0.019254, 0.980243, 0.00025157], 
              [0.951726, 0.028768, 0.000224167, 0.0192814], 
              [0.970756, 0.000224167, 0.019254, 0.00976651], 
              [0.0478253, 0.000224167, 0.923155, 0.0287954], 
              [0.0287954, 0.028768, 0.923155, 0.0192814]
            ]
          }, {
            "db": 0,
            "id": "MA0272.1",
            "alt": "ARG81",
            "len": 8,
            "nsites": 198,
            "url": "http://jaspar2018.genereg.net/matrix/MA0272.1",
            "pwm": [
              [0.297963, 0.0606943, 0.419099, 0.222243], 
              [0.0367, 0.00011893, 0.0244966, 0.938683], 
              [0.0773145, 0.00011893, 0.922433, 0.000133468], 
              [0.999629, 0.00011893, 0.00011893, 0.000133468], 
              [0.000133468, 0.99594, 0.00011893, 0.00380761], 
              [0.00619141, 0.00011893, 0.00011893, 0.993571], 
              [0.000133468, 0.999614, 0.00011893, 0.000133468], 
              [0.317177, 0.317163, 0.0216131, 0.344046]
            ]
          }, {
            "db": 0,
            "id": "MA0303.1",
            "alt": "GCN4",
            "len": 21,
            "nsites": 998,
            "url": "http://jaspar2018.genereg.net/matrix/MA0303.1",
            "pwm": [
              [0.218442, 0.295585, 0.24549, 0.240483], 
              [0.371732, 0.217437, 0.268534, 0.142297], 
              [0.362715, 0.213429, 0.15031, 0.273546], 
              [0.282563, 0.11925, 0.325642, 0.272544], 
              [0.27555, 0.177361, 0.316625, 0.230464], 
              [0.169179, 0.14015, 0.365352, 0.325319], 
              [0.536045, 0.0350901, 0.41381, 0.015055], 
              [0.0110474, 0.0080388, 0.006035, 0.974879], 
              [0.00203029, 0.0050331, 0.935802, 0.0571348], 
              [0.969869, 0.0130483, 0.0040312, 0.0130512], 
              [0.00203029, 0.433848, 0.563093, 0.00102839], 
              [0.0130512, 0.0040312, 0.0130483, 0.969869], 
              [0.0571348, 0.935802, 0.0050331, 0.00203029], 
              [0.974879, 0.006035, 0.0080388, 0.0110474], 
              [0.015055, 0.41381, 0.0350901, 0.536045], 
              [0.376365, 0.290285, 0.131141, 0.202208], 
              [0.207213, 0.354342, 0.194198, 0.244246], 
              [0.284567, 0.216435, 0.202408, 0.29659], 
              [0.226457, 0.234469, 0.177361, 0.361713], 
              [0.25451, 0.32965, 0.232465, 0.183375], 
              [0.337668, 0.169346, 0.195395, 0.297592]
            ]
          }, {
            "db": 0,
            "id": "MA0446.1",
            "alt": "fkh",
            "len": 11,
            "nsites": 27,
            "url": "http://jaspar2018.genereg.net/matrix/MA0446.1",
            "pwm": [
              [0.111677, 0.000869373, 0.000869373, 0.886585], 
              [0.185477, 0.000869373, 0.812678, 0.000975646], 
              [0.000975646, 0.000869373, 0.000869373, 0.997286], 
              [0.000975646, 0.000869373, 0.000869373, 0.997286], 
              [0.000975646, 0.000869373, 0.0377697, 0.960385], 
              [0.48068, 0.000869373, 0.517475, 0.000975646], 
              [0.148577, 0.480574, 0.07467, 0.296178], 
              [0.222378, 0.259172, 0.11157, 0.406879], 
              [0.000975646, 0.406773, 0.07467, 0.517581], 
              [0.849684, 0.000869373, 0.0377697, 0.111677], 
              [0.554482, 0.148471, 0.148471, 0.148577]
            ]
          }, {
            "db": 0,
            "id": "MA0462.1",
            "alt": "BATF::JUN",
            "len": 11,
            "nsites": 10522,
            "url": "http://jaspar2018.genereg.net/matrix/MA0462.1",
            "pwm": [
              [0.29291, 0.0457158, 0.488118, 0.173257], 
              [0.454474, 0.0525587, 0.274568, 0.2184], 
              [0.429479, 0.0161591, 0.210891, 0.34347], 
              [0.784827, 0.140469, 2.2391e-06, 0.0747028], 
              [2.51281e-06, 2.2391e-06, 2.2391e-06, 0.999993], 
              [2.51281e-06, 2.2391e-06, 0.985927, 0.0140684], 
              [0.999993, 2.2391e-06, 2.2391e-06, 2.51281e-06], 
              [0.055695, 0.477664, 0.466639, 2.51281e-06], 
              [2.51281e-06, 2.2391e-06, 2.2391e-06, 0.999993], 
              [0.122696, 0.816379, 0.0609217, 2.51281e-06], 
              [0.975473, 2.2391e-06, 2.2391e-06, 0.0245223]
            ]
          }, {
            "db": 0,
            "id": "MA0476.1",
            "alt": "FOS",
            "len": 11,
            "nsites": 29396,
            "url": "http://jaspar2018.genereg.net/matrix/MA0476.1",
            "pwm": [
              [0.26803, 0.0242217, 0.329501, 0.378249], 
              [0.254286, 0.346204, 0.368792, 0.0307188], 
              [8.99439e-07, 8.01467e-07, 8.01467e-07, 0.999997], 
              [8.99439e-07, 8.01467e-07, 0.922164, 0.0778346], 
              [0.999997, 8.01467e-07, 8.01467e-07, 8.99439e-07], 
              [0.0339508, 0.478942, 0.381208, 0.1059], 
              [8.99439e-07, 8.01467e-07, 8.01467e-07, 0.999997], 
              [8.99439e-07, 0.999997, 8.01467e-07, 8.99439e-07], 
              [0.999997, 8.01467e-07, 8.01467e-07, 8.99439e-07], 
              [0.00877787, 0.198088, 0.0523206, 0.740813], 
              [0.136277, 0.280174, 0.268642, 0.314907]
            ]
          }, {
            "db": 0,
            "id": "MA0477.1",
            "alt": "FOSL1",
            "len": 11,
            "nsites": 5272,
            "url": "http://jaspar2018.genereg.net/matrix/MA0477.1",
            "pwm": [
              [0.339718, 0.022576, 0.452196, 0.185509], 
              [0.297419, 0.0828939, 0.589712, 0.0299744], 
              [5.01508e-06, 4.46881e-06, 4.46881e-06, 0.999986], 
              [5.01508e-06, 4.46881e-06, 0.999986, 5.01508e-06], 
              [0.999986, 4.46881e-06, 4.46881e-06, 5.01508e-06], 
              [0.0235246, 0.591799, 0.384671, 5.01508e-06], 
              [5.01508e-06, 4.46881e-06, 4.46881e-06, 0.999986], 
              [0.0335784, 0.966412, 4.46881e-06, 5.01508e-06], 
              [0.999986, 4.46881e-06, 4.46881e-06, 5.01508e-06], 
              [0.00702288, 0.153834, 0.328905, 0.510238], 
              [0.224584, 0.319421, 0.355651, 0.100344]
            ]
          }, {
            "db": 0,
            "id": "MA0478.1",
            "alt": "FOSL2",
            "len": 11,
            "nsites": 5318,
            "url": "http://jaspar2018.genereg.net/matrix/MA0478.1",
            "pwm": [
              [0.15664, 0.186913, 0.39225, 0.264197], 
              [0.286762, 0.111322, 0.509021, 0.0928952], 
              [0.537979, 0.0103462, 0.437755, 0.0139197], 
              [4.9717e-06, 4.43015e-06, 4.43015e-06, 0.999986], 
              [4.9717e-06, 4.43015e-06, 0.999986, 4.9717e-06], 
              [0.954293, 0.00959425, 0.0361078, 4.9717e-06], 
              [4.9717e-06, 0.617894, 0.345617, 0.0364843], 
              [4.9717e-06, 4.43015e-06, 4.43015e-06, 0.999986], 
              [0.0385522, 0.961438, 4.43015e-06, 4.9717e-06], 
              [0.999986, 4.43015e-06, 4.43015e-06, 4.9717e-06], 
              [4.9717e-06, 0.263068, 0.363481, 0.373447]
            ]
          }, {
            "db": 0,
            "id": "MA0489.1",
            "alt": "JUN(var.2)",
            "len": 14,
            "nsites": 10956,
            "url": "http://jaspar2018.genereg.net/matrix/MA0489.1",
            "pwm": [
              [0.44286, 0.114094, 0.257211, 0.185835], 
              [0.358433, 0.120848, 0.375136, 0.145583], 
              [0.340087, 0.102867, 0.395216, 0.16183], 
              [0.40124, 0.102411, 0.315899, 0.18045], 
              [0.378422, 0.0541277, 0.384537, 0.182914], 
              [0.541253, 0.0906363, 0.368108, 2.41327e-06], 
              [2.41327e-06, 2.1504e-06, 2.1504e-06, 0.999993], 
              [2.41327e-06, 2.1504e-06, 0.999993, 2.41327e-06], 
              [0.999719, 2.1504e-06, 2.1504e-06, 0.000276411], 
              [0.0348691, 0.520625, 0.37331, 0.0711958], 
              [0.0181662, 2.1504e-06, 2.1504e-06, 0.981829], 
              [0.0872596, 0.912736, 2.1504e-06, 2.41327e-06], 
              [0.999993, 2.1504e-06, 2.1504e-06, 2.41327e-06], 
              [0.0343211, 0.229007, 0.24142, 0.495252]
            ]
          }, {
            "db": 0,
            "id": "MA0490.1",
            "alt": "JUNB",
            "len": 11,
            "nsites": 16992,
            "url": "http://jaspar2018.genereg.net/matrix/MA0490.1",
            "pwm": [
              [0.212159, 0.198093, 0.352106, 0.237641], 
              [0.297493, 0.062207, 0.495937, 0.144363], 
              [0.493408, 0.0342522, 0.472339, 1.55602e-06], 
              [1.55602e-06, 1.38653e-06, 1.38653e-06, 0.999996], 
              [1.55602e-06, 1.38653e-06, 0.999996, 1.55602e-06], 
              [0.999996, 1.38653e-06, 1.38653e-06, 1.55602e-06], 
              [1.55602e-06, 0.580212, 0.369644, 0.0501423], 
              [1.55602e-06, 1.38653e-06, 1.38653e-06, 0.999996], 
              [0.0739181, 0.926079, 1.38653e-06, 1.55602e-06], 
              [0.999996, 1.38653e-06, 1.38653e-06, 1.55602e-06], 
              [0.0433163, 0.174317, 0.359992, 0.422374]
            ]
          }, {
            "db": 0,
            "id": "MA0491.1",
            "alt": "JUND",
            "len": 11,
            "nsites": 38710,
            "url": "http://jaspar2018.genereg.net/matrix/MA0491.1",
            "pwm": [
              [0.320046, 0.0196076, 0.352364, 0.307982], 
              [0.391708, 0.124619, 0.483672, 6.83026e-07], 
              [6.83026e-07, 6.08627e-07, 6.08627e-07, 0.999998], 
              [6.83026e-07, 6.08627e-07, 0.999998, 6.83026e-07], 
              [0.999998, 6.08627e-07, 6.08627e-07, 6.83026e-07], 
              [6.83026e-07, 0.590467, 0.363679, 0.0458546], 
              [6.83026e-07, 6.08627e-07, 6.08627e-07, 0.999998], 
              [0.0399646, 0.960034, 6.08627e-07, 6.83026e-07], 
              [0.999998, 6.08627e-07, 6.08627e-07, 6.83026e-07], 
              [6.83026e-07, 0.132679, 0.0594425, 0.807878], 
              [0.14947, 0.38636, 0.32108, 0.14309]
            ]
          }, {
            "db": 0,
            "id": "MA0516.1",
            "alt": "SP2",
            "len": 15,
            "nsites": 1686,
            "url": "http://jaspar2018.genereg.net/matrix/MA0516.1",
            "pwm": [
              [0.0949091, 0.150064, 0.609705, 0.145321], 
              [0.0231463, 0.481005, 0.152437, 0.343411], 
              [0.0308559, 0.822029, 0.000606938, 0.146508], 
              [1.56812e-05, 0.995803, 0.00416573, 1.56812e-05], 
              [1.56812e-05, 0.974452, 1.39731e-05, 0.0255182], 
              [0.103213, 1.39731e-05, 0.759162, 0.137612], 
              [1.56812e-05, 0.999955, 1.39731e-05, 1.56812e-05], 
              [1.56812e-05, 0.982162, 1.39731e-05, 0.0178086], 
              [1.56812e-05, 0.657152, 1.39731e-05, 0.342818], 
              [0.122191, 0.709343, 1.39731e-05, 0.168452], 
              [0.0682206, 0.575899, 0.0587295, 0.297151], 
              [0.110922, 0.328582, 0.192767, 0.367728], 
              [0.134053, 0.425256, 0.237841, 0.202851], 
              [0.135239, 0.470923, 0.241993, 0.151846], 
              [0.120412, 0.441862, 0.250296, 0.187431]
            ]
          }, {
            "db": 0,
            "id": "MA0528.1",
            "alt": "ZNF263",
            "len": 21,
            "nsites": 15235,
            "url": "http://jaspar2018.genereg.net/matrix/MA0528.1",
            "pwm": [
              [0.155301, 0.0192334, 0.727138, 0.0983271], 
              [0.301674, 1.54643e-06, 0.698323, 1.73547e-06], 
              [0.729764, 1.54643e-06, 0.183919, 0.0863152], 
              [0.0297355, 1.54643e-06, 0.907052, 0.0632113], 
              [0.0663613, 0.11408, 0.816799, 0.00275872], 
              [0.913616, 0.0361683, 0.00282353, 0.0473924], 
              [0.102988, 0.0554002, 0.73856, 0.103053], 
              [0.101872, 0.0936669, 0.751622, 0.0528404], 
              [0.532522, 0.0635391, 0.361863, 0.0420755], 
              [0.336856, 0.101281, 0.462224, 0.0996401], 
              [0.203216, 0.0701681, 0.621658, 0.104957], 
              [0.433081, 0.0387283, 0.441745, 0.0864472], 
              [0.27404, 0.0406973, 0.584376, 0.100887], 
              [0.269511, 0.106204, 0.5935, 0.0307855], 
              [0.521363, 0.0623571, 0.31375, 0.102528], 
              [0.250935, 6.7546e-05, 0.633998, 0.114999], 
              [0.205579, 1.54643e-06, 0.751162, 0.0432575], 
              [0.545124, 1.54643e-06, 0.38674, 0.0681343], 
              [0.343025, 0.0143765, 0.585689, 0.0569094], 
              [0.266951, 0.0426663, 0.6445, 0.0458824], 
              [0.476796, 0.0595352, 0.403084, 0.0605853]
            ]
          }, {
            "db": 0,
            "id": "MA0538.1",
            "alt": "daf-12",
            "len": 15,
            "nsites": 156,
            "url": "http://jaspar2018.genereg.net/matrix/MA0538.1",
            "pwm": [
              [0.141105, 0.128274, 0.724046, 0.00657527], 
              [0.455006, 0.000150929, 0.0834305, 0.461412], 
              [0.211572, 0.000150929, 0.788108, 0.000169379], 
              [0.147511, 0.33327, 0.0385883, 0.48063], 
              [0.000169379, 0.000150929, 0.99951, 0.000169379], 
              [0.000169379, 0.33327, 0.000150929, 0.666409], 
              [0.000169379, 0.000150929, 0.99951, 0.000169379], 
              [0.0962618, 0.160304, 0.0898374, 0.653597], 
              [0.000169379, 0.128274, 0.621548, 0.250009], 
              [0.00657527, 0.000150929, 0.000150929, 0.993123], 
              [0.000169379, 0.00655682, 0.986698, 0.00657527], 
              [0.000169379, 0.506237, 0.102649, 0.390945], 
              [0.205166, 0.000150929, 0.538268, 0.256415], 
              [0.109074, 0.128274, 0.179523, 0.583129], 
              [0.109074, 0.275615, 0.358895, 0.256415]
            ]
          }, {
            "db": 0,
            "id": "MA0543.1",
            "alt": "eor-1",
            "len": 15,
            "nsites": 1253,
            "url": "http://jaspar2018.genereg.net/matrix/MA0543.1",
            "pwm": [
              [0.350352, 0.134884, 0.340774, 0.173989], 
              [0.364717, 0.106155, 0.396635, 0.132493], 
              [0.749362, 0.0710431, 0.133288, 0.0463064], 
              [0.106158, 0.00161467, 0.888216, 0.00401078], 
              [0.962434, 0.000816738, 1.88014e-05, 0.0367302], 
              [0.0798227, 1.88014e-05, 0.89859, 0.0215674], 
              [0.92014, 0.00959504, 0.0558803, 0.014386], 
              [0.209102, 0.476438, 0.254587, 0.0598723], 
              [0.342372, 0.035132, 0.553846, 0.0686506], 
              [0.189152, 0.436536, 0.321621, 0.0526909], 
              [0.944878, 0.0327372, 0.022363, 2.10997e-05], 
              [0.0590744, 0.022363, 0.91854, 2.10997e-05], 
              [0.933706, 0.00241261, 0.0590721, 0.00480972], 
              [0.161221, 0.268153, 0.547461, 0.0231633], 
              [0.777293, 0.0207671, 0.146855, 0.0550847]
            ]
          }, {
            "db": 0,
            "id": "MA0546.1",
            "alt": "pha-4",
            "len": 10,
            "nsites": 1010,
            "url": "http://jaspar2018.genereg.net/matrix/MA0546.1",
            "pwm": [
              [0.579177, 0.0703134, 2.33244e-05, 0.350486], 
              [0.528687, 2.33244e-05, 0.466314, 0.00497569], 
              [0.531657, 2.33244e-05, 0.0782336, 0.390087], 
              [0.0406162, 2.33244e-05, 0.959334, 2.61756e-05], 
              [2.61756e-05, 0.402953, 2.33244e-05, 0.596997], 
              [0.853407, 0.146544, 2.33244e-05, 2.61756e-05], 
              [0.999927, 2.33244e-05, 2.33244e-05, 2.61756e-05], 
              [0.999927, 2.33244e-05, 2.33244e-05, 2.61756e-05], 
              [2.61756e-05, 0.616794, 2.33244e-05, 0.383156], 
              [0.999927, 2.33244e-05, 2.33244e-05, 2.61756e-05]
            ]
          }, {
            "db": 0,
            "id": "MA0580.1",
            "alt": "DYT1",
            "len": 14,
            "nsites": 11,
            "url": "http://jaspar2018.genereg.net/matrix/MA0580.1",
            "pwm": [
              [0.362742, 0.542664, 0.00212252, 0.092472], 
              [0.272652, 0.0922125, 0.632754, 0.00238198], 
              [0.092472, 0.182303, 0.0922125, 0.633013], 
              [0.182562, 0.182303, 0.542664, 0.092472], 
              [0.903283, 0.0922125, 0.00212252, 0.00238198], 
              [0.272652, 0.00212252, 0.632754, 0.092472], 
              [0.362742, 0.00212252, 0.00212252, 0.633013], 
              [0.00238198, 0.993114, 0.00212252, 0.00238198], 
              [0.993373, 0.00212252, 0.00212252, 0.00238198], 
              [0.00238198, 0.993114, 0.00212252, 0.00238198], 
              [0.092472, 0.00212252, 0.903024, 0.00238198], 
              [0.00238198, 0.00212252, 0.00212252, 0.993373], 
              [0.00238198, 0.00212252, 0.993114, 0.00238198], 
              [0.993373, 0.00212252, 0.00212252, 0.00238198]
            ]
          }, {
            "db": 0,
            "id": "MA0591.1",
            "alt": "Bach1::Mafk",
            "len": 15,
            "nsites": 114,
            "url": "http://jaspar2018.genereg.net/matrix/MA0591.1",
            "pwm": [
