<!DOCTYPE HTML>
<html>
  <head>
    <meta charset="UTF-8">
    <title>SpaMo - Spaced Motif Analysis</title>
    <script type="text/javascript">
      //@JSON_VAR data
      var data = {"program":"SpaMo","version":"4.12.0","revision":"aacc9c3eb8c7b460b344d5c8aa1458097dae704d","release":"Tue Jun 27 16:22:50 2017 -0700","host":"Sudins-iMac.local","when":"Thu May 24 14:12:24 2018","cmd":["spamo","-verbosity","1","-oc","results/AHRpeaks_noAHREs.bed.fa/hocomoco/spamo_out_4","-bgfile","results/AHRpeaks_noAHREs.bed.fa/hocomoco/background","-primary","TGTGGTCAGACYGGTTCTCTGCTCTYRAAC","results/AHRpeaks_noAHREs.bed.fa/hocomoco/AHRpeaks_noAHREs.bed.fa","results/AHRpeaks_noAHREs.bed.fa/hocomoco/meme_out/meme.xml","results/AHRpeaks_noAHREs.bed.fa/hocomoco/meme_out/meme.xml","results/AHRpeaks_noAHREs.bed.fa/hocomoco/dreme_out/dreme.xml","/Users/filipov4/meme/db/motif_databases/HUMAN/HOCOMOCOv11_full_HUMAN_mono_meme_format.meme"],"options":{"seq_min_hit_score":7,"margin":150,"bin_size":1,"bin_pvalue_calc_range":150,"use_best_secondary":0,"seq_max_shared_fract":0.5,"seq_odds_ratio":20,"bin_pvalue_cutoff":0.05,"motif_evalue_cutoff":10,"redundant_overlap":2,"redundant_joint":0.5,"motif_pseudocount":0.1,"bgfile":"results/AHRpeaks_noAHREs.bed.fa/hocomoco/background","motif_trim":0.25,"xalph":0,"seed":1,"bin_max":7},"alphabet":{"name":"DNA","like":"dna","ncore":4,"symbols":[{"symbol":"A","name":"Adenine","colour":"CC0000","complement":"T"},{"symbol":"C","name":"Cytosine","colour":"0000CC","complement":"G"},{"symbol":"G","name":"Guanine","colour":"FFB300","complement":"C"},{"symbol":"T","aliases":"U","name":"Thymine","colour":"008000","complement":"A"},{"symbol":"N","aliases":"X.","name":"Any base","equals":"ACGT"},{"symbol":"V","name":"Not T","equals":"ACG"},{"symbol":"H","name":"Not G","equals":"ACT"},{"symbol":"D","name":"Not C","equals":"AGT"},{"symbol":"B","name":"Not A","equals":"CGT"},{"symbol":"M","name":"Amino","equals":"AC"},{"symbol":"R","name":"Purine","equals":"AG"},{"symbol":"W","name":"Weak","equals":"AT"},{"symbol":"S","name":"Strong","equals":"CG"},{"symbol":"Y","name":"Pyrimidine","equals":"CT"},{"symbol":"K","name":"Keto","equals":"GT"}]},"background":[0.2912,0.2088,0.2088,0.2912],"sequence_dbs":[{"source":"results/AHRpeaks_noAHREs.bed.fa/hocomoco/AHRpeaks_noAHREs.bed.fa","name":"AHRpeaks_noAHREs.bed","last_modified":"Thu May 24 11:14:28 2018","loaded":1228,"excluded_too_short":13,"excluded_no_match":1200,"excluded_ambigs":0,"excluded_similar":5,"erased_primary_matches":0}],"primary_dbs":[{"source":"results/AHRpeaks_noAHREs.bed.fa/hocomoco/meme_out/meme.xml","name":"meme.xml","last_modified":"Thu May 24 14:10:11 2018","loaded":6,"excluded":5}],"secondary_dbs":[{"source":"results/AHRpeaks_noAHREs.bed.fa/hocomoco/meme_out/meme.xml","name":"meme.xml","last_modified":"Thu May 24 14:10:11 2018","loaded":7,"excluded":1},{"source":"results/AHRpeaks_noAHREs.bed.fa/hocomoco/dreme_out/dreme.xml","name":"dreme.xml","last_modified":"Thu May 24 14:11:05 2018","loaded":8,"excluded":0},{"source":"/Users/filipov4/meme/db/motif_databases/HUMAN/HOCOMOCOv11_full_HUMAN_mono_meme_format.meme","name":"HOCOMOCOv11_full_HUMAN_mono_meme_format","last_modified":"Wed Dec  6 21:59:30 2017","loaded":771,"excluded":0}],"secondary_motifs":[{"db":0,"id":"GTCTATGTTCAGCDDTGCACRTATTGTCTT","alt":"MEME-7","len":30,"ltrim":0,"rtrim":0,"nsites":4,"evalue":"2.9e-005","pwm":[[0.00710244,0.00509269,0.980702,0.00710244],[0.00710244,0.00509269,0.00509269,0.982712],[0.00710244,0.980702,0.00509269,0.00710244],[0.00710244,0.00509269,0.00509269,0.982712],[0.982712,0.00509269,0.00509269,0.00710244],[0.00710244,0.00509269,0.00509269,0.982712],[0.00710244,0.00509269,0.980702,0.00710244],[0.00710244,0.248995,0.00509269,0.73881],[0.00710244,0.00509269,0.00509269,0.982712],[0.00710244,0.980702,0.00509269,0.00710244],[0.982712,0.00509269,0.00509269,0.00710244],[0.00710244,0.00509269,0.980702,0.00710244],[0.00710244,0.980702,0.00509269,0.00710244],[0.251005,0.00509269,0.248995,0.494907],[0.251005,0.00509269,0.492898,0.251005],[0.00710244,0.00509269,0.00509269,0.982712],[0.00710244,0.00509269,0.980702,0.00710244],[0.00710244,0.980702,0.00509269,0.00710244],[0.982712,0.00509269,0.00509269,0.00710244],[0.00710244,0.980702,0.00509269,0.00710244],[0.494907,0.00509269,0.492898,0.00710244],[0.00710244,0.00509269,0.00509269,0.982712],[0.73881,0.00509269,0.248995,0.00710244],[0.00710244,0.00509269,0.00509269,0.982712],[0.00710244,0.00509269,0.00509269,0.982712],[0.00710244,0.00509269,0.980702,0.00710244],[0.00710244,0.248995,0.00509269,0.73881],[0.00710244,0.980702,0.00509269,0.00710244],[0.00710244,0.00509269,0.00509269,0.982712],[0.00710244,0.00509269,0.00509269,0.982712]]},{"db":0,"id":"TGCCCTSAGGCW","alt":"MEME-3","len":12,"ltrim":0,"rtrim":0,"nsites":43,"evalue":"2.1e-004","pwm":[[0.0702808,0.139696,0.139696,0.650328],[0.139887,0.000484455,0.742944,0.116685],[0.000675638,0.650137,0.0932916,0.255896],[0.000675638,0.95176,0.000484455,0.0470797],[0.139887,0.835751,0.0236865,0.000675638],[0.000675638,0.302109,0.0700896,0.627126],[0.000675638,0.557329,0.441319,0.000675638],[0.789539,0.000484455,0.116494,0.0934828],[0.000675638,0.000484455,0.974962,0.0238777],[0.000675638,0.0468885,0.95176,0.000675638],[0.000675638,0.882155,0.116494,0.000675638],[0.3023,0.1861,0.000484455,0.511117]]},{"db":0,"id":"TNTTTKTTTTTDTTKTWKTTKBTTTT","alt":"MEME-1","len":26,"ltrim":0,"rtrim":0,"nsites":59,"evalue":"1.8e-034","pwm":[[0.000492724,0.0172736,0.0003533,0.98188],[0.169698,0.220319,0.288002,0.321982],[0.000492724,0.0172736,0.0003533,0.98188],[0.0512537,0.0680356,0.135717,0.744994],[0.000492724,0.0680356,0.0003533,0.931118],[0.135856,0.135717,0.338763,0.389664],[0.017413,0.101876,0.0680356,0.812675],[0.0343334,0.135717,0.169559,0.660391],[0.068175,0.0003533,0.152637,0.778835],[0.000492724,0.0680356,0.203399,0.728074],[0.135856,0.169559,0.0680356,0.626551],[0.321982,0.0680356,0.389525,0.220459],[0.135856,0.0003533,0.0003533,0.863437],[0.0343334,0.118797,0.0680356,0.778835],[0.000492724,0.186479,0.304922,0.508107],[0.203539,0.186479,0.118797,0.491186],[0.457345,0.101876,0.118797,0.321982],[0.102016,0.0003533,0.304922,0.592709],[0.0850953,0.203399,0.101876,0.609629],[0.000492724,0.0849559,0.203399,0.711152],[0.068175,0.0172736,0.541809,0.372743],[0.068175,0.355683,0.304922,0.27122],[0.203539,0.0511143,0.169559,0.575789],[0.000492724,0.118797,0.288002,0.592709],[0.305062,0.0003533,0.0003533,0.694232],[0.186618,0.0003533,0.118797,0.694232]]},{"db":1,"id":"CCTSAGGS","alt":"DREME-6","len":8,"ltrim":0,"rtrim":0,"nsites":49,"evalue":"5.5e-003","pwm":[[0.000593075,0.998389,0.000425255,0.000593075],[0.000593075,0.998389,0.000425255,0.000593075],[0.000593075,0.000425255,0.000425255,0.998556],[0.000593075,0.468857,0.529957,0.000593075],[0.998556,0.000425255,0.000425255,0.000593075],[0.000593075,0.000425255,0.998389,0.000593075],[0.000593075,0.000425255,0.998389,0.000593075],[0.000593075,0.529957,0.468857,0.000593075]]},{"db":1,"id":"CMCAG","alt":"DREME-5","len":5,"ltrim":0,"rtrim":0,"nsites":860,"evalue":"3.1e-005","pwm":[[3.38565e-05,0.999908,2.42763e-05,3.38565e-05],[0.555783,0.444159,2.42763e-05,3.38565e-05],[3.38565e-05,0.999908,2.42763e-05,3.38565e-05],[0.999918,2.42763e-05,2.42763e-05,3.38565e-05],[3.38565e-05,2.42763e-05,0.999908,3.38565e-05]]},{"db":1,"id":"HCGTGM","alt":"DREME-2","len":6,"ltrim":0,"rtrim":0,"nsites":171,"evalue":"2.8e-011","pwm":[[0.286553,0.339105,0.000122034,0.37422],[0.000170193,0.999538,0.000122034,0.000170193],[0.000170193,0.000122034,0.999538,0.000170193],[0.000170193,0.000122034,0.000122034,0.999586],[0.000170193,0.000122034,0.999538,0.000170193],[0.508645,0.491063,0.000122034,0.000170193]]},{"db":1,"id":"RYAAAYA","alt":"DREME-1","len":7,"ltrim":0,"rtrim":0,"nsites":625,"evalue":"1.2e-047","pwm":[[0.529562,3.34027e-05,0.470358,4.65845e-05],[4.65845e-05,0.494354,3.34027e-05,0.505566],[0.999887,3.34027e-05,3.34027e-05,4.65845e-05],[0.999887,3.34027e-05,3.34027e-05,4.65845e-05],[0.999887,3.34027e-05,3.34027e-05,4.65845e-05],[4.65845e-05,0.571142,3.34027e-05,0.428778],[0.999887,3.34027e-05,3.34027e-05,4.65845e-05]]},{"db":2,"id":"ANDR_HUMAN.H11MO.0.A","len":18,"ltrim":0,"rtrim":0,"nsites":499,"evalue":"1.0e+000","url":"http://hocomoco.autosome.ru/motif/ANDR_HUMAN.H11MO.0.A","pwm":[[0.148325,0.0701681,0.0361068,0.7454],[0.0621701,0.0481284,0.777441,0.11226],[0.068181,0.0661608,0.0140671,0.851591],[0.188397,0.172352,0.144302,0.494949],[0.078199,0.733362,0.0361068,0.152332],[0.122278,0.278543,0.0320995,0.567079],[0.180383,0.134283,0.196395,0.488938],[0.198415,0.178363,0.216431,0.40679],[0.176376,0.192388,0.222442,0.408794],[0.200419,0.256503,0.120258,0.422819],[0.0721882,0.0140671,0.0140671,0.899678],[0.254516,0.0300959,0.691286,0.0241016],[0.0281088,0.0220815,0.0200779,0.929732],[0.0180908,0.00605265,0.0982186,0.877638],[0.00807277,0.00805626,0.0641572,0.919714],[0.420816,0.0280923,0.494933,0.0561593],[0.0862134,0.524987,0.0481284,0.340671],[0.290581,0.158327,0.0541392,0.496953]]},{"db":2,"id":"ANDR_HUMAN.H11MO.1.A","len":16,"ltrim":0,"rtrim":1,"nsites":500,"evalue":"1.0e+000","url":"http://hocomoco.autosome.ru/motif/ANDR_HUMAN.H11MO.1.A","pwm":[[0.361986,0.024037,0.455951,0.158027],[0.108037,0.0260366,0.80788,0.0580466],[0.371984,0.21,0.223997,0.194019],[0.825893,0.0500318,0.0500318,0.0740434],[0.00205783,0.931855,0.0300358,0.036051],[0.697919,0.024037,0.0780262,0.200018],[0.126033,0.229996,0.351971,0.292],[5.82283e-05,4.17517e-05,0.383965,0.615935],[0.116035,0.355971,0.399962,0.128033],[0.146029,0.0660286,0.014039,0.773903],[0.00405743,0.0320354,0.961849,0.00205783],[0.086041,0.0420334,0.0220374,0.849888],[0.210016,0.170008,0.194003,0.425973],[0.0740434,0.805881,0.00604055,0.114035],[0.0920398,0.411959,0.014039,0.481962],[0.14203,0.261989,0.196003,0.399978]]},{"db":2,"id":"AP2A_HUMAN.H11MO.0.A","len":15,"ltrim":1,"rtrim":1,"nsites":500,"evalue":"1.0e+000","url":"http://hocomoco.autosome.ru/motif/AP2A_HUMAN.H11MO.0.A","pwm":[[0.416132,0.185369,0.193129,0.20537],[0.231129,0.0911441,0.134684,0.543043],[0.176784,0.0944216,0.470174,0.258621],[0.0108896,0.520543,0.431405,0.0371631],[5.82283e-05,0.999842,4.17517e-05,5.82283e-05],[5.82283e-05,0.900835,4.17517e-05,0.0990653],[0.0509866,0.111325,0.0128239,0.824865],[0.00189642,4.17517e-05,0.796449,0.201613],[0.535285,0.0386215,0.409196,0.0168974],[0.142189,4.17517e-05,0.855957,0.00181295],[5.82283e-05,4.17517e-05,0.999842,5.82283e-05],[0.0479134,0.556049,0.379963,0.016074],[0.308251,0.381601,0.0917632,0.218385],[0.512997,0.0934439,0.204259,0.1893],[0.238531,0.148905,0.208397,0.404167]]},{"db":2,"id":"AP2B_HUMAN.H11MO.0.B","len":10,"ltrim":0,"rtrim":1,"nsites":28,"evalue":"1.0e+000","url":"http://hocomoco.autosome.ru/motif/AP2B_HUMAN.H11MO.0.B","pwm":[[0.0404213,0.000743061,0.780567,0.178269],[0.0010363,0.646658,0.24493,0.107376],[0.0010363,0.961738,0.000743061,0.0364828],[0.115253,0.571826,0.000743061,0.312178],[0.0758679,0.0361896,0.886906,0.0010363],[0.327932,0.315823,0.355208,0.0010363],[0.0719294,0.0361896,0.85146,0.0404213],[0.0010363,0.000743061,0.997184,0.0010363],[0.191069,0.123821,0.675212,0.00989793],[0.222577,0.446779,0.253792,0.0768525]]},{"db":2,"id":"AP2C_HUMAN.H11MO.0.A","len":14,"ltrim":2,"rtrim":2,"nsites":500,"evalue":"1.0e+000","url":"http://hocomoco.autosome.ru/motif/AP2C_HUMAN.H11MO.0.A","pwm":[[0.387209,0.201032,0.269555,0.142205],[0.196094,0.123615,0.166409,0.513882],[0.184618,0.0997939,0.518368,0.19722],[0.00959112,0.50698,0.47184,0.0115889],[0.00386108,0.988127,0.00795326,5.82283e-05],[0.00192608,0.951674,0.00238613,0.0440137],[0.0500635,0.131882,0.0254138,0.792641],[0.0354154,4.17517e-05,0.917067,0.0474757],[0.554985,0.0254353,0.415796,0.00378414],[0.0734842,4.17517e-05,0.924445,0.00202864],[5.82283e-05,4.17517e-05,0.997959,0.00194133],[0.028984,0.618165,0.340991,0.0118599],[0.313922,0.351511,0.0971746,0.237393],[0.428248,0.170528,0.241662,0.159562]]},{"db":2,"id":"AP2D_HUMAN.H11MO.0.D","len":14,"ltrim":0,"rtrim":0,"nsites":5,"evalue":"1.0e+000","url":"http://hocomoco.autosome.ru/motif/AP2D_HUMAN.H11MO.0.D","pwm":[[0.233708,0.48289,0.232092,0.0513094],[0.0057098,0.00409412,0.984486,0.0057098],[0.0057098,0.619689,0.186493,0.188108],[0.0057098,0.984486,0.00409412,0.0057098],[0.0057098,0.596889,0.00409412,0.393307],[0.0057098,0.00409412,0.984486,0.0057098],[0.393307,0.232092,0.368891,0.0057098],[0.0057098,0.00409412,0.984486,0.0057098],[0.0057098,0.00409412,0.984486,0.0057098],[0.0057098,0.802088,0.186493,0.0057098],[0.188108,0.232092,0.391691,0.188108],[0.0057098,0.802088,0.186493,0.0057098],[0.0057098,0.186493,0.802088,0.0057098],[0.0513094,0.232092,0.0496938,0.666905]]},{"db":2,"id":"ARNT_HUMAN.H11MO.0.B","len":9,"ltrim":1,"rtrim":1,"nsites":500,"evalue":"1.0e+000","url":"http://hocomoco.autosome.ru/motif/ARNT_HUMAN.H11MO.0.B","pwm":[[0.152028,0.283985,0.429956,0.134031],[0.138031,0.074027,0.241993,0.545949],[0.701918,0.0300358,0.245993,0.0220538],[0.0100562,0.947852,0.00204135,0.0400502],[0.00605703,0.00204135,0.989844,0.00205783],[5.82283e-05,4.17517e-05,0.00204135,0.997859],[5.82283e-05,0.00604055,0.991843,0.00205783],[0.355987,0.525937,0.024037,0.0940394],[0.154027,0.501941,0.144013,0.200018]]},{"db":2,"id":"BARX1_HUMAN.H11MO.0.D","len":12,"ltrim":1,"rtrim":0,"nsites":461,"evalue":"1.0e+000","url":"http://hocomoco.autosome.ru/motif/BARX1_HUMAN.H11MO.0.D","pwm":[[0.0998246,0.362223,0.268967,0.268985],[0.364409,0.0130576,0.0434198,0.579113],[0.756949,0.184387,0.0455885,0.0130755],[0.95864,0.00221401,0.00872019,0.0304253],[0.0391002,0.0455885,0.297161,0.61815],[0.065125,0.0217326,0.427284,0.485858],[0.088981,0.147519,0.74175,0.0217504],[0.0456064,0.156194,0.0325762,0.765624],[0.0629562,0.0412511,0.0325762,0.863216],[0.017413,0.0217326,0.0434198,0.917435],[0.147537,0.329692,0.0716133,0.451158],[0.154043,0.260293,0.0781195,0.507545]]},{"db":2,"id":"BRAC_HUMAN.H11MO.1.B","len":11,"ltrim":1,"rtrim":1,"nsites":500,"evalue":"1.0e+000","url":"http://hocomoco.autosome.ru/motif/BRAC_HUMAN.H11MO.1.B","pwm":[[0.467965,0.0880242,0.21,0.234011],[0.248009,0.0380342,0.581925,0.132032],[0.0340514,0.253991,0.699902,0.0120558],[0.0140554,0.0100398,0.00404095,0.971864],[0.00605703,4.17517e-05,0.979846,0.0140554],[0.208017,0.00604055,0.11002,0.675923],[0.0240534,0.11002,0.761889,0.104037],[0.94187,0.0100398,0.044033,0.00405743],[0.695919,0.0100398,0.25799,0.036051],[0.509956,0.10802,0.235995,0.146029],[0.295999,0.114019,0.247992,0.34199]]},{"db":2,"id":"BRCA1_HUMAN.H11MO.0.D","len":9,"ltrim":1,"rtrim":0,"nsites":73,"evalue":"1.0e+000","url":"http://hocomoco.autosome.ru/motif/BRCA1_HUMAN.H11MO.0.D","pwm":[[0.14424,0.197216,0.290358,0.368186],[0.189616,0.000285636,0.275402,0.534697],[0.0283916,0.125296,0.153289,0.693024],[0.0563849,0.344425,0.481495,0.117695],[0.0283916,0.149921,0.450604,0.371083],[0.000398358,0.000285636,0.869562,0.129754],[0.000398358,0.0282789,0.000285636,0.971037],[0.000398358,0.000285636,0.000285636,0.99903],[0.0633832,0.0734104,0.827816,0.0353899]]},{"db":2,"id":"CEBPA_HUMAN.H11MO.0.A","len":12,"ltrim":1,"rtrim":1,"nsites":500,"evalue":"1.0e+000","url":"http://hocomoco.autosome.ru/motif/CEBPA_HUMAN.H11MO.0.A","pwm":[[0.230012,0.132015,0.365969,0.272004],[0.345989,0.182005,0.465949,0.00605703],[0.00805663,0.00404095,0.00604055,0.981862],[0.00205783,0.00204135,0.279986,0.715915],[0.158027,0.00804015,0.619918,0.214015],[0.176023,0.118018,0.116019,0.58994],[5.82283e-05,4.17517e-05,0.995843,0.00405743],[0.156027,0.771887,4.17517e-05,0.0720438],[0.983861,0.0100398,0.00204135,0.00405743],[0.98986,4.17517e-05,0.00804015,0.00205783],[0.0140554,0.297982,0.176007,0.511956],[0.319994,0.331975,0.221997,0.126033]]},{"db":2,"id":"CEBPB_HUMAN.H11MO.0.A","len":12,"ltrim":1,"rtrim":1,"nsites":454,"evalue":"1.0e+000","url":"http://hocomoco.autosome.ru/motif/CEBPB_HUMAN.H11MO.0.A","pwm":[[0.237897,0.0991431,0.352391,0.310568],[0.453709,0.132175,0.387626,0.02649],[6.41268e-05,0.00224814,0.00224814,0.99544],[6.41268e-05,4.59811e-05,0.299539,0.70035],[0.30176,0.00224814,0.513149,0.182843],[0.167428,0.259901,0.0815258,0.491145],[6.41268e-05,4.59811e-05,0.999826,6.41268e-05],[0.081544,0.898526,4.59811e-05,0.0198835],[0.999844,4.59811e-05,4.59811e-05,6.41268e-05],[0.999844,4.59811e-05,4.59811e-05,6.41268e-05],[6.41268e-05,0.244486,0.147591,0.60786],[0.370027,0.332572,0.182825,0.114576]]},{"db":2,"id":"CEBPD_HUMAN.H11MO.0.C","len":11,"ltrim":0,"rtrim":0,"nsites":500,"evalue":"1.0e+000","url":"http://hocomoco.autosome.ru/motif/CEBPD_HUMAN.H11MO.0.C","pwm":[[0.454467,0.232495,0.268488,0.0445493],[0.00255773,0.130516,0.0205377,0.846389],[0.00655693,0.0285361,0.0185381,0.946369],[0.0425497,0.0265365,0.812379,0.118535],[0.0165549,0.96035,0.0105397,0.0125557],[0.458467,0.120518,0.278486,0.14253],[0.122534,0.580426,0.0265365,0.270504],[0.59044,0.382465,0.00454085,0.0225537],[0.828393,0.0645289,0.0445329,0.0625457],[0.0240534,0.481945,0.178006,0.315995],[0.208017,0.487944,0.0720274,0.232012]]},{"db":2,"id":"CEBPE_HUMAN.H11MO.0.A","len":12,"ltrim":0,"rtrim":1,"nsites":812,"evalue":"1.0e+000","url":"http://hocomoco.autosome.ru/motif/CEBPE_HUMAN.H11MO.0.A","pwm":[[0.11229,0.107031,0.201586,0.579093],[3.58576e-05,2.57111e-05,0.0992337,0.900705],[0.227299,2.57111e-05,0.46549,0.307186],[0.0474329,0.570534,0.218066,0.163967],[0.0859568,2.57111e-05,0.913982,3.58576e-05],[0.320883,0.445732,0.00070552,0.232679],[0.846997,0.151404,0.00156334,3.58576e-05],[0.999913,2.57111e-05,2.57111e-05,3.58576e-05],[3.58576e-05,0.149701,0.0107569,0.839507],[0.264579,0.485646,0.0407414,0.209033],[0.212993,0.0703395,0.180691,0.535977],[0.112941,0.311437,0.205293,0.370329]]},{"db":2,"id":"COT1_HUMAN.H11MO.0.C","len":17,"ltrim":0,"rtrim":2,"nsites":500,"evalue":"1.0e+000","url":"http://hocomoco.autosome.ru/motif/COT1_HUMAN.H11MO.0.C","pwm":[[0.180022,0.146013,0.539934,0.134031],[0.288001,0.074027,0.549932,0.0880406],[0.248009,0.0780262,0.591923,0.0820418],[0.208017,0.118018,0.589924,0.0840414],[0.086041,0.150012,0.361969,0.401978],[0.132032,0.475947,0.289984,0.102038],[0.631932,0.112019,0.194003,0.0620458],[0.411976,0.0480322,0.523937,0.016055],[0.725913,4.17517e-05,0.269988,0.00405743],[0.0180546,4.17517e-05,0.911859,0.0700442],[0.016055,0.0100398,0.961849,0.0120558],[0.0100562,0.0780262,0.279986,0.631932],[0.066045,0.863869,0.0420334,0.0280526],[0.959866,0.00404095,0.0160386,0.0200542],[0.204017,0.126017,0.517938,0.152028],[0.226013,0.184005,0.493943,0.096039],[0.186021,0.168008,0.505941,0.14003]]},{"db":2,"id":"DLX1_HUMAN.H11MO.0.D","len":16,"ltrim":1,"rtrim":0,"nsites":16252,"evalue":"1.0e+000","url":"http://hocomoco.autosome.ru/motif/DLX1_HUMAN.H11MO.0.D","pwm":[[0.356832,0.136116,0.136793,0.370259],[0.452964,0.0963249,0.0763796,0.374331],[0.532742,0.057905,0.0766993,0.332654],[0.46403,0.0493462,0.0743762,0.412248],[0.339625,0.0394754,0.110197,0.510702],[0.22041,0.0722776,0.11822,0.589093],[0.562225,0.08969,0.152019,0.196066],[0.164777,0.141951,0.203084,0.490189],[0.12521,0.153758,0.584949,0.136083],[0.101867,0.460239,0.302961,0.134932],[0.220662,0.128848,0.000135557,0.650354],[0.992561,0.0030655,0.0043523,2.09735e-05],[0.996768,0.000738971,0.000854062,0.0016394],[0.0116507,0.010656,0.00950832,0.968185],[0.0369358,0.0356758,0.0740186,0.85337],[0.594043,0.108977,0.168692,0.128288]]},{"db":2,"id":"E2F2_HUMAN.H11MO.0.B","len":10,"ltrim":0,"rtrim":0,"nsites":8,"evalue":"1.0e+000","url":"http://hocomoco.autosome.ru/motif/E2F2_HUMAN.H11MO.0.B","pwm":[[0.156981,0.140999,0.67972,0.0223006],[0.00359506,0.00257778,0.990232,0.00359506],[0.00359506,0.78073,0.21208,0.00359506],[0.00359506,0.00257778,0.990232,0.00359506],[0.00359506,0.78073,0.137258,0.0784174],[0.00359506,0.0399889,0.952821,0.00359506],[0.662031,0.197116,0.137258,0.00359506],[0.871534,0.122293,0.00257778,0.00359506],[0.662031,0.00257778,0.0774001,0.257991],[0.0447473,0.732095,0.04373,0.179427]]},{"db":2,"id":"E2F3_HUMAN.H11MO.0.A","len":11,"ltrim":2,"rtrim":0,"nsites":500,"evalue":"1.0e+000","url":"http://hocomoco.autosome.ru/motif/E2F3_HUMAN.H11MO.0.A","pwm":[[0.375983,0.140014,0.208,0.276003],[0.262006,0.0460326,0.40996,0.282002],[0.126033,0.124017,0.675907,0.0740434],[0.0340514,0.00604055,0.955851,0.00405743],[0.124033,0.769888,0.0200378,0.086041],[0.152028,0.00404095,0.683905,0.160026],[0.096039,0.0200378,0.867868,0.016055],[0.0180546,0.0100398,0.95785,0.0140554],[0.833891,0.0380342,0.118018,0.0100562],[0.711916,0.0620294,0.200002,0.026053],[0.533951,0.11002,0.249992,0.106037]]},{"db":2,"id":"E2F4_HUMAN.H11MO.1.A","len":14,"ltrim":0,"rtrim":0,"nsites":500,"evalue":"1.0e+000","url":"http://hocomoco.autosome.ru/motif/E2F4_HUMAN.H11MO.1.A","pwm":[[0.106037,0.223997,0.647912,0.0220538],[0.0120558,0.0860246,0.901861,5.82283e-05],[0.0420498,0.931855,0.00804015,0.0180546],[0.0200542,0.00204135,0.963849,0.0140554],[0.0180546,0.245993,0.731895,0.00405743],[0.0320518,0.074027,0.871867,0.0220538],[0.749908,0.0980222,0.136015,0.016055],[0.717915,0.0620294,0.172007,0.0480486],[0.393979,0.132015,0.255991,0.218015],[0.224013,0.122017,0.200002,0.453967],[0.146029,0.204001,0.184005,0.465965],[0.130032,0.321977,0.202001,0.345989],[0.313995,0.176007,0.331975,0.178023],[0.471964,0.100022,0.315979,0.112036]]},{"db":2,"id":"E2F7_HUMAN.H11MO.0.B","len":13,"ltrim":0,"rtrim":3,"nsites":500,"evalue":"1.0e+000","url":"http://hocomoco.autosome.ru/motif/E2F7_HUMAN.H11MO.0.B","pwm":[[0.196019,0.148012,0.529936,0.126033],[0.337991,0.0320354,0.415959,0.214015],[0.14203,0.0820254,0.771887,0.00405743],[0.0440494,0.00404095,0.941853,0.0100562],[0.0840414,0.853871,0.00404095,0.0580466],[0.14003,0.0160386,0.813879,0.0300522],[0.0220538,0.0120394,0.95785,0.00805663],[0.204017,0.00604055,0.775887,0.0140554],[0.713915,0.00404095,0.275987,0.00605703],[0.603937,0.138014,0.239994,0.0180546],[0.427973,0.192003,0.223997,0.156027],[0.343989,0.0860246,0.355971,0.214015],[0.260006,0.152011,0.485945,0.102038]]},{"db":2,"id":"E2F8_HUMAN.H11MO.0.D","len":12,"ltrim":1,"rtrim":1,"nsites":28,"evalue":"1.0e+000","url":"http://hocomoco.autosome.ru/motif/E2F8_HUMAN.H11MO.0.D","pwm":[[0.232353,0.125298,0.160885,0.481463],[0.178972,0.107505,0.178679,0.534844],[0.0455203,0.116401,0.151989,0.68609],[0.303527,0.0185367,0.587932,0.0900043],[0.107798,0.000743061,0.6769,0.214559],[0.321321,0.463377,0.000743061,0.214559],[0.0010363,0.0363302,0.92601,0.0366235],[0.0010363,0.000743061,0.961597,0.0366235],[0.0010363,0.000743061,0.890423,0.107798],[0.68609,0.00963986,0.045227,0.259043],[0.579328,0.151989,0.0808142,0.187869],[0.436979,0.116401,0.151989,0.294631]]},{"db":2,"id":"EHF_HUMAN.H11MO.0.B","len":15,"ltrim":2,"rtrim":3,"nsites":500,"evalue":"1.0e+000","url":"http://hocomoco.autosome.ru/motif/EHF_HUMAN.H11MO.0.B","pwm":[[0.250008,0.208,0.383965,0.158027],[0.445969,0.156011,0.166009,0.232012],[0.843889,0.00604055,0.00804015,0.14203],[0.14203,0.449952,0.192003,0.216015],[0.194019,0.511939,0.293983,5.82283e-05],[0.753907,0.227996,0.0180382,5.82283e-05],[5.82283e-05,4.17517e-05,0.999842,5.82283e-05],[0.00205783,4.17517e-05,0.997842,5.82283e-05],[0.997859,4.17517e-05,0.00204135,5.82283e-05],[0.997859,4.17517e-05,4.17517e-05,0.00205783],[0.226013,0.00804015,0.765889,5.82283e-05],[0.0320518,0.184005,0.0420334,0.74191],[0.270004,0.102021,0.405961,0.222014],[0.250008,0.245993,0.40796,0.096039],[0.168025,0.35997,0.353971,0.118035]]},{"db":2,"id":"ELF1_HUMAN.H11MO.0.A","len":14,"ltrim":2,"rtrim":0,"nsites":500,"evalue":"1.0e+000","url":"http://hocomoco.autosome.ru/motif/ELF1_HUMAN.H11MO.0.A","pwm":[[0.250008,0.251991,0.401961,0.096039],[0.457967,0.152011,0.267988,0.122034],[0.573943,0.0880242,0.128016,0.210016],[0.218015,0.461949,0.190004,0.130032],[0.102038,0.677906,0.208,0.0120558],[0.299998,0.673907,0.0160386,0.0100562],[5.82283e-05,4.17517e-05,0.999842,5.82283e-05],[0.00605703,4.17517e-05,0.993843,5.82283e-05],[0.997859,4.17517e-05,4.17517e-05,0.00205783],[0.987861,4.17517e-05,0.00204135,0.0100562],[0.116035,0.0320354,0.839874,0.0120558],[0.136031,0.164009,0.044033,0.655927],[0.158027,0.156011,0.577926,0.108037],[0.126033,0.339974,0.461949,0.0720438]]},{"db":2,"id":"ELF2_HUMAN.H11MO.0.C","len":13,"ltrim":3,"rtrim":0,"nsites":500,"evalue":"1.0e+000","url":"http://hocomoco.autosome.ru/motif/ELF2_HUMAN.H11MO.0.C","pwm":[[0.39198,0.152011,0.317978,0.138031],[0.48996,0.102021,0.217998,0.19002],[0.311996,0.317978,0.297982,0.0720438],[0.0720438,0.615919,0.291983,0.0200542],[0.232012,0.739894,0.014039,0.0140554],[0.00805663,4.17517e-05,0.985845,0.00605703],[0.0120558,0.00804015,0.977846,0.00205783],[0.973863,0.0100398,0.00804015,0.00805663],[0.979862,0.00204135,0.00804015,0.0100562],[0.086041,0.014039,0.889864,0.0100562],[0.130032,0.208,0.104021,0.557947],[0.196019,0.142013,0.551931,0.110036],[0.313995,0.192003,0.433955,0.0600462]]},{"db":2,"id":"ELF3_HUMAN.H11MO.0.A","len":14,"ltrim":2,"rtrim":2,"nsites":500,"evalue":"1.0e+000","url":"http://hocomoco.autosome.ru/motif/ELF3_HUMAN.H11MO.0.A","pwm":[[0.297999,0.170008,0.389964,0.14203],[0.447969,0.152011,0.188004,0.212016],[0.869884,0.00604055,0.0280362,0.096039],[0.146029,0.411959,0.233995,0.208017],[0.272004,0.385965,0.341973,5.82283e-05],[0.915875,0.064029,0.0160386,0.00405743],[0.00205783,4.17517e-05,0.983845,0.0140554],[5.82283e-05,0.00604055,0.991843,0.00205783],[0.98986,4.17517e-05,0.0100398,5.82283e-05],[0.977863,4.17517e-05,0.0100398,0.0120558],[0.297999,0.0180382,0.681905,0.00205783],[0.0400502,0.148012,0.0520314,0.759906],[0.351988,0.064029,0.397962,0.186021],[0.258007,0.204001,0.425957,0.112036]]},{"db":2,"id":"ELF5_HUMAN.H11MO.0.A","len":15,"ltrim":3,"rtrim":2,"nsites":500,"evalue":"1.0e+000","url":"http://hocomoco.autosome.ru/motif/ELF5_HUMAN.H11MO.0.A","pwm":[[0.254007,0.221997,0.405961,0.118035],[0.216015,0.202001,0.491943,0.0900402],[0.467965,0.168008,0.263989,0.100038],[0.799898,0.0220374,0.074027,0.104037],[0.144029,0.30798,0.369968,0.178023],[0.184021,0.365969,0.443953,0.00605703],[0.683921,0.25799,0.0500318,0.00805663],[5.82283e-05,4.17517e-05,0.999842,5.82283e-05],[0.00605703,0.00204135,0.991843,5.82283e-05],[0.99186,4.17517e-05,0.00604055,0.00205783],[0.981862,0.00604055,0.00604055,0.00605703],[0.150028,0.0180382,0.827876,0.00405743],[0.158027,0.154011,0.124017,0.563945],[0.258007,0.120018,0.475947,0.146029],[0.280002,0.219998,0.395963,0.104037]]},{"db":2,"id":"EPAS1_HUMAN.H11MO.0.B","len":9,"ltrim":1,"rtrim":1,"nsites":500,"evalue":"1.0e+000","url":"http://hocomoco.autosome.ru/motif/EPAS1_HUMAN.H11MO.0.B","pwm":[[0.230012,0.255991,0.445953,0.0680446],[0.166025,0.0700278,0.243993,0.519954],[0.865885,0.0200378,0.10802,0.00605703],[0.0200542,0.911859,0.0260366,0.0420498],[0.016055,0.0100398,0.969848,0.00405743],[5.82283e-05,4.17517e-05,0.00204135,0.997859],[5.82283e-05,4.17517e-05,0.997842,0.00205783],[0.373983,0.469948,0.0600298,0.096039],[0.160026,0.489944,0.134015,0.216015]]},{"db":2,"id":"ERG_HUMAN.H11MO.0.A","len":13,"ltrim":1,"rtrim":0,"nsites":500,"evalue":"1.0e+000","url":"http://hocomoco.autosome.ru/motif/ERG_HUMAN.H11MO.0.A","pwm":[[0.337991,0.152011,0.35997,0.150028],[0.307997,0.156011,0.45795,0.0780426],[0.435971,0.0520314,0.455951,0.056047],[0.102038,0.55993,0.333975,0.00405743],[0.865885,0.116019,0.0160386,0.00205783],[0.00405743,0.00404095,0.985845,0.00605703],[0.00605703,0.00404095,0.989844,5.82283e-05],[0.975863,0.0100398,0.0100398,0.00405743],[0.935871,0.00204135,0.0220374,0.0400502],[0.204017,0.0160386,0.777886,0.00205783],[0.102038,0.30998,0.174007,0.413975],[0.224013,0.16001,0.513939,0.102038],[0.262006,0.134015,0.539934,0.0640454]]},{"db":2,"id":"ETS1_HUMAN.H11MO.0.A","len":13,"ltrim":2,"rtrim":0,"nsites":500,"evalue":"1.0e+000","url":"http://hocomoco.autosome.ru/motif/ETS1_HUMAN.H11MO.0.A","pwm":[[0.367985,0.178006,0.341973,0.112036],[0.260006,0.182005,0.471947,0.086041],[0.479962,0.0680282,0.423957,0.0280526],[0.128033,0.637914,0.227996,0.00605703],[0.615935,0.349972,0.034035,5.82283e-05],[0.00405743,4.17517e-05,0.993843,0.00205783],[0.0120558,0.00604055,0.979846,0.00205783],[0.99186,0.00604055,4.17517e-05,0.00205783],[0.827893,0.0100398,0.00404095,0.158027],[0.184021,0.0100398,0.805881,5.82283e-05],[0.0840414,0.188004,0.0580302,0.669924],[0.130032,0.112019,0.633915,0.124033],[0.138031,0.126017,0.627916,0.108037]]},{"db":2,"id":"ETS2_HUMAN.H11MO.0.B","len":13,"ltrim":3,"rtrim":0,"nsites":500,"evalue":"1.0e+000","url":"http://hocomoco.autosome.ru/motif/ETS2_HUMAN.H11MO.0.B","pwm":[[0.230012,0.140014,0.435955,0.194019],[0.317995,0.146013,0.345973,0.19002],[0.321994,0.279986,0.297982,0.100038],[0.473963,0.0760266,0.365969,0.0840414],[0.19202,0.00804015,0.751891,0.0480486],[0.00405743,0.0100398,0.967848,0.0180546],[0.981862,0.0160386,4.17517e-05,0.00205783],[0.953867,0.0180382,0.024037,0.00405743],[0.381982,0.084025,0.519938,0.0140554],[0.39198,0.261989,0.198002,0.148029],[0.421974,0.0480322,0.45995,0.0700442],[0.329992,0.0860246,0.495943,0.0880406],[0.495959,0.100022,0.319978,0.0840414]]},{"db":2,"id":"ETV1_HUMAN.H11MO.0.A","len":11,"ltrim":2,"rtrim":0,"nsites":500,"evalue":"1.0e+000","url":"http://hocomoco.autosome.ru/motif/ETV1_HUMAN.H11MO.0.A","pwm":[[0.150028,0.243993,0.483945,0.122034],[0.329992,0.134015,0.405961,0.130032],[0.0420498,0.813879,0.144013,5.82283e-05],[0.216015,0.765889,0.00204135,0.016055],[0.00405743,4.17517e-05,0.995843,5.82283e-05],[5.82283e-05,4.17517e-05,0.999842,5.82283e-05],[0.997859,4.17517e-05,0.00204135,5.82283e-05],[0.929872,0.00404095,4.17517e-05,0.066045],[0.076043,0.0360346,0.867868,0.0200542],[0.0880406,0.303981,0.142013,0.465965],[0.194019,0.148012,0.525937,0.132032]]},{"db":2,"id":"ETV2_HUMAN.H11MO.0.B","len":16,"ltrim":2,"rtrim":1,"nsites":229,"evalue":"1.0e+000","url":"http://hocomoco.autosome.ru/motif/ETV2_HUMAN.H11MO.0.B","pwm":[[0.32313,0.174687,0.353649,0.148534],[0.301306,0.174687,0.436582,0.0874252],[0.58066,0.135403,0.205242,0.0786954],[0.528281,0.0611998,0.384203,0.0263165],[0.5632,0.0393753,0.388568,0.00885692],[0.0263165,0.873072,0.0917542,0.00885692],[0.890568,0.104849,9.11393e-05,0.00449201],[0.000127106,9.11393e-05,0.999655,0.000127106],[0.000127106,0.00445605,0.99529,0.000127106],[0.986596,9.11393e-05,0.0131859,0.000127106],[0.929852,9.11393e-05,9.11393e-05,0.0699656],[0.475902,0.0175508,0.50642,0.000127106],[0.0568709,0.323094,0.0568349,0.5632],[0.34932,0.135403,0.406027,0.10925],[0.10925,0.261986,0.567529,0.0612358],[0.174723,0.288175,0.436582,0.10052]]},{"db":2,"id":"ETV4_HUMAN.H11MO.0.B","len":11,"ltrim":2,"rtrim":2,"nsites":500,"evalue":"1.0e+000","url":"http://hocomoco.autosome.ru/motif/ETV4_HUMAN.H11MO.0.B","pwm":[[0.335991,0.233995,0.329976,0.100038],[0.383981,0.134015,0.319978,0.162026],[0.136031,0.60992,0.233995,0.0200542],[0.955867,0.0100398,0.0200378,0.0140554],[0.00605703,0.00204135,0.975847,0.016055],[0.016055,0.0260366,0.95785,5.82283e-05],[0.923873,0.0160386,0.0500318,0.0100562],[0.869884,0.014039,0.0460326,0.0700442],[0.307997,0.0220374,0.587924,0.0820418],[0.138031,0.178006,0.345973,0.337991],[0.288001,0.132015,0.413959,0.166025]]},{"db":2,"id":"ETV5_HUMAN.H11MO.0.C","len":14,"ltrim":1,"rtrim":1,"nsites":500,"evalue":"1.0e+000","url":"http://hocomoco.autosome.ru/motif/ETV5_HUMAN.H11MO.0.C","pwm":[[0.327993,0.180006,0.381965,0.110036],[0.455967,0.0880242,0.327976,0.128033],[0.297999,0.0980222,0.493943,0.110036],[0.200018,0.417958,0.345973,0.036051],[0.83989,0.0360346,0.084025,0.0400502],[0.016055,0.00604055,0.961849,0.016055],[0.0440494,0.0160386,0.935855,0.00405743],[0.793899,0.0680282,0.102021,0.036051],[0.945869,0.00604055,0.0120394,0.036051],[0.371984,0.0620294,0.547932,0.0180546],[0.228013,0.100022,0.231995,0.43997],[0.218015,0.106021,0.537934,0.138031],[0.405977,0.120018,0.385965,0.0880406],[0.272004,0.215999,0.373967,0.138031]]},{"db":2,"id":"ETV6_HUMAN.H11MO.0.D","len":9,"ltrim":1,"rtrim":1,"nsites":500,"evalue":"1.0e+000","url":"http://hocomoco.autosome.ru/motif/ETV6_HUMAN.H11MO.0.D","pwm":[[0.373983,0.16001,0.303981,0.162026],[0.126033,0.573927,0.269988,0.0300522],[0.915875,0.0100398,0.00404095,0.0700442],[0.00605703,4.17517e-05,0.991843,0.00205783],[0.00405743,0.0100398,0.977846,0.00805663],[0.885881,0.0660286,0.0480322,5.82283e-05],[0.917875,0.00604055,0.0220374,0.0540474],[0.38998,0.0180382,0.503941,0.0880406],[0.122034,0.130016,0.329976,0.417975]]},{"db":2,"id":"FEV_HUMAN.H11MO.0.B","len":10,"ltrim":0,"rtrim":0,"nsites":498,"evalue":"1.0e+000","url":"http://hocomoco.autosome.ru/motif/FEV_HUMAN.H11MO.0.B","pwm":[[0.224913,0.20482,0.520018,0.0502492],[0.255027,0.530056,0.134553,0.0803636],[0.281127,0.321263,0.355392,0.0422187],[0.317264,0.0120877,0.658544,0.0121042],[0.0321805,0.00606481,0.947643,0.0141119],[0.967736,0.0221258,0.00405718,0.00608135],[0.672614,0.0582632,0.250996,0.0181271],[0.186768,0.132545,0.602331,0.078356],[0.154646,0.387514,0.0883776,0.369462],[0.0723331,0.230919,0.584262,0.112486]]},{"db":2,"id":"FLI1_HUMAN.H11MO.1.A","len":13,"ltrim":1,"rtrim":0,"nsites":500,"evalue":"1.0e+000","url":"http://hocomoco.autosome.ru/motif/FLI1_HUMAN.H11MO.1.A","pwm":[[0.375983,0.148012,0.347972,0.128033],[0.325993,0.084025,0.497942,0.0920398],[0.451968,0.0180382,0.483945,0.046049],[0.168025,0.549932,0.271987,0.0100562],[0.817895,0.16001,0.0120394,0.0100562],[0.00205783,0.00204135,0.993843,0.00205783],[0.0100562,0.00404095,0.983845,0.00205783],[0.985861,0.00604055,0.00404095,0.00405743],[0.963865,0.00404095,0.00804015,0.0240534],[0.244009,0.00604055,0.739894,0.0100562],[0.102038,0.295983,0.217998,0.383981],[0.266005,0.196003,0.427956,0.110036],[0.246009,0.10802,0.503941,0.14203]]},{"db":2,"id":"FOXA2_HUMAN.H11MO.0.A","len":12,"ltrim":0,"rtrim":1,"nsites":500,"evalue":"1.0e+000","url":"http://hocomoco.autosome.ru/motif/FOXA2_HUMAN.H11MO.0.A","pwm":[[0.016055,4.17517e-05,0.00204135,0.981862],[0.196019,0.00204135,0.799882,0.00205783],[5.82283e-05,0.00404095,4.17517e-05,0.995859],[0.00205783,4.17517e-05,0.044033,0.953867],[5.82283e-05,4.17517e-05,0.144013,0.855887],[0.757907,4.17517e-05,0.235995,0.00605703],[0.00805663,0.887864,0.00204135,0.102038],[0.401978,0.122017,4.17517e-05,0.475963],[0.0440494,0.40996,0.120018,0.425973],[0.563945,0.00804015,0.0400338,0.387981],[0.19002,0.0960226,0.549932,0.164025],[0.128033,0.35797,0.281985,0.232012]]},{"db":2,"id":"FOXA3_HUMAN.H11MO.0.B","len":13,"ltrim":2,"rtrim":0,"nsites":500,"evalue":"1.0e+000","url":"http://hocomoco.autosome.ru/motif/FOXA3_HUMAN.H11MO.0.B","pwm":[[0.158027,0.465949,0.215999,0.160026],[0.228013,0.249992,0.0780262,0.443969],[0.0120558,4.17517e-05,0.00604055,0.981862],[0.246009,0.00804015,0.737894,0.00805663],[0.00805663,0.0220374,0.014039,0.955867],[0.00605703,4.17517e-05,0.0360346,0.957867],[0.00805663,4.17517e-05,0.271987,0.719914],[0.855887,0.00604055,0.114019,0.0240534],[0.00405743,0.873867,0.0220374,0.100038],[0.367985,0.152011,0.00804015,0.471964],[0.0940394,0.231995,0.106021,0.567945],[0.425973,0.014039,0.054031,0.505957],[0.154027,0.116019,0.577926,0.152028]]},{"db":2,"id":"FOXD3_HUMAN.H11MO.0.D","len":15,"ltrim":2,"rtrim":3,"nsites":465,"evalue":"1.0e+000","url":"http://hocomoco.autosome.ru/motif/FOXD3_HUMAN.H11MO.0.D","pwm":[[0.157018,0.176351,0.298905,0.367725],[0.118317,0.217202,0.266654,0.397827],[0.135517,0.00649512,0.0559469,0.802041],[0.038764,0.0688473,0.872975,0.0194133],[0.0925158,0.0516467,0.0365962,0.819241],[0.0366139,0.111849,0.0494966,0.802041],[0.0538145,4.48936e-05,0.0946482,0.851492],[0.339775,0.200002,0.225803,0.234421],[0.0581146,0.599916,0.0623971,0.279572],[0.294623,0.202152,0.0408963,0.462329],[0.109716,0.223653,0.0709974,0.595633],[0.404277,0.0473465,0.14625,0.402127],[0.230121,0.14195,0.42791,0.20002],[0.101116,0.363408,0.348357,0.187119],[0.356975,0.292455,0.111849,0.238721]]},{"db":2,"id":"FOXF1_HUMAN.H11MO.0.D","len":11,"ltrim":1,"rtrim":0,"nsites":8,"evalue":"1.0e+000","url":"http://hocomoco.autosome.ru/motif/FOXF1_HUMAN.H11MO.0.D","pwm":[[0.413907,0.151452,0.151452,0.283188],[0.00359506,0.00257778,0.00257778,0.991249],[0.134314,0.00257778,0.859513,0.00359506],[0.00359506,0.00257778,0.00257778,0.991249],[0.00359506,0.00257778,0.00257778,0.991249],[0.00359506,0.00257778,0.00257778,0.991249],[0.729811,0.0679373,0.198656,0.00359506],[0.00359506,0.133297,0.00257778,0.86053],[0.0217505,0.151452,0.151452,0.675345],[0.265033,0.169608,0.00257778,0.562782],[0.432063,0.00257778,0.0388886,0.526471]]},{"db":2,"id":"FOXF2_HUMAN.H11MO.0.D","len":11,"ltrim":0,"rtrim":0,"nsites":26,"evalue":"1.0e+000","url":"http://hocomoco.autosome.ru/motif/FOXF2_HUMAN.H11MO.0.D","pwm":[[0.0163091,0.0159934,0.0159934,0.951704],[0.146779,0.000800001,0.820919,0.0315024],[0.00111571,0.000800001,0.0311867,0.966898],[0.122663,0.000800001,0.000800001,0.875737],[0.122663,0.000800001,0.0311867,0.845351],[0.770698,0.000800001,0.227387,0.00111571],[0.00111571,0.78244,0.0311867,0.185258],[0.284712,0.255831,0.0594697,0.399988],[0.0416179,0.0413022,0.0109155,0.906164],[0.481032,0.000800001,0.0311867,0.486981],[0.254325,0.0109155,0.357227,0.377532]]},{"db":2,"id":"FOXG1_HUMAN.H11MO.0.D","len":17,"ltrim":1,"rtrim":0,"nsites":310,"evalue":"1.0e+000","url":"http://hocomoco.autosome.ru/motif/FOXG1_HUMAN.H11MO.0.D","pwm":[[0.358379,0.15223,0.184554,0.304838],[0.150408,0.111037,0.121197,0.617357],[0.0332517,0.0359944,0.0297148,0.901039],[0.102429,0.0200176,0.857509,0.0200442],[9.39051e-05,0.0032071,0.00948662,0.987212],[9.39051e-05,6.73332e-05,0.231864,0.767975],[0.00341895,6.73332e-05,0.0926128,0.903901],[0.687432,0.164261,0.108497,0.0398092],[0.0396239,0.353223,0.025556,0.581597],[0.309128,0.0957526,0.292271,0.302849],[0.191094,0.070995,0.118647,0.619264],[0.366395,0.0569537,0.178498,0.398153],[0.0616461,0.0549694,0.0200614,0.863323],[0.313884,0.0397313,0.316256,0.330129],[0.0491333,0.0747807,0.0882662,0.78782],[0.238744,0.0549231,0.078569,0.627764],[0.0828908,0.134397,0.197018,0.585694]]},{"db":2,"id":"FOXJ3_HUMAN.H11MO.0.A","len":13,"ltrim":1,"rtrim":0,"nsites":626,"evalue":"1.0e+000","url":"http://hocomoco.autosome.ru/motif/FOXJ3_HUMAN.H11MO.0.A","pwm":[[0.194111,0.146481,0.164697,0.49471],[4.65101e-05,3.33493e-05,3.33493e-05,0.999887],[0.0829683,3.33493e-05,0.914268,0.00273063],[0.00112016,3.33493e-05,3.33493e-05,0.998813],[4.65101e-05,3.33493e-05,3.33493e-05,0.999887],[0.00887931,3.33493e-05,0.175698,0.815389],[0.818158,3.33493e-05,0.0369544,0.144854],[4.65101e-05,0.0711346,3.33493e-05,0.928786],[0.11331,3.33493e-05,0.430175,0.456482],[0.0440612,3.33493e-05,0.325661,0.630245],[0.0528197,3.33493e-05,0.0291501,0.917997],[0.00591122,0.0101672,0.0168382,0.967083],[0.35851,0.0704009,0.138469,0.43262]]},{"db":2,"id":"FOXJ3_HUMAN.H11MO.1.B","len":13,"ltrim":0,"rtrim":0,"nsites":613,"evalue":"1.0e+000","url":"http://hocomoco.autosome.ru/motif/FOXJ3_HUMAN.H11MO.1.B","pwm":[[0.126265,0.100128,0.122347,0.65126],[0.0348007,3.40565e-05,0.390458,0.574707],[0.0300393,3.40565e-05,0.51609,0.453837],[4.74963e-05,3.40565e-05,3.40565e-05,0.999884],[0.0547374,3.40565e-05,0.11534,0.829889],[0.396792,3.40565e-05,0.115349,0.487824],[0.356264,0.0774995,3.40565e-05,0.566202],[4.74963e-05,3.40565e-05,3.40565e-05,0.999884],[0.163665,3.40565e-05,0.836254,4.74963e-05],[4.74963e-05,3.40565e-05,3.40565e-05,0.999884],[4.74963e-05,3.40565e-05,3.40565e-05,0.999884],[4.74963e-05,3.40565e-05,0.012709,0.987209],[0.645558,0.104693,0.11695,0.132798]]},{"db":2,"id":"FOXK1_HUMAN.H11MO.0.A","len":10,"ltrim":0,"rtrim":0,"nsites":500,"evalue":"1.0e+000","url":"http://hocomoco.autosome.ru/motif/FOXK1_HUMAN.H11MO.0.A","pwm":[[0.0200542,0.00804015,0.0100398,0.961866],[0.076043,0.0200378,0.895863,0.00805663],[0.00605703,0.0860246,0.0200378,0.887881],[0.00205783,0.0100398,0.100022,0.887881],[0.0200542,0.0200378,0.166009,0.793899],[0.49196,0.251991,0.0620294,0.194019],[0.0240534,0.655911,0.0400338,0.280002],[0.303997,0.233995,0.11002,0.351988],[0.154027,0.211999,0.150012,0.483961],[0.116035,0.227996,0.144013,0.511956]]},{"db":2,"id":"FOXM1_HUMAN.H11MO.0.A","len":12,"ltrim":0,"rtrim":2,"nsites":500,"evalue":"1.0e+000","url":"http://hocomoco.autosome.ru/motif/FOXM1_HUMAN.H11MO.0.A","pwm":[[0.056047,0.024037,0.034035,0.885881],[0.252008,0.0220374,0.715899,0.0100562],[0.026053,0.0300358,0.0560306,0.887881],[5.82283e-05,0.0680282,0.0620294,0.869884],[0.00205783,0.00204135,0.0720274,0.923873],[0.319994,0.054031,0.587924,0.0380506],[0.074043