<!DOCTYPE HTML>
<html>
  <head>
    <meta charset="UTF-8">
    <title>SpaMo - Spaced Motif Analysis</title>
    <script type="text/javascript">
      //@JSON_VAR data
      var data = {"program":"SpaMo","version":"4.12.0","revision":"aacc9c3eb8c7b460b344d5c8aa1458097dae704d","release":"Tue Jun 27 16:22:50 2017 -0700","host":"Sudins-iMac.local","when":"Thu May 24 14:30:20 2018","cmd":["spamo","-verbosity","1","-oc","results/AHRpeaks_not-in-DHSs.bed-499.fa/jaspar/spamo_out_4","-bgfile","results/AHRpeaks_not-in-DHSs.bed-499.fa/jaspar/background","-primary","YTTGCRTGRCAAARGKAASAG","results/AHRpeaks_not-in-DHSs.bed-499.fa/jaspar/AHRpeaks_not-in-DHSs.bed-499.fa","results/AHRpeaks_not-in-DHSs.bed-499.fa/jaspar/meme_out/meme.xml","results/AHRpeaks_not-in-DHSs.bed-499.fa/jaspar/meme_out/meme.xml","/Users/filipov4/meme/db/motif_databases/JASPAR/JASPAR2018_CORE_non-redundant.meme"],"options":{"seq_min_hit_score":7,"margin":150,"bin_size":1,"bin_pvalue_calc_range":150,"use_best_secondary":0,"seq_max_shared_fract":0.5,"seq_odds_ratio":20,"bin_pvalue_cutoff":0.05,"motif_evalue_cutoff":10,"redundant_overlap":2,"redundant_joint":0.5,"motif_pseudocount":0.1,"bgfile":"results/AHRpeaks_not-in-DHSs.bed-499.fa/jaspar/background","motif_trim":0.25,"xalph":0,"seed":1,"bin_max":3},"alphabet":{"name":"DNA","like":"dna","ncore":4,"symbols":[{"symbol":"A","name":"Adenine","colour":"CC0000","complement":"T"},{"symbol":"C","name":"Cytosine","colour":"0000CC","complement":"G"},{"symbol":"G","name":"Guanine","colour":"FFB300","complement":"C"},{"symbol":"T","aliases":"U","name":"Thymine","colour":"008000","complement":"A"},{"symbol":"N","aliases":"X.","name":"Any base","equals":"ACGT"},{"symbol":"V","name":"Not T","equals":"ACG"},{"symbol":"H","name":"Not G","equals":"ACT"},{"symbol":"D","name":"Not C","equals":"AGT"},{"symbol":"B","name":"Not A","equals":"CGT"},{"symbol":"M","name":"Amino","equals":"AC"},{"symbol":"R","name":"Purine","equals":"AG"},{"symbol":"W","name":"Weak","equals":"AT"},{"symbol":"S","name":"Strong","equals":"CG"},{"symbol":"Y","name":"Pyrimidine","equals":"CT"},{"symbol":"K","name":"Keto","equals":"GT"}]},"background":[0.2976,0.2024,0.2024,0.2976],"sequence_dbs":[{"source":"results/AHRpeaks_not-in-DHSs.bed-499.fa/jaspar/AHRpeaks_not-in-DHSs.bed-499.fa","name":"AHRpeaks_not-in-DHSs.bed-499","last_modified":"Thu May 24 11:14:35 2018","loaded":42,"excluded_too_short":0,"excluded_no_match":34,"excluded_ambigs":0,"excluded_similar":1,"erased_primary_matches":0}],"primary_dbs":[{"source":"results/AHRpeaks_not-in-DHSs.bed-499.fa/jaspar/meme_out/meme.xml","name":"meme.xml","last_modified":"Thu May 24 14:29:42 2018","loaded":6,"excluded":5}],"secondary_dbs":[{"source":"results/AHRpeaks_not-in-DHSs.bed-499.fa/jaspar/meme_out/meme.xml","name":"meme.xml","last_modified":"Thu May 24 14:29:42 2018","loaded":7,"excluded":1},{"source":"/Users/filipov4/meme/db/motif_databases/JASPAR/JASPAR2018_CORE_non-redundant.meme","name":"JASPAR2018_CORE_non-redundant","last_modified":"Thu Dec  7 14:38:42 2017","loaded":1404,"excluded":0}],"secondary_motifs":[{"db":0,"id":"WGYMRSGYACACASRC","alt":"MEME-6","len":16,"ltrim":0,"rtrim":0,"nsites":6,"evalue":"4.9e+003","pwm":[[0.660617,0.00331804,0.00331804,0.332747],[0.00487869,0.00331804,0.986925,0.00487869],[0.00487869,0.495121,0.167253,0.332747],[0.660617,0.331187,0.00331804,0.00487869],[0.332747,0.00331804,0.659056,0.00487869],[0.168813,0.331187,0.495121,0.00487869],[0.00487869,0.00331804,0.82299,0.168813],[0.00487869,0.331187,0.167253,0.496682],[0.988485,0.00331804,0.00331804,0.00487869],[0.168813,0.659056,0.167253,0.00487869],[0.988485,0.00331804,0.00331804,0.00487869],[0.00487869,0.986925,0.00331804,0.00487869],[0.988485,0.00331804,0.00331804,0.00487869],[0.00487869,0.331187,0.659056,0.00487869],[0.496682,0.00331804,0.495121,0.00487869],[0.00487869,0.986925,0.00331804,0.00487869]]},{"db":1,"id":"MA0030.1","alt":"FOXF2","len":14,"ltrim":0,"rtrim":1,"nsites":27,"url":"http://jaspar2018.genereg.net/matrix/MA0030.1","pwm":[[0.0379985,0.36975,0.259049,0.333201],[0.370101,0.259049,0.185249,0.1856],[0.628405,0.148348,0.0745475,0.148699],[0.463671,0.178659,0.178659,0.17901],[0.136959,0.498902,0.363041,0.00109815],[0.2594,0.000746864,0.738755,0.00109815],[0.00109815,0.000746864,0.000746864,0.997408],[0.997408,0.000746864,0.000746864,0.00109815],[0.997408,0.000746864,0.000746864,0.00109815],[0.997408,0.000746864,0.000746864,0.00109815],[0.00109815,0.923256,0.000746864,0.0748988],[0.997408,0.000746864,0.000746864,0.00109815],[0.591504,0.148348,0.0745475,0.1856],[0.2594,0.148348,0.222149,0.370101]]},{"db":1,"id":"MA0031.1","alt":"FOXD1","len":8,"ltrim":0,"rtrim":1,"nsites":20,"url":"http://jaspar2018.genereg.net/matrix/MA0031.1","pwm":[[0.0512318,0.0507582,0.846778,0.0512318],[0.0014806,0.00100697,0.00100697,0.996505],[0.946754,0.0507582,0.00100697,0.0014806],[0.996505,0.00100697,0.00100697,0.0014806],[0.897003,0.0507582,0.0507582,0.0014806],[0.0512318,0.896529,0.00100697,0.0512318],[0.996505,0.00100697,0.00100697,0.0014806],[0.349739,0.100509,0.150261,0.399491]]},{"db":1,"id":"MA0032.2","alt":"FOXC1","len":11,"ltrim":0,"rtrim":0,"nsites":19566,"url":"http://jaspar2018.genereg.net/matrix/MA0032.2","pwm":[[0.329756,0.0394568,0.015538,0.615249],[0.695237,0.0353359,0.202155,0.0672732],[0.344387,0.0876136,0.105677,0.462323],[0.257364,0.0178009,0.722131,0.00270351],[0.108395,0.0717427,0.0169379,0.802924],[0.706923,0.289518,0.00113303,0.00242651],[0.991151,0.005791,1.03444e-06,0.00305751],[0.983558,0.00298002,0.007502,0.00595949],[0.00649849,0.467699,0.00878799,0.517014],[0.966338,0.00141203,0.0226319,0.00961847],[0.31682,0.0736507,0.0523318,0.557199]]},{"db":1,"id":"MA0033.2","alt":"FOXL1","len":7,"ltrim":0,"rtrim":0,"nsites":4933,"url":"http://jaspar2018.genereg.net/matrix/MA0033.2","pwm":[[0.426107,0.00263905,0.542868,0.0283855],[0.00192699,0.0799105,4.1029e-06,0.918158],[0.874645,0.114915,0.0104339,6.03271e-06],[0.98902,0.00786694,4.1029e-06,0.00310997],[0.973113,0.0166978,0.0101829,6.03271e-06],[6.03271e-06,0.778858,4.1029e-06,0.221132],[0.98535,0.0111359,4.1029e-06,0.00350996]]},{"db":1,"id":"MA0034.1","alt":"Gam1","len":10,"ltrim":2,"rtrim":0,"nsites":25,"url":"http://jaspar2018.genereg.net/matrix/MA0034.1","pwm":[[0.160548,0.23985,0.439053,0.160548],[0.399592,0.20001,0.279691,0.120708],[0.120708,0.518735,0.000806375,0.359751],[0.91752,0.040647,0.040647,0.00118566],[0.997202,0.000806375,0.000806375,0.00118566],[0.0410263,0.956982,0.000806375,0.00118566],[0.120708,0.558575,0.23985,0.0808669],[0.240229,0.000806375,0.757778,0.00118566],[0.399592,0.439053,0.000806375,0.160548],[0.200389,0.757778,0.040647,0.00118566]]},{"db":1,"id":"MA0041.1","alt":"Foxd3","len":12,"ltrim":0,"rtrim":0,"nsites":47,"url":"http://jaspar2018.genereg.net/matrix/MA0041.1","pwm":[[0.234178,0.0641242,0.552446,0.149252],[0.637575,0.0428924,0.000429724,0.319103],[0.510186,0.0216616,0.000429724,0.467723],[0.0218637,0.085355,0.000429724,0.892352],[0.255409,0.000429724,0.722298,0.0218637],[0.000631847,0.000429724,0.000429724,0.998509],[0.0218637,0.000429724,0.000429724,0.977277],[0.106789,0.000429724,0.212744,0.680037],[0.297871,0.000429724,0.44629,0.255409],[0.128021,0.14905,0.000429724,0.7225],[0.0218637,0.0428924,0.085355,0.849889],[0.000631847,0.255207,0.000429724,0.743732]]},{"db":1,"id":"MA0042.2","alt":"FOXI1","len":7,"ltrim":0,"rtrim":0,"nsites":5832,"url":"http://jaspar2018.genereg.net/matrix/MA0042.2","pwm":[[0.10597,0.00669036,0.887334,5.10279e-06],[0.0138519,0.0112313,0.00655236,0.968364],[0.899677,0.0938819,0.00643636,5.10279e-06],[0.995563,0.00442839,3.47045e-06,5.10279e-06],[0.977694,0.0043484,0.00548238,0.0124739],[0.0253677,0.836015,0.00775734,0.130859],[0.992889,0.00230543,0.00480039,5.10279e-06]]},{"db":1,"id":"MA0047.2","alt":"Foxa2","len":12,"ltrim":0,"rtrim":1,"nsites":808,"url":"http://jaspar2018.genereg.net/matrix/MA0047.2","pwm":[[0.00127467,0.00126289,0.00126289,0.996201],[0.27318,0.00373259,0.719343,0.00374437],[0.00127267,0.00126089,0.00126089,0.996206],[0.00127267,0.00373259,0.0445185,0.950475],[0.00126967,0.00125789,0.215781,0.781691],[0.908566,0.00496244,0.0827308,0.00374037],[0.00250552,0.894976,0.00249374,0.100024],[0.417785,0.0951923,0.00373259,0.48329],[0.0618342,0.32755,0.0717092,0.538907],[0.516702,0.00745913,0.0297614,0.446079],[0.162548,0.0657739,0.597966,0.173712],[0.160665,0.242834,0.361126,0.235375]]},{"db":1,"id":"MA0148.3","alt":"FOXA1","len":15,"ltrim":4,"rtrim":1,"nsites":22008,"url":"http://jaspar2018.genereg.net/matrix/MA0148.3","pwm":[[0.196656,0.219329,0.187386,0.396628],[0.211696,0.311296,0.214967,0.262041],[0.139132,0.388858,0.241458,0.230553],[0.3242,0.196156,0.16544,0.314204],[0.00318234,9.19662e-07,0.000545917,0.996271],[0.267312,9.19662e-07,0.732686,1.35223e-06],[1.35223e-06,9.19662e-07,9.19662e-07,0.999997],[1.35223e-06,9.19662e-07,0.0587067,0.941291],[1.35223e-06,9.19662e-07,0.129907,0.87009],[0.829333,9.19662e-07,0.170665,1.35223e-06],[1.35223e-06,0.934021,9.19662e-07,0.0659771],[0.417711,0.120638,9.19662e-07,0.461649],[0.0375782,0.331515,0.0632506,0.567656],[0.486277,4.59195e-05,0.00286391,0.510813],[0.218421,0.118275,0.427798,0.235505]]},{"db":1,"id":"MA0157.2","alt":"FOXO3","len":8,"ltrim":0,"rtrim":0,"nsites":553,"url":"http://jaspar2018.genereg.net/matrix/MA0157.2","pwm":[[0.0380219,3.65938e-05,0.961888,5.38058e-05],[5.38058e-05,3.65938e-05,0.0238853,0.976024],[0.960169,0.0289124,0.00905996,0.00185848],[0.997997,0.00191225,3.65938e-05,5.38058e-05],[0.981426,0.0184833,3.65938e-05,5.38058e-05],[0.0273219,0.967135,3.65938e-05,0.00550782],[0.979619,0.0202909,3.65938e-05,5.38058e-05],[0.546507,0.0207229,0.0620944,0.370677]]},{"db":1,"id":"MA0178.1","alt":"CG32105","len":7,"ltrim":0,"rtrim":0,"nsites":19,"url":"http://jaspar2018.genereg.net/matrix/MA0178.1","pwm":[[0.10627,0.210483,0.00105969,0.682187],[0.10627,0.00105969,0.00105969,0.891611],[0.891611,0.00105969,0.00105969,0.10627],[0.996323,0.00105969,0.00105969,0.00155811],[0.00155811,0.00105969,0.0534161,0.943966],[0.00155811,0.00105969,0.0534161,0.943966],[0.786899,0.00105969,0.210483,0.00155811]]},{"db":1,"id":"MA0277.1","alt":"AZF1","len":9,"ltrim":0,"rtrim":0,"nsites":102,"url":"http://jaspar2018.genereg.net/matrix/MA0277.1","pwm":[[0.617334,0.127524,0.127524,0.127618],[0.999312,0.000198237,0.000198237,0.000291479],[0.999312,0.000198237,0.000198237,0.000291479],[0.870725,0.128785,0.000198237,0.000291479],[0.749557,0.000198237,0.249953,0.000291479],[0.000291479,0.000198237,0.999219,0.000291479],[0.779528,0.160042,0.0301689,0.0302621],[0.817672,0.0607449,0.0607449,0.0608381],[0.617334,0.127524,0.127524,0.127618]]},{"db":1,"id":"MA0296.1","alt":"FKH1","len":20,"ltrim":2,"rtrim":5,"nsites":997,"url":"http://jaspar2018.genereg.net/matrix/MA0296.1","pwm":[[0.177545,0.287855,0.207622,0.326978],[0.2475,0.192386,0.334656,0.225458],[0.520499,0.0840959,0.0981085,0.297297],[0.527031,0.0761647,0.129266,0.267538],[0.365358,0.073086,0.150155,0.4114],[0.119256,0.146299,0.133274,0.601172],[0.146308,0.0040279,0.848632,0.00103175],[0.00705014,0.003029,2.02989e-05,0.989901],[0.961819,0.0371276,2.02989e-05,0.00103275],[0.97889,0.0110412,0.0010222,0.00904694],[0.991914,0.0010222,0.0020241,0.00503934],[0.00103175,0.926781,0.0010222,0.0711647],[0.991914,0.0010222,0.003026,0.00403744],[0.875694,0.0390944,0.0160507,0.0691609],[0.672307,0.0491134,0.0701533,0.208426],[0.248502,0.191384,0.407795,0.15232],[0.374741,0.158321,0.296584,0.170354],[0.28457,0.184371,0.330648,0.200411],[0.20542,0.116241,0.452881,0.225458],[0.421832,0.192386,0.248492,0.137291]]},{"db":1,"id":"MA0297.1","alt":"FKH2","len":7,"ltrim":0,"rtrim":0,"nsites":101,"url":"http://jaspar2018.genereg.net/matrix/MA0297.1","pwm":[[0.12888,0.000200198,0.870625,0.000294362],[0.000294362,0.000200198,0.000200198,0.999305],[0.999305,0.000200198,0.000200198,0.000294362],[0.999305,0.000200198,0.000200198,0.000294362],[0.999305,0.000200198,0.000200198,0.000294362],[0.000294362,0.999211,0.000200198,0.000294362],[0.999305,0.000200198,0.000200198,0.000294362]]},{"db":1,"id":"MA0446.1","alt":"fkh","len":11,"ltrim":0,"rtrim":0,"nsites":27,"url":"http://jaspar2018.genereg.net/matrix/MA0446.1","pwm":[[0.111799,0.000746864,0.000746864,0.886707],[0.1856,0.000746864,0.812555,0.00109815],[0.00109815,0.000746864,0.000746864,0.997408],[0.00109815,0.000746864,0.000746864,0.997408],[0.00109815,0.000746864,0.0376472,0.960508],[0.480802,0.000746864,0.517353,0.00109815],[0.148699,0.480451,0.0745475,0.296301],[0.2225,0.259049,0.111448,0.407002],[0.00109815,0.406651,0.0745475,0.517704],[0.849807,0.000746864,0.0376472,0.111799],[0.554604,0.148348,0.148348,0.148699]]},{"db":1,"id":"MA0458.1","alt":"slp1","len":11,"ltrim":1,"rtrim":0,"nsites":41,"url":"http://jaspar2018.genereg.net/matrix/MA0458.1","pwm":[[0.195371,0.0734854,0.341125,0.390019],[0.000724087,0.000492458,0.000492458,0.998291],[0.0737171,0.000492458,0.925066,0.000724087],[0.000724087,0.000492458,0.000492458,0.998291],[0.000724087,0.000492458,0.0248231,0.97396],[0.000724087,0.000492458,0.0491538,0.94963],[0.657659,0.000492458,0.0978161,0.244033],[0.0250547,0.535772,0.170809,0.268364],[0.414349,0.19514,0.365456,0.0250547],[0.0980477,0.316794,0.0734854,0.511673],[0.365688,0.0734854,0.0978161,0.463012]]},{"db":1,"id":"MA0480.1","alt":"Foxo1","len":11,"ltrim":1,"rtrim":0,"nsites":2490,"url":"http://jaspar2018.genereg.net/matrix/MA0480.1","pwm":[[0.187956,0.111249,0.191968,0.508827],[0.0510139,0.513643,0.302004,0.13334],[0.0349505,0.564644,0.0839408,0.316465],[1.19513e-05,8.1282e-06,8.1282e-06,0.999972],[1.19513e-05,8.1282e-06,0.999968,1.19513e-05],[1.19513e-05,8.1282e-06,8.1282e-06,0.999972],[1.19513e-05,8.1282e-06,8.1282e-06,0.999972],[1.19513e-05,8.1282e-06,0.115264,0.884715],[0.751388,0.0630576,8.1282e-06,0.185547],[1.19513e-05,0.806,8.1282e-06,0.19398],[0.430517,0.230119,0.028521,0.310842]]},{"db":1,"id":"MA0481.2","alt":"FOXP1","len":12,"ltrim":2,"rtrim":3,"nsites":4266,"url":"http://jaspar2018.genereg.net/matrix/MA0481.2","pwm":[[0.351382,0.212846,0.23277,0.203002],[0.359821,0.0625913,0.225737,0.351851],[0.0696253,0.0117255,0.904344,0.0143056],[0.0318862,0.0356349,0.0241482,0.908331],[0.956619,0.030478,0.00656859,0.00633583],[0.945602,0.03329,0.00422365,0.0168846],[0.976308,0.00469263,0.0131314,0.00586684],[0.00891477,0.932238,0.00703658,0.0518108],[0.962244,0.00328667,0.00867754,0.0257914],[0.21191,0.159166,0.509135,0.119788],[0.353492,0.202297,0.219175,0.225037],[0.305438,0.220581,0.212377,0.261604]]},{"db":1,"id":"MA0546.1","alt":"pha-4","len":10,"ltrim":0,"rtrim":0,"nsites":1010,"url":"http://jaspar2018.genereg.net/matrix/MA0546.1","pwm":[[0.57918,0.0703101,2.00376e-05,0.35049],[0.52869,2.00376e-05,0.466311,0.00497897],[0.53166,2.00376e-05,0.0782303,0.39009],[0.0406194,2.00376e-05,0.959331,2.94624e-05],[2.94624e-05,0.40295,2.00376e-05,0.597],[0.85341,0.146541,2.00376e-05,2.94624e-05],[0.99993,2.00376e-05,2.00376e-05,2.94624e-05],[0.99993,2.00376e-05,2.00376e-05,2.94624e-05],[2.94624e-05,0.616791,2.00376e-05,0.38316],[0.99993,2.00376e-05,2.00376e-05,2.94624e-05]]},{"db":1,"id":"MA0593.1","alt":"FOXP2","len":11,"ltrim":1,"rtrim":1,"nsites":766,"url":"http://jaspar2018.genereg.net/matrix/MA0593.1","pwm":[[0.430792,0.147527,0.248036,0.173645],[0.443845,0.00916323,0.185381,0.361611],[0.208889,2.64196e-05,0.791046,3.88461e-05],[0.0770518,2.64196e-05,2.64196e-05,0.922895],[0.999908,2.64196e-05,2.64196e-05,3.88461e-05],[0.999908,2.64196e-05,2.64196e-05,3.88461e-05],[0.999908,2.64196e-05,2.64196e-05,3.88461e-05],[3.88461e-05,0.988148,2.64196e-05,0.0117863],[0.999908,2.64196e-05,2.64196e-05,3.88461e-05],[0.387716,0.201044,0.382483,0.0287561],[0.433402,0.161885,0.240204,0.164508]]},{"db":1,"id":"MA0614.1","alt":"Foxj2","len":8,"ltrim":0,"rtrim":0,"nsites":999,"url":"http://jaspar2018.genereg.net/matrix/MA0614.1","pwm":[[0.461445,2.02583e-05,0.538505,2.97868e-05],[0.0500748,0.0250428,2.02583e-05,0.924862],[0.79495,0.205,2.02583e-05,2.97868e-05],[0.97791,2.02583e-05,2.02583e-05,0.0220496],[0.99993,2.02583e-05,2.02583e-05,2.97868e-05],[2.97868e-05,0.953925,2.02583e-05,0.0460252],[0.99993,2.02583e-05,2.02583e-05,2.97868e-05],[0.593564,0.125133,0.125133,0.15617]]},{"db":1,"id":"MA0845.1","alt":"FOXB1","len":11,"ltrim":0,"rtrim":0,"nsites":7303,"url":"http://jaspar2018.genereg.net/matrix/MA0845.1","pwm":[[0.327674,0.0372473,0.0260194,0.609061],[0.69706,0.0343143,0.195434,0.0731931],[0.265533,0.0291934,0.054769,0.650504],[0.141724,0.00660568,0.836504,0.0151669],[0.0244137,0.0325493,0.0153266,0.92771],[0.699808,0.279009,0.0107336,0.0104489],[0.920099,0.0286504,2.77143e-06,0.0512474],[0.95664,0.00657568,0.00657568,0.0302097],[0.00401902,0.322958,0.0149176,0.658105],[0.957444,2.77143e-06,0.0219755,0.0205778],[0.249087,0.0837616,0.0812767,0.585875]]},{"db":1,"id":"MA0847.1","alt":"FOXD2","len":7,"ltrim":0,"rtrim":0,"nsites":1949,"url":"http://jaspar2018.genereg.net/matrix/MA0847.1","pwm":[[0.310415,0.027202,0.646975,0.0154075],[0.103953,0.15293,1.03843e-05,0.743107],[0.823087,0.123956,1.03843e-05,0.0529456],[0.943821,0.0298519,0.0101259,0.0162004],[0.981554,1.03843e-05,1.03843e-05,0.0184253],[1.52686e-05,0.718559,0.0147936,0.266633],[0.823814,1.03843e-05,0.0984603,0.0777153]]},{"db":1,"id":"MA0848.1","alt":"FOXO4","len":7,"ltrim":0,"rtrim":0,"nsites":7060,"url":"http://jaspar2018.genereg.net/matrix/MA0848.1","pwm":[[0.236403,0.00184384,0.761748,4.21524e-06],[0.0583294,0.0116677,0.0207976,0.909205],[0.804,0.188219,0.0047868,0.00299417],[0.966736,0.0262475,0.00341782,0.00359916],[0.981735,2.86682e-06,0.0164316,0.00182919],[0.00902809,0.836773,0.00513779,0.149061],[0.988957,0.00184184,0.00184184,0.00736011]]},{"db":1,"id":"MA0849.1","alt":"FOXO6","len":7,"ltrim":0,"rtrim":0,"nsites":8470,"url":"http://jaspar2018.genereg.net/matrix/MA0849.1","pwm":[[0.170603,2.38958e-06,0.829391,3.51353e-06],[0.0213593,2.38958e-06,0.00444034,0.974198],[0.8589,0.140238,0.000858379,3.51353e-06],[0.969492,0.0269131,2.38958e-06,0.00359147],[0.999992,2.38958e-06,2.38958e-06,3.51353e-06],[3.51353e-06,0.944085,0.00416834,0.0517429],[0.998145,2.38958e-06,0.00184937,3.51353e-06]]},{"db":1,"id":"MA0850.1","alt":"FOXP3","len":7,"ltrim":0,"rtrim":0,"nsites":211,"url":"http://jaspar2018.genereg.net/matrix/MA0850.1","pwm":[[0.350686,9.58788e-05,0.649077,0.000140976],[0.0707785,0.183755,9.58788e-05,0.745371],[0.871629,9.58788e-05,9.58788e-05,0.128179],[0.925142,9.58788e-05,0.0395512,0.0352124],[0.767051,0.054615,0.178193,0.000140976],[0.000140976,0.747968,0.113517,0.138373],[0.921102,9.58788e-05,0.0786616,0.000140976]]},{"db":1,"id":"MA0851.1","alt":"Foxj3","len":17,"ltrim":5,"rtrim":3,"nsites":100,"url":"http://jaspar2018.genereg.net/matrix/MA0851.1","pwm":[[0.270028,0.259942,0.209992,0.260038],[0.339958,0.130072,0.309893,0.220078],[0.479818,0.190012,0.160042,0.170127],[0.509788,0.130072,0.170032,0.190107],[0.346486,0.128787,0.326609,0.198119],[0.303025,0.0102931,0.686385,0.000297303],[0.0102873,0.0201822,0.000202198,0.969328],[0.918571,0.0809295,0.000202198,0.000297303],[0.949843,0.0199844,0.000202198,0.0299706],[0.989308,0.000202198,0.000202198,0.0102873],[0.000297303,0.817567,0.000202198,0.181934],[0.989308,0.000202198,0.000202198,0.0102873],[0.781694,0.06944,0.0595489,0.0893173],[0.569728,0.0901123,0.0701323,0.270028],[0.220078,0.339863,0.259942,0.180117],[0.270028,0.269932,0.239962,0.220078],[0.242479,0.393748,0.171748,0.192025]]},{"db":1,"id":"MA0852.2","alt":"FOXK1","len":14,"ltrim":3,"rtrim":2,"nsites":1056,"url":"http://jaspar2018.genereg.net/matrix/MA0852.2","pwm":[[0.311552,0.174245,0.244314,0.269889],[0.39393,0.165723,0.255677,0.18467],[0.233908,0.134476,0.257571,0.374046],[0.135432,0.0265317,0.821911,0.0161247],[0.0568408,0.00475372,0.0416822,0.896723],[0.949749,0.0350538,0.00948827,0.00570964],[0.945962,0.0350538,0.0104352,0.00855037],[0.96774,0.012329,0.00948827,0.0104442],[0.00949728,0.90713,0.0113821,0.0719914],[0.961111,0.0151697,0.0113821,0.012338],[0.48483,0.188448,0.193183,0.133539],[0.175201,0.190342,0.537847,0.09661],[0.229173,0.25473,0.34279,0.173307],[0.267995,0.27272,0.255677,0.203607]]},{"db":1,"id":"MA0920.1","alt":"fkh-2","len":8,"ltrim":0,"rtrim":1,"nsites":999,"url":"http://jaspar2018.genereg.net/matrix/MA0920.1","pwm":[[0.416404,2.02583e-05,0.541508,0.0420676],[0.0290269,2.02583e-05,2.02583e-05,0.970933],[0.827947,0.172003,2.02583e-05,2.97868e-05],[0.942878,2.02583e-05,2.02583e-05,0.0570811],[0.99993,2.02583e-05,2.02583e-05,2.97868e-05],[0.0570241,0.913929,2.02583e-05,0.0290269],[0.99993,2.02583e-05,2.02583e-05,2.97868e-05],[0.43442,0.217216,0.131138,0.217225]]},{"db":1,"id":"MA0925.1","alt":"sma-4","len":11,"ltrim":2,"rtrim":2,"nsites":1000,"url":"http://jaspar2018.genereg.net/matrix/MA0925.1","pwm":[[0.330997,0.222998,0.222998,0.223007],[0.273002,0.227997,0.29999,0.19901],[0.0330265,0.0330169,0.0330169,0.90094],[2.9757e-05,2.0238e-05,0.916929,0.0830215],[0.0830215,2.0238e-05,2.0238e-05,0.916938],[2.9757e-05,0.99992,2.0238e-05,2.9757e-05],[2.9757e-05,2.0238e-05,2.0238e-05,0.99993],[0.215008,2.0238e-05,0.784942,2.9757e-05],[0.0270271,0.0270175,0.835937,0.110019],[0.359994,0.241996,0.255995,0.142016],[0.217008,0.348985,0.216999,0.217008]]},{"db":1,"id":"MA0929.1","alt":"NCU00019","len":12,"ltrim":3,"rtrim":2,"nsites":1001,"url":"http://jaspar2018.genereg.net/matrix/MA0929.1","pwm":[[0.325671,0.224773,0.224773,0.224782],[0.224782,0.224773,0.224773,0.325671],[0.319998,0.127008,0.229997,0.322997],[0.149865,0.0549597,0.740206,0.0549692],[0.111019,2.02178e-05,2.02178e-05,0.888941],[0.80295,0.10101,2.02178e-05,0.0960201],[0.99993,2.02178e-05,2.02178e-05,2.97273e-05],[0.898839,2.02178e-05,2.02178e-05,0.101121],[0.0260011,0.520448,0.0259916,0.427559],[0.922016,0.0259916,0.0259916,0.0260011],[0.437986,0.218998,0.124008,0.219008],[0.412576,0.195805,0.195805,0.195814]]},{"db":1,"id":"MA0943.1","alt":"ARF5","len":8,"ltrim":0,"rtrim":1,"nsites":999,"url":"http://jaspar2018.genereg.net/matrix/MA0943.1","pwm":[[0.303302,0.160164,0.477449,0.0590829],[0.00901989,0.967955,0.0150038,0.00802099],[0.0969231,0.897033,0.00401586,0.00202759],[0.0120286,0.00102016,0.984922,0.00202959],[0.951935,0.00102016,0.0460157,0.00102969],[0.00202959,0.991921,0.00301996,0.00302949],[0.77218,0.223774,0.00201806,0.00202759],[0.490981,0.0980104,0.217998,0.19301]]},{"db":1,"id":"MA0944.1","alt":"ARF8","len":9,"ltrim":2,"rtrim":1,"nsites":1000,"url":"http://jaspar2018.genereg.net/matrix/MA0944.1","pwm":[[0.270003,0.232997,0.204,0.293],[0.225007,0.258994,0.10601,0.409989],[0.00402936,2.0238e-05,0.0900112,0.905939],[0.038064,0.00102114,0.900831,0.0600838],[2.9757e-05,0.0130189,2.0238e-05,0.986931],[0.0539704,0.862072,0.00201804,0.0819396],[0.0610237,0.0270175,0.79794,0.114018],[0.121139,0.138144,0.651607,0.0891098],[0.227779,0.33665,0.216782,0.218789]]},{"db":1,"id":"MA1079.1","alt":"WRKY21","len":10,"ltrim":2,"rtrim":1,"nsites":1000,"url":"http://jaspar2018.genereg.net/matrix/MA1079.1","pwm":[[0.281002,0.222998,0.248995,0.247005],[0.320998,0.195001,0.223998,0.260004],[0.402989,0.0870115,0.40698,0.103019],[0.0510247,2.0238e-05,0.909929,0.0390259],[0.0909297,0.00401584,0.00201804,0.903036],[2.9757e-05,0.99892,2.0238e-05,0.00102966],[0.868943,0.0660136,0.0210181,0.0440254],[0.780733,0.0100292,0.162166,0.0470721],[0.208009,0.60696,0.0650137,0.120018],[0.159014,0.208999,0.428977,0.203009]]},{"db":1,"id":"MA1103.1","alt":"FOXK2","len":11,"ltrim":2,"rtrim":2,"nsites":7977,"url":"http://jaspar2018.genereg.net/matrix/MA1103.1","pwm":[[0.41983,0.169613,0.196314,0.214242],[0.254483,0.164849,0.194183,0.386485],[0.22753,0.04626,0.677818,0.0483921],[0.0145455,0.00664645,0.0175523,0.961256],[0.969028,0.0149204,0.00777444,0.00827763],[0.881653,0.0501459,0.0141684,0.0540331],[0.965016,0.00940442,0.00714845,0.0184315],[0.0114116,0.873002,0.00990541,0.105681],[0.96276,0.00840143,0.0141684,0.0146705],[0.304751,0.235051,0.222389,0.23781],[0.277924,0.235928,0.336465,0.149682]]},{"db":1,"id":"MA1206.1","alt":"ARF2","len":10,"ltrim":2,"rtrim":2,"nsites":599,"url":"http://jaspar2018.genereg.net/matrix/MA1206.1","pwm":[[0.408996,0.193657,0.0834919,0.313853],[0.252095,0.101853,0.322184,0.323869],[4.96745e-05,0.659356,0.340545,4.96745e-05],[0.333884,0.640995,0.0250716,4.96745e-05],[0.186996,3.3784e-05,0.81292,4.96745e-05],[0.933116,3.3784e-05,0.0668006,4.96745e-05],[4.96745e-05,0.999867,3.3784e-05,4.96745e-05],[0.938123,0.0617935,3.3784e-05,4.96745e-05],[0.452395,0.0951769,0.218695,0.233734],[0.365598,0.145252,0.345552,0.143599]]}],"sequence_names":["chr17:78690100-78690649","chr4:131057400-131058299","chr5:53039550-53040149","chr6:164129450-164129999","chr6:473950-474699","chr9:136608600-136609099"],"primaries":[{"motif":{"db":0,"id":"YTTGCRTGRCAAARGKAASAG","alt":"MEME-3","len":21,"ltrim":0,"rtrim":0,"nsites":7,"evalue":"1.9e-004","pwm":[[0.00419155,0.425385,0.00285071,0.567572],[0.00419155,0.143696,0.00285071,0.849262],[0.00419155,0.00285071,0.00285071,0.990107],[0.00419155,0.143696,0.847921,0.00419155],[0.00419155,0.988766,0.00285071,0.00419155],[0.567572,0.00285071,0.425385,0.00419155],[0.00419155,0.284541,0.00285071,0.708417],[0.00419155,0.00285071,0.988766,0.00419155],[0.567572,0.143696,0.284541,0.00419155],[0.00419155,0.847921,0.143696,0.00419155],[0.849262,0.00285071,0.143696,0.00419155],[0.708417,0.143696,0.143696,0.00419155],[0.849262,0.00285071,0.143696,0.00419155],[0.567572,0.00285071,0.425385,0.00419155],[0.00419155,0.143696,0.847921,0.00419155],[0.00419155,0.143696,0.425385,0.426726],[0.990107,0.00285071,0.00285071,0.00419155],[0.990107,0.00285071,0.00285071,0.00419155],[0.00419155,0.566231,0.425385,0.00419155],[0.849262,0.143696,0.00285071,0.00419155],[0.00419155,0.143696,0.707076,0.145036]]},"secondaries":[[{"idx":14,"counts":[[0,0,0,0,0,0,0,0,0,0,0,0,0,0,0,0,0,0,0,0,0,0,0,0,0,0,0,0,0,0,0,0,0,0,0,0,0,0,0,0,0,0,0,0,0,0,0,0,0,0,0,0,0,0,0,0,0,0,0,0,0,0,0,0,0,0,0,0,0,0,0,0,0,0,0,0,0,0,0,0,0,0,0,0,0,0,0,0,0,0,0,0,0,0,0,0,0,0,0,0,0,0,0,0,0,0,0,0,0,0,0,0,0,0,0,0,0,0,0,0,0,0,0,0,0,0,0,0,0,0,0,0,0,0,0,0,0,0,0,0,0,0,0,0,0],[0,0,0,0,0,0,0,0,3,0,0,0,0,0,0,0,0,0,0,0,0,0,0,0,0,0,0,0,0,0,0,0,0,0,0,0,0,0,0,0,0,0,0,0,0,0,0,0,0,0,0,0,0,0,0,0,0,0,0,0,0,0,0,0,0,0,0,0,0,0,0,0,0,0,0,0,0,0,0,0,0,0,0,0,0,0,0,0,0,0,0,0,0,0,0,0,0,0,0,0,0,0,0,0,0,0,0,0,0,0,0,0,0,0,0,0,0,0,0,0,0,0,0,0,0,0,0,0,0,0,0,0,0,0,0,0,0,0,0,0,0,0,0,0,0],[0,0,0,0,0,0,0,0,0,0,0,0,0,0,0,0,0,0,0,0,0,0,0,0,0,0,0,0,0,0,0,0,0,0,0,0,0,0,0,0,0,0,0,0,0,0,0,0,0,0,0,0,0,0,0,0,0,0,0,0,0,0,0,0,0,0,0,0,0,0,0,0,0,0,0,0,0,0,0,0,0,0,0,0,0,0,0,0,0,0,0,0,0,0,0,0,0,0,0,0,0,0,0,0,0,0,0,0,0,0,0,0,0,0,0,0,0,0,0,0,0,0,0,0,0,0,0,0,0,0,0,0,0,0,0,0,0,0,0,0,0,0,0,0,0],[0,0,0,0,0,0,0,0,0,0,0,0,0,0,0,0,0,0,0,0,0,0,0,0,0,0,0,0,0,0,0,0,0,0,0,0,0,0,0,0,0,0,0,0,0,0,0,0,0,0,0,0,0,0,0,0,0,0,0,0,0,0,0,0,0,0,0,0,0,0,0,0,0,0,0,0,0,0,0,0,0,0,0,0,0,0,0,0,0,0,0,0,0,0,0,0,0,0,0,0,0,0,0,0,0,0,0,0,0,0,0,0,0,0,0,0,0,0,0,0,0,0,0,0,0,0,0,0,0,0,0,0,0,0,0,0,0,0,0,0,0,0,0,0,0]],"spacings":[{"orient":1,"bin":8,"pvalue":5.23278e-09,"inferred_pwm":[[0,0,1,0],[0,0,0,1],[1,0,0,0],[1,0,0,0],[1,0,0,0],[0,1,0,0],[1,0,0,0]],"alignment_pwm":[null,[[0,0.333333,0,0.666667],[0,0,0.666667,0.333333],[0,0,1,0],[0,0,1,0],[0.666667,0,0.333333,0],[0.333333,0.666667,0,0],[0,0.333333,0,0.666667],[0,0.333333,0,0.666667],[0.666667,0,0,0.333333],[1,0,0,0],[0.333333,0,0,0.666667],[0,0,0,1],[0.333333,0,0,0.666667],[1,0,0,0],[1,0,0,0],[0.333333,0.666667,0,0],[0,0.666667,0,0.333333],[0.666667,0,0,0.333333],[1,0,0,0],[1,0,0,0],[0,0,1,0],[0.333333,0,0.666667,0],[0.333333,0.333333,0.333333,0],[0,0.666667,0.333333,0],[0,0,0,1],[0,0,0,1],[0,0,0,1],[0,0,0,1],[0,0,1,0],[0,1,0,0],[1,0,0,0],[0,0.666667,0,0.333333],[0,0,1,0],[0.333333,0,0.666667,0],[0,1,0,0],[1,0,0,0],[1,0,0,0],[1,0,0,0],[0.666667,0,0.333333,0],[0,0,1,0],[0,0,1,0],[1,0,0,0],[1,0,0,0],[0,1,0,0],[1,0,0,0],[0,0,1,0],[0,0,0,1],[0,1,0,0],[1,0,0,0],[0,0,1,0],[0,1,0,0],[1,0,0,0],[0,0,1,0],[1,0,0,0],[0,0,1,0],[0,0,0,1],[1,0,0,0],[1,0,0,0],[1,0,0,0],[0,1,0,0],[1,0,0,0],[0,0,1,0],[1,0,0,0],[0,1,0,0],[1,0,0,0],[1,0,0,0],[0,1,0,0],[0,1,0,0],[0.333333,0.666667,0,0],[0.666667,0.333333,0,0],[0.666667,0.333333,0,0]],null,null],"seqs":[0,1,2]},{"orient":6,"bin":8,"pvalue":4.18622e-08,"inferred_pwm":[[0,0,1,0],[0,0,0,1],[1,0,0,0],[1,0,0,0],[1,0,0,0],[0,1,0,0],[1,0,0,0]],"alignment_pwm":[null,[[0,0.333333,0,0.666667],[0,0,0.666667,0.333333],[0,0,1,0],[0,0,1,0],[0.666667,0,0.333333,0],[0.333333,0.666667,0,0],[0,0.333333,0,0.666667],[0,0.333333,0,0.666667],[0.666667,0,0,0.333333],[1,0,0,0],[0.333333,0,0,0.666667],[0,0,0,1],[0.333333,0,0,0.666667],[1,0,0,0],[1,0,0,0],[0.333333,0.666667,0,0],[0,0.666667,0,0.333333],[0.666667,0,0,0.333333],[1,0,0,0],[1,0,0,0],[0,0,1,0],[0.333333,0,0.666667,0],[0.333333,0.333333,0.333333,0],[0,0.666667,0.333333,0],[0,0,0,1],[0,0,0,1],[0,0,0,1],[0,0,0,1],[0,0,1,0],[0,1,0,0],[1,0,0,0],[0,0.666667,0,0.333333],[0,0,1,0],[0.333333,0,0.666667,0],[0,1,0,0],[1,0,0,0],[1,0,0,0],[1,0,0,0],[0.666667,0,0.333333,0],[0,0,1,0],[0,0,1,0],[1,0,0,0],[1,0,0,0],[0,1,0,0],[1,0,0,0],[0,0,1,0],[0,0,0,1],[0,1,0,0],[1,0,0,0],[0,0,1,0],[0,1,0,0],[1,0,0,0],[0,0,1,0],[1,0,0,0],[0,0,1,0],[0,0,0,1],[1,0,0,0],[1,0,0,0],[1,0,0,0],[0,1,0,0],[1,0,0,0],[0,0,1,0],[1,0,0,0],[0,1,0,0],[1,0,0,0],[1,0,0,0],[0,1,0,0],[0,1,0,0],[0.333333,0.666667,0,0],[0.666667,0.333333,0,0],[0.666667,0.333333,0,0]],null,null],"seqs":[0,1,2]},{"orient":7,"bin":8,"pvalue":4.18622e-08,"inferred_pwm":[[0,0,1,0],[0,0,0,1],[1,0,0,0],[1,0,0,0],[1,0,0,0],[0,1,0,0],[1,0,0,0]],"alignment_pwm":[null,[[0,0.333333,0,0.666667],[0,0,0.666667,0.333333],[0,0,1,0],[0,0,1,0],[0.666667,0,0.333333,0],[0.333333,0.666667,0,0],[0,0.333333,0,0.666667],[0,0.333333,0,0.666667],[0.666667,0,0,0.333333],[1,0,0,0],[0.333333,0,0,0.666667],[0,0,0,1],[0.333333,0,0,0.666667],[1,0,0,0],[1,0,0,0],[0.333333,0.666667,0,0],[0,0.666667,0,0.333333],[0.666667,0,0,0.333333],[1,0,0,0],[1,0,0,0],[0,0,1,0],[0.333333,0,0.666667,0],[0.333333,0.333333,0.333333,0],[0,0.666667,0.333333,0],[0,0,0,1],[0,0,0,1],[0,0,0,1],[0,0,0,1],[0,0,1,0],[0,1,0,0],[1,0,0,0],[0,0.666667,0,0.333333],[0,0,1,0],[0.333333,0,0.666667,0],[0,1,0,0],[1,0,0,0],[1,0,0,0],[1,0,0,0],[0.666667,0,0.333333,0],[0,0,1,0],[0,0,1,0],[1,0,0,0],[1,0,0,0],[0,1,0,0],[1,0,0,0],[0,0,1,0],[0,0,0,1],[0,1,0,0],[1,0,0,0],[0,0,1,0],[0,1,0,0],[1,0,0,0],[0,0,1,0],[1,0,0,0],[0,0,1,0],[0,0,0,1],[1,0,0,0],[1,0,0,0],[1,0,0,0],[0,1,0,0],[1,0,0,0],[0,0,1,0],[1,0,0,0],[0,1,0,0],[1,0,0,0],[1,0,0,0],[0,1,0,0],[0,1,0,0],[0.333333,0.666667,0,0],[0.666667,0.333333,0,0],[0.666667,0.333333,0,0]],null,null],"seqs":[0,1,2]},{"orient":8,"bin":8,"pvalue":3.34898e-07,"inferred_pwm":[[0,0,1,0],[0,0,0,1],[1,0,0,0],[1,0,0,0],[1,0,0,0],[0,1,0,0],[1,0,0,0]],"alignment_pwm":[null,[[0,0.333333,0,0.666667],[0,0,0.666667,0.333333],[0,0,1,0],[0,0,1,0],[0.666667,0,0.333333,0],[0.333333,0.666667,0,0],[0,0.333333,0,0.666667],[0,0.333333,0,0.666667],[0.666667,0,0,0.333333],[1,0,0,0],[0.333333,0,0,0.666667],[0,0,0,1],[0.333333,0,0,0.666667],[1,0,0,0],[1,0,0,0],[0.333333,0.666667,0,0],[0,0.666667,0,0.333333],[0.666667,0,0,0.333333],[1,0,0,0],[1,0,0,0],[0,0,1,0],[0.333333,0,0.666667,0],[0.333333,0.333333,0.333333,0],[0,0.666667,0.333333,0],[0,0,0,1],[0,0,0,1],[0,0,0,1],[0,0,0,1],[0,0,1,0],[0,1,0,0],[1,0,0,0],[0,0.666667,0,0.333333],[0,0,1,0],[0.333333,0,0.666667,0],[0,1,0,0],[1,0,0,0],[1,0,0,0],[1,0,0,0],[0.666667,0,0.333333,0],[0,0,1,0],[0,0,1,0],[1,0,0,0],[1,0,0,0],[0,1,0,0],[1,0,0,0],[0,0,1,0],[0,0,0,1],[0,1,0,0],[1,0,0,0],[0,0,1,0],[0,1,0,0],[1,0,0,0],[0,0,1,0],[1,0,0,0],[0,0,1,0],[0,0,0,1],[1,0,0,0],[1,0,0,0],[1,0,0,0],[0,1,0,0],[1,0,0,0],[0,0,1,0],[1,0,0,0],[0,1,0,0],[1,0,0,0],[1,0,0,0],[0,1,0,0],[0,1,0,0],[0.333333,0.666667,0,0],[0.666667,0.333333,0,0],[0.666667,0.333333,0,0]],null,null],"seqs":[0,1,2]}]}],[{"idx":35,"counts":[[0,0,0,0,0,0,0,0,0,0,0,0,0,0,0,0,0,0,0,0,0,0,0,0,0,0,0,0,0,0,0,0,0,0,0,0,0,0,0,0,0,0,0,0,0,0,0,0,0,0,0,0,0,0,0,0,0,0,0,0,0,0,0,0,0,0,0,0,0,0,0,0,0,0,0,0,0,0,0,0,0,0,0,0,0,0,0,0,0,0,0,0,0,0,0,0,0,0,0,0,0,0,0,0,0,0,0,0,0,0,0,0,0,0,0,0,0,0,0,0,0,0,0,0,0,0,0,0,0,0,0,0,0,0,0,0,0,0,0,0,0,0,0,0,0],[0,0,0,0,0,0,0,0,3,0,0,0,0,0,0,0,0,0,0,0,0,0,0,0,0,0,0,0,0,0,0,0,0,0,0,0,0,0,0,0,0,0,0,0,0,0,0,0,0,0,0,0,0,0,0,0,0,0,0,0,0,0,0,0,0,0,0,0,0,0,0,0,0,0,0,0,0,0,0,0,0,0,0,0,0,0,0,0,0,0,0,0,0,0,0,0,0,0,0,0,0,0,0,0,0,0,0,0,0,0,0,0,0,0,0,0,0,0,0,0,0,0,0,0,0,0,0,0,0,0,0,0,0,0,0,0,0,0,0,0,0,0,0,0,0],[0,0,0,0,0,0,0,0,0,0,0,0,0,0,0,0,0,0,0,0,0,0,0,0,0,0,0,0,0,0,0,0,0,0,0,0,0,0,0,0,0,0,0,0,0,0,0,0,0,0,0,0,0,0,0,0,0,0,0,0,0,0,0,0,0,0,0,0,0,0,0,0,0,0,0,0,0,0,0,0,0,0,0,0,0,0,0,0,0,0,0,0,0,0,0,0,0,0,0,0,0,0,0,0,0,0,0,0,0,0,0,0,0,0,0,0,0,0,0,0,0,0,0,0,0,0,0,0,0,0,0,0,0,0,0,0,0,0,0,0,0,0,0,0,0],[0,0,0,0,0,0,0,0,0,0,0,0,0,0,0,0,0,0,0,0,0,0,0,0,0,0,0,0,0,0,0,0,0,0,0,0,0,0,0,0,0,0,0,0,0,0,0,0,0,0,0,0,0,0,0,0,0,0,0,0,0,0,0,0,0,0,0,0,0,0,0,0,0,0,0,0,0,0,0,0,0,0,0,0,0,0,0,0,0,0,0,0,0,0,0,0,0,0,0,0,0,0,0,0,0,0,0,0,0,0,0,0,0,0,0,0,0,0,0,0,0,0,0,0,0,0,0,0,0,0,0,0,0,0,0,0,0,0,0,0,0,0,0,0,0]],"spacings":[{"orient":1,"bin":8,"pvalue":5.23278e-09,"inferred_pwm":[[0,0,1,0],[0,0,0,1],[1,0,0,0],[1,0,0,0],[1,0,0,0],[0,1,0,0],[1,0,0,0]],"alignment_pwm":[null,[[0,0.333333,0,0.666667],[0,0,0.666667,0.333333],[0,0,1,0],[0,0,1,0],[0.666667,0,0.333333,0],[0.333333,0.666667,0,0],[0,0.333333,0,0.666667],[0,0.333333,0,0.666667],[0.666667,0,0,0.333333],[1,0,0,0],[0.333333,0,0,0.666667],[0,0,0,1],[0.333333,0,0,0.666667],[1,0,0,0],[1,0,0,0],[0.333333,0.666667,0,0],[0,0.666667,0,0.333333],[0.666667,0,0,0.333333],[1,0,0,0],[1,0,0,0],[0,0,1,0],[0.333333,0,0.666667,0],[0.333333,0.333333,0.333333,0],[0,0.666667,0.333333,0],[0,0,0,1],[0,0,0,1],[0,0,0,1],[0,0,0,1],[0,0,1,0],[0,1,0,0],[1,0,0,0],[0,0.666667,0,0.333333],[0,0,1,0],[0.333333,0,0.666667,0],[0,1,0,0],[1,0,0,0],[1,0,0,0],[1,0,0,0],[0.666667,0,0.333333,0],[0,0,1,0],[0,0,1,0],[1,0,0,0],[1,0,0,0],[0,1,0,0],[1,0,0,0],[0,0,1,0],[0,0,0,1],[0,1,0,0],[1,0,0,0],[0,0,1,0],[0,1,0,0],[1,0,0,0],[0,0,1,0],[1,0,0,0],[0,0,1,0],[0,0,0,1],[1,0,0,0],[1,0,0,0],[1,0,0,0],[0,1,0,0],[1,0,0,0],[0,0,1,0],[1,0,0,0],[0,1,0,0],[1,0,0,0],[1,0,0,0],[0,1,0,0],[0,1,0,0],[0.333333,0.666667,0,0],[0.666667,0.333333,0,0],[0.666667,0.333333,0,0]],null,null],"seqs":[0,1,2]},{"orient":6,"bin":8,"pvalue":4.18622e-08,"inferred_pwm":[[0,0,1,0],[0,0,0,1],[1,0,0,0],[1,0,0,0],[1,0,0,0],[0,1,0,0],[1,0,0,0]],"alignment_pwm":[null,[[0,0.333333,0,0.666667],[0,0,0.666667,0.333333],[0,0,1,0],[0,0,1,0],[0.666667,0,0.333333,0],[0.333333,0.666667,0,0],[0,0.333333,0,0.666667],[0,0.333333,0,0.666667],[0.666667,0,0,0.333333],[1,0,0,0],[0.333333,0,0,0.666667],[0,0,0,1],[0.333333,0,0,0.666667],[1,0,0,0],[1,0,0,0],[0.333333,0.666667,0,0],[0,0.666667,0,0.333333],[0.666667,0,0,0.333333],[1,0,0,0],[1,0,0,0],[0,0,1,0],[0.333333,0,0.666667,0],[0.333333,0.333333,0.333333,0],[0,0.666667,0.333333,0],[0,0,0,1],[0,0,0,1],[0,0,0,1],[0,0,0,1],[0,0,1,0],[0,1,0,0],[1,0,0,0],[0,0.666667,0,0.333333],[0,0,1,0],[0.333333,0,0.666667,0],[0,1,0,0],[1,0,0,0],[1,0,0,0],[1,0,0,0],[0.666667,0,0.333333,0],[0,0,1,0],[0,0,1,0],[1,0,0,0],[1,0,0,0],[0,1,0,0],[1,0,0,0],[0,0,1,0],[0,0,0,1],[0,1,0,0],[1,0,0,0],[0,0,1,0],[0,1,0,0],[1,0,0,0],[0,0,1,0],[1,0,0,0],[0,0,1,0],[0,0,0,1],[1,0,0,0],[1,0,0,0],[1,0,0,0],[0,1,0,0],[1,0,0,0],[0,0,1,0],[1,0,0,0],[0,1,0,0],[1,0,0,0],[1,0,0,0],[0,1,0,0],[0,1,0,0],[0.333333,0.666667,0,0],[0.666667,0.333333,0,0],[0.666667,0.333333,0,0]],null,null],"seqs":[0,1,2]},{"orient":7,"bin":8,"pvalue":4.18622e-08,"inferred_pwm":[[0,0,1,0],[0,0,0,1],[1,0,0,0],[1,0,0,0],[1,0,0,0],[0,1,0,0],[1,0,0,0]],"alignment_pwm":[null,[[0,0.333333,0,0.666667],[0,0,0.666667,0.333333],[0,0,1,0],[0,0,1,0],[0.666667,0,0.333333,0],[0.333333,0.666667,0,0],[0,0.333333,0,0.666667],[0,0.333333,0,0.666667],[0.666667,0,0,0.333333],[1,0,0,0],[0.333333,0,0,0.666667],[0,0,0,1],[0.333333,0,0,0.666667],[1,0,0,0],[1,0,0,0],[0.333333,0.666667,0,0],[0,0.666667,0,0.333333],[0.666667,0,0,0.333333],[1,0,0,0],[1,0,0,0],[0,0,1,0],[0.333333,0,0.666667,0],[0.333333,0.333333,0.333333,0],[0,0.666667,0.333333,0],[0,0,0,1],[0,0,0,1],[0,0,0,1],[0,0,0,1],[0,0,1,0],[0,1,0,0],[1,0,0,0],[0,0.666667,0,0.333333],[0,0,1,0],[0.333333,0,0.666667,0],[0,1,0,0],[1,0,0,0],[1,0,0,0],[1,0,0,0],[0.666667,0,0.333333,0],[0,0,1,0],[0,0,1,0],[1,0,0,0],[1,0,0,0],[0,1,0,0],[1,0,0,0],[0,0,1,0],[0,0,0,1],[0,1,0,0],[1,0,0,0],[0,0,1,0],[0,1,0,0],[1,0,0,0],[0,0,1,0],[1,0,0,0],[0,0,1,0],[0,0,0,1],[1,0,0,0],[1,0,0,0],[1,0,0,0],[0,1,0,0],[1,0,0,0],[0,0,1,0],[1,0,0,0],[0,1,0,0],[1,0,0,0],[1,0,0,0],[0,1,0,0],[0,1,0,0],[0.333333,0.666667,0,0],[0.666667,0.333333,0,0],[0.666667,0.333333,0,0]],null,null],"seqs":[0,1,2]},{"orient":8,"bin":8,"pvalue":3.34898e-07,"inferred_pwm":[[0,0,1,0],[0,0,0,1],[1,0,0,0],[1,0,0,0],[1,0,0,0],[0,1,0,0],[1,0,0,0]],"alignment_pwm":[null,[[0,0.333333,0,0.666667],[0,0,0.666667,0.333333],[0,0,1,0],[0,0,1,0],[0.666667,0,0.333333,0],[0.333333,0.666667,0,0],[0,0.333333,0,0.666667],[0,0.333333,0,0.666667],[0.666667,0,0,0.333333],[1,0,0,0],[0.333333,0,0,0.666667],[0,0,0,1],[0.333333,0,0,0.666667],[1,0,0,0],[1,0,0,0],[0.333333,0.666667,0,0],[0,0.666667,0,0.333333],[0.666667,0,0,0.333333],[1,0,0,0],[1,0,0,0],[0,0,1,0],[0.333333,0,0.666667,0],[0.333333,0.333333,0.333333,0],[0,0.666667,0.333333,0],[0,0,0,1],[0,0,0,1],[0,0,0,1],[0,0,0,1],[0,0,1,0],[0,1,0,0],[1,0,0,0],[0,0.666667,0,0.333333],[0,0,1,0],[0.333333,0,0.666667,0],[0,1,0,0],[1,0,0,0],[1,0,0,0],[1,0,0,0],[0.666667,0,0.333333,0],[0,0,1,0],[0,0,1,0],[1,0,0,0],[1,0,0,0],[0,1,0,0],[1,0,0,0],[0,0,1,0],[0,0,0,1],[0,1,0,0],[1,0,0,0],[0,0,1,0],[0,1,0,0],[1,0,0,0],[0,0,1,0],[1,0,0,0],[0,0,1,0],[0,0,0,1],[1,0,0,0],[1,0,0,0],[1,0,0,0],[0,1,0,0],[1,0,0,0],[0,0,1,0],[1,0,0,0],[0,1,0,0],[1,0,0,0],[1,0,0,0],[0,1,0,0],[0,1,0,0],[0.333333,0.666667,0,0],[0.666667,0.333333,0,0],[0.666667,0.333333,0,0]],null,null],"seqs":[0,1,2]}]}],[{"idx":0,"counts":[[0,0,0,0,0,0,0,0,0,0,0,0,0,0,0,0,0,0,0,0,0,0,0,0,0,0,0,0,0,0,0,0,0,0,0,0,0,0,0,0,0,0,0,0,0,0,0,0,0,0,0,0,0,0,0,0,0,0,0,0,0,0,0,0,0,0,0,0,0,0,0,0,0,0,0,0,0,0,0,0,0,0,0,0,0,0,0,0,0,0,0,0,0,0,0,0,0,0,0,0,0,0,0,0,0,0,0,0,0,0,0,0,0,0,0,0,0,0,0,0,0,0,0,0,0,0,0,0,0,0,0,0,0,0,0,0],[0,0,3,0,0,0,0,0,0,0,0,0,0,0,0,0,0,0,0,0,0,0,0,0,0,0,0,0,0,0,0,0,0,0,0,0,0,0,0,0,0,0,0,0,0,0,0,0,0,0,0,0,0,0,0,0,0,0,0,0,0,0,0,0,0,0,0,0,0,0,0,0,0,0,0,0,0,0,0,0,0,0,0,0,0,0,0,0,0,0,0,0,0,0,0,0,0,0,0,0,0,0,0,0,0,0,0,0,0,0,0,0,0,0,0,0,0,0,0,0,0,0,0,0,0,0,0,0,0,0,0,0,0,0,0,0],[0,0,0,0,0,0,0,0,0,0,0,0,0,0,0,0,0,0,0,0,0,0,0,0,0,0,0,0,0,0,0,0,0,0,0,0,0,0,0,0,0,0,0,0,0,0,0,0,0,0,0,0,0,0,0,0,0,0,0,0,0,0,0,0,0,0,0,0,0,0,0,0,0,0,0,0,0,0,0,0,0,0,0,0,0,0,0,0,0,0,0,0,0,0,0,0,0,0,0,0,0,0,0,0,0,0,0,0,0,0,0,0,0,0,0,0,0,0,0,0,0,0,0,0,0,0,0,0,0,0,0,0,0,0,0,0],[0,0,0,0,0,0,0,0,0,0,0,0,0,0,0,0,0,0,0,0,0,0,0,0,0,0,0,0,0,0,0,0,0,0,0,0,0,0,0,0,0,0,0,0,0,0,0,0,0,0,0,0,0,0,0,0,0,0,0,0,0,0,0,0,0,0,0,0,0,0,0,0,0,0,0,0,0,0,0,0,0,0,0,0,0,0,0,0,0,0,0,0,0,0,0,0,0,0,0,0,0,0,0,0,0,0,0,0,0,0,0,0,0,0,0,0,0,0,0,0,0,0,0,0,0,0,0,0,0,0,0,0,0,0,0,0]],"spacings":[{"orient":1,"bin":2,"pvalue":6.35066e-09,"inferred_pwm":[[1,0,0,0],[0,0,1,0],[0,1,0,0],[1,0,0,0],[0,0,1,0],[1,0,0,0],[0,0,1,0],[0,0,0,1],[1,0,0,0],[1,0,0,0],[1,0,0,0],[0,1,0,0],[1,0,0,0],[0,0,1,0],[1,0,0,0],[0,1,0,0]],"alignment_pwm":[null,[[0.666667,0,0,0.333333],[0.333333,0,0.666667,0],[0,0.666667,0.333333,0],[0,0.333333,0,0.666667],[0,0,0.666667,0.333333],[0,0,1,0],[0,0,1,0],[0.666667,0,0.333333,0],[0.333333,0.666667,0,0],[0,0.333333,0,0.666667],[0,0.333333,0,0.666667],[0.666667,0,0,0.333333],[1,0,0,0],[0.333333,0,0,0.666667],[0,0,0,1],[0.333333,0,0,0.666667],[1,0,0,0],[1,0,0,0],[0.333333,0.666667,0,0],[0,0.666667,0,0.333333],[0.666667,0,0,0.333333],[1,0,0,0],[1,0,0,0],[0,0,1,0],[0.333333,0,0.666667,0],[0.333333,0.333333,0.333333,0],[0,0.666667,0.333333,0],[0,0,0,1],[0,0,0,1],[0,0,0,1],[0,0,0,1],[0,0,1,0],[0,1,0,0],[1,0,0,0],[0,0.666667,0,0.333333],[0,0,1,0],[0.333333,0,0.666667,0],[0,1,0,0],[1,0,0,0],[1,0,0,0],[1,0,0,0],[0.666667,0,0.333333,0],[0,0,1,0],[0,0,1,0],[1,0,0,0],[1,0,0,0],[0,1,0,0],[1,0,0,0],[0,0,1,0],[0,0,0,1],[0,1,0,0],[1,0,0,0],[0,0,1,0],[0,1,0,0],[1,0,0,0],[0,0,1,0],[1,0,0,0],[0,0,1,0],[0,0,0,1],[1,0,0,0],[1,0,0,0],[1,0,0,0],[0,1,0,0],[1,0,0,0],[0,0,1,0],[1,0,0,0],[0,1,0,0],[1,0,0,0],[1,0,0,0],[0,1,0,0],[0,1,0,0],[0.333333,0.666667,0,0],[0.666667,0.333333,0,0],[0.666667,0.333333,0,0],[0.666667,0,0.333333,0],[0.333333,0,0.3