<!DOCTYPE HTML>
<html>
  <head>
    <meta charset="UTF-8">
    <title>SpaMo - Spaced Motif Analysis</title>
    <script type="text/javascript">
      //@JSON_VAR data
      var data = {"program":"SpaMo","version":"4.12.0","revision":"aacc9c3eb8c7b460b344d5c8aa1458097dae704d","release":"Tue Jun 27 16:22:50 2017 -0700","host":"Sudins-iMac.local","when":"Thu May 24 13:18:36 2018","cmd":["spamo","-verbosity","1","-oc","results/AHRpeaks_noAHREs.bed-499.fa/jaspar/spamo_out_3","-bgfile","results/AHRpeaks_noAHREs.bed-499.fa/jaspar/background","-primary","TRTTTRYTTWK","results/AHRpeaks_noAHREs.bed-499.fa/jaspar/AHRpeaks_noAHREs.bed-499.fa","results/AHRpeaks_noAHREs.bed-499.fa/jaspar/meme_out/meme.xml","results/AHRpeaks_noAHREs.bed-499.fa/jaspar/meme_out/meme.xml","results/AHRpeaks_noAHREs.bed-499.fa/jaspar/dreme_out/dreme.xml","/Users/filipov4/meme/db/motif_databases/JASPAR/JASPAR2018_CORE_non-redundant.meme"],"options":{"seq_min_hit_score":7,"margin":150,"bin_size":1,"bin_pvalue_calc_range":150,"use_best_secondary":0,"seq_max_shared_fract":0.5,"seq_odds_ratio":20,"bin_pvalue_cutoff":0.05,"motif_evalue_cutoff":10,"redundant_overlap":2,"redundant_joint":0.5,"motif_pseudocount":0.1,"bgfile":"results/AHRpeaks_noAHREs.bed-499.fa/jaspar/background","motif_trim":0.25,"xalph":0,"seed":1,"bin_max":9},"alphabet":{"name":"DNA","like":"dna","ncore":4,"symbols":[{"symbol":"A","name":"Adenine","colour":"CC0000","complement":"T"},{"symbol":"C","name":"Cytosine","colour":"0000CC","complement":"G"},{"symbol":"G","name":"Guanine","colour":"FFB300","complement":"C"},{"symbol":"T","aliases":"U","name":"Thymine","colour":"008000","complement":"A"},{"symbol":"N","aliases":"X.","name":"Any base","equals":"ACGT"},{"symbol":"V","name":"Not T","equals":"ACG"},{"symbol":"H","name":"Not G","equals":"ACT"},{"symbol":"D","name":"Not C","equals":"AGT"},{"symbol":"B","name":"Not A","equals":"CGT"},{"symbol":"M","name":"Amino","equals":"AC"},{"symbol":"R","name":"Purine","equals":"AG"},{"symbol":"W","name":"Weak","equals":"AT"},{"symbol":"S","name":"Strong","equals":"CG"},{"symbol":"Y","name":"Pyrimidine","equals":"CT"},{"symbol":"K","name":"Keto","equals":"GT"}]},"background":[0.2918,0.2082,0.2082,0.2918],"sequence_dbs":[{"source":"results/AHRpeaks_noAHREs.bed-499.fa/jaspar/AHRpeaks_noAHREs.bed-499.fa","name":"AHRpeaks_noAHREs.bed-499","last_modified":"Thu May 24 11:14:35 2018","loaded":959,"excluded_too_short":0,"excluded_no_match":425,"excluded_ambigs":0,"excluded_similar":7,"erased_primary_matches":486}],"primary_dbs":[{"source":"results/AHRpeaks_noAHREs.bed-499.fa/jaspar/meme_out/meme.xml","name":"meme.xml","last_modified":"Thu May 24 13:16:56 2018","loaded":6,"excluded":5}],"secondary_dbs":[{"source":"results/AHRpeaks_noAHREs.bed-499.fa/jaspar/meme_out/meme.xml","name":"meme.xml","last_modified":"Thu May 24 13:16:56 2018","loaded":7,"excluded":1},{"source":"results/AHRpeaks_noAHREs.bed-499.fa/jaspar/dreme_out/dreme.xml","name":"dreme.xml","last_modified":"Thu May 24 13:17:23 2018","loaded":4,"excluded":0},{"source":"/Users/filipov4/meme/db/motif_databases/JASPAR/JASPAR2018_CORE_non-redundant.meme","name":"JASPAR2018_CORE_non-redundant","last_modified":"Thu Dec  7 14:38:42 2017","loaded":1404,"excluded":0}],"secondary_motifs":[{"db":0,"id":"TCYTTSCCTMAGSCARTGTYT","alt":"MEME-4","len":21,"ltrim":0,"rtrim":0,"nsites":23,"evalue":"2.6e-022","pwm":[[0.044553,0.000901299,0.0874819,0.867064],[0.0878438,0.650252,0.000901299,0.261004],[0.174423,0.347222,0.000901299,0.477454],[0.0878438,0.000901299,0.217351,0.693904],[0.0878438,0.0441911,0.130772,0.737194],[0.0012632,0.563671,0.433802,0.0012632],[0.0012632,0.996572,0.000901299,0.0012632],[0.0012632,0.996572,0.000901299,0.0012632],[0.0012632,0.0874819,0.000901299,0.910354],[0.434164,0.347222,0.174061,0.044553],[0.910354,0.000901299,0.0874819,0.0012632],[0.044553,0.000901299,0.953283,0.0012632],[0.044553,0.347222,0.563671,0.044553],[0.0012632,0.953283,0.000901299,0.044553],[0.823774,0.000901299,0.000901299,0.174423],[0.390873,0.174061,0.347222,0.0878438],[0.0878438,0.0441911,0.0874819,0.780484],[0.261004,0.0441911,0.693542,0.0012632],[0.044553,0.130772,0.174061,0.650614],[0.131134,0.477092,0.0874819,0.304294],[0.044553,0.000901299,0.0874819,0.867064]]},{"db":2,"id":"MA0068.2","alt":"PAX4","len":8,"ltrim":0,"rtrim":0,"nsites":522,"url":"http://jaspar2018.genereg.net/matrix/MA0068.2","pwm":[[0.0709233,0.637849,0.0900606,0.201166],[0.107244,0.0554823,0.221808,0.615465],[0.985074,0.00595574,3.98775e-05,0.00893019],[0.999864,3.98775e-05,3.98775e-05,5.58896e-05],[5.58896e-05,3.98775e-05,0.01483,0.985074],[0.0484336,0.0296042,0.0269167,0.895045],[0.748228,0.200002,0.0247541,0.0270167],[0.243121,0.15074,0.539645,0.0664942]]},{"db":2,"id":"MA0081.1","alt":"SPIB","len":7,"ltrim":0,"rtrim":0,"nsites":49,"url":"http://jaspar2018.genereg.net/matrix/MA0081.1","pwm":[[0.631959,0.000424033,0.000424033,0.367193],[0.082061,0.285556,0.591056,0.0413272],[0.489393,0.32629,0.14299,0.0413272],[0.0413272,0.000424033,0.957655,0.000594297],[0.0209607,0.000424033,0.957655,0.0209607],[0.978191,0.000424033,0.000424033,0.0209607],[0.957825,0.000424033,0.000424033,0.0413272]]},{"db":2,"id":"MA0094.2","alt":"Ubx","len":8,"ltrim":1,"rtrim":0,"nsites":20,"url":"http://jaspar2018.genereg.net/matrix/MA0094.2","pwm":[[0.150705,0.249792,0.15029,0.449213],[0.00145174,0.00103582,0.00103582,0.996477],[0.00145174,0.00103582,0.00103582,0.996477],[0.847223,0.00103582,0.00103582,0.150705],[0.996477,0.00103582,0.00103582,0.00145174],[0.00145174,0.00103582,0.00103582,0.996477],[0.00145174,0.00103582,0.299543,0.697969],[0.697969,0.00103582,0.299543,0.00145174]]},{"db":2,"id":"MA0126.1","alt":"ovo","len":9,"ltrim":0,"rtrim":1,"nsites":21,"url":"http://jaspar2018.genereg.net/matrix/MA0126.1","pwm":[[0.475316,0.19056,0.000986731,0.333136],[0.0487763,0.19056,0.664494,0.0961696],[0.190956,0.0957734,0.0957734,0.617497],[0.94925,0.000986731,0.000986731,0.0487763],[0.996644,0.000986731,0.000986731,0.00138294],[0.00138294,0.996247,0.000986731,0.00138294],[0.333136,0.237953,0.143167,0.285743],[0.00138294,0.000986731,0.996247,0.00138294],[0.23835,0.19056,0.0957734,0.475316]]},{"db":2,"id":"MA0142.1","alt":"Pou5f1::Sox2","len":15,"ltrim":0,"rtrim":0,"nsites":1364,"url":"http://jaspar2018.genereg.net/matrix/MA0142.1","pwm":[[0.046206,0.620205,0.0483987,0.285191],[0.423855,0.0424722,0.0205118,0.513161],[0.0080678,0.0365886,0.0263483,0.928995],[0.0343509,0.00878062,0.057717,0.899151],[0.0862091,0.265153,0.602601,0.046037],[0.30314,0.0131623,0.0211967,0.6625],[0.150485,0.266614,0.135871,0.447031],[0.902073,0.0219277,0.017545,0.0584541],[0.0124385,0.003667,0.0109715,0.972923],[0.00732586,0.0117014,0.904989,0.0759838],[0.0102546,0.752153,0.0943063,0.143286],[0.769196,0.0117364,0.0219917,0.197077],[0.651222,0.0499386,0.231276,0.0675644],[0.881662,0.0242605,0.0551182,0.0389605],[0.145492,0.0874449,0.152098,0.614965]]},{"db":2,"id":"MA0143.3","alt":"Sox2","len":8,"ltrim":0,"rtrim":0,"nsites":1476,"url":"http://jaspar2018.genereg.net/matrix/MA0143.3","pwm":[[1.97683e-05,0.999946,1.41047e-05,1.97683e-05],[1.97683e-05,0.999946,1.41047e-05,1.97683e-05],[0.453241,1.41047e-05,1.41047e-05,0.546731],[1.97683e-05,1.41047e-05,1.41047e-05,0.999952],[1.97683e-05,1.41047e-05,1.41047e-05,0.999952],[1.97683e-05,1.41047e-05,0.999946,1.97683e-05],[1.97683e-05,1.41047e-05,1.41047e-05,0.999952],[1.97683e-05,0.28387,0.20122,0.51489]]},{"db":2,"id":"MA0151.1","alt":"Arid3a","len":6,"ltrim":0,"rtrim":0,"nsites":27,"url":"http://jaspar2018.genereg.net/matrix/MA0151.1","pwm":[[0.997387,0.000768266,0.000768266,0.00107675],[0.00107675,0.000768266,0.000768266,0.997387],[0.0379771,0.332871,0.000768266,0.628383],[0.997387,0.000768266,0.000768266,0.00107675],[0.997387,0.000768266,0.000768266,0.00107675],[0.739084,0.000768266,0.0376686,0.222479]]},{"db":2,"id":"MA0167.1","alt":"Awh","len":7,"ltrim":0,"rtrim":0,"nsites":40,"url":"http://jaspar2018.genereg.net/matrix/MA0167.1","pwm":[[0.0755406,0.399522,0.000519202,0.524418],[0.0256653,0.000519202,0.000519202,0.973296],[0.82367,0.000519202,0.175083,0.00072768],[0.998234,0.000519202,0.000519202,0.00072768],[0.00072768,0.000519202,0.0254569,0.973296],[0.00072768,0.000519202,0.20002,0.798733],[0.848608,0.000519202,0.10027,0.050603]]},{"db":2,"id":"MA0172.1","alt":"CG11294","len":7,"ltrim":0,"rtrim":0,"nsites":15,"url":"http://jaspar2018.genereg.net/matrix/MA0172.1","pwm":[[0.00193245,0.200054,0.00137881,0.796634],[0.00193245,0.133829,0.00137881,0.86286],[0.99531,0.00137881,0.00137881,0.00193245],[0.99531,0.00137881,0.00137881,0.00193245],[0.00193245,0.00137881,0.00137881,0.99531],[0.00193245,0.00137881,0.00137881,0.99531],[0.99531,0.00137881,0.00137881,0.00193245]]},{"db":2,"id":"MA0176.1","alt":"CG15696-RA","len":7,"ltrim":0,"rtrim":0,"nsites":32,"url":"http://jaspar2018.genereg.net/matrix/MA0176.1","pwm":[[0.0632143,0.0941065,0.0941065,0.748573],[0.0632143,0.0941065,0.000648599,0.842031],[0.655115,0.000648599,0.187564,0.156672],[0.997794,0.000648599,0.000648599,0.000909034],[0.000909034,0.000648599,0.000648599,0.997794],[0.000909034,0.000648599,0.0629539,0.935488],[0.499351,0.000648599,0.499091,0.000909034]]},{"db":2,"id":"MA0180.1","alt":"Vsx2","len":9,"ltrim":0,"rtrim":0,"nsites":13,"url":"http://jaspar2018.genereg.net/matrix/MA0180.1","pwm":[[0.0785633,0.0779251,0.383268,0.460242],[0.154899,0.154261,0.00158931,0.689251],[0.00222748,0.00158931,0.00158931,0.994594],[0.994594,0.00158931,0.00158931,0.00222748],[0.994594,0.00158931,0.00158931,0.00222748],[0.00222748,0.00158931,0.00158931,0.994594],[0.00222748,0.00158931,0.00158931,0.994594],[0.765586,0.00158931,0.230597,0.00222748],[0.0785633,0.154261,0.764948,0.00222748]]},{"db":2,"id":"MA0194.1","alt":"Lim1","len":7,"ltrim":0,"rtrim":0,"nsites":18,"url":"http://jaspar2018.genereg.net/matrix/MA0194.1","pwm":[[0.00161215,0.111647,0.00115028,0.88559],[0.00161215,0.00115028,0.00115028,0.996087],[0.996087,0.00115028,0.00115028,0.00161215],[0.996087,0.00115028,0.00115028,0.00161215],[0.00161215,0.00115028,0.00115028,0.996087],[0.00161215,0.00115028,0.00115028,0.996087],[0.940838,0.00115028,0.0563993,0.00161215]]},{"db":2,"id":"MA0198.1","alt":"OdsH","len":7,"ltrim":0,"rtrim":0,"nsites":22,"url":"http://jaspar2018.genereg.net/matrix/MA0198.1","pwm":[[0.00132036,0.49868,0.181937,0.318063],[0.00132036,0.000942082,0.000942082,0.996795],[0.996795,0.000942082,0.000942082,0.00132036],[0.996795,0.000942082,0.000942082,0.00132036],[0.00132036,0.000942082,0.000942082,0.996795],[0.00132036,0.000942082,0.000942082,0.996795],[0.589556,0.000942082,0.362933,0.0465697]]},{"db":2,"id":"MA0208.1","alt":"al","len":7,"ltrim":0,"rtrim":0,"nsites":20,"url":"http://jaspar2018.genereg.net/matrix/MA0208.1","pwm":[[0.00145174,0.00103582,0.00103582,0.996477],[0.996477,0.00103582,0.00103582,0.00145174],[0.996477,0.00103582,0.00103582,0.00145174],[0.00145174,0.00103582,0.00103582,0.996477],[0.00145174,0.00103582,0.00103582,0.996477],[0.847223,0.00103582,0.15029,0.00145174],[0.896974,0.00103582,0.100538,0.00145174]]},{"db":2,"id":"MA0218.1","alt":"ct","len":6,"ltrim":0,"rtrim":0,"nsites":20,"url":"http://jaspar2018.genereg.net/matrix/MA0218.1","pwm":[[0.00145174,0.299543,0.00103582,0.697969],[0.051203,0.100538,0.00103582,0.847223],[0.449213,0.00103582,0.5483,0.00145174],[0.996477,0.00103582,0.00103582,0.00145174],[0.847223,0.00103582,0.0507871,0.100954],[0.00145174,0.946309,0.0507871,0.00145174]]},{"db":2,"id":"MA0224.1","alt":"exex","len":7,"ltrim":0,"rtrim":0,"nsites":23,"url":"http://jaspar2018.genereg.net/matrix/MA0224.1","pwm":[[0.0012632,0.303932,0.433802,0.261004],[0.0012632,0.000901299,0.000901299,0.996934],[0.996934,0.000901299,0.000901299,0.0012632],[0.996934,0.000901299,0.000901299,0.0012632],[0.0012632,0.000901299,0.000901299,0.996934],[0.044553,0.0441911,0.000901299,0.910354],[0.867064,0.000901299,0.130772,0.0012632]]},{"db":2,"id":"MA0225.1","alt":"ftz","len":7,"ltrim":0,"rtrim":0,"nsites":18,"url":"http://jaspar2018.genereg.net/matrix/MA0225.1","pwm":[[0.0568612,0.111647,0.00115028,0.830341],[0.0568612,0.00115028,0.00115028,0.940838],[0.996087,0.00115028,0.00115028,0.00161215],[0.996087,0.00115028,0.00115028,0.00161215],[0.00161215,0.00115028,0.00115028,0.996087],[0.00161215,0.00115028,0.498388,0.49885],[0.775093,0.00115028,0.222145,0.00161215]]},{"db":2,"id":"MA0229.1","alt":"inv","len":8,"ltrim":0,"rtrim":0,"nsites":16,"url":"http://jaspar2018.genereg.net/matrix/MA0229.1","pwm":[[0.25026,0.00129317,0.187629,0.560819],[0.0639242,0.560299,0.00129317,0.374483],[0.00181242,0.00129317,0.00129317,0.995601],[0.995601,0.00129317,0.00129317,0.00181242],[0.995601,0.00129317,0.00129317,0.00181242],[0.00181242,0.00129317,0.00129317,0.995601],[0.00181242,0.00129317,0.00129317,0.995601],[0.685042,0.00129317,0.311852,0.00181242]]},{"db":2,"id":"MA0239.1","alt":"prd","len":9,"ltrim":0,"rtrim":1,"nsites":21,"url":"http://jaspar2018.genereg.net/matrix/MA0239.1","pwm":[[0.475316,0.19056,0.000986731,0.333136],[0.0487763,0.19056,0.664494,0.0961696],[0.190956,0.0957734,0.0957734,0.617497],[0.94925,0.000986731,0.000986731,0.0487763],[0.996644,0.000986731,0.000986731,0.00138294],[0.00138294,0.996247,0.000986731,0.00138294],[0.333136,0.237953,0.143167,0.285743],[0.00138294,0.000986731,0.996247,0.00138294],[0.23835,0.19056,0.0957734,0.475316]]},{"db":2,"id":"MA0250.1","alt":"unc-4","len":7,"ltrim":0,"rtrim":0,"nsites":21,"url":"http://jaspar2018.genereg.net/matrix/MA0250.1","pwm":[[0.0487763,0.237953,0.0957734,0.617497],[0.00138294,0.000986731,0.000986731,0.996644],[0.996644,0.000986731,0.000986731,0.00138294],[0.996644,0.000986731,0.000986731,0.00138294],[0.00138294,0.000986731,0.000986731,0.996644],[0.0487763,0.000986731,0.000986731,0.94925],[0.285743,0.04838,0.664494,0.00138294]]},{"db":2,"id":"MA0261.1","alt":"lin-14","len":6,"ltrim":0,"rtrim":0,"nsites":159,"url":"http://jaspar2018.genereg.net/matrix/MA0261.1","pwm":[[0.000183407,0.000130861,0.999502,0.000183407],[0.999555,0.000130861,0.000130861,0.000183407],[0.999555,0.000130861,0.000130861,0.000183407],[0.000183407,0.999502,0.000130861,0.000183407],[0.528153,0.0441282,0.35211,0.075608],[0.0381345,0.531443,0.183559,0.246863]]},{"db":2,"id":"MA0263.1","alt":"ceh-10::ttx-3","len":14,"ltrim":0,"rtrim":0,"nsites":29,"url":"http://jaspar2018.genereg.net/matrix/MA0263.1","pwm":[[0.963202,0.000715464,0.03508,0.00100275],[0.00100275,0.000715464,0.03508,0.963202],[0.0353673,0.000715464,0.000715464,0.963202],[0.310281,0.000715464,0.688001,0.00100275],[0.00100275,0.000715464,0.962915,0.0353673],[0.0697318,0.550544,0.03508,0.344646],[0.104095,0.172537,0.03508,0.688288],[0.0353673,0.172537,0.000715464,0.79138],[0.482103,0.516179,0.000715464,0.00100275],[0.13846,0.103808,0.75673,0.00100275],[0.00100275,0.000715464,0.000715464,0.997566],[0.00100275,0.0694445,0.000715464,0.928837],[0.825745,0.03508,0.000715464,0.13846],[0.516466,0.000715464,0.309994,0.172824]]},{"db":2,"id":"MA0299.1","alt":"GAL4","len":15,"ltrim":0,"rtrim":0,"nsites":2779,"url":"http://jaspar2018.genereg.net/matrix/MA0299.1","pwm":[[1.04998e-05,0.999972,7.49164e-06,1.04998e-05],[1.04998e-05,7.49164e-06,0.999972,1.04998e-05],[1.04998e-05,0.155985,0.809451,0.0345533],[0.252845,0.21287,0.301264,0.233021],[0.0948741,0.36939,0.373938,0.161798],[0.31636,0.251473,0.31108,0.121086],[0.7862,7.49164e-06,0.180841,0.0329503],[0.197771,0.452031,0.282522,0.0676751],[0.640858,0.112231,7.49164e-06,0.246903],[0.206005,0.185059,0.545158,0.0637782],[0.0305534,0.244033,0.157177,0.568237],[0.36608,0.161767,0.34574,0.126414],[1.04998e-05,0.480592,0.243812,0.275586],[0.0771327,0.128654,0.137515,0.656699],[1.04998e-05,0.999972,7.49164e-06,1.04998e-05]]},{"db":2,"id":"MA0321.1","alt":"INO2","len":9,"ltrim":0,"rtrim":0,"nsites":249,"url":"http://jaspar2018.genereg.net/matrix/MA0321.1","pwm":[[0.0723771,0.116503,0.794945,0.0161747],[0.000117142,0.999682,8.3581e-05,0.000117142],[0.933477,0.0422357,8.3581e-05,0.0242035],[0.000117142,0.142883,8.3581e-05,0.856916],[0.0265215,8.3581e-05,0.973278,0.000117142],[0.0482908,8.3581e-05,0.066322,0.885304],[0.000117142,0.12367,0.876096,0.000117142],[0.783136,0.0889369,0.12781,0.000117142],[0.811912,0.0121997,0.0303744,0.145514]]},{"db":2,"id":"MA0621.1","alt":"mix-a","len":11,"ltrim":2,"rtrim":2,"nsites":999,"url":"http://jaspar2018.genereg.net/matrix/MA0621.1","pwm":[[0.31231,0.229227,0.229227,0.229235],[0.344995,0.150006,0.260995,0.244005],[0.129886,0.14586,0.0459702,0.678283],[2.92063e-05,2.08388e-05,2.08388e-05,0.999929],[0.999929,2.08388e-05,2.08388e-05,2.92063e-05],[0.999929,2.08388e-05,2.08388e-05,2.92063e-05],[2.92063e-05,2.08388e-05,2.08388e-05,0.999929],[2.92063e-05,2.08388e-05,2.08388e-05,0.999929],[0.936998,0.0209977,0.0209977,0.0210061],[0.228006,0.100011,0.487972,0.184011],[0.204804,0.204795,0.289702,0.300698]]},{"db":2,"id":"MA0658.1","alt":"LHX6","len":10,"ltrim":0,"rtrim":1,"nsites":4438,"url":"http://jaspar2018.genereg.net/matrix/MA0658.1","pwm":[[0.418429,0.173277,0.348803,0.0594912],[0.0918925,0.523703,0.1374,0.247005],[6.57488e-06,0.0536165,0.00593756,0.940438],[0.884932,0.0179503,0.0971115,6.57488e-06],[0.996839,0.00314962,4.6912e-06,6.57488e-06],[6.57488e-06,0.0215382,0.00330062,0.975155],[6.57488e-06,0.144203,0.0203352,0.835455],[0.947668,4.6912e-06,0.0518935,0.000433565],[0.316628,0.120921,0.525619,0.0368317],[0.123511,0.37277,0.164076,0.339643]]},{"db":2,"id":"MA0713.1","alt":"PHOX2A","len":11,"ltrim":0,"rtrim":0,"nsites":15335,"url":"http://jaspar2018.genereg.net/matrix/MA0713.1","pwm":[[0.141116,0.0808618,0.0324111,0.745612],[0.805265,0.0158473,0.108389,0.0704994],[0.996596,1.35767e-06,0.00296434,0.0004379],[0.0763084,0.247857,0.0352411,0.640594],[0.0444596,0.369024,0.160022,0.426493],[0.0934623,0.339183,0.059691,0.507664],[0.78942,0.049504,0.130904,0.0301727],[0.94699,0.0164833,0.0255932,0.0109348],[1.90282e-06,0.000875352,0.000176357,0.998947],[0.0845264,0.05794,0.00603332,0.8515],[0.808854,0.0162013,0.057726,0.117219]]},{"db":2,"id":"MA0715.1","alt":"PROP1","len":11,"ltrim":0,"rtrim":0,"nsites":660,"url":"http://jaspar2018.genereg.net/matrix/MA0715.1","pwm":[[0.0954847,0.0182108,0.0151812,0.871124],[0.981125,3.15407e-05,3.15407e-05,0.0188124],[0.996427,3.15407e-05,0.00349702,4.42054e-05],[0.060956,0.0579718,0.0267735,0.854298],[0.0449094,0.334917,0.0320777,0.588096],[0.317704,0.0989745,0.135428,0.447893],[0.890002,0.0588466,3.15407e-05,0.0511205],[0.912604,0.00479282,0.0730365,0.00956676],[0.00350968,3.15407e-05,3.15407e-05,0.996427],[0.021283,0.0294391,0.00983406,0.939444],[0.902576,3.15407e-05,0.023576,0.073816]]},{"db":2,"id":"MA0726.1","alt":"VSX2","len":8,"ltrim":0,"rtrim":1,"nsites":14681,"url":"http://jaspar2018.genereg.net/matrix/MA0726.1","pwm":[[0.0290868,0.65077,0.0303122,0.28983],[0.0600786,0.151583,0.0201933,0.768145],[0.923613,0.0265542,0.0229433,0.0268898],[0.978039,0.00878336,0.00871336,0.00446396],[0.00830893,0.0130953,0.00647837,0.972117],[0.0405217,0.0367022,0.0289352,0.89384],[0.80038,0.0186063,0.122241,0.0587736],[0.209357,0.234847,0.310521,0.245275]]},{"db":2,"id":"MA0793.1","alt":"POU6F2","len":10,"ltrim":0,"rtrim":0,"nsites":3297,"url":"http://jaspar2018.genereg.net/matrix/MA0793.1","pwm":[[0.560502,0.0973644,0.176525,0.165609],[0.166943,0.276126,0.49473,0.0622],[0.059578,0.821766,0.0545907,0.0640649],[0.0211352,0.0180338,0.0321183,0.928713],[0.347723,0.614049,0.0145919,0.0236371],[0.971685,0.0221096,6.31465e-06,0.00619766],[8.8502e-06,0.00121828,6.31465e-06,0.998767],[8.8502e-06,0.00358821,0.0122449,0.984158],[0.96997,0.00795007,0.00647812,0.0156014],[0.384589,0.165606,0.0621824,0.387622]]},{"db":2,"id":"MA0853.1","alt":"Alx4","len":17,"ltrim":0,"rtrim":5,"nsites":101,"url":"http://jaspar2018.genereg.net/matrix/MA0853.1","pwm":[[0.158548,0.583786,0.148574,0.109092],[0.10019,0.239969,0.559652,0.10019],[0.190101,0.439771,0.160048,0.210081],[0.399893,0.150058,0.289919,0.16013],[0.0204706,0.3433,0.0102969,0.625932],[0.0101798,0.0793356,0.000205935,0.910279],[0.979517,0.0100971,0.0100971,0.000288625],[0.979319,0.000205935,0.010196,0.0102787],[0.0102787,0.010196,0.000205935,0.979319],[0.000288625,0.0100971,0.0100971,0.979517],[0.910279,0.000205935,0.0793356,0.0101798],[0.625932,0.0102969,0.3433,0.0204706],[0.17012,0.229978,0.180028,0.419873],[0.290002,0.279929,0.130077,0.299992],[0.359933,0.229978,0.190018,0.220071],[0.230061,0.289919,0.249959,0.230061],[0.12017,0.429781,0.209998,0.240051]]},{"db":2,"id":"MA0854.1","alt":"Alx1","len":17,"ltrim":1,"rtrim":4,"nsites":100,"url":"http://jaspar2018.genereg.net/matrix/MA0854.1","pwm":[[0.190102,0.439768,0.170038,0.200092],[0.0702216,0.209998,0.649559,0.0702216],[0.379912,0.329878,0.140068,0.150142],[0.429862,0.0901181,0.309898,0.170122],[0.0502416,0.399808,0.020188,0.529762],[0.0102815,0.0701381,0.000207992,0.919372],[0.989202,0.000207992,0.0102989,0.000291508],[0.979312,0.000207992,0.010198,0.0102815],[0.0102815,0.010198,0.000207992,0.979312],[0.000291508,0.0102989,0.000207992,0.989202],[0.919372,0.000207992,0.0701381,0.0102815],[0.529762,0.020188,0.399808,0.0502416],[0.150142,0.209998,0.110098,0.529762],[0.230062,0.319888,0.160048,0.290002],[0.393837,0.313026,0.121299,0.171837],[0.240052,0.289918,0.229978,0.240052],[0.150142,0.399808,0.140068,0.309982]]},{"db":2,"id":"MA0874.1","alt":"Arx","len":17,"ltrim":3,"rtrim":0,"nsites":100,"url":"http://jaspar2018.genereg.net/matrix/MA0874.1","pwm":[[0.240052,0.219988,0.399808,0.140152],[0.130162,0.160048,0.190018,0.519772],[0.158549,0.366179,0.28705,0.188223],[0.217896,0.554109,0.128792,0.0992026],[0.494847,0.0595546,0.37607,0.0695293],[0.0102815,0.379828,0.010198,0.599692],[0.0102815,0.130078,0.000207992,0.859432],[0.989202,0.000207992,0.000207992,0.0103824],[0.97951,0.000207992,0.0100991,0.0101826],[0.0101826,0.0100991,0.000207992,0.97951],[0.0103824,0.000207992,0.000207992,0.989202],[0.859432,0.000207992,0.130078,0.0102815],[0.599692,0.010198,0.379828,0.0102815],[0.160132,0.160048,0.140068,0.539752],[0.180112,0.110098,0.439768,0.270022],[0.0902016,0.359848,0.369838,0.180112],[0.529762,0.100108,0.0701381,0.299992]]},{"db":2,"id":"MA0884.1","alt":"DUXA","len":13,"ltrim":1,"rtrim":1,"nsites":1014,"url":"http://jaspar2018.genereg.net/matrix/MA0884.1","pwm":[[0.220914,0.308669,0.191323,0.279094],[0.145986,0.172627,0.0672459,0.614141],[0.635272,0.00487005,0.348192,0.0116666],[0.978696,0.00581196,0.0106375,0.0048543],[0.106685,0.30901,0.0980499,0.486256],[0.0118616,0.38657,0.190337,0.411231],[0.0153913,0.229791,0.0775009,0.677317],[0.890196,0.0491817,0.0412805,0.0193419],[0.976811,0.00676387,0.00965358,0.00677211],[2.87743e-05,0.00100043,0.00492205,0.994049],[2.87743e-05,0.901265,0.00268727,0.0960193],[0.854199,0.0244491,0.0438242,0.0775271],[0.358967,0.175545,0.279086,0.186401]]},{"db":2,"id":"MA0923.1","alt":"lim-4","len":9,"ltrim":2,"rtrim":0,"nsites":1000,"url":"http://jaspar2018.genereg.net/matrix/MA0923.1","pwm":[[0.274002,0.237997,0.31199,0.176012],[0.112018,0.402981,0.30399,0.181011],[0.022027,0.290992,0.00602022,0.680961],[0.851944,0.117009,0.0200188,0.0110281],[0.978952,0.00701312,0.0120076,0.00202698],[0.00703548,0.00402442,0.00302352,0.985917],[0.0100182,0.102908,0.0489669,0.838107],[0.938935,0.0100198,0.0130195,0.0380254],[0.513978,0.0520156,0.330988,0.103019]]},{"db":2,"id":"MA1076.1","alt":"WRKY15","len":10,"ltrim":1,"rtrim":2,"nsites":1000,"url":"http://jaspar2018.genereg.net/matrix/MA1076.1","pwm":[[0.308998,0.197001,0.247996,0.246005],[0.36836,0.0961072,0.464438,0.0710931],[0.00402878,0.00802002,0.948926,0.0390253],[0.00902828,0.00302052,0.00402042,0.983931],[0.0300262,0.964924,0.00202062,0.00302888],[0.806948,0.10401,0.0260182,0.0630229],[0.745955,0.0350173,0.154005,0.0650227],[0.253004,0.524968,0.0890119,0.133016],[0.188821,0.237759,0.395585,0.177833],[0.214008,0.291992,0.274993,0.219007]]},{"db":2,"id":"MA1078.1","alt":"WRKY2","len":8,"ltrim":1,"rtrim":0,"nsites":1000,"url":"http://jaspar2018.genereg.net/matrix/MA1078.1","pwm":[[0.115018,0.392982,0.245996,0.246005],[0.276725,0.0110087,0.712238,2.91771e-05],[2.91771e-05,2.08179e-05,0.999921,2.91771e-05],[2.91771e-05,2.08179e-05,2.08179e-05,0.999929],[2.91771e-05,0.999921,2.08179e-05,2.91771e-05],[0.961895,0.0190379,0.0190379,2.91771e-05],[0.805949,2.08179e-05,0.163005,0.0310261],[0.271002,0.527968,0.0720136,0.129016]]},{"db":2,"id":"MA1079.1","alt":"WRKY21","len":10,"ltrim":2,"rtrim":1,"nsites":1000,"url":"http://jaspar2018.genereg.net/matrix/MA1079.1","pwm":[[0.281001,0.222999,0.248996,0.247004],[0.320997,0.195001,0.223998,0.260003],[0.402989,0.0870121,0.40698,0.103019],[0.0510241,2.08179e-05,0.90993,0.0390253],[0.0909291,0.00401642,0.00201862,0.903036],[2.91771e-05,0.998921,2.08179e-05,0.00102908],[0.868942,0.0660142,0.0210187,0.0440248],[0.780732,0.0100298,0.162167,0.0470715],[0.208008,0.60696,0.0650143,0.120017],[0.159013,0.209,0.428978,0.203009]]},{"db":2,"id":"MA1081.1","alt":"WRKY25","len":8,"ltrim":0,"rtrim":0,"nsites":1000,"url":"http://jaspar2018.genereg.net/matrix/MA1081.1","pwm":[[0.0590233,0.499971,0.118009,0.322997],[0.265268,2.08179e-05,0.734682,2.91771e-05],[2.91771e-05,2.08179e-05,0.999921,2.91771e-05],[2.91771e-05,2.08179e-05,2.08179e-05,0.999929],[2.91771e-05,0.999921,2.08179e-05,2.91771e-05],[0.999929,2.08179e-05,2.08179e-05,2.91771e-05],[0.902939,2.08179e-05,0.058015,0.0390253],[0.184195,0.63159,0.0790919,0.105124]]},{"db":2,"id":"MA1083.1","alt":"WRKY30","len":10,"ltrim":0,"rtrim":3,"nsites":1001,"url":"http://jaspar2018.genereg.net/matrix/MA1083.1","pwm":[[0.394595,0.131876,0.43654,0.0369885],[0.00103005,0.0060262,0.989912,0.00303185],[0.00102905,0.0020206,0.0010207,0.99593],[0.0230498,0.9769,2.07971e-05,2.91479e-05],[0.903843,0.0550703,0.0140334,0.0270534],[0.860083,0.0199988,0.077935,0.041983],[0.0620849,0.783727,0.0440604,0.110128],[0.130016,0.226998,0.480973,0.162013],[0.205009,0.326988,0.264994,0.203009],[0.214222,0.22122,0.251247,0.313311]]},{"db":2,"id":"MA1086.1","alt":"WRKY43","len":10,"ltrim":1,"rtrim":3,"nsites":1001,"url":"http://jaspar2018.genereg.net/matrix/MA1086.1","pwm":[[0.373618,0.212787,0.168835,0.24476],[0.50847,0.0919196,0.341645,0.0579654],[0.0530239,0.018019,0.876933,0.052024],[0.0740218,0.0140194,0.0040204,0.907938],[0.0869335,0.891041,0.0110087,0.0110171],[0.797949,0.0620146,0.0610147,0.0790213],[0.765719,0.0320496,0.131139,0.071093],[0.256004,0.459975,0.10801,0.176012],[0.331664,0.195805,0.30968,0.16285],[0.231006,0.31099,0.217999,0.240005]]},{"db":2,"id":"MA1088.1","alt":"WRKY48","len":10,"ltrim":3,"rtrim":2,"nsites":999,"url":"http://jaspar2018.genereg.net/matrix/MA1088.1","pwm":[[0.262265,0.237234,0.265259,0.235241],[0.26274,0.230767,0.251744,0.254749],[0.325671,0.153851,0.40957,0.110907],[0.0210271,2.08388e-05,0.868934,0.110018],[0.0210481,2.08388e-05,2.08388e-05,0.97891],[0.0630229,0.929928,0.00102074,0.00602861],[0.661963,0.145006,0.0660142,0.127016],[0.537438,0.0759372,0.22777,0.158854],[0.269002,0.385982,0.155005,0.19001],[0.234006,0.231998,0.31299,0.221007]]},{"db":2,"id":"MA1089.1","alt":"WRKY57","len":10,"ltrim":2,"rtrim":1,"nsites":1000,"url":"http://jaspar2018.genereg.net/matrix/MA1089.1","pwm":[[0.397989,0.177003,0.202001,0.223007],[0.407988,0.173004,0.161005,0.258003],[0.49848,0.0759372,0.311678,0.113904],[0.0380254,0.0170191,0.869934,0.0750217],[0.0300562,2.08179e-05,2.08179e-05,0.969902],[0.052024,0.913929,0.00702012,0.0270265],[0.878941,0.048016,0.0230185,0.0500242],[0.816947,0.0140194,0.11301,0.0560236],[0.260003,0.50797,0.0870121,0.145015],[0.199208,0.207207,0.386368,0.207215]]},{"db":2,"id":"MA1094.1","alt":"WRKY8","len":9,"ltrim":2,"rtrim":2,"nsites":1000,"url":"http://jaspar2018.genereg.net/matrix/MA1094.1","pwm":[[0.298999,0.203001,0.223998,0.274002],[0.375992,0.124008,0.402981,0.0970195],[0.0200272,0.00102072,0.882933,0.0960196],[0.0110281,2.08179e-05,0.00102072,0.98793],[0.0430249,0.947926,2.08179e-05,0.00902828],[0.803949,0.0920116,0.028018,0.0760216],[0.721957,0.0320176,0.163005,0.0830209],[0.25375,0.466507,0.119889,0.159853],[0.215792,0.217781,0.373609,0.192817]]},{"db":2,"id":"MA1115.1","alt":"POU5F1","len":11,"ltrim":2,"rtrim":2,"nsites":13114,"url":"http://jaspar2018.genereg.net/matrix/MA1115.1","pwm":[[0.379898,0.0983688,0.152204,0.369528],[0.274745,0.212368,0.145493,0.367393],[0.967892,0.00930452,0.0174635,0.00534018],[0.00633118,0.00991451,0.00511055,0.978644],[0.0546758,0.0146425,0.882334,0.0483469],[0.0406459,0.786179,0.0417883,0.131387],[0.896442,0.0100675,0.00899952,0.0844916],[0.805242,0.0526172,0.078238,0.0639027],[0.936399,0.0205904,0.0195984,0.023412],[0.194907,0.160439,0.157923,0.486731],[0.26506,0.186823,0.270779,0.277337]]},{"db":2,"id":"MA1166.1","alt":"AT3G12730","len":14,"ltrim":0,"rtrim":0,"nsites":105,"url":"http://jaspar2018.genereg.net/matrix/MA1166.1","pwm":[[0.514074,0.133404,0.219038,0.133484],[0.637766,0.0858305,0.114375,0.162029],[0.761458,0.0287419,0.161949,0.0478513],[0.409412,0.152434,0.418847,0.0193075],[0.399897,0.0953455,0.50448,0.00027764],[0.0383364,0.000198097,0.961188,0.00027764],[0.942238,0.000198097,0.00971304,0.0478513],[0.999326,0.000198097,0.000198097,0.00027764],[0.00027764,0.000198097,0.00971304,0.989811],[0.790002,0.209523,0.000198097,0.00027764],[0.00027764,0.000198097,0.000198097,0.999326],[0.0288215,0.000198097,0.000198097,0.970782],[0.00027764,0.818467,0.000198097,0.181057],[0.0668812,0.418847,0.133404,0.380867]]},{"db":2,"id":"MA1276.1","alt":"AT3G52440","len":11,"ltrim":1,"rtrim":1,"nsites":599,"url":"http://jaspar2018.genereg.net/matrix/MA1276.1","pwm":[[0.17865,0.343884,0.31217,0.165296],[0.779552,0.00671164,0.171959,0.0417777],[0.58092,3.47522e-05,3.47522e-05,0.419011],[0.999882,3.47522e-05,3.47522e-05,4.87064e-05],[0.999882,3.47522e-05,3.47522e-05,4.87064e-05],[0.999882,3.47522e-05,3.47522e-05,4.87064e-05],[4.87064e-05,3.47522e-05,0.999868,4.87064e-05],[0.00338715,0.0100501,0.365583,0.62098],[0.282139,0.0517791,0.330531,0.335552],[0.58092,0.0801554,0.227042,0.111883],[0.46074,0.218696,0.111869,0.208695]]},{"db":2,"id":"MA1329.1","alt":"ATHB25","len":15,"ltrim":0,"rtrim":0,"nsites":600,"url":"http://jaspar2018.genereg.net/matrix/MA1329.1","pwm":[[0.246675,0.181671,0.0716898,0.499965],[0.354989,0.304984,0.121681,0.218345],[0.533293,0.19167,0.219998,0.0550395],[0.0150461,0.43163,0.0133655,0.539959],[4.86252e-05,3.46942e-05,3.46942e-05,0.999882],[0.999882,3.46942e-05,3.46942e-05,4.86252e-05],[0.999882,3.46942e-05,3.46942e-05,4.86252e-05],[4.86252e-05,0.010033,0.00503386,0.984884],[4.86252e-05,0.276656,0.0466939,0.676603],[0.96822,0.0133655,0.0150322,0.00338107],[0.343324,0.279988,0.0733555,0.303331],[0.203348,0.241661,0.351643,0.203348],[0.311664,0.226664,0.0966856,0.364988],[0.261672,0.128346,0.088353,0.521629],[0.296666,0.106684,0.0950189,0.501632]]},{"db":2,"id":"MA1330.1","alt":"ATHB24","len":15,"ltrim":0,"rtrim":3,"nsites":600,"url":"http://jaspar2018.genereg.net/matrix/MA1330.1","pwm":[[0.613279,0.0750222,0.0483596,0.263338],[0.594949,0.105017,0.0900197,0.210014],[0.433309,0.126681,0.146677,0.293333],[0.298332,0.254992,0.126681,0.319995],[0.361655,0.058358,0.4033,0.176686],[0.0200453,0.0216981,0.00336714,0.954889],[0.684934,0.0233638,0.291653,4.86252e-05],[0.974886,3.46942e-05,0.0216981,0.00338107],[4.86252e-05,3.46942e-05,3.46942e-05,0.999882],[4.86252e-05,3.46942e-05,3.46942e-05,0.999882],[0.99655,3.46942e-05,0.00336714,4.86252e-05],[0.656606,0.0116998,0.319981,0.0117137],[0.125028,0.180005,0.236662,0.458305],[0.278335,0.121681,0.266657,0.333326],[0.476636,0.088353,0.158341,0.27667]]},{"db":2,"id":"MA1405.1","alt":"SIZF2","len":10,"ltrim":1,"rtrim":0,"nsites":99999,"url":"http://jaspar2018.genereg.net/matrix/MA1405.1","pwm":[[0.161912,0.207032,0.393434,0.237622],[0.883799,0.0062702,0.0833101,0.0266203],[0.00264029,0.787101,0.204958,0.00530029],[0.0332903,0.0091802,0.0125102,0.945019],[0.0744012,0.0295302,0.887178,0.00889028],[0.633944,0.0407302,0.0472002,0.278127],[0.00889028,0.887178,0.0295302,0.0744012],[0.945019,0.0125102,0.0091802,0.0332903],[0.00530029,0.204958,0.787101,0.00264029],[0.0266203,0.0833101,0.0062702,0.883799]]}],"sequence_names":["chr10:103139750-103140399","chr10:109508900-109509499","chr10:110212850-110213349","chr10:111745350-111745949","chr10:124964400-124965099","chr10:4322550-4323849","chr10:4778200-4778849","chr10:50022850-50023399","chr10:54792200-54792699","chr10:95500650-95501499","chr11:115175450-115175999","chr11:35411350-35411899","chr11:60138100-60138849","chr11:60925900-60926599","chr11:80429500-80430549","chr11:85539250-85539749","chr11:9148650-9149399","chr11:9927900-9928449","chr12:1876850-1877649","chr12:83302900-83303399","chr13:105097350-105097949","chr13:34253200-34253999","chr13:73973300-73973799","chr14:100477800-100479749","chr14:103192600-103193099","chr14:75649600-75650299","chr14:93477800-93478499","chr15:42338350-42339299","chr15:49160550-49161049","chr15:52580500-52581049","chr15:69884200-69884699","chr15:81035400-81036099","chr15:84422400-84423299","chr15:96438450-96439599","chr15:99419950-99420649","chr16:54683550-54684049","chr16:64090100-64091149","chr16:78084750-78085299","chr17:26652900-26653699","chr17:57833500-57834499","chr17:57930450-57931099","chr17:70515100-70515599","chr18:503650-504349","chr19:43402700-43403399","chr1:109096600-109097299","chr1:110240450-110241099","chr1:151895750-151896349","chr1:172076500-172077099","chr1:177388600-177389699","chr1:179368400-179369049","chr1:188862300-188863049","chr1:191396500-191397199","chr1:215176850-215177449","chr1:215287350-215287999","chr1:215440750-215441399","chr1:232122500-232123199","chr1:242402650-242403199","chr1:26730900-26731599","chr1:81632350-81633449","chr1:8975400-8976099","chr20:17152400-17152899","chr20:17585700-17586449","chr20:20740000-20740799","chr20:22893500-22894049","chr20:42052850-42053599","chr20:46083700-46084549","chr20:46875100-46875949","chr20:49294550-49295499","chr20:49306150-49306999","chr21:36604600-36605499","chr21:40689000-40689649","chr22:33206400-33207049","chr22:39320350-39321099","chr22:41128450-41129199","chr22:47856550-47857099","chr2:100884100-100884799","chr2:10367150-10367649","chr2:11076200-11076749","chr2:114779650-114780349","chr2:140465800-140466499","chr2:142268550-142269149","chr2:157239500-157240149","chr2:164634350-164635049","chr2:172420950-172421499","chr2:19172650-19173249","chr2:193967450-193968099","chr2:202747000-202747849","chr2:20674850-20675449","chr2:217622250-217623099","chr2:218112100-218112749","chr2:220264750-220265349","chr2:27432600-27433349","chr2:43826650-43827199","chr3:133171600-133172299","chr3:14864200-14864949","chr3:184837950-184838549","chr3:185658500-185659199","chr3:187753950-187754449","chr3:195266050-195266899","chr3:195316450-195317049","chr3:24115200-24115849","chr3:25732500-25733099","chr3:42965000-42965649","chr3:79785400-79786099","chr3:96951400-96951999","chr4:131057400-131058299","chr4:24861800-24862399","chr4:41320950-41322199","chr4:86369850-86370399","chr5:116752950-116753499","chr5:123430450-123431149","chr5:138482350-138483399","chr5:32887350-32887999","chr5:36667750-36668249","chr5:44002250-44003849","chr5:53039550-53040149","chr5:66531450-66532199","chr6:148628600-148629249","chr6:15065700-15066249","chr6:151954550-151955349","chr6:15817050-15817949","chr6:53191150-53191999","chr7:101132050-101132699","chr7:107991950-107992499","chr7:108251400-108252149","chr7:16718300-16718899","chr7:3443900-3444999","chr7:44455200-44455749","chr7:69237200-69237749","chr7:77616650-77617199","chr7:84957900-84958649","chr7:89401350-89402049","chr8:102387900-102388699","chr8:134863400-134864549","chr8:26165450-26166049","chr8:37160000-37160749","chr8:51028000-51028599","chr8:56799100-56799699","chr8:94172350-94173049","chr8:95568950-95569449","chr9:110005750-110006549","chr9:83798250-83799099","chr9:83933100-83933999","chr9:96075250-96075849","chr9:96656100-96656599","chrX:10601400-10602199","chrX:121166750-121167249","chrX:122722400-122723199","chrX:128063200-128063749","chrX:17309600-17310199","chrX:17318700-17319249","chrX:9384550-9385399"],"primaries":[{"motif":{"db":0,"id":"TRTTTRYTTWK","alt":"MEME-3","len":11,"ltrim":0,"rtrim":1,"nsites":162,"evalue":"9.7e-031","pwm":[[0.000180012,0.000128439,0.000128439,0.999563],[0.339477,0.000128439,0.660215,0.000180012],[0.000180012,0.000128439,0.000128439,0.999563],[0.000180012,0.000128439,0.123509,0.876182],[0.000180012,0.000128439,0.000128439,0.999563],[0.493702,0.000128439,0.505989,0.000180012],[0.000180012,0.536834,0.000128439,0.462857],[0.135898,0.216044,0.000128439,0.647928],[0.000180012,0.197538,0.0124668,0.789816],[0.271617,0.0371426,0.166693,0.524547],[0.166744,0.166693,0.253058,0.413505]]},"secondaries":[[{"idx":50,"counts":[[1,0,0,0,1,0,0,0,0,0,0,0,0,0,1,0,1,0,0,0,2,0,0,1,1,0,0,0,0,0,1,0,1,1,0,0,0,0,0,0,0,0,0,0,0,0,0,0,0,0,0,0,0,0,1,0,0,1,0,1,0,0,0,2,0,0,1,0,0,0,0,0,0,0,0,0,0,0,1,0,0,0,0,0,0,0,0,0,0,0,0,0,0,1,0,0,0,0,1,0,0,0,0,0,1,0,0,0,0,0,0,0,0,0,1,0,0,1,0,0,0,0,0,0,0,1,0,0,0,0,0,0,0,0,0,0,0,0,0,0,0,0,0],[7,0,0,0,0,0,0,1,2,0,0,0,0,0,0,0,0,0,0,0,1,0,1,0,1,0,0,0,0,0,0,0,0,0,0,0,0,1,1,0,1,1,0,0,0,0,0,0,0,1,0,0,0,0,0,0,0,0,0,0,0,0,0,1,0,0,1,0,0,0,1,0,0,0,2,0,0,0,0,2,0,0,2,1,1,0,0,0,0,0,0,0,0,0,0,0,1,1,0,2,0,0,0,0,0,0,0,0,1,0,0,0,0,0,1,0,0,0,0,0,0,0,0,0,0,1,0,0,0,0,0,0,0,0,0,1,0,2,1,1,0,0,0],[0,0,0,0,0,0,0,0,0,0,1,1,0,0,1,0,0,0,0,0,0,0,0,0,1,0,0,0,2,0,1,0,0,0,0,0,0,0,0,0,0,0,1,0,0,2,0,1,0,0,0,0,0,0,1,0,0,0,0,0,0,0,0,0,0,0,0,1,0,0,1,0,0,0,0,0,0,0,0,0,1,0,0,0,0,0,0,0,0,0,1,0,0,0,0,0,0,0,0,0,0,0,1,1,2,0,1,0,0,0,0,0,0,0,0,0,0,1,1,0,0,0,1,1,0,0,0,0,0,0,2,0,0,0,0,1,0,0,0,0,0,0,0],[2,1,0,0,1,1,0,0,1,0,0,0,0,0,0,0,0,1,0,0,0,0,0,0,2,1,1,2,0,1,0,0,0,0,0,0,0,0,0,1,1,1,1,0,0,0,0,0,1,0,2,0,0,0,0,0,0,0,1,0,1,0,0,0,1,2,0,0,0,1,0,0,0,1,1,0,0,1,0,0,0,0,1,1,1,0,0,0,1,0,0,0,0,0,0,0,0,0,0,0,1,1,1,0,0,0,0,0,0,0,0,2,0,0,0,0,0,0,0,0,0,0,1,0,1,1,1,1,0,1,0,0,0,1,0,0,0,0,0,0,0,1,0]],"spacings":[{"orient":7,"bin":0,"pvalue":2.40615e-09,"inferred_pwm":[[0.333333,0,0.666667,0],[0,0.777778,0.222222,0],[0,0,0,1],[0,0,1,0],[1,0,0,0],[0,1,0,0],[0.333333,0,0,0.666667],[0,0,1,0],[0.111111,0.111111,0,0.777778]],"alignment_pwm":[null,[[0.142857,0.142857,0,0.714286],[0,0.428571,0.142857,0.428571],[0,0.714286,0,0.285714],[0.142857,0.714286,0.142857,0],[0.857143,0.142857,0,0],[0.285714,0.285714,0.142857,0.285714],[0.142857,0.142857,0.142857,0.571429],[0.285714,0.571429,0,0.142857],[0,0.142857,0.142857,0.714286],[0,0,0.714286,0.285714],[0,0.142857,0.142857,0.714286],[0,0,0.714286,0.285714],[0.142857,0,0.857143,0],[0,0,0.857143,0.142857],[0,0.142857,0,0.857143],[0,0,0.142857,0.857143],[0,0,0.857143,0.142857],[0,0.142857,0,0.857143],[0,0.857143,0,0.142857],[0,0,0,1],[0,0,1,0],[0,0,0,1],[0,0,0,1],[0,0,0,1],[0.857143,0,0.142857,0],[0,1,0,0],[0,0,0,1],[0,0.714286,0,0.285714],[0.142857,0,0,0.857143],[0.142857,0,0.857143,0],[0,1,0,0],[0,0,0,1],[0,0,1,0],[1,0,0,0],[0,1,0,0],[0.142857,0,0,0.857143],[0,0,1,0],[0.142857,0,0,0.857143],[0.142857,0,0,0.857143],[0.142857,0.857143,0,0],[0,0.857143,0,0.142857],[0.142857,0.142857,0,0.714286],[0.285714,0,0,0.714286],[0.142857,0,0,0.857143],[0,0,0,1],[0,0,0.857143,0.142857],[0,0.571429,0,0.428571],[0,0.666667,0,0.333333]],null,[[0,0.5,0.5,0],[0.5,0.5,0,0],[0,0,0,1],[0,0,0.5,0.5],[0.5,0,0,0.5],[0,0,0.5,0.5],[0,0,1,0],[0.5,0,0,0.5],[0,0,0.5,0.5],[0,0.5,0.5,0],[1,0,0,0],[0.5,0,0,0.5],[0.5,0,0,0.5],[0,0,0.5,0.5],[0.5,0,0,0.5],[0,0,0.5,0.5],[0,0,0,1],[0,0,0,1],[0,0.5,0,0.5],[0,0,0,1],[0,0,1,0],[0,0,0,1],[0,0,0,1],[0,0,0,1],[0,0,1,0],[0,0.5,0,0.5],[0,0,0,1],[0,0,0.5,0.5],[0.5,0,0,0.5],[0.5,0,0.5,0],[0,1,0,0],[0,0,0,1],[0,0,1,0],[0,0,0,1],[0,1,0,0],[1,0,0,0],[0,1,0,0],[0,0,0,1],[0,0.5,0.5,0],[0.5,0,0.5,0],[0.5,0,0,0.5],[0,0,0.5,0.5],[0,0.5,0,0.5],[0,0,0,1],[0.5,0,0,0.5],[1,0,0,0],[0.5,0,0,0.5],[0.5,0.5,0,0]]],"seqs":[3,25,49,63,105,115,129,59,61]},{"orient":1,"bin":0,"pvalue":7.67269e-09,"inferred_pwm":[[0.142857,0,0.857143,0],[0,1,0,0],[0,0,0,1],[0,0,1,0],[1,0,0,0],[0,1,0,0],[0.142857,0,0,0.857143],[0,0,1,0],[0.142857,0,0,0.857143]],"alignment_pwm":[null,[[0.142857,0.142857,0,0.714286],[0,0.428571,0.142857,0.428571],[0,0.714286,0,0.285714],[0.142857,0.714286,0.142857,0],[0.857143,0.142857,0,0],[0.285714,0.285714,0.142857,0.285714],[0.142857,0.142857,0.142857,0.571429],[0.285714,0.571429,0,