<!DOCTYPE HTML>
<html>
  <head>
    <meta charset="UTF-8">
    <title>SpaMo - Spaced Motif Analysis</title>
    <script type="text/javascript">
      //@JSON_VAR data
      var data = {"program":"SpaMo","version":"4.12.0","revision":"aacc9c3eb8c7b460b344d5c8aa1458097dae704d","release":"Tue Jun 27 16:22:50 2017 -0700","host":"Sudins-iMac.local","when":"Thu May 24 13:54:02 2018","cmd":["spamo","-verbosity","1","-oc","results/AHRpeaks_noAHREs.bed.fa/jaspar/spamo_out_5","-bgfile","results/AHRpeaks_noAHREs.bed.fa/jaspar/background","-primary","AGATAW","results/AHRpeaks_noAHREs.bed.fa/jaspar/AHRpeaks_noAHREs.bed.fa","results/AHRpeaks_noAHREs.bed.fa/jaspar/dreme_out/dreme.xml","results/AHRpeaks_noAHREs.bed.fa/jaspar/meme_out/meme.xml","results/AHRpeaks_noAHREs.bed.fa/jaspar/dreme_out/dreme.xml","/Users/filipov4/meme/db/motif_databases/JASPAR/JASPAR2018_CORE_non-redundant.meme"],"options":{"seq_min_hit_score":7,"margin":150,"bin_size":1,"bin_pvalue_calc_range":150,"use_best_secondary":0,"seq_max_shared_fract":0.5,"seq_odds_ratio":20,"bin_pvalue_cutoff":0.05,"motif_evalue_cutoff":10,"redundant_overlap":2,"redundant_joint":0.5,"motif_pseudocount":0.1,"bgfile":"results/AHRpeaks_noAHREs.bed.fa/jaspar/background","motif_trim":0.25,"xalph":0,"seed":1,"bin_max":11},"alphabet":{"name":"DNA","like":"dna","ncore":4,"symbols":[{"symbol":"A","name":"Adenine","colour":"CC0000","complement":"T"},{"symbol":"C","name":"Cytosine","colour":"0000CC","complement":"G"},{"symbol":"G","name":"Guanine","colour":"FFB300","complement":"C"},{"symbol":"T","aliases":"U","name":"Thymine","colour":"008000","complement":"A"},{"symbol":"N","aliases":"X.","name":"Any base","equals":"ACGT"},{"symbol":"V","name":"Not T","equals":"ACG"},{"symbol":"H","name":"Not G","equals":"ACT"},{"symbol":"D","name":"Not C","equals":"AGT"},{"symbol":"B","name":"Not A","equals":"CGT"},{"symbol":"M","name":"Amino","equals":"AC"},{"symbol":"R","name":"Purine","equals":"AG"},{"symbol":"W","name":"Weak","equals":"AT"},{"symbol":"S","name":"Strong","equals":"CG"},{"symbol":"Y","name":"Pyrimidine","equals":"CT"},{"symbol":"K","name":"Keto","equals":"GT"}]},"background":[0.2912,0.2088,0.2088,0.2912],"sequence_dbs":[{"source":"results/AHRpeaks_noAHREs.bed.fa/jaspar/AHRpeaks_noAHREs.bed.fa","name":"AHRpeaks_noAHREs.bed","last_modified":"Thu May 24 11:14:28 2018","loaded":1228,"excluded_too_short":13,"excluded_no_match":601,"excluded_ambigs":0,"excluded_similar":14,"erased_primary_matches":303}],"primary_dbs":[{"source":"results/AHRpeaks_noAHREs.bed.fa/jaspar/dreme_out/dreme.xml","name":"dreme.xml","last_modified":"Thu May 24 13:52:17 2018","loaded":7,"excluded":6}],"secondary_dbs":[{"source":"results/AHRpeaks_noAHREs.bed.fa/jaspar/meme_out/meme.xml","name":"meme.xml","last_modified":"Thu May 24 13:51:25 2018","loaded":7,"excluded":0},{"source":"results/AHRpeaks_noAHREs.bed.fa/jaspar/dreme_out/dreme.xml","name":"dreme.xml","last_modified":"Thu May 24 13:52:17 2018","loaded":8,"excluded":1},{"source":"/Users/filipov4/meme/db/motif_databases/JASPAR/JASPAR2018_CORE_non-redundant.meme","name":"JASPAR2018_CORE_non-redundant","last_modified":"Thu Dec  7 14:38:42 2017","loaded":1404,"excluded":0}],"secondary_motifs":[{"db":0,"id":"AARAGCTTCTGCACRGCAAARGAA","alt":"MEME-4","len":24,"ltrim":0,"rtrim":0,"nsites":6,"evalue":"5.0e-004","pwm":[[0.98838,0.00342295,0.00342295,0.00477377],[0.824446,0.00342295,0.00342295,0.168709],[0.660512,0.00342295,0.331291,0.00477377],[0.98838,0.00342295,0.00342295,0.00477377],[0.168709,0.00342295,0.823095,0.00477377],[0.00477377,0.98703,0.00342295,0.00477377],[0.00477377,0.00342295,0.00342295,0.98838],[0.00477377,0.00342295,0.167358,0.824446],[0.00477377,0.823095,0.00342295,0.168709],[0.00477377,0.00342295,0.00342295,0.98838],[0.168709,0.00342295,0.823095,0.00477377],[0.00477377,0.98703,0.00342295,0.00477377],[0.98838,0.00342295,0.00342295,0.00477377],[0.00477377,0.823095,0.00342295,0.168709],[0.660512,0.00342295,0.331291,0.00477377],[0.168709,0.00342295,0.823095,0.00477377],[0.00477377,0.823095,0.00342295,0.168709],[0.824446,0.167358,0.00342295,0.00477377],[0.98838,0.00342295,0.00342295,0.00477377],[0.98838,0.00342295,0.00342295,0.00477377],[0.660512,0.00342295,0.331291,0.00477377],[0.00477377,0.00342295,0.823095,0.168709],[0.824446,0.00342295,0.167358,0.00477377],[0.98838,0.00342295,0.00342295,0.00477377]]},{"db":0,"id":"CTTSTAGACAYTGNCTTAGGCAARKAYTTC","alt":"MEME-5","len":30,"ltrim":0,"rtrim":0,"nsites":6,"evalue":"6.2e-016","pwm":[[0.00477377,0.98703,0.00342295,0.00477377],[0.00477377,0.00342295,0.00342295,0.98838],[0.00477377,0.00342295,0.00342295,0.98838],[0.00477377,0.659161,0.331291,0.00477377],[0.00477377,0.167358,0.00342295,0.824446],[0.98838,0.00342295,0.00342295,0.00477377],[0.00477377,0.167358,0.823095,0.00477377],[0.824446,0.00342295,0.167358,0.00477377],[0.00477377,0.98703,0.00342295,0.00477377],[0.98838,0.00342295,0.00342295,0.00477377],[0.00477377,0.331291,0.00342295,0.660512],[0.00477377,0.00342295,0.00342295,0.98838],[0.00477377,0.00342295,0.98703,0.00477377],[0.168709,0.167358,0.331291,0.332642],[0.00477377,0.98703,0.00342295,0.00477377],[0.00477377,0.167358,0.00342295,0.824446],[0.00477377,0.00342295,0.167358,0.824446],[0.98838,0.00342295,0.00342295,0.00477377],[0.00477377,0.00342295,0.98703,0.00477377],[0.00477377,0.00342295,0.98703,0.00477377],[0.00477377,0.823095,0.00342295,0.168709],[0.98838,0.00342295,0.00342295,0.00477377],[0.98838,0.00342295,0.00342295,0.00477377],[0.496577,0.00342295,0.495226,0.00477377],[0.00477377,0.00342295,0.659161,0.332642],[0.98838,0.00342295,0.00342295,0.00477377],[0.00477377,0.331291,0.167358,0.496577],[0.00477377,0.00342295,0.00342295,0.98838],[0.00477377,0.00342295,0.00342295,0.98838],[0.00477377,0.98703,0.00342295,0.00477377]]},{"db":0,"id":"GVARAGTAAACAVAMA","alt":"MEME-2","len":16,"ltrim":0,"rtrim":0,"nsites":43,"evalue":"4.3e-012","pwm":[[0.000675638,0.0700896,0.626935,0.3023],[0.395107,0.394916,0.209301,0.000675638],[0.743135,0.000484455,0.0468885,0.209492],[0.371905,0.116494,0.510925,0.000675638],[0.882346,0.0236865,0.0700896,0.0238777],[0.255896,0.000484455,0.742944,0.000675638],[0.000675638,0.209301,0.000484455,0.789539],[0.92875,0.0468885,0.000484455,0.0238777],[0.998355,0.000484455,0.000484455,0.000675638],[0.998355,0.000484455,0.000484455,0.000675638],[0.000675638,0.928559,0.0700896,0.000675638],[0.951951,0.000484455,0.000484455,0.0470797],[0.232694,0.232503,0.371714,0.163089],[0.603924,0.162898,0.0468885,0.186291],[0.418309,0.371714,0.1861,0.0238777],[0.650328,0.162898,0.0236865,0.163089]]},{"db":2,"id":"MA0003.3","alt":"TFAP2A","len":11,"ltrim":1,"rtrim":1,"nsites":5308,"url":"http://jaspar2018.genereg.net/matrix/MA0003.3","pwm":[[0.321401,0.365295,0.052188,0.261116],[0.02495,0.176257,0.790229,0.00856332],[5.48595e-06,0.974472,0.0255175,5.48595e-06],[5.48595e-06,0.947852,0.0019679,0.0501745],[0.00622137,0.310038,0.123942,0.559799],[0.10833,0.505269,0.303879,0.0825209],[0.685621,0.187418,0.116408,0.0105533],[0.154625,0.0342283,0.811143,5.48595e-06],[5.48595e-06,0.00580882,0.99418,5.48595e-06],[0.00578938,0.881703,0.108584,0.00392341],[0.351355,0.15034,0.24397,0.254334]]},{"db":2,"id":"MA0089.1","alt":"MAFG::NFE2L1","len":6,"ltrim":1,"rtrim":0,"nsites":34,"url":"http://jaspar2018.genereg.net/matrix/MA0089.1","pwm":[[0.206132,0.323193,0.293868,0.176807],[0.851294,0.0592638,0.0885886,0.000853958],[0.000853958,0.000612317,0.000612317,0.997921],[0.0301797,0.000612317,0.939028,0.0301797],[0.997921,0.000612317,0.000612317,0.000853958],[0.000853958,0.763076,0.0592638,0.176807]]},{"db":2,"id":"MA0094.2","alt":"Ubx","len":8,"ltrim":1,"rtrim":0,"nsites":20,"url":"http://jaspar2018.genereg.net/matrix/MA0094.2","pwm":[[0.150702,0.249795,0.150293,0.44921],[0.00144876,0.00103881,0.00103881,0.996474],[0.00144876,0.00103881,0.00103881,0.996474],[0.84722,0.00103881,0.00103881,0.150702],[0.996474,0.00103881,0.00103881,0.00144876],[0.00144876,0.00103881,0.00103881,0.996474],[0.00144876,0.00103881,0.299546,0.697966],[0.697966,0.00103881,0.299546,0.00144876]]},{"db":2,"id":"MA0095.2","alt":"YY1","len":12,"ltrim":0,"rtrim":0,"nsites":7171,"url":"http://jaspar2018.genereg.net/matrix/MA0095.2","pwm":[[0.157023,0.639096,0.111701,0.0921798],[0.972658,2.91169e-06,0.0252436,0.00209603],[0.940027,0.0138087,0.0373754,0.00878894],[0.349462,0.155767,0.457674,0.0370975],[0.99999,2.91169e-06,2.91169e-06,4.06074e-06],[4.06074e-06,0.00167589,2.91169e-06,0.998317],[0.00153804,2.91169e-06,0.998455,4.06074e-06],[0.00181704,2.91169e-06,0.998176,4.06074e-06],[0.113236,0.786075,0.00530184,0.0953867],[0.120906,0.234416,0.385579,0.259099],[0.125368,0.12202,0.649136,0.103475],[0.185749,0.637004,0.0545272,0.122718]]},{"db":2,"id":"MA0102.3","alt":"CEBPA","len":11,"ltrim":0,"rtrim":1,"nsites":15318,"url":"http://jaspar2018.genereg.net/matrix/MA0102.3","pwm":[[0.675738,0.0869578,0.237303,1.90102e-06],[1.90102e-06,1.36309e-06,1.36309e-06,0.999995],[1.90102e-06,1.36309e-06,1.36309e-06,0.999995],[0.0460256,1.36309e-06,0.737952,0.21602],[1.90102e-06,0.999995,1.36309e-06,1.90102e-06],[0.780517,0.0831708,0.0695919,0.0667205],[0.173653,0.499672,1.36309e-06,0.326675],[0.798143,0.201854,1.36309e-06,1.90102e-06],[0.999995,1.36309e-06,1.36309e-06,1.90102e-06],[1.90102e-06,0.371327,0.117771,0.510901],[0.3789,0.323997,0.058103,0.239]]},{"db":2,"id":"MA0111.1","alt":"Spz1","len":11,"ltrim":0,"rtrim":0,"nsites":12,"url":"http://jaspar2018.genereg.net/matrix/MA0111.1","pwm":[[0.746208,0.00172562,0.24966,0.00240661],[0.00240661,0.167015,0.745527,0.0850509],[0.167696,0.00172562,0.828172,0.00240661],[0.00240661,0.00172562,0.910817,0.0850509],[0.0850509,0.00172562,0.0843699,0.828853],[0.663564,0.00172562,0.00172562,0.332985],[0.498274,0.00172562,0.167015,0.332985],[0.0850509,0.745527,0.167015,0.00240661],[0.828853,0.00172562,0.167015,0.00240661],[0.00240661,0.0843699,0.745527,0.167696],[0.167696,0.662883,0.167015,0.00240661]]},{"db":2,"id":"MA0151.1","alt":"Arid3a","len":6,"ltrim":0,"rtrim":0,"nsites":27,"url":"http://jaspar2018.genereg.net/matrix/MA0151.1","pwm":[[0.997385,0.00077048,0.00077048,0.00107454],[0.00107454,0.00077048,0.00077048,0.997385],[0.0379749,0.332873,0.00077048,0.628381],[0.997385,0.00077048,0.00077048,0.00107454],[0.997385,0.00077048,0.00077048,0.00107454],[0.739082,0.00077048,0.0376708,0.222477]]},{"db":2,"id":"MA0174.1","alt":"Dbx","len":7,"ltrim":0,"rtrim":0,"nsites":16,"url":"http://jaspar2018.genereg.net/matrix/MA0174.1","pwm":[[0.126032,0.0012969,0.0012969,0.871374],[0.126032,0.0012969,0.0012969,0.871374],[0.37448,0.0012969,0.12552,0.498703],[0.995598,0.0012969,0.0012969,0.00180869],[0.00180869,0.0012969,0.0012969,0.995598],[0.00180869,0.12552,0.373968,0.498703],[0.809262,0.0012969,0.187632,0.00180869]]},{"db":2,"id":"MA0176.1","alt":"CG15696-RA","len":7,"ltrim":0,"rtrim":0,"nsites":32,"url":"http://jaspar2018.genereg.net/matrix/MA0176.1","pwm":[[0.0632125,0.0941084,0.0941084,0.748571],[0.0632125,0.0941084,0.000650468,0.842029],[0.655113,0.000650468,0.187566,0.15667],[0.997792,0.000650468,0.000650468,0.000907165],[0.000907165,0.000650468,0.000650468,0.997792],[0.000907165,0.000650468,0.0629558,0.935487],[0.49935,0.000650468,0.499093,0.000907165]]},{"db":2,"id":"MA0212.1","alt":"bcd","len":6,"ltrim":0,"rtrim":0,"nsites":22,"url":"http://jaspar2018.genereg.net/matrix/MA0212.1","pwm":[[0.00131765,0.000944797,0.000944797,0.996793],[0.906295,0.000944797,0.000944797,0.0918153],[0.996793,0.000944797,0.000944797,0.00131765],[0.00131765,0.000944797,0.0461941,0.951543],[0.00131765,0.99642,0.000944797,0.00131765],[0.00131765,0.951171,0.000944797,0.046567]]},{"db":2,"id":"MA0216.2","alt":"cad","len":11,"ltrim":0,"rtrim":0,"nsites":2303,"url":"http://jaspar2018.genereg.net/matrix/MA0216.2","pwm":[[0.370818,9.06605e-06,0.496297,0.132877],[0.249676,0.148071,0.602241,1.26438e-05],[1.26438e-05,0.643055,9.06605e-06,0.356923],[0.32349,0.64045,9.06605e-06,0.0360511],[0.919209,9.06605e-06,0.0807696,1.26438e-05],[1.26438e-05,0.0412583,9.06605e-06,0.95872],[0.970878,9.06605e-06,9.06605e-06,0.0291034],[0.999969,9.06605e-06,9.06605e-06,1.26438e-05],[0.999969,9.06605e-06,9.06605e-06,1.26438e-05],[0.710794,0.0499419,0.0638363,0.175428],[0.454183,0.327828,9.06605e-06,0.21798]]},{"db":2,"id":"MA0226.1","alt":"hbn","len":7,"ltrim":0,"rtrim":0,"nsites":17,"url":"http://jaspar2018.genereg.net/matrix/MA0226.1","pwm":[[0.118662,0.11818,0.11818,0.644978],[0.00170292,0.00122105,0.00122105,0.995855],[0.995855,0.00122105,0.00122105,0.00170292],[0.995855,0.00122105,0.00122105,0.00170292],[0.00170292,0.00122105,0.00122105,0.995855],[0.00170292,0.00122105,0.00122105,0.995855],[0.528019,0.00122105,0.410578,0.0601829]]},{"db":2,"id":"MA0234.1","alt":"oc","len":6,"ltrim":0,"rtrim":0,"nsites":19,"url":"http://jaspar2018.genereg.net/matrix/MA0234.1","pwm":[[0.00152461,0.00109319,0.00109319,0.996289],[0.996289,0.00109319,0.00109319,0.00152461],[0.996289,0.00109319,0.00109319,0.00152461],[0.00152461,0.00109319,0.105805,0.891577],[0.00152461,0.995858,0.00109319,0.00152461],[0.00152461,0.891146,0.0534496,0.053881]]},{"db":2,"id":"MA0291.1","alt":"DAL82","len":9,"ltrim":0,"rtrim":0,"nsites":98,"url":"http://jaspar2018.genereg.net/matrix/MA0291.1","pwm":[[0.571143,0.142924,0.142924,0.143008],[0.524514,0.109013,0.0496674,0.316806],[0.389899,0.0301823,0.0301823,0.549736],[0.260032,0.110101,0.419785,0.210083],[0.00029684,0.259948,0.000212844,0.739543],[0.00029684,0.000212844,0.999193,0.00029684],[0.00029684,0.999193,0.000212844,0.00029684],[0.00029684,0.000212844,0.999193,0.00029684],[0.109097,0.672794,0.109013,0.109097]]},{"db":2,"id":"MA0293.1","alt":"ECM23","len":11,"ltrim":2,"rtrim":3,"nsites":100,"url":"http://jaspar2018.genereg.net/matrix/MA0293.1","pwm":[[0.309981,0.249959,0.229979,0.210081],[0.329961,0.249959,0.219989,0.200091],[0.719572,0.110099,0.100109,0.070221],[0.100191,0.0201886,0.859349,0.0202709],[0.999292,0.000208592,0.000208592,0.000290909],[0.0302609,0.000208592,0.000208592,0.969322],[0.010182,0.890407,0.0298819,0.0695287],[0.140151,0.190019,0.140069,0.529761],[0.299991,0.229979,0.209999,0.260031],[0.316806,0.247486,0.247486,0.188222],[0.303018,0.262572,0.222209,0.2122]]},{"db":2,"id":"MA0297.1","alt":"FKH2","len":7,"ltrim":0,"rtrim":0,"nsites":101,"url":"http://jaspar2018.genereg.net/matrix/MA0297.1","pwm":[[0.128874,0.000206528,0.870632,0.000288031],[0.000288031,0.000206528,0.000206528,0.999299],[0.999299,0.000206528,0.000206528,0.000288031],[0.999299,0.000206528,0.000206528,0.000288031],[0.999299,0.000206528,0.000206528,0.000288031],[0.000288031,0.999217,0.000206528,0.000288031],[0.999299,0.000206528,0.000206528,0.000288031]]},{"db":2,"id":"MA0301.1","alt":"GAT3","len":9,"ltrim":0,"rtrim":3,"nsites":100,"url":"http://jaspar2018.genereg.net/matrix/MA0301.1","pwm":[[0.649642,0.0901187,0.200009,0.060231],[0.0810182,0.0203904,0.88821,0.0103818],[0.919372,0.000208592,0.000208592,0.080211],[0.120171,0.000208592,0.0101986,0.869422],[0.0302609,0.93927,0.0101986,0.0202709],[0.060231,0.269939,0.0401686,0.629662],[0.509781,0.190019,0.180029,0.120171],[0.282836,0.333209,0.212118,0.171836],[0.3232,0.252481,0.212118,0.2122]]},{"db":2,"id":"MA0343.1","alt":"NDT80","len":21,"ltrim":5,"rtrim":4,"nsites":998,"url":"http://jaspar2018.genereg.net/matrix/MA0343.1","pwm":[[0.289579,0.282558,0.118245,0.309617],[0.197602,0.276823,0.160486,0.365088],[0.169521,0.213641,0.172522,0.444318],[0.215655,0.404193,0.140428,0.239724],[0.201412,0.43084,0.176356,0.191393],[0.0992172,0.114237,0.495963,0.290581],[0.188198,0.0200389,0.675629,0.116134],[0.444875,0.48394,0.0410988,0.0300862],[0.012052,0.949826,0.00402852,0.0340938],[0.941819,0.00703422,0.0451064,0.00604057],[0.0180814,0.969834,0.00603832,0.00604657],[0.966866,0.00402852,0.00903802,0.0200672],[0.971876,0.00503042,0.0150494,0.00804437],[0.94588,0.00302362,0.0140335,0.0370625],[0.715103,0.0240905,0.236707,0.0240988],[0.497471,0.178539,0.0822597,0.24173],[0.123387,0.631854,0.0952974,0.149462],[0.127271,0.329647,0.440859,0.102223],[0.314312,0.330318,0.27727,0.0780994],[0.360714,0.177358,0.230459,0.231469],[0.478416,0.19258,0.174527,0.154477]]},{"db":2,"id":"MA0355.1","alt":"PHD1","len":10,"ltrim":1,"rtrim":3,"nsites":100,"url":"http://jaspar2018.genereg.net/matrix/MA0355.1","pwm":[[0.359931,0.269939,0.190019,0.180111],[0.0911091,0.434118,0.393754,0.0810182],[0.373655,0.444209,0.151572,0.0305636],[0.000290909,0.101118,0.000208592,0.898383],[0.000290909,0.000208592,0.99921,0.000290909],[0.000290909,0.98922,0.000208592,0.0102809],[0.909382,0.0101986,0.0701387,0.0102809],[0.080211,0.219989,0.359849,0.339951],[0.220071,0.419789,0.219989,0.140151],[0.319971,0.279929,0.209999,0.190101]]},{"db":2,"id":"MA0418.1","alt":"YAP6","len":20,"ltrim":1,"rtrim":4,"nsites":998,"url":"http://jaspar2018.genereg.net/matrix/MA0418.1","pwm":[[0.174361,0.297586,0.371727,0.156327],[0.228692,0.141431,0.588728,0.0411481],[0.134285,0.0921957,0.332653,0.440867],[0.114132,0.434411,0.109119,0.342337],[0.252256,0.231229,0.0720857,0.444429],[0.0431109,0.114237,0.647251,0.195401],[0.492457,0.41322,0.0361253,0.0581983],[0.0270805,0.0230646,0.0561273,0.893728],[0.0250767,0.0210608,0.112234,0.841628],[0.890722,0.0320817,0.049114,0.0280824],[0.0381014,0.556077,0.103217,0.302604],[0.172357,0.0481121,0.723395,0.0561356],[0.0671564,0.0851824,0.0370912,0.810569],[0.647612,0.193195,0.0640785,0.0951146],[0.83144,0.0622017,0.0722307,0.0341278],[0.1625,0.0762423,0.48242,0.278838],[0.228234,0.474447,0.142149,0.155169],[0.33767,0.0851824,0.428836,0.148311],[0.430848,0.127263,0.302596,0.139294],[0.166346,0.439857,0.243484,0.150315]]},{"db":2,"id":"MA0433.1","alt":"YOX1","len":8,"ltrim":0,"rtrim":0,"nsites":99,"url":"http://jaspar2018.genereg.net/matrix/MA0433.1","pwm":[[0.0103847,0.252481,0.0708463,0.666288],[0.000293844,0.000210696,0.000210696,0.999285],[0.999285,0.000210696,0.000210696,0.000293844],[0.999285,0.000210696,0.000210696,0.000293844],[0.000293844,0.000210696,0.000210696,0.999285],[0.000293844,0.000210696,0.000210696,0.999285],[0.613535,0.0298837,0.148576,0.208005],[0.545198,0.131391,0.131391,0.192019]]},{"db":2,"id":"MA0444.1","alt":"CG34031","len":7,"ltrim":0,"rtrim":0,"nsites":25,"url":"http://jaspar2018.genereg.net/matrix/MA0444.1","pwm":[[0.00116016,0.0406725,0.0406725,0.917495],[0.00116016,0.000831873,0.000831873,0.997176],[0.877654,0.000831873,0.000831873,0.120682],[0.997176,0.000831873,0.000831873,0.00116016],[0.0808414,0.000831873,0.000831873,0.917495],[0.280045,0.000831873,0.0406725,0.678451],[0.120682,0.000831873,0.877326,0.00116016]]},{"db":2,"id":"MA0448.1","alt":"H2.0","len":7,"ltrim":0,"rtrim":0,"nsites":32,"url":"http://jaspar2018.genereg.net/matrix/MA0448.1","pwm":[[0.187823,0.0941084,0.125261,0.592807],[0.0632125,0.0318031,0.000650468,0.904334],[0.49935,0.0318031,0.0318031,0.437044],[0.966639,0.000650468,0.000650468,0.0320598],[0.000907165,0.000650468,0.000650468,0.997792],[0.250128,0.000650468,0.281024,0.468197],[0.748571,0.000650468,0.218719,0.0320598]]},{"db":2,"id":"MA0465.1","alt":"CDX2","len":11,"ltrim":1,"rtrim":0,"nsites":1597,"url":"http://jaspar2018.genereg.net/matrix/MA0465.1","pwm":[[0.383839,0.199751,0.300558,0.115853],[0.416398,0.00502176,0.314332,0.264247],[0.192868,0.0851677,0.721947,1.8233e-05],[1.8233e-05,0.656202,1.30737e-05,0.343767],[0.436434,0.520957,1.30737e-05,0.0425956],[0.999956,1.30737e-05,1.30737e-05,1.8233e-05],[1.8233e-05,1.30737e-05,1.30737e-05,0.999956],[0.999956,1.30737e-05,1.30737e-05,1.8233e-05],[0.999956,1.30737e-05,1.30737e-05,1.8233e-05],[0.999956,1.30737e-05,1.30737e-05,1.8233e-05],[0.634293,0.0939332,0.195993,0.0757805]]},{"db":2,"id":"MA0505.1","alt":"Nr5a2","len":15,"ltrim":1,"rtrim":2,"nsites":1702,"url":"http://jaspar2018.genereg.net/matrix/MA0505.1","pwm":[[0.378961,0.131615,0.372493,0.116931],[0.578714,0.0998884,0.197416,0.123982],[0.16217,0.116339,0.581647,0.139844],[0.0716929,0.222091,0.215041,0.491175],[0.0417307,0.206228,0.0135255,0.738517],[0.00471683,0.949427,0.0434877,0.00236697],[0.989971,0.00823778,1.22672e-05,0.00178],[0.986445,1.22672e-05,0.0135255,1.71083e-05],[0.0229298,1.22672e-05,0.977041,1.71083e-05],[1.71083e-05,1.22672e-05,0.999954,1.71083e-05],[0.0993063,0.343118,0.0358502,0.521725],[1.71083e-05,0.921227,0.00706285,0.0716929],[0.844269,0.0117626,0.0528882,0.0910808],[0.159232,0.202703,0.43477,0.203295],[0.146307,0.407156,0.266742,0.179795]]},{"db":2,"id":"MA0593.1","alt":"FOXP2","len":11,"ltrim":1,"rtrim":1,"nsites":766,"url":"http://jaspar2018.genereg.net/matrix/MA0593.1","pwm":[[0.430791,0.147528,0.248037,0.173644],[0.443844,0.00916406,0.185382,0.36161],[0.208888,2.72549e-05,0.791047,3.80107e-05],[0.077051,2.72549e-05,2.72549e-05,0.922895],[0.999907,2.72549e-05,2.72549e-05,3.80107e-05],[0.999907,2.72549e-05,2.72549e-05,3.80107e-05],[0.999907,2.72549e-05,2.72549e-05,3.80107e-05],[3.80107e-05,0.988149,2.72549e-05,0.0117855],[0.999907,2.72549e-05,2.72549e-05,3.80107e-05],[0.387715,0.201045,0.382484,0.0287553],[0.433401,0.161886,0.240205,0.164508]]},{"db":2,"id":"MA0650.1","alt":"HOXA13","len":10,"ltrim":0,"rtrim":1,"nsites":384,"url":"http://jaspar2018.genereg.net/matrix/MA0650.1","pwm":[[0.161492,0.643116,0.184902,0.0104901],[0.00270013,0.64818,0.0210459,0.328074],[0.669279,0.189707,0.024438,0.116576],[0.888333,5.43609e-05,5.43609e-05,0.111558],[7.58135e-05,5.43609e-05,5.43609e-05,0.999815],[0.894771,0.0326549,0.0181656,0.0544097],[0.938994,5.43609e-05,5.43609e-05,0.060897],[0.987819,0.0120512,5.43609e-05,7.58135e-05],[0.641467,0.155858,0.114311,0.0883648],[0.421019,0.291476,0.0931471,0.194357]]},{"db":2,"id":"MA0654.1","alt":"ISX","len":8,"ltrim":1,"rtrim":1,"nsites":2065,"url":"http://jaspar2018.genereg.net/matrix/MA0654.1","pwm":[[0.154002,0.417908,0.176273,0.251818],[0.00483587,0.483594,1.01109e-05,0.511561],[0.964019,0.022418,0.002344,0.0112176],[0.987532,0.00766174,1.01109e-05,0.00479587],[1.4101e-05,1.01109e-05,1.01109e-05,0.999966],[1.4101e-05,1.01109e-05,0.0114986,0.988477],[0.976788,1.01109e-05,1.01109e-05,0.023192],[0.373058,0.148743,0.341079,0.137119]]},{"db":2,"id":"MA0684.1","alt":"RUNX3","len":10,"ltrim":0,"rtrim":0,"nsites":7635,"url":"http://jaspar2018.genereg.net/matrix/MA0684.1","pwm":[[0.517613,0.198428,0.0209585,0.262999],[0.681963,0.0618039,0.217112,0.0391213],[0.926691,0.0401722,0.0331333,3.81396e-06],[0.000396809,0.999597,2.73474e-06,3.81396e-06],[3.81396e-06,0.997117,0.0028757,3.81396e-06],[0.385785,0.00980561,0.599118,0.00529174],[0.00384276,0.97721,0.0122886,0.00665873],[0.910123,0.0438642,0.0240784,0.0219345],[0.670584,0.0891386,0.155617,0.0846607],[0.541058,0.15691,0.112771,0.189261]]},{"db":2,"id":"MA0706.1","alt":"MEOX2","len":10,"ltrim":1,"rtrim":2,"nsites":23929,"url":"http://jaspar2018.genereg.net/matrix/MA0706.1","pwm":[[0.33846,0.159681,0.285553,0.216307],[0.108934,0.298614,0.500483,0.0919698],[0.047242,0.162561,0.0206468,0.76955],[0.64967,0.244014,0.0818815,0.0244351],[0.939091,0.0309247,0.0106748,0.0193091],[0.0031402,0.00156987,0.00698084,0.988309],[0.0319171,0.167308,0.137803,0.662971],[0.81339,0.0122038,0.139327,0.0350791],[0.402591,0.141245,0.170748,0.285416],[0.247315,0.300681,0.238539,0.213465]]},{"db":2,"id":"MA0708.1","alt":"MSX2","len":8,"ltrim":1,"rtrim":1,"nsites":3400,"url":"http://jaspar2018.genereg.net/matrix/MA0708.1","pwm":[[0.152063,0.496463,0.245587,0.105887],[0.0296017,0.730537,0.0124068,0.227454],[0.91593,0.0433779,0.0180556,0.0226369],[0.991811,0.0081739,6.141e-06,8.56445e-06],[8.56445e-06,6.141e-06,6.141e-06,0.999979],[0.0140892,0.0457668,0.0195016,0.920642],[0.97643,0.0175246,6.141e-06,0.00603939],[0.352455,0.232715,0.262428,0.152402]]},{"db":2,"id":"MA0710.1","alt":"NOTO","len":10,"ltrim":1,"rtrim":2,"nsites":21405,"url":"http://jaspar2018.genereg.net/matrix/MA0710.1","pwm":[[0.263069,0.265452,0.305022,0.166457],[0.0339542,0.613527,0.0270668,0.325452],[0.214566,0.120964,0.0173249,0.647144],[0.700671,0.292875,9.75469e-07,0.00645333],[0.999997,9.75469e-07,9.75469e-07,1.36042e-06],[1.36042e-06,9.75469e-07,9.75469e-07,0.999997],[0.0168003,0.00278596,0.0189559,0.961458],[0.843843,9.75469e-07,0.0810936,0.075062],[0.328802,0.180145,0.358747,0.132307],[0.190507,0.360225,0.25661,0.192656]]},{"db":2,"id":"MA0711.1","alt":"OTX1","len":8,"ltrim":1,"rtrim":1,"nsites":23441,"url":"http://jaspar2018.genereg.net/matrix/MA0711.1","pwm":[[0.218335,0.277335,0.135916,0.368414],[0.0306901,0.00370787,8.90744e-07,0.965601],[0.967075,8.90744e-07,0.0104798,0.0224441],[0.999997,8.90744e-07,8.90744e-07,1.24226e-06],[0.0090532,8.90744e-07,0.117717,0.873229],[0.0257521,0.932972,0.0262298,0.0150462],[0.0217641,0.646557,0.238919,0.0927608],[0.0799039,0.263726,0.452155,0.204215]]},{"db":2,"id":"MA0712.1","alt":"OTX2","len":8,"ltrim":1,"rtrim":1,"nsites":28028,"url":"http://jaspar2018.genereg.net/matrix/MA0712.1","pwm":[[0.215891,0.244256,0.0875204,0.452332],[0.0333289,0.00466873,7.44967e-07,0.962002],[0.941831,0.00144574,0.0120977,0.0446259],[0.999997,7.44967e-07,7.44967e-07,1.03896e-06],[0.012006,0.00201274,0.0766045,0.909378],[0.0342399,0.903631,0.0225367,0.0395919],[0.0279839,0.716918,0.0416936,0.213403],[0.0918017,0.271193,0.294705,0.342301]]},{"db":2,"id":"MA0714.1","alt":"PITX3","len":9,"ltrim":2,"rtrim":1,"nsites":6253,"url":"http://jaspar2018.genereg.net/matrix/MA0714.1","pwm":[[0.260035,0.30769,0.261314,0.17096],[0.184969,0.334717,0.0930629,0.387251],[0.0724395,0.00749622,0.00132532,0.918738],[0.932856,0.00477726,0.0387917,0.0235763],[0.997596,3.33915e-06,0.0023963,4.65689e-06],[0.0337931,0.0178001,0.141992,0.806414],[0.0456079,0.896734,0.023809,0.0338491],[0.0295342,0.813441,0.0310938,0.12593],[0.181995,0.47177,0.155127,0.19111]]},{"db":2,"id":"MA0814.1","alt":"TFAP2C(var.2)","len":11,"ltrim":1,"rtrim":1,"nsites":7758,"url":"http://jaspar2018.genereg.net/matrix/MA0814.1","pwm":[[0.354472,0.295436,0.0729588,0.277133],[0.0199105,0.104671,0.866525,0.00889264],[3.75349e-06,0.981268,0.0187245,3.75349e-06],[0.000361749,0.924764,0.00393664,0.0709378],[0.0190855,0.225761,0.144019,0.611136],[0.144885,0.37329,0.370068,0.111758],[0.738037,0.107904,0.146836,0.00722266],[0.116671,0.00955657,0.871858,0.00191473],[3.75349e-06,0.0137345,0.986258,3.75349e-06],[0.0159145,0.884982,0.0869476,0.0121556],[0.387778,0.0656198,0.241073,0.30553]]},{"db":2,"id":"MA0878.1","alt":"CDX1","len":9,"ltrim":0,"rtrim":1,"nsites":9274,"url":"http://jaspar2018.genereg.net/matrix/MA0878.1","pwm":[[0.241105,0.167889,0.529542,0.0614645],[0.0301638,0.536732,0.00198523,0.431119],[0.5111,0.388149,0.019298,0.0814533],[0.905746,0.0130891,0.0739345,0.00723006],[0.00300911,0.00129024,2.25143e-06,0.995697],[0.832564,0.026934,0.0100571,0.130445],[0.903627,0.00721217,0.00760217,0.0815573],[0.869078,0.0459208,0.023992,0.0610085],[0.5014,0.188376,0.135541,0.174683]]},{"db":2,"id":"MA0884.1","alt":"DUXA","len":13,"ltrim":1,"rtrim":1,"nsites":1014,"url":"http://jaspar2018.genereg.net/matrix/MA0884.1","pwm":[[0.220914,0.308669,0.191323,0.279094],[0.145986,0.172627,0.067246,0.614141],[0.635272,0.00487011,0.348192,0.0116666],[0.978696,0.00581202,0.0106375,0.00485424],[0.106685,0.30901,0.0980499,0.486256],[0.0118615,0.38657,0.190337,0.411231],[0.0153912,0.229791,0.0775009,0.677317],[0.890196,0.0491817,0.0412805,0.0193418],[0.976811,0.00676392,0.00965364,0.00677205],[2.87151e-05,0.00100049,0.00492211,0.994049],[2.87151e-05,0.901265,0.00268733,0.0960192],[0.854198,0.0244492,0.0438243,0.0775271],[0.358967,0.175545,0.279086,0.186401]]},{"db":2,"id":"MA0899.1","alt":"HOXA10","len":11,"ltrim":1,"rtrim":1,"nsites":8382,"url":"http://jaspar2018.genereg.net/matrix/MA0899.1","pwm":[[0.276187,0.169769,0.357073,0.196971],[0.174411,0.126368,0.602771,0.0964493],[0.0178063,0.449962,0.00686741,0.525364],[0.563388,0.303575,0.0687027,0.0643347],[0.853368,0.0463309,0.0731106,0.0271901],[0.041903,0.00125848,2.49102e-06,0.956836],[0.694067,0.00978437,0.0140933,0.282054],[0.944117,0.00405744,0.00856339,0.043261],[0.891115,0.0603948,0.0132933,0.0351971],[0.595195,0.14786,0.110789,0.146156],[0.35998,0.249254,0.146762,0.244005]]},{"db":2,"id":"MA0901.1","alt":"HOXB13","len":10,"ltrim":0,"rtrim":1,"nsites":3737,"url":"http://jaspar2018.genereg.net/matrix/MA0901.1","pwm":[[0.0741298,0.744166,0.138616,0.0430896],[0.0322109,0.772056,0.00389248,0.191841],[0.644636,0.231802,0.00278751,0.120775],[0.944295,0.00747539,0.0129082,0.0353208],[7.79213e-06,0.00251652,5.58722e-06,0.99747],[0.887632,0.0070274,0.00830437,0.0970372],[0.993905,5.58722e-06,5.58722e-06,0.00608363],[0.966614,0.0267689,0.000353578,0.00626462],[0.723453,0.143082,0.0437084,0.0897554],[0.355266,0.364613,0.0690437,0.211077]]},{"db":2,"id":"MA0909.1","alt":"HOXD13","len":10,"ltrim":0,"rtrim":1,"nsites":1087,"url":"http://jaspar2018.genereg.net/matrix/MA0909.1","pwm":[[0.0460206,0.632896,0.270463,0.0506201],[0.0170702,0.57241,0.00570068,0.40482],[0.60936,0.307343,1.92071e-05,0.0832791],[0.924673,1.92071e-05,0.0363059,0.0390012],[2.67868e-05,0.00147007,1.92071e-05,0.998484],[0.862102,1.92071e-05,1.92071e-05,0.137859],[0.989864,0.00433581,1.92071e-05,0.00578126],[0.998484,0.00147007,1.92071e-05,2.67868e-05],[0.806518,0.0879361,0.0398745,0.0656717],[0.353192,0.300864,0.106114,0.239831]]},{"db":2,"id":"MA0911.1","alt":"Hoxa11","len":12,"ltrim":1,"rtrim":2,"nsites":704,"url":"http://jaspar2018.genereg.net/matrix/MA0911.1","pwm":[[0.252846,0.153417,0.436048,0.157689],[0.235302,0.202704,0.559568,0.00242602],[0.00137617,0.0374073,0.0213886,0.939828],[0.0389968,0.914186,2.96549e-05,0.0467877],[0.259609,0.00210636,0.730975,0.00730933],[0.0194296,0.00141446,0.00418406,0.974972],[0.679112,0.00419606,0.0180831,0.29861],[0.95513,2.96549e-05,0.00274327,0.0420974],[0.909473,0.0349087,0.0039051,0.051714],[0.598087,0.135099,0.0994205,0.167393],[0.254266,0.232952,0.213067,0.299715],[0.197456,0.156257,0.159098,0.487188]]},{"db":2,"id":"MA0913.1","alt":"Hoxd9","len":10,"ltrim":0,"rtrim":1,"nsites":322,"url":"http://jaspar2018.genereg.net/matrix/MA0913.1","pwm":[[0.232937,0.136668,0.602362,0.0280317],[0.0476007,0.54445,0.0238194,0.384129],[0.631816,0.250801,0.117292,9.04067e-05],[0.836038,0.00868315,0.133644,0.0216357],[0.0588961,0.031729,0.031729,0.877646],[0.502472,0.0152881,6.48246e-05,0.482175],[0.910606,0.00945191,6.48246e-05,0.0798776],[0.932493,0.0337084,6.48246e-05,0.033734],[0.63805,0.0855643,0.131603,0.144782],[0.425599,0.14361,0.0974706,0.33332]]},{"db":2,"id":"MA0919.1","alt":"dsc-1","len":10,"ltrim":2,"rtrim":2,"nsites":999,"url":"http://jaspar2018.genereg.net/matrix/MA0919.1","pwm":[[0.330326,0.1992,0.296287,0.174186],[0.114132,0.405385,0.146152,0.33433],[0.0629598,0.137869,0.0130066,0.786164],[0.817765,0.0530686,0.0660803,0.0630858],[0.959933,0.0120197,0.0160193,0.0120279],[0.0120279,0.0160193,0.0120197,0.959933],[0.0630858,0.0660803,0.0530686,0.817765],[0.786164,0.0130066,0.137869,0.0629598],[0.33433,0.146152,0.405385,0.114132],[0.174186,0.296287,0.1992,0.330326]]},{"db":2,"id":"MA0924.1","alt":"pal-1","len":8,"ltrim":0,"rtrim":0,"nsites":1000,"url":"http://jaspar2018.genereg.net/matrix/MA0924.1","pwm":[[0.09102,0.00102078,0.90693,0.00102902],[0.00102802,0.307682,0.00101978,0.69027],[0.920937,0.0770132,0.00102078,0.00102902],[0.996932,0.00101978,0.00101978,0.00102802],[0.00102802,0.00101978,0.00101978,0.996932],[0.537438,0.00101978,0.00101978,0.460522],[0.996932,0.00101978,0.00101978,0.00102802],[0.885941,0.11201,0.00102078,0.00102902]]},{"db":2,"id":"MA1015.1","alt":"GATA12","len":8,"ltrim":1,"rtrim":1,"nsites":1000,"url":"http://jaspar2018.genereg.net/matrix/MA1015.1","pwm":[[0.19001,0.281993,0.146006,0.381991],[0.598969,0.11201,0.229998,0.0590232],[0.18901,0.0670142,0.737947,0.00602852],[0.968901,0.00202268,0.0220407,0.00703542],[0.00703542,0.0220407,0.00202268,0.968901],[0.00602852,0.737947,0.0670142,0.18901],[0.0590232,0.229998,0.11201,0.598969],[0.381991,0.146006,0.281993,0.19001]]},{"db":2,"id":"MA1017.1","alt":"GATA8","len":9,"ltrim":2,"rtrim":2,"nsites":1001,"url":"http://jaspar2018.genereg.net/matrix/MA1017.1","pwm":[[0.206801,0.31867,0.260734,0.213794],[0.475982,0.240997,0.152006,0.131016],[0.0590232,0.029018,0.898931,0.0130278],[0.99093,0.00102076,0.00202066,0.00602849],[0.00202889,0.0210188,2.08571e-05,0.976931],[0.0270264,0.648956,0.132008,0.19201],[0.0600231,0.378983,0.10801,0.452984],[0.383991,0.158005,0.368984,0.0890202],[0.313998,0.187002,0.319989,0.179011]]},{"db":2,"id":"MA1089.1","alt":"WRKY57","len":10,"ltrim":2,"rtrim":1,"nsites":1000,"url":"http://jaspar2018.genereg.net/matrix/MA1089.1","pwm":[[0.397989,0.177003,0.202001,0.223007],[0.407988,0.173004,0.161005,0.258003],[0.49848,0.0759373,0.311678,0.113904],[0.0380253,0.0170192,0.869934,0.0750216],[0.0300561,2.08779e-05,2.08779e-05,0.969902],[0.0520239,0.913929,0.00702018,0.0270264],[0.878941,0.0480161,0.0230186,0.0500241],[0.816947,0.0140195,0.11301,0.0560235],[0.260003,0.50797,0.0870122,0.145015],[0.199208,0.207207,0.386368,0.207215]]},{"db":2,"id":"MA1110.1","alt":"NR1H4","len":11,"ltrim":2,"rtrim":2,"nsites":505,"url":"http://jaspar2018.genereg.net/matrix/MA1110.1","pwm":[[0.150523,0.164365,0.231678,0.453433],[0.134684,0.475195,0.172284,0.217837],[0.912748,0.0198394,0.0237986,0.043613],[0.817718,0.0554764,0.0713142,0.0554927],[0.00599748,0.0297385,0.01192,0.952344],[0.0475732,0.0138996,0.914711,0.0238149],[0.900869,0.0435967,0.0277588,0.0277752],[0.0515325,0.926591,4.13384e-05,0.0218353],[0.0238149,0.942429,0.01192,0.0218353],[0.142603,0.267315,0.160406,0.429676],[0.267332,0.259396,0.207921,0.265352]]},{"db":2,"id":"MA1294.1","alt":"MYB62","len":15,"ltrim":4,"rtrim":1,"nsites":440,"url":"http://jaspar2018.genereg.net/matrix/MA1294.1","pwm":[[0.449964,0.13638,0.21818,0.195477],[0.386342,0.200002,0.168191,0.245465],[0.463597,0.109114,0.172735,0.254553],[0.484047,0.150013,0.138652,0.227288],[0.515858,0.0523086,0.13638,0.295454],[0.679457,0.0273142,0.131835,0.161394],[0.254553,0.0727579,0.597639,0.0750491],[6.61667e-05,4.74438e-05,0.0114089,0.988478],[6.61667e-05,4.74438e-05,4.74438e-05,0.999839],[0.933945,4.74438e-05,4.74438e-05,0.0659602],[6.61667e-05,4.74438e-05,0.99982,6.61667e-05],[6.61667e-05,4.74438e-05,0.99982,6.61667e-05],[0.0114276,0.427223,0.0114089,0.549941],[0.51813,0.106841,0.161375,0.213654],[0.295454,0.150013,0.304523,0.250009]]},{"db":2,"id":"MA1312.1","alt":"WRKY47","len":14,"ltrim":0,"rtrim":0,"nsites":88,"url":"http://jaspar2018.genereg.net/matrix/MA1312.1","pwm":[[0.522464,0.295357,0.0910428,0.0911363],[0.159241,0.431565,0.0569905,0.352204],[0.0797852,0.465617,0.1932,0.261398],[0.14789,0.0796917,0.511021,0.261398],[0.284099,0.1932,0.318058,0.204643],[0.0684351,0.908296,0.0229382,0.000330533],[0.0230317,0.000237004,0.738035,0.238696],[0.000330533,0.000237004,0.0115881,0.987844],[0.057084,0.000237004,0.000237004,0.942442],[0.000330533,0.000237004,0.999102,0.000330533],[0.840285,0.000237004,0.147796,0.0116816],[0.000330533,0.999102,0.000237004,0.000330533],[0.0116816,0.374811,0.0115881,0.60192],[0.386256,0.147796,0.0342893,0.431658]]},{"db":2,"id":"MA1313.1","alt":"WRKY7","len":14,"ltrim":2,"rtrim":1,"nsites":594,"url":"http://jaspar2018.genereg.net/matrix/MA1313.1","pwm":[[0.370357,0.13301,0.26935,0.227284],[0.203719,0.195288,0.301331,0.299662],[0.191936,0.664906,0.0926126,0.0505455],[0.00509917,3.51456e-05,0.929172,0.065695],[4.90153e-05,3.51456e-05,3.51456e-05,0.999881],[4.90153e-05,3.51456e-05,3.51456e-05,0.999881],[4.90153e-05,3.51456e-05,0.998183,0.00173273],[0.988098,3.51456e-05,0.0118182,4.90153e-05],[4.90153e-05,0.998183,3.51456e-05,0.00173273],[0.00509917,0.0219175,3.51456e-05,0.972949],[0.0202476,0.0050853,3.51456e-05,0.974632],[0.0438126,0.0421161,0.00676801,0.907303],[0.102726,0.11786,0.136376,0.643039],[0.217184,0.131326,0.198655,0.452835]]}],"sequence_names":["chr10:107344850-107345899","chr10:108365550-108366399","chr10:111745350-111745949","chr10:115925700-115926399","chr10:116579050-116579499","chr10:123019800-123020249","chr10:125503200-125503799","chr10:19521350-19521949","chr10:22403050-22403799","chr10:38447950-38448499","chr10:4778200-4778849","chr10:50022850-50023399","chr10:68874550-68875099","chr10:7353100-7353999","chr10:76403200-76403799","chr10:77874200-77874699","chr10:8903600-8904299","chr10:89465000-89465449","chr10:9220450-9221299","chr10:98070800-98071749","chr11:117436550-117436949","chr11:1817500-1818049","chr11:35411350-35411899","chr11:67349800-67350499","chr11:78845750-78846649","chr11:84698400-84699249","chr11:86210650-86211449","chr12:116864900-116865899","chr12:123547100-123547699","chr12:26019900-26020399","chr12:31902000-31902599","chr12:60110650-60111549","chr12:68319100-68319999","chr12:81262200-81262849","chr12:93935350-93936199","chr12:97962100-97962949","chr13:107721550-107722049","chr13:34271050-34271599","chr13:51218200-51218849","chr13:66030150-66030799","chr14:100477800-100479749","chr14:28208800-28209849","chr14:32603800-32604349","chr14:34671250-34671899","chr14:63545150-63545699","chr14:64144550-64144999","chr14:71938050-71939249","chr14:75649600-75650299","chr14:91742700-91743449","chr14:93439600-93440849","chr14:93477800-93478499","chr15:40077050-40077599","chr15:49160550-49161049","chr15:68983950-68984599","chr15:69884200-69884699","chr15:70754850-70756099","chr15:70983100-70983549","chr15:88014050-88014749","chr15:95335400-95336049","chr16:11085350-11086149","chr16:11386900-11387499","chr16:19554900-19555449","chr16:30115800-30116249","chr16:48743850-48744349","chr16:54683550-54684049","chr16:72961150-72962499","chr16:78084750-78085299","chr16:78324800-78325299","chr16:82170650-82171349","chr16:82186050-82186699","chr16:84509100-84509599","chr16:89909150-89909599","chr17:55015000-55015549","chr17:57833500-57834499","chr17:59312950-59313799","chr17:60878800-60879399","chr17:60965150-60965949","chr17:62224550-62224999","chr17:65635600-65636099","chr17:78690100-78690649","chr18:568350-569099","chr19:43769050-43770049","chr1:10615550-10615999","chr1:111359600-111359999","chr1:117248600-117249099","chr1:151521000-151521949","chr1:168735350-168736449","chr1:180660400-180660799","chr1:184377400-184378049","chr1:188030500-188031649","chr1:20558950-20559549","chr1:207489500-207490549","chr1:211765250-211765999","chr1:215176850-215177449","chr1:215178050-215178799","chr1:215440750-215441399","chr1:217489400-217490149","chr1:221785500-221785999","chr1:223691800-223692399","chr1:234859200-234860299","chr1:52035250-52035849","chr1:61961950-61962399","chr1:65448800-65449499","chr1:81632350-81633449","chr1:8975400-8976099","chr20:31564150-31564949","chr20:39715150-39716149","chr20:46093100-46093749","chr20:58532400-58533149","chr21:23055400-23055999","chr21:37049650-37050299","chr21:41696200-41697249","chr21:46493200-46493799","chr22:39320350-39321099","chr2:10161600-10162449","chr2:10630600-10631199","chr2:114779650-114780349","chr2:120818100-120818499","chr2:132306150-132306749","chr2:132313400-132314599","chr2:134262550-134263099","chr2:140465800-140466499","chr2:143755100-143756499","chr2:146350950-146351649","chr2:153020100-153020699","chr2:154085450-154086299","chr2:157638100-157638749","chr2:159058700-159059449","chr2:161488800-161489749","chr2:190090600-190091349","chr2:191281750-191282199","chr2:19172650-19173249","chr2:201123700-201124899","chr2:221547300-221547799","chr2:227024200-227025099","chr2:36587250-36587649","chr2:43696200-43696699","chr2:43826650-43827199","chr2:48995550-48996499","chr2:71352550-71353049","chr3:101899250-101899999","chr3:12464450-12465099","chr3:133171600-133172299","chr3:14864200-14864949","chr3:161129500-161130599","chr3:174986900-174987599","chr3:184837950-184838549","chr3:185658500-185659199","chr3:189176000-189176799","chr3:191191450-191192149","chr3:192597200-192597899","chr3:195266050-195266899","chr3:24115200-24115849","chr3:4729750-4730599","chr3:4737650-4738099","chr3:56425500-56426299","chr3:70854400-70855049","chr3:79934400-79935249","chr3:8843250-8843749","chr3:99703400-99704099","chr4:125554150-125554899","chr4:131057400-131058299","chr4:148900450-148901299","chr4:186190000-186191099","chr4:24861800-24862399","chr5:100627750-100628899","chr5:103981100-103983099","chr5:106600800-106601699","chr5:123035700-123036849","chr5:136048550-136049049","chr5:13624200-13624749","chr5:17260650-17261099","chr5:23494550-23495199","chr5: