<!DOCTYPE HTML>
<html>
  <head>
    <meta charset="UTF-8">
    <title>TOMTOM</title>
    <script>
      // @JSON_VAR data
      var data = {
        "program": "Tomtom",
        "version": "4.12.0",
        "release": "Tue Jun 27 16:22:50 2017 -0700",
        "cmd": [
          "tomtom", "-verbosity", "1", "-oc",
          "results/AHRpeaks_withAHREs.bed-299.fa/hocomoco/meme_tomtom_out",
          "-min-overlap", "5", "-dist", "pearson", "-evalue", "-thresh", "1",
          "-no-ssc", "-bfile",
          "results/AHRpeaks_withAHREs.bed-299.fa/hocomoco/background",
          "results/AHRpeaks_withAHREs.bed-299.fa/hocomoco/meme_out/meme.xml",
          "/Users/filipov4/meme/db/motif_databases/HUMAN/HOCOMOCOv11_full_HUMAN_mono_meme_format.meme"
        ],
        "options": {
          "strands": "both",
          "distance_measure": "pearson",
          "threshold_type": "evalue",
          "threshold_value": 1,
          "background_source": "file",
          "background_file": "results/AHRpeaks_withAHREs.bed-299.fa/hocomoco/background"
        },
        "alphabet": {
          "name": "DNA",
          "like": "dna",
          "ncore": 4,
          "symbols": [
            {
              "symbol": "A",
              "name": "Adenine",
              "colour": "CC0000",
              "complement": "T"
            }, {
              "symbol": "C",
              "name": "Cytosine",
              "colour": "0000CC",
              "complement": "G"
            }, {
              "symbol": "G",
              "name": "Guanine",
              "colour": "FFB300",
              "complement": "C"
            }, {
              "symbol": "T",
              "aliases": "U",
              "name": "Thymine",
              "colour": "008000",
              "complement": "A"
            }, {
              "symbol": "N",
              "aliases": "X.",
              "name": "Any base",
              "equals": "ACGT"
            }, {
              "symbol": "V",
              "name": "Not T",
              "equals": "ACG"
            }, {
              "symbol": "H",
              "name": "Not G",
              "equals": "ACT"
            }, {
              "symbol": "D",
              "name": "Not C",
              "equals": "AGT"
            }, {
              "symbol": "B",
              "name": "Not A",
              "equals": "CGT"
            }, {
              "symbol": "M",
              "name": "Amino",
              "equals": "AC"
            }, {
              "symbol": "R",
              "name": "Purine",
              "equals": "AG"
            }, {
              "symbol": "W",
              "name": "Weak",
              "equals": "AT"
            }, {
              "symbol": "S",
              "name": "Strong",
              "equals": "CG"
            }, {
              "symbol": "Y",
              "name": "Pyrimidine",
              "equals": "CT"
            }, {
              "symbol": "K",
              "name": "Keto",
              "equals": "GT"
            }
          ]
        },
        "background": [0.2643, 0.2357, 0.2357, 0.2643],
        "query_dbs": [
          {
            "source": "results/AHRpeaks_withAHREs.bed-299.fa/hocomoco/meme_out/meme.xml",
            "name": "meme",
            "loaded": 7,
            "excluded": 0,
            "last_modified": "Thu May 24 18:12:26 2018"
          }
        ],
        "target_dbs": [
          {
            "source": "/Users/filipov4/meme/db/motif_databases/HUMAN/HOCOMOCOv11_full_HUMAN_mono_meme_format.meme",
            "name": "HOCOMOCOv11 full HUMAN mono meme format",
            "loaded": 771,
            "excluded": 0,
            "last_modified": "Wed Dec  6 21:59:30 2017"
          }
        ],
        "queries": [
          {
            "db": 0,
            "id": "AWGATCRYGCCACTGCACTCCA",
            "alt": "MEME-7",
            "len": 22,
            "nsites": 8,
            "evalue": "4.7e-003",
            "pwm": [
              [0.744004, 0.00290988, 0.249823, 0.00326296], 
              [0.620547, 0.00290988, 0.00290988, 0.373633], 
              [0.12672, 0.126367, 0.743651, 0.00326296], 
              [0.990917, 0.00290988, 0.00290988, 0.00326296], 
              [0.00326296, 0.00290988, 0.00290988, 0.990917], 
              [0.00326296, 0.990564, 0.00290988, 0.00326296], 
              [0.373633, 0.00290988, 0.620194, 0.00326296], 
              [0.00326296, 0.37328, 0.00290988, 0.620547], 
              [0.12672, 0.126367, 0.743651, 0.00326296], 
              [0.00326296, 0.867107, 0.00290988, 0.12672], 
              [0.00326296, 0.867107, 0.00290988, 0.12672], 
              [0.990917, 0.00290988, 0.00290988, 0.00326296], 
              [0.00326296, 0.743651, 0.00290988, 0.250177], 
              [0.12672, 0.249823, 0.00290988, 0.620547], 
              [0.00326296, 0.00290988, 0.990564, 0.00326296], 
              [0.00326296, 0.990564, 0.00290988, 0.00326296], 
              [0.990917, 0.00290988, 0.00290988, 0.00326296], 
              [0.00326296, 0.743651, 0.00290988, 0.250177], 
              [0.00326296, 0.00290988, 0.126367, 0.86746], 
              [0.00326296, 0.743651, 0.126367, 0.12672], 
              [0.12672, 0.743651, 0.00290988, 0.12672], 
              [0.86746, 0.00290988, 0.126367, 0.00326296]
            ]
          }, {
            "db": 0,
            "id": "CABGSTGGBDCAYGCMTGTAATCCCAGCWM",
            "alt": "MEME-6",
            "len": 30,
            "nsites": 9,
            "evalue": "6.4e-006",
            "pwm": [
              [0.0029044, 0.881711, 0.00259011, 0.112794], 
              [0.772135, 0.00259011, 0.22237, 0.0029044], 
              [0.112794, 0.22237, 0.22237, 0.442464], 
              [0.0029044, 0.11248, 0.881711, 0.0029044], 
              [0.0029044, 0.33226, 0.661931, 0.0029044], 
              [0.0029044, 0.00259011, 0.00259011, 0.991915], 
              [0.222684, 0.11248, 0.661931, 0.0029044], 
              [0.222684, 0.00259011, 0.771821, 0.0029044], 
              [0.0029044, 0.44215, 0.22237, 0.332574], 
              [0.332574, 0.11248, 0.22237, 0.332574], 
              [0.0029044, 0.771821, 0.22237, 0.0029044], 
              [0.772135, 0.00259011, 0.11248, 0.112794], 
              [0.0029044, 0.552041, 0.00259011, 0.442464], 
              [0.112794, 0.00259011, 0.771821, 0.112794], 
              [0.112794, 0.552041, 0.11248, 0.222684], 
              [0.332574, 0.552041, 0.00259011, 0.112794], 
              [0.112794, 0.11248, 0.00259011, 0.772135], 
              [0.0029044, 0.11248, 0.881711, 0.0029044], 
              [0.0029044, 0.00259011, 0.11248, 0.882025], 
              [0.662245, 0.22237, 0.11248, 0.0029044], 
              [0.772135, 0.00259011, 0.22237, 0.0029044], 
              [0.0029044, 0.00259011, 0.00259011, 0.991915], 
              [0.0029044, 0.881711, 0.11248, 0.0029044], 
              [0.0029044, 0.771821, 0.00259011, 0.222684], 
              [0.0029044, 0.881711, 0.00259011, 0.112794], 
              [0.882025, 0.11248, 0.00259011, 0.0029044], 
              [0.222684, 0.00259011, 0.771821, 0.0029044], 
              [0.0029044, 0.991601, 0.00259011, 0.0029044], 
              [0.442464, 0.11248, 0.00259011, 0.442464], 
              [0.552355, 0.33226, 0.11248, 0.0029044]
            ]
          }, {
            "db": 0,
            "id": "CMSSTSWCCCWSCCYC",
            "alt": "MEME-5",
            "len": 16,
            "nsites": 57,
            "evalue": "1.6e-005",
            "pwm": [
              [0.0530027, 0.946122, 0.000412785, 0.000462872], 
              [0.385752, 0.403215, 0.0529526, 0.158081], 
              [0.000462872, 0.508294, 0.280623, 0.21062], 
              [0.000462872, 0.508294, 0.473267, 0.0179761], 
              [0.21062, 0.245597, 0.000412785, 0.54337], 
              [0.000462872, 0.665912, 0.333162, 0.000462872], 
              [0.54337, 0.123005, 0.000412785, 0.333212], 
              [0.000462872, 0.858556, 0.0179261, 0.123055], 
              [0.000462872, 0.770991, 0.193057, 0.0354894], 
              [0.123055, 0.87607, 0.000412785, 0.000462872], 
              [0.438291, 0.193057, 0.105491, 0.26316], 
              [0.0530027, 0.368189, 0.508294, 0.070515], 
              [0.0880282, 0.700938, 0.175545, 0.0354894], 
              [0.000462872, 0.998661, 0.000412785, 0.000462872], 
              [0.21062, 0.473267, 0.0529526, 0.26316], 
              [0.0530027, 0.700938, 0.245597, 0.000462872]
            ]
          }, {
            "db": 0,
            "id": "GCTCACTGCAACCTCCRCCTCCYRGGYTCA",
            "alt": "MEME-1",
            "len": 30,
            "nsites": 9,
            "evalue": "1.2e-026",
            "pwm": [
              [0.222684, 0.00259011, 0.661931, 0.112794], 
              [0.0029044, 0.771821, 0.11248, 0.112794], 
              [0.112794, 0.00259011, 0.00259011, 0.882025], 
              [0.112794, 0.771821, 0.00259011, 0.112794], 
              [0.882025, 0.11248, 0.00259011, 0.0029044], 
              [0.0029044, 0.881711, 0.00259011, 0.112794], 
              [0.0029044, 0.00259011, 0.00259011, 0.991915], 
              [0.0029044, 0.00259011, 0.991601, 0.0029044], 
              [0.112794, 0.661931, 0.00259011, 0.222684], 
              [0.882025, 0.00259011, 0.11248, 0.0029044], 
              [0.882025, 0.00259011, 0.11248, 0.0029044], 
              [0.0029044, 0.991601, 0.00259011, 0.0029044], 
              [0.0029044, 0.881711, 0.00259011, 0.112794], 
              [0.0029044, 0.00259011, 0.00259011, 0.991915], 
              [0.112794, 0.771821, 0.00259011, 0.112794], 
              [0.112794, 0.552041, 0.11248, 0.222684], 
              [0.332574, 0.00259011, 0.661931, 0.0029044], 
              [0.112794, 0.771821, 0.00259011, 0.112794], 
              [0.112794, 0.881711, 0.00259011, 0.0029044], 
              [0.0029044, 0.11248, 0.00259011, 0.882025], 
              [0.0029044, 0.991601, 0.00259011, 0.0029044], 
              [0.0029044, 0.881711, 0.00259011, 0.112794], 
              [0.0029044, 0.33226, 0.00259011, 0.662245], 
              [0.332574, 0.00259011, 0.661931, 0.0029044], 
              [0.0029044, 0.00259011, 0.991601, 0.0029044], 
              [0.112794, 0.00259011, 0.881711, 0.0029044], 
              [0.0029044, 0.44215, 0.00259011, 0.552355], 
              [0.0029044, 0.11248, 0.00259011, 0.882025], 
              [0.0029044, 0.991601, 0.00259011, 0.0029044], 
              [0.991915, 0.00259011, 0.00259011, 0.0029044]
            ]
          }, {
            "db": 0,
            "id": "HTCARTAAATATTTG",
            "alt": "MEME-4",
            "len": 15,
            "nsites": 26,
            "evalue": "1.6e-006",
            "pwm": [
              [0.269212, 0.384044, 0.000903065, 0.34584], 
              [0.115956, 0.230788, 0.000903065, 0.652353], 
              [0.307526, 0.652244, 0.000903065, 0.0393273], 
              [0.767296, 0.15416, 0.000903065, 0.0776409], 
              [0.499097, 0.0775313, 0.307416, 0.115956], 
              [0.00101264, 0.192474, 0.192474, 0.61404], 
              [0.920553, 0.0392177, 0.000903065, 0.0393273], 
              [0.958867, 0.000903065, 0.000903065, 0.0393273], 
              [0.997181, 0.000903065, 0.000903065, 0.00101264], 
              [0.00101264, 0.000903065, 0.000903065, 0.997181], 
              [0.882238, 0.000903065, 0.115846, 0.00101264], 
              [0.0393273, 0.115846, 0.000903065, 0.843925], 
              [0.00101264, 0.192474, 0.000903065, 0.80561], 
              [0.00101264, 0.000903065, 0.000903065, 0.997181], 
              [0.00101264, 0.000903065, 0.8055, 0.192584]
            ]
          }, {
            "db": 0,
            "id": "RNGTGYGTGHSWGHGTRTGWGT",
            "alt": "MEME-2",
            "len": 22,
            "nsites": 40,
            "evalue": "2.7e-025",
            "pwm": [
              [0.250036, 0.150214, 0.499341, 0.10041], 
              [0.175223, 0.274902, 0.274902, 0.274973], 
              [0.000659102, 0.274902, 0.574154, 0.150285], 
              [0.000659102, 0.000587781, 0.000587781, 0.998165], 
              [0.000659102, 0.0255254, 0.848468, 0.125347], 
              [0.0505344, 0.449466, 0.175151, 0.324849], 
              [0.0754721, 0.000587781, 0.923281, 0.000659102], 
              [0.0255968, 0.000587781, 0.000587781, 0.973228], 
              [0.0505344, 0.000587781, 0.873406, 0.0754721], 
              [0.324849, 0.200089, 0.100338, 0.374724], 
              [0.000659102, 0.374653, 0.574154, 0.0505344], 
              [0.374724, 0.000587781, 0.000587781, 0.6241], 
              [0.0505344, 0.249964, 0.698842, 0.000659102], 
              [0.299911, 0.29984, 0.0754007, 0.324849], 
              [0.0754721, 0.100338, 0.82353, 0.000659102], 
              [0.000659102, 0.225027, 0.000587781, 0.773726], 
              [0.299911, 0.225027, 0.474403, 0.000659102], 
              [0.225098, 0.225027, 0.000587781, 0.549288], 
              [0.125347, 0.150214, 0.524279, 0.20016], 
              [0.449537, 0.000587781, 0.000587781, 0.549288], 
              [0.000659102, 0.175151, 0.698842, 0.125347], 
              [0.150285, 0.100338, 0.0255254, 0.723851]
            ]
          }, {
            "db": 0,
            "id": "WHWWTBTGTTTDYTTWTHTTTT",
            "alt": "MEME-3",
            "len": 22,
            "nsites": 99,
            "evalue": "6.0e-009",
            "pwm": [
              [0.302991, 0.191963, 0.0406011, 0.464444], 
              [0.373627, 0.222236, 0.0103286, 0.393808], 
              [0.474535, 0.000237841, 0.000237841, 0.52499], 
              [0.363536, 0.111237, 0.1516, 0.373627], 
              [0.0809932, 0.0809643, 0.0708735, 0.767169], 
              [0.121356, 0.323144, 0.252508, 0.302991], 
              [0.222264, 0.000237841, 0.000237841, 0.77726], 
              [0.212174, 0.222236, 0.474506, 0.091084], 
              [0.252537, 0.0204195, 0.0103286, 0.716715], 
              [0.091084, 0.000237841, 0.181872, 0.726806], 
              [0.0305391, 0.000237841, 0.000237841, 0.968985], 
              [0.343354, 0.0506919, 0.262599, 0.343354], 
              [0.111266, 0.313053, 0.0910551, 0.484625], 
              [0.16172, 0.0708735, 0.0103286, 0.757078], 
              [0.091084, 0.0708735, 0.000237841, 0.837805], 
              [0.353445, 0.000237841, 0.141509, 0.504808], 
              [0.282809, 0.101146, 0.0204195, 0.595625], 
              [0.242446, 0.393779, 0.0406011, 0.323173], 
              [0.091084, 0.000237841, 0.0708735, 0.837805], 
              [0.0002667, 0.262599, 0.1516, 0.585535], 
              [0.181901, 0.121328, 0.141509, 0.555262], 
              [0.141538, 0.121328, 0.1516, 0.585535]
            ]
          }
        ],
        "targets": [
          {
            "db": 0,
            "id": "ARI3A_HUMAN.H11MO.0.D",
            "len": 22,
            "nsites": 44,
            "evalue": "1.0e+000",
            "url": "http://hocomoco.autosome.ru/motif/ARI3A_HUMAN.H11MO.0.D",
            "pwm": [
              [0.390356, 0.0966264, 0.325624, 0.187394], 
              [0.680871, 0.0912374, 0.000534467, 0.227357], 
              [0.112858, 0.000534467, 0.000534467, 0.886073], 
              [0.15821, 0.000534467, 0.000534467, 0.840722], 
              [0.95298, 0.0458859, 0.000534467, 0.00059932], 
              [0.931424, 0.0674417, 0.000534467, 0.00059932], 
              [0.47567, 0.000534467, 0.0243301, 0.499466], 
              [0.00059932, 0.408698, 0.227292, 0.363411], 
              [0.294264, 0.18194, 0.432493, 0.0913023], 
              [0.499466, 0.0458859, 0.363346, 0.0913023], 
              [0.454114, 0.0458859, 0.158145, 0.341855], 
              [0.728463, 0.000534467, 0.0912374, 0.179765], 
              [0.136654, 0.0458859, 0.0912374, 0.726223], 
              [0.160449, 0.568548, 0.0458859, 0.225117], 
              [0.726223, 0.000534467, 0.000534467, 0.272708], 
              [0.750019, 0.0458859, 0.000534467, 0.203561], 
              [0.95298, 0.000534467, 0.000534467, 0.0459508], 
              [0.408763, 0.000534467, 0.0458859, 0.544817], 
              [0.115098, 0.136589, 0.0912374, 0.657076], 
              [0.521021, 0.136589, 0.0243301, 0.31806], 
              [0.611724, 0.0696816, 0.000534467, 0.31806], 
              [0.664705, 0.00592342, 0.0750706, 0.254301]
            ]
          }, {
            "db": 0,
            "id": "ARNT2_HUMAN.H11MO.0.D",
            "len": 12,
            "nsites": 18,
            "evalue": "1.0e+000",
            "url": "http://hocomoco.autosome.ru/motif/ARNT2_HUMAN.H11MO.0.D",
            "pwm": [
              [0.193644, 0.0836667, 0.583955, 0.138734], 
              [0.166189, 0.281952, 0.33076, 0.221099], 
              [0.00146022, 0.660218, 0.220941, 0.117381], 
              [0.00146022, 0.0562119, 0.940868, 0.00146022], 
              [0.00146022, 0.00130221, 0.0562119, 0.941026], 
              [0.00146022, 0.0562119, 0.940868, 0.00146022], 
              [0.0563699, 0.00130221, 0.879857, 0.062471], 
              [0.166189, 0.33076, 0.391771, 0.11128], 
              [0.556658, 0.00130221, 0.275851, 0.166189], 
              [0.00146022, 0.33076, 0.5565, 0.11128], 
              [0.391929, 0.00130221, 0.495489, 0.11128], 
              [0.138734, 0.583955, 0.193486, 0.0838247]
            ]
          }, {
            "db": 0,
            "id": "CPEB1_HUMAN.H11MO.0.D",
            "len": 17,
            "nsites": 1803,
            "evalue": "1.0e+000",
            "url": "http://hocomoco.autosome.ru/motif/CPEB1_HUMAN.H11MO.0.D",
            "pwm": [
              [0.163622, 0.217971, 0.0893037, 0.529103], 
              [0.000569258, 0.000567672, 0.000567672, 0.998295], 
              [0.00472876, 0.00361797, 0.000290372, 0.991363], 
              [0.000707909, 0.00181552, 0.000151722, 0.997325], 
              [1.46581e-05, 0.00167687, 1.30719e-05, 0.998295], 
              [0.996632, 0.000567672, 0.00223147, 0.000569258], 
              [0.00223306, 0.0543639, 0.00334067, 0.940062], 
              [0.128127, 0.235718, 0.0282977, 0.607857], 
              [0.181924, 0.250692, 0.0732203, 0.494164], 
              [0.0926329, 0.223517, 0.0482633, 0.635587], 
              [0.0809863, 0.18414, 0.0343983, 0.700475], 
              [0.0654575, 0.13589, 0.0260793, 0.772573], 
              [0.100397, 0.118143, 0.0160965, 0.765363], 
              [0.18123, 0.0991479, 0.011521, 0.708101], 
              [0.224073, 0.116479, 0.0233063, 0.636141], 
              [0.240295, 0.16875, 0.0345369, 0.556418], 
              [0.223657, 0.210345, 0.0700314, 0.495966]
            ]
          }, {
            "db": 0,
            "id": "E2F6_HUMAN.H11MO.0.A",
            "len": 13,
            "nsites": 500,
            "evalue": "1.0e+000",
            "url": "http://hocomoco.autosome.ru/motif/E2F6_HUMAN.H11MO.0.A",
            "pwm": [
              [0.337985, 0.148018, 0.341979, 0.172018], 
              [0.262, 0.0340403, 0.555936, 0.148023], 
              [0.154022, 0.126022, 0.699907, 0.0200489], 
              [0.0100508, 0.0160439, 0.963854, 0.0100508], 
              [0.21401, 0.707906, 0.0120447, 0.0660397], 
              [0.0400449, 0.0180435, 0.893868, 0.0480433], 
              [0.0240481, 0.0480375, 0.895868, 0.0320465], 
              [0.0720385, 0.0440383, 0.871873, 0.0120504], 
              [0.941864, 0.0320407, 0.0140443, 0.0120504], 
              [0.51195, 0.0360399, 0.43596, 0.0160497], 
              [0.383976, 0.108026, 0.43796, 0.0700389], 
              [0.277997, 0.218004, 0.377972, 0.126028], 
              [0.275998, 0.162015, 0.425962, 0.136026]
            ]
          }, {
            "db": 0,
            "id": "EGR2_HUMAN.H11MO.0.A",
            "len": 18,
            "nsites": 500,
            "evalue": "1.0e+000",
            "url": "http://hocomoco.autosome.ru/motif/EGR2_HUMAN.H11MO.0.A",
            "pwm": [
              [0.21601, 0.0740323, 0.611925, 0.0980333], 
              [0.293994, 0.0960279, 0.411965, 0.198013], 
              [0.228007, 0.0740323, 0.621923, 0.0760377], 
              [0.254002, 0.0680335, 0.501947, 0.176018], 
              [0.319989, 0.104026, 0.505946, 0.0700389], 
              [0.150023, 0.104026, 0.449957, 0.295994], 
              [0.0760377, 0.102027, 0.765894, 0.0560417], 
              [0.369979, 0.190009, 0.0440383, 0.395974], 
              [0.0340461, 0.0220427, 0.929861, 0.01405], 
              [0.0400449, 0.0120447, 0.461955, 0.485956], 
              [0.182016, 0.00604593, 0.793888, 0.0180493], 
              [0.0360457, 0.0140443, 0.889869, 0.0600409], 
              [0.0240481, 0.0400391, 0.915864, 0.0200489], 
              [0.349983, 0.281991, 0.0220427, 0.345984], 
              [0.0580413, 0.00604593, 0.873872, 0.0620405], 
              [0.0760377, 0.0340403, 0.781891, 0.108031], 
              [0.341984, 0.0740323, 0.501947, 0.0820365], 
              [0.254002, 0.0480375, 0.561935, 0.136026]
            ]
          }, {
            "db": 0,
            "id": "EGR2_HUMAN.H11MO.1.A",
            "len": 16,
            "nsites": 498,
            "evalue": "1.0e+000",
            "url": "http://hocomoco.autosome.ru/motif/EGR2_HUMAN.H11MO.1.A",
            "pwm": [
              [0.194793, 0.144597, 0.457787, 0.202824], 
              [0.281121, 0.172703, 0.453771, 0.092404], 
              [0.18877, 0.100429, 0.373466, 0.337335], 
              [0.0622896, 0.0662991, 0.849274, 0.022137], 
              [0.244984, 0.365436, 0.0582686, 0.331312], 
              [0.00607595, 0.018116, 0.969732, 0.00607595], 
              [0.0120988, 0.0100855, 0.347367, 0.630449], 
              [0.162671, 0.00406258, 0.813137, 0.0201294], 
              [0.0241446, 0.0100855, 0.923557, 0.0422133], 
              [0.0241446, 0.018116, 0.953671, 0.00406832], 
              [0.321274, 0.357405, 0.0120931, 0.309228], 
              [0.0321751, 0.00607021, 0.911511, 0.0502438], 
              [0.0683124, 0.0281541, 0.712756, 0.190778], 
              [0.29919, 0.0944059, 0.459794, 0.14661], 
              [0.220892, 0.0803525, 0.524038, 0.174717], 
              [0.18877, 0.164673, 0.516008, 0.130549]
            ]
          }, {
            "db": 0,
            "id": "ESR1_HUMAN.H11MO.0.A",
            "len": 15,
            "nsites": 500,
            "evalue": "1.0e+000",
            "url": "http://hocomoco.autosome.ru/motif/ESR1_HUMAN.H11MO.0.A",
            "pwm": [
              [0.637925, 0.0480375, 0.259995, 0.0540421], 
              [0.0740381, 0.00604593, 0.807886, 0.11203], 
              [0.0460437, 0.0180435, 0.907866, 0.0280473], 
              [0.0940341, 0.0720327, 0.178012, 0.655922], 
              [0.00205245, 0.88787, 0.0480375, 0.0620405], 
              [0.855882, 0.00604593, 0.112025, 0.0260477], 
              [0.108031, 0.441959, 0.311985, 0.138025], 
              [0.395974, 0.603926, 4.71306e-05, 5.28494e-05], 
              [0.182016, 0.375972, 0.28599, 0.156022], 
              [0.104032, 0.0780315, 0.0440383, 0.773898], 
              [0.0540421, 0.0340403, 0.907866, 0.00405205], 
              [0.617929, 0.198008, 0.0700331, 0.11403], 
              [0.0400449, 0.88387, 0.0140443, 0.0620405], 
              [0.0900349, 0.821883, 0.00804553, 0.0800369], 
              [0.0580413, 0.329981, 0.0660339, 0.545944]
            ]
          }, {
            "db": 0,
            "id": "ESR2_HUMAN.H11MO.0.A",
            "len": 15,
            "nsites": 497,
            "evalue": "1.0e+000",
            "url": "http://hocomoco.autosome.ru/motif/ESR2_HUMAN.H11MO.0.A",
            "pwm": [
              [0.494923, 0.0966075, 0.362148, 0.0463215], 
              [0.114718, 0.0121174, 0.790633, 0.0825315], 
              [0.0463215, 0.0261991, 0.85903, 0.0684499], 
              [0.0966132, 0.116724, 0.229378, 0.557285], 
              [0.0161465, 0.798679, 0.0523508, 0.132823], 
              [0.621658, 0.0342458, 0.247483, 0.0966132], 
              [0.0925899, 0.511011, 0.265588, 0.130812], 
              [5.31684e-05, 0.667921, 4.7415e-05, 0.331978], 
              [0.122765, 0.422498, 0.267599, 0.187138], 
              [0.0402865, 0.239436, 0.0302224, 0.690055], 
              [0.0825315, 0.0261991, 0.891216, 5.31684e-05], 
              [0.521075, 0.273634, 0.0865491, 0.118742], 
              [0.0241932, 0.844948, 0.0221758, 0.108683], 
              [0.0825315, 0.84696, 0.0121174, 0.0583915], 
              [0.0724732, 0.356113, 0.0362574, 0.535157]
            ]
          }, {
            "db": 0,
            "id": "FLI1_HUMAN.H11MO.0.A",
            "len": 18,
            "nsites": 497,
            "evalue": "1.0e+000",
            "url": "http://hocomoco.autosome.ru/motif/FLI1_HUMAN.H11MO.0.A",
            "pwm": [
              [0.209267, 0.227366, 0.440603, 0.122765], 
              [0.315885, 0.148911, 0.432556, 0.102648], 
              [0.446643, 0.0865491, 0.374218, 0.0925899], 
              [0.20122, 0.0543624, 0.653839, 0.0905782], 
              [0.299792, 0.0362574, 0.635734, 0.0282165], 
              [0.422503, 0.388299, 0.183109, 0.00608817], 
              [0.915362, 0.0342458, 0.0402808, 0.0101115], 
              [0.0040765, 0.00407075, 0.981741, 0.0101115], 
              [0.00206484, 0.0121174, 0.985765, 5.31684e-05], 
              [0.93749, 0.0181524, 0.0443041, 5.31684e-05], 
              [0.957607, 0.00205908, 0.0261991, 0.0141348], 
              [0.146905, 0.0282108, 0.822819, 0.00206484], 
              [0.134835, 0.171039, 0.500953, 0.193173], 
              [0.410433, 0.124771, 0.402381, 0.0624149], 
              [0.39434, 0.0764908, 0.474801, 0.0543682], 
              [0.301803, 0.120747, 0.508999, 0.0684499], 
              [0.241453, 0.150922, 0.529116, 0.0785082], 
              [0.388305, 0.130806, 0.364159, 0.11673]
            ]
          }, {
            "db": 0,
            "id": "FOXB1_HUMAN.H11MO.0.D",
            "len": 17,
            "nsites": 7038,
            "evalue": "1.0e+000",
            "url": "http://hocomoco.autosome.ru/motif/FOXB1_HUMAN.H11MO.0.D",
            "pwm": [
              [0.219281, 0.162615, 0.422577, 0.195527], 
              [0.0892765, 0.143925, 0.225753, 0.541045], 
              [0.353901, 0.384067, 0.161097, 0.100935], 
              [0.803094, 0.0550291, 0.0564865, 0.0853903], 
              [0.724187, 0.0823598, 0.0299694, 0.163484], 
              [0.00346488, 0.00334303, 0.0160946, 0.977098], 
              [0.646658, 0.000944533, 0.349996, 0.00240226], 
              [0.0134232, 0.000671286, 0.00929374, 0.976612], 
              [0.0133625, 0.000246235, 0.0268423, 0.959549], 
              [0.00294875, 0.000519482, 0.279353, 0.717179], 
              [0.960035, 0.000489121, 0.0383794, 0.00109674], 
              [0.00313091, 0.897339, 0.0107814, 0.0887483], 
              [0.774925, 0.0141818, 0.0334913, 0.177402], 
              [0.0308199, 0.143762, 0.0300909, 0.795328], 
              [0.717604, 0.016975, 0.043571, 0.22185], 
              [0.573755, 0.0628198, 0.2564, 0.107025], 
              [0.123906, 0.357173, 0.327128, 0.191793]
            ]
          }, {
            "db": 0,
            "id": "FOXD2_HUMAN.H11MO.0.D",
            "len": 19,
            "nsites": 968,
            "evalue": "1.0e+000",
            "url": "http://hocomoco.autosome.ru/motif/FOXD2_HUMAN.H11MO.0.D",
            "pwm": [
              [0.292352, 0.0754298, 0.0743968, 0.557821], 
              [0.592167, 0.0725892, 0.248191, 0.0870534], 
              [0.336769, 0.132242, 0.157033, 0.373956], 
              [0.229084, 0.0751715, 0.630899, 0.064845], 
              [0.0960918, 0.0475401, 0.0010573, 0.855311], 
              [0.73962, 0.168395, 0.0010573, 0.090927], 
              [0.988562, 0.00415615, 2.43467e-05, 0.00725796], 
              [0.982364, 0.00209025, 2.43467e-05, 0.0155216], 
              [2.73009e-05, 0.181824, 2.43467e-05, 0.818125], 
              [0.524766, 2.43467e-05, 0.474149, 0.00106025], 
              [2.73009e-05, 2.43467e-05, 0.0051891, 0.994759], 
              [2.73009e-05, 2.43467e-05, 2.43467e-05, 0.999924], 
              [0.439032, 2.43467e-05, 0.0599355, 0.501009], 
              [0.419405, 2.43467e-05, 0.167362, 0.413208], 
              [0.00106025, 0.376019, 0.0423753, 0.580546], 
              [0.179244, 0.0883417, 0.150319, 0.582095], 
              [0.011648, 0.0601938, 0.00854619, 0.919612], 
              [0.701659, 0.00544734, 0.00854619, 0.284347], 
              [0.603013, 0.0400512, 0.247674, 0.109262]
            ]
          }, {
            "db": 0,
            "id": "FOXD3_HUMAN.H11MO.0.D",
            "len": 15,
            "nsites": 465,
            "evalue": "1.0e+000",
            "url": "http://hocomoco.autosome.ru/motif/FOXD3_HUMAN.H11MO.0.D",
            "pwm": [
              [0.157012, 0.176357, 0.298911, 0.36772], 
              [0.118311, 0.217208, 0.26666, 0.397821], 
              [0.135512, 0.0065009, 0.0559526, 0.802035], 
              [0.0387582, 0.0688531, 0.872981, 0.0194075], 
              [0.0925101, 0.0516525, 0.036602, 0.819235], 
              [0.0366081, 0.111855, 0.0495024, 0.802035], 
              [0.0538087, 5.06773e-05, 0.094654, 0.851487], 
              [0.339769, 0.200008, 0.225809, 0.234415], 
              [0.0581089, 0.599922, 0.0624029, 0.279567], 
              [0.294617, 0.202158, 0.0409021, 0.462323], 
              [0.109711, 0.223659, 0.0710032, 0.595628], 
              [0.404271, 0.0473523, 0.146256, 0.402121], 
              [0.230115, 0.141956, 0.427916, 0.200014], 
              [0.10111, 0.363413, 0.348363, 0.187113], 
              [0.356969, 0.292461, 0.111855, 0.238715]
            ]
          }, {
            "db": 0,
            "id": "FOXF1_HUMAN.H11MO.0.D",
            "len": 11,
            "nsites": 8,
            "evalue": "1.0e+000",
            "url": "http://hocomoco.autosome.ru/motif/FOXF1_HUMAN.H11MO.0.D",
            "pwm": [
              [0.413575, 0.151784, 0.151784, 0.282856], 
              [0.00326296, 0.00290988, 0.00290988, 0.990917], 
              [0.133982, 0.00290988, 0.859845, 0.00326296], 
              [0.00326296, 0.00290988, 0.00290988, 0.990917], 
              [0.00326296, 0.00290988, 0.00290988, 0.990917], 
              [0.00326296, 0.00290988, 0.00290988, 0.990917], 
              [0.729479, 0.0682694, 0.198988, 0.00326296], 
              [0.00326296, 0.133629, 0.00290988, 0.860198], 
              [0.0214184, 0.151784, 0.151784, 0.675013], 
              [0.264701, 0.16994, 0.00290988, 0.56245], 
              [0.431731, 0.00290988, 0.0392207, 0.526139]
            ]
          }, {
            "db": 0,
            "id": "FOXF2_HUMAN.H11MO.0.D",
            "len": 11,
            "nsites": 26,
            "evalue": "1.0e+000",
            "url": "http://hocomoco.autosome.ru/motif/FOXF2_HUMAN.H11MO.0.D",
            "pwm": [
              [0.016206, 0.0160964, 0.0160964, 0.951601], 
              [0.146675, 0.000903065, 0.821022, 0.0313994], 
              [0.00101264, 0.000903065, 0.0312898, 0.966795], 
              [0.12256, 0.000903065, 0.000903065, 0.875634], 
              [0.12256, 0.000903065, 0.0312898, 0.845248], 
              [0.770595, 0.000903065, 0.22749, 0.00101264], 
              [0.00101264, 0.782543, 0.0312898, 0.185155], 
              [0.284609, 0.255934, 0.0595728, 0.399885], 
              [0.0415148, 0.0414053, 0.0110185, 0.906061], 
              [0.480929, 0.000903065, 0.0312898, 0.486878], 
              [0.254222, 0.0110185, 0.35733, 0.377429]
            ]
          }, {
            "db": 0,
            "id": "FOXG1_HUMAN.H11MO.0.D",
            "len": 17,
            "nsites": 310,
            "evalue": "1.0e+000",
            "url": "http://hocomoco.autosome.ru/motif/FOXG1_HUMAN.H11MO.0.D",
            "pwm": [
              [0.35837, 0.152238, 0.184562, 0.304829], 
              [0.1504, 0.111046, 0.121206, 0.617348], 
              [0.0332431, 0.036003, 0.0297235, 0.90103], 
              [0.102421, 0.0200263, 0.857518, 0.0200355], 
              [8.52306e-05, 0.00321577, 0.0094953, 0.987204], 
              [8.52306e-05, 7.60077e-05, 0.231873, 0.767966], 
              [0.00341028, 7.60077e-05, 0.0926215, 0.903892], 
              [0.687424, 0.16427, 0.108506, 0.0398005], 
              [0.0396152, 0.353232, 0.0255647, 0.581588], 
              [0.309119, 0.0957613, 0.292279, 0.30284], 
              [0.191085, 0.0710037, 0.118656, 0.619255], 
              [0.366386, 0.0569623, 0.178507, 0.398144], 
              [0.0616374, 0.0549781, 0.0200701, 0.863314], 
              [0.313875, 0.0397399, 0.316265, 0.33012], 
              [0.0491247, 0.0747894, 0.0882749, 0.787811], 
              [0.238735, 0.0549318, 0.0785777, 0.627756], 
              [0.0828822, 0.134406, 0.197026, 0.585685]
            ]
          }, {
            "db": 0,
            "id": "FOXJ2_HUMAN.H11MO.0.C",
            "len": 10,
            "nsites": 41,
            "evalue": "1.0e+000",
            "url": "http://hocomoco.autosome.ru/motif/FOXJ2_HUMAN.H11MO.0.C",
            "pwm": [
              [0.000643066, 0.0242624, 0.000573479, 0.974521], 
              [0.308599, 0.000573479, 0.642807, 0.0480209], 
              [0.000643066, 0.000573479, 0.0242624, 0.974521], 
              [0.000643066, 0.000573479, 0.000573479, 0.99821], 
              [0.000643066, 0.000573479, 0.000573479, 0.99821], 
              [0.54812, 0.000573479, 0.450663, 0.000643066], 
              [0.000643066, 0.192717, 0.000573479, 0.806066], 
              [0.119088, 0.216406, 0.000573479, 0.663933], 
              [0.000643066, 0.0242624, 0.237463, 0.737632], 
              [0.465209, 0.0834847, 0.130863, 0.320444]
            ]
          }, {
            "db": 0,
            "id": "FOXJ3_HUMAN.H11MO.0.A",
            "len": 13,
            "nsites": 626,
            "evalue": "1.0e+000",
            "url": "http://hocomoco.autosome.ru/motif/FOXJ3_HUMAN.H11MO.0.A",
            "pwm": [
              [0.194107, 0.146486, 0.164701, 0.494706], 
              [4.22137e-05, 3.76457e-05, 3.76457e-05, 0.999882], 
              [0.082964, 3.76457e-05, 0.914272, 0.00272634], 
              [0.00111586, 3.76457e-05, 3.76457e-05, 0.998809], 
              [4.22137e-05, 3.76457e-05, 3.76457e-05, 0.999882], 
              [0.00887501, 3.76457e-05, 0.175702, 0.815385], 
              [0.818153, 3.76457e-05, 0.0369587, 0.14485], 
              [4.22137e-05, 0.0711389, 3.76457e-05, 0.928781], 
              [0.113306, 3.76457e-05, 0.430179, 0.456477], 
              [0.0440569, 3.76457e-05, 0.325665, 0.63024], 
              [0.0528154, 3.76457e-05, 0.0291544, 0.917993], 
              [0.00590692, 0.0101715, 0.0168425, 0.967079], 
              [0.358506, 0.0704052, 0.138473, 0.432616]
            ]
          }, {
            "db": 0,
            "id": "FOXJ3_HUMAN.H11MO.1.B",
            "len": 13,
            "nsites": 613,
            "evalue": "1.0e+000",
            "url": "http://hocomoco.autosome.ru/motif/FOXJ3_HUMAN.H11MO.1.B",
            "pwm": [
              [0.126261, 0.100133, 0.122351, 0.651255], 
              [0.0347963, 3.8444e-05, 0.390462, 0.574703], 
              [0.0300349, 3.8444e-05, 0.516094, 0.453832], 
              [4.31088e-05, 3.8444e-05, 3.8444e-05, 0.99988], 
              [0.054733, 3.8444e-05, 0.115344, 0.829884], 
              [0.396788, 3.8444e-05, 0.115354, 0.48782], 
              [0.35626, 0.0775039, 3.8444e-05, 0.566198], 
              [4.31088e-05, 3.8444e-05, 3.8444e-05, 0.99988], 
              [0.16366, 3.8444e-05, 0.836258, 4.31088e-05], 
              [4.31088e-05, 3.8444e-05, 3.8444e-05, 0.99988], 
              [4.31088e-05, 3.8444e-05, 3.8444e-05, 0.99988], 
              [4.31088e-05, 3.8444e-05, 0.0127134, 0.987205], 
              [0.645554, 0.104698, 0.116955, 0.132794]
            ]
          }, {
            "db": 0,
            "id": "FOXK1_HUMAN.H11MO.0.A",
            "len": 10,
            "nsites": 500,
            "evalue": "1.0e+000",
            "url": "http://hocomoco.autosome.ru/motif/FOXK1_HUMAN.H11MO.0.A",
            "pwm": [
              [0.0200489, 0.00804553, 0.0100451, 0.96186], 
              [0.0760377, 0.0200431, 0.895868, 0.00805125], 
              [0.00605165, 0.0860299, 0.0200431, 0.887875], 
              [0.00205245, 0.0100451, 0.100027, 0.887875], 
              [0.0200489, 0.0200431, 0.166014, 0.793894], 
              [0.491954, 0.251997, 0.0620347, 0.194014], 
              [0.0240481, 0.655916, 0.0400391, 0.279997], 
              [0.303992, 0.234, 0.110025, 0.351982], 
              [0.154022, 0.212005, 0.150017, 0.483956], 
              [0.11603, 0.228002, 0.144018, 0.51195]
            ]
          }, {
            "db": 0,
            "id": "FOXL1_HUMAN.H11MO.0.D",
            "len": 19,
            "nsites": 1207,
            "evalue": "1.0e+000",
            "url": "http://hocomoco.autosome.ru/motif/FOXL1_HUMAN.H11MO.0.D",
            "pwm": [
              [0.160531, 0.163842, 0.222661, 0.452967], 
              [0.140234, 0.189109, 0.444266, 0.226391], 
              [0.191183, 0.0404056, 0.132362, 0.63605], 
              [0.0629827, 0.024044, 0.0414411, 0.871532], 
              [0.000643219, 0.00064085, 0.00064085, 0.998075], 
              [0.0874214, 0.000433742, 0.905081, 0.00706357], 
              [0.00830621, 1.95261e-05, 1.95261e-05, 0.991655], 
              [2.18954e-05, 1.95261e-05, 1.95261e-05, 0.999939], 
              [2.18954e-05, 1.95261e-05, 1.95261e-05, 0.999939], 
              [0.470571, 1.95261e-05, 0.529387, 2.18954e-05], 
              [2.18954e-05, 1.95261e-05, 1.95261e-05, 0.999939], 
              [2.18954e-05, 1.95261e-05, 1.95261e-05, 0.999939], 
              [2.18954e-05, 1.95261e-05, 1.95261e-05, 0.999939], 
              [0.985856, 1.95261e-05, 0.0116176, 0.00250719], 
              [0.000850327, 0.51199, 0.000847958, 0.486311], 
              [0.414859, 0.0188663, 0.0213516, 0.544923], 
              [0.10399, 0.0145171, 0.0186592, 0.862834], 
              [0.226184, 0.0174166, 0.0149313, 0.741468], 
              [0.193254, 0.12532, 0.0838982, 0.597528]
            ]
          }, {
            "db": 0,
            "id": "FOXM1_HUMAN.H11MO.0.A",
            "len": 12,
            "nsites": 500,
            "evalue": "1.0e+000",
            "url": "http://hocomoco.autosome.ru/motif/FOXM1_HUMAN.H11MO.0.A",
            "pwm": [
              [0.0560417, 0.0240423, 0.0340403, 0.885876], 
              [0.252002, 0.0220427, 0.715904, 0.0100508], 
              [0.0260477, 0.0300411, 0.0560359, 0.887875], 
              [5.28494e-05, 0.0680335, 0.0620347, 0.869879], 
              [0.00205245, 0.00204673, 0.0720327, 0.923868], 
              [0.319989, 0.0540363, 0.58793, 0.0380453], 
              [0.0740381, 0.745898, 0.0180435, 0.16202], 
              [0.246004, 0.160015, 0.0380395, 0.555942], 
              [0.0480433, 0.289989, 0.142019, 0.519949], 
              [0.359981, 0.0380395, 0.0280415, 0.573938], 
              [0.108031, 0.160015, 0.445958, 0.285996], 
              [0.16602, 0.341979, 0.257996, 0.234006]
            ]
          }, {
            "db": 0,
            "id": "FOXO4_HUMAN.H11MO.0.C",
            "len": 9,
            "nsites": 28,
            "evalue": "1.0e+000",
            "url": "http://hocomoco.autosome.ru/motif/FOXO4_HUMAN.H11MO.0.C",
            "pwm": [
              [0.0369565, 0.108887, 0.108887, 0.74527], 
              [0.000940569, 0.00083879, 0.00083879, 0.997382], 
              [0.000940569, 0.00083879, 0.99728, 0.000940569], 
              [0.000940569, 0.00083879, 0.00083879, 0.997382], 
              [0.000940569, 0.00083879, 0.00083879, 0.997382], 
              [0.000940569, 0.00083879, 0.148904, 0.849316], 
              [0.709254, 0.00083879, 0.0368547, 0.253052], 
              [0.0369565, 0.348993, 0.180919, 0.433132], 
              [0.000940569, 0.108887, 0.360998, 0.529175]
            ]
          }, {
