<!DOCTYPE HTML>
<html>
  <head>
    <meta charset="UTF-8">
    <title>SpaMo - Spaced Motif Analysis</title>
    <script type="text/javascript">
      //@JSON_VAR data
      var data = {"program":"SpaMo","version":"4.12.0","revision":"aacc9c3eb8c7b460b344d5c8aa1458097dae704d","release":"Tue Jun 27 16:22:50 2017 -0700","host":"Sudins-iMac.local","when":"Thu May 24 14:30:55 2018","cmd":["spamo","-verbosity","1","-oc","results/AHRpeaks_not-in-DHSs.bed-499.fa/hocomoco/spamo_out_2","-bgfile","results/AHRpeaks_not-in-DHSs.bed-499.fa/hocomoco/background","-primary","CTTGGTCATGAAATYCTTGCCTAAGSCAA","results/AHRpeaks_not-in-DHSs.bed-499.fa/hocomoco/AHRpeaks_not-in-DHSs.bed-499.fa","results/AHRpeaks_not-in-DHSs.bed-499.fa/hocomoco/meme_out/meme.xml","results/AHRpeaks_not-in-DHSs.bed-499.fa/hocomoco/meme_out/meme.xml","/Users/filipov4/meme/db/motif_databases/HUMAN/HOCOMOCOv11_full_HUMAN_mono_meme_format.meme"],"options":{"seq_min_hit_score":7,"margin":150,"bin_size":1,"bin_pvalue_calc_range":150,"use_best_secondary":0,"seq_max_shared_fract":0.5,"seq_odds_ratio":20,"bin_pvalue_cutoff":0.05,"motif_evalue_cutoff":10,"redundant_overlap":2,"redundant_joint":0.5,"motif_pseudocount":0.1,"bgfile":"results/AHRpeaks_not-in-DHSs.bed-499.fa/hocomoco/background","motif_trim":0.25,"xalph":0,"seed":1,"bin_max":4},"alphabet":{"name":"DNA","like":"dna","ncore":4,"symbols":[{"symbol":"A","name":"Adenine","colour":"CC0000","complement":"T"},{"symbol":"C","name":"Cytosine","colour":"0000CC","complement":"G"},{"symbol":"G","name":"Guanine","colour":"FFB300","complement":"C"},{"symbol":"T","aliases":"U","name":"Thymine","colour":"008000","complement":"A"},{"symbol":"N","aliases":"X.","name":"Any base","equals":"ACGT"},{"symbol":"V","name":"Not T","equals":"ACG"},{"symbol":"H","name":"Not G","equals":"ACT"},{"symbol":"D","name":"Not C","equals":"AGT"},{"symbol":"B","name":"Not A","equals":"CGT"},{"symbol":"M","name":"Amino","equals":"AC"},{"symbol":"R","name":"Purine","equals":"AG"},{"symbol":"W","name":"Weak","equals":"AT"},{"symbol":"S","name":"Strong","equals":"CG"},{"symbol":"Y","name":"Pyrimidine","equals":"CT"},{"symbol":"K","name":"Keto","equals":"GT"}]},"background":[0.2976,0.2024,0.2024,0.2976],"sequence_dbs":[{"source":"results/AHRpeaks_not-in-DHSs.bed-499.fa/hocomoco/AHRpeaks_not-in-DHSs.bed-499.fa","name":"AHRpeaks_not-in-DHSs.bed-499","last_modified":"Thu May 24 11:14:35 2018","loaded":42,"excluded_too_short":0,"excluded_no_match":34,"excluded_ambigs":0,"excluded_similar":3,"erased_primary_matches":0}],"primary_dbs":[{"source":"results/AHRpeaks_not-in-DHSs.bed-499.fa/hocomoco/meme_out/meme.xml","name":"meme.xml","last_modified":"Thu May 24 14:30:32 2018","loaded":6,"excluded":5}],"secondary_dbs":[{"source":"results/AHRpeaks_not-in-DHSs.bed-499.fa/hocomoco/meme_out/meme.xml","name":"meme.xml","last_modified":"Thu May 24 14:30:32 2018","loaded":7,"excluded":1},{"source":"/Users/filipov4/meme/db/motif_databases/HUMAN/HOCOMOCOv11_full_HUMAN_mono_meme_format.meme","name":"HOCOMOCOv11_full_HUMAN_mono_meme_format","last_modified":"Wed Dec  6 21:59:30 2017","loaded":771,"excluded":0}],"secondary_motifs":[{"db":0,"id":"CAAAAGCAAATRCAATARAAACAAAGATAA","alt":"MEME-1","len":30,"ltrim":0,"rtrim":0,"nsites":6,"evalue":"6.5e-014","pwm":[[0.00487869,0.82299,0.00331804,0.168813],[0.988485,0.00331804,0.00331804,0.00487869],[0.660617,0.167253,0.167253,0.00487869],[0.82455,0.00331804,0.00331804,0.168813],[0.82455,0.167253,0.00331804,0.00487869],[0.00487869,0.00331804,0.82299,0.168813],[0.00487869,0.82299,0.167253,0.00487869],[0.988485,0.00331804,0.00331804,0.00487869],[0.82455,0.00331804,0.167253,0.00487869],[0.988485,0.00331804,0.00331804,0.00487869],[0.00487869,0.00331804,0.00331804,0.988485],[0.332747,0.00331804,0.495121,0.168813],[0.168813,0.82299,0.00331804,0.00487869],[0.988485,0.00331804,0.00331804,0.00487869],[0.988485,0.00331804,0.00331804,0.00487869],[0.00487869,0.00331804,0.00331804,0.988485],[0.82455,0.167253,0.00331804,0.00487869],[0.496682,0.00331804,0.331187,0.168813],[0.988485,0.00331804,0.00331804,0.00487869],[0.82455,0.00331804,0.167253,0.00487869],[0.82455,0.00331804,0.167253,0.00487869],[0.00487869,0.82299,0.167253,0.00487869],[0.988485,0.00331804,0.00331804,0.00487869],[0.988485,0.00331804,0.00331804,0.00487869],[0.988485,0.00331804,0.00331804,0.00487869],[0.168813,0.167253,0.659056,0.00487869],[0.988485,0.00331804,0.00331804,0.00487869],[0.168813,0.00331804,0.00331804,0.82455],[0.988485,0.00331804,0.00331804,0.00487869],[0.988485,0.00331804,0.00331804,0.00487869]]},{"db":0,"id":"TAGTTTAATTAAGTCCCAGCTA","alt":"MEME-4","len":22,"ltrim":0,"rtrim":0,"nsites":4,"evalue":"3.2e-005","pwm":[[0.00725853,0.00493659,0.00493659,0.982868],[0.738966,0.00493659,0.248839,0.00725853],[0.00725853,0.00493659,0.980546,0.00725853],[0.00725853,0.00493659,0.00493659,0.982868],[0.00725853,0.00493659,0.00493659,0.982868],[0.251161,0.00493659,0.00493659,0.738966],[0.982868,0.00493659,0.00493659,0.00725853],[0.982868,0.00493659,0.00493659,0.00725853],[0.00725853,0.00493659,0.00493659,0.982868],[0.00725853,0.00493659,0.00493659,0.982868],[0.982868,0.00493659,0.00493659,0.00725853],[0.738966,0.00493659,0.248839,0.00725853],[0.00725853,0.00493659,0.980546,0.00725853],[0.00725853,0.00493659,0.00493659,0.982868],[0.00725853,0.980546,0.00493659,0.00725853],[0.00725853,0.980546,0.00493659,0.00725853],[0.00725853,0.980546,0.00493659,0.00725853],[0.982868,0.00493659,0.00493659,0.00725853],[0.00725853,0.00493659,0.980546,0.00725853],[0.00725853,0.980546,0.00493659,0.00725853],[0.00725853,0.00493659,0.00493659,0.982868],[0.982868,0.00493659,0.00493659,0.00725853]]},{"db":1,"id":"ALX1_HUMAN.H11MO.0.B","len":12,"ltrim":1,"rtrim":0,"nsites":31,"evalue":"1.0e+000","url":"http://hocomoco.autosome.ru/motif/ALX1_HUMAN.H11MO.0.B","pwm":[[0.436385,0.209053,0.272904,0.0816574],[0.0648079,0.0964273,0.000650804,0.838114],[0.770716,0.0325763,0.0999745,0.0967334],[0.866492,0.0645018,0.000650804,0.0683552],[0.000956913,0.0964273,0.000650804,0.901965],[0.0328824,0.227676,0.128353,0.611088],[0.483386,0.000650804,0.515006,0.000956913],[0.355685,0.256055,0.355378,0.0328824],[0.774263,0.000650804,0.128353,0.0967334],[0.100281,0.000650804,0.0325763,0.866492],[0.0648079,0.0325763,0.0325763,0.87004],[0.827472,0.0574072,0.0574072,0.0577133]]},{"db":1,"id":"BPTF_HUMAN.H11MO.0.D","len":12,"ltrim":0,"rtrim":2,"nsites":21,"evalue":"1.0e+000","url":"http://hocomoco.autosome.ru/motif/BPTF_HUMAN.H11MO.0.D","pwm":[[0.0961972,0.095746,0.380106,0.427951],[0.0488038,0.000959243,0.380106,0.570131],[0.0961972,0.0483526,0.190533,0.664918],[0.143591,0.237926,0.332713,0.285771],[0.0488038,0.000959243,0.000959243,0.949278],[0.00141043,0.000959243,0.0483526,0.949278],[0.00141043,0.000959243,0.759253,0.238377],[0.0488038,0.143139,0.000959243,0.807098],[0.0488038,0.000959243,0.474893,0.475344],[0.0488038,0.095746,0.332713,0.522737],[0.143591,0.143139,0.285319,0.427951],[0.190984,0.4275,0.285319,0.0961972]]},{"db":1,"id":"BSH_HUMAN.H11MO.0.D","len":14,"ltrim":0,"rtrim":0,"nsites":8213,"evalue":"1.0e+000","url":"http://hocomoco.autosome.ru/motif/BSH_HUMAN.H11MO.0.D","pwm":[[0.218526,0.0920201,0.0771658,0.612288],[0.659286,0.0634073,0.111988,0.165319],[0.68869,0.0620071,0.0914722,0.157831],[0.11969,0.187264,0.189091,0.503955],[0.148516,0.178224,0.366825,0.306435],[0.398939,0.209728,0.253196,0.138137],[0.0881859,0.22991,0.551226,0.130679],[0.240382,0.158925,0.119476,0.481217],[0.000734164,0.00134179,2.46436e-06,0.997922],[0.997922,2.46436e-06,0.00195057,0.00012538],[0.99853,0.000489491,0.000489491,0.00049065],[0.0529678,0.0775615,0.0651423,0.804328],[0.0935432,0.22857,0.267167,0.410719],[0.32619,0.0849886,0.477167,0.111655]]},{"db":1,"id":"CDX2_HUMAN.H11MO.0.A","len":12,"ltrim":0,"rtrim":0,"nsites":151,"evalue":"1.0e+000","url":"http://hocomoco.autosome.ru/motif/CDX2_HUMAN.H11MO.0.A","pwm":[[0.152414,0.11926,0.211914,0.516411],[0.0597602,0.0729334,0.0596972,0.807609],[0.106087,0.000133951,0.0663153,0.827464],[0.0862327,0.245005,0.172205,0.496557],[0.986299,0.00675208,0.00675208,0.000196956],[0.00681509,0.053079,0.0133702,0.926736],[0.0465239,0.000133951,0.311186,0.642156],[0.185505,0.00675208,0.807546,0.000196956],[0.0134332,0.761219,0.132497,0.0928508],[0.264922,0.211914,0.0861697,0.436994],[0.139178,0.198678,0.350895,0.311249],[0.0134332,0.231769,0.172205,0.582593]]},{"db":1,"id":"CPEB1_HUMAN.H11MO.0.D","len":17,"ltrim":0,"rtrim":0,"nsites":1803,"evalue":"1.0e+000","url":"http://hocomoco.autosome.ru/motif/CPEB1_HUMAN.H11MO.0.D","pwm":[[0.163624,0.217969,0.0893019,0.529105],[0.000571105,0.000565826,0.000565826,0.998297],[0.00473061,0.00361613,0.000288525,0.991365],[0.000709755,0.00181368,0.000149875,0.997327],[1.65049e-05,0.00167503,1.12251e-05,0.998297],[0.996633,0.000565826,0.00222963,0.000571105],[0.00223491,0.0543621,0.00333883,0.940064],[0.128129,0.235716,0.0282958,0.607859],[0.181925,0.250691,0.0732185,0.494165],[0.0926348,0.223515,0.0482615,0.635589],[0.0809882,0.184139,0.0343965,0.700477],[0.0654594,0.135888,0.0260774,0.772575],[0.100399,0.118141,0.0160946,0.765365],[0.181232,0.099146,0.0115192,0.708103],[0.224075,0.116477,0.0233044,0.636143],[0.240297,0.168748,0.0345351,0.556419],[0.223659,0.210343,0.0700295,0.495968]]},{"db":1,"id":"CRX_HUMAN.H11MO.0.B","len":13,"ltrim":1,"rtrim":1,"nsites":500,"evalue":"1.0e+000","url":"http://hocomoco.autosome.ru/motif/CRX_HUMAN.H11MO.0.B","pwm":[[0.24801,0.164008,0.15201,0.435972],[0.533953,0.10402,0.261988,0.10004],[0.573945,0.0460313,0.275985,0.104039],[0.172025,0.0920221,0.565927,0.170026],[0.49796,0.164008,0.261988,0.0760443],[0.192021,0.00603927,0.775885,0.0260543],[0.0320531,0.0100385,0.935853,0.0220551],[0.763907,0.217997,0.0160373,0.00205911],[5.95081e-05,4.04719e-05,4.04719e-05,0.99986],[0.0220551,0.0580289,0.0240357,0.89588],[0.879884,0.00403967,0.0340337,0.0820431],[0.270006,0.0660273,0.525935,0.138032],[0.234013,0.323976,0.343972,0.0980399]]},{"db":1,"id":"DPRX_HUMAN.H11MO.0.D","len":11,"ltrim":2,"rtrim":1,"nsites":46561,"evalue":"1.0e+000","url":"http://hocomoco.autosome.ru/motif/DPRX_HUMAN.H11MO.0.D","pwm":[[0.32131,0.24659,0.291478,0.140622],[0.152569,0.451166,0.294962,0.101303],[0.0669933,0.0173808,0.902626,0.0129997],[0.00622901,0.00515495,0.97996,0.00865593],[0.998592,0.000397762,0.000655488,0.000355012],[0.000113394,0.000156144,4.87583e-05,0.999682],[0.000129502,0.00124611,0.00161122,0.997013],[0.991016,0.0027871,0.00317368,0.00302355],[0.299038,0.014272,0.286065,0.400625],[0.0484799,0.639102,0.193816,0.118603],[0.150496,0.369413,0.262822,0.217269]]},{"db":1,"id":"E2F3_HUMAN.H11MO.0.A","len":11,"ltrim":2,"rtrim":0,"nsites":500,"evalue":"1.0e+000","url":"http://hocomoco.autosome.ru/motif/E2F3_HUMAN.H11MO.0.A","pwm":[[0.375984,0.140012,0.207999,0.276004],[0.262007,0.0460313,0.409958,0.282003],[0.126034,0.124016,0.675905,0.0740447],[0.0340527,0.00603927,0.955849,0.00405871],[0.124035,0.769887,0.0200365,0.0860423],[0.152029,0.00403967,0.683904,0.160028],[0.0960403,0.0200365,0.867867,0.0160563],[0.0180559,0.0100385,0.957849,0.0140567],[0.833893,0.0380329,0.118017,0.0100575],[0.711917,0.0620281,0.2,0.0260543],[0.533953,0.110018,0.24999,0.106038]]},{"db":1,"id":"E2F6_HUMAN.H11MO.0.A","len":13,"ltrim":1,"rtrim":2,"nsites":500,"evalue":"1.0e+000","url":"http://hocomoco.autosome.ru/motif/E2F6_HUMAN.H11MO.0.A","pwm":[[0.337992,0.148011,0.341972,0.172025],[0.262007,0.0340337,0.555929,0.14803],[0.154029,0.126015,0.6999,0.0200555],[0.0100575,0.0160373,0.963848,0.0100575],[0.214017,0.707899,0.0120381,0.0660463],[0.0400515,0.0180369,0.893862,0.0480499],[0.0240547,0.0480309,0.895861,0.0320531],[0.0720451,0.0440317,0.871866,0.0120571],[0.941871,0.0320341,0.0140377,0.0120571],[0.511957,0.0360333,0.435953,0.0160563],[0.383983,0.108019,0.437953,0.0700455],[0.278004,0.217997,0.377965,0.126034],[0.276004,0.162008,0.425955,0.136032]]},{"db":1,"id":"EGR1_HUMAN.H11MO.0.A","len":17,"ltrim":4,"rtrim":1,"nsites":500,"evalue":"1.0e+000","url":"http://hocomoco.autosome.ru/motif/EGR1_HUMAN.H11MO.0.A","pwm":[[0.232013,0.247991,0.409958,0.110038],[0.319996,0.128015,0.317977,0.234013],[0.278004,0.180004,0.459948,0.0820431],[0.236012,0.112018,0.35397,0.298],[0.112037,0.0300345,0.807879,0.0500495],[0.236012,0.505939,0.0460313,0.212017],[0.0560483,0.0340337,0.869867,0.0400515],[0.0320531,0.00403967,0.409958,0.553949],[0.0920411,0.00204007,0.891862,0.0140567],[0.0160563,0.00403967,0.957849,0.0220551],[0.0240547,0.0320341,0.929855,0.0140567],[0.220016,0.475945,0.00403967,0.3],[0.0880419,0.0100385,0.841872,0.0600475],[0.110038,0.0220361,0.695901,0.172025],[0.337992,0.128015,0.405959,0.128034],[0.311997,0.0820241,0.455949,0.15003],[0.264007,0.182004,0.435953,0.118036]]},{"db":1,"id":"EGR2_HUMAN.H11MO.1.A","len":16,"ltrim":3,"rtrim":1,"nsites":498,"evalue":"1.0e+000","url":"http://hocomoco.autosome.ru/motif/EGR2_HUMAN.H11MO.1.A","pwm":[[0.1948,0.14459,0.45778,0.20283],[0.281128,0.172697,0.453765,0.0924107],[0.188777,0.100422,0.37346,0.337341],[0.0622962,0.0662924,0.849268,0.0221437],[0.24499,0.365429,0.0582619,0.331319],[0.00608263,0.0181093,0.969725,0.00608263],[0.0121055,0.0100788,0.34736,0.630455],[0.162678,0.00405589,0.81313,0.020136],[0.0241513,0.0100788,0.92355,0.04222],[0.0241513,0.0181093,0.953664,0.004075],[0.32128,0.357399,0.0120864,0.309235],[0.0321818,0.00606352,0.911504,0.0502505],[0.0683191,0.0281474,0.712749,0.190785],[0.299196,0.0943992,0.459788,0.146617],[0.220899,0.0803458,0.524032,0.174723],[0.188777,0.164666,0.516001,0.130556]]},{"db":1,"id":"ETV3_HUMAN.H11MO.0.D","len":14,"ltrim":0,"rtrim":0,"nsites":12,"evalue":"1.0e+000","url":"http://hocomoco.autosome.ru/motif/ETV3_HUMAN.H11MO.0.D","pwm":[[0.209071,0.042995,0.290929,0.457005],[0.415683,0.166962,0.166962,0.250393],[0.250393,0.49754,0.0843174,0.167749],[0.415683,0.00167273,0.414896,0.167749],[0.167749,0.00167273,0.0843174,0.746261],[0.167749,0.00167273,0.166962,0.663617],[0.0024595,0.0843174,0.0843174,0.828906],[0.167749,0.0843174,0.745474,0.0024595],[0.0024595,0.828119,0.0843174,0.0851041],[0.828906,0.00167273,0.166962,0.0024595],[0.0024595,0.828119,0.0843174,0.0851041],[0.0024595,0.249607,0.166962,0.580972],[0.0851041,0.00167273,0.166962,0.746261],[0.0024595,0.580185,0.166962,0.250393]]},{"db":1,"id":"EVX2_HUMAN.H11MO.0.A","len":13,"ltrim":2,"rtrim":2,"nsites":500,"evalue":"1.0e+000","url":"http://hocomoco.autosome.ru/motif/EVX2_HUMAN.H11MO.0.A","pwm":[[0.164027,0.176005,0.361968,0.298],[0.116036,0.182004,0.207999,0.493961],[0.0120571,0.0100385,0.0140377,0.963867],[0.0140567,0.00803887,4.04719e-05,0.977864],[0.0280539,0.0220361,0.0280349,0.921875],[0.983863,0.0100385,0.00403967,0.00205911],[0.00405871,0.0580289,4.04719e-05,0.937872],[0.0460503,0.00603927,0.495941,0.451969],[0.385982,4.04719e-05,0.605919,0.00805791],[0.0460503,0.735893,0.106019,0.112037],[0.156028,0.413958,0.0480309,0.381983],[0.128034,0.307979,0.196001,0.367986],[0.142031,0.24999,0.190002,0.417976]]},{"db":1,"id":"FOXD3_HUMAN.H11MO.0.D","len":15,"ltrim":2,"rtrim":3,"nsites":465,"evalue":"1.0e+000","url":"http://hocomoco.autosome.ru/motif/FOXD3_HUMAN.H11MO.0.D","pwm":[[0.157019,0.17635,0.298904,0.367727],[0.118318,0.217201,0.266653,0.397828],[0.135519,0.00649374,0.0559455,0.802042],[0.0387653,0.0688459,0.872974,0.0194147],[0.0925172,0.0516453,0.0365948,0.819243],[0.0366153,0.111847,0.0494952,0.802042],[0.0538159,4.35176e-05,0.0946468,0.851494],[0.339776,0.200001,0.225801,0.234422],[0.058116,0.599915,0.0623957,0.279574],[0.294624,0.202151,0.0408949,0.46233],[0.109718,0.223651,0.070996,0.595635],[0.404278,0.0473452,0.146249,0.402128],[0.230122,0.141948,0.427908,0.200021],[0.101118,0.363406,0.348356,0.187121],[0.356976,0.292454,0.111847,0.238722]]},{"db":1,"id":"FOXG1_HUMAN.H11MO.0.D","len":17,"ltrim":1,"rtrim":0,"nsites":310,"evalue":"1.0e+000","url":"http://hocomoco.autosome.ru/motif/FOXG1_HUMAN.H11MO.0.D","pwm":[[0.358381,0.152228,0.184552,0.30484],[0.15041,0.111035,0.121195,0.617359],[0.0332538,0.0359923,0.0297128,0.901041],[0.102431,0.0200156,0.857507,0.0200463],[9.5969e-05,0.00320503,0.00948456,0.987214],[9.5969e-05,6.52693e-05,0.231862,0.767977],[0.00342102,6.52693e-05,0.0926108,0.903903],[0.687434,0.164259,0.108495,0.0398113],[0.039626,0.353221,0.0255539,0.581599],[0.30913,0.0957505,0.292269,0.302851],[0.191096,0.0709929,0.118645,0.619266],[0.366397,0.0569516,0.178496,0.398155],[0.0616481,0.0549673,0.0200594,0.863325],[0.313886,0.0397292,0.316254,0.330131],[0.0491354,0.0747787,0.0882641,0.787822],[0.238746,0.054921,0.0785669,0.627766],[0.0828929,0.134395,0.197015,0.585696]]},{"db":1,"id":"FOXJ2_HUMAN.H11MO.0.C","len":10,"ltrim":0,"rtrim":0,"nsites":41,"evalue":"1.0e+000","url":"http://hocomoco.autosome.ru/motif/FOXJ2_HUMAN.H11MO.0.C","pwm":[[0.000724087,0.0241814,0.000492458,0.974602],[0.30868,0.000492458,0.642726,0.0481019],[0.000724087,0.000492458,0.0241814,0.974602],[0.000724087,0.000492458,0.000492458,0.998291],[0.000724087,0.000492458,0.000492458,0.998291],[0.548201,0.000492458,0.450582,0.000724087],[0.000724087,0.192636,0.000492458,0.806148],[0.119169,0.216325,0.000492458,0.664014],[0.000724087,0.0241814,0.237382,0.737713],[0.46529,0.0834037,0.130782,0.320525]]},{"db":1,"id":"FOXK1_HUMAN.H11MO.0.A","len":10,"ltrim":0,"rtrim":0,"nsites":500,"evalue":"1.0e+000","url":"http://hocomoco.autosome.ru/motif/FOXK1_HUMAN.H11MO.0.A","pwm":[[0.0200555,0.00803887,0.0100385,0.961867],[0.0760443,0.0200365,0.895861,0.00805791],[0.00605831,0.0860233,0.0200365,0.887882],[0.00205911,0.0100385,0.10002,0.887882],[0.0200555,0.0200365,0.166007,0.793901],[0.491961,0.25199,0.0620281,0.194021],[0.0240547,0.655909,0.0400325,0.280004],[0.303999,0.233994,0.110018,0.351989],[0.154029,0.211998,0.15001,0.483963],[0.116036,0.227995,0.144012,0.511957]]},{"db":1,"id":"FOXM1_HUMAN.H11MO.0.A","len":12,"ltrim":0,"rtrim":2,"nsites":500,"evalue":"1.0e+000","url":"http://hocomoco.autosome.ru/motif/FOXM1_HUMAN.H11MO.0.A","pwm":[[0.0560483,0.0240357,0.0340337,0.885882],[0.252009,0.0220361,0.715897,0.0100575],[0.0260543,0.0300345,0.0560293,0.887882],[5.95081e-05,0.0680269,0.0620281,0.869886],[0.00205911,0.00204007,0.0720261,0.923875],[0.319996,0.0540297,0.587923,0.0380519],[0.0740447,0.745891,0.0180369,0.162027],[0.24601,0.160008,0.0380329,0.555948],[0.0480499,0.289982,0.142012,0.519956],[0.359988,0.0380329,0.0280349,0.573945],[0.108038,0.160008,0.445951,0.286002],[0.166026,0.341972,0.257989,0.234013]]},{"db":1,"id":"FOXO1_HUMAN.H11MO.0.A","len":12,"ltrim":3,"rtrim":1,"nsites":500,"evalue":"1.0e+000","url":"http://hocomoco.autosome.ru/motif/FOXO1_HUMAN.H11MO.0.A","pwm":[[0.186022,0.160008,0.259988,0.393981],[0.0960403,0.309978,0.255989,0.337992],[0.0600475,0.45195,0.25399,0.234013],[0.0400515,0.477945,0.170006,0.311997],[0.00605831,0.0120381,0.0140377,0.967866],[0.0320531,0.0340337,0.917857,0.0160563],[0.00405871,0.186003,0.0160373,0.793901],[0.0100575,0.0300345,0.0620281,0.89788],[0.0120571,0.0400325,0.221996,0.725914],[0.403979,0.223996,0.0520301,0.319996],[0.00605831,0.691902,0.0520301,0.25001],[0.226014,0.263988,0.176005,0.333993]]},{"db":1,"id":"FOXP1_HUMAN.H11MO.0.A","len":9,"ltrim":0,"rtrim":0,"nsites":295,"evalue":"1.0e+000","url":"http://hocomoco.autosome.ru/motif/FOXP1_HUMAN.H11MO.0.A","pwm":[[0.0577084,0.139005,0.17628,0.627007],[0.0136556,0.281329,0.311827,0.393188],[0.00687821,0.0204007,0.0305667,0.942154],[0.0204329,0.0407328,0.840462,0.0983726],[0.000100847,0.017012,0.0576762,0.925211],[0.00687821,0.0949517,0.0407328,0.857437],[0.0102669,0.0136233,0.081397,0.894713],[0.525347,0.345714,0.0373441,0.0915953],[0.0170443,0.48465,0.0102346,0.488071]]},{"db":1,"id":"GATA1_HUMAN.H11MO.1.A","len":11,"ltrim":2,"rtrim":2,"nsites":500,"evalue":"1.0e+000","url":"http://hocomoco.autosome.ru/motif/GATA1_HUMAN.H11MO.1.A","pwm":[[0.34599,0.116017,0.30398,0.234013],[0.152029,0.441952,0.305979,0.10004],[0.69992,0.0140377,0.00803887,0.278004],[5.95081e-05,4.04719e-05,0.997841,0.00205911],[0.99986,4.04719e-05,4.04719e-05,5.95081e-05],[0.00605831,0.00803887,4.04719e-05,0.985862],[0.969866,0.00803887,0.00603927,0.0160563],[0.921875,0.00403967,0.0580289,0.0160563],[0.140032,0.174006,0.663908,0.0220551],[0.371985,0.2,0.339972,0.0880419],[0.339992,0.215997,0.321976,0.122035]]},{"db":1,"id":"GATA2_HUMAN.H11MO.1.A","len":11,"ltrim":1,"rtrim":1,"nsites":500,"evalue":"1.0e+000","url":"http://hocomoco.autosome.ru/motif/GATA2_HUMAN.H11MO.1.A","pwm":[[0.34999,0.116017,0.331974,0.202019],[0.164027,0.435953,0.347971,0.0520491],[0.751909,0.0100385,0.00603927,0.232013],[5.95081e-05,0.00204007,0.993842,0.00405871],[0.977864,0.0140377,0.00603927,0.00205911],[0.0160563,0.0400325,0.0480309,0.89588],[0.861887,0.0500305,0.0300345,0.0580479],[0.769906,0.0220361,0.186003,0.0220551],[0.14803,0.239992,0.567927,0.0440507],[0.417976,0.174006,0.369966,0.0380519],[0.417976,0.144012,0.273986,0.164027]]},{"db":1,"id":"GATA3_HUMAN.H11MO.0.A","len":11,"ltrim":2,"rtrim":1,"nsites":500,"evalue":"1.0e+000","url":"http://hocomoco.autosome.ru/motif/GATA3_HUMAN.H11MO.0.A","pwm":[[0.44797,0.0920221,0.25399,0.206018],[0.34799,0.30398,0.261988,0.0860423],[0.777904,0.00603927,0.00803887,0.208018],[0.0100575,0.00403967,0.985843,5.95081e-05],[0.987862,0.00403967,0.00603927,0.00205911],[0.14603,0.0100385,0.0400325,0.803899],[0.921875,0.0160373,0.0420321,0.0200555],[0.867886,0.00204007,0.0940217,0.0360523],[0.329994,0.223996,0.40396,0.0420511],[0.557948,0.120016,0.255989,0.0660463],[0.443971,0.0800245,0.223996,0.252009]]},{"db":1,"id":"GFI1_HUMAN.H11MO.0.C","len":10,"ltrim":0,"rtrim":0,"nsites":150,"evalue":"1.0e+000","url":"http://hocomoco.autosome.ru/motif/GFI1_HUMAN.H11MO.0.C","pwm":[[0.291473,0.0696031,0.587323,0.0516011],[0.0778957,0.684234,0.13936,0.0985096],[0.405113,0.100449,0.0757296,0.418709],[0.0521786,0.285459,0.562893,0.0994701],[0.239248,0.0171018,0.0800481,0.663602],[0.000198268,0.000134844,0.999469,0.000198268],[0.999532,0.000134844,0.000134844,0.000198268],[0.000198268,0.000134844,0.000134844,0.999532],[0.000198268,0.000134844,0.000134844,0.999532],[0.103632,0.118119,0.190832,0.587418]]},{"db":1,"id":"GRHL1_HUMAN.H11MO.0.D","len":12,"ltrim":0,"rtrim":0,"nsites":500,"evalue":"1.0e+000","url":"http://hocomoco.autosome.ru/motif/GRHL1_HUMAN.H11MO.0.D","pwm":[[0.661927,0.0600285,0.0920221,0.186022],[0.575944,0.0120381,0.142012,0.270006],[0.0120571,0.95385,0.0300345,0.00405871],[0.0140567,0.829875,0.00403967,0.152029],[0.325994,0.0160373,0.184004,0.473965],[0.00405871,0.0460313,0.893862,0.0560483],[0.00805791,0.166007,0.0460313,0.779904],[0.0240547,0.227995,0.0420321,0.705918],[0.0540487,0.35397,0.0320341,0.559948],[0.0740447,0.196001,0.198001,0.531953],[0.228014,0.188003,0.237993,0.34599],[0.0440507,0.791882,0.0520301,0.112037]]},{"db":1,"id":"GSC_HUMAN.H11MO.0.D","len":11,"ltrim":3,"rtrim":2,"nsites":1241,"evalue":"1.0e+000","url":"http://hocomoco.autosome.ru/motif/GSC_HUMAN.H11MO.0.D","pwm":[[0.472589,0.118862,0.227637,0.180912],[0.37167,0.118661,0.287866,0.221803],[0.17789,0.33339,0.359979,0.12874],[0.0527997,0.0632667,0.880284,0.00364979],[0.0330592,0.00323926,0.960455,0.00324693],[0.997526,0.00243352,1.63081e-05,2.39787e-05],[2.39787e-05,1.63081e-05,1.63081e-05,0.999943],[2.39787e-05,1.63081e-05,1.63081e-05,0.999943],[0.995512,0.000419177,0.00122491,0.00284406],[0.331383,0.0928775,0.39664,0.179099],[0.143042,0.346886,0.312239,0.197832]]},{"db":1,"id":"HMGA1_HUMAN.H11MO.0.D","len":7,"ltrim":1,"rtrim":0,"nsites":94,"evalue":"1.0e+000","url":"http://hocomoco.autosome.ru/motif/HMGA1_HUMAN.H11MO.0.D","pwm":[[0.260623,0.180515,0.354243,0.204618],[0.316913,0.0836504,0.000215091,0.599221],[0.847241,0.0402183,0.000215091,0.112325],[0.000316259,0.000215091,0.000215091,0.999254],[0.0208893,0.0105016,0.000215091,0.968394],[0.239193,0.0619343,0.0939369,0.604936],[0.20519,0.11251,0.117082,0.565219]]},{"db":1,"id":"HMX2_HUMAN.H11MO.0.D","len":11,"ltrim":1,"rtrim":1,"nsites":1221,"evalue":"1.0e+000","url":"http://hocomoco.autosome.ru/motif/HMX2_HUMAN.H11MO.0.D","pwm":[[0.257579,0.160937,0.230546,0.350937],[0.1071,0.071878,0.0423964,0.778626],[0.0806893,0.025813,0.0184426,0.875055],[0.854991,0.00165444,0.0802721,0.0630823],[0.995029,1.65752e-05,0.00411124,0.000843305],[0.108124,0.0213089,0.309574,0.560994],[0.00493797,0.172812,0.00656805,0.815682],[0.0315533,0.01271,0.932373,0.023364],[0.177324,0.213349,0.353386,0.255941],[0.131259,0.183662,0.136983,0.548096],[0.200049,0.184481,0.155,0.46047]]},{"db":1,"id":"HMX3_HUMAN.H11MO.0.D","len":11,"ltrim":2,"rtrim":0,"nsites":38638,"evalue":"1.0e+000","url":"http://hocomoco.autosome.ru/motif/HMX3_HUMAN.H11MO.0.D","pwm":[[0.227199,0.287553,0.213844,0.271404],[0.224061,0.218315,0.331881,0.225743],[0.0702035,0.0899506,0.069168,0.770678],[0.0198775,0.0150116,0.0137693,0.951342],[0.958258,0.00057638,0.03769,0.00347532],[0.993191,0.000595791,0.00556498,0.0006478],[0.00212303,0.000880484,0.244448,0.752548],[0.0025436,0.0736907,0.00818545,0.91558],[0.00333944,0.00199338,0.992078,0.00258889],[0.172272,0.387086,0.262675,0.177966],[0.131244,0.228971,0.115224,0.524561]]},{"db":1,"id":"HSF1_HUMAN.H11MO.1.A","len":9,"ltrim":0,"rtrim":1,"nsites":107,"evalue":"1.0e+000","url":"http://hocomoco.autosome.ru/motif/HSF1_HUMAN.H11MO.1.A","pwm":[[0.0563003,0.0935597,0.0935597,0.75658],[0.0563003,0.0748855,0.102897,0.765917],[0.0749744,0.877873,0.0188631,0.0282891],[0.018952,0.0188631,0.0282002,0.933985],[0.233705,0.0188631,0.747154,0.000277871],[0.0376261,0.000188982,0.961907,0.000277871],[0.859288,0.000188982,0.130908,0.00961494],[0.933985,0.000188982,0.0468743,0.018952],[0.420446,0.112234,0.280301,0.187019]]},{"db":1,"id":"HSF2_HUMAN.H11MO.0.A","len":14,"ltrim":1,"rtrim":0,"nsites":1040,"evalue":"1.0e+000","url":"http://hocomoco.autosome.ru/motif/HSF2_HUMAN.H11MO.0.A","pwm":[[0.341388,0.261785,0.308824,0.0880032],[0.067235,0.0840999,0.766426,0.0822396],[0.750253,0.0685776,0.117069,0.0641],[0.692731,0.0605926,0.110655,0.136022],[0.120998,0.230397,0.280191,0.368415],[0.304404,0.189922,0.415797,0.0898766],[0.0960664,0.036199,0.0787501,0.788985],[0.064568,0.048532,0.0926592,0.794241],[0.0443154,0.795038,0.120608,0.0400388],[0.0677223,0.137604,0.161988,0.632685],[0.581982,0.177809,0.174566,0.0656431],[0.0168905,0.119131,0.81007,0.053908],[0.725265,0.0617257,0.114397,0.098613],[0.550756,0.162439,0.138528,0.148277]]},{"db":1,"id":"HXA11_HUMAN.H11MO.0.D","len":13,"ltrim":0,"rtrim":3,"nsites":2642,"evalue":"1.0e+000","url":"http://hocomoco.autosome.ru/motif/HXA11_HUMAN.H11MO.0.D","pwm":[[0.263533,0.0682299,0.0500625,0.618175],[0.565471,0.091223,0.0575377,0.285769],[0.663972,0.132194,0.0617956,0.142038],[0.555535,0.174395,0.101726,0.168343],[0.343677,0.165028,0.217638,0.273657],[0.112422,0.0526173,0.0715417,0.763419],[1.12638e-05,7.66058e-06,0.000764634,0.999216],[1.12638e-05,0.000386147,7.66058e-06,0.999595],[0.299016,7.66058e-06,0.00114312,0.699833],[0.982468,0.00559034,0.00634731,0.00559394],[0.142795,0.304784,0.114027,0.438394],[0.133144,0.130869,0.499516,0.236471],[0.403762,0.136168,0.288698,0.171371]]},{"db":1,"id":"HXA13_HUMAN.H11MO.0.C","len":11,"ltrim":2,"rtrim":0,"nsites":17,"evalue":"1.0e+000","url":"http://hocomoco.autosome.ru/motif/HXA13_HUMAN.H11MO.0.C","pwm":[[0.188572,0.194872,0.503402,0.113154],[0.344551,0.0628896,0.37142,0.221139],[0.00174035,0.00118363,0.193158,0.803918],[0.289702,0.00118363,0.124596,0.584519],[0.0634463,0.00118363,0.00118363,0.934186],[0.262277,0.00118363,0.00118363,0.735356],[0.995892,0.00118363,0.00118363,0.00174035],[0.00174035,0.172589,0.00118363,0.824487],[0.11144,0.0628896,0.234295,0.591375],[0.00174035,0.0628896,0.762224,0.173146],[0.101156,0.18973,0.676521,0.0325933]]},{"db":1,"id":"HXB13_HUMAN.H11MO.0.A","len":10,"ltrim":0,"rtrim":1,"nsites":500,"evalue":"1.0e+000","url":"http://hocomoco.autosome.ru/motif/HXB13_HUMAN.H11MO.0.A","pwm":[[0.0680459,0.108019,0.10002,0.723915],[0.0100575,0.00603927,0.0180369,0.965866],[5.95081e-05,0.00403967,0.00204007,0.993861],[0.0140567,0.0240357,0.0260353,0.935872],[0.943871,0.0220361,0.0340337,5.95081e-05],[0.0240547,0.10002,0.00204007,0.873885],[0.262007,0.0100385,0.323976,0.403979],[0.25001,0.00803887,0.655909,0.0860423],[0.102039,0.329974,0.49994,0.0680459],[0.192021,0.383964,0.168007,0.256008]]},{"db":1,"id":"HXB2_HUMAN.H11MO.0.D","len":15,"ltrim":1,"rtrim":1,"nsites":420,"evalue":"1.0e+000","url":"http://hocomoco.autosome.ru/motif/HXB2_HUMAN.H11MO.0.D","pwm":[[0.230968,0.180957,0.169056,0.419019],[0.538038,0.176197,0.233326,0.0524393],[0.0673167,0.0125452,0.893288,0.0268502],[0.926636,0.0196864,0.0149256,0.0387521],[0.906998,0.0167109,0.00956972,0.0667216],[0.145274,0.402333,0.188099,0.264294],[0.345227,0.240467,0.3214,0.0929059],[0.0548197,0.0143305,0.0143305,0.916519],[0.0214943,0.00480895,0.0333736,0.940323],[7.08402e-05,0.99981,4.81791e-05,7.08402e-05],[7.08402e-05,0.126209,0.121448,0.752273],[0.838562,0.0601529,0.0934783,0.00780709],[0.00780709,0.000643275,0.990884,0.000665937],[0.945679,0.0244471,0.00778443,0.0220894],[0.479719,0.165485,0.163105,0.191692]]},{"db":1,"id":"HXC10_HUMAN.H11MO.0.D","len":19,"ltrim":2,"rtrim":1,"nsites":8980,"evalue":"1.0e+000","url":"http://hocomoco.autosome.ru/motif/HXC10_HUMAN.H11MO.0.D","pwm":[[0.234694,0.162724,0.181709,0.420873],[0.310598,0.114298,0.119065,0.456039],[0.42012,0.0660392,0.0691724,0.444668],[0.39671,0.0458536,0.0488343,0.508602],[0.429141,0.0408558,0.0917167,0.438287],[0.471936,0.0571731,0.160059,0.310831],[0.410823,0.163883,0.195753,0.229541],[0.295695,0.187922,0.216996,0.299387],[0.253353,0.193965,0.216088,0.336595],[0.247208,0.139666,0.201695,0.411431],[0.0931921,0.102039,0.124499,0.68027],[0.0225634,0.0133639,0.0946814,0.869391],[0.000595285,0.0131892,0.00844096,0.977775],[0.370086,0.0164388,0.0142789,0.599197],[0.987532,0.00460771,0.00778383,7.67902e-05],[0.0401002,0.172039,0.0546655,0.733195],[0.115705,0.0918092,0.393456,0.399029],[0.471773,0.0897987,0.317193,0.121235],[0.167595,0.426743,0.202756,0.202906]]},{"db":1,"id":"HXC11_HUMAN.H11MO.0.D","len":11,"ltrim":1,"rtrim":1,"nsites":320,"evalue":"1.0e+000","url":"http://hocomoco.autosome.ru/motif/HXC11_HUMAN.H11MO.0.D","pwm":[[0.313744,0.109318,0.253003,0.323935],[0.111538,0.0717386,0.140311,0.676413],[0.0299475,0.0638153,0.0450958,0.861141],[0.0558947,0.0151012,0.0176489,0.911355],[0.363647,0.0201967,0.0032479,0.612909],[0.971864,0.0102542,6.32303e-05,0.0178187],[0.00518844,0.634503,0.0245468,0.335762],[0.0310001,0.0410528,0.765892,0.162055],[0.74133,0.029308,0.145962,0.0834003],[0.0711856,0.554159,0.146269,0.228386],[0.173994,0.389094,0.156238,0.280674]]},{"db":1,"id":"HXC12_HUMAN.H11MO.0.D","len":12,"ltrim":1,"rtrim":2,"nsites":2465,"evalue":"1.0e+000","url":"http://hocomoco.autosome.ru/motif/HXC12_HUMAN.H11MO.0.D","pwm":[[0.301318,0.115926,0.221804,0.360951],[0.113293,0.0581194,0.101931,0.726656],[0.0160358,0.0083243,0.0103526,0.965287],[0.0124862,0.00274644,0.00274644,0.982021],[0.143211,0.00163086,0.0089328,0.846225],[0.995104,0.000413874,0.000819537,0.00366304],[0.00204039,0.489644,0.00609316,0.502223],[0.0365217,0.0438198,0.544814,0.374845],[0.737913,0.0304329,0.185396,0.0462577],[0.0547766,0.595116,0.133066,0.217042],[0.155787,0.356992,0.163085,0.324137],[0.166131,0.188439,0.188844,0.456586]]},{"db":1,"id":"HXC13_HUMAN.H11MO.0.D","len":11,"ltrim":2,"rtrim":3,"nsites":1231,"evalue":"1.0e+000","url":"http://hocomoco.autosome.ru/motif/HXC13_HUMAN.H11MO.0.D","pwm":[[0.335293,0.160645,0.184201,0.31986],[0.268077,0.0983025,0.271319,0.362302],[0.0639914,0.0436766,0.0461134,0.846219],[0.00814699,0.0178866,0.00489013,0.969076],[0.00164874,0.00976382,0.00326557,0.985322],[0.0536348,0.0130129,0.00732698,0.926025],[0.97395,0.0227603,0.00326557,2.41735e-05],[0.013833,0.814735,0.00895154,0.162481],[0.148672,0.160036,0.457331,0.233961],[0.508716,0.155365,0.182171,0.153748],[0.147859,0.183592,0.510129,0.158419]]},{"db":1,"id":"HXC9_HUMAN.H11MO.0.C","len":10,"ltrim":0,"rtrim":0,"nsites":500,"evalue":"1.0e+000","url":"http://hocomoco.autosome.ru/motif/HXC9_HUMAN.H11MO.0.C","pwm":[[0.260008,0.156009,0.0740257,0.509958],[0.0400515,0.0280349,0.0460313,0.885882],[0.00805791,0.0120381,0.0160373,0.963867],[0.224015,0.126015,0.0320341,0.617936],[0.959868,0.0240357,0.0120381,0.00405871],[0.0120571,0.0240357,0.0180369,0.94587],[0.0520491,0.00403967,0.45395,0.489962],[0.156028,0.0140377,0.80188,0.0280539],[0.0220551,0.773886,0.134014,0.0700455],[0.288002,0.39996,0.0160373,0.296]]},{"db":1,"id":"HXD10_HUMAN.H11MO.0.D","len":10,"ltrim":0,"rtrim":0,"nsites":7,"evalue":"1.0e+000","url":"http://hocomoco.autosome.ru/motif/HXD10_HUMAN.H11MO.0.D","pwm":[[0.155643,0.0331409,0.0331409,0.778076],[0.246513,0.00285071,0.746444,0.00419155],[0.125352,0.504123,0.124012,0.246513],[0.125352,0.00285071,0.00285071,0.868946],[0.125352,0.261801,0.00285071,0.609996],[0.00419155,0.00285071,0.00285071,0.990107],[0.626624,0.00285071,0.124012,0.246513],[0.609996,0.00285071,0.261801,0.125352],[0.00419155,0.00285071,0.00285071,0.990107],[0.0344818,0.0331409,0.275463,0.656915]]},{"db":1,"id":"HXD11_HUMAN.H11MO.0.D","len":11,"ltrim":1,"rtrim":3,"nsites":124,"evalue":"1.0e+000","url":"http://hocomoco.autosome.ru/motif/HXD11_HUMAN.H11MO.0.D","pwm":[[0.328604,0.135135,0.191541,0.34472],[0.262125,0.117004,0.100888,0.519982],[0.0324719,0.0243371,0.104917,0.838274],[0.000239806,0.0162791,0.0968593,0.886622],[0.24198,0.000163094,0.000163094,0.757693],[0.830216,0.000163094,0.145207,0.0244139],[0.00829782,0.282194,0.000163094,0.709345],[0.0264284,0.0263517,0.469543,0.477677],[0.455518,0.100888,0.278165,0.165429],[0.239966,0.368817,0.167367,0.22385],[0.260111,0.227802,0.171396,0.340691]]},{"db":1,"id":"HXD12_HUMAN.H11MO.0.D","len":11,"ltrim":2,"rtrim":4,"nsites":6722,"evalue":"1.0e+000","url":"http://hocomoco.autosome.ru/motif/HXD12_HUMAN.H11MO.0.D","pwm":[[0.3526,0.171339,0.229516,0.246545],[0.351687,0.135185,0.234332,0.278796],[0.174724,0.0474472,0.175836,0.601993],[0.0186356,0.00987752,0.103778,0.867709],[4.42719e-06,3.01097e-06,0.0445371,0.955455],[4.42719e-06,9.6732e-05,0.0405867,0.959312],[0.99999,3.01097e-06,3.01097e-06,4.42719e-06],[0.240733,0.267057,0.132498,0.359712],[0.141806,0.159867,0.331437,0.366891],[0.406249,0.135372,0.279465,0.178914],[0.195349,0.34575,0.245316,0.213584]]},{"db":1,"id":"HXD4_HUMAN.H11MO.0.D","len":8,"ltrim":0,"rtrim":0,"nsites":8,"evalue":"1.0e+000","url":"http://hocomoco.autosome.ru/motif/HXD4_HUMAN.H11MO.0.D","pwm":[[0.0341155,0.0329402,0.276471,0.656473],[0.00367407,0.00249877,0.00249877,0.991328],[0.747797,0.124264,0.124264,0.00367407],[0.869563,0.00249877,0.124264,0.00367407],[0.00367407,0.00249877,0.00249877,0.991328],[0.00367407,0.00249877,0.00249877,0.991328],[0.12544,0.124264,0.503091,0.247205],[0.412942,0.0329402,0.154706,0.399412]]},{"db":1,"id":"HXD8_HUMAN.H11MO.0.D","len":11,"ltrim":1,"rtrim":3,"nsites":278,"evalue":"1.0e+000","url":"http://hocomoco.autosome.ru/motif/HXD8_HUMAN.H11MO.0.D","pwm":[[0.294965,0.154693,0.100756,0.449586],[0.555663,0.196045,0.0773831,0.170909],[0.726464,0.0288394,0.0252436,0.219453],[0.00280388,0.0207488,0.0243446,0.952103],[0.341711,7.27796e-05,0.0216478,0.636569],[0.309348,0.00366861,7.27796e-05,0.68691],[0.125961,0.0108603,0.765984,0.0971944],[0.0117935,0.964654,0.0117592,0.0117935],[0.443293,0.191551,0.184359,0.180797],[0.194282,0.215823,0.190652,0.399244],[0.343509,0.203237,0.196045,0.257209]]},{"db":1,"id":"HXD9_HUMAN.H11MO.0.D","len":10,"ltrim":0,"rtrim":0,"nsites":6,"evalue":"1.0e+000","url":"http://hocomoco.autosome.ru/motif/HXD9_HUMAN.H11MO.0.D","pwm":[[0.865534,0.0443016,0.0443016,0.0458623],[0.496682,0.00331804,0.495121,0.00487869],[0.332748,0.167252,0.00331804,0.496682],[0.168813,0.00331804,0.00331804,0.824551],[0.00487869,0.00331804,0.00331804,0.988485],[0.332748,0.167252,0.167252,0.332748],[0.988485,0.00331804,0.00331804,0.00487869],[0.00487869,0.00331804,0.00331804,0.988485],[0.00487869,0.00331804,0.495121,0.496682],[0.373731,0.0443016,0.37217,0.209797]]},{"db":1,"id":"IKZF1_HUMAN.H11MO.0.C","len":8,"ltrim":0,"rtrim":0,"nsites":60,"evalue":"1.0e+000","url":"http://hocomoco.autosome.ru/motif/IKZF1_HUMAN.H11MO.0.C","pwm":[[0.0428694,0.285939,0.237632,0.433559],[0.0581241,0.0884751,0.000336772,0.853064],[0.0564291,0.000336772,0.942739,0.000495174],[0.0191398,0.0308462,0.949519,0.000495174],[0.000495174,0.0172865,0.981723,0.000495174],[0.849674,0.000336772,0.149494,0.000495174],[0.320844,0.0308462,0.532557,0.115753],[0.415762,0.039321,0.368145,0.176772]]},{"db":1,"id":"IRF3_HUMAN.H11MO.0.B","len":20,"ltrim":0,"rtrim":0,"nsites":500,"evalue":"1.0e+000","url":"http://hocomoco.autosome.ru/motif/IRF3_HUMAN.H11MO.0.B","pwm":[[0.3,0.0780249,0.513938,0.108038],[0.603939,0.0440317,0.29998,0.0520491],[0.677924,0.0660273,0.213998,0.0420511],[0.719916,0.0740257,0.110018,0.0960403],[0.305998,0.108019,0.455949,0.130034],[0.224015,0.0540297,0.557929,0.164027],[0.202019,0.0540297,0.731894,0.0120571],[0.819896,0.0180369,0.148011,0.0140567],[0.815896,0.0360333,0.126015,0.0220551],[0.89988,0.0160373,0.0300345,0.0540487],[0.224015,0.261988,0.445951,0.0680459],[0.292001,0.0880229,0.40196,0.218016],[0.20002,0.00603927,0.783884,0.0100575],[0.673925,0.0240357,0.289982,0.0120571],[0.879884,0.0360333,0.0720261,0.0120571],[0.941871,0.00403967,0.0400325,0.0140567],[0.0960403,0.313978,0.547931,0.0420511],[0.266006,0.142012,0.273986,0.317996],[0.228014,0.122016,0.585923,0.0640467],[0.681923,0.0700265,0.178005,0.0700455]]},{"db":1,"id":"IRF7_HUMAN.H11MO.0.C","len":10,"ltrim":0,"rtrim":0,"nsites":40,"evalue":"1.0e+000","url":"http://hocomoco.autosome.ru/motif/IRF7_HUMAN.H11MO.0.C","pwm":[[0.215305,0.0644474,0.658404,0.061843],[0.89594,0.102813,0.000504739,0.000742144],[0.998248,0.000504739,0.000504739,0.000742144],[0.89594,0.0260818,0.000504739,0.0774734],[0.10305,0.3529,0.415422,0.128628],[0.0234773,0.401212,0.153967,0.421343],[0.245145,0.048817,0.679718,0.0263192],[0.921517,0.000504739,0.0260818,0.0518963],[0.793632,0.205121,0.000504739,0.000742144],[0.668588,0.000504739,0.077236,0.253671]]},{"db":1,"id":"LEF1_HUMAN.H11MO.0.A","len":14,"ltrim":1,"rtrim":1,"nsites":456,"evalue":"1.0e+000","url":"http://hocomoco.autosome.ru/motif/LEF1_HUMAN.H11MO.0.A","pwm":[[0.0768028,0.260952,0.274107,0.388138],[0.0329528,0.63587,0.184215,0.146963],[0.0176053,0.708222,0.0131994,0.260973],[0.122845,0.0460869,0.0197769,0.811291],[0.00225775,0.138172,0.0351244,0.824446],[0.00225775,0.0131994,0.0329319,0.951611],[0.0439153,0.42539,0.519667,0.0110278],[0.456106,0.138172,0.0153919,0.390331],[0.278513,0.166675,0.157904,0.396908],[0.28509,0.190792,0.201755,0.322363],[0.0417228,0.129402,0.149134,0.679741],[0.0395303,0.31138,0.383732,0.265358],[0.116268,0.46047,0.0899369,0.333325],[0.313593,0.221487,0.103092,0.361828]]},{"db":1,"id":"NFAC1_HUMAN.H11MO.0.B","len":15,"ltrim":0,"rtrim":2,"nsites":500,"evalue":"1.0e+000","url":"http://hocomoco.autosome.ru/motif/NFAC1_HUMAN.H11MO.0.B","pwm":[[0.481963,0.229994,0.233994,0.0540487],[0.393981,0.0500305,0.0600285,0.49596],[0.0840427,0.00803887,0.90386,0.00405871],[0.0140567,0.0460313,0.929855,0.0100575],[0.94587,0.0120381,0.0360333,0.00605831],[0.809898,0.0680269,0.10402,0.0180559],[0.821895,0.0680269,0.0840237,0.0260543],[0.49996,0.166007,0.267987,0.0660463],[0.493961,0.0520301,0.142012,0.311997],[0.355988,0.237993,0.345971,0.0600475],[0.487962,0.0880229,0.0440317,0.379984],[0.264007,0.0300345,0.547931,0.158028],[0.537952,0.122016,0.221996,0.118036],[0.429974,0.317977,0.188003,0.0640467],[0.44997,0.120016,0.138013,0.292001]]},{"db":1,"id":"NFAC1_HUMAN.H11MO.1.B","len":10,"ltrim":2,"rtrim":0,"nsites":500,"evalue":"1.0e+000","url":"http://hocomoco.autosome.ru/motif/NFAC1_HUMAN.H11MO.1.B","pwm":[[0.477964,0.182004,0.225995,0.114037],[0.477964,0.174006,0.194002,0.154029],[0.194021,0.0280349,0.0340337,0.743911],[0.00405871,4.04719e-05,0.993842,0.00205911],[0.00205911,4.04719e-05,0.993842,0.00405871],[0.971865,0.00403967,0.0220361,0.00205911],[0.987862,0.00403967,0.00204007,0.00605831],[0.94787,0.0100385,0.0280349,0.0140567],[0.571945,0.184004,0.196001,0.0480499],[0.417976,0.0540297,0.110018,0.417976]]},{"db":1,"id":"NFAC2_HUMAN.H11MO.0.B","len":9,"ltrim":0,"rtrim":1,"nsites":86,"evalue":"1.0e+000","url":"http://hocomoco.autosome.ru/motif/NFAC2_HUMAN.H11MO.0.B","pwm":[[0.25637,0.0565364,0.145356,0.541738],[0.000345644,0.000235076,0.999074