<!DOCTYPE HTML>
<html>
  <head>
    <meta charset="UTF-8">
    <title>TOMTOM</title>
    <script>
      // @JSON_VAR data
      var data = {
        "program": "Tomtom",
        "version": "4.12.0",
        "release": "Tue Jun 27 16:22:50 2017 -0700",
        "cmd": [
          "tomtom", "-verbosity", "1", "-oc",
          "results/AHRpeaks_withAHREs.bed-399.fa/hocomoco/dreme_tomtom_out",
          "-min-overlap", "5", "-dist", "pearson", "-evalue", "-thresh", "1",
          "-no-ssc", "-bfile",
          "results/AHRpeaks_withAHREs.bed-399.fa/hocomoco/background",
          "results/AHRpeaks_withAHREs.bed-399.fa/hocomoco/dreme_out/dreme.xml",
          "/Users/filipov4/meme/db/motif_databases/HUMAN/HOCOMOCOv11_full_HUMAN_mono_meme_format.meme"
        ],
        "options": {
          "strands": "both",
          "distance_measure": "pearson",
          "threshold_type": "evalue",
          "threshold_value": 1,
          "background_source": "file",
          "background_file": "results/AHRpeaks_withAHREs.bed-399.fa/hocomoco/background"
        },
        "alphabet": {
          "name": "DNA",
          "like": "dna",
          "ncore": 4,
          "symbols": [
            {
              "symbol": "A",
              "name": "Adenine",
              "colour": "CC0000",
              "complement": "T"
            }, {
              "symbol": "C",
              "name": "Cytosine",
              "colour": "0000CC",
              "complement": "G"
            }, {
              "symbol": "G",
              "name": "Guanine",
              "colour": "FFB300",
              "complement": "C"
            }, {
              "symbol": "T",
              "aliases": "U",
              "name": "Thymine",
              "colour": "008000",
              "complement": "A"
            }, {
              "symbol": "N",
              "aliases": "X.",
              "name": "Any base",
              "equals": "ACGT"
            }, {
              "symbol": "V",
              "name": "Not T",
              "equals": "ACG"
            }, {
              "symbol": "H",
              "name": "Not G",
              "equals": "ACT"
            }, {
              "symbol": "D",
              "name": "Not C",
              "equals": "AGT"
            }, {
              "symbol": "B",
              "name": "Not A",
              "equals": "CGT"
            }, {
              "symbol": "M",
              "name": "Amino",
              "equals": "AC"
            }, {
              "symbol": "R",
              "name": "Purine",
              "equals": "AG"
            }, {
              "symbol": "W",
              "name": "Weak",
              "equals": "AT"
            }, {
              "symbol": "S",
              "name": "Strong",
              "equals": "CG"
            }, {
              "symbol": "Y",
              "name": "Pyrimidine",
              "equals": "CT"
            }, {
              "symbol": "K",
              "name": "Keto",
              "equals": "GT"
            }
          ]
        },
        "background": [0.2648, 0.2352, 0.2352, 0.2648],
        "query_dbs": [
          {
            "source": "results/AHRpeaks_withAHREs.bed-399.fa/hocomoco/dreme_out/dreme.xml",
            "name": "dreme",
            "loaded": 7,
            "excluded": 0,
            "last_modified": "Thu May 24 18:45:34 2018"
          }
        ],
        "target_dbs": [
          {
            "source": "/Users/filipov4/meme/db/motif_databases/HUMAN/HOCOMOCOv11_full_HUMAN_mono_meme_format.meme",
            "name": "HOCOMOCOv11 full HUMAN mono meme format",
            "loaded": 771,
            "excluded": 0,
            "last_modified": "Wed Dec  6 21:59:30 2017"
          }
        ],
        "queries": [
          {
            "db": 0,
            "id": "CACGVA",
            "alt": "DREME-6",
            "len": 6,
            "nsites": 122,
            "evalue": "5.0e-003",
            "pwm": [
              [0.000216871, 0.999374, 0.000192629, 0.000216871], 
              [0.999398, 0.000192629, 0.000192629, 0.000216871], 
              [0.000216871, 0.999374, 0.000192629, 0.000216871], 
              [0.000216871, 0.000192629, 0.999374, 0.000216871], 
              [0.417908, 0.204943, 0.376933, 0.000216871], 
              [0.999398, 0.000192629, 0.000192629, 0.000216871]
            ]
          }, {
            "db": 0,
            "id": "CCAGGH",
            "alt": "DREME-5",
            "len": 6,
            "nsites": 460,
            "evalue": "5.3e-006",
            "pwm": [
              [5.75527e-05, 0.999834, 5.11193e-05, 5.75527e-05], 
              [5.75527e-05, 0.999834, 5.11193e-05, 5.75527e-05], 
              [0.99984, 5.11193e-05, 5.11193e-05, 5.75527e-05], 
              [5.75527e-05, 5.11193e-05, 0.999834, 5.75527e-05], 
              [5.75527e-05, 5.11193e-05, 0.999834, 5.75527e-05], 
              [0.343461, 0.406485, 5.11193e-05, 0.250003]
            ]
          }, {
            "db": 0,
            "id": "CCTCRGG",
            "alt": "DREME-7",
            "len": 7,
            "nsites": 88,
            "evalue": "5.5e-003",
            "pwm": [
              [0.000300568, 0.999132, 0.000266969, 0.000300568], 
              [0.000300568, 0.999132, 0.000266969, 0.000300568], 
              [0.000300568, 0.000266969, 0.000266969, 0.999165], 
              [0.000300568, 0.999132, 0.000266969, 0.000300568], 
              [0.77215, 0.000266969, 0.227282, 0.000300568], 
              [0.000300568, 0.000266969, 0.999132, 0.000300568], 
              [0.000300568, 0.000266969, 0.999132, 0.000300568]
            ]
          }, {
            "db": 0,
            "id": "DCACGC",
            "alt": "DREME-1",
            "len": 6,
            "nsites": 390,
            "evalue": "5.5e-053",
            "pwm": [
              [0.307681, 6.02922e-05, 0.38714, 0.305118], 
              [6.788e-05, 0.999804, 6.02922e-05, 6.788e-05], 
              [0.999812, 6.02922e-05, 6.02922e-05, 6.788e-05], 
              [6.788e-05, 0.999804, 6.02922e-05, 6.788e-05], 
              [6.788e-05, 6.02922e-05, 0.999804, 6.788e-05], 
              [6.788e-05, 0.999804, 6.02922e-05, 6.788e-05]
            ]
          }, {
            "db": 0,
            "id": "GAKAA",
            "alt": "DREME-4",
            "len": 5,
            "nsites": 744,
            "evalue": "8.7e-007",
            "pwm": [
              [3.55866e-05, 3.16087e-05, 0.999897, 3.55866e-05], 
              [0.999901, 3.16087e-05, 3.16087e-05, 3.55866e-05], 
              [3.55866e-05, 3.16087e-05, 0.565816, 0.434117], 
              [0.999901, 3.16087e-05, 3.16087e-05, 3.55866e-05], 
              [0.999901, 3.16087e-05, 3.16087e-05, 3.55866e-05]
            ]
          }, {
            "db": 0,
            "id": "RYAAAYA",
            "alt": "DREME-2",
            "len": 7,
            "nsites": 443,
            "evalue": "2.5e-026",
            "pwm": [
              [0.487535, 5.30806e-05, 0.512352, 5.97608e-05], 
              [5.97608e-05, 0.57103, 5.30806e-05, 0.428857], 
              [0.999834, 5.30806e-05, 5.30806e-05, 5.97608e-05], 
              [0.999834, 5.30806e-05, 5.30806e-05, 5.97608e-05], 
              [0.999834, 5.30806e-05, 5.30806e-05, 5.97608e-05], 
              [5.97608e-05, 0.575544, 5.30806e-05, 0.424343], 
              [0.999834, 5.30806e-05, 5.30806e-05, 5.97608e-05]
            ]
          }, {
            "db": 0,
            "id": "TGACTCR",
            "alt": "DREME-3",
            "len": 7,
            "nsites": 106,
            "evalue": "3.1e-007",
            "pwm": [
              [0.000249576, 0.000221678, 0.000221678, 0.999307], 
              [0.000249576, 0.000221678, 0.999279, 0.000249576], 
              [0.999307, 0.000221678, 0.000221678, 0.000249576], 
              [0.000249576, 0.999279, 0.000221678, 0.000249576], 
              [0.000249576, 0.000221678, 0.000221678, 0.999307], 
              [0.000249576, 0.999279, 0.000221678, 0.000249576], 
              [0.895631, 0.000221678, 0.103898, 0.000249576]
            ]
          }
        ],
        "targets": [
          {
            "db": 0,
            "id": "AHR_HUMAN.H11MO.0.B",
            "len": 9,
            "nsites": 154,
            "evalue": "1.0e+000",
            "url": "http://hocomoco.autosome.ru/motif/AHR_HUMAN.H11MO.0.B",
            "pwm": [
              [0.263146, 0.118673, 0.366328, 0.251853], 
              [0.0707779, 0.0772069, 0.225152, 0.626863], 
              [0.141135, 0.284999, 0.134561, 0.439305], 
              [0.0167013, 0.00870237, 0.946959, 0.0276376], 
              [0.000171836, 0.976134, 0.00984234, 0.0138514], 
              [0.0225077, 0.00528247, 0.969758, 0.00245177], 
              [0.000171836, 0.0224885, 0.00471249, 0.972627], 
              [0.000171836, 0.000152628, 0.999504, 0.000171836], 
              [0.2798, 0.434244, 0.105047, 0.180908]
            ]
          }, {
            "db": 0,
            "id": "ANDR_HUMAN.H11MO.0.A",
            "len": 18,
            "nsites": 499,
            "evalue": "1.0e+000",
            "url": "http://hocomoco.autosome.ru/motif/ANDR_HUMAN.H11MO.0.A",
            "pwm": [
              [0.14832, 0.0701734, 0.036112, 0.745395], 
              [0.0621649, 0.0481337, 0.777446, 0.112255], 
              [0.0681757, 0.0661661, 0.0140724, 0.851586], 
              [0.188392, 0.172357, 0.144307, 0.494944], 
              [0.0781937, 0.733367, 0.036112, 0.152327], 
              [0.122273, 0.278548, 0.0321048, 0.567074], 
              [0.180378, 0.134289, 0.196401, 0.488933], 
              [0.19841, 0.178368, 0.216437, 0.406785], 
              [0.17637, 0.192393, 0.222447, 0.408789], 
              [0.200414, 0.256509, 0.120264, 0.422814], 
              [0.0721829, 0.0140724, 0.0140724, 0.899672], 
              [0.254511, 0.0301012, 0.691291, 0.0240963], 
              [0.0281035, 0.0220868, 0.0200832, 0.929726], 
              [0.0180855, 0.00605794, 0.0982238, 0.877633], 
              [0.00806748, 0.00806155, 0.0641625, 0.919708], 
              [0.42081, 0.0280976, 0.494938, 0.056154], 
              [0.0862081, 0.524992, 0.0481337, 0.340666], 
              [0.290576, 0.158332, 0.0541445, 0.496947]
            ]
          }, {
            "db": 0,
            "id": "AP2A_HUMAN.H11MO.0.A",
            "len": 15,
            "nsites": 500,
            "evalue": "1.0e+000",
            "url": "http://hocomoco.autosome.ru/motif/AP2A_HUMAN.H11MO.0.A",
            "pwm": [
              [0.416127, 0.185374, 0.193135, 0.205365], 
              [0.231124, 0.0911494, 0.134689, 0.543037], 
              [0.176778, 0.0944269, 0.470179, 0.258615], 
              [0.0108843, 0.520548, 0.43141, 0.0371578], 
              [5.29494e-05, 0.999847, 4.70306e-05, 5.29494e-05], 
              [5.29494e-05, 0.90084, 4.70306e-05, 0.09906], 
              [0.0509813, 0.11133, 0.0128291, 0.824859], 
              [0.00189114, 4.70306e-05, 0.796454, 0.201608], 
              [0.535279, 0.0386268, 0.409202, 0.0168921], 
              [0.142183, 4.70306e-05, 0.855962, 0.00180767], 
              [5.29494e-05, 4.70306e-05, 0.999847, 5.29494e-05], 
              [0.0479081, 0.556055, 0.379968, 0.0160687], 
              [0.308245, 0.381607, 0.0917685, 0.218379], 
              [0.512991, 0.0934492, 0.204264, 0.189295], 
              [0.238525, 0.14891, 0.208403, 0.404162]
            ]
          }, {
            "db": 0,
            "id": "AP2B_HUMAN.H11MO.0.B",
            "len": 10,
            "nsites": 28,
            "evalue": "1.0e+000",
            "url": "http://hocomoco.autosome.ru/motif/AP2B_HUMAN.H11MO.0.B",
            "pwm": [
              [0.0403274, 0.000837011, 0.780661, 0.178175], 
              [0.000942349, 0.646752, 0.245024, 0.107282], 
              [0.000942349, 0.961832, 0.000837011, 0.0363889], 
              [0.115159, 0.57192, 0.000837011, 0.312084], 
              [0.0757739, 0.0362835, 0.887, 0.000942349], 
              [0.327838, 0.315917, 0.355302, 0.000942349], 
              [0.0718354, 0.0362835, 0.851554, 0.0403274], 
              [0.000942349, 0.000837011, 0.997278, 0.000942349], 
              [0.190975, 0.123915, 0.675306, 0.00980398], 
              [0.222483, 0.446872, 0.253886, 0.0767585]
            ]
          }, {
            "db": 0,
            "id": "AP2C_HUMAN.H11MO.0.A",
            "len": 14,
            "nsites": 500,
            "evalue": "1.0e+000",
            "url": "http://hocomoco.autosome.ru/motif/AP2C_HUMAN.H11MO.0.A",
            "pwm": [
              [0.387203, 0.201037, 0.26956, 0.1422], 
              [0.196089, 0.123621, 0.166414, 0.513877], 
              [0.184612, 0.0997992, 0.518373, 0.197215], 
              [0.00958584, 0.506985, 0.471845, 0.0115837], 
              [0.0038558, 0.988133, 0.00795854, 5.29494e-05], 
              [0.0019208, 0.951679, 0.00239141, 0.0440084], 
              [0.0500582, 0.131887, 0.0254191, 0.792636], 
              [0.0354101, 4.70306e-05, 0.917072, 0.0474705], 
              [0.554979, 0.0254406, 0.415801, 0.00377886], 
              [0.0734789, 4.70306e-05, 0.924451, 0.00202336], 
              [5.29494e-05, 4.70306e-05, 0.997964, 0.00193605], 
              [0.0289787, 0.618171, 0.340996, 0.0118546], 
              [0.313916, 0.351516, 0.0971799, 0.237388], 
              [0.428243, 0.170533, 0.241667, 0.159557]
            ]
          }, {
            "db": 0,
            "id": "AP2D_HUMAN.H11MO.0.D",
            "len": 14,
            "nsites": 5,
            "evalue": "1.0e+000",
            "url": "http://hocomoco.autosome.ru/motif/AP2D_HUMAN.H11MO.0.D",
            "pwm": [
              [0.23319, 0.483408, 0.23261, 0.0507918], 
              [0.00519216, 0.00461177, 0.985004, 0.00519216], 
              [0.00519216, 0.620207, 0.18701, 0.187591], 
              [0.00519216, 0.985004, 0.00461177, 0.00519216], 
              [0.00519216, 0.597407, 0.00461177, 0.392789], 
              [0.00519216, 0.00461177, 0.985004, 0.00519216], 
              [0.392789, 0.23261, 0.369409, 0.00519216], 
              [0.00519216, 0.00461177, 0.985004, 0.00519216], 
              [0.00519216, 0.00461177, 0.985004, 0.00519216], 
              [0.00519216, 0.802605, 0.18701, 0.00519216], 
              [0.187591, 0.23261, 0.392209, 0.187591], 
              [0.00519216, 0.802605, 0.18701, 0.00519216], 
              [0.00519216, 0.18701, 0.802605, 0.00519216], 
              [0.0507918, 0.23261, 0.0502114, 0.666387]
            ]
          }, {
            "db": 0,
            "id": "BACH1_HUMAN.H11MO.0.A",
            "len": 13,
            "nsites": 500,
            "evalue": "1.0e+000",
            "url": "http://hocomoco.autosome.ru/motif/BACH1_HUMAN.H11MO.0.A",
            "pwm": [
              [0.0628544, 0.168178, 0.0975417, 0.671425], 
              [0.00920962, 0.066422, 0.922333, 0.00203501], 
              [0.0209174, 0.967523, 0.00397148, 0.00758851], 
              [0.0362212, 0.0795802, 0.0801361, 0.804063], 
              [0.0039012, 0.0613535, 0.890885, 0.0438608], 
              [0.802823, 0.020616, 0.12452, 0.0520408], 
              [0.0133145, 0.214862, 0.76322, 0.00860332], 
              [0.00625253, 0.0361764, 0.145875, 0.811696], 
              [0.0162441, 0.943689, 0.0343138, 0.00575289], 
              [0.786284, 0.0958346, 0.0824503, 0.0354306], 
              [0.00983027, 0.334259, 0.256603, 0.399308], 
              [0.151631, 0.265553, 0.394689, 0.188127], 
              [0.105268, 0.378561, 0.372598, 0.143574]
            ]
          }, {
            "db": 0,
            "id": "BACH2_HUMAN.H11MO.0.A",
            "len": 11,
            "nsites": 500,
            "evalue": "1.0e+000",
            "url": "http://hocomoco.autosome.ru/motif/BACH2_HUMAN.H11MO.0.A",
            "pwm": [
              [0.122029, 0.0960278, 0.0680334, 0.71391], 
              [0.0140501, 0.0780314, 0.893868, 0.0140501], 
              [0.0440442, 0.923862, 0.0120446, 0.020049], 
              [0.0780374, 0.0380394, 0.00804543, 0.875878], 
              [0.0580414, 0.060035, 0.793888, 0.0880354], 
              [0.757901, 0.0380394, 0.0560358, 0.148023], 
              [0.0440442, 0.224002, 0.669913, 0.0620406], 
              [0.0100509, 0.0160438, 0.00804543, 0.96586], 
              [0.060041, 0.919863, 0.0160438, 0.00405215], 
              [0.96386, 0.0120446, 0.00804543, 0.0160498], 
              [0.0560418, 0.319983, 0.212005, 0.411971]
            ]
          }, {
            "db": 0,
            "id": "BATF_HUMAN.H11MO.0.A",
            "len": 18,
            "nsites": 500,
            "evalue": "1.0e+000",
            "url": "http://hocomoco.autosome.ru/motif/BATF_HUMAN.H11MO.0.A",
            "pwm": [
              [0.451963, 0.0780314, 0.263994, 0.206012], 
              [0.0480434, 0.399967, 0.345978, 0.206012], 
              [0.0120505, 0.0180434, 0.0440382, 0.925868], 
              [0.134026, 0.327981, 0.0240422, 0.51395], 
              [0.0860358, 0.237999, 0.0520366, 0.623928], 
              [0.142025, 0.545938, 0.0460378, 0.266], 
              [0.379977, 0.0860298, 0.395968, 0.138025], 
              [0.369979, 0.114024, 0.230001, 0.285996], 
              [0.337985, 0.0180434, 0.0840302, 0.559941], 
              [0.577937, 0.158015, 0.0220426, 0.242005], 
              [0.00205255, 0.00204663, 4.70306e-05, 0.995854], 
              [0.00405215, 0.0560358, 0.849877, 0.090035], 
              [0.977857, 0.00804543, 0.0120446, 0.00205255], 
              [0.104032, 0.557935, 0.315984, 0.0220486], 
              [0.0720386, 0.030041, 0.020043, 0.877877], 
              [0.212011, 0.507945, 0.212005, 0.0680394], 
              [0.611931, 0.0840302, 0.110025, 0.194014], 
              [0.142025, 0.18601, 0.305986, 0.36598]
            ]
          }, {
            "db": 0,
            "id": "BATF_HUMAN.H11MO.1.A",
            "len": 11,
            "nsites": 500,
            "evalue": "1.0e+000",
            "url": "http://hocomoco.autosome.ru/motif/BATF_HUMAN.H11MO.1.A",
            "pwm": [
              [0.323988, 0.0680334, 0.391969, 0.21601], 
              [0.573938, 0.218003, 0.192009, 0.0160498], 
              [0.0140501, 0.00404623, 0.00404623, 0.977857], 
              [5.29494e-05, 0.0120446, 0.93386, 0.0540422], 
              [0.967859, 0.010045, 0.00804543, 0.0140501], 
              [0.0100509, 0.513944, 0.0540362, 0.421969], 
              [0.0280474, 0.0280414, 0.431961, 0.511951], 
              [0.0940342, 0.875872, 0.0140442, 0.0160498], 
              [0.975858, 0.0180434, 4.70306e-05, 0.00605175], 
              [0.609931, 0.0560358, 0.144018, 0.190015], 
              [0.238005, 0.28399, 0.100027, 0.377977]
            ]
          }, {
            "db": 0,
            "id": "FOSB_HUMAN.H11MO.0.A",
            "len": 9,
            "nsites": 500,
            "evalue": "1.0e+000",
            "url": "http://hocomoco.autosome.ru/motif/FOSB_HUMAN.H11MO.0.A",
            "pwm": [
              [0.41397, 0.206006, 0.291989, 0.0880354], 
              [0.0100509, 0.0120446, 0.00204663, 0.975858], 
              [0.0120505, 0.0140442, 0.917863, 0.0560418], 
              [0.895874, 0.0120446, 0.0180434, 0.0740382], 
              [0.204012, 4.70306e-05, 0.795888, 5.29494e-05], 
              [0.0180494, 0.030041, 0.106026, 0.845884], 
              [0.0540422, 0.903866, 0.0280414, 0.0140501], 
              [0.96586, 0.010045, 0.00604583, 0.0180494], 
              [0.0720386, 0.329981, 0.230001, 0.367979]
            ]
          }, {
            "db": 0,
            "id": "FOSL1_HUMAN.H11MO.0.A",
            "len": 12,
            "nsites": 500,
            "evalue": "1.0e+000",
            "url": "http://hocomoco.autosome.ru/motif/FOSL1_HUMAN.H11MO.0.A",
            "pwm": [
              [0.198013, 0.18601, 0.405966, 0.210011], 
              [0.317989, 0.164014, 0.347977, 0.170019], 
              [0.429967, 0.269993, 0.281991, 0.0180494], 
              [5.29494e-05, 4.70306e-05, 0.00604583, 0.993854], 
              [5.29494e-05, 0.00404623, 0.941859, 0.0540422], 
              [0.987855, 0.00204663, 0.00204663, 0.00805135], 
              [0.0780374, 4.70306e-05, 0.921863, 5.29494e-05], 
              [5.29494e-05, 4.70306e-05, 4.70306e-05, 0.999853], 
              [0.0180494, 0.979851, 0.00204663, 5.29494e-05], 
              [0.995854, 0.00404623, 4.70306e-05, 5.29494e-05], 
              [0.0220486, 0.411965, 0.162015, 0.403972], 
              [0.210011, 0.401967, 0.154016, 0.234006]
            ]
          }, {
            "db": 0,
            "id": "FOSL2_HUMAN.H11MO.0.A",
            "len": 12,
            "nsites": 500,
            "evalue": "1.0e+000",
            "url": "http://hocomoco.autosome.ru/motif/FOSL2_HUMAN.H11MO.0.A",
            "pwm": [
              [0.194014, 0.190009, 0.373972, 0.242005], 
              [0.281997, 0.13402, 0.381971, 0.202013], 
              [0.519949, 0.158015, 0.297987, 0.0240482], 
              [5.29494e-05, 4.70306e-05, 0.00204663, 0.997853], 
              [5.29494e-05, 0.00204663, 0.957855, 0.040045], 
              [0.985856, 0.00404623, 4.70306e-05, 0.0100509], 
              [0.102033, 4.70306e-05, 0.897867, 5.29494e-05], 
              [0.00405215, 0.00404623, 0.00404623, 0.987855], 
              [0.00605175, 0.991849, 0.00204663, 5.29494e-05], 
              [0.997853, 4.70306e-05, 4.70306e-05, 0.00205255], 
              [0.0240482, 0.351977, 0.114024, 0.509951], 
              [0.21601, 0.377971, 0.138019, 0.267999]
            ]
          }, {
            "db": 0,
            "id": "FOS_HUMAN.H11MO.0.A",
            "len": 9,
            "nsites": 500,
            "evalue": "1.0e+000",
            "url": "http://hocomoco.autosome.ru/motif/FOS_HUMAN.H11MO.0.A",
            "pwm": [
              [0.345984, 0.216004, 0.359975, 0.0780374], 
              [0.0100509, 0.0180434, 0.010045, 0.961861], 
              [0.0160498, 0.0340402, 0.859875, 0.090035], 
              [0.935866, 0.00804543, 0.0280414, 0.0280474], 
              [0.11603, 4.70306e-05, 0.88387, 5.29494e-05], 
              [0.0220486, 0.0260418, 0.0240422, 0.927867], 
              [0.0420446, 0.93386, 0.0240422, 5.29494e-05], 
              [0.959861, 0.0160438, 0.0120446, 0.0120505], 
              [0.0280474, 0.417963, 0.263994, 0.289995]
            ]
          }, {
            "db": 0,
            "id": "FOXA1_HUMAN.H11MO.0.A",
            "len": 12,
            "nsites": 500,
            "evalue": "1.0e+000",
            "url": "http://hocomoco.autosome.ru/motif/FOXA1_HUMAN.H11MO.0.A",
            "pwm": [
              [0.0160498, 4.70306e-05, 4.70306e-05, 0.983856], 
              [0.246004, 0.00404623, 0.749897, 5.29494e-05], 
              [0.00205255, 4.70306e-05, 4.70306e-05, 0.997853], 
              [0.00405215, 4.70306e-05, 0.0560358, 0.939865], 
              [5.29494e-05, 4.70306e-05, 0.144018, 0.855882], 
              [0.781897, 4.70306e-05, 0.206006, 0.0120505], 
              [0.00805135, 0.797887, 0.00804543, 0.186016], 
              [0.317989, 0.138019, 0.00404623, 0.539945], 
              [0.0320466, 0.313984, 0.108025, 0.545944], 
              [0.46396, 0.020043, 0.0160438, 0.499953], 
              [0.218009, 0.0980274, 0.493948, 0.190015], 
              [0.108031, 0.259995, 0.393968, 0.238005]
            ]
          }, {
            "db": 0,
            "id": "FOXA2_HUMAN.H11MO.0.A",
            "len": 12,
            "nsites": 500,
            "evalue": "1.0e+000",
            "url": "http://hocomoco.autosome.ru/motif/FOXA2_HUMAN.H11MO.0.A",
            "pwm": [
              [0.0160498, 4.70306e-05, 0.00204663, 0.981857], 
              [0.196014, 0.00204663, 0.799887, 0.00205255], 
              [5.29494e-05, 0.00404623, 4.70306e-05, 0.995854], 
              [0.00205255, 4.70306e-05, 0.0440382, 0.953862], 
              [5.29494e-05, 4.70306e-05, 0.144018, 0.855882], 
              [0.757901, 4.70306e-05, 0.236, 0.00605175], 
              [0.00805135, 0.887869, 0.00204663, 0.102033], 
              [0.401973, 0.122023, 4.70306e-05, 0.475958], 
              [0.0440442, 0.409965, 0.120023, 0.425968], 
              [0.56394, 0.00804543, 0.040039, 0.387975], 
              [0.190015, 0.0960278, 0.549937, 0.16402], 
              [0.128027, 0.357975, 0.281991, 0.232007]
            ]
          }, {
            "db": 0,
            "id": "FOXA3_HUMAN.H11MO.0.B",
            "len": 13,
            "nsites": 500,
            "evalue": "1.0e+000",
            "url": "http://hocomoco.autosome.ru/motif/FOXA3_HUMAN.H11MO.0.B",
            "pwm": [
              [0.158021, 0.465954, 0.216004, 0.160021], 
              [0.228007, 0.249997, 0.0780314, 0.443964], 
              [0.0120505, 4.70306e-05, 0.00604583, 0.981857], 
              [0.246004, 0.00804543, 0.737899, 0.00805135], 
              [0.00805135, 0.0220426, 0.0140442, 0.955862], 
              [0.00605175, 4.70306e-05, 0.0360398, 0.957861], 
              [0.00805135, 4.70306e-05, 0.271993, 0.719909], 
              [0.855882, 0.00604583, 0.114024, 0.0240482], 
              [0.00405215, 0.873872, 0.0220426, 0.100033], 
              [0.367979, 0.152017, 0.00804543, 0.471959], 
              [0.0940342, 0.232001, 0.106026, 0.567939], 
              [0.425968, 0.0140442, 0.0540362, 0.505952], 
              [0.154022, 0.116024, 0.577931, 0.152023]
            ]
          }, {
            "db": 0,
            "id": "FOXC1_HUMAN.H11MO.0.C",
            "len": 15,
            "nsites": 26,
            "evalue": "1.0e+000",
            "url": "http://hocomoco.autosome.ru/motif/FOXC1_HUMAN.H11MO.0.C",
            "pwm": [
              [0.135114, 0.479828, 0.173315, 0.211743], 
              [0.345842, 0.0775295, 0.345729, 0.2309], 
              [0.269214, 0.154158, 0.0775295, 0.499099], 
              [0.00101456, 0.00090115, 0.00090115, 0.997183], 
              [0.00101456, 0.00090115, 0.99707, 0.00101456], 
              [0.0393287, 0.00090115, 0.00090115, 0.958869], 
              [0.0393287, 0.00090115, 0.00090115, 0.958869], 
              [0.00101456, 0.00090115, 0.0392153, 0.958869], 
              [0.958869, 0.00090115, 0.00090115, 0.0393287], 
              [0.00101456, 0.72887, 0.00090115, 0.269214], 
              [0.2309, 0.115844, 0.00090115, 0.652356], 
              [0.00101456, 0.192472, 0.00090115, 0.805612], 
              [0.652356, 0.00090115, 0.00090115, 0.345842], 
              [0.460785, 0.192472, 0.2691, 0.0776429], 
              [0.0393287, 0.2691, 0.575614, 0.115957]
            ]
          }, {
            "db": 0,
            "id": "FOXD3_HUMAN.H11MO.0.D",
            "len": 15,
            "nsites": 465,
            "evalue": "1.0e+000",
            "url": "http://hocomoco.autosome.ru/motif/FOXD3_HUMAN.H11MO.0.D",
            "pwm": [
              [0.157012, 0.176357, 0.298911, 0.36772], 
              [0.118311, 0.217208, 0.26666, 0.397821], 
              [0.135512, 0.0065008, 0.0559525, 0.802035], 
              [0.0387583, 0.068853, 0.872981, 0.0194076], 
              [0.0925102, 0.0516524, 0.0366018, 0.819236], 
              [0.0366082, 0.111854, 0.0495023, 0.802035], 
              [0.0538088, 5.05698e-05, 0.0946539, 0.851487], 
              [0.339769, 0.200008, 0.225808, 0.234415], 
              [0.058109, 0.599922, 0.0624028, 0.279567], 
              [0.294617, 0.202158, 0.040902, 0.462323], 
              [0.109711, 0.223658, 0.0710031, 0.595628], 
              [0.404271, 0.0473522, 0.146256, 0.402121], 
              [0.230115, 0.141956, 0.427916, 0.200014], 
              [0.10111, 0.363413, 0.348363, 0.187113], 
              [0.356969, 0.292461, 0.111854, 0.238715]
            ]
          }, {
            "db": 0,
            "id": "FOXF1_HUMAN.H11MO.0.D",
            "len": 11,
            "nsites": 8,
            "evalue": "1.0e+000",
            "url": "http://hocomoco.autosome.ru/motif/FOXF1_HUMAN.H11MO.0.D",
            "pwm": [
              [0.413581, 0.151778, 0.151778, 0.282862], 
              [0.00326914, 0.0029037, 0.0029037, 0.990923], 
              [0.133988, 0.0029037, 0.859839, 0.00326914], 
              [0.00326914, 0.0029037, 0.0029037, 0.990923], 
              [0.00326914, 0.0029037, 0.0029037, 0.990923], 
              [0.00326914, 0.0029037, 0.0029037, 0.990923], 
              [0.729486, 0.0682632, 0.198982, 0.00326914], 
              [0.00326914, 0.133623, 0.0029037, 0.860205], 
              [0.0214245, 0.151778, 0.151778, 0.675019], 
              [0.264707, 0.169933, 0.0029037, 0.562456], 
              [0.431737, 0.0029037, 0.0392145, 0.526145]
            ]
          }, {
            "db": 0,
            "id": "FOXF2_HUMAN.H11MO.0.D",
            "len": 11,
            "nsites": 26,
            "evalue": "1.0e+000",
            "url": "http://hocomoco.autosome.ru/motif/FOXF2_HUMAN.H11MO.0.D",
            "pwm": [
              [0.0162079, 0.0160945, 0.0160945, 0.951603], 
              [0.146677, 0.00090115, 0.82102, 0.0314013], 
              [0.00101456, 0.00090115, 0.0312879, 0.966796], 
              [0.122561, 0.00090115, 0.00090115, 0.875636], 
              [0.122561, 0.00090115, 0.0312879, 0.84525], 
              [0.770597, 0.00090115, 0.227488, 0.00101456], 
              [0.00101456, 0.782541, 0.0312879, 0.185156], 
              [0.284611, 0.255932, 0.0595709, 0.399887], 
              [0.0415168, 0.0414033, 0.0110166, 0.906063], 
              [0.480931, 0.00090115, 0.0312879, 0.48688], 
              [0.254224, 0.0110166, 0.357329, 0.377431]
            ]
          }, {
            "db": 0,
            "id": "FOXG1_HUMAN.H11MO.0.D",
            "len": 17,
            "nsites": 310,
            "evalue": "1.0e+000",
            "url": "http://hocomoco.autosome.ru/motif/FOXG1_HUMAN.H11MO.0.D",
            "pwm": [
              [0.35837, 0.152238, 0.184562, 0.304829], 
              [0.1504, 0.111046, 0.121206, 0.617349], 
              [0.0332432, 0.0360029, 0.0297234, 0.901031], 
              [0.102421, 0.0200261, 0.857517, 0.0200357], 
              [8.53918e-05, 0.00321561, 0.00949514, 0.987204], 
              [8.53918e-05, 7.58465e-05, 0.231873, 0.767966], 
              [0.00341044, 7.58465e-05, 0.0926214, 0.903892], 
              [0.687424, 0.16427, 0.108505, 0.0398007], 
              [0.0396154, 0.353232, 0.0255645, 0.581588], 
              [0.30912, 0.0957611, 0.292279, 0.30284], 
              [0.191085, 0.0710035, 0.118656, 0.619255], 
              [0.366387, 0.0569622, 0.178507, 0.398145], 
              [0.0616376, 0.0549779, 0.0200699, 0.863315], 
              [0.313876, 0.0397398, 0.316265, 0.33012], 
              [0.0491248, 0.0747892, 0.0882747, 0.787811], 
              [0.238735, 0.0549316, 0.0785775, 0.627756], 
              [0.0828823, 0.134406, 0.197026, 0.585686]
            ]
          }, {
            "db": 0,
            "id": "FOXJ2_HUMAN.H11MO.0.C",
            "len": 10,
            "nsites": 41,
            "evalue": "1.0e+000",
            "url": "http://hocomoco.autosome.ru/motif/FOXJ2_HUMAN.H11MO.0.C",
            "pwm": [
              [0.000644282, 0.0242612, 0.000572263, 0.974522], 
              [0.3086, 0.000572263, 0.642805, 0.0480221], 
              [0.000644282, 0.000572263, 0.0242612, 0.974522], 
              [0.000644282, 0.000572263, 0.000572263, 0.998211], 
              [0.000644282, 0.000572263, 0.000572263, 0.998211], 
              [0.548122, 0.000572263, 0.450662, 0.000644282], 
              [0.000644282, 0.192716, 0.000572263, 0.806068], 
              [0.119089, 0.216405, 0.000572263, 0.663934], 
              [0.000644282, 0.0242612, 0.237462, 0.737633], 
              [0.46521, 0.0834835, 0.130861, 0.320445]
            ]
          }, {
            "db": 0,
            "id": "FOXL1_HUMAN.H11MO.0.D",
            "len": 19,
            "nsites": 1207,
            "evalue": "1.0e+000",
            "url": "http://hocomoco.autosome.ru/motif/FOXL1_HUMAN.H11MO.0.D",
            "pwm": [
              [0.160531, 0.163842, 0.222661, 0.452967], 
              [0.140234, 0.189109, 0.444266, 0.226391], 
              [0.191183, 0.0404055, 0.132361, 0.63605], 
              [0.0629828, 0.024044, 0.0414411, 0.871532], 
              [0.000643261, 0.000640809, 0.000640809, 0.998075], 
              [0.0874215, 0.000433701, 0.905081, 0.00706361], 
              [0.00830625, 1.94847e-05, 1.94847e-05, 0.991655], 
              [2.19369e-05, 1.94847e-05, 1.94847e-05, 0.999939], 
              [2.19369e-05, 1.94847e-05, 1.94847e-05, 0.999939], 
              [0.470571, 1.94847e-05, 0.529387, 2.19369e-05], 
              [2.19369e-05, 1.94847e-05, 1.94847e-05, 0.999939], 
              [2.19369e-05, 1.94847e-05, 1.94847e-05, 0.999939], 
              [2.19369e-05, 1.94847e-05, 1.94847e-05, 0.999939], 
              [0.985856, 1.94847e-05, 0.0116175, 0.00250723], 
              [0.000850369, 0.51199, 0.000847916, 0.486311], 
              [0.414859, 0.0188663, 0.0213516, 0.544923], 
              [0.10399, 0.014517, 0.0186592, 0.862834], 
              [0.226184, 0.0174166, 0.0149313, 0.741468], 
              [0.193254, 0.12532, 0.0838982, 0.597528]
            ]
          }, {
            "db": 0,
            "id": "FOXM1_HUMAN.H11MO.0.A",
            "len": 12,
            "nsites": 500,
            "evalue": "1.0e+000",
            "url": "http://hocomoco.autosome.ru/motif/FOXM1_HUMAN.H11MO.0.A",
            "pwm": [
              [0.0560418, 0.0240422, 0.0340402, 0.885876], 
              [0.252003, 0.0220426, 0.715904, 0.0100509], 
              [0.0260478, 0.030041, 0.0560358, 0.887875], 
              [5.29494e-05, 0.0680334, 0.0620346, 0.869879], 
              [0.00205255, 0.00204663, 0.0720326, 0.923868], 
              [0.319989, 0.0540362, 0.587929, 0.0380454], 
              [0.0740382, 0.745898, 0.0180434, 0.162021], 
              [0.246004, 0.160015, 0.0380394, 0.555942], 
              [0.0480434, 0.289989, 0.142019, 0.519949], 
              [0.359981, 0.0380394, 0.0280414, 0.573938], 
              [0.108031, 0.160015, 0.445958, 0.285996], 
              [0.16602, 0.341979, 0.257995, 0.234006]
            ]
          }, {
            "db": 0,
            "id": "FOXO3_HUMAN.H11MO.0.B",
            "len": 10,
            "nsites": 500,
            "evalue": "1.0e+000",
            "url": "http://hocomoco.autosome.ru/motif/FOXO3_HUMAN.H11MO.0.B",
            "pwm": [
              [0.112031, 0.393968, 0.261995, 0.232007], 
              [0.0580414, 0.365974, 0.188009, 0.387975], 
              [0.020049, 0.00604583, 4.70306e-05, 0.973858], 
              [0.0520426, 0.00404623, 0.941859, 0.00205255], 
              [5.29494e-05, 0.00604583, 0.00604583, 0.987855], 
              [0.00405215, 0.00204663, 0.030041, 0.96386], 
              [0.00205255, 0.010045, 0.140019, 0.847883], 
              [0.779897, 0.0580354, 0.020043, 0.142025], 
              [0.00205255, 0.861875, 0.00804543, 0.128027], 
              [0.383976, 0.259995, 0.0460378, 0.309991]
            ]
          }, {
            "db": 0,
            "id": "FOXO4_HUMAN.H11MO.0.C",
            "len": 9,
            "nsites": 28,
            "evalue": "1.0e+000",
            "url": "http://hocomoco.autosome.ru/motif/FOXO4_HUMAN.H11MO.0.C",
            "pwm": [
              [0.0369583, 0.108885, 0.108885, 0.745272], 
              [0.000942349, 0.000837011, 0.000837011, 0.997384], 
              [0.000942349, 0.000837011, 0.997278, 0.000942349], 
              [0.000942349, 0.000837011, 0.000837011, 0.997384], 
              [0.000942349, 0.000837011, 0.000837011, 0.997384], 
              [0.000942349, 0.000837011, 0.148903, 0.849318], 
              [0.709256, 0.000837011, 0.036853, 0.253054], 
              [0.0369583, 0.348991, 0.180917, 0.433134], 
              [0.000942349, 0.108885, 0.360997, 0.529176]
            ]
          }, {
            "db": 0,
            "id": "FOXP1_HUMAN.H11MO.0.A",
            "len": 9,
            "nsites": 295,
            "evalue": "1.0e+000",
            "url": "http://hocomoco.autosome.ru/motif/FOXP1_HUMAN.H11MO.0.A",
            "pwm": [
              [0.0576973, 0.139016, 0.176291, 0.626996], 
              [0.0136445, 0.28134, 0.311838, 0.393177], 
              [0.0068671, 0.0204118, 0.0305778, 0.942143], 
              [0.0204218, 0.0407439, 0.840473, 0.0983615], 
              [8.97323e-05, 0.0170231, 0.0576873, 0.9252], 
              [0.0068671, 0.0949628, 0.0407439, 0.857426], 
              [0.0102558, 0.0136344, 0.0814081, 0.894702], 
              [0.525335, 0.345725, 0.0373552, 0.0915841], 
              [0.0170331, 0.484661, 0.0102457, 0.48806]
            ]
          }, {
            "db": 0,
            "id": "FOXP2_HUMAN.H11MO.0.C",
            "len": 9,
            "nsites": 500,
            "evalue": "1.0e+000",
            "url": "http://hocomoco.autosome.ru/motif/FOXP2_HUMAN.H11MO.0.C",
            "pwm": [
              [0.0720386, 0.399967, 0.216004, 0.311991], 
              [0.00605175, 0.00404623, 0.0140442, 0.975858], 
              [0.040045, 0.00804543, 0.947857, 0.00405215], 
              [0.00605175, 0.0140442, 0.0120446, 0.967859], 
              [0.00205255, 0.010045, 0.0880294, 0.899873], 
              [5.29494e-05, 4.70306e-05, 0.174012, 0.825888], 
              [0.787895, 0.100027, 0.0340402, 0.0780374], 
              [0.00805135, 0.747897, 0.030041, 0.21401], 
              [0.339985, 0.289989, 0.104026, 0.266]
            ]
          }, {
            "db": 0,
            "id": "HIC2_HUMAN.H11MO.0.D",
            "len": 11,
            "nsites": 134,
            "evalue": "1.0e+000",
            "url": "http://hocomoco.autosome.ru/motif/HIC2_HUMAN.H11MO.0.D",
            "pwm": [
              [0.343225, 0.343203, 0.097118, 0.216454], 
              [0.205268, 0.473703, 0.0933894, 0.22764], 
              [0.503553, 0.0113611, 0.48116, 0.00392603], 
              [0.000197465, 0.000175392, 0.000175392, 0.999452], 
              [0.000197465, 0.000175392, 0.99943, 0.000197465], 
              [0.000197465, 0.99943, 0.000175392, 0.000197465], 
              [0.000197465, 0.99943, 0.000175392, 0.000197465], 
              [0.783195, 0.216432, 0.000175392, 0.000197465], 
              [0.050533, 0.110168, 0.833509, 0.00579031], 
              [0.194083, 0.305917, 0.335746, 0.164254], 
              [0.246282, 0.283546, 0.223889, 0.246282]
            ]
          }, {
            "db": 0,
            "id": "JUNB_HUMAN.H11MO.0.A",
            "len": 11,
            "nsites": 500,
            "evalue": "1.0e+000",
            "url": "http://hocomoco.autosome.ru/motif/JUNB_HUMAN.H11MO.0.A",
            "pwm": [
              [0.273998, 0.0980274, 0.303986, 0.323988], 
              [0.264, 0.347977, 0.273992, 0.11403], 
              [0.0320466, 0.00804543, 0.0120446, 0.947863], 
              [0.00405215, 0.0340402, 0.889869, 0.0720386], 
              [0.933866, 0.00204663, 4.70306e-05, 0.0640402], 
              [5.29494e-05, 4.70306e-05, 0.953856, 0.0460438], 
              [0.0120505, 0.0120446, 4.70306e-05, 0.975858], 
              [0.050043, 0.925862, 0.0140442, 0.0100509], 
              [0.977857, 0.00804543, 0.00404623, 0.0100509], 
              [0.0740382, 0.365974, 0.261995, 0.297993], 
              [0.317989, 0.349977, 0.130021, 0.202013]
            ]
          }, {
            "db": 0,
            "id": "JUND_HUMAN.H11MO.0.A",
            "len": 11,
            "nsites": 450,
            "evalue": "1.0e+000",
            "url": "http://hocomoco.autosome.ru/motif/JUND_HUMAN.H11MO.0.A",
            "pwm": [
              [0.235562, 0.15113, 0.428846, 0.184462], 
              [0.397748, 0.16446, 0.393298, 0.0444934], 
              [0.0267196, 0.00227398, 0.0178261, 0.95318], 
              [0.00672402, 0.00893917, 0.953174, 0.031163], 
              [0.946515, 0.00671744, 0.0222695, 0.0244978], 
              [0.0622672, 5.22551e-05, 0.937622, 5.88314e-05], 
