<!DOCTYPE HTML>
<html>
  <head>
    <meta charset="UTF-8">
    <title>SpaMo - Spaced Motif Analysis</title>
    <script type="text/javascript">
      //@JSON_VAR data
      var data = {"program":"SpaMo","version":"4.12.0","revision":"aacc9c3eb8c7b460b344d5c8aa1458097dae704d","release":"Tue Jun 27 16:22:50 2017 -0700","host":"Sudins-iMac.local","when":"Thu May 24 14:28:44 2018","cmd":["spamo","-verbosity","1","-oc","results/AHRpeaks_not-in-DHSs.bed-399.fa/jaspar/spamo_out_1","-bgfile","results/AHRpeaks_not-in-DHSs.bed-399.fa/jaspar/background","-primary","AAGCAAATRCAATARAAACAAASATAA","results/AHRpeaks_not-in-DHSs.bed-399.fa/jaspar/AHRpeaks_not-in-DHSs.bed-399.fa","results/AHRpeaks_not-in-DHSs.bed-399.fa/jaspar/meme_out/meme.xml","results/AHRpeaks_not-in-DHSs.bed-399.fa/jaspar/meme_out/meme.xml","/Users/filipov4/meme/db/motif_databases/JASPAR/JASPAR2018_CORE_non-redundant.meme"],"options":{"seq_min_hit_score":7,"margin":150,"bin_size":1,"bin_pvalue_calc_range":150,"use_best_secondary":0,"seq_max_shared_fract":0.5,"seq_odds_ratio":20,"bin_pvalue_cutoff":0.05,"motif_evalue_cutoff":10,"redundant_overlap":2,"redundant_joint":0.5,"motif_pseudocount":0.1,"bgfile":"results/AHRpeaks_not-in-DHSs.bed-399.fa/jaspar/background","motif_trim":0.25,"xalph":0,"seed":1,"bin_max":2},"alphabet":{"name":"DNA","like":"dna","ncore":4,"symbols":[{"symbol":"A","name":"Adenine","colour":"CC0000","complement":"T"},{"symbol":"C","name":"Cytosine","colour":"0000CC","complement":"G"},{"symbol":"G","name":"Guanine","colour":"FFB300","complement":"C"},{"symbol":"T","aliases":"U","name":"Thymine","colour":"008000","complement":"A"},{"symbol":"N","aliases":"X.","name":"Any base","equals":"ACGT"},{"symbol":"V","name":"Not T","equals":"ACG"},{"symbol":"H","name":"Not G","equals":"ACT"},{"symbol":"D","name":"Not C","equals":"AGT"},{"symbol":"B","name":"Not A","equals":"CGT"},{"symbol":"M","name":"Amino","equals":"AC"},{"symbol":"R","name":"Purine","equals":"AG"},{"symbol":"W","name":"Weak","equals":"AT"},{"symbol":"S","name":"Strong","equals":"CG"},{"symbol":"Y","name":"Pyrimidine","equals":"CT"},{"symbol":"K","name":"Keto","equals":"GT"}]},"background":[0.2917,0.2083,0.2083,0.2917],"sequence_dbs":[{"source":"results/AHRpeaks_not-in-DHSs.bed-399.fa/jaspar/AHRpeaks_not-in-DHSs.bed-399.fa","name":"AHRpeaks_not-in-DHSs.bed-399","last_modified":"Thu May 24 11:14:35 2018","loaded":56,"excluded_too_short":0,"excluded_no_match":49,"excluded_ambigs":0,"excluded_similar":2,"erased_primary_matches":0}],"primary_dbs":[{"source":"results/AHRpeaks_not-in-DHSs.bed-399.fa/jaspar/meme_out/meme.xml","name":"meme.xml","last_modified":"Thu May 24 14:28:06 2018","loaded":6,"excluded":5}],"secondary_dbs":[{"source":"results/AHRpeaks_not-in-DHSs.bed-399.fa/jaspar/meme_out/meme.xml","name":"meme.xml","last_modified":"Thu May 24 14:28:06 2018","loaded":7,"excluded":1},{"source":"/Users/filipov4/meme/db/motif_databases/JASPAR/JASPAR2018_CORE_non-redundant.meme","name":"JASPAR2018_CORE_non-redundant","last_modified":"Thu Dec  7 14:38:42 2017","loaded":1404,"excluded":0}],"secondary_motifs":[{"db":0,"id":"AATTRAGTSCCAGCTA","alt":"MEME-4","len":16,"ltrim":0,"rtrim":0,"nsites":6,"evalue":"2.3e-002","pwm":[[0.824454,0.00341476,0.00341476,0.168717],[0.988389,0.00341476,0.00341476,0.00478196],[0.00478196,0.00341476,0.00341476,0.988389],[0.00478196,0.16735,0.00341476,0.824454],[0.66052,0.00341476,0.331283,0.00478196],[0.496585,0.16735,0.16735,0.168717],[0.00478196,0.00341476,0.987021,0.00478196],[0.00478196,0.00341476,0.00341476,0.988389],[0.00478196,0.659153,0.331283,0.00478196],[0.00478196,0.987021,0.00341476,0.00478196],[0.00478196,0.987021,0.00341476,0.00478196],[0.824454,0.00341476,0.00341476,0.168717],[0.00478196,0.00341476,0.987021,0.00478196],[0.00478196,0.823087,0.16735,0.00478196],[0.00478196,0.00341476,0.00341476,0.988389],[0.988389,0.00341476,0.00341476,0.00478196]]},{"db":0,"id":"CTYAGGCWMRVATTTCAYBVCCMWGRACHC","alt":"MEME-3","len":30,"ltrim":0,"rtrim":0,"nsites":9,"evalue":"2.3e-004","pwm":[[0.00320549,0.88141,0.112179,0.00320549],[0.00320549,0.222069,0.222069,0.552656],[0.113095,0.55174,0.00228901,0.332875],[0.882326,0.00228901,0.112179,0.00320549],[0.113095,0.112179,0.66163,0.113095],[0.00320549,0.00228901,0.9913,0.00320549],[0.00320549,0.88141,0.112179,0.00320549],[0.552656,0.00228901,0.00228901,0.442765],[0.552656,0.331959,0.112179,0.00320549],[0.442765,0.112179,0.441849,0.00320549],[0.222985,0.222069,0.441849,0.113095],[0.662546,0.112179,0.00228901,0.222985],[0.00320549,0.222069,0.00228901,0.772436],[0.113095,0.112179,0.112179,0.662546],[0.00320549,0.222069,0.00228901,0.772436],[0.113095,0.66163,0.222069,0.00320549],[0.772436,0.112179,0.112179,0.00320549],[0.00320549,0.331959,0.00228901,0.662546],[0.113095,0.222069,0.441849,0.222985],[0.442765,0.331959,0.222069,0.00320549],[0.00320549,0.77152,0.222069,0.00320549],[0.00320549,0.88141,0.00228901,0.113095],[0.552656,0.331959,0.112179,0.00320549],[0.552656,0.00228901,0.00228901,0.442765],[0.00320549,0.00228901,0.88141,0.113095],[0.552656,0.00228901,0.441849,0.00320549],[0.552656,0.222069,0.112179,0.113095],[0.113095,0.88141,0.00228901,0.00320549],[0.222985,0.331959,0.00228901,0.442765],[0.00320549,0.88141,0.112179,0.00320549]]},{"db":0,"id":"TCTADAAGATAACATHRGAAAAACCCTT","alt":"MEME-5","len":28,"ltrim":0,"rtrim":0,"nsites":4,"evalue":"1.7e+001","pwm":[[0.00711463,0.248983,0.00508049,0.738822],[0.00711463,0.98069,0.00508049,0.00711463],[0.00711463,0.248983,0.00508049,0.738822],[0.738822,0.248983,0.00508049,0.00711463],[0.251017,0.00508049,0.492885,0.251017],[0.738822,0.248983,0.00508049,0.00711463],[0.982724,0.00508049,0.00508049,0.00711463],[0.00711463,0.00508049,0.98069,0.00711463],[0.982724,0.00508049,0.00508049,0.00711463],[0.00711463,0.00508049,0.00508049,0.982724],[0.982724,0.00508049,0.00508049,0.00711463],[0.738822,0.00508049,0.248983,0.00711463],[0.00711463,0.736788,0.00508049,0.251017],[0.738822,0.00508049,0.00508049,0.251017],[0.00711463,0.00508049,0.248983,0.738822],[0.251017,0.248983,0.00508049,0.49492],[0.49492,0.00508049,0.492885,0.00711463],[0.00711463,0.00508049,0.98069,0.00711463],[0.982724,0.00508049,0.00508049,0.00711463],[0.982724,0.00508049,0.00508049,0.00711463],[0.982724,0.00508049,0.00508049,0.00711463],[0.982724,0.00508049,0.00508049,0.00711463],[0.738822,0.00508049,0.00508049,0.251017],[0.00711463,0.98069,0.00508049,0.00711463],[0.00711463,0.736788,0.00508049,0.251017],[0.00711463,0.98069,0.00508049,0.00711463],[0.00711463,0.00508049,0.00508049,0.982724],[0.00711463,0.00508049,0.248983,0.738822]]},{"db":1,"id":"MA0023.1","alt":"dl(var.2)","len":10,"ltrim":0,"rtrim":0,"nsites":9,"url":"http://jaspar2018.genereg.net/matrix/MA0023.1","pwm":[[0.00320549,0.112179,0.77152,0.113095],[0.00320549,0.00228901,0.77152,0.222985],[0.00320549,0.00228901,0.9913,0.00320549],[0.00320549,0.00228901,0.88141,0.113095],[0.442765,0.112179,0.00228901,0.442765],[0.222985,0.112179,0.00228901,0.662546],[0.00320549,0.00228901,0.00228901,0.992216],[0.00320549,0.112179,0.00228901,0.882326],[0.00320549,0.9913,0.00228901,0.00320549],[0.113095,0.88141,0.00228901,0.00320549]]},{"db":1,"id":"MA0095.2","alt":"YY1","len":12,"ltrim":0,"rtrim":0,"nsites":7171,"url":"http://jaspar2018.genereg.net/matrix/MA0095.2","pwm":[[0.157023,0.639096,0.111701,0.0921798],[0.972659,2.90472e-06,0.0252436,0.00209604],[0.940027,0.0138087,0.0373754,0.00878895],[0.349462,0.155767,0.457674,0.0370976],[0.99999,2.90472e-06,2.90472e-06,4.06771e-06],[4.06771e-06,0.00167588,2.90472e-06,0.998317],[0.00153805,2.90472e-06,0.998455,4.06771e-06],[0.00181704,2.90472e-06,0.998176,4.06771e-06],[0.113236,0.786075,0.00530183,0.0953867],[0.120906,0.234416,0.385579,0.259099],[0.125368,0.12202,0.649136,0.103475],[0.185749,0.637004,0.0545271,0.122718]]},{"db":1,"id":"MA0101.1","alt":"REL","len":10,"ltrim":0,"rtrim":0,"nsites":17,"url":"http://jaspar2018.genereg.net/matrix/MA0101.1","pwm":[[0.00170585,0.293616,0.469054,0.235624],[0.00170585,0.0596981,0.878411,0.0601858],[0.0601858,0.00121813,0.878411,0.0601858],[0.294104,0.0596981,0.527534,0.118665],[0.352583,0.293616,0.176657,0.177145],[0.294104,0.0596981,0.0596981,0.586501],[0.0601858,0.00121813,0.00121813,0.937378],[0.118665,0.00121813,0.00121813,0.878899],[0.00170585,0.878411,0.00121813,0.118665],[0.0601858,0.93689,0.00121813,0.00170585]]},{"db":1,"id":"MA0111.1","alt":"Spz1","len":11,"ltrim":0,"rtrim":0,"nsites":12,"url":"http://jaspar2018.genereg.net/matrix/MA0111.1","pwm":[[0.746212,0.00172149,0.249655,0.00241074],[0.00241074,0.167011,0.745523,0.085055],[0.1677,0.00172149,0.828167,0.00241074],[0.00241074,0.00172149,0.910813,0.085055],[0.085055,0.00172149,0.0843658,0.828857],[0.663568,0.00172149,0.00172149,0.332989],[0.498279,0.00172149,0.167011,0.332989],[0.085055,0.745523,0.167011,0.00241074],[0.828857,0.00172149,0.167011,0.00241074],[0.00241074,0.0843658,0.745523,0.1677],[0.1677,0.662879,0.167011,0.00241074]]},{"db":1,"id":"MA0226.1","alt":"hbn","len":7,"ltrim":0,"rtrim":0,"nsites":17,"url":"http://jaspar2018.genereg.net/matrix/MA0226.1","pwm":[[0.118665,0.118177,0.118177,0.644981],[0.00170585,0.00121813,0.00121813,0.995858],[0.995858,0.00121813,0.00121813,0.00170585],[0.995858,0.00121813,0.00121813,0.00170585],[0.00170585,0.00121813,0.00121813,0.995858],[0.00170585,0.00121813,0.00121813,0.995858],[0.528022,0.00121813,0.410575,0.0601858]]},{"db":1,"id":"MA0289.1","alt":"DAL80","len":7,"ltrim":0,"rtrim":0,"nsites":101,"url":"http://jaspar2018.genereg.net/matrix/MA0289.1","pwm":[[0.109092,0.662916,0.0595533,0.168439],[0.000288526,0.000206034,0.999217,0.000288526],[0.999299,0.000206034,0.000206034,0.000288526],[0.000288526,0.000206034,0.000206034,0.999299],[0.999299,0.000206034,0.000206034,0.000288526],[0.90848,0.010297,0.010297,0.0709256],[0.0302589,0.190018,0.749464,0.0302589]]},{"db":1,"id":"MA0300.1","alt":"GAT1","len":8,"ltrim":1,"rtrim":0,"nsites":101,"url":"http://jaspar2018.genereg.net/matrix/MA0300.1","pwm":[[0.128874,0.435419,0.188139,0.247569],[0.17012,0.419791,0.0501566,0.359932],[0.000288526,0.000206034,0.999217,0.000288526],[0.999299,0.000206034,0.000206034,0.000288526],[0.000288526,0.000206034,0.000206034,0.999299],[0.999299,0.000206034,0.000206034,0.000288526],[0.999299,0.000206034,0.000206034,0.000288526],[0.0305616,0.0910251,0.847852,0.0305616]]},{"db":1,"id":"MA0347.1","alt":"NRG1","len":20,"ltrim":6,"rtrim":2,"nsites":999,"url":"http://jaspar2018.genereg.net/matrix/MA0347.1","pwm":[[0.181192,0.404384,0.14315,0.271273],[0.243248,0.225223,0.1992,0.332328],[0.293587,0.250497,0.27855,0.177366],[0.259522,0.239476,0.26252,0.238482],[0.419827,0.112234,0.269533,0.198406],[0.213221,0.25525,0.0921036,0.439424],[0.455896,0.48895,0.00903795,0.0461166],[0.960894,0.00302355,0.0360532,2.91963e-05],[0.002033,0.00102275,0.992907,0.0040368],[0.002033,0.00102275,0.994911,0.002033],[0.0110501,2.08488e-05,0.987898,0.0010311],[0.0710931,0.0110307,0.00202265,0.915854],[0.00404079,0.93072,0.00202665,0.0632129],[0.0030319,0.82076,0.00302355,0.173185],[0.503987,0.0871861,0.0390949,0.369731],[0.245742,0.202609,0.239716,0.311934],[0.124265,0.303597,0.269533,0.302604],[0.224456,0.0671481,0.549064,0.159332],[0.206629,0.401185,0.228684,0.163503],[0.325648,0.171347,0.233464,0.269541]]},{"db":1,"id":"MA0350.1","alt":"TOD6","len":21,"ltrim":6,"rtrim":5,"nsites":998,"url":"http://jaspar2018.genereg.net/matrix/MA0350.1","pwm":[[0.362718,0.188379,0.218436,0.230467],[0.144159,0.213213,0.369353,0.273275],[0.101221,0.261518,0.370725,0.266536],[0.239484,0.327643,0.206413,0.22646],[0.369731,0.116241,0.235468,0.278558],[0.21222,0.36635,0.133141,0.288288],[0.650265,0.0501159,0.0962032,0.203416],[0.0672245,0.397173,0.437289,0.0983144],[0.0200672,0.785513,0.193388,0.00103113],[0.00203302,0.029076,0.0461083,0.922783],[0.00203302,0.992907,0.00202467,0.00303492],[0.977865,2.08697e-05,0.00102377,0.0210901],[0.00103113,0.00102277,0.0180551,0.979891],[2.92255e-05,0.980866,0.00102377,0.0180814],[0.05218,0.019076,0.871549,0.0571955],[0.135287,0.656268,0.186375,0.022071],[0.181192,0.300291,0.383365,0.135151],[0.232238,0.282275,0.109119,0.376368],[0.187197,0.280273,0.111121,0.421408],[0.306305,0.213213,0.172176,0.308306],[0.201412,0.150307,0.32063,0.327651]]},{"db":1,"id":"MA0351.1","alt":"DOT6","len":21,"ltrim":6,"rtrim":5,"nsites":998,"url":"http://jaspar2018.genereg.net/matrix/MA0351.1","pwm":[[0.278558,0.135278,0.231461,0.354703],[0.194204,0.250246,0.26626,0.289289],[0.156327,0.332653,0.223445,0.287575],[0.131147,0.249245,0.268262,0.351345],[0.239724,0.0852683,0.401185,0.273823],[0.141298,0.480935,0.145297,0.232471],[0.517011,0.0591329,0.138284,0.285572],[0.0791793,0.420821,0.392768,0.107232],[0.0290553,0.770715,0.197198,0.00303192],[0.00603462,0.0520677,0.0830955,0.858802],[0.00103213,0.9929,0.00403247,0.00203502],[0.97388,2.08697e-05,0.00102277,0.0250767],[0.00103213,2.08697e-05,0.0270992,0.971848],[2.92255e-05,0.970837,0.00102377,0.0281104],[0.0360616,0.00902897,0.87681,0.0780994],[0.223678,0.576693,0.177536,0.022093],[0.280281,0.265259,0.252248,0.202211],[0.188198,0.298289,0.0720856,0.441426],[0.16334,0.435849,0.208417,0.192395],[0.153474,0.3721,0.183553,0.290873],[0.185382,0.149305,0.202406,0.462909]]},{"db":1,"id":"MA0393.1","alt":"STE12","len":7,"ltrim":0,"rtrim":0,"nsites":28379,"url":"http://jaspar2018.genereg.net/matrix/MA0393.1","pwm":[[1.02787e-06,0.114909,0.00338372,0.881706],[0.150077,7.33991e-07,0.843006,0.006916],[0.954998,7.33991e-07,0.0450006,1.02787e-06],[0.89808,0.00593071,0.0959874,1.02787e-06],[0.999998,7.33991e-07,7.33991e-07,1.02787e-06],[0.00350402,0.993026,7.33991e-07,0.00346902],[0.510628,0.100184,0.313265,0.0759228]]},{"db":1,"id":"MA0482.1","alt":"Gata4","len":11,"ltrim":0,"rtrim":2,"nsites":2746,"url":"http://jaspar2018.genereg.net/matrix/MA0482.1","pwm":[[0.00365249,0.378363,0.136201,0.481785],[1.06223e-05,0.788399,0.111439,0.100153],[1.06223e-05,0.0324174,7.58531e-06,0.967564],[1.06223e-05,7.58531e-06,7.58531e-06,0.999974],[0.985773,0.0142091,7.58531e-06,1.06223e-05],[1.06223e-05,7.58531e-06,7.58531e-06,0.999974],[1.06223e-05,0.999971,7.58531e-06,1.06223e-05],[0.199202,7.58531e-06,7.58531e-06,0.800782],[1.06223e-05,0.451557,0.342311,0.206121],[0.218867,0.365617,0.0571795,0.358337],[0.140574,0.338305,0.24836,0.272761]]},{"db":1,"id":"MA0715.1","alt":"PROP1","len":11,"ltrim":0,"rtrim":0,"nsites":660,"url":"http://jaspar2018.genereg.net/matrix/MA0715.1","pwm":[[0.0954847,0.0182108,0.0151813,0.871124],[0.981125,3.15559e-05,3.15559e-05,0.0188123],[0.996427,3.15559e-05,0.00349703,4.41902e-05],[0.060956,0.0579718,0.0267735,0.854298],[0.0449094,0.334917,0.0320777,0.588096],[0.317704,0.0989746,0.135428,0.447893],[0.890002,0.0588466,3.15559e-05,0.0511205],[0.912604,0.00479283,0.0730365,0.00956675],[0.00350967,3.15559e-05,3.15559e-05,0.996427],[0.021283,0.0294391,0.00983407,0.939444],[0.902576,3.15559e-05,0.023576,0.073816]]},{"db":1,"id":"MA1192.1","alt":"At5g58900","len":15,"ltrim":0,"rtrim":2,"nsites":580,"url":"http://jaspar2018.genereg.net/matrix/MA1192.1","pwm":[[0.424115,0.0465799,0.0431315,0.486173],[0.322409,0.112086,0.244822,0.320685],[0.375847,0.0810559,0.098295,0.444802],[0.39481,0.0121028,0.539598,0.0534891],[5.02844e-05,3.59076e-05,0.991244,0.0086698],[0.999878,3.59076e-05,3.59076e-05,5.02844e-05],[5.02844e-05,3.59076e-05,3.59076e-05,0.999878],[0.998154,3.59076e-05,3.59076e-05,0.00177399],[0.99643,3.59076e-05,0.00175961,0.00177399],[0.0431459,0.0913992,0.763697,0.101757],[0.389638,0.0620942,0.446511,0.101757],[0.26897,0.106914,0.0707137,0.553403],[0.263798,0.0948476,0.112086,0.529269],[0.399981,0.0913992,0.186211,0.322409],[0.324132,0.108638,0.225859,0.34137]]},{"db":1,"id":"MA1195.1","alt":"AT5G56840","len":15,"ltrim":0,"rtrim":1,"nsites":600,"url":"http://jaspar2018.genereg.net/matrix/MA1195.1","pwm":[[0.558289,0.0750222,0.0950189,0.27167],[0.628277,0.0333622,0.120015,0.218345],[0.0783686,0.539945,0.0616914,0.319995],[0.190017,0.596602,0.0983513,0.115029],[0.0183786,0.040028,0.00336716,0.938225],[0.021712,0.0316964,0.0116998,0.934893],[0.989884,0.00503388,3.47109e-05,0.00504778],[4.86085e-05,0.00336716,0.00170143,0.994883],[4.86085e-05,0.999868,3.47109e-05,4.86085e-05],[0.0100469,0.801568,3.47109e-05,0.18835],[0.719929,0.010033,0.0783547,0.191684],[0.373319,0.143344,0.0500264,0.433309],[0.554956,0.0067006,0.0166989,0.421645],[0.423311,0.113349,0.0416948,0.421645],[0.328327,0.244994,0.146677,0.280002]]},{"db":1,"id":"MA1398.1","alt":"At5g47390","len":15,"ltrim":3,"rtrim":0,"nsites":599,"url":"http://jaspar2018.genereg.net/matrix/MA1398.1","pwm":[[0.375612,0.198666,0.0868313,0.33889],[0.317191,0.203674,0.111869,0.367266],[0.462409,0.121884,0.105192,0.310515],[0.484108,0.0751472,0.153598,0.287146],[0.126906,0.475748,0.0801554,0.317191],[0.227056,0.500786,0.0951779,0.176981],[0.0184096,0.0734785,3.47688e-05,0.908077],[0.0184096,0.0100501,0.0250726,0.946469],[0.999882,3.47688e-05,3.47688e-05,4.86897e-05],[4.86897e-05,3.47688e-05,3.47688e-05,0.999882],[4.86897e-05,0.999868,3.47688e-05,4.86897e-05],[4.86897e-05,0.879688,3.47688e-05,0.120229],[0.736153,0.00671165,0.123553,0.133582],[0.357251,0.210351,0.046772,0.385627],[0.509146,0.0267413,0.0150573,0.449056]]},{"db":1,"id":"MA1399.1","alt":"At5g08520","len":13,"ltrim":1,"rtrim":0,"nsites":598,"url":"http://jaspar2018.genereg.net/matrix/MA1399.1","pwm":[[0.32441,0.115401,0.27758,0.282611],[0.488261,0.0384904,0.120416,0.352833],[0.414695,0.0284581,0.0251146,0.531733],[0.349488,0.0702571,0.300988,0.279266],[0.369552,0.0986803,0.0501934,0.481573],[0.329425,0.00337827,0.628693,0.0385043],[4.87711e-05,3.4827e-05,0.996524,0.00339221],[0.999882,3.4827e-05,3.4827e-05,4.87711e-05],[4.87711e-05,3.4827e-05,3.4827e-05,0.999882],[0.986506,3.4827e-05,0.0134106,4.87711e-05],[0.999882,3.4827e-05,3.4827e-05,4.87711e-05],[0.00840837,0.088649,0.827655,0.0752872],[0.341129,0.0669136,0.521687,0.070271]]}],"sequence_names":["chr17:78690100-78690649","chr5:53039550-53040149","chrX:143455700-143456199"],"primaries":[{"motif":{"db":0,"id":"AAGCAAATRCAATARAAACAAASATAA","alt":"MEME-1","len":27,"ltrim":0,"rtrim":0,"nsites":7,"evalue":"2.1e-012","pwm":[[0.849179,0.0029338,0.0029338,0.144953],[0.708334,0.284624,0.0029338,0.00410845],[0.144953,0.0029338,0.707159,0.144953],[0.00410845,0.848004,0.143779,0.00410845],[0.990024,0.0029338,0.0029338,0.00410845],[0.849179,0.0029338,0.143779,0.00410845],[0.849179,0.0029338,0.143779,0.00410845],[0.144953,0.0029338,0.0029338,0.849179],[0.426643,0.0029338,0.425469,0.144953],[0.144953,0.848004,0.0029338,0.00410845],[0.990024,0.0029338,0.0029338,0.00410845],[0.990024,0.0029338,0.0029338,0.00410845],[0.144953,0.0029338,0.0029338,0.849179],[0.849179,0.143779,0.0029338,0.00410845],[0.426643,0.143779,0.284624,0.144953],[0.990024,0.0029338,0.0029338,0.00410845],[0.849179,0.0029338,0.143779,0.00410845],[0.849179,0.0029338,0.143779,0.00410845],[0.00410845,0.848004,0.143779,0.00410845],[0.990024,0.0029338,0.0029338,0.00410845],[0.990024,0.0029338,0.0029338,0.00410845],[0.990024,0.0029338,0.0029338,0.00410845],[0.144953,0.284624,0.566315,0.00410845],[0.990024,0.0029338,0.0029338,0.00410845],[0.285798,0.0029338,0.0029338,0.708334],[0.990024,0.0029338,0.0029338,0.00410845],[0.990024,0.0029338,0.0029338,0.00410845]]},"secondaries":[[{"idx":7,"counts":[[0,0,0,0,0,0,0,0,0,0,0,1,0,0,0,0,0,0,0,0,0,0,0,0,0,0,0,0,0,0,0,0,0,0,0,0,0,0,0,0,0,0,0,0,0,0,0,0,0,0,0,0,0,0,0,0,0,0,0,0,0,0,0,0,0,0,0,0,0,0,0,0,0,0,0,0,0,0,0,0,0,0,0,0,0,0,0,0,0,0,0,0,0,0,0,0,0,0,0,0,0,0,0,0,0,0,0,0,0,0,0,0,0,0,0,0,0,0,0,0,0,0,0,0,0,0,0,0,0,0,0,0,0,0,0,0,0,0,0,0,0,0,0,0,0],[0,0,0,0,0,0,0,0,0,0,0,2,0,0,0,0,0,0,0,0,0,0,0,0,0,0,0,0,0,0,0,0,0,0,0,0,0,0,0,0,0,0,0,0,0,0,0,0,0,0,0,0,0,0,0,0,0,0,0,0,0,0,0,0,0,0,0,0,0,0,0,0,0,0,0,0,0,0,0,0,0,0,0,0,0,0,0,0,0,0,0,0,0,0,0,0,0,0,0,0,0,0,0,0,0,0,0,0,0,0,0,0,0,0,0,0,0,0,0,0,0,0,0,0,0,0,0,0,0,0,0,0,0,0,0,0,0,0,0,0,0,0,0,0,0],[0,0,0,0,0,0,0,0,0,0,0,0,0,0,0,0,0,0,0,0,0,0,0,0,0,0,0,0,0,0,0,0,0,0,0,0,0,0,0,0,0,0,0,0,0,0,0,0,0,0,0,0,0,0,0,0,0,0,0,0,0,0,0,0,0,0,0,0,0,0,0,0,0,0,0,0,0,0,0,0,0,0,0,0,0,0,0,0,0,0,0,0,0,0,0,0,0,0,0,0,0,0,0,0,0,0,0,0,0,0,0,0,0,0,0,0,0,0,0,0,0,0,0,0,0,0,0,0,0,0,0,0,0,0,0,0,0,0,0,0,0,0,0,0,0],[0,0,0,0,0,0,0,0,0,0,0,0,1,0,0,0,0,0,0,0,0,0,0,0,0,0,0,0,0,0,0,0,0,0,0,0,0,0,0,0,0,0,0,0,0,0,0,0,0,0,0,0,0,0,0,0,0,0,0,0,0,0,0,0,0,0,0,0,0,0,0,0,0,0,0,0,0,0,0,0,0,0,0,0,0,0,0,0,0,0,0,0,0,0,0,0,0,0,0,0,0,0,0,0,0,0,0,0,0,0,0,0,0,0,0,0,0,0,0,0,0,0,0,0,0,0,0,0,0,0,0,0,0,0,0,0,0,0,0,0,0,0,0,0,0]],"spacings":[{"orient":8,"bin":11,"pvalue":1.33261e-06,"inferred_pwm":[[0,0.333333,0,0.666667],[0,0,0,1],[1,0,0,0],[1,0,0,0],[0,0,0,1],[0,0,0,1],[0.333333,0,0.333333,0.333333]],"alignment_pwm":[[[0,0,0,1],[0,0,0,1],[0,0,1,0],[1,0,0,0],[1,0,0,0],[0,0,1,0],[1,0,0,0],[0,0,0,1],[1,0,0,0],[0,0,1,0],[0,0,0,1],[0,0,0,1],[1,0,0,0],[1,0,0,0],[0,0,0,1],[0,0,0,1],[0,0,1,0],[1,0,0,0],[0,0,1,0],[1,0,0,0],[0,0,0,1],[0,0,0,1],[1,0,0,0],[0,1,0,0],[0,0,0,1],[0,1,0,0],[1,0,0,0],[0,0,1,0],[1,0,0,0],[0,1,0,0],[0,0,0,1],[0,0,1,0],[1,0,0,0],[0,0,1,0],[1,0,0,0],[0,0,0,1],[1,0,0,0],[0,1,0,0],[1,0,0,0],[1,0,0,0],[0,0,0,1],[1,0,0,0],[0,0,1,0],[1,0,0,0],[1,0,0,0],[1,0,0,0],[0,0,1,0],[1,0,0,0],[1,0,0,0],[1,0,0,0],[1,0,0,0],[1,0,0,0],[1,0,0,0],[1,0,0,0],[1,0,0,0],[0,0,1,0],[1,0,0,0],[1,0,0,0],[0,0,1,0],[1,0,0,0],[0,0,0,1],[1,0,0,0],[1,0,0,0],[1,0,0,0],[0,0,0,1],[1,0,0,0],[1,0,0,0],[1,0,0,0],[0,0,0,1],[1,0,0,0],[0,0,1,0],[1,0,0,0],[0,0,1,0],[0,1,0,0],[0,1,0,0],[0,0,0,1],[0,1,0,0],[1,0,0,0],[0,0,1,0],[1,0,0,0],[1,0,0,0],[1,0,0,0],[0,0,1,0]],[[0,0,1,0],[0,0,1,0],[0,1,0,0],[1,0,0,0],[1,0,0,0],[0,0,1,0],[0,0,1,0],[1,0,0,0],[0,0,0,1],[0,0.5,0,0.5],[0,0,0,1],[0,1,0,0],[1,0,0,0],[0,0,0,1],[0,0,1,0],[1,0,0,0],[0,0.5,0.5,0],[0,1,0,0],[1,0,0,0],[1,0,0,0],[0,0,1,0],[1,0,0,0],[0.5,0,0.5,0],[0,1,0,0],[0,1,0,0],[0,1,0,0],[1,0,0,0],[1,0,0,0],[1,0,0,0],[1,0,0,0],[0,0,1,0],[0,1,0,0],[1,0,0,0],[1,0,0,0],[1,0,0,0],[0,0,0,1],[0,0,1,0],[0,1,0,0],[1,0,0,0],[1,0,0,0],[0,0,0,1],[1,0,0,0],[1,0,0,0],[1,0,0,0],[1,0,0,0],[1,0,0,0],[0,1,0,0],[1,0,0,0],[1,0,0,0],[1,0,0,0],[0,0,1,0],[1,0,0,0],[0,0,0,1],[1,0,0,0],[1,0,0,0],[1,0,0,0],[0,0,0,1],[1,0,0,0],[0,0,1,0],[0,1,0,0],[0,0,0,1],[0,0,1,0],[0,0,1,0],[0,0,1,0],[1,0,0,0],[0,1,0,0],[0,0.5,0,0.5],[0,0,0,1],[1,0,0,0],[1,0,0,0],[0,0,0,1],[0,0,0,1],[0.5,0,0,0.5],[1,0,0,0],[1,0,0,0],[0,1,0,0],[0,0,0,1],[1,0,0,0],[1,0,0,0],[0.5,0,0.5,0],[0,0,1,0],[0.5,0,0.5,0],[0,0.5,0.5,0]],null,null],"seqs":[2,0,1]},{"orient":1,"bin":11,"pvalue":1.80427e-05,"inferred_pwm":[[0,0.5,0,0.5],[0,0,0,1],[1,0,0,0],[1,0,0,0],[0,0,0,1],[0,0,0,1],[0.5,0,0,0.5]],"alignment_pwm":[null,[[0,0,1,0],[0,0,1,0],[0,1,0,0],[1,0,0,0],[1,0,0,0],[0,0,1,0],[0,0,1,0],[1,0,0,0],[0,0,0,1],[0,0.5,0,0.5],[0,0,0,1],[0,1,0,0],[1,0,0,0],[0,0,0,1],[0,0,1,0],[1,0,0,0],[0,0.5,0.5,0],[0,1,0,0],[1,0,0,0],[1,0,0,0],[0,0,1,0],[1,0,0,0],[0.5,0,0.5,0],[0,1,0,0],[0,1,0,0],[0,1,0,0],[1,0,0,0],[1,0,0,0],[1,0,0,0],[1,0,0,0],[0,0,1,0],[0,1,0,0],[1,0,0,0],[1,0,0,0],[1,0,0,0],[0,0,0,1],[0,0,1,0],[0,1,0,0],[1,0,0,0],[1,0,0,0],[0,0,0,1],[1,0,0,0],[1,0,0,0],[1,0,0,0],[1,0,0,0],[1,0,0,0],[0,1,0,0],[1,0,0,0],[1,0,0,0],[1,0,0,0],[0,0,1,0],[1,0,0,0],[0,0,0,1],[1,0,0,0],[1,0,0,0],[1,0,0,0],[0,0,0,1],[1,0,0,0],[0,0,1,0],[0,1,0,0],[0,0,0,1],[0,0,1,0],[0,0,1,0],[0,0,1,0],[1,0,0,0],[0,1,0,0],[0,0.5,0,0.5],[0,0,0,1],[1,0,0,0],[1,0,0,0],[0,0,0,1],[0,0,0,1],[0.5,0,0,0.5],[1,0,0,0],[1,0,0,0],[0,1,0,0],[0,0,0,1],[1,0,0,0],[1,0,0,0],[0.5,0,0.5,0],[0,0,1,0],[0.5,0,0.5,0],[0,0.5,0.5,0]],null,null],"seqs":[0,1]}]}],[{"idx":8,"counts":[[0,0,0,0,0,0,0,0,0,0,0,0,0,0,0,0,0,0,0,0,0,0,0,0,0,0,0,0,0,0,0,0,0,0,0,0,0,0,0,0,0,0,0,0,0,0,0,0,0,0,0,0,0,0,0,0,0,0,2,0,0,0,0,0,0,0,0,0,0,0,0,0,0,0,0,0,0,0,0,0,0,0,0,0,0,0,0,0,0,0,0,0,0,0,0,0,0,0,0,0,0,0,0,0,0,0,0,0,0,0,0,0,0,0,0,0,0,0,0,0,0,0,0,0,0,0,0,0,0,0,0,0,0,0,0,0,0,0,0,0,0,0,0,0,0],[0,0,0,0,0,0,0,0,0,0,0,0,0,0,0,0,0,0,0,0,0,0,0,0,0,0,0,0,0,0,0,0,0,0,0,0,0,0,0,0,0,0,0,0,0,0,0,0,0,0,0,0,0,0,0,0,0,0,0,0,0,0,0,0,0,0,0,0,0,0,0,0,0,0,0,0,0,0,0,0,0,0,0,0,0,0,0,0,0,0,0,0,0,0,0,0,0,0,0,0,0,0,0,0,0,0,0,0,0,0,0,0,0,0,0,0,0,0,0,0,0,0,0,0,0,0,0,0,0,0,0,0,0,0,0,0,0,0,0,0,0,0,0,0,0],[0,0,0,0,0,0,0,0,0,0,0,0,0,0,0,0,0,0,0,0,0,0,0,0,0,0,0,0,0,0,0,0,0,0,0,0,0,0,0,0,0,0,0,0,0,0,0,0,0,0,0,0,0,0,0,0,0,0,0,0,0,0,0,0,0,0,0,0,0,0,0,0,0,0,0,0,0,0,0,0,0,0,0,0,0,0,0,0,0,0,0,0,0,0,0,0,0,0,0,0,0,0,0,0,0,0,0,0,0,0,0,0,0,0,0,0,0,0,0,0,0,0,0,0,0,0,0,0,0,0,0,0,0,0,0,0,0,0,0,0,0,0,0,0,0],[0,0,0,0,0,0,0,0,0,0,0,0,0,0,0,0,0,0,0,0,0,0,0,0,0,0,0,0,0,0,0,0,0,0,0,0,0,0,0,0,0,0,0,0,0,0,0,0,0,0,0,0,0,0,0,0,0,0,0,0,0,0,0,0,0,0,0,0,0,0,0,0,0,0,0,0,0,0,0,0,0,0,0,0,0,0,0,0,0,0,0,0,0,0,0,0,0,0,0,0,0,0,0,0,0,0,0,0,0,0,0,0,0,0,0,0,0,0,0,0,0,0,0,0,0,0,0,0,0,0,0,0,0,0,0,0,0,0,0,0,0,0,0,0,0]],"spacings":[{"orient":0,"bin":58,"pvalue":3.01408e-06,"inferred_pwm":[[1,0,0,0],[0,0,1,0],[1,0,0,0],[0,0,0,1],[1,0,0,0],[1,0,0,0],[0,1,0,0]],"alignment_pwm":[[[1,0,0,0],[1,0,0,0],[1,0,0,0],[0,0,0,1],[0,0,0,1],[0,1,0,0],[0,0,0,1],[1,0,0,0],[0,0,1,0],[1,0,0,0],[1,0,0,0],[0,0,1,0],[1,0,0,0],[0,0,0,1],[1,0,0,0],[1,0,0,0],[0,1,0,0],[1,0,0,0],[0,0,0,1],[0,0,0,1],[0,0,1,0],[0,0,1,0],[1,0,0,0],[1,0,0,0],[1,0,0,0],[1,0,0,0],[1,0,0,0],[0,1,0,0],[0,1,0,0],[0,1,0,0],[0,0,0,1],[0,0,0,1],[0,1,0,0],[0,0,0,1],[1,0,0,0],[0,0,1,0],[1,0,0,0],[0,0.5,0.5,0],[1,0,0,0],[0,0.5,0,0.5],[0,0.5,0,0.5],[0,0,1,0],[0,0,1,0],[0,0.5,0,0.5],[0,0,0,1],[0,0,0,1],[1,0,0,0],[0,0,1,0],[0,0,1,0],[0,1,0,0],[1,0,0,0],[1,0,0,0],[0,0,1,0],[0,0,1,0],[1,0,0,0],[0,0,0,1],[0,0.5,0,0.5],[0,0,0,1],[0,1,0,0],[1,0,0,0],[0,0,0,1],[0,0,1,0],[1,0,0,0],[0,0.5,0.5,0],[0,1,0,0],[1,0,0,0],[1,0,0,0],[0,0,1,0],[1,0,0,0],[0.5,0,0.5,0],[0,1,0,0],[0,1,0,0],[0,1,0,0],[1,0,0,0],[1,0,0,0],[1,0,0,0],[1,0,0,0],[0,0,1,0],[0,1,0,0],[1,0,0,0],[1,0,0,0],[1,0,0,0],[0,0,0,1],[0,0,1,0],[0,1,0,0],[1,0,0,0],[1,0,0,0],[0,0,0,1],[1,0,0,0],[1,0,0,0],[1,0,0,0],[1,0,0,0],[1,0,0,0],[0,1,0,0],[1,0,0,0],[1,0,0,0],[1,0,0,0],[0,0,1,0],[1,0,0,0],[0,0,0,1],[1,0,0,0],[1,0,0,0],[1,0,0,0],[0,0,0,1],[1,0,0,0],[0,0,1,0],[0,1,0,0],[0,0,0,1],[0,0,1,0],[0,0,1,0],[0,0,1,0],[1,0,0,0],[0,1,0,0],[0,0.5,0,0.5],[0,0,0,1],[1,0,0,0],[1,0,0,0],[0,0,0,1],[0,0,0,1],[0.5,0,0,0.5],[1,0,0,0],[1,0,0,0],[0,1,0,0],[0,0,0,1],[1,0,0,0],[1,0,0,0],[0.5,0,0.5,0],[0,0,1,0],[0.5,0,0.5,0],[0,0.5,0.5,0],[0,0.5,0,0.5],[0,0,0,1],[0,0,0,1],[0,0,0,1],[0,0,0.5,0.5],[0,0.5,0.5,0],[0.5,0.5,0,0],[0.5,0.5,0,0],[0,0.5,0.5,0],[0,0,1,0],[0,0.5,0.5,0],[0.5,0.5,0,0],[1,0,0,0],[1,0,0,0],[0.5,0,0.5,0],[0.5,0,0.5,0],[0,0,1,0],[0.5,0,0.5,0],[1,0,0,0],[0.5,0.5,0,0],[0.5,0.5,0,0],[0.5,0,0.5,0],[0,0,0.5,0.5],[0,0.5,0,0.5],[0.5,0.5,0,0],[0.5,0,0.5,0],[0,0.5,0.5,0],[0.5,0.5,0,0],[0.5,0,0.5,0],[0.5,0,0.5,0],[0.5,0,0.5,0],[0,0,0.5,0.5],[0.5,0,0,0.5],[1,0,0,0],[1,0,0,0],[0.5,0.5,0,0],[0.5,0.5,0,0],[0.5,0,0.5,0],[0.5,0,0.5,0],[0.5,0.5,0,0],[0.5,0.5,0,0],[1,0,0,0],[0.5,0.5,0,0],[0,1,0,0],[0.5,0.5,0,0],[0,1,0,0],[1,0,0,0]],null,null,null],"seqs":[0,1]},{"orient":4,"bin":58,"pvalue":1.20563e-05,"inferred_pwm":[[1,0,0,0],[0,0,1,0],[1,0,0,0],[0,0,0,1],[1,0,0,0],[1,0,0,0],[0,1,0,0]],"alignment_pwm":[[[1,0,0,0],[1,0,0,0],[1,0,0,0],[0,0,0,1],[0,0,0,1],[0,1,0,0],[0,0,0,1],[1,0,0,0],[0,0,1,0],[1,0,0,0],[1,0,0,0],[0,0,1,0],[1,0,0,0],[0,0,0,1],[1,0,0,0],[1,0,0,0],[0,1,0,0],[1,0,0,0],[0,0,0,1],[0,0,0,1],[0,0,1,0],[0,0,1,0],[1,0,0,0],[1,0,0,0],[1,0,0,0],[1,0,0,0],[1,0,0,0],[0,1,0,0],[0,1,0,0],[0,1,0,0],[0,0,0,1],[0,0,0,1],[0,1,0,0],[0,0,0,1],[1,0,0,0],[0,0,1,0],[1,0,0,0],[0,0.5,0.5,0],[1,0,0,0],[0,0.5,0,0.5],[0,0.5,0,0.5],[0,0,1,0],[0,0,1,0],[0,0.5,0,0.5],[0,0,0,1],[0,0,0,1],[1,0,0,0],[0,0,1,0],[0,0,1,0],[0,1,0,0],[1,0,0,0],[1,0,0,0],[0,0,1,0],[0,0,1,0],[1,0,0,0],[0,0,0,1],[0,0.5,0,0.5],[0,0,0,1],[0,1,0,0],[1,0,0,0],[0,0,0,1],[0,0,1,0],[1,0,0,0],[0,0.5,0.5,0],[0,1,0,0],[1,0,0,0],[1,0,0,0],[0,0,1,0],[1,0,0,0],[0.5,0,0.5,0],[0,1,0,0],[0,1,0,0],[0,1,0,0],[1,0,0,0],[1,0,0,0],[1,0,0,0],[1,0,0,0],[0,0,1,0],[0,1,0,0],[1,0,0,0],[1,0,0,0],[1,0,0,0],[0,0,0,1],[0,0,1,0],[0,1,0,0],[1,0,0,0],[1,0,0,0],[0,0,0,1],[1,0,0,0],[1,0,0,0],[1,0,0,0],[1,0,0,0],[1,0,0,0],[0,1,0,0],[1,0,0,0],[1,0,0,0],[1,0,0,0],[0,0,1,0],[1,0,0,0],[0,0,0,1],[1,0,0,0],[1,0,0,0],[1,0,0,0],[0,0,0,1],[1,0,0,0],[0,0,1,0],[0,1,0,0],[0,0,0,1],[0,0,1,0],[0,0,1,0],[0,0,1,0],[1,0,0,0],[0,1,0,0],[0,0.5,0,0.5],[0,0,0,1],[1,0,0,0],[1,0,0,0],[0,0,0,1],[0,0,0,1],[0.5,0,0,0.5],[1,0,0,0],[1,0,0,0],[0,1,0,0],[0,0,0,1],[1,0,0,0],[1,0,0,0],[0.5,0,0.5,0],[0,0,1,0],[0.5,0,0.5,0],[0,0.5,0.5,0],[0,0.5,0,0.5],[0,0,0,1],[0,0,0,1],[0,0,0,1],[0,0,0.5,0.5],[0,0.5,0.5,0],[0.5,0.5,0,0],[0.5,0.5,0,0],[0,0.5,0.5,0],[0,0,1,0],[0,0.5,0.5,0],[0.5,0.5,0,0],[1,0,0,0],[1,0,0,0],[0.5,0,0.5,0],[0.5,0,0.5,0],[0,0,1,0],[0.5,0,0.5,0],[1,0,0,0],[0.5,0.5,0,0],[0.5,0.5,0,0],[0.5,0,0.5,0],[0,0,0.5,0.5],[0,0.5,0,0.5],[0.5,0.5,0,0],[0.5,0,0.5,0],[0,0.5,0.5,0],[0.5,0.5,0,0],[0.5,0,0.5,0],[0.5,0,0.5,0],[0.5,0,0.5,0],[0,0,0.5,0.5],[0.5,0,0,0.5],[1,0,0,0],[1,0,0,0],[0.5,0.5,0,0],[0.5,0.5,0,0],[0.5,0,0.5,0],[0.5,0,0.5,0],[0.5,0.5,0,0],[0.5,0.5,0,0],[1,0,0,0],[0.5,0.5,0,0],[0,1,0,0],[0.5,0.5,0,0],[0,1,0,0],[1,0,0,0]],null,null,null],"seqs":[0,1]},{"orient":5,"bin":58,"pvalue":1.20563e-05,"inferred_pwm":[[1,0,0,0],[0,0,1,0],[1,0,0,0],[0,0,0,1],[1,0,0,0],[1,0,0,0],[0,1,0,0]],"alignment_pwm":[[[1,0,0,0],[1,0,0,0],[1,0,0,0],[0,0,0,1],[0,0,0,1],[0,1,0,0],[0,0,0,1],[1,0,0,0],[0,0,1,0],[1,0,0,0],[1,0,0,0],[0,0,1,0],[1,0,0,0],[0,0,0,1],[1,0,0,0],[1,0,0,0],[0,1,0,0],[1,0,0,0],[0,0,0,1],[0,0,0,1],[0,0,1,0],[0,0,1,0],[1,0,0,0],[1,0,0,0],[1,0,0,0],[1,0,0,0],[1,0,0,0],[0,1,0,0],[0,1,0,0],[0,1,0,0],[0,0,0,1],[0,0,0,1],[0,1,0,0],[0,0,0,1],[1,0,0,0],[0,0,1,0],[1,0,0,0],[0,0.5,0.5,0],[1,0,0,0],[0,0.5,0,0.5],[0,0.5,0,0.5],[0,0,1,0],[0,0,1,0],[0,0.5,0,0.5],[0,0,0,1],[0,0,0,1],[1,0,0,0],[0,0,1,0],[0,0,1,0],[0,1,0,0],[1,0,0,0],[1,0,0,0],[0,0,1,0],[0,0,1,0],[1,0,0,0],[0,0,0,1],[0,0.5,0,0.5],[0,0,0,1],[0,1,0,0],[1,0,0,0],[0,0,0,1],[0,0,1,0],[1,0,0,0],[0,0.5,0.5,0],[0,1,0,0],[1,0,0,0],[1,0,0,0],[0,0,1,0],[1,0,0,0],[0.5,0,0.5,0],[0,1,0,0],[0,1,0,0],[0,1,0,0],[1,0,0,0],[1,0,0,0],[1,0,0,0],[1,0,0,0],[0,0,1,0],[0,1,0,0],[1,0,0,0],[1,0,0,0],[1,0,0,0],[0,0,0,1],[0,0,1,0],[0,1,0,0],[1,0,0,0],[1,0,0,0],[0,0,0,1],[1,0,0,0],[1,0,0,0],[1,0,0,0],[1,0,0,0],[1,0,0,0],[0,1,0,0],[1,0,0,0],[1,0,0,0],[1,0,0,0],[0,0,1,0],[1,0,0,0],[0,0,0,1],[1,0,0,0],[1,0,0,0],[1,0,0,0],[0,0,0,1],[1,0,0,0],[0,0,1,0],[0,1,0,0],[0,0,0,1],[0,0,1,0],[0,0,1,0],[0,0,1,0],[1,0,0,0],[0,1,0,0],[0,0.5,0,0.5],[0,0,0,1],[1,0,0,0],[1,0,0,0],[0,0,0,1],[0,0,0,1],[0.5,0,0,0.5],[1,0,0,0],[1,0,0,0],[0,1,0,0],[0,0,0,1],[1,0,0,0],[1,0,0,0],[0.5,0,0.5,0],[0,0,1,0],[0.5,0,0.5,0],[0,0.5,0.5,0],[0,0.5,0,0.5],[0,0,0,1],[0,0,0,1],[0,0,0,1],[0,0,0.5,0.5],[0,0.5,0.5,0],[0.5,0.5,0,0],[0.5,0.5,0,0],[0,0.5,0.5,0],[0,0,1,0],[0,0.5,0.5,0],[0.5,0.5,0,0],[1,0,0,0],[1,0,0,0],[0.5,0,0.5,0],[0.5,0,0.5,0],[0,0,1,0],[0.5,0,0.5,0],[1,0,0,0],[0.5,0.5,0,0],[0.5,0.5,0,0],[0.5,0,0.5,0],[0,0,0.5,0.5],[0,0.5,0,0.5],[0.5,0.5,0,0],[0.5,0,0.5,0],[0,0.5,0.5,0],[0.5,0.5,0,0],[0.5,0,0.5,0],[0.5,0,0.5,0],[0.5,0,0.5,0],[0,0,0.5,0.5],[0.5,0,0,0.5],[1,0,0,0],[1,0,0,0],[0.5,0.5,0,0],[0.5,0.5,0,0],[0.5,0,0.5,0],[0.5,0,0.5,0],[0.5,0.5,0,0],[0.5,0.5,0,0],[1,0,0,0],[0.5,0.5,0,0],[0,1,0,0],[0.5,0.5,0,0],[0,1,0,0],[1,0,0,0]],null,null,null],"seqs":[0,1]}]},{"idx":9,"counts":[[0,0,0,0,0,0,0,0,0,0,0,0,0,0,0,0,0,0,0,0,0,0,0,0,0,0,0,0,0,0,0,0,0,0,0,0,0,0,0,0,0,0,0,0,0,0,0,0,0,0,0,0,0,0,0,0,0,0,2,0,0,0,0,0,0,0,0,0,0,0,0,0,0,0,0,0,0,0,0,0,0,0,0,0,0,0,0,0,0,0,0,0,0,0,0,0,0,0,0,0,0,0,0,0,0,0,0,0,0,0,0,0,0,0,0,0,0,0,0,0,0,0,0,0,0,0,0,0,0,0,0,0,0,0,0,0,0,0,0,0,0,0,0,0,0],[0,0,0,0,0,0,0,0,0,0,0,0,0,0,0,0,0,0,0,0,0,0,0,0,0,0,0,0,0,0,0,0,0,0,0,0,0,0,0,0,0,0,0,0,0,0,0,0,0,0,0,0,0,0,0,0,0,0,0,0,0,0,0,0,0,0,0,0,0,0,0,0,0,0,0,0,0,0,0,0,0,0,0,0,0,0,0,0,0,0,0,0,0,0,0,0,0,0,0,0,0,0,0,0,0,0,0,0,0,0,0,0,0,0,0,0,0,0,0,0,0,0,0,0,0,0,0,0,0,0,0,0,0,0,0,0,0,0,0,0,0,0,0,0,0],[0,0,0,0,0,0,0,0,0,0,0,0,0,0,0,0,0,0,0,0,0,0,0,0,0,0,0,0,0,0,0,0,0,0,0,0,0,0,0,0,0,0,0,0,0,0,0,0,0,0,0,0,0,0,0,0,0,0,0,0,0,0,0,0,0,0,0,0,0,0,0,0,0,0,0,0,0,0,0,0,0,0,0,0,0,0,0,0,0,0,0,0,0,0,0,0,0,0,0,0,0,0,0,0,0,0,0,0,0,0,0,0,0,0,0,0,0,0,0,0,0,0,0,0,0,0,0,0,0,0,0,0,0,0,0,0,0,0,0,0,0,0,0,0,0],[0,0,0,0,0,0,0,0,0,0,0,0,0,0,0,0,0,0,0,0,0,0,0,0,0,0,0,0,0,0,0,0,0,0,0,0,0,0,0,0,0,0,0,0,0,0,0,0,0,0,0,0,0,0,0,0,0,0,0,0,0,0,0,0,0,0,0,0,0,0,0,0,0,0,0,0,0,0,0,0,0,0,0,0,0,0,0,0,0,0,0,0,0,0,0,0,0,0,0,0,0,0,0,0,0,0,0,0,0,0,0,0,0,0,0,0,0,0,0,0,0,0,0,0,0,0,0,0,0,0,0,0,0,0,0,0,0,0,0,0,0,0,0,0,0]],"spacings":[{"orient":0,"bin":58,"pvalue":3.01408e-06,"inferred_pwm":[[1,0,0,0],[0,0,1,0],[1,0,0,0],[0,0,0,1],[1,0,0,0],[1,0,0,0],[0,1,0,0]],"alignment_pwm":[[[1,0,0,0],[1,0,0,0],[1,0,0,0],[0,0,0,1],[0,0,0,1],[0,1,0,0],[0,0,0,1],[1,0,0,0],[0,0,1,0],[1,0,0,0],[1,0,0,0],[0,0,1,0],[1,0,0,0],[0,0,0,1],[1,0,0,0],[1,0,0,0],[0,1,0,0],[1,0,0,0],[0,0,0,1],[0,0,0,1],[0,0,1,0],[0,0,1,0],[1,0,0,0],[1,0,0,0],[1,0,0,0],[1,0,0,0],[1,0,0,0],[0,1,0,0],[0,1,0,0],[0,1,0,0],[0,0,0,1],[0,0,0,1],[0,1,0,0],[0,0,0,1],[1,0,0,0],[0,0,1,0],[1,0,0,0],[0,0.5,0.5,0],[1,0,0,0],[0,0.5,0,0.5],[0,0.5,0,0.5],[0,0,1,0],[0,0,1,0],[0,0.5,0,0.5],[0,0,0,1],[0,0,0,1],[1,0,0,0],[0,0,1,0],[0,0,1,0],[0,1,0,0],[1,0,0,0],[1,0,0,0],[0,0,1,0],[0,0,1,0],[1,0,0,0],[0,0,0,1],[0,0.5,0,0.5],[0,0,0,1],[0,1,0,0],[1,0,0,0],[0,0,0,1],[0,0,1,0],[1,0,0,0],[0,0.5,0.5,0],[0,1,0,0],[1,0,0,0],[1,0,0,0],[0,0,1,0],[1,0,0,0],[0.5,0,0.5,0],[0,1,0,0],[0,1,0,0],[0,1,0,0],[1,0,0,0],[1,0,0,0],[1,0,0,0],[1,0,0,0],[0,0,1,0],[0,1,0,0],[1,0,0,0],[1,0,0,0],[1,0,0,0],[0,0,0,1],[0,0,1,0],[0,1,0,0],[1,0,0,0],[1,0,0,0],[0,0,0,1],[1,0,0,0],[1,0,0,0],[1,0,0,0],[1,0,0,0],[1,0,0,0],[0,1,0,0],[1,0,0,0],[1,0,0,0],[1,0,0,0],[0,0,1,0],[1,0,0,0],[0,0,0,1],[1,0,0,0],[1,0,0,0],[1,0,0,0],[0,0,0,1],[1,0,0,0],[0,0,1,0],[0,1,0,0],[0,0,0,1],[0,0,1,0],[0,0,1,0],[0,0,1,0],[1,0,0,0],[0,1,0,0],[0,0.5,0,0.5],[0,0,0,1],[1,0,0,0],[1,0,0,0],[0,0,0,1],[0,0,0,1],[0.5,0,0,0.5],[1,0,0,0],[1,0,0,0],[0,1,0,0],[0,0,0,1],[1,0,0,0],[1,0,0,0],[0.5,0,0.5,0],[0,0,1,0],[0.5,0,0.5,0],[0,0.5,0.5,0],[0,0.5,0,0.5],[0,0,0,1],[0,0,0,1],[0,0,0,1],[0,0,0.5,0.5],[0,0.5,0.5,0],[0.5,0.5,0,0],[0.5,0.5,0,0],[0,0.5,0.5,0],[0,0,1,0],[0,0.5,0.5,0],[0.5,0.5,0,0],[1,0,0,0],[1,0,0,0],[0.5,0,0.5,0],[0.5,0,0.5,0],[0,0,1,0],[0.5,0,0.5,0],[1,0,0,0],[0.5,0.5,0,0],[0.5,0.5,0,0],[0.5,0,0.5,0],[0,0,0.5,0.5],[0,0.5,0,0.5],[0.5,0.5,0,0],[0.5,0,0.5,0],[0,0.5,0.5,0],[0.5,0.5,0,0],[0.5,0,0.5,0],[0.5,0,0.5,0],[0.5,0,0.5,0],[0,0,0.5,0.5],[0.5,0,0,0.5],[1,0,0,0],[1,0,0,0],[0.5,0.5,0,0],[0.5,0.5,0,0],[0.5,0,0.5,0],[0.5,0,0.5,0],[0.5,0.5,0,0],[0.5,0.5,0,0],[1,0,0,0],[0.5,0.5,0,0],[0,1,0,0],[0.5,0.5,0,0],[0,1,0,0],[1,0,0,0]],null,null,null],"seqs":[0,1]},{"orient":4,"bin":58,"pvalue":1.20563e-05,"inferred_pwm":[[1,0,0,0],[0,0,1,0],[1,0,0,0],[0,0,0,1],[1,0,0,0],[1,0,0,0],[0,1,0,0]],"alignment_pwm":[[[1,0,0,0],[1,0,0,0],[1,0,0,0],[0,0,0,1],[0,0,0,1],[0,1,0,0],[0,0,0,1],[1,0,0,0],[0,0,1,0],[1,0,0,0],[1,0,0,0],[0,0,1,0],[1,0,0,0],[0,0,0,1],[1,0,0,0],[1,0,0,0],[0,1,0,0],[1,0,0,0],[0,0,0,1],[0,0,0,1],[0,0,1,0],[0,0,1,0],[1,0,0,0],[1,0,0,0],[1,0,0,0],[1,0,0,0],[1,0,0,0],[0,1,0,0],[0,1,0,0],[0,1,0,0],[0,0,0,1],[0,0,0,1],[0,1,0,0],[0,0,0,1],[1,0,0,0],[0,0,1,0],[1,0,0,0],[0,0.5,0.5,0],[1,0,0,0],[0,0.5,0,0.5],[0,0.5,0,0.5],[0,0,1,0],[0,0,1,0],[0,0.5,0,0.5],[0,0,0,1],[0,0,0,1],[1,0,0,0],[0,0,1,0],[0,0,1,0],[0,1,0,0],[1,0,0,0],[1,0,0,0],[0,0,1,0],[0,0,1,0],[1,0,0,0],[0,0,0,1],[0,0.5,0,0.5],[0,0,0,1],[0,1,0,0],[1,0,0,0],[0,0,0,1],[0,0,1,0],[1,0,0,0],[0,0.5,0.5,0],[0,1,0,0],[1,0,0,0],[1,0,0,0],[0,0,1,0],[1,0,0,0],[0.5,0,0.5,0],[0,1,0,0],[0,1,0,0],[0,1,0,0],[1,0,0,0],[1,0,0,0],[1,0,0,0],[1,0,0,0],[0,0,1,0],[0,1,0,0],[1,0,0,0],[1,0,0,0],[1,0,0,0],[0,0,0,1],[0,0,1,0],[0,1,0,0],[1,0,0,0],[1,0,0,0],[0,0,0,1],[1,0,0,0],[1,0,0,0],[1,0,0,0],[1,0,0,0],[1,0,0,0],[0,1,0,0],[1,0,0,0],[1,0,0,0],[1,0,0,0],[0,0,1,0],[1,0,0,0],[0,0,0,1],[1,0,0,0],[1,0,0,0],[1,0,0,0],[0,0,0,1],[1,0,0,0],[0,0,1,0],[0,1,0,0],[0,0,0,1],[0,0,1,0],[0,0,1,0],[0,0,1,0],[1,0,0,0],[0,1,0,0],[0,0.5,0,0.5],[0,0,0,1],[1,0,0,0],[1,0,0,0],[0,0,0,1],[0,0,0,1],[0.5,0,0,0.5],[1,0,0,0],[1,0,0,0],[0,1,0,0],[0,0,0,1],[1,0,0,0],[1,0,0,0],[0.5,0,0.5,0],[0,0,1,0],[0.5,0,0.5,0],[0,0.5,0.5,0],[0,0.5,0,0.5],[0,0,0,1],[0,0,0,1],[0,0,0,1],[0,0,0.5,0.5],[0,0.5,0.5,0],[0.5,0.5,0,0],[0.5,0.5,0,0],[0,0.5,0.5,0],[0,0,1,0],[0,0.5,0.5,0],[0.5,0.5,0,0],[1,0,0,0],[1,0,0,0],[0.5,0,0.5,0],[0.5,0,0.5,0],[0,0,1,0],[0.5,0,0.5,0],[1,0,0,0],[0.5,0.5,0,0],[0.5,0.5,0,0],[0.5,0,0.5,0],[0,0,0.5,0.5],[0,0.5,0,0.5],[0.5,0.5,0,0],[0.5,0,0.5,0],[0,0.5,0.5,0],[0.5,0.5,0,0],[0.5,0,0.5,0],[0.5,0,0.5,0],[0.5,0,0.5,0],[0,0,0.5,0.5],[0.5,0,0,0.5],[1,0,0,0],[1,0,0,0],[0.5,0.5,0,0],[0.5,0.5,0,0],[0.5,0,0.5,0],[0.5,0,0.5,0],[0.5,0.5,0,0],[0.5,0.5,0,0],[1,0,0,0],[0.5,0.5,0,0],[0,1,0,0],[0.5,0.5,0,0],[0,1,0,0],[1,0,0,0]],null,null,null],"seqs":[0,1]},{"orient":5,"bin":58,"pvalue":1.20563e-05,"inferred_pwm":[[1,0,0,0],[0,0,1,0],[1,0,0,0],[0,0,0,1],[1,0,0,0],[1,0,0,0],[0,1,0,0]],"alignment_pwm":[[[1,0,0,0],[1,0,0,0],[1,0,0,0],[0,0,0,1],[0,0,0,1],[0,1,0,0],[0,0,0,1],[1,0,0,0],[0,0,1,0],[1,0,0,0],[1,0,0,0],[0,0,1,0],[1,0,0,0],[0,0,0,1],[1,0,0,0],[1,0,0,0],[0,1,0,0],[1,0,0,0],[0,0,0,1],[0,0,0,1],[0,0,1,0],[0,0,1,0],[1,0,0,0],[1,0,0,0],[1,0,0,0],[1,0,0,0],[1,0,0,0],[0,1,0,0],[0,1,0,0],[0,1,0,0],[0,0,0,1],[0,0,0,1],[0,1,0,0],[0,0,0,1],[1,0,0,0],[0,0,1,0],[1,0,0,0],[0,0.5,0.5,0],[1,0,0,0],[0,0.5,0,0.5],[0,0.5,0,0.5],[0,0,1,0],[0,0,1,0],[0,0.5,0,0.5],[0,0,0,1],[0,0,0,1],[1,0,0,0],[0,0,1,0],[0,0,1,0],[0,1,0,0],[1,0,0,0],[1,0,0,0],[0,0,1,0],[0,0,1,0],[1,0,0,0],[0,0,0,1],[0,0.5,0,0.5],[0,0,0,1],[0,1,0,0],[1,0,0,0],[0,0,0,1],[0,0,1,0],[1,0,0,0],[0,0.5,0.5,0],[0,1,0,0],[1,0,0,0],[1,0,0,0],[0,0,1,0],[1,0,0,0],[0.5,0,0.5,0],[0,1,0,0],[0,1,0,0],[0,1,0,0],[1,0,0,0],[1,0,0,0],[1,0,0,0],[1,0,0,0],[0,0,1,0],[0,1,0,0],[1,0,0,0],[1,0,0,0],[1,0,0,0],[0,0,0,1],[0,0,1,0],[0,1,0,0],[1,0,0,0],[1,0,0,0],[0,0,0,1],[1,0,0,0],[1,0,0,0],[1,0,0,0],[1,0,0,0],[1,0,0,0],[0,1,0,0],[1,0,0,0],[1,0,0,0],[1,0,0,0],[0,0,1,0],[1,0,0,0],[0,0,0,1],[1,0,0,0],[1,0,0,0],[1,0,0,0],[0,0,0,1],[1,0,0,0],[0,0,1,0],[0,1,0,0],[0,0,0,1],[0,0,1,0],[0,0,1,0],[0,0,1,0],[1,0,0,0],[0,1,0,0],[0,0.5,0,0.5],[0,0,0,1],[1,0,0,0],[1,0,0,0],[0,0,0,1],[0,0,0,1],[0.5,0,0,0.5],[1,0,0,0],[1,0,0,0],[0,1,0,0],[0,0,0,1],[1,0,0,0],[1,0,0,0],[0.5,0,0.5,0],[0,0,1,0],[0.5,0,0.5,0],[0,0.5,0.5,0],[0,0.5,0,0.5],[0,0,0,1],[0,0,0,1],[0,0,0,1],[0,0,0.5,0.5],[0,0.5,0.5,0],[0.5,0.5,0,0],[0.5,0.5,0,0],[0,0.5,0.5,0],[0,0,1,0],[0,0.5,0.5,0],[0.5,0.5,0,0],[1,0,0,0],[1,0,0,0],[0.5,0,0.5,0],[0.5,0,0.5,0],[0,0,1,0],[0.5,0,0.5,0],[1,0,0,0],[0.5,0.5,0,0],[0.5,0.5,0,0],[0.5,0,0.5,0],[0,0,0.5,0.5],[0,0.5,0,0.5],[0.5,0.5,0,0],[0.5,0,0.5,0],[0,0.5,0.5,0],[0.5,0.5,0,0],[0.5,0,0.5,0],[0.5,0,0.5,0],[0.5,0,0.5,0],[0,0,0.5,0.5],[0.5,0,0,0.5],[1,0,0,0],[1,0,0,0],[0.5,0.5,0,0],[0.5,0.5,0,0],[0.5,0,0.5,0],[0.5,0,0.5,0],[0.5,0.5,0,0],[0.5,0.5,0,0],[1,0,0,0],[0.5,0.5,0,0],[0,1,0,0],[0.5,0.5,0,0],[0,1,0,0],[1,0,0,0]],null,null,null],"seqs":[0,1]}]},{"idx":14,"counts":[[0,0,0,0,0,0,0,0,0,0,0,0,0,0,0,0,0,0,0,0,0,0,0,0,0,0,0,0,0,0,0,0,0,0,0,0,0,0,0,0,0,0,0,0,0,0,0,0,0,0,0,0,0,0,0,0,0,0,0,0,0,0,0,0,0,0,0,0,0,0,0,0,0,0,0,0,0,0,0,0,0,0,0,0,0,0,0,0,0,0,0,0,0,0,0,0,0,0,0,0,0,0,0,0,0,0,0,0,0,0,0,0,0,0,0,0,0,0,0,0,0,0,0,0,0,0,0,0,0,0,0,0,0,0,0,0,0,0,0,0,0,0,0],[0,0,0,0,0,0,0,0,0,0,0,0,0,0,0,0,0,0,0,0,0,0,0,0,0,0,0,0,0,0,0,0,0,0,0,0,0,0,0,0,0,0,0,0,0,0,0,0,0,0,0,0,0,0,0,0,0,0,0,0,0,0,0,0,0,0,0,0,0,0,0,0,0,0,0,0,0,0,0,0,0,0,0,0,0,0,0,0,0,0,0,0,0,0,0,0,0,0,0,0,0,0,0,0,0,0,0,0,0,0,0,0,0,0,0,0,0,0,0,0,0,0,0,0,0,0,0,0,0,0,0,0,0,0,0,0,0,0,0,0,0,0,0],[0,0,0,0,0,0,0,0,0,0,0,0,0,0,0,0,0,0,0,0,0,0,0,0,0,0,0,0,0,0,0,0,0,0,0,0,0,0,0,0,0,0,0,0,0,0,0,0,0,0,0,0,0,0,0,0,0,2,0,0,0,0,0,0,0,0,0,0,0,0,0,0,0,0,0,0,0,0,0,0,0,0,0,0,0,0,0,0,0,0,0,0,0,0,0,0,0,0,0,0,0,0,0,0,0,0,0,0,0,0,0,0,0,0,0,0,0,0,0,0,0,0,0,0,0,0,0,0,0,0,0,0,0,0,0,0,0,0,0,0,0,0,0],[0,0,0,0,0,0,0,0,0,0,0,0,0,0,0,0,0,0,0,0,0,0,0,0,0,0,0,0,0,0,0,0,0,0,0,0,0,0,0,0,0,0,0,0,0,0,0,0,0,0,0,0,0,0,0,0,0,0,0,0,0,0,0,0,0,0,0,0,0,0,0,0,0,0,0,0,0,0,0,0,0,0,0,0,0,0,0,0,0,0,0,0,0,0,0,0,0,0,0,0,0,0,0,0,0,0,0,0,0,0,0,0,0,0,0,0,0,0,0,0,0,0,0,0,0,0,0,0,0,0,0,0,0,0,0,0,0,0,0,0,0,0,0]],"spacings":[{"orient":2,"bin":57,"pvalue":3.09958e-06,"inferred_pwm":[[0,0,0,1],[0,0,1,0],[0,0,0,1],[0,0,0,1],[1,0,0,0],[0,0,0,1],[0,1,0,0],[0,0,0,1],[0,0,0,1]],"alignment_pwm":[null,null,[[1,0,0,0],[1,0,0,0],[1,0,0,0],[1,0,0,0],[0,0,0,1],[0,0,0,1],[0,1,0,0],[0,0,0,1],[1,0,0,0],[0,0,1,0],[1,0,0,0],[1,0,0,0],[0,0,1,0],[1,0,0,0],[0,0,0,1],[1,0,0,0],[1,0,0,0