<!DOCTYPE HTML>
<html>
  <head>
    <meta charset="UTF-8">
    <title>TOMTOM</title>
    <script>
      // @JSON_VAR data
      var data = {
        "program": "Tomtom",
        "version": "4.12.0",
        "release": "Tue Jun 27 16:22:50 2017 -0700",
        "cmd": [
          "tomtom", "-verbosity", "1", "-oc",
          "results/AHRpeaks_withAHREs.bed-399.fa/jaspar/dreme_tomtom_out",
          "-min-overlap", "5", "-dist", "pearson", "-evalue", "-thresh", "1",
          "-no-ssc", "-bfile",
          "results/AHRpeaks_withAHREs.bed-399.fa/jaspar/background",
          "results/AHRpeaks_withAHREs.bed-399.fa/jaspar/dreme_out/dreme.xml",
          "/Users/filipov4/meme/db/motif_databases/JASPAR/JASPAR2018_CORE_non-redundant.meme"
        ],
        "options": {
          "strands": "both",
          "distance_measure": "pearson",
          "threshold_type": "evalue",
          "threshold_value": 1,
          "background_source": "file",
          "background_file": "results/AHRpeaks_withAHREs.bed-399.fa/jaspar/background"
        },
        "alphabet": {
          "name": "DNA",
          "like": "dna",
          "ncore": 4,
          "symbols": [
            {
              "symbol": "A",
              "name": "Adenine",
              "colour": "CC0000",
              "complement": "T"
            }, {
              "symbol": "C",
              "name": "Cytosine",
              "colour": "0000CC",
              "complement": "G"
            }, {
              "symbol": "G",
              "name": "Guanine",
              "colour": "FFB300",
              "complement": "C"
            }, {
              "symbol": "T",
              "aliases": "U",
              "name": "Thymine",
              "colour": "008000",
              "complement": "A"
            }, {
              "symbol": "N",
              "aliases": "X.",
              "name": "Any base",
              "equals": "ACGT"
            }, {
              "symbol": "V",
              "name": "Not T",
              "equals": "ACG"
            }, {
              "symbol": "H",
              "name": "Not G",
              "equals": "ACT"
            }, {
              "symbol": "D",
              "name": "Not C",
              "equals": "AGT"
            }, {
              "symbol": "B",
              "name": "Not A",
              "equals": "CGT"
            }, {
              "symbol": "M",
              "name": "Amino",
              "equals": "AC"
            }, {
              "symbol": "R",
              "name": "Purine",
              "equals": "AG"
            }, {
              "symbol": "W",
              "name": "Weak",
              "equals": "AT"
            }, {
              "symbol": "S",
              "name": "Strong",
              "equals": "CG"
            }, {
              "symbol": "Y",
              "name": "Pyrimidine",
              "equals": "CT"
            }, {
              "symbol": "K",
              "name": "Keto",
              "equals": "GT"
            }
          ]
        },
        "background": [0.2648, 0.2352, 0.2352, 0.2648],
        "query_dbs": [
          {
            "source": "results/AHRpeaks_withAHREs.bed-399.fa/jaspar/dreme_out/dreme.xml",
            "name": "dreme",
            "loaded": 7,
            "excluded": 0,
            "last_modified": "Thu May 24 18:28:38 2018"
          }
        ],
        "target_dbs": [
          {
            "source": "/Users/filipov4/meme/db/motif_databases/JASPAR/JASPAR2018_CORE_non-redundant.meme",
            "name": "JASPAR2018 CORE non-redundant",
            "loaded": 1404,
            "excluded": 0,
            "last_modified": "Thu Dec  7 14:38:42 2017"
          }
        ],
        "queries": [
          {
            "db": 0,
            "id": "CACGVA",
            "alt": "DREME-6",
            "len": 6,
            "nsites": 122,
            "evalue": "5.0e-003",
            "pwm": [
              [0.000216871, 0.999374, 0.000192629, 0.000216871], 
              [0.999398, 0.000192629, 0.000192629, 0.000216871], 
              [0.000216871, 0.999374, 0.000192629, 0.000216871], 
              [0.000216871, 0.000192629, 0.999374, 0.000216871], 
              [0.417908, 0.204943, 0.376933, 0.000216871], 
              [0.999398, 0.000192629, 0.000192629, 0.000216871]
            ]
          }, {
            "db": 0,
            "id": "CCAGGH",
            "alt": "DREME-5",
            "len": 6,
            "nsites": 460,
            "evalue": "5.3e-006",
            "pwm": [
              [5.75527e-05, 0.999834, 5.11193e-05, 5.75527e-05], 
              [5.75527e-05, 0.999834, 5.11193e-05, 5.75527e-05], 
              [0.99984, 5.11193e-05, 5.11193e-05, 5.75527e-05], 
              [5.75527e-05, 5.11193e-05, 0.999834, 5.75527e-05], 
              [5.75527e-05, 5.11193e-05, 0.999834, 5.75527e-05], 
              [0.343461, 0.406485, 5.11193e-05, 0.250003]
            ]
          }, {
            "db": 0,
            "id": "CCTCRGG",
            "alt": "DREME-7",
            "len": 7,
            "nsites": 88,
            "evalue": "5.5e-003",
            "pwm": [
              [0.000300568, 0.999132, 0.000266969, 0.000300568], 
              [0.000300568, 0.999132, 0.000266969, 0.000300568], 
              [0.000300568, 0.000266969, 0.000266969, 0.999165], 
              [0.000300568, 0.999132, 0.000266969, 0.000300568], 
              [0.77215, 0.000266969, 0.227282, 0.000300568], 
              [0.000300568, 0.000266969, 0.999132, 0.000300568], 
              [0.000300568, 0.000266969, 0.999132, 0.000300568]
            ]
          }, {
            "db": 0,
            "id": "DCACGC",
            "alt": "DREME-1",
            "len": 6,
            "nsites": 390,
            "evalue": "5.5e-053",
            "pwm": [
              [0.307681, 6.02922e-05, 0.38714, 0.305118], 
              [6.788e-05, 0.999804, 6.02922e-05, 6.788e-05], 
              [0.999812, 6.02922e-05, 6.02922e-05, 6.788e-05], 
              [6.788e-05, 0.999804, 6.02922e-05, 6.788e-05], 
              [6.788e-05, 6.02922e-05, 0.999804, 6.788e-05], 
              [6.788e-05, 0.999804, 6.02922e-05, 6.788e-05]
            ]
          }, {
            "db": 0,
            "id": "GAKAA",
            "alt": "DREME-4",
            "len": 5,
            "nsites": 744,
            "evalue": "8.7e-007",
            "pwm": [
              [3.55866e-05, 3.16087e-05, 0.999897, 3.55866e-05], 
              [0.999901, 3.16087e-05, 3.16087e-05, 3.55866e-05], 
              [3.55866e-05, 3.16087e-05, 0.565816, 0.434117], 
              [0.999901, 3.16087e-05, 3.16087e-05, 3.55866e-05], 
              [0.999901, 3.16087e-05, 3.16087e-05, 3.55866e-05]
            ]
          }, {
            "db": 0,
            "id": "RYAAAYA",
            "alt": "DREME-2",
            "len": 7,
            "nsites": 443,
            "evalue": "2.5e-026",
            "pwm": [
              [0.487535, 5.30806e-05, 0.512352, 5.97608e-05], 
              [5.97608e-05, 0.57103, 5.30806e-05, 0.428857], 
              [0.999834, 5.30806e-05, 5.30806e-05, 5.97608e-05], 
              [0.999834, 5.30806e-05, 5.30806e-05, 5.97608e-05], 
              [0.999834, 5.30806e-05, 5.30806e-05, 5.97608e-05], 
              [5.97608e-05, 0.575544, 5.30806e-05, 0.424343], 
              [0.999834, 5.30806e-05, 5.30806e-05, 5.97608e-05]
            ]
          }, {
            "db": 0,
            "id": "TGACTCR",
            "alt": "DREME-3",
            "len": 7,
            "nsites": 106,
            "evalue": "3.1e-007",
            "pwm": [
              [0.000249576, 0.000221678, 0.000221678, 0.999307], 
              [0.000249576, 0.000221678, 0.999279, 0.000249576], 
              [0.999307, 0.000221678, 0.000221678, 0.000249576], 
              [0.000249576, 0.999279, 0.000221678, 0.000249576], 
              [0.000249576, 0.000221678, 0.000221678, 0.999307], 
              [0.000249576, 0.999279, 0.000221678, 0.000249576], 
              [0.895631, 0.000221678, 0.103898, 0.000249576]
            ]
          }
        ],
        "targets": [
          {
            "db": 0,
            "id": "MA0003.3",
            "alt": "TFAP2A",
            "len": 11,
            "nsites": 5308,
            "url": "http://jaspar2018.genereg.net/matrix/MA0003.3",
            "pwm": [
              [0.321401, 0.365296, 0.0521884, 0.261115], 
              [0.0249495, 0.176257, 0.79023, 0.00856283], 
              [4.9886e-06, 0.974472, 0.025518, 4.9886e-06], 
              [4.9886e-06, 0.947853, 0.00196839, 0.050174], 
              [0.00622087, 0.310039, 0.123942, 0.559798], 
              [0.10833, 0.50527, 0.30388, 0.0825204], 
              [0.68562, 0.187419, 0.116408, 0.0105528], 
              [0.154624, 0.0342288, 0.811143, 4.9886e-06], 
              [4.9886e-06, 0.00580932, 0.994181, 4.9886e-06], 
              [0.00578888, 0.881704, 0.108584, 0.00392291], 
              [0.351354, 0.150341, 0.243971, 0.254333]
            ]
          }, {
            "db": 0,
            "id": "MA0006.1",
            "alt": "Ahr::Arnt",
            "len": 6,
            "nsites": 24,
            "url": "http://jaspar2018.genereg.net/matrix/MA0006.1",
            "pwm": [
              [0.12558, 0.332926, 0.0839632, 0.45753], 
              [0.00109876, 0.000975934, 0.955332, 0.0425929], 
              [0.00109876, 0.955332, 0.000975934, 0.0425929], 
              [0.00109876, 0.000975934, 0.955332, 0.0425929], 
              [0.00109876, 0.000975934, 0.000975934, 0.996949], 
              [0.00109876, 0.000975934, 0.996827, 0.00109876]
            ]
          }, {
            "db": 0,
            "id": "MA0031.1",
            "alt": "FOXD1",
            "len": 8,
            "nsites": 20,
            "url": "http://jaspar2018.genereg.net/matrix/MA0031.1",
            "pwm": [
              [0.0510687, 0.0509214, 0.846941, 0.0510687], 
              [0.00131741, 0.00117015, 0.00117015, 0.996342], 
              [0.946591, 0.0509214, 0.00117015, 0.00131741], 
              [0.996342, 0.00117015, 0.00117015, 0.00131741], 
              [0.89684, 0.0509214, 0.0509214, 0.00131741], 
              [0.0510687, 0.896693, 0.00117015, 0.0510687], 
              [0.996342, 0.00117015, 0.00117015, 0.00131741], 
              [0.349576, 0.100673, 0.150424, 0.399327]
            ]
          }, {
            "db": 0,
            "id": "MA0032.2",
            "alt": "FOXC1",
            "len": 11,
            "nsites": 19566,
            "url": "http://jaspar2018.genereg.net/matrix/MA0032.2",
            "pwm": [
              [0.329756, 0.039457, 0.0155381, 0.615249], 
              [0.695237, 0.035336, 0.202155, 0.067273], 
              [0.344387, 0.0876138, 0.105678, 0.462323], 
              [0.257364, 0.0178011, 0.722132, 0.00270334], 
              [0.108395, 0.0717428, 0.0169381, 0.802924], 
              [0.706923, 0.289518, 0.0011332, 0.00242634], 
              [0.991151, 0.00579117, 1.20208e-06, 0.00305734], 
              [0.983558, 0.00298019, 0.00750216, 0.00595932], 
              [0.00649832, 0.467699, 0.00878816, 0.517014], 
              [0.966337, 0.00141219, 0.0226321, 0.0096183], 
              [0.31682, 0.0736508, 0.0523319, 0.557199]
            ]
          }, {
            "db": 0,
            "id": "MA0033.2",
            "alt": "FOXL1",
            "len": 7,
            "nsites": 4933,
            "url": "http://jaspar2018.genereg.net/matrix/MA0033.2",
            "pwm": [
              [0.426107, 0.00263971, 0.542869, 0.0283848], 
              [0.00192633, 0.0799111, 4.76779e-06, 0.918158], 
              [0.874645, 0.114915, 0.0104346, 5.36782e-06], 
              [0.989019, 0.00786761, 4.76779e-06, 0.0031093], 
              [0.973113, 0.0166984, 0.0101836, 5.36782e-06], 
              [5.36782e-06, 0.778859, 4.76779e-06, 0.221131], 
              [0.985349, 0.0111365, 4.76779e-06, 0.0035093]
            ]
          }, {
            "db": 0,
            "id": "MA0041.1",
            "alt": "Foxd3",
            "len": 12,
            "nsites": 47,
            "url": "http://jaspar2018.genereg.net/matrix/MA0041.1",
            "pwm": [
              [0.234108, 0.0641938, 0.552516, 0.149182], 
              [0.637505, 0.042962, 0.000499363, 0.319034], 
              [0.510116, 0.0217312, 0.000499363, 0.467653], 
              [0.021794, 0.0854247, 0.000499363, 0.892282], 
              [0.255339, 0.000499363, 0.722367, 0.021794], 
              [0.000562208, 0.000499363, 0.000499363, 0.998439], 
              [0.021794, 0.000499363, 0.000499363, 0.977207], 
              [0.106719, 0.000499363, 0.212814, 0.679968], 
              [0.297802, 0.000499363, 0.44636, 0.255339], 
              [0.127951, 0.149119, 0.000499363, 0.72243], 
              [0.021794, 0.042962, 0.0854247, 0.849819], 
              [0.000562208, 0.255276, 0.000499363, 0.743662]
            ]
          }, {
            "db": 0,
            "id": "MA0042.2",
            "alt": "FOXI1",
            "len": 7,
            "nsites": 5832,
            "url": "http://jaspar2018.genereg.net/matrix/MA0042.2",
            "pwm": [
              [0.10597, 0.00669092, 0.887335, 4.54039e-06], 
              [0.0138513, 0.0112318, 0.00655292, 0.968364], 
              [0.899676, 0.0938824, 0.00643692, 4.54039e-06], 
              [0.995562, 0.00442896, 4.03285e-06, 4.54039e-06], 
              [0.977694, 0.00434896, 0.00548294, 0.0124733], 
              [0.0253671, 0.836016, 0.0077579, 0.130858], 
              [0.992889, 0.00230599, 0.00480095, 4.54039e-06]
            ]
          }, {
            "db": 0,
            "id": "MA0047.2",
            "alt": "Foxa2",
            "len": 12,
            "nsites": 808,
            "url": "http://jaspar2018.genereg.net/matrix/MA0047.2",
            "pwm": [
              [0.00127062, 0.00126695, 0.00126695, 0.996196], 
              [0.273176, 0.00373665, 0.719347, 0.00374031], 
              [0.00126862, 0.00126495, 0.00126495, 0.996201], 
              [0.00126862, 0.00373665, 0.0445226, 0.950471], 
              [0.00126562, 0.00126195, 0.215785, 0.781687], 
              [0.908562, 0.00496649, 0.0827349, 0.00373631], 
              [0.00250146, 0.89498, 0.0024978, 0.10002], 
              [0.417781, 0.0951963, 0.00373665, 0.483286], 
              [0.0618301, 0.327554, 0.0717132, 0.538903], 
              [0.516698, 0.00746319, 0.0297654, 0.446075], 
              [0.162544, 0.065778, 0.59797, 0.173708], 
              [0.160661, 0.242838, 0.36113, 0.235371]
            ]
          }, {
            "db": 0,
            "id": "MA0099.3",
            "alt": "FOS::JUN",
            "len": 10,
            "nsites": 1000,
            "url": "http://jaspar2018.genereg.net/matrix/MA0099.3",
            "pwm": [
              [0.591967, 0.111012, 0.256998, 0.0400225], 
              [0.00302618, 0.00502302, 0.00202332, 0.989927], 
              [0.00702578, 0.00102342, 0.823941, 0.16801], 
              [0.819944, 0.13101, 0.00402312, 0.045022], 
              [0.0780187, 0.180006, 0.687955, 0.0540211], 
              [0.00502598, 0.00202332, 0.00202332, 0.990927], 
              [0.0300235, 0.962927, 0.00302322, 0.00402608], 
              [0.991927, 0.00202332, 0.00202332, 0.00402608], 
              [0.0240241, 0.312992, 0.095014, 0.56797], 
              [0.276999, 0.396984, 0.164007, 0.16201]
            ]
          }, {
            "db": 0,
            "id": "MA0148.3",
            "alt": "FOXA1",
            "len": 15,
            "nsites": 22008,
            "url": "http://jaspar2018.genereg.net/matrix/MA0148.3",
            "pwm": [
              [0.196656, 0.219329, 0.187386, 0.396627], 
              [0.211696, 0.311296, 0.214967, 0.262041], 
              [0.139132, 0.388858, 0.241458, 0.230553], 
              [0.3242, 0.196156, 0.16544, 0.314204], 
              [0.00318219, 1.0687e-06, 0.000546066, 0.996271], 
              [0.267312, 1.0687e-06, 0.732686, 1.20319e-06], 
              [1.20319e-06, 1.0687e-06, 1.0687e-06, 0.999997], 
              [1.20319e-06, 1.0687e-06, 0.0587068, 0.941291], 
              [1.20319e-06, 1.0687e-06, 0.129907, 0.87009], 
              [0.829332, 1.0687e-06, 0.170665, 1.20319e-06], 
              [1.20319e-06, 0.934021, 1.0687e-06, 0.0659769], 
              [0.417711, 0.120639, 1.0687e-06, 0.461649], 
              [0.037578, 0.331516, 0.0632508, 0.567656], 
              [0.486277, 4.60685e-05, 0.00286406, 0.510813], 
              [0.218421, 0.118276, 0.427798, 0.235505]
            ]
          }, {
            "db": 0,
            "id": "MA0150.2",
            "alt": "Nfe2l2",
            "len": 15,
            "nsites": 726,
            "url": "http://jaspar2018.genereg.net/matrix/MA0150.2",
            "pwm": [
              [0.228655, 0.465533, 0.15015, 0.155662], 
              [0.552302, 0.107456, 0.21901, 0.121232], 
              [0.162548, 0.329188, 0.378768, 0.129496], 
              [0.279612, 0.340206, 0.20937, 0.170812], 
              [0.67212, 0.0385941, 0.282363, 0.00692252], 
              [3.64688e-05, 3.23922e-05, 3.23922e-05, 0.999899], 
              [3.64688e-05, 3.23922e-05, 0.979237, 0.0206946], 
              [0.999899, 3.23922e-05, 3.23922e-05, 3.64688e-05], 
              [0.0275807, 0.734091, 0.162544, 0.075784], 
              [0.115723, 0.0275766, 0.0220684, 0.834633], 
              [0.0895561, 0.756126, 0.0633847, 0.0909329], 
              [0.794693, 0.00416382, 0.123982, 0.0771608], 
              [0.0138086, 0.0151823, 0.961333, 0.00967714], 
              [0.00554571, 0.96271, 0.0261998, 0.00554571], 
              [0.858045, 0.0358405, 0.0427265, 0.0633887]
            ]
          }, {
            "db": 0,
            "id": "MA0157.2",
            "alt": "FOXO3",
            "len": 8,
            "nsites": 553,
            "url": "http://jaspar2018.genereg.net/matrix/MA0157.2",
            "pwm": [
              [0.038016, 4.2524e-05, 0.961894, 4.78756e-05], 
              [4.78756e-05, 4.2524e-05, 0.0238912, 0.976018], 
              [0.960163, 0.0289183, 0.00906589, 0.00185255], 
              [0.997991, 0.00191818, 4.2524e-05, 4.78756e-05], 
              [0.98142, 0.0184892, 4.2524e-05, 4.78756e-05], 
              [0.0273159, 0.967141, 4.2524e-05, 0.00550189], 
              [0.979613, 0.0202969, 4.2524e-05, 4.78756e-05], 
              [0.546501, 0.0207288, 0.0621003, 0.370671]
            ]
          }, {
            "db": 0,
            "id": "MA0272.1",
            "alt": "ARG81",
            "len": 8,
            "nsites": 198,
            "url": "http://jaspar2018.genereg.net/matrix/MA0272.1",
            "pwm": [
              [0.297963, 0.0606941, 0.419099, 0.222243], 
              [0.0367002, 0.000118728, 0.0244964, 0.938684], 
              [0.0773147, 0.000118728, 0.922433, 0.00013367], 
              [0.999629, 0.000118728, 0.000118728, 0.00013367], 
              [0.00013367, 0.99594, 0.000118728, 0.00380781], 
              [0.00619161, 0.000118728, 0.000118728, 0.993571], 
              [0.00013367, 0.999614, 0.000118728, 0.00013367], 
              [0.317178, 0.317163, 0.0216129, 0.344046]
            ]
          }, {
            "db": 0,
            "id": "MA0297.1",
            "alt": "FKH2",
            "len": 7,
            "nsites": 101,
            "url": "http://jaspar2018.genereg.net/matrix/MA0297.1",
            "pwm": [
              [0.128848, 0.000232641, 0.870658, 0.000261919], 
              [0.000261919, 0.000232641, 0.000232641, 0.999273], 
              [0.999273, 0.000232641, 0.000232641, 0.000261919], 
              [0.999273, 0.000232641, 0.000232641, 0.000261919], 
              [0.999273, 0.000232641, 0.000232641, 0.000261919], 
              [0.000261919, 0.999244, 0.000232641, 0.000261919], 
              [0.999273, 0.000232641, 0.000232641, 0.000261919]
            ]
          }, {
            "db": 0,
            "id": "MA0303.1",
            "alt": "GCN4",
            "len": 21,
            "nsites": 998,
            "url": "http://jaspar2018.genereg.net/matrix/MA0303.1",
            "pwm": [
              [0.218442, 0.295585, 0.24549, 0.240483], 
              [0.371732, 0.217437, 0.268534, 0.142297], 
              [0.362715, 0.213429, 0.15031, 0.273546], 
              [0.282563, 0.11925, 0.325642, 0.272544], 
              [0.27555, 0.177361, 0.316625, 0.230464], 
              [0.169179, 0.14015, 0.365352, 0.325319], 
              [0.536045, 0.0350901, 0.41381, 0.015055], 
              [0.0110474, 0.00803876, 0.00603496, 0.974879], 
              [0.00203033, 0.00503306, 0.935802, 0.0571348], 
              [0.969869, 0.0130483, 0.00403116, 0.0130512], 
              [0.00203033, 0.433848, 0.563093, 0.00102843], 
              [0.0130512, 0.00403116, 0.0130483, 0.969869], 
              [0.0571348, 0.935802, 0.00503306, 0.00203033], 
              [0.974879, 0.00603496, 0.00803876, 0.0110474], 
              [0.015055, 0.41381, 0.0350901, 0.536045], 
              [0.376365, 0.290284, 0.131141, 0.202208], 
              [0.207213, 0.354342, 0.194198, 0.244246], 
              [0.284567, 0.216435, 0.202408, 0.29659], 
              [0.226457, 0.234469, 0.177361, 0.361713], 
              [0.25451, 0.32965, 0.232465, 0.183375], 
              [0.337668, 0.169346, 0.195395, 0.297592]
            ]
          }, {
            "db": 0,
            "id": "MA0446.1",
            "alt": "fkh",
            "len": 11,
            "nsites": 27,
            "url": "http://jaspar2018.genereg.net/matrix/MA0446.1",
            "pwm": [
              [0.111678, 0.000867897, 0.000867897, 0.886586], 
              [0.185479, 0.000867897, 0.812676, 0.000977122], 
              [0.000977122, 0.000867897, 0.000867897, 0.997287], 
              [0.000977122, 0.000867897, 0.000867897, 0.997287], 
              [0.000977122, 0.000867897, 0.0377682, 0.960387], 
              [0.480681, 0.000867897, 0.517474, 0.000977122], 
              [0.148578, 0.480572, 0.0746686, 0.29618], 
              [0.222379, 0.25917, 0.111569, 0.406881], 
              [0.000977122, 0.406772, 0.0746686, 0.517583], 
              [0.849686, 0.000867897, 0.0377682, 0.111678], 
              [0.554483, 0.148469, 0.148469, 0.148578]
            ]
          }, {
            "db": 0,
            "id": "MA0462.1",
            "alt": "BATF::JUN",
            "len": 11,
            "nsites": 10522,
            "url": "http://jaspar2018.genereg.net/matrix/MA0462.1",
            "pwm": [
              [0.29291, 0.0457158, 0.488118, 0.173257], 
              [0.454474, 0.0525587, 0.274568, 0.2184], 
              [0.429479, 0.0161591, 0.210891, 0.34347], 
              [0.784827, 0.140469, 2.2353e-06, 0.0747028], 
              [2.51661e-06, 2.2353e-06, 2.2353e-06, 0.999993], 
              [2.51661e-06, 2.2353e-06, 0.985927, 0.0140684], 
              [0.999993, 2.2353e-06, 2.2353e-06, 2.51661e-06], 
              [0.055695, 0.477664, 0.466639, 2.51661e-06], 
              [2.51661e-06, 2.2353e-06, 2.2353e-06, 0.999993], 
              [0.122696, 0.816379, 0.0609217, 2.51661e-06], 
              [0.975473, 2.2353e-06, 2.2353e-06, 0.0245223]
            ]
          }, {
            "db": 0,
            "id": "MA0476.1",
            "alt": "FOS",
            "len": 11,
            "nsites": 29396,
            "url": "http://jaspar2018.genereg.net/matrix/MA0476.1",
            "pwm": [
              [0.26803, 0.0242217, 0.329501, 0.378249], 
              [0.254286, 0.346204, 0.368792, 0.0307188], 
              [9.008e-07, 8.00106e-07, 8.00106e-07, 0.999997], 
              [9.008e-07, 8.00106e-07, 0.922164, 0.0778346], 
              [0.999997, 8.00106e-07, 8.00106e-07, 9.008e-07], 
              [0.0339508, 0.478942, 0.381208, 0.1059], 
              [9.008e-07, 8.00106e-07, 8.00106e-07, 0.999997], 
              [9.008e-07, 0.999997, 8.00106e-07, 9.008e-07], 
              [0.999997, 8.00106e-07, 8.00106e-07, 9.008e-07], 
              [0.00877787, 0.198088, 0.0523206, 0.740813], 
              [0.136277, 0.280174, 0.268642, 0.314907]
            ]
          }, {
            "db": 0,
            "id": "MA0477.1",
            "alt": "FOSL1",
            "len": 11,
            "nsites": 5272,
            "url": "http://jaspar2018.genereg.net/matrix/MA0477.1",
            "pwm": [
              [0.339718, 0.022576, 0.452196, 0.18551], 
              [0.297419, 0.0828939, 0.589712, 0.0299745], 
              [5.02267e-06, 4.46122e-06, 4.46122e-06, 0.999986], 
              [5.02267e-06, 4.46122e-06, 0.999985, 5.02267e-06], 
              [0.999986, 4.46122e-06, 4.46122e-06, 5.02267e-06], 
              [0.0235246, 0.591799, 0.384671, 5.02267e-06], 
              [5.02267e-06, 4.46122e-06, 4.46122e-06, 0.999986], 
              [0.0335784, 0.966412, 4.46122e-06, 5.02267e-06], 
              [0.999986, 4.46122e-06, 4.46122e-06, 5.02267e-06], 
              [0.00702289, 0.153834, 0.328905, 0.510238], 
              [0.224584, 0.319421, 0.355651, 0.100344]
            ]
          }, {
            "db": 0,
            "id": "MA0478.1",
            "alt": "FOSL2",
            "len": 11,
            "nsites": 5318,
            "url": "http://jaspar2018.genereg.net/matrix/MA0478.1",
            "pwm": [
              [0.15664, 0.186913, 0.39225, 0.264197], 
              [0.286762, 0.111322, 0.509021, 0.0928952], 
              [0.537979, 0.0103462, 0.437755, 0.0139197], 
              [4.97922e-06, 4.42263e-06, 4.42263e-06, 0.999986], 
              [4.97922e-06, 4.42263e-06, 0.999986, 4.97922e-06], 
              [0.954293, 0.00959424, 0.0361077, 4.97922e-06], 
              [4.97922e-06, 0.617894, 0.345617, 0.0364843], 
              [4.97922e-06, 4.42263e-06, 4.42263e-06, 0.999986], 
              [0.0385523, 0.961438, 4.42263e-06, 4.97922e-06], 
              [0.999986, 4.42263e-06, 4.42263e-06, 4.97922e-06], 
              [4.97922e-06, 0.263068, 0.363481, 0.373447]
            ]
          }, {
            "db": 0,
            "id": "MA0489.1",
            "alt": "JUN(var.2)",
            "len": 14,
            "nsites": 10956,
            "url": "http://jaspar2018.genereg.net/matrix/MA0489.1",
            "pwm": [
              [0.44286, 0.114094, 0.257211, 0.185835], 
              [0.358433, 0.120848, 0.375136, 0.145583], 
              [0.340087, 0.102867, 0.395216, 0.16183], 
              [0.40124, 0.102411, 0.315899, 0.18045], 
              [0.378422, 0.0541277, 0.384537, 0.182914], 
              [0.541253, 0.0906363, 0.368108, 2.41692e-06], 
              [2.41692e-06, 2.14675e-06, 2.14675e-06, 0.999993], 
              [2.41692e-06, 2.14675e-06, 0.999993, 2.41692e-06], 
              [0.999719, 2.14675e-06, 2.14675e-06, 0.000276414], 
              [0.0348691, 0.520625, 0.37331, 0.0711958], 
              [0.0181663, 2.14675e-06, 2.14675e-06, 0.981829], 
              [0.0872596, 0.912736, 2.14675e-06, 2.41692e-06], 
              [0.999993, 2.14675e-06, 2.14675e-06, 2.41692e-06], 
              [0.0343211, 0.229007, 0.24142, 0.495252]
            ]
          }, {
            "db": 0,
            "id": "MA0490.1",
            "alt": "JUNB",
            "len": 11,
            "nsites": 16992,
            "url": "http://jaspar2018.genereg.net/matrix/MA0490.1",
            "pwm": [
              [0.212159, 0.198093, 0.352106, 0.237641], 
              [0.297493, 0.062207, 0.495937, 0.144363], 
              [0.493408, 0.0342522, 0.472339, 1.55837e-06], 
              [1.55837e-06, 1.38417e-06, 1.38417e-06, 0.999996], 
              [1.55837e-06, 1.38417e-06, 0.999995, 1.55837e-06], 
              [0.999996, 1.38417e-06, 1.38417e-06, 1.55837e-06], 
              [1.55837e-06, 0.580212, 0.369644, 0.0501423], 
              [1.55837e-06, 1.38417e-06, 1.38417e-06, 0.999996], 
              [0.0739181, 0.926079, 1.38417e-06, 1.55837e-06], 
              [0.999996, 1.38417e-06, 1.38417e-06, 1.55837e-06], 
              [0.0433163, 0.174317, 0.359992, 0.422374]
            ]
          }, {
            "db": 0,
            "id": "MA0491.1",
            "alt": "JUND",
            "len": 11,
            "nsites": 38710,
            "url": "http://jaspar2018.genereg.net/matrix/MA0491.1",
            "pwm": [
              [0.320046, 0.0196076, 0.352364, 0.307982], 
              [0.391708, 0.124619, 0.483672, 6.84059e-07], 
              [6.84059e-07, 6.07593e-07, 6.07593e-07, 0.999998], 
              [6.84059e-07, 6.07593e-07, 0.999998, 6.84059e-07], 
              [0.999998, 6.07593e-07, 6.07593e-07, 6.84059e-07], 
              [6.84059e-07, 0.590467, 0.363679, 0.0458546], 
              [6.84059e-07, 6.07593e-07, 6.07593e-07, 0.999998], 
              [0.0399646, 0.960034, 6.07593e-07, 6.84059e-07], 
              [0.999998, 6.07593e-07, 6.07593e-07, 6.84059e-07], 
              [6.84059e-07, 0.132679, 0.0594425, 0.807878], 
              [0.14947, 0.38636, 0.32108, 0.14309]
            ]
          }, {
            "db": 0,
            "id": "MA0495.2",
            "alt": "MAFF",
            "len": 21,
            "nsites": 12296,
            "url": "http://jaspar2018.genereg.net/matrix/MA0495.2",
            "pwm": [
              [0.383132, 0.119064, 0.197219, 0.300586], 
              [0.437702, 0.0961301, 0.104913, 0.361255], 
              [0.324577, 0.102311, 0.100928, 0.472184], 
              [0.2169, 0.163306, 0.132971, 0.486823], 
              [0.0955614, 0.0465205, 0.0499365, 0.807982], 
              [0.0431868, 0.0503435, 0.867432, 0.0390388], 
              [0.110362, 0.817822, 0.0302557, 0.0415598], 
              [0.0671776, 0.0356226, 0.00854084, 0.888658], 
              [0.0573377, 0.0255387, 0.832217, 0.0849075], 
              [0.881501, 0.0227737, 0.0200897, 0.0756355], 
              [0.0906004, 0.228855, 0.590026, 0.0905184], 
              [0.0383878, 0.0196828, 0.0227737, 0.919156], 
              [0.0821425, 0.850353, 0.0196018, 0.0479038], 
              [0.915903, 0.00439388, 0.0306617, 0.0490418], 
              [0.0374938, 0.0444066, 0.77415, 0.14395], 
              [0.0553047, 0.836202, 0.0567675, 0.0517257], 
              [0.779111, 0.0592894, 0.0579064, 0.103693], 
              [0.4756, 0.131019, 0.167779, 0.225602], 
              [0.474543, 0.104832, 0.114184, 0.306441], 
              [0.353854, 0.108492, 0.105889, 0.431765], 
              [0.307498, 0.184532, 0.131751, 0.376219]
            ]
          }, {
            "db": 0,
            "id": "MA0496.2",
            "alt": "MAFK",
            "len": 19,
            "nsites": 7790,
            "url": "http://jaspar2018.genereg.net/matrix/MA0496.2",
            "pwm": [
              [0.468418, 0.0875499, 0.107319, 0.336713], 
              [0.397944, 0.0955088, 0.111427, 0.39512], 
              [0.25122, 0.179719, 0.150707, 0.418355], 
              [0.0940972, 0.0590523, 0.0422365, 0.804614], 
              [0.0356899, 0.0490394, 0.886256, 0.029015], 
              [0.107576, 0.845948, 0.0116849, 0.034791], 
              [0.0647006, 0.0477564, 0.00808992, 0.879453], 
              [0.0576407, 0.0256767, 0.832084, 0.0845983], 
              [0.891263, 0.0184878, 0.0190018, 0.0712475], 
              [0.0824153, 0.282797, 0.552242, 0.0825443], 
              [0.0387709, 0.0195148, 0.0197718, 0.921943], 
              [0.0831863, 0.857117, 0.0163058, 0.0433918], 
              [0.913342, 0.00372597, 0.0392835, 0.0436488], 
              [0.0294, 0.0124549, 0.831699, 0.126446], 
              [0.0360749, 0.880095, 0.0508364, 0.032994], 
              [0.791007, 0.0462154, 0.0614912, 0.101286], 
              [0.408599, 0.144032, 0.183441, 0.263928], 
              [0.39589, 0.109886, 0.104752, 0.389472], 
              [0.335301, 0.105265, 0.0881919, 0.471242]
            ]
          }, {
            "db": 0,
            "id": "MA0501.1",
            "alt": "MAF::NFE2",
            "len": 15,
            "nsites": 1090,
            "url": "http://jaspar2018.genereg.net/matrix/MA0501.1",
            "pwm": [
              [0.666018, 0.0238724, 0.306415, 0.00369395], 
              [2.42913e-05, 2.1576e-05, 2.1576e-05, 0.999933], 
              [2.42913e-05, 2.1576e-05, 0.992592, 0.00736262], 
              [0.999933, 2.1576e-05, 2.1576e-05, 2.42913e-05], 
              [0.0147019, 0.799031, 0.152302, 0.0339662], 
              [0.100932, 0.000938492, 0.0110296, 0.887099], 
              [0.0734116, 0.859576, 0.0202027, 0.046809], 
              [0.89719, 2.1576e-05, 0.0468063, 0.0559822], 
              [0.00736262, 0.00369124, 0.95498, 0.0339662], 
              [2.42913e-05, 0.975161, 0.0202027, 0.00461087], 
              [0.854074, 0.0156161, 0.0669874, 0.0633215], 
              [0.351368, 0.186243, 0.259631, 0.202758], 
              [0.331187, 0.0917562, 0.119277, 0.45778], 
              [0.26789, 0.093591, 0.0834999, 0.555019], 
              [0.193585, 0.259631, 0.0972607, 0.449524]
            ]
          }, {
            "db": 0,
            "id": "MA0546.1",
            "alt": "pha-4",
            "len": 10,
            "nsites": 1010,
            "url": "http://jaspar2018.genereg.net/matrix/MA0546.1",
            "pwm": [
              [0.579177, 0.0703133, 2.32848e-05, 0.350487], 
              [0.528687, 2.32848e-05, 0.466314, 0.00497573], 
              [0.531657, 2.32848e-05, 0.0782335, 0.390087], 
              [0.0406162, 2.32848e-05, 0.959334, 2.62152e-05], 
              [2.62152e-05, 0.402953, 2.32848e-05, 0.596997], 
              [0.853407, 0.146544, 2.32848e-05, 2.62152e-05], 
              [0.999927, 2.32848e-05, 2.32848e-05, 2.62152e-05], 
              [0.999927, 2.32848e-05, 2.32848e-05, 2.62152e-05], 
              [2.62152e-05, 0.616794, 2.32848e-05, 0.383156], 
              [0.999927, 2.32848e-05, 2.32848e-05, 2.62152e-05]
            ]
          }, {
            "db": 0,
            "id": "MA0580.1",
            "alt": "DYT1",
            "len": 14,
            "nsites": 11,
            "url": "http://jaspar2018.genereg.net/matrix/MA0580.1",
            "pwm": [
              [0.362746, 0.54266, 0.00211892, 0.0924756], 
              [0.272656, 0.0922089, 0.63275, 0.00238559], 
              [0.0924756, 0.182299, 0.0922089, 0.633017], 
              [0.182566, 0.182299, 0.54266, 0.0924756], 
              [0.903287, 0.0922089, 0.00211892, 0.00238559], 
              [0.272656, 0.00211892, 0.63275, 0.0924756], 
              [0.362746, 0.00211892, 0.00211892, 0.633017], 
              [0.00238559, 0.99311, 0.00211892, 0.00238559], 
              [0.993377, 0.00211892, 0.00211892, 0.00238559], 
              [0.00238559, 0.99311, 0.00211892, 0.00238559], 
              [0.0924756, 0.00211892, 0.90302, 0.00238559], 
              [0.00238559, 0.00211892, 0.00211892, 0.993377], 
              [0.00238559, 0.00211892, 0.99311, 0.00238559], 
              [0.993377, 0.00211892, 0.00211892, 0.00238559]
            ]
          }, {
            "db": 0,
            "id": "MA0583.1",
            "alt": "RAV1(var.2)",
            "len": 12,
            "nsites": 62,
            "url": "http://jaspar2018.genereg.net/matrix/MA0583.1",
            "pwm": [
              [0.354694, 0.193615, 0.161409, 0.290282], 
              [0.203224, 0.234376, 0.125177, 0.437222], 
              [0.123305, 0.753011, 0.015739, 0.107945], 
              [0.61482, 0.0925381, 0.123258, 0.169385], 
              [0.0157866, 0.860529, 0.0464584, 0.0772255], 
              [0.000426409, 0.998768, 0.000378744, 0.000426409], 
              [0.000426409, 0.000378744, 0.000378744, 0.998816], 
              [0.000426409, 0.000378744, 0.998768, 0.000426409], 
              [0.436088, 0.127447, 0.345277, 0.091189], 
              [0.222291, 0.277709, 0.333175, 0.166825], 
              [0.230824, 0.269176, 0.307575, 0.192425], 
              [0.174059, 0.434462, 0.1089, 0.28258]
            ]
          }, {
            "db": 0,
            "id": "MA0591.1",
            "alt": "Bach1::Mafk",
            "len": 15,
            "nsites": 114,
            "url": "http://jaspar2018.genereg.net/matrix/MA0591.1",
            "pwm": [
              [0.394623, 0.122906, 0.35954, 0.122931], 
              [0.122931, 0.315718, 0.403361, 0.157989], 
              [0.131696, 0.35954, 0.473475, 0.0352893], 
              [0.578672, 0.140434, 0.280662, 0.000232077], 
              [0.0177607, 0.00897045, 0.000206135, 0.973063], 
              [0.000232077, 0.000206135, 0.93798, 0.0615823], 
              [0.990591, 0.000206135, 0.000206135, 0.00899639], 
              [0.000232077, 0.824044, 0.175491, 0.000232077], 
              [0.00899639, 0.000206135, 0.0352634, 0.955534], 
              [0.0440536, 0.93798, 0.0177348, 0.000232077], 
              [0.94677, 0.00897045, 0.0264991, 0.0177607], 
              [0.000232077, 0.00897045, 0.990565, 0.000232077], 
              [0.000232077, 0.99933, 0.000206135, 0.000232077], 
              [0.859128, 0.0352634, 0.052792, 0.0528179], 
              [0.105403, 0.368304, 0.333247, 0.193045]
            ]
          }, {
            "db": 0,
            "id": "MA0613.1",
            "alt": "FOXG1",
            "len": 8,
            "nsites": 999,
            "url": "http://jaspar2018.genereg.net/matrix/MA0613.1",
            "pwm": [
              [0.374363, 0.00102444, 0.623585, 0.0010274], 
              [0.0010264, 0.00102344, 0.00102344, 0.996927], 
              [0.996927, 0.00102344, 0.00102344, 0.0010264], 
              [0.996927, 0.00102344, 0.00102344, 0.0010264], 
              [0.996927, 0.00102344, 0.00102344, 0.0010264], 
              [0.0010264, 0.996924, 0.00102344, 0.0010264], 
              [0.996927, 0.00102344, 0.00102344, 0.0010264], 
              [0.497977, 0.167007, 0.00202334, 0.332993]
            ]
          }, {
            "db": 0,
            "id": "MA0614.1",
            "alt": "Foxj2",
            "len": 8,
            "nsites": 999,
            "url": "http://jaspar2018.genereg.net/matrix/MA0614.1",
            "pwm": [
              [0.461441, 2.35412e-05, 0.538509, 2.65039e-05], 
              [0.0500715, 0.025046, 2.35412e-05, 0.924859], 
              [0.794947, 0.205003, 2.35412e-05, 2.65039e-05], 
              [0.977907, 2.35412e-05, 2.35412e-05, 0.0220463], 
              [0.999926, 2.35412e-05, 2.35412e-05, 2.65039e-05], 
              [2.65039e-05, 0.953928, 2.35412e-05, 0.0460219], 
              [0.999926, 2.35412e-05, 2.35412e-05, 2.65039e-05], 
              [0.593561, 0.125136, 0.125136, 0.156167]
            ]
          }, {
            "db": 0,
            "id": "MA0655.1",
            "alt": "JDP2",
            "len": 9,
            "nsites": 1801,
            "url": "http://jaspar2018.genereg.net/matrix/MA0655.1",
            "pwm": [
              [0.907238, 0.0105625, 0.0777437, 0.00445646], 
              [0.00305253, 0.00365786, 0.000621025, 0.99267], 
              [1.47021e-05, 0.00182096, 0.984889, 0.013275], 
              [0.983113, 0.000615025, 0.00121599, 0.0150559], 
              [0.00844323, 0.722429, 0.261287, 0.00784127], 
              [0.0036595, 1.30587e-05, 0.00365786, 0.99267], 
              [0.013203, 0.979575, 0.00181196, 0.0054104], 
              [0.995693, 1.30587e-05, 1.30587e-05, 0.00428047], 
              [0.0106681, 0.195644, 0.00243392, 0.791254]
            ]
          }, {
            "db": 0,
            "id": "MA0812.1",
            "alt": "TFAP2B(var.2)",
            "len": 11,
            "nsites": 4549,
            "url": "http://jaspar2018.genereg.net/matrix/MA0812.1",
            "pwm": [
              [0.392171, 0.310396, 0.051004, 0.246428], 
              [0.00780665, 0.131963, 0.853724, 0.00650668], 
              [5.82093e-06, 0.999104, 0.000884151, 5.82093e-06], 
              [5.82093e-06, 0.966212, 0.000217166, 0.0335651], 
              [0.00352374, 0.264731, 0.134567, 0.597179], 
              [0.126652, 0.467453, 0.329374, 0.0765211], 
              [0.765161, 0.133687, 0.098068, 0.00308375], 
              [0.0490657, 0.000840152, 0.949671, 0.000423812], 
