<!DOCTYPE HTML>
<html>
  <head>
    <meta charset="UTF-8">
    <title>SpaMo - Spaced Motif Analysis</title>
    <script type="text/javascript">
      //@JSON_VAR data
      var data = {"program":"SpaMo","version":"4.12.0","revision":"aacc9c3eb8c7b460b344d5c8aa1458097dae704d","release":"Tue Jun 27 16:22:50 2017 -0700","host":"Sudins-iMac.local","when":"Thu May 24 12:45:30 2018","cmd":["spamo","-verbosity","1","-oc","results/AHRpeaks_noAHREs.bed-399.fa/jaspar/spamo_out_8","-bgfile","results/AHRpeaks_noAHREs.bed-399.fa/jaspar/background","-primary","CCCYCAGGC","results/AHRpeaks_noAHREs.bed-399.fa/jaspar/AHRpeaks_noAHREs.bed-399.fa","results/AHRpeaks_noAHREs.bed-399.fa/jaspar/meme_out/meme.xml","results/AHRpeaks_noAHREs.bed-399.fa/jaspar/meme_out/meme.xml","results/AHRpeaks_noAHREs.bed-399.fa/jaspar/dreme_out/dreme.xml","/Users/filipov4/meme/db/motif_databases/JASPAR/JASPAR2018_CORE_non-redundant.meme"],"options":{"seq_min_hit_score":7,"margin":150,"bin_size":1,"bin_pvalue_calc_range":150,"use_best_secondary":0,"seq_max_shared_fract":0.5,"seq_odds_ratio":20,"bin_pvalue_cutoff":0.05,"motif_evalue_cutoff":10,"redundant_overlap":2,"redundant_joint":0.5,"motif_pseudocount":0.1,"bgfile":"results/AHRpeaks_noAHREs.bed-399.fa/jaspar/background","motif_trim":0.25,"xalph":0,"seed":1,"bin_max":6},"alphabet":{"name":"DNA","like":"dna","ncore":4,"symbols":[{"symbol":"A","name":"Adenine","colour":"CC0000","complement":"T"},{"symbol":"C","name":"Cytosine","colour":"0000CC","complement":"G"},{"symbol":"G","name":"Guanine","colour":"FFB300","complement":"C"},{"symbol":"T","aliases":"U","name":"Thymine","colour":"008000","complement":"A"},{"symbol":"N","aliases":"X.","name":"Any base","equals":"ACGT"},{"symbol":"V","name":"Not T","equals":"ACG"},{"symbol":"H","name":"Not G","equals":"ACT"},{"symbol":"D","name":"Not C","equals":"AGT"},{"symbol":"B","name":"Not A","equals":"CGT"},{"symbol":"M","name":"Amino","equals":"AC"},{"symbol":"R","name":"Purine","equals":"AG"},{"symbol":"W","name":"Weak","equals":"AT"},{"symbol":"S","name":"Strong","equals":"CG"},{"symbol":"Y","name":"Pyrimidine","equals":"CT"},{"symbol":"K","name":"Keto","equals":"GT"}]},"background":[0.2906,0.2094,0.2094,0.2906],"sequence_dbs":[{"source":"results/AHRpeaks_noAHREs.bed-399.fa/jaspar/AHRpeaks_noAHREs.bed-399.fa","name":"AHRpeaks_noAHREs.bed-399","last_modified":"Thu May 24 11:14:35 2018","loaded":1181,"excluded_too_short":0,"excluded_no_match":1047,"excluded_ambigs":0,"excluded_similar":3,"erased_primary_matches":60}],"primary_dbs":[{"source":"results/AHRpeaks_noAHREs.bed-399.fa/jaspar/meme_out/meme.xml","name":"meme.xml","last_modified":"Thu May 24 12:42:58 2018","loaded":6,"excluded":5}],"secondary_dbs":[{"source":"results/AHRpeaks_noAHREs.bed-399.fa/jaspar/meme_out/meme.xml","name":"meme.xml","last_modified":"Thu May 24 12:42:58 2018","loaded":7,"excluded":1},{"source":"results/AHRpeaks_noAHREs.bed-399.fa/jaspar/dreme_out/dreme.xml","name":"dreme.xml","last_modified":"Thu May 24 12:43:41 2018","loaded":7,"excluded":0},{"source":"/Users/filipov4/meme/db/motif_databases/JASPAR/JASPAR2018_CORE_non-redundant.meme","name":"JASPAR2018_CORE_non-redundant","last_modified":"Thu Dec  7 14:38:42 2017","loaded":1404,"excluded":0}],"secondary_motifs":[{"db":0,"id":"AAAAYTCTAGAAGATARCATYRGAAAAMCC","alt":"MEME-7","len":30,"ltrim":0,"rtrim":0,"nsites":6,"evalue":"3.3e-013","pwm":[[0.98837,0.00343279,0.00343279,0.00476393],[0.98837,0.00343279,0.00343279,0.00476393],[0.98837,0.00343279,0.00343279,0.00476393],[0.98837,0.00343279,0.00343279,0.00476393],[0.00476393,0.331301,0.00343279,0.660502],[0.00476393,0.167368,0.00343279,0.824436],[0.00476393,0.987039,0.00343279,0.00476393],[0.00476393,0.167368,0.00343279,0.824436],[0.824436,0.00343279,0.167368,0.00476393],[0.00476393,0.00343279,0.823105,0.168699],[0.98837,0.00343279,0.00343279,0.00476393],[0.98837,0.00343279,0.00343279,0.00476393],[0.00476393,0.00343279,0.987039,0.00476393],[0.98837,0.00343279,0.00343279,0.00476393],[0.00476393,0.00343279,0.00343279,0.98837],[0.98837,0.00343279,0.00343279,0.00476393],[0.660502,0.00343279,0.331301,0.00476393],[0.00476393,0.987039,0.00343279,0.00476393],[0.824436,0.167368,0.00343279,0.00476393],[0.00476393,0.00343279,0.00343279,0.98837],[0.168699,0.495236,0.00343279,0.332632],[0.496567,0.00343279,0.495236,0.00476393],[0.168699,0.00343279,0.823105,0.00476393],[0.98837,0.00343279,0.00343279,0.00476393],[0.824436,0.00343279,0.167368,0.00476393],[0.98837,0.00343279,0.00343279,0.00476393],[0.824436,0.00343279,0.00343279,0.168699],[0.660502,0.331301,0.00343279,0.00476393],[0.00476393,0.987039,0.00343279,0.00476393],[0.00476393,0.987039,0.00343279,0.00476393]]},{"db":0,"id":"CAWGACCAAGARYYCAAARGCA","alt":"MEME-5","len":22,"ltrim":0,"rtrim":0,"nsites":12,"evalue":"3.3e-013","pwm":[[0.00240165,0.993466,0.00173058,0.00240165],[0.746203,0.249664,0.00173058,0.00240165],[0.33298,0.00173058,0.00173058,0.663559],[0.0850459,0.0843749,0.828177,0.00240165],[0.911493,0.0843749,0.00173058,0.00240165],[0.00240165,0.745532,0.16702,0.0850459],[0.0850459,0.910822,0.00173058,0.00240165],[0.911493,0.0843749,0.00173058,0.00240165],[0.828848,0.0843749,0.0843749,0.00240165],[0.167691,0.00173058,0.745532,0.0850459],[0.828848,0.00173058,0.00173058,0.167691],[0.415625,0.0843749,0.497598,0.00240165],[0.00240165,0.497598,0.00173058,0.498269],[0.00240165,0.580243,0.0843749,0.33298],[0.00240165,0.993466,0.00173058,0.00240165],[0.828848,0.00173058,0.00173058,0.167691],[0.828848,0.00173058,0.16702,0.00240165],[0.911493,0.00173058,0.0843749,0.00240165],[0.580914,0.00173058,0.414954,0.00240165],[0.00240165,0.0843749,0.828177,0.0850459],[0.00240165,0.910822,0.0843749,0.00240165],[0.828848,0.00173058,0.00173058,0.167691]]},{"db":0,"id":"MANAAARRYAAACADA","alt":"MEME-1","len":16,"ltrim":1,"rtrim":2,"nsites":130,"evalue":"2.8e-040","pwm":[[0.407602,0.330676,0.092398,0.169324],[0.622821,0.123143,0.0616517,0.192384],[0.369171,0.192321,0.207693,0.230815],[0.56133,0.176948,0.200007,0.0617141],[0.914905,0.0847109,0.000160953,0.000223367],[0.776549,0.0462795,0.161575,0.0155965],[0.653567,0.000160953,0.346049,0.000223367],[0.576703,0.0385934,0.38448,0.000223367],[0.230815,0.261498,0.000160953,0.507525],[0.999455,0.000160953,0.000160953,0.000223367],[0.999455,0.000160953,0.000160953,0.000223367],[0.999455,0.000160953,0.000160953,0.000223367],[0.0770872,0.607386,0.0462795,0.269247],[0.937964,0.0309063,0.0309063,0.000223367],[0.315366,0.123143,0.346049,0.215443],[0.484466,0.115457,0.184634,0.215443]]},{"db":0,"id":"TSTRGTCAGACYGGTTCTCTGCTCTTGAAC","alt":"MEME-4","len":30,"ltrim":0,"rtrim":0,"nsites":5,"evalue":"4.3e-017","pwm":[[0.00569804,0.00410589,0.00410589,0.98609],[0.00569804,0.396263,0.592341,0.00569804],[0.00569804,0.00410589,0.00410589,0.98609],[0.397855,0.00410589,0.592341,0.00569804],[0.00569804,0.00410589,0.984498,0.00569804],[0.00569804,0.00410589,0.00410589,0.98609],[0.00569804,0.984498,0.00410589,0.00569804],[0.98609,0.00410589,0.00410589,0.00569804],[0.00569804,0.00410589,0.984498,0.00569804],[0.98609,0.00410589,0.00410589,0.00569804],[0.00569804,0.984498,0.00410589,0.00569804],[0.00569804,0.396263,0.00410589,0.593933],[0.00569804,0.00410589,0.984498,0.00569804],[0.00569804,0.00410589,0.984498,0.00569804],[0.00569804,0.00410589,0.00410589,0.98609],[0.00569804,0.00410589,0.00410589,0.98609],[0.00569804,0.78842,0.200184,0.00569804],[0.00569804,0.00410589,0.00410589,0.98609],[0.00569804,0.984498,0.00410589,0.00569804],[0.00569804,0.00410589,0.00410589,0.98609],[0.00569804,0.00410589,0.984498,0.00569804],[0.00569804,0.984498,0.00410589,0.00569804],[0.00569804,0.00410589,0.00410589,0.98609],[0.00569804,0.984498,0.00410589,0.00569804],[0.00569804,0.00410589,0.00410589,0.98609],[0.00569804,0.200184,0.00410589,0.790012],[0.201776,0.00410589,0.78842,0.00569804],[0.98609,0.00410589,0.00410589,0.00569804],[0.98609,0.00410589,0.00410589,0.00569804],[0.00569804,0.984498,0.00410589,0.00569804]]},{"db":0,"id":"TWTTGYCKTGMWAAASMTCTTW","alt":"MEME-2","len":22,"ltrim":0,"rtrim":0,"nsites":14,"evalue":"6.7e-018","pwm":[[0.00206099,0.0724075,0.00148511,0.924046],[0.356671,0.00148511,0.00148511,0.640359],[0.00206099,0.00148511,0.00148511,0.994969],[0.143905,0.00148511,0.00148511,0.853125],[0.00206099,0.00148511,0.994393,0.00206099],[0.00206099,0.497939,0.00148511,0.498515],[0.00206099,0.710705,0.00148511,0.285749],[0.0729834,0.00148511,0.427017,0.498515],[0.0729834,0.00148511,0.00148511,0.924046],[0.00206099,0.00148511,0.994393,0.00206099],[0.427592,0.568861,0.00148511,0.00206099],[0.640359,0.00148511,0.00148511,0.356671],[0.711281,0.00148511,0.285173,0.00206099],[0.924046,0.0724075,0.00148511,0.00206099],[0.853125,0.0724075,0.0724075,0.00206099],[0.0729834,0.497939,0.427017,0.00206099],[0.356671,0.427017,0.0724075,0.143905],[0.00206099,0.0724075,0.00148511,0.924046],[0.00206099,0.710705,0.00148511,0.285749],[0.00206099,0.00148511,0.00148511,0.994969],[0.00206099,0.00148511,0.00148511,0.994969],[0.498515,0.00148511,0.00148511,0.498515]]},{"db":1,"id":"AGATAA","alt":"DREME-5","len":6,"ltrim":0,"rtrim":0,"nsites":103,"evalue":"2.1e-004","pwm":[[0.999312,0.000203104,0.000203104,0.000281862],[0.000281862,0.000203104,0.999233,0.000281862],[0.999312,0.000203104,0.000203104,0.000281862],[0.000281862,0.000203104,0.000203104,0.999312],[0.999312,0.000203104,0.000203104,0.000281862],[0.999312,0.000203104,0.000203104,0.000281862]]},{"db":2,"id":"MA0010.1","alt":"br","len":14,"ltrim":1,"rtrim":1,"nsites":9,"url":"http://jaspar2018.genereg.net/matrix/MA0010.1","pwm":[[0.332863,0.112191,0.441861,0.113083],[0.113083,0.112191,0.112191,0.662534],[0.552644,0.222081,0.112191,0.113083],[0.772424,0.0023011,0.112191,0.113083],[0.332863,0.0023011,0.0023011,0.662534],[0.662534,0.0023011,0.0023011,0.332863],[0.442753,0.112191,0.441861,0.0031934],[0.772424,0.0023011,0.112191,0.113083],[0.113083,0.881422,0.0023011,0.0031934],[0.992204,0.0023011,0.0023011,0.0031934],[0.882314,0.0023011,0.112191,0.0031934],[0.552644,0.0023011,0.331971,0.113083],[0.442753,0.0023011,0.0023011,0.552644],[0.222973,0.331971,0.222081,0.222973]]},{"db":2,"id":"MA0020.1","alt":"Dof2","len":6,"ltrim":0,"rtrim":1,"nsites":21,"url":"http://jaspar2018.genereg.net/matrix/MA0020.1","pwm":[[0.996638,0.000992418,0.000992418,0.00137725],[0.996638,0.000992418,0.000992418,0.00137725],[0.996638,0.000992418,0.000992418,0.00137725],[0.00137725,0.000992418,0.996253,0.00137725],[0.143557,0.6645,0.0957791,0.0961639],[0.33313,0.285352,0.143172,0.238344]]},{"db":2,"id":"MA0089.1","alt":"MAFG::NFE2L1","len":6,"ltrim":1,"rtrim":0,"nsites":34,"url":"http://jaspar2018.genereg.net/matrix/MA0089.1","pwm":[[0.20613,0.323194,0.29387,0.176806],[0.851292,0.0592656,0.0885903,0.000852199],[0.000852199,0.000614077,0.000614077,0.99792],[0.0301779,0.000614077,0.93903,0.0301779],[0.99792,0.000614077,0.000614077,0.000852199],[0.000852199,0.763078,0.0592656,0.176806]]},{"db":2,"id":"MA0157.2","alt":"FOXO3","len":8,"ltrim":0,"rtrim":0,"nsites":553,"url":"http://jaspar2018.genereg.net/matrix/MA0157.2","pwm":[[0.0380207,3.78594e-05,0.961889,5.25402e-05],[5.25402e-05,3.78594e-05,0.0238865,0.976023],[0.960168,0.0289136,0.00906123,0.00185721],[0.997996,0.00191352,3.78594e-05,5.25402e-05],[0.981425,0.0184845,3.78594e-05,5.25402e-05],[0.0273206,0.967136,3.78594e-05,0.00550655],[0.979617,0.0202922,3.78594e-05,5.25402e-05],[0.546506,0.0207241,0.0620956,0.370676]]},{"db":2,"id":"MA0216.2","alt":"cad","len":11,"ltrim":0,"rtrim":0,"nsites":2303,"url":"http://jaspar2018.genereg.net/matrix/MA0216.2","pwm":[[0.370818,9.0921e-06,0.496297,0.132877],[0.249676,0.148071,0.602241,1.26178e-05],[1.26178e-05,0.643055,9.0921e-06,0.356923],[0.32349,0.64045,9.0921e-06,0.0360511],[0.919209,9.0921e-06,0.0807696,1.26178e-05],[1.26178e-05,0.0412583,9.0921e-06,0.95872],[0.970878,9.0921e-06,9.0921e-06,0.0291034],[0.999969,9.0921e-06,9.0921e-06,1.26178e-05],[0.999969,9.0921e-06,9.0921e-06,1.26178e-05],[0.710794,0.0499419,0.0638363,0.175428],[0.454183,0.327828,9.0921e-06,0.21798]]},{"db":2,"id":"MA0244.1","alt":"slbo","len":8,"ltrim":0,"rtrim":0,"nsites":12,"url":"http://jaspar2018.genereg.net/matrix/MA0244.1","pwm":[[0.746203,0.0843749,0.0843749,0.0850459],[0.00240165,0.0843749,0.00173058,0.911493],[0.00240165,0.00173058,0.249664,0.746203],[0.250336,0.16702,0.580243,0.00240165],[0.167691,0.828177,0.00173058,0.00240165],[0.580914,0.16702,0.16702,0.0850459],[0.498269,0.414954,0.0843749,0.00240165],[0.911493,0.0843749,0.00173058,0.00240165]]},{"db":2,"id":"MA0277.1","alt":"AZF1","len":9,"ltrim":0,"rtrim":0,"nsites":102,"url":"http://jaspar2018.genereg.net/matrix/MA0277.1","pwm":[[0.617327,0.127531,0.127531,0.127611],[0.999305,0.000205093,0.000205093,0.000284623],[0.999305,0.000205093,0.000205093,0.000284623],[0.870718,0.128792,0.000205093,0.000284623],[0.74955,0.000205093,0.24996,0.000284623],[0.000284623,0.000205093,0.999226,0.000284623],[0.779521,0.160048,0.0301757,0.0302552],[0.817665,0.0607517,0.0607517,0.0608313],[0.617327,0.127531,0.127531,0.127611]]},{"db":2,"id":"MA0299.1","alt":"GAL4","len":15,"ltrim":0,"rtrim":0,"nsites":2779,"url":"http://jaspar2018.genereg.net/matrix/MA0299.1","pwm":[[1.04566e-05,0.999972,7.53482e-06,1.04566e-05],[1.04566e-05,7.53482e-06,0.999972,1.04566e-05],[1.04566e-05,0.155985,0.809451,0.0345532],[0.252845,0.21287,0.301264,0.233021],[0.094874,0.36939,0.373938,0.161798],[0.31636,0.251473,0.31108,0.121086],[0.7862,7.53482e-06,0.180841,0.0329503],[0.197771,0.452031,0.282522,0.067675],[0.640858,0.112231,7.53482e-06,0.246903],[0.206005,0.185059,0.545158,0.0637782],[0.0305534,0.244033,0.157177,0.568237],[0.36608,0.161767,0.34574,0.126414],[1.04566e-05,0.480592,0.243812,0.275586],[0.0771327,0.128654,0.137515,0.656699],[1.04566e-05,0.999972,7.53482e-06,1.04566e-05]]},{"db":2,"id":"MA0458.1","alt":"slp1","len":11,"ltrim":1,"rtrim":0,"nsites":41,"url":"http://jaspar2018.genereg.net/matrix/MA0458.1","pwm":[[0.195354,0.0735025,0.341142,0.390002],[0.000707056,0.000509489,0.000509489,0.998274],[0.0737,0.000509489,0.925083,0.000707056],[0.000707056,0.000509489,0.000509489,0.998274],[0.000707056,0.000509489,0.0248401,0.973943],[0.000707056,0.000509489,0.0491708,0.949613],[0.657642,0.000509489,0.0978331,0.244016],[0.0250377,0.535789,0.170826,0.268347],[0.414332,0.195157,0.365473,0.0250377],[0.0980307,0.316811,0.0735025,0.511656],[0.365671,0.0735025,0.0978331,0.462995]]},{"db":2,"id":"MA0481.2","alt":"FOXP1","len":12,"ltrim":2,"rtrim":3,"nsites":4266,"url":"http://jaspar2018.genereg.net/matrix/MA0481.2","pwm":[[0.351382,0.212846,0.23277,0.203002],[0.35982,0.0625914,0.225738,0.351851],[0.0696252,0.0117256,0.904344,0.0143055],[0.0318861,0.0356351,0.0241483,0.908331],[0.956618,0.0304782,0.00656875,0.00633566],[0.945602,0.0332901,0.00422381,0.0168844],[0.976308,0.0046928,0.0131316,0.00586667],[0.0089146,0.932238,0.00703674,0.0518106],[0.962244,0.00328683,0.00867771,0.0257912],[0.21191,0.159166,0.509135,0.119788],[0.353492,0.202297,0.219175,0.225037],[0.305438,0.220581,0.212377,0.261604]]},{"db":2,"id":"MA0706.1","alt":"MEOX2","len":10,"ltrim":1,"rtrim":2,"nsites":23929,"url":"http://jaspar2018.genereg.net/matrix/MA0706.1","pwm":[[0.33846,0.159681,0.285553,0.216307],[0.108934,0.298614,0.500483,0.0919698],[0.047242,0.162561,0.0206468,0.76955],[0.649669,0.244014,0.0818815,0.0244351],[0.939091,0.0309247,0.0106748,0.0193091],[0.0031402,0.00156987,0.00698085,0.988309],[0.0319171,0.167308,0.137803,0.662971],[0.81339,0.0122038,0.139327,0.0350791],[0.402591,0.141245,0.170748,0.285416],[0.247315,0.300681,0.238539,0.213465]]},{"db":2,"id":"MA0770.1","alt":"HSF2","len":13,"ltrim":0,"rtrim":0,"nsites":3488,"url":"http://jaspar2018.genereg.net/matrix/MA0770.1","pwm":[[0.0496059,0.0106137,0.0260943,0.913686],[0.00706513,0.000619986,0.0144276,0.977887],[0.00500019,0.994361,0.000629985,8.33118e-06],[0.000247324,0.169412,0.069916,0.760426],[0.701352,0.124342,0.174297,8.33118e-06],[0.000635313,6.00327e-06,0.999037,0.000321322],[0.975194,0.0149996,0.00122997,0.00857609],[0.96021,0.000306995,0.0069358,0.0325474],[0.0533488,0.44116,0.197678,0.307813],[0.31346,0.146849,0.379349,0.160343],[0.0407532,0.0195174,0.0252563,0.914473],[0.0133849,0.0264622,0.0127876,0.947365],[0.0236967,0.848265,0.0311471,0.0968916]]},{"db":2,"id":"MA0849.1","alt":"FOXO6","len":7,"ltrim":0,"rtrim":0,"nsites":8470,"url":"http://jaspar2018.genereg.net/matrix/MA0849.1","pwm":[[0.170603,2.47223e-06,0.829391,3.43089e-06],[0.0213592,2.47223e-06,0.00444042,0.974198],[0.8589,0.140238,0.000858462,3.43089e-06],[0.969492,0.0269132,2.47223e-06,0.00359139],[0.999992,2.47223e-06,2.47223e-06,3.43089e-06],[3.43089e-06,0.944085,0.00416842,0.0517428],[0.998145,2.47223e-06,0.00184945,3.43089e-06]]},{"db":2,"id":"MA0973.1","alt":"CDF2","len":10,"ltrim":1,"rtrim":2,"nsites":1001,"url":"http://jaspar2018.genereg.net/matrix/MA0973.1","pwm":[[0.333662,0.283709,0.234762,0.147866],[0.607968,0.0920117,0.150006,0.150014],[0.69296,0.0160193,0.0410168,0.250004],[0.980912,0.0100299,0.00402452,0.00503353],[0.978931,0.0100199,0.00202072,0.00902813],[0.867942,0.029018,0.0810128,0.0220268],[0.0170443,0.00702722,0.969894,0.00603443],[0.0530237,0.294991,0.154006,0.497979],[0.327996,0.0770132,0.394981,0.200009],[0.298999,0.281993,0.155005,0.264003]]},{"db":2,"id":"MA1016.1","alt":"GATA15","len":9,"ltrim":2,"rtrim":2,"nsites":1000,"url":"http://jaspar2018.genereg.net/matrix/MA1016.1","pwm":[[0.206008,0.280993,0.216999,0.295999],[0.307998,0.200001,0.283993,0.208008],[0.181829,0.287704,0.0659483,0.464518],[0.0400251,0.0380171,0.902931,0.0190272],[0.980912,2.09379e-05,2.09379e-05,0.0190462],[0.00302876,0.00102084,2.09379e-05,0.995929],[0.0550236,0.662955,0.156005,0.126016],[0.323997,0.201001,0.267994,0.207008],[0.269002,0.238997,0.279993,0.212008]]},{"db":2,"id":"MA1110.1","alt":"NR1H4","len":11,"ltrim":2,"rtrim":2,"nsites":505,"url":"http://jaspar2018.genereg.net/matrix/MA1110.1","pwm":[[0.150523,0.164365,0.231679,0.453433],[0.134684,0.475195,0.172284,0.217836],[0.912748,0.0198395,0.0237988,0.0436129],[0.817718,0.0554765,0.0713143,0.0554926],[0.00599736,0.0297386,0.0119201,0.952344],[0.0475731,0.0138997,0.914711,0.0238148],[0.900869,0.0435968,0.027759,0.027775],[0.0515323,0.926591,4.14572e-05,0.0218352],[0.0238148,0.942429,0.0119201,0.0218352],[0.142603,0.267316,0.160406,0.429675],[0.267332,0.259396,0.207921,0.265352]]},{"db":2,"id":"MA1267.1","alt":"AT5G66940","len":29,"ltrim":3,"rtrim":0,"nsites":597,"url":"http://jaspar2018.genereg.net/matrix/MA1267.1","pwm":[[0.252937,0.194308,0.120618,0.432137],[0.231166,0.229478,0.103871,0.435487],[0.221118,0.159137,0.155788,0.463958],[0.152452,0.221104,0.0820983,0.544346],[0.175898,0.237851,0.0703753,0.515875],[0.140729,0.17421,0.0687006,0.61636],[0.170874,0.190958,0.0553018,0.582866],[0.244564,0.199332,0.0620017,0.494103],[0.224467,0.249574,0.103871,0.422089],[0.179248,0.308191,0.0536271,0.458933],[0.107234,0.232827,0.0435788,0.61636],[0.149103,0.0653511,0.0536271,0.731919],[0.120631,0.0737247,0.0586513,0.746993],[0.0335441,0.194308,0.0419041,0.730244],[0.189297,0.175885,0.0452535,0.589565],[0.485729,0.132341,0.179234,0.202695],[0.00172339,0.97977,0.0167823,0.00172339],[0.00172339,0.0352052,0.00170979,0.961362],[4.86685e-05,3.50695e-05,3.50695e-05,0.999881],[4.86685e-05,0.00170979,3.50695e-05,0.998206],[0.175898,0.0368799,0.00170979,0.785512],[0.0955097,0.130666,0.144065,0.629759],[0.204369,0.231152,0.201006,0.363472],[0.23619,0.237851,0.172535,0.353423],[0.222792,0.18091,0.102196,0.494103],[0.207719,0.199332,0.115594,0.477356],[0.180923,0.179234,0.13569,0.504152],[0.246238,0.17421,0.0904719,0.489079],[0.304856,0.137365,0.083773,0.474006]]},{"db":2,"id":"MA1268.1","alt":"AT1G69570","len":27,"ltrim":1,"rtrim":2,"nsites":596,"url":"http://jaspar2018.genereg.net/matrix/MA1268.1","pwm":[[0.219811,0.201343,0.0956571,0.483189],[0.231554,0.142628,0.104045,0.521773],[0.152708,0.0855908,0.137596,0.624105],[0.125867,0.0704933,0.1896,0.61404],[0.114124,0.441236,0.0369419,0.407698],[0.583844,0.12082,0.135918,0.159418],[4.87502e-05,0.999867,3.51284e-05,4.87502e-05],[4.87502e-05,0.0402964,3.51284e-05,0.95962],[4.87502e-05,0.006745,3.51284e-05,0.993171],[4.87502e-05,3.51284e-05,3.51284e-05,0.999881],[0.149353,0.0352642,0.0134559,0.801927],[0.134254,0.172825,0.100689,0.592231],[0.164451,0.419428,0.0990115,0.31711],[0.134254,0.253349,0.0503627,0.562035],[0.10909,0.134241,0.0352642,0.721405],[0.110768,0.104045,0.0419741,0.743213],[0.140965,0.100689,0.0570726,0.701273],[0.162773,0.18289,0.060428,0.593909],[0.130899,0.23825,0.100689,0.530161],[0.191292,0.184568,0.0855908,0.538549],[0.122511,0.167792,0.11411,0.595587],[0.134254,0.137596,0.0939794,0.63417],[0.166128,0.127531,0.0872685,0.619073],[0.203035,0.166114,0.0990115,0.531839],[0.191292,0.149339,0.135918,0.523451],[0.224843,0.164438,0.122498,0.488222],[0.256717,0.204699,0.0805586,0.458026]]},{"db":2,"id":"MA1269.1","alt":"dof4.5","len":14,"ltrim":1,"rtrim":0,"nsites":600,"url":"http://jaspar2018.genereg.net/matrix/MA1269.1","pwm":[[0.303331,0.180005,0.323314,0.193349],[0.669937,0.120015,0.0783548,0.131693],[0.581618,0.0117,0.0450274,0.361655],[0.999882,3.48942e-05,3.48942e-05,4.84252e-05],[0.999882,3.48942e-05,3.48942e-05,4.84252e-05],[0.999882,3.48942e-05,3.48942e-05,4.84252e-05],[4.84252e-05,3.48942e-05,0.999868,4.84252e-05],[0.173353,0.208333,0.0950191,0.523294],[0.46997,0.0250307,0.224997,0.280002],[0.39165,0.0900199,0.388303,0.130027],[0.231677,0.601602,0.0750224,0.0917001],[0.15169,0.0800216,0.0550257,0.713263],[0.111697,0.0516933,0.0750224,0.761589],[0.108363,0.0850207,0.0400282,0.766588]]},{"db":2,"id":"MA1270.1","alt":"AT3G45610","len":19,"ltrim":1,"rtrim":2,"nsites":600,"url":"http://jaspar2018.genereg.net/matrix/MA1270.1","pwm":[[0.168353,0.130013,0.238328,0.463304],[0.125028,0.25166,0.0850207,0.538292],[0.294999,0.185004,0.0450274,0.474969],[0.531627,0.229997,0.141678,0.0966993],[4.84252e-05,0.999868,3.48942e-05,4.84252e-05],[4.84252e-05,3.48942e-05,3.48942e-05,0.999882],[4.84252e-05,3.48942e-05,0.00170162,0.998215],[4.84252e-05,3.48942e-05,3.48942e-05,0.999882],[0.225011,3.48942e-05,3.48942e-05,0.774919],[0.0650376,0.0916866,0.0166991,0.826578],[0.215013,0.291653,0.293319,0.200015],[0.215013,0.351643,0.178338,0.255006],[0.145024,0.314982,0.0950191,0.444974],[0.138358,0.163341,0.0933523,0.604948],[0.148357,0.0916866,0.0983515,0.661605],[0.173353,0.200002,0.0800216,0.546624],[0.210013,0.153342,0.0916866,0.544958],[0.220012,0.153342,0.146677,0.479968],[0.12836,0.223331,0.19167,0.456639]]},{"db":2,"id":"MA1271.1","alt":"DAG2","len":11,"ltrim":1,"rtrim":0,"nsites":600,"url":"http://jaspar2018.genereg.net/matrix/MA1271.1","pwm":[[0.205014,0.313316,0.291653,0.190017],[0.819912,0.0516933,0.0850207,0.0433742],[0.784918,3.48942e-05,3.48942e-05,0.215013],[0.999882,3.48942e-05,3.48942e-05,4.84252e-05],[0.999882,3.48942e-05,3.48942e-05,4.84252e-05],[0.994883,3.48942e-05,0.00503406,4.84252e-05],[4.84252e-05,3.48942e-05,0.999868,4.84252e-05],[0.0217118,0.0616916,0.308317,0.60828],[0.343324,0.0750224,0.253326,0.328327],[0.64994,0.0166991,0.259992,0.0733692],[0.54829,0.161675,0.0816883,0.208347]]},{"db":2,"id":"MA1272.1","alt":"AT2G28810","len":21,"ltrim":0,"rtrim":1,"nsites":600,"url":"http://jaspar2018.genereg.net/matrix/MA1272.1","pwm":[[0.173353,0.186671,0.116682,0.523294],[0.175019,0.214999,0.101685,0.508297],[0.198348,0.289987,0.083354,0.42831],[0.145024,0.213332,0.0583582,0.583284],[0.161688,0.188337,0.0650241,0.584951],[0.166688,0.171673,0.0650241,0.596616],[0.193349,0.206667,0.120015,0.479968],[0.18835,0.183337,0.100018,0.528293],[0.141692,0.211667,0.07169,0.574953],[0.183351,0.110017,0.0966858,0.609947],[0.138358,0.110017,0.103351,0.648273],[0.0500401,0.219998,0.0316966,0.698265],[0.319995,0.158342,0.0700232,0.45164],[0.449973,0.183337,0.213332,0.153356],[4.84252e-05,0.999868,3.48942e-05,4.84252e-05],[4.84252e-05,3.48942e-05,3.48942e-05,0.999882],[4.84252e-05,3.48942e-05,3.48942e-05,0.999882],[4.84252e-05,3.48942e-05,3.48942e-05,0.999882],[0.216679,0.0250307,3.48942e-05,0.758255],[0.098365,0.0750224,0.110017,0.716596],[0.148357,0.261658,0.25166,0.338325]]},{"db":2,"id":"MA1274.1","alt":"OBP3","len":21,"ltrim":0,"rtrim":0,"nsites":600,"url":"http://jaspar2018.genereg.net/matrix/MA1274.1","pwm":[[0.0950326,0.171673,0.151677,0.581618],[0.100032,0.171673,0.00336734,0.724928],[0.218345,0.153342,0.0700232,0.558288],[0.4883,0.111683,0.120015,0.280002],[0.00171515,0.924881,0.00336734,0.0700368],[0.00171515,0.0383615,3.48942e-05,0.959888],[4.84252e-05,0.0200316,3.48942e-05,0.979885],[0.00171515,0.00170162,3.48942e-05,0.996549],[0.143358,0.0350291,0.00336734,0.818245],[0.120028,0.16834,0.0583582,0.653273],[0.228343,0.258325,0.141678,0.371653],[0.245008,0.249993,0.053359,0.45164],[0.105031,0.26999,0.0883532,0.536626],[0.103364,0.163341,0.0583582,0.674936],[0.103364,0.143344,0.00670078,0.746591],[0.105031,0.208333,0.00170162,0.684934],[0.163354,0.0983515,0.0866875,0.651607],[0.131693,0.206667,0.101685,0.559955],[0.106698,0.183337,0.110017,0.599948],[0.191683,0.173339,0.0733557,0.561622],[0.203348,0.140012,0.100018,0.556623]]},{"db":2,"id":"MA1275.1","alt":"AT1G47655","len":11,"ltrim":2,"rtrim":0,"nsites":600,"url":"http://jaspar2018.genereg.net/matrix/MA1275.1","pwm":[[0.263338,0.239995,0.256659,0.240008],[0.220012,0.263324,0.339978,0.176686],[0.57162,0.140012,0.146677,0.141692],[0.553289,0.00336734,0.00503406,0.438308],[0.999882,3.48942e-05,3.48942e-05,4.84252e-05],[0.999882,3.48942e-05,3.48942e-05,4.84252e-05],[0.906564,3.48942e-05,0.0933523,4.84252e-05],[4.84252e-05,3.48942e-05,0.999868,4.84252e-05],[4.84252e-05,0.143344,0.0383615,0.818245],[0.569953,0.00170162,0.378305,0.0500401],[0.496633,0.0750224,0.258325,0.17002]]},{"db":2,"id":"MA1277.1","alt":"Adof1","len":21,"ltrim":1,"rtrim":4,"nsites":595,"url":"http://jaspar2018.genereg.net/matrix/MA1277.1","pwm":[[0.465517,0.157992,0.163033,0.213458],[0.52265,0.119343,0.178156,0.179851],[0.556258,0.0840551,0.196641,0.163046],[0.531052,0.127745,0.178156,0.163046],[0.460475,0.114302,0.205043,0.22018],[0.275633,0.233609,0.339474,0.151284],[0.65204,0.0806936,0.181518,0.0857484],[0.78311,3.51874e-05,0.00507634,0.211778],[0.999881,3.51874e-05,3.51874e-05,4.88321e-05],[0.999881,3.51874e-05,3.51874e-05,4.88321e-05],[0.966273,3.51874e-05,0.0336425,4.88321e-05],[4.88321e-05,3.51874e-05,0.999867,4.88321e-05],[0.161367,0.189919,0.157992,0.490722],[0.623473,0.0302821,0.151271,0.194974],[0.574742,0.0437248,0.297464,0.0840687],[0.640277,0.0874155,0.139508,0.1328],[0.547856,0.115982,0.110941,0.225221],[0.492403,0.0857348,0.226888,0.194974],[0.484001,0.146229,0.220166,0.149604],[0.447033,0.131105,0.159672,0.26219],[0.458796,0.10422,0.253775,0.183211]]},{"db":2,"id":"MA1278.1","alt":"OBP1","len":21,"ltrim":4,"rtrim":0,"nsites":600,"url":"http://jaspar2018.genereg.net/matrix/MA1278.1","pwm":[[0.241675,0.226664,0.133346,0.398315],[0.216679,0.22833,0.173339,0.381652],[0.153356,0.281655,0.136679,0.42831],[0.185018,0.323314,0.0950191,0.396649],[0.133359,0.254992,0.0700232,0.541625],[0.135026,0.178338,0.103351,0.583284],[0.145024,0.273322,0.0566925,0.524961],[0.17002,0.224997,0.123347,0.481635],[0.176686,0.198335,0.103351,0.521628],[0.15169,0.236662,0.0850207,0.526628],[0.18835,0.111683,0.116682,0.583284],[0.111697,0.138345,0.115016,0.634943],[0.0783684,0.281655,0.0283632,0.611613],[0.268337,0.155009,0.07169,0.504964],[0.339992,0.243327,0.261658,0.155023],[4.84252e-05,0.999868,3.48942e-05,4.84252e-05],[4.84252e-05,0.023364,3.48942e-05,0.976553],[4.84252e-05,0.0117,3.48942e-05,0.988217],[4.84252e-05,3.48942e-05,3.48942e-05,0.999882],[0.241675,0.0483598,3.48942e-05,0.70993],[0.098365,0.175006,0.173339,0.553289]]},{"db":2,"id":"MA1279.1","alt":"COG1","len":21,"ltrim":2,"rtrim":0,"nsites":600,"url":"http://jaspar2018.genereg.net/matrix/MA1279.1","pwm":[[0.42831,0.136679,0.233329,0.201682],[0.431643,0.143344,0.196669,0.228343],[0.554956,0.100018,0.175006,0.17002],[0.52996,0.103351,0.16834,0.198348],[0.54829,0.125014,0.201668,0.125028],[0.54829,0.0916866,0.190003,0.17002],[0.501632,0.101685,0.238328,0.158355],[0.418312,0.121682,0.244994,0.215013],[0.306664,0.156676,0.331647,0.205014],[0.733259,0.0566925,0.118348,0.0917001],[0.809913,0.0133657,0.00170162,0.175019],[0.998215,0.00170162,3.48942e-05,4.84252e-05],[0.998215,3.48942e-05,0.00170162,4.84252e-05],[0.984884,3.48942e-05,0.0150324,4.84252e-05],[4.84252e-05,3.48942e-05,0.999868,4.84252e-05],[0.0767026,0.0583582,0.233329,0.63161],[0.386651,0.0366958,0.454959,0.121695],[0.541625,0.203334,0.0683565,0.186684],[0.666604,0.135012,0.0633573,0.135026],[0.566621,0.118348,0.0900199,0.225011],[0.513296,0.105017,0.198335,0.183351]]},{"db":2,"id":"MA1385.1","alt":"AT2G40260","len":15,"ltrim":0,"rtrim":1,"nsites":600,"url":"http://jaspar2018.genereg.net/matrix/MA1385.1","pwm":[[0.231677,0.214999,0.0450274,0.508297],[0.270003,0.201668,0.0900199,0.438308],[0.416646,0.120015,0.111683,0.351657],[0.416646,0.110017,0.190003,0.283334],[0.638275,0.0583582,0.0133657,0.29],[0.768253,3.48942e-05,0.00336734,0.228343],[0.246674,0.25166,0.0583582,0.443308],[0.998215,3.48942e-05,3.48942e-05,0.00171515],[4.84252e-05,3.48942e-05,3.48942e-05,0.999882],[0.00171515,3.48942e-05,3.48942e-05,0.998215],[4.84252e-05,0.999868,3.48942e-05,4.84252e-05],[4.84252e-05,0.323314,0.0150324,0.661605],[0.223344,0.253326,0.0483598,0.474969],[0.126694,0.138345,0.0333623,0.701599],[0.216679,0.145011,0.130013,0.508297]]}],"sequence_names":["chr10:125503200-125503799","chr10:22403050-22403799","chr10:5535650-5536149","chr10:79342200-79342849","chr11:67349800-67350499","chr11:9148650-9149399","chr12:124672850-124673349","chr12:26019900-26020399","chr12:52674150-52674749","chr13:33559050-33559449","chr14:71938050-71939249","chr14:99372800-99373349","chr15:71544300-71545349","chr15:85473150-85473799","chr15:93425100-93425599","chr15:99411600-99412199","chr16:11085350-11086149","chr16:11734000-11734749","chr17:55660100-55660749","chr19:43942500-43942999","chr1:20558950-20559549","chr1:215176850-215177449","chr1:215287350-215287999","chr1:243949850-243950299","chr1:3043700-3044199","chr1:81632350-81633449","chr1:90355750-90356149","chr20:31564150-31564949","chr20:55734200-55734849","chr20:58532400-58533149","chr21:23055400-23055999","chr21:42395900-42396449","chr22:29781350-29781799","chr22:41124800-41125349","chr2:100884100-100884799","chr2:237640350-237640899","chr2:43826650-43827199","chr3:187753950-187754449","chr3:189176000-189176799","chr3:192569400-192570199","chr3:56425500-56426299","chr4:183689550-183690349","chr5:104278300-104278849","chr5:124371050-124371449","chr5:13624200-13624749","chr5:138482350-138483399","chr5:79789150-79789799","chr6:113994050-113995049","chr6:148628600-148629249","chr7:112410050-112410599","chr7:140675700-140676399","chr7:152156950-152157599","chr7:16707450-16708099","chr8:50707850-50708449","chr8:88178450-88179049","chr8:91784250-91784849","chr8:95568950-95569449","chr9:96656100-96656599","chrX:102231850-102232499","chrX:130699700-130700299","chrX:132009550-132010299","chrX:82068200-82069199"],"primaries":[{"motif":{"db":0,"id":"CCCYCAGGC","alt":"MEME-6","len":9,"ltrim":0,"rtrim":0,"nsites":52,"evalue":"6.7e-009","pwm":[[0.000557773,0.614606,0.28831,0.0965272],[0.000557773,0.998483,0.00040192,0.000557773],[0.000557773,0.998483,0.00040192,0.000557773],[0.000557773,0.422667,0.00040192,0.576373],[0.192497,0.595412,0.211534,0.000557773],[0.998638,0.00040192,0.00040192,0.000557773],[0.000557773,0.019596,0.979288,0.000557773],[0.000557773,0.173147,0.825738,0.000557773],[0.000557773,0.787351,0.211534,0.000557773]]},"secondaries":[[{"idx":1,"counts":[[0,0,0,0,0,0,0,0,0,0,0,0,0,0,0,0,0,0,0,0,0,0,0,0,0,0,0,0,0,0,0,0,0,0,0,0,0,0,0,0,0,0,0,0,0,0,0,0,0,0,0,0,0,0,0,0,0,0,0,0,0,0,0,0,0,0,0,0,0,1,0,0,0,0,0,0,0,0,0,0,0,0,0,0,0,0,0,0,0,0,0,0,0,0,0,0,0,0,0,0,0,0,0,0,0,0,0,0,0,0,0,0,0,0,0,0,0,0,0,0,0,0,0,0,0,0,0,0,0,0],[0,0,0,0,0,0,0,0,0,0,0,0,0,0,0,0,0,0,0,0,0,0,0,0,0,0,0,0,0,0,0,0,0,0,0,0,0,0,0,0,0,0,0,0,0,0,0,0,0,0,0,0,0,0,0,0,0,0,0,0,0,0,0,0,0,0,0,0,0,0,0,0,0,0,0,0,0,0,0,0,0,0,0,0,0,0,0,0,0,0,0,0,0,0,0,0,0,0,0,0,0,0,0,0,0,0,0,0,0,0,0,0,0,0,0,0,0,0,0,0,0,0,0,0,0,0,0,0,0,0],[0,0,0,0,0,0,0,0,5,0,0,0,0,0,0,0,0,0,0,0,0,0,0,0,0,0,0,0,0,0,0,0,1,0,0,0,0,0,0,0,0,0,0,0,0,0,0,0,0,0,0,0,0,0,0,0,0,0,0,0,0,0,0,0,0,0,0,0,0,0,0,0,0,0,0,0,0,0,0,0,0,0,0,0,0,0,0,0,0,0,0,0,0,0,0,0,0,0,0,0,0,0,0,0,0,0,0,0,0,0,0,0,0,0,0,0,0,0,0,0,0,0,0,0,0,0,0,0,0,0],[0,0,0,0,0,0,0,0,0,0,0,0,0,0,0,0,0,0,0,0,0,0,0,0,0,0,0,0,0,0,0,0,0,0,0,0,0,0,0,0,0,0,0,0,0,0,0,0,0,0,0,0,0,0,0,0,0,0,0,0,0,0,0,0,0,0,0,0,0,0,0,0,0,0,0,0,0,0,0,0,0,0,0,0,0,0,0,0,0,0,0,0,0,0,0,0,0,0,0,0,0,0,0,0,0,0,0,0,0,0,0,0,0,0,0,0,0,0,0,0,0,0,0,0,0,0,0,0,0,0]],"spacings":[{"orient":2,"bin":8,"pvalue":5.72225e-13,"inferred_pwm":[[0,1,0,0],[1,0,0,0],[0,0,0,1],[0,0,1,0],[1,0,0,0],[0,1,0,0],[0.2,0.8,0,0],[1,0,0,0],[1,0,0,0],[0,0,0.8,0.2],[1,0,0,0],[1,0,0,0],[0,0.8,0,0.2],[0,0.8,0,0.2],[0.2,0.8,0,0],[1,0,0,0],[1,0,0,0],[1,0,0,0],[1,0,0,0],[0,0,1,0],[0,1,0,0],[1,0,0,0]],"alignment_pwm":[null,null,[[0,0,0,1],[0,0,0,1],[0.6,0,0.4,0],[0,0,0,1],[0,0,0,1],[0,0,1,0],[0,0.4,0,0.6],[1,0,0,0],[0,0,0,1],[0,0,0,1],[0,0,0,1],[0,0,1,0],[0,1,0,0],[0,0,0,1],[0,0,0,1],[0,0,0,1],[0,0,0,1],[0,0,0.8,0.2],[0.2,0,0.8,0],[0.2,0,0.8,0],[0,0,0,1],[0,0,0,1],[0.2,0.8,0,0],[0,0,0,1],[0,0,0,1],[0,0,0.8,0.2],[0,0,1,0],[0,0,0,1],[0,1,0,0],[1,0,0,0],[0,0,0,1],[0,0,1,0],[1,0,0,0],[1,0,0,0],[0.6,0.2,0.2,0],[0,0,0,1],[0,1,0,0],[0,0.6,0,0.4],[0,0,0,1],[0,0,0,1],[0,0,1,0],[0,1,0,0],[0,1,0,0],[0,0,0,1],[0.8,0.2,0,0],[1,0,0,0],[0,0,1,0],[0,1,0,0],[0,1,0,0],[1,0,0,0],[0.8,0,0.2,0],[0,0.2,0,0.8],[0.2,0,0.8,0],[0,0,0,1],[0,0.8,0.2,0],[0.2,0,0,0.8],[0.8,0,0.2,0],[0,0.2,0.8,0],[0.8,0,0.2,0],[0.8,0,0,0.2],[0,0.2,0.6,0.2],[0.4,0,0.4,0.2],[0.4,0,0.4,0.2],[0,0,0.2,0.8],[0,0.4,0,0.6],[0.2,0.2,0,0.6],[0.4,0,0,0.6],[0.4,0,0,0.6],[0,0.6,0.2,0.2],[0.2,0.4,0.2,0.2],[0.4,0,0.2,0.4],[0.8,0,0,0.2],[0.2,0,0.2,0.6],[0,0,0.6,0.4],[0,0.2,0,0.8],[0,0,0,1],[0.8,0,0,0.2],[0,0.4,0,0.6],[0,0.8,0,0.2],[0.2,0,0.2,0.6],[0,0,0.2,0.8],[0.2,0.6,0,0.2],[0,0,0.2,0.8],[0.8,0,0,0.2],[0,0,0.6,0.4],[0.6,0,0,0.4],[0.6,0,0,0.4],[0,0,0,1],[0.4,0,0,0.6]],null],"seqs":[1,5,29,36,56]},{"orient":4,"bin":8,"pvalue":1.8252e-11,"inferred_pwm":[[0,1,0,0],[1,0,0,0],[0,0,0,1],[0,0,1,0],[1,0,0,0],[0,1,0,0],[0.2,0.8,0,0],[1,0,0,0],[1,0,0,0],[0,0,0.8,0.2],[1,0,0,0],[1,0,0,0],[0,0.8,0,0.2],[0,0.8,0,0.2],[0.2,0.8,0,0],[1,0,0,0],[1,0,0,0],[1,0,0,0],[1,0,0,0],[0,0,1,0],[0,1,0,0],[1,0,0,0]],"alignment_pwm":[null,null,[[0,0,0,1],[0,0,0,1],[0.6,0,0.4,0],[0,0,0,1],[0,0,0,1],[0,0,1,0],[0,0.4,0,0.6],[1,0,0,0],[0,0,0,1],[0,0,0,1],[0,0,0,1],[0,0,1,0],[0,1,0,0],[0,0,0,1],[0,0,0,1],[0,0,0,1],[0,0,0,1],[0,0,0.8,0.2],[0.2,0,0.8,0],[0.2,0,0.8,0],[0,0,0,1],[0,0,0,1],[0.2,0.8,0,0],[0,0,0,1],[0,0,0,1],[0,0,0.8,0.2],[0,0,1,0],[0,0,0,1],[0,1,0,0],[1,0,0,0],[0,0,0,1],[0,0,1,0],[1,0,0,0],[1,0,0,0],[0.6,0.2,0.2,0],[0,0,0,1],[0,1,0,0],[0,0.6,0,0.4],[0,0,0,1],[0,0,0,1],[0,0,1,0],[0,1,0,0],[0,1,0,0],[0,0,0,1],[0.8,0.2,0,0],[1,0,0,0],[0,0,1,0],[0,1,0,0],[0,1,0,0],[1,0,0,0],[0.8,0,0.2,0],[0,0.2,0,0.8],[0.2,0,0.8,0],[0,0,0,1],[0,0.8,0.2,0],[0.2,0,0,0.8],[0.8,0,0.2,0],[0,0.2,0.8,0],[0.8,0,0.2,0],[0.8,0,0,0.2],[0,0.2,0.6,0.2],[0.4,0,0.4,0.2],[0.4,0,0.4,0.2],[0,0,0.2,0.8],[0,0.4,0,0.6],[0.2,0.2,0,0.6],[0.4,0,0,0.6],[0.4,0,0,0.6],[0,0.6,0.2,0.2],[0.2,0.4,0.2,0.2],[0.4,0,0.2,0.4],[0.8,0,0,0.2],[0.2,0,0.2,0.6],[0,0,0.6,0.4],[0,0.2,0,0.8],[0,0,0,1],[0.8,0,0,0.2],[0,0.4,0,0.6],[0,0.8,0,0.2],[0.2,0,0.2,0.6],[0,0,0.2,0.8],[0.2,0.6,0,0.2],[0,0,0.2,0.8],[0.8,0,0,0.2],[0,0,0.6,0.4],[0.6,0,0,0.4],[0.6,0,0,0.4],[0,0,0,1],[0.4,0,0,0.6]],null],"seqs":[1,5,29,36,56]},{"orient":6,"bin":8,"pvalue":1.8252e-11,"inferred_pwm":[[0,1,0,0],[1,0,0,0],[0,0,0,1],[0,0,1,0],[1,0,0,0],[0,1,0,0],[0.2,0.8,0,0],[1,0,0,0],[1,0,0,0],[0,0,0.8,0.2],[1,0,0,0],[1,0,0,0],[0,0.8,0,0.2],[0,0.8,0,0.2],[0.2,0.8,0,0],[1,0,0,0],[1,0,0,0],[1,0,0,0],[1,0,0,0],[0,0,1,0],[0,1,0,0],[1,0,0,0]],"alignment_pwm":[null,null,[[0,0,0,1],[0,0,0,1],[0.6,0,0.4,0],[0,0,0,1],[0,0,0,1],[0,0,1,0],[0,0.4,0,0.6],[1,0,0,0],[0,0,0,1],[0,0,0,1],[0,0,0,1],[0,0,1,0],[0,1,0,0],[0,0,0,1],[0,0,0,1],[0,0,0,1],[0,0,0,1],[0,0,0.8,0.2],[0.2,0,0.8,0],[0.2,0,0.8,0],[0,0,0,1],[0,0,0,1],[0.2,0.8,0,0],[0,0,0,1],[0,0,0,1],[0,0,0.8,0.2],[0,0,1,0],[0,0,0,1],[0,1,0,0],[1,0,0,0],[0,0,0,1],[0,0,1,0],[1,0,0,0],[1,0,0,0],[0.6,0.2,0.2,0],[0,0,0,1],[0,1,0,0],[0,0.6,0,0.4],[0,0,0,1],[0,0,0,1],[0,0,1,0],[0,1,0,0],[0,1,0,0],[0,0,0,1],[0.8,0.2,0,0],[1,0,0,0],[0,0,1,0],[0,1,0,0],[0,1,0,0],[1,0,0,0],[0.8,0,0.2,0],[0,0.2,0,0.8],[0.2,0,0.8,0],[0,0,0,1],[0,0.8,0.2,0],[0.2,0,0,0.8],[0.8,0,0.2,0],[0,0.2,0.8,0],[0.8,0,0.2,0],[0.8,0,0,0.2],[0,0.2,0.6,0.2],[0.4,0,0.4,0.2],[0.4,0,0.4,0.2],[0,0,0.2,0.8],[0,0.4,0,0.6],[0.2,0.2,0,0.6],[0.4,0,0,0.6],[0.4,0,0,0.6],[0,0.6,0.2,0.2],[0.2,0.4,0.2,0.2],[0.4,0,0.2,0.4],[0.8,0,0,0.2],[0.2,0,0.2,0.6],[0,0,0.6,0.4],[0,0.2,0,0.8],[0,0,0,1],[0.8,0,0,0.2],[0,0.4,0,0.6],[0,0.8,0,0.2],[0.2,0,0.2,0.6],[0,0,0.2,0.8],[0.2,0.6,0,0.2],[0,0,0.2,0.8],[0.8,0,0,0.2],[0,0,0.6,0.4],[0.6,0,0,0.4],[0.6,0,0,0.4],[0,0,0,1],[0.4,0,0,0.6]],null],"seqs":[1,5,29,36,56]},{"orient":8,"bin":8,"pvalue":5.80286e-10,"inferred_pwm":[[0,1,0,0],[1,0,0,0],[0,0,0,1],[0,0,1,0],[1,0,0,0],[0,1,0,0],[0.2,0.8,0,0],[1,0,0,0],[1,0,0,0],[0,0,0.8,0.2],[1,0,0,0],[1,0,0,0],[0,0.8,0,0.2],[0,0.8,0,0.2],[0.2,0.8,0,0],[1,0,0,0],[1,0,0,0],[1,0,0,0],[1,0,0,0],[0,0,1,0],[0,1,0,0],[1,0,0,0]],"alignment_pwm":[null,null,[[0,0,0,1],[0,0,0,1],[0.6,0,0.4,0],[0,0,0,1],[0,0,0,1],[0,0,1,0],[0,0.4,0,0.6],[1,0,0,0],[0,0,0,1],[0,0,0,1],[0,0,0,1],[0,0,1,0],[0,1,0,0],[0,0,0,1],[0,0,0,1],[0,0,0,1],[0,0,0,1],[0,0,0.8,0.2],[0.2,0,0.8,0],[0.2,0,0.8,0],[0,0,0,1],[0,0,0,1],[0.2,0.8,0,0],[0,0,0,1],[0,0,0,1],[0,0,0.8,0.2],[0,0,1,0],[0,0,0,1],[0,1,0,0],[1,0,0,0],[0,0,0,1],[0,0,1,0],[1,0,0,0],[1,0,0,0],[0.6,0.2,0.2,0],[0,0,0,1],[0,1,0,0],[0,0.6,0,0.4],[0,0,0,1],[0,0,0,1],[0,0,1,0],[0,1,0,0],[0,1,0,0],[0,0,0,1],[0.8,0.2,0,0],[1,0,0,0],[0,0,1,0],[0,1,0,0],[0,1,0,0],[1,0,0,0],[0.8,0,0.2,0],[0,0.2,0,0.8],[0.2,0,0.8,0],[0,0,0,1],[0,0.8,0.2,0],[0.2,0,0,0.8],[0.8,0,0.2,0],[0,0.2,0.8,0],[0.8,0,0.2,0],[0.8,0,0,0.2],[0,0.2,0.6,0.2],[0.4,0,0.4,0.2],[0.4,0,0.4,0.2],[0,0,0.2,0.8],[0,0.4,0,0.6],[0.2,0.2,0,0.6],[0.4,0,0,0.6],[0.4,0,0,0.6],[0,0.6,0.2,0.2],[0.2,0.4,0.2,0.2],[0.4,0,0.2,0.4],[0.8,0,0,0.2],[0.2,0,0.2,0.6],[0,0,0.6,0.4],[0,0.2,0,0.8],[0,0,0,1],[0.8,0,0,0.2],[0,0.4,0,0.6],[0,0.8,0,0.2],[0.2,0,0.2,0.6],[0,0,0.2,0.8],[0.2,0.6,0,0.2],[0,0,0.2,0.8],[0.8,0,0,0.2],[0,0,0.6,0.4],[0.6,0,0,0.4],[0.6,0,0,0.4],[0,0,0,1],[0.4,0,0,0.6]],null],"seqs":[1,5,29,36,56]}]},{"idx":8,"counts":[[0,0,0,0,0,0,0,0,0,0,0,0,0,0,0,0,1,0,0,0,0,0,0,0,1,0,0,0,0,0,0,0,0,0,0,0,0,0,0,0,0,0,0,0,0,0,0,0,0,0,0,0,0,1,0,0,0,0,1,0,0,0,0,1,0,1,0,0,1,0,0,0,0,1,0,0,0,1,0,1,0,0,0,0,0,0,0,0,1,0,1,0,0,0,0,2,0,0,1,0,0,0,0,1,0,0,0,0,0,0,0,0,0,0,0,0,0,0,0,0,0,0,0,0,1,0,0,1,0,0,0,0,0,1,0,1,0,0,0,0,0,0,0,0,0,0,0],[0,0,0,0,0,1,0,0,0,2,0,0,0,0,0,1,0,1,0,0,0,0,0,0,0,0,0,0,0,0,0,0,0,0,0,0,0,0,0,2,0,1,0,0,1,0,0,0,0,0,0,0,0,0,0,0,0,0,0,0,0,0,0,0,0,0,0,0,0,0,2,0,0,0,0,0,0,0,0,0,0,1,0,0,0,0,0,0,0,0,0,1,0,0,0,0,1,1,0,0,0,1,0,0,0,0,0,0,0,0,0,0,0,0,1,0,0,2,0,0,0,0,0,0,0,0,0,1,0,1,0,1,0,1,0,0,0,0,0,0,0,0,0,0,1,0,0],[1,0,1,0,1,0,0,0,1,5,0,0,0,0,0,0,0,0,0,0,0,0,0,0,0,0,1,0,0,0,0,1,0,0,0,1,0,0,0,0,0,0,0,0,0,0,0,0,0,0,0,0,0,0,0,1,0,0,0,0,0,0,1,0,0,1,0,0,0,0,0,1,0,0,0,0,0,0,0,0,0,1,0,0,0,1,0,0,0,0,0,0,1,0,1,0,1,0,0,0,0,0,0,0,0,0,0,0,1,0,0,0,0,0,1,0,0,0,0,0,0,0,0,0,0,0,0,0,0,0,0,0,0,0,0,0,0,0,0,1,0,1,0,0,0,0,0],[0,0,0,0,0,0,0,0,0,0,0,0,0,0,0,0,0,0,1,1,1,0,1,0,0,0,1,0,0,0,0,0,0,0,0,0,0,1,0,0,0,0,0,0,0,0,1,0,0,0,1,0,0,0,1,0,1,0,0,0,0,0,0,1,0,0,0,1,0,0,0,0,0,0,0,0,0,0,1,0,0,0,0,0,1,0,0,0,0,0,0,0,1,0,0,0,0,0,0,0,0,1,0,0,1,0,0,0,1,0,1,0,0,0,0,0,0,0,0,0,0,0,0,0,0,0,0,0,0,0,1,0,1,0,0,0,1,0,0,0,0,0,0,0,0,0,0]],"spacings":[{"orient":6,"bin":9,"pvalue":3.47713e-08,"inferred_pwm":[[1,0,0,0],[0,0,0,1],[0,0,1,0],[1,0,0,0],[0,1,0,0]],"alignment_pwm":[null,[[0.5,0.5,0,0],[0.5,0.5,0,0],[0,0.5,0,0.5],[0,0.5,0,0.5],[0,0.5,0,0.5],[0.5,0,0.5,0],[0,0,1,0],[0,0.5,0.5,0],[0,0,0.5,0.5],[1,0,0,0],[0,0,0.5,0.5],[0,0.5,0.5,0],[0.5,0.5,0,0],[0,0,1,0],[0.5,0,0.5,0],[0.5,0,0.5,0],[0,0.5,0,0.5],[0,0,0.5,0.5],[0,0.5,0.5,0],[0,1,0,0],[1,0,0,0],[0,1,0,0],[0,0.5,0,0.5],[0,0.5,0.5,0],[0,0.5,0,0.5],[0,1,0,0],[0,1,0,0],[