<!DOCTYPE HTML>
<html>
  <head>
    <meta charset="UTF-8">
    <title>SpaMo - Spaced Motif Analysis</title>
    <script type="text/javascript">
      //@JSON_VAR data
      var data = {"program":"SpaMo","version":"4.12.0","revision":"aacc9c3eb8c7b460b344d5c8aa1458097dae704d","release":"Tue Jun 27 16:22:50 2017 -0700","host":"Sudins-iMac.local","when":"Thu May 24 19:21:42 2018","cmd":["spamo","-verbosity","1","-oc","results/AHRpeaks_withAHREs.bed-499.fa/hocomoco/spamo_out_1","-bgfile","results/AHRpeaks_withAHREs.bed-499.fa/hocomoco/background","-primary","DCACGC","results/AHRpeaks_withAHREs.bed-499.fa/hocomoco/AHRpeaks_withAHREs.bed-499.fa","results/AHRpeaks_withAHREs.bed-499.fa/hocomoco/dreme_out/dreme.xml","results/AHRpeaks_withAHREs.bed-499.fa/hocomoco/meme_out/meme.xml","results/AHRpeaks_withAHREs.bed-499.fa/hocomoco/dreme_out/dreme.xml","/Users/filipov4/meme/db/motif_databases/HUMAN/HOCOMOCOv11_full_HUMAN_mono_meme_format.meme"],"options":{"seq_min_hit_score":7,"margin":150,"bin_size":1,"bin_pvalue_calc_range":150,"use_best_secondary":0,"seq_max_shared_fract":0.5,"seq_odds_ratio":20,"bin_pvalue_cutoff":0.05,"motif_evalue_cutoff":10,"redundant_overlap":2,"redundant_joint":0.5,"motif_pseudocount":0.1,"bgfile":"results/AHRpeaks_withAHREs.bed-499.fa/hocomoco/background","motif_trim":0.25,"xalph":0,"seed":1,"bin_max":13},"alphabet":{"name":"DNA","like":"dna","ncore":4,"symbols":[{"symbol":"A","name":"Adenine","colour":"CC0000","complement":"T"},{"symbol":"C","name":"Cytosine","colour":"0000CC","complement":"G"},{"symbol":"G","name":"Guanine","colour":"FFB300","complement":"C"},{"symbol":"T","aliases":"U","name":"Thymine","colour":"008000","complement":"A"},{"symbol":"N","aliases":"X.","name":"Any base","equals":"ACGT"},{"symbol":"V","name":"Not T","equals":"ACG"},{"symbol":"H","name":"Not G","equals":"ACT"},{"symbol":"D","name":"Not C","equals":"AGT"},{"symbol":"B","name":"Not A","equals":"CGT"},{"symbol":"M","name":"Amino","equals":"AC"},{"symbol":"R","name":"Purine","equals":"AG"},{"symbol":"W","name":"Weak","equals":"AT"},{"symbol":"S","name":"Strong","equals":"CG"},{"symbol":"Y","name":"Pyrimidine","equals":"CT"},{"symbol":"K","name":"Keto","equals":"GT"}]},"background":[0.2658,0.2342,0.2342,0.2658],"sequence_dbs":[{"source":"results/AHRpeaks_withAHREs.bed-499.fa/hocomoco/AHRpeaks_withAHREs.bed-499.fa","name":"AHRpeaks_withAHREs.bed-499","last_modified":"Thu May 24 11:14:35 2018","loaded":1224,"excluded_too_short":0,"excluded_no_match":622,"excluded_ambigs":0,"excluded_similar":3,"erased_primary_matches":201}],"primary_dbs":[{"source":"results/AHRpeaks_withAHREs.bed-499.fa/hocomoco/dreme_out/dreme.xml","name":"dreme.xml","last_modified":"Thu May 24 19:21:12 2018","loaded":6,"excluded":5}],"secondary_dbs":[{"source":"results/AHRpeaks_withAHREs.bed-499.fa/hocomoco/meme_out/meme.xml","name":"meme.xml","last_modified":"Thu May 24 19:20:26 2018","loaded":7,"excluded":0},{"source":"results/AHRpeaks_withAHREs.bed-499.fa/hocomoco/dreme_out/dreme.xml","name":"dreme.xml","last_modified":"Thu May 24 19:21:12 2018","loaded":7,"excluded":1},{"source":"/Users/filipov4/meme/db/motif_databases/HUMAN/HOCOMOCOv11_full_HUMAN_mono_meme_format.meme","name":"HOCOMOCOv11_full_HUMAN_mono_meme_format","last_modified":"Wed Dec  6 21:59:30 2017","loaded":771,"excluded":0}],"secondary_motifs":[{"db":0,"id":"AYTCCAGCCTGGGTGACAGRGYVASACBYC","alt":"MEME-3","len":30,"ltrim":0,"rtrim":0,"nsites":10,"evalue":"1.3e-019","pwm":[[0.794711,0.00231881,0.200339,0.00263168],[0.00263168,0.497368,0.200339,0.299661],[0.101642,0.200339,0.00231881,0.695701],[0.00263168,0.893408,0.101329,0.00263168],[0.00263168,0.992418,0.00231881,0.00263168],[0.893721,0.00231881,0.00231881,0.101642],[0.00263168,0.00231881,0.992418,0.00263168],[0.00263168,0.893408,0.101329,0.00263168],[0.00263168,0.893408,0.00231881,0.101642],[0.00263168,0.00231881,0.00231881,0.992731],[0.00263168,0.00231881,0.992418,0.00263168],[0.00263168,0.200339,0.794398,0.00263168],[0.101642,0.101329,0.794398,0.00263168],[0.00263168,0.200339,0.00231881,0.794711],[0.101642,0.101329,0.794398,0.00263168],[0.992731,0.00231881,0.00231881,0.00263168],[0.00263168,0.893408,0.101329,0.00263168],[0.695701,0.101329,0.200339,0.00263168],[0.00263168,0.101329,0.893408,0.00263168],[0.497681,0.00231881,0.497368,0.00263168],[0.101642,0.00231881,0.893408,0.00263168],[0.101642,0.398358,0.101329,0.398671],[0.299661,0.200339,0.398358,0.101642],[0.992731,0.00231881,0.00231881,0.00263168],[0.200651,0.299349,0.497368,0.00263168],[0.893721,0.00231881,0.101329,0.00263168],[0.200651,0.497368,0.101329,0.200651],[0.00263168,0.398358,0.200339,0.398671],[0.00263168,0.596378,0.101329,0.299661],[0.101642,0.695388,0.00231881,0.200651]]},{"db":2,"id":"E2F1_HUMAN.H11MO.0.A","len":14,"ltrim":4,"rtrim":2,"nsites":500,"evalue":"1.0e+000","url":"http://hocomoco.autosome.ru/motif/E2F1_HUMAN.H11MO.0.A","pwm":[[0.327988,0.160015,0.377971,0.134026],[0.236006,0.200007,0.451956,0.112031],[0.271999,0.210005,0.289989,0.228008],[0.190015,0.102026,0.465954,0.242005],[0.0820368,0.200007,0.703906,0.0140503],[0.0180496,0.00604563,0.965854,0.0100511],[0.056042,0.921862,0.00404603,0.0180496],[0.0160499,0.00804523,0.957855,0.0180496],[0.0220488,0.0820304,0.889869,0.00605195],[0.0680396,0.03404,0.889869,0.00805155],[0.855882,0.0200428,0.0900288,0.0340464],[0.653922,0.064034,0.271992,0.0100511],[0.399973,0.140019,0.365974,0.0940344],[0.271999,0.164014,0.395968,0.16802]]},{"db":2,"id":"EGR3_HUMAN.H11MO.0.D","len":11,"ltrim":0,"rtrim":0,"nsites":8,"evalue":"1.0e+000","url":"http://hocomoco.autosome.ru/motif/EGR3_HUMAN.H11MO.0.D","pwm":[[0.565099,0.0207836,0.0207836,0.393333],[0.26093,0.00289136,0.589758,0.14642],[0.63309,0.217599,0.00289136,0.14642],[0.117792,0.00289136,0.876035,0.00328148],[0.00328148,0.0386759,0.181814,0.776228],[0.00328148,0.00289136,0.990546,0.00328148],[0.00328148,0.00289136,0.876035,0.117792],[0.00328148,0.00289136,0.990546,0.00328148],[0.00328148,0.475248,0.00289136,0.518579],[0.00328148,0.00289136,0.876035,0.117792],[0.0211738,0.163922,0.163922,0.650982]]},{"db":2,"id":"FOXC2_HUMAN.H11MO.0.D","len":15,"ltrim":0,"rtrim":0,"nsites":5,"evalue":"1.0e+000","url":"http://hocomoco.autosome.ru/motif/FOXC2_HUMAN.H11MO.0.D","pwm":[[0.0577328,0.0571132,0.617337,0.267817],[0.215296,0.214676,0.00459216,0.565436],[0.00521176,0.214676,0.00459216,0.77552],[0.00521176,0.00459216,0.00459216,0.985604],[0.215296,0.00459216,0.7749,0.00521176],[0.00521176,0.00459216,0.00459216,0.985604],[0.00521176,0.00459216,0.00459216,0.985604],[0.215296,0.00459216,0.214676,0.565436],[0.355352,0.00459216,0.00459216,0.635464],[0.00521176,0.354732,0.634844,0.00521176],[0.215296,0.42476,0.00459216,0.355352],[0.00521176,0.634844,0.00459216,0.355352],[0.985604,0.00459216,0.00459216,0.00521176],[0.00521176,0.144648,0.844928,0.00521176],[0.477901,0.0571132,0.267197,0.197789]]},{"db":2,"id":"HIF1A_HUMAN.H11MO.0.C","len":8,"ltrim":0,"rtrim":0,"nsites":500,"evalue":"1.0e+000","url":"http://hocomoco.autosome.ru/motif/HIF1A_HUMAN.H11MO.0.C","pwm":[[0.212011,0.164014,0.527941,0.096034],[0.234006,0.0500368,0.417963,0.297994],[0.825888,0.0120444,0.156016,0.00605195],[0.134026,0.801886,0.0100448,0.0540424],[0.0280476,0.00204643,0.969853,5.31494e-05],[0.00805155,0.00804523,4.68306e-05,0.983856],[5.31494e-05,0.00404603,0.993848,0.00205275],[0.285996,0.521942,0.0860296,0.106032]]},{"db":2,"id":"IRX2_HUMAN.H11MO.0.D","len":19,"ltrim":4,"rtrim":3,"nsites":19306,"evalue":"1.0e+000","url":"http://hocomoco.autosome.ru/motif/IRX2_HUMAN.H11MO.0.D","pwm":[[0.409626,0.178973,0.237918,0.173483],[0.174687,0.429166,0.204574,0.191573],[0.42229,0.128186,0.222353,0.227171],[0.151534,0.156403,0.305008,0.387055],[0.129986,0.0788105,0.640757,0.150446],[0.177652,0.100734,0.434514,0.2871],[0.139271,0.212615,0.361377,0.286737],[0.285908,0.0490919,0.24763,0.417369],[0.0808308,0.0393929,0.447658,0.432119],[0.138869,0.0292666,0.636691,0.195173],[0.22462,0.0283083,0.386485,0.360587],[0.0672858,0.729926,0.046256,0.156532],[0.493084,0.00127024,0.45838,0.0472662],[0.0013222,0.00588018,0.333393,0.659404],[0.00119271,0.00103716,0.996992,0.000778333],[0.0509309,0.0562658,0.129714,0.763089],[0.336605,0.0830579,0.232026,0.348311],[0.241065,0.215788,0.397389,0.145758],[0.189799,0.137432,0.414184,0.258585]]},{"db":2,"id":"MAZ_HUMAN.H11MO.1.A","len":11,"ltrim":0,"rtrim":0,"nsites":486,"evalue":"1.0e+000","url":"http://hocomoco.autosome.ru/motif/MAZ_HUMAN.H11MO.1.A","pwm":[[0.323033,0.13788,0.512288,0.0267981],[0.487609,0.0453064,0.368285,0.0987998],[0.0658848,0.00621975,0.921669,0.00622625],[5.46801e-05,4.81794e-05,0.989557,0.0103406],[0.00211187,0.00621975,0.989557,0.00211187],[0.648069,0.302455,4.81794e-05,0.0494272],[0.0288553,0.00210537,0.966927,0.00211187],[0.00416906,4.81794e-05,0.989557,0.00622625],[0.123486,0.0165057,0.837324,0.0226838],[0.123486,0.00621975,0.866125,0.00416906],[0.115257,0.341542,0.469087,0.0741135]]},{"db":2,"id":"MYNN_HUMAN.H11MO.0.D","len":17,"ltrim":0,"rtrim":0,"nsites":366,"evalue":"1.0e+000","url":"http://hocomoco.autosome.ru/motif/MYNN_HUMAN.H11MO.0.D","pwm":[[0.322389,0.0464994,0.450761,0.180351],[0.103869,0.0546939,0.775808,0.0656285],[0.560029,0.0355734,0.349695,0.0547025],[0.0246561,0.964281,0.0109899,7.26031e-05],[7.26031e-05,0.0164529,0.0137214,0.969753],[0.030119,0.344232,0.0546939,0.570955],[0.030119,0.0929348,0.0410364,0.83591],[0.041045,0.0109899,0.0109899,0.936975],[0.887808,0.0301104,0.0355734,0.046508],[0.243176,0.0929348,0.0246474,0.639242],[0.0492395,0.0956663,0.133907,0.721187],[0.103869,0.163954,0.161222,0.570955],[0.103869,0.125713,0.0601568,0.710261],[0.161231,0.0710828,0.652891,0.114795],[0.527251,0.0792773,0.226778,0.166694],[0.560029,0.226778,0.0820088,0.131184],[0.581881,0.0929348,0.234972,0.0902119]]},{"db":2,"id":"NR5A2_HUMAN.H11MO.0.B","len":11,"ltrim":2,"rtrim":0,"nsites":500,"evalue":"1.0e+000","url":"http://hocomoco.autosome.ru/motif/NR5A2_HUMAN.H11MO.0.B","pwm":[[0.182017,0.176012,0.425962,0.21601],[0.0640404,0.287989,0.265994,0.381977],[0.0380456,0.443958,0.03404,0.483956],[0.00405235,0.947857,0.0480372,5.31494e-05],[0.983856,0.0100448,0.00604563,5.31494e-05],[0.939865,0.00204643,0.0300408,0.0280476],[0.00205275,0.00204643,0.993848,0.00205275],[0.00205275,0.00404603,0.989849,0.00405235],[0.124028,0.425962,0.0380392,0.411971],[0.0220488,0.827881,0.0100448,0.140025],[0.745904,0.0280412,0.13602,0.0900352]]},{"db":2,"id":"ZN589_HUMAN.H11MO.0.D","len":16,"ltrim":1,"rtrim":1,"nsites":15,"evalue":"1.0e+000","url":"http://hocomoco.autosome.ru/motif/ZN589_HUMAN.H11MO.0.D","pwm":[[0.171859,0.484632,0.17165,0.171859],[0.253507,0.613907,0.130826,0.00176026],[0.375978,0.49824,0.124022,0.00176026],[0.627724,0.0627866,0.185258,0.124231],[0.185467,0.437004,0.375769,0.00176026],[0.00176026,0.124022,0.68875,0.185467],[0.00176026,0.0627866,0.804418,0.131035],[0.00176026,0.192062,0.314533,0.491645],[0.430409,0.00155099,0.00155099,0.566489],[0.491645,0.00155099,0.130826,0.375978],[0.124231,0.491436,0.00155099,0.382782],[0.369174,0.185258,0.00155099,0.444017],[0.314742,0.185258,0.49824,0.00176026],[0.00176026,0.620711,0.124022,0.253507],[0.124231,0.620711,0.192062,0.0629959],[0.108923,0.306028,0.414891,0.170158]]},{"db":2,"id":"ZN770_HUMAN.H11MO.0.C","len":22,"ltrim":0,"rtrim":1,"nsites":490,"evalue":"1.0e+000","url":"http://hocomoco.autosome.ru/motif/ZN770_HUMAN.H11MO.0.C","pwm":[[0.226539,0.0959466,0.528511,0.149003],[0.126559,0.0245326,0.836612,0.0122966],[0.0469834,0.0224922,0.92843,0.00209463],[0.940679,0.00616899,0.0428962,0.0102562],[0.0327006,4.77862e-05,0.956995,0.0102562],[0.0286198,0.0122902,0.946793,0.0122966],[0.0408622,0.875379,0.057179,0.0265794],[0.124519,0.287744,0.0449366,0.542801],[0.116357,0.0816638,0.781521,0.0204582],[0.64074,0.0714618,0.244896,0.0429026],[0.146963,0.0592194,0.763157,0.0306602],[0.191852,0.0898254,0.642774,0.075549],[0.169407,0.402007,0.204088,0.224498],[0.328559,0.0714618,0.479542,0.120438],[0.106155,0.0959466,0.754996,0.0429026],[0.161246,0.0939062,0.712147,0.0327006],[0.648901,0.046977,0.226532,0.0775894],[0.0918722,0.0449366,0.844773,0.0184178],[0.214296,0.100027,0.661137,0.024539],[0.565245,0.189805,0.169401,0.075549],[0.0898318,0.138795,0.255098,0.516275],[0.102074,0.495865,0.222451,0.179609]]},{"db":2,"id":"ZN770_HUMAN.H11MO.1.C","len":11,"ltrim":1,"rtrim":0,"nsites":491,"evalue":"1.0e+000","url":"http://hocomoco.autosome.ru/motif/ZN770_HUMAN.H11MO.1.C","pwm":[[0.242367,0.10186,0.419514,0.236259],[0.134446,0.0163377,0.836944,0.0122716],[0.00209037,0.00208393,0.995772,5.41234e-05],[0.997814,4.76889e-05,4.76889e-05,0.00209037],[0.00209037,0.00208393,0.993735,0.00209037],[5.41234e-05,0.00208393,0.989663,0.0081991],[0.00412661,0.987627,0.00208393,0.00616286],[0.0448515,0.317702,0.00208393,0.635363],[0.120193,0.06928,0.792147,0.0183803],[0.498934,0.105932,0.340101,0.0550327],[0.167026,0.138512,0.643501,0.0509603]]},{"db":2,"id":"ZNF41_HUMAN.H11MO.0.C","len":24,"ltrim":0,"rtrim":0,"nsites":349,"evalue":"1.0e+000","url":"http://hocomoco.autosome.ru/motif/ZNF41_HUMAN.H11MO.0.C","pwm":[[0.255017,0.501356,0.126105,0.117521],[0.713339,0.100325,0.131834,0.0545018],[0.106063,0.721923,0.0716798,0.100334],[0.744848,0.0630863,0.140428,0.0516373],[0.710474,0.00866061,0.249279,0.0315857],[0.0688243,0.0201186,0.870878,0.0401793],[0.111792,0.0344412,0.787807,0.0659598],[0.392514,0.00866061,0.595885,0.00294065],[0.948229,0.00866061,0.0287122,0.0143987],[0.444075,0.0745443,0.466982,0.0143987],[0.226372,0.197718,0.117512,0.458398],[0.432617,0.21777,0.203447,0.146166],[0.527146,0.117512,0.255008,0.100334],[0.355275,0.0373057,0.498492,0.108927],[0.249288,0.214905,0.412556,0.12325],[0.0545018,0.744839,0.117512,0.0831469],[0.96828,0.0057961,0.0172541,0.00866966],[0.0373148,0.910981,0.0458992,0.00580516],[0.232101,0.693278,0.0229832,0.0516373],[0.830784,0.0115251,0.123241,0.0344502],[0.117521,0.0487637,0.114647,0.719068],[0.0974694,0.171938,0.647446,0.0831469],[0.70761,0.0458992,0.120376,0.126115],[0.15476,0.0831378,0.653175,0.108927]]}],"sequence_names":["chr10:106094900-106095399","chr10:114875250-114876099","chr10:120766300-120767149","chr10:14116400-14116949","chr10:16859550-16860049","chr10:28552050-28552849","chr10:29311150-29311949","chr11:111307200-111307899","chr11:120151200-120151949","chr11:45951350-45952099","chr11:66794850-66795849","chr11:69706000-69706899","chr11:72982850-72983499","chr12:100542500-100543349","chr12:11584850-11585449","chr12:117580600-117581399","chr12:122933750-122934649","chr12:125412350-125412899","chr12:44919550-44920049","chr12:46333200-46334449","chr12:49275750-49276699","chr12:52596700-52597349","chr12:76017600-76018199","chr13:106589700-106590249","chr13:111152000-111152749","chr13:23557400-23558349","chr13:26301250-26301949","chr13:26641650-26642249","chr13:52975750-52976699","chr13:67694850-67695749","chr13:74352500-74353249","chr13:83932450-83932999","chr13:93978200-93979049","chr13:98945300-98946249","chr14:34682250-34682949","chr14:38654650-38655399","chr14:74222950-74223699","chr14:77371250-77371849","chr14:95351000-95351549","chr14:96013550-96014099","chr15:50507600-50508449","chr15:63788950-63790149","chr15:75055450-75056549","chr15:85707950-85708549","chr15:99442200-99443649","chr16:15601050-15601699","chr16:53925650-53926199","chr16:54543100-54543799","chr16:54963600-54964149","chr16:72882500-72883449","chr16:74642650-74643199","chr16:87840300-87841199","chr16:89497150-89497999","chr16:89909900-89910549","chr17:15254200-15254999","chr17:36442200-36443199","chr17:38707850-38709099","chr17:39559950-39560549","chr17:42164200-42164699","chr17:53510350-53511199","chr17:60867600-60868549","chr17:7380900-7381549","chr17:80255800-80256299","chr18:60741900-60742649","chr19:15548200-15548949","chr19:35135700-35136399","chr19:36222050-36222999","chr19:752900-753399","chr1:154390450-154391199","chr1:169042600-169043149","chr1:201276800-201277349","chr1:232736200-232736699","chr1:233004500-233005549","chr1:245966250-245966799","chr1:49209700-49210499","chr1:57036350-57037049","chr1:85763300-85763999","chr1:94045250-94045849","chr20:31778950-31779949","chr20:43359000-43359499","chr20:46927650-46928349","chr20:48782000-48783049","chr20:49358150-49359049","chr21:38443900-38444749","chr21:38446100-38446649","chr21:43101200-43102199","chr21:45029450-45030099","chr21:46172650-46173399","chr22:30129500-30130299","chr22:30190600-30191349","chr22:30194450-30195549","chr22:36858050-36858549","chr2:109335250-109335849","chr2:129062750-129063349","chr2:14683300-14684149","chr2:154449550-154450049","chr2:192731250-192731899","chr2:197451300-197451899","chr2:56070250-56070949","chr2:61108850-61109649","chr2:65614950-65616099","chr3:107646100-107647049","chr3:124556500-124557099","chr3:127309800-127310349","chr3:139021000-139021749","chr3:188665150-188665649","chr3:56413550-56414299","chr3:60944850-60945999","chr3:63898500-63898999","chr3:64142600-64143349","chr3:95911700-95912349","chr4:39037450-39038299","chr4:56264600-56265199","chr5:100596250-100597049","chr5:100999100-100999799","chr5:138089700-138090399","chr5:30099600-30100349","chr5:34585550-34586299","chr5:959000-959499","chr5:9712450-9713049","chr6:100623650-100624299","chr6:11389850-11390899","chr6:119582250-119582849","chr6:120004000-120004699","chr6:13873250-13873949","chr6:139138900-139139599","chr6:14744000-14744749","chr6:151388950-151389499","chr6:15908150-15908699","chr6:16832050-16832599","chr6:2432250-2432899","chr6:24879450-24880099","chr6:34522500-34522999","chr6:56593150-56593899","chr6:75994500-75995499","chr7:100995600-100996399","chr7:101525150-101525699","chr7:101587950-101588699","chr7:101618750-101619449","chr7:105709250-105709949","chr7:106810150-106810749","chr7:116450150-116450749","chr7:151594050-151595199","chr7:155711400-155712099","chr7:22612400-22613049","chr7:41188050-41188649","chr7:44573650-44574349","chr7:52900550-52901049","chr7:6034750-6035899","chr7:80128200-80128899","chr8:100941750-100942399","chr8:102702350-102703099","chr8:116999650-117000799","chr8:119890400-119891799","chr8:120451100-120451899","chr8:122788200-122788899","chr8:125192550-125193049","chr8:127559350-127559949","chr8:128812700-128813899","chr8:142164050-142164749","chr8:29097950-29098649","chr8:59143500-59144149","chr8:94130550-94131399","chr9:102195800-102196399","chr9:110007700-110008399","chr9:114654050-114654799","chr9:131084700-131085199","chr9:134622600-134623099","chr9:140121200-140122149","chr9:140376400-140377099","chr9:36923800-36924449","chrX:30167150-30167749","chrX:46652000-46652549"],"primaries":[{"motif":{"db":0,"id":"DCACGC","alt":"DREME-1","len":6,"ltrim":0,"rtrim":0,"nsites":345,"evalue":"3.0e-050","pwm":[[0.304337,6.78644e-05,0.394157,0.301439],[7.70211e-05,0.999778,6.78644e-05,7.70211e-05],[0.999787,6.78644e-05,6.78644e-05,7.70211e-05],[7.70211e-05,0.999778,6.78644e-05,7.70211e-05],[7.70211e-05,6.78644e-05,0.999778,7.70211e-05],[7.70211e-05,0.999778,6.78644e-05,7.70211e-05]]},"secondaries":[[{"idx":2,"counts":[[1,0,0,0,2,0,1,0,1,0,0,1,1,0,0,0,0,0,2,0,0,1,1,0,1,0,1,0,0,1,0,0,0,1,0,0,2,0,0,0,0,1,1,0,2,1,2,1,1,1,0,0,0,0,0,0,0,0,0,1,0,0,0,0,0,0,0,0,0,0,0,1,0,0,0,0,0,0,0,0,0,0,0,1,1,0,0,0,0,1,0,0,0,2,0,0,0,0,0,2,0,1,0,1,0,2,2,2,0,1,0,3,1,2,0,1,0,3,0,2,1,2,1,1,0,1,0,1,1,1,0,0,0,2,0,0,0,0,0,2,0],[0,0,0,0,0,0,0,0,0,0,0,0,0,1,0,0,0,1,0,0,1,0,0,0,1,0,0,0,0,0,0,0,0,0,0,0,1,0,0,0,0,0,0,0,0,0,0,0,0,0,1,1,0,0,1,1,0,0,0,0,1,0,1,0,0,0,0,0,0,1,0,1,1,0,0,0,0,0,0,1,0,1,1,1,0,0,0,0,0,1,0,1,1,1,0,0,0,0,0,0,1,2,0,0,0,1,0,1,0,0,0,0,0,0,0,0,0,0,0,0,0,0,0,1,1,0,1,1,0,0,0,0,0,0,0,0,0,0,1,0,0],[0,4,0,4,1,5,1,5,0,3,0,2,0,1,0,1,1,1,1,1,1,0,0,0,2,0,2,1,0,1,0,0,0,0,0,1,1,0,1,1,1,1,0,2,0,5,0,3,0,2,1,2,0,1,0,1,0,1,0,1,0,1,0,1,0,1,0,1,0,2,0,0,0,0,1,2,0,0,0,1,2,1,2,2,2,1,0,1,2,0,1,0,0,0,0,1,0,0,3,0,1,0,0,0,0,1,0,1,0,1,0,0,0,0,0,0,1,1,0,0,1,0,0,0,0,1,0,1,0,1,0,0,0,0,0,0,0,1,0,1,0],[10,1,7,0,4,0,3,0,2,0,1,1,2,0,0,1,3,0,2,0,0,1,0,0,0,1,0,0,0,0,1,2,1,2,1,4,1,1,1,0,1,1,1,2,1,1,2,0,2,1,1,0,0,1,0,1,0,0,0,0,2,1,0,0,1,0,0,0,1,1,1,2,0,1,0,0,1,0,2,0,1,1,0,2,0,1,0,0,1,1,1,2,0,1,1,1,0,0,0,0,0,2,0,0,1,0,0,0,0,2,1,1,1,0,1,0,0,0,1,1,0,1,0,0,0,1,0,0,1,2,1,2,2,0,0,0,0,1,0,1,0]],"spacings":[{"orient":3,"bin":0,"pvalue":5.70093e-10,"inferred_pwm":[[0.1,0.1,0,0.8],[0.1,0,0.8,0.1],[0.3,0,0,0.7],[0.2,0,0.8,0],[0,0,0,1],[0,0,1,0],[0,0,0,1],[0,0,1,0],[0,0,0,1],[0,0,1,0],[0,0,0,1]],"alignment_pwm":[null,null,null,[[0.1,0.3,0.2,0.4],[0,0.3,0.4,0.3],[0.4,0,0.2,0.4],[0.2,0.3,0.4,0.1],[0.5,0.2,0.1,0.2],[0.111111,0.444444,0.444444,0],[0.444444,0.111111,0.222222,0.222222],[0.333333,0.111111,0.333333,0.222222],[0.222222,0.222222,0.444444,0.111111],[0.555556,0.222222,0.222222,0],[0.555556,0.222222,0,0.222222],[0.6,0.2,0,0.2],[0.3,0.5,0,0.2],[0.5,0.1,0.1,0.3],[0.3,0.5,0,0.2],[0.444444,0.111111,0.222222,0.222222],[0.222222,0.666667,0.111111,0],[0.888889,0,0,0.111111],[0.111111,0.555556,0.222222,0.111111],[0.777778,0,0.111111,0.111111],[0.111111,0.777778,0,0.111111],[0.8,0,0.2,0],[0,1,0,0],[1,0,0,0],[0,1,0,0],[0,0,1,0],[0,1,0,0],[1,0,0,0],[0,1,0,0],[1,0,0,0],[0,1,0,0],[1,0,0,0],[0,1,0,0],[1,0,0,0],[0,0.8,0,0.2],[0.7,0,0,0.3],[0.1,0.8,0,0.1],[0.8,0,0.1,0.1],[0,0.6,0.1,0.3],[0.555556,0.111111,0.222222,0.111111],[0.111111,0.555556,0.111111,0.222222],[0.444444,0.111111,0.111111,0.333333],[0.111111,0.222222,0.222222,0.444444],[0.222222,0.222222,0.333333,0.222222],[0.111111,0.555556,0,0.333333],[0.2,0.3,0.2,0.3],[0.2,0.3,0.2,0.3],[0.4,0.2,0.2,0.2]]],"seqs":[1,2,32,47,69,76,124,131,145,167]},{"orient":5,"bin":0,"pvalue":3.55032e-08,"inferred_pwm":[[0.0909091,0.0909091,0,0.818182],[0.0909091,0,0.818182,0.0909091],[0.272727,0,0,0.727273],[0.181818,0,0.818182,0],[0,0,0,1],[0,0,1,0],[0,0,0,1],[0,0,1,0],[0,0,0,1],[0,0,1,0],[0,0,0,1]],"alignment_pwm":[[[1,0,0,0],[0,0,1,0],[1,0,0,0],[0,1,0,0],[1,0,0,0],[0,0,1,0],[0,0,0,1],[1,0,0,0],[0,1,0,0],[1,0,0,0],[0,0,0,1],[0,0,1,0],[0,0,0,1],[0,0,1,0],[0,0,0,1],[0,0,1,0],[0,0,0,1],[0,0,1,0],[0,0,0,1],[0,0,1,0],[0,0,0,1],[0,0,1,0],[0,1,0,0],[1,0,0,0],[0,1,0,0],[0,0,1,0],[0,1,0,0],[1,0,0,0],[0,1,0,0],[1,0,0,0],[0,0,0,1],[0,1,0,0],[0,0,0,1],[0,0,1,0],[0,0,0,1],[0,0,1,0],[0,0,0,1],[0,0,1,0],[0,0,0,1],[0,0,0,1],[0,0,0,1],[0,0,1,0],[0,0,0,1],[0,1,0,0],[0,0,1,0],[0,0,0,1],[0,0,1,0],[0,0,0,1]],null,null,[[0.1,0.3,0.2,0.4],[0,0.3,0.4,0.3],[0.4,0,0.2,0.4],[0.2,0.3,0.4,0.1],[0.5,0.2,0.1,0.2],[0.111111,0.444444,0.444444,0],[0.444444,0.111111,0.222222,0.222222],[0.333333,0.111111,0.333333,0.222222],[0.222222,0.222222,0.444444,0.111111],[0.555556,0.222222,0.222222,0],[0.555556,0.222222,0,0.222222],[0.6,0.2,0,0.2],[0.3,0.5,0,0.2],[0.5,0.1,0.1,0.3],[0.3,0.5,0,0.2],[0.444444,0.111111,0.222222,0.222222],[0.222222,0.666667,0.111111,0],[0.888889,0,0,0.111111],[0.111111,0.555556,0.222222,0.111111],[0.777778,0,0.111111,0.111111],[0.111111,0.777778,0,0.111111],[0.8,0,0.2,0],[0,1,0,0],[1,0,0,0],[0,1,0,0],[0,0,1,0],[0,1,0,0],[1,0,0,0],[0,1,0,0],[1,0,0,0],[0,1,0,0],[1,0,0,0],[0,1,0,0],[1,0,0,0],[0,0.8,0,0.2],[0.7,0,0,0.3],[0.1,0.8,0,0.1],[0.8,0,0.1,0.1],[0,0.6,0.1,0.3],[0.555556,0.111111,0.222222,0.111111],[0.111111,0.555556,0.111111,0.222222],[0.444444,0.111111,0.111111,0.333333],[0.111111,0.222222,0.222222,0.444444],[0.222222,0.222222,0.333333,0.222222],[0.111111,0.555556,0,0.333333],[0.2,0.3,0.2,0.3],[0.2,0.3,0.2,0.3],[0.4,0.2,0.2,0.2]]],"seqs":[57,1,2,32,47,69,76,124,131,145,167]},{"orient":7,"bin":0,"pvalue":3.52549e-07,"inferred_pwm":[[0.1,0.1,0,0.8],[0.1,0,0.8,0.1],[0.3,0,0,0.7],[0.2,0,0.8,0],[0,0,0,1],[0,0,1,0],[0,0,0,1],[0,0,1,0],[0,0,0,1],[0,0,1,0],[0,0,0,1]],"alignment_pwm":[null,null,null,[[0.1,0.3,0.2,0.4],[0,0.3,0.4,0.3],[0.4,0,0.2,0.4],[0.2,0.3,0.4,0.1],[0.5,0.2,0.1,0.2],[0.111111,0.444444,0.444444,0],[0.444444,0.111111,0.222222,0.222222],[0.333333,0.111111,0.333333,0.222222],[0.222222,0.222222,0.444444,0.111111],[0.555556,0.222222,0.222222,0],[0.555556,0.222222,0,0.222222],[0.6,0.2,0,0.2],[0.3,0.5,0,0.2],[0.5,0.1,0.1,0.3],[0.3,0.5,0,0.2],[0.444444,0.111111,0.222222,0.222222],[0.222222,0.666667,0.111111,0],[0.888889,0,0,0.111111],[0.111111,0.555556,0.222222,0.111111],[0.777778,0,0.111111,0.111111],[0.111111,0.777778,0,0.111111],[0.8,0,0.2,0],[0,1,0,0],[1,0,0,0],[0,1,0,0],[0,0,1,0],[0,1,0,0],[1,0,0,0],[0,1,0,0],[1,0,0,0],[0,1,0,0],[1,0,0,0],[0,1,0,0],[1,0,0,0],[0,0.8,0,0.2],[0.7,0,0,0.3],[0.1,0.8,0,0.1],[0.8,0,0.1,0.1],[0,0.6,0.1,0.3],[0.555556,0.111111,0.222222,0.111111],[0.111111,0.555556,0.111111,0.222222],[0.444444,0.111111,0.111111,0.333333],[0.111111,0.222222,0.222222,0.444444],[0.222222,0.222222,0.333333,0.222222],[0.111111,0.555556,0,0.333333],[0.2,0.3,0.2,0.3],[0.2,0.3,0.2,0.3],[0.4,0.2,0.2,0.2]]],"seqs":[1,2,32,47,69,76,124,131,145,167]},{"orient":3,"bin":2,"pvalue":2.3641e-06,"inferred_pwm":[[0,0.142857,0,0.857143],[0,0,1,0],[0,0.285714,0,0.714286],[0.285714,0,0.714286,0],[0,0,0,1],[0,0,1,0],[0,0,0,1],[0,0,1,0],[0,0,0,1],[0,0,1,0],[0,0.142857,0,0.857143]],"alignment_pwm":[null,null,null,[[0.142857,0.428571,0.142857,0.285714],[0.285714,0.285714,0.285714,0.142857],[0,0.428571,0.285714,0.285714],[0.142857,0.571429,0.142857,0.142857],[0.142857,0.285714,0.142857,0.428571],[0.285714,0.428571,0.285714,0],[0.142857,0.714286,0,0.142857],[0.166667,0.333333,0.166667,0.333333],[0,0.333333,0.166667,0.5],[0.166667,0.5,0.333333,0],[0,0.5,0.166667,0.333333],[0.5,0.333333,0.166667,0],[0.5,0.166667,0,0.333333],[0.714286,0.142857,0,0.142857],[0,0.857143,0,0.142857],[0.571429,0,0,0.428571],[0.142857,0.428571,0.142857,0.285714],[0.333333,0.166667,0.333333,0.166667],[0.166667,0.666667,0,0.166667],[0.666667,0,0.166667,0.166667],[0,0.833333,0,0.166667],[0.833333,0,0,0.166667],[0,0.833333,0,0.166667],[0.857143,0,0.142857,0],[0,1,0,0],[1,0,0,0],[0,1,0,0],[0,0,1,0],[0,1,0,0],[0.857143,0.142857,0,0],[0,0.857143,0,0.142857],[0.857143,0,0.142857,0],[0,1,0,0],[1,0,0,0],[0,1,0,0],[1,0,0,0],[0,1,0,0],[1,0,0,0],[0,0.714286,0,0.285714],[0.714286,0,0.285714,0],[0,1,0,0],[0.857143,0,0.142857,0],[0,0.714286,0.142857,0.142857],[0.428571,0.142857,0.285714,0.142857],[0.285714,0.142857,0,0.571429],[0.571429,0,0.285714,0.142857],[0.142857,0.571429,0.142857,0.142857],[0.428571,0.142857,0.285714,0.142857],[0.333333,0.333333,0.333333,0],[0.666667,0,0.166667,0.166667],[0.333333,0.166667,0.333333,0.166667],[0.5,0.166667,0,0.333333]]],"seqs":[2,32,36,69,124,132,143]},{"orient":8,"bin":0,"pvalue":2.64577e-05,"inferred_pwm":[[0.0909091,0.0909091,0,0.818182],[0.0909091,0,0.818182,0.0909091],[0.272727,0,0,0.727273],[0.181818,0,0.818182,0],[0,0,0,1],[0,0,1,0],[0,0,0,1],[0,0,1,0],[0,0,0,1],[0,0,1,0],[0,0,0,1]],"alignment_pwm":[[[1,0,0,0],[0,0,1,0],[1,0,0,0],[0,1,0,0],[1,0,0,0],[0,0,1,0],[0,0,0,1],[1,0,0,0],[0,1,0,0],[1,0,0,0],[0,0,0,1],[0,0,1,0],[0,0,0,1],[0,0,1,0],[0,0,0,1],[0,0,1,0],[0,0,0,1],[0,0,1,0],[0,0,0,1],[0,0,1,0],[0,0,0,1],[0,0,1,0],[0,1,0,0],[1,0,0,0],[0,1,0,0],[0,0,1,0],[0,1,0,0],[1,0,0,0],[0,1,0,0],[1,0,0,0],[0,0,0,1],[0,1,0,0],[0,0,0,1],[0,0,1,0],[0,0,0,1],[0,0,1,0],[0,0,0,1],[0,0,1,0],[0,0,0,1],[0,0,0,1],[0,0,0,1],[0,0,1,0],[0,0,0,1],[0,1,0,0],[0,0,1,0],[0,0,0,1],[0,0,1,0],[0,0,0,1]],null,null,[[0.1,0.3,0.2,0.4],[0,0.3,0.4,0.3],[0.4,0,0.2,0.4],[0.2,0.3,0.4,0.1],[0.5,0.2,0.1,0.2],[0.111111,0.444444,0.444444,0],[0.444444,0.111111,0.222222,0.222222],[0.333333,0.111111,0.333333,0.222222],[0.222222,0.222222,0.444444,0.111111],[0.555556,0.222222,0.222222,0],[0.555556,0.222222,0,0.222222],[0.6,0.2,0,0.2],[0.3,0.5,0,0.2],[0.5,0.1,0.1,0.3],[0.3,0.5,0,0.2],[0.444444,0.111111,0.222222,0.222222],[0.222222,0.666667,0.111111,0],[0.888889,0,0,0.111111],[0.111111,0.555556,0.222222,0.111111],[0.777778,0,0.111111,0.111111],[0.111111,0.777778,0,0.111111],[0.8,0,0.2,0],[0,1,0,0],[1,0,0,0],[0,1,0,0],[0,0,1,0],[0,1,0,0],[1,0,0,0],[0,1,0,0],[1,0,0,0],[0,1,0,0],[1,0,0,0],[0,1,0,0],[1,0,0,0],[0,0.8,0,0.2],[0.7,0,0,0.3],[0.1,0.8,0,0.1],[0.8,0,0.1,0.1],[0,0.6,0.1,0.3],[0.555556,0.111111,0.222222,0.111111],[0.111111,0.555556,0.111111,0.222222],[0.444444,0.111111,0.111111,0.333333],[0.111111,0.222222,0.222222,0.444444],[0.222222,0.222222,0.333333,0.222222],[0.111111,0.555556,0,0.333333],[0.2,0.3,0.2,0.3],[0.2,0.3,0.2,0.3],[0.4,0.2,0.2,0.2]]],"seqs":[57,1,2,32,47,69,76,124,131,145,167]}]}],[{"idx":5,"counts":[[0,0,0,1,1,3,4,0,3,0,0,3,0,0,0,2,2,0,2,1,0,0,2,1,1,1,2,2,1,2,0,2,2,2,1,0,2,1,2,5,2,1,2,0,2,2,1,0,1,3,1,2,2,1,1,0,3,0,2,0,1,2,1,4,2,1,0,0,1,2,2,0,0,1,0,1,0,1,0,2,1,0,3,1,0,0,0,0,2,1,2,0,1,2,0,0,2,1,0,2,1,1,2,3,1,3,2,3,0,2,1,1,1,4,3,2,1,5,2,1,1,5,1,3,1,2,2,1,2,1,2,3,2,2,1,3,1,1,1,0],[0,1,0,1,2,1,1,1,0,1,0,2,0,1,2,1,0,0,1,0,1,2,1,2,0,0,1,3,2,2,1,0,0,2,0,0,0,0,2,0,1,1,0,1,2,1,2,0,1,2,1,1,2,1,1,2,2,0,1,0,1,0,0,1,0,0,3,0,2,1,0,1,0,0,0,2,4,2,0,1,1,2,1,1,0,1,0,1,0,0,0,2,1,0,0,2,3,3,2,1,2,0,1,0,0,0,0,0,0,1,1,0,0,2,2,2,1,1,2,1,0,2,3,0,0,0,1,1,1,0,1,0,1,0,1,0,1,0,2,0],[4,1,5,1,4,0,4,1,5,0,4,0,3,4,2,1,1,2,1,0,1,0,1,3,0,2,1,0,2,0,3,0,0,4,0,1,2,0,1,1,3,2,3,2,2,2,6,0,4,1,3,1,2,2,4,0,4,0,1,1,3,2,1,0,2,0,1,1,2,1,1,0,1,1,1,2,2,0,1,0,2,0,2,2,2,2,2,1,2,2,2,3,2,1,1,0,0,1,2,4,3,1,3,1,1,0,2,1,1,1,2,2,1,1,0,0,1,0,3,0,1,0,0,0,3,1,0,0,1,0,0,0,2,1,1,0,0,0,0,0],[13,2,7,2,1,1,4,1,2,0,2,1,4,2,2,1,3,1,1,2,1,1,1,3,2,0,2,1,2,0,1,2,5,2,2,4,2,4,1,2,2,2,3,2,1,4,3,4,2,3,1,1,2,4,1,0,3,0,1,1,1,4,2,2,1,2,3,0,2,3,3,0,2,3,2,1,2,1,3,1,2,0,7,3,1,0,2,2,4,3,0,1,0,2,0,2,0,1,0,0,0,1,0,1,2,1,2,3,4,0,1,1,2,1,1,0,0,1,2,1,2,4,3,2,1,2,3,3,1,2,0,3,2,2,0,2,1,2,1,0]],"spacings":[{"orient":3,"bin":0,"pvalue":2.83301e-09,"inferred_pwm":[[0.0769231,0,0.923077,0],[0.153846,0.0769231,0.153846,0.615385],[0,0.0769231,0.846154,0.0769231],[0.384615,0,0,0.615385],[0,0,0.846154,0.153846],[0.0769231,0,0.307692,0.615385],[0.384615,0,0.615385,0],[0.153846,0.307692,0,0.538462],[0.384615,0,0.615385,0],[0,0,0.153846,0.846154],[0,0,1,0],[0,0,0,1]],"alignment_pwm":[null,null,null,[[0.0769231,0.538462,0.230769,0.153846],[0.0769231,0.384615,0.153846,0.384615],[0.153846,0.461538,0.153846,0.230769],[0.230769,0.153846,0.384615,0.230769],[0.230769,0.384615,0.307692,0.0769231],[0.230769,0.153846,0.0769231,0.538462],[0.166667,0.5,0.0833333,0.25],[0.0833333,0.166667,0.25,0.5],[0.333333,0.0833333,0.416667,0.166667],[0.0833333,0.333333,0.333333,0.25],[0.5,0.333333,0.0833333,0.0833333],[0.333333,0.416667,0.0833333,0.166667],[0.615385,0.153846,0,0.230769],[0.0769231,0.461538,0.153846,0.307692],[0.307692,0.153846,0.153846,0.384615],[0.153846,0.538462,0.153846,0.153846],[0.454545,0.0909091,0.363636,0.0909091],[0.181818,0.636364,0.0909091,0.0909091],[0.545455,0.181818,0,0.272727],[0.0909091,0.545455,0.0909091,0.272727],[0.454545,0.0909091,0.0909091,0.363636],[0,0.636364,0.181818,0.181818],[0.615385,0,0.307692,0.0769231],[0,1,0,0],[1,0,0,0],[0,1,0,0],[0,0,1,0],[0,1,0,0],[1,0,0,0],[0,1,0,0],[0.846154,0.153846,0,0],[0,0.615385,0,0.384615],[0.538462,0,0.307692,0.153846],[0,0.615385,0,0.384615],[0.615385,0.307692,0,0.0769231],[0.153846,0.846154,0,0],[0.615385,0,0,0.384615],[0.0769231,0.846154,0.0769231,0],[0.615385,0.153846,0.0769231,0.153846],[0,0.923077,0,0.0769231],[0.538462,0.307692,0.153846,0],[0.153846,0.461538,0.230769,0.153846],[0.307692,0.0769231,0.384615,0.230769],[0.0769231,0.230769,0.307692,0.384615],[0.307692,0.230769,0.307692,0.153846],[0.307692,0.384615,0.0769231,0.230769],[0.153846,0.230769,0.307692,0.307692],[0.230769,0.307692,0.230769,0.230769],[0.461538,0.153846,0.384615,0],[0.230769,0.230769,0.307692,0.230769]]],"seqs":[2,21,32,45,51,69,76,89,96,118,124,125,139]},{"orient":5,"bin":0,"pvalue":6.62594e-06,"inferred_pwm":[[0.0769231,0,0.923077,0],[0.153846,0.0769231,0.153846,0.615385],[0,0.0769231,0.846154,0.0769231],[0.384615,0,0,0.615385],[0,0,0.846154,0.153846],[0.0769231,0,0.307692,0.615385],[0.384615,0,0.615385,0],[0.153846,0.307692,0,0.538462],[0.384615,0,0.615385,0],[0,0,0.153846,0.846154],[0,0,1,0],[0,0,0,1]],"alignment_pwm":[null,null,null,[[0.0769231,0.538462,0.230769,0.153846],[0.0769231,0.384615,0.153846,0.384615],[0.153846,0.461538,0.153846,0.230769],[0.230769,0.153846,0.384615,0.230769],[0.230769,0.384615,0.307692,0.0769231],[0.230769,0.153846,0.0769231,0.538462],[0.166667,0.5,0.0833333,0.25],[0.0833333,0.166667,0.25,0.5],[0.333333,0.0833333,0.416667,0.166667],[0.0833333,0.333333,0.333333,0.25],[0.5,0.333333,0.0833333,0.0833333],[0.333333,0.416667,0.0833333,0.166667],[0.615385,0.153846,0,0.230769],[0.0769231,0.461538,0.153846,0.307692],[0.307692,0.153846,0.153846,0.384615],[0.153846,0.538462,0.153846,0.153846],[0.454545,0.0909091,0.363636,0.0909091],[0.181818,0.636364,0.0909091,0.0909091],[0.545455,0.181818,0,0.272727],[0.0909091,0.545455,0.0909091,0.272727],[0.454545,0.0909091,0.0909091,0.363636],[0,0.636364,0.181818,0.181818],[0.615385,0,0.307692,0.0769231],[0,1,0,0],[1,0,0,0],[0,1,0,0],[0,0,1,0],[0,1,0,0],[1,0,0,0],[0,1,0,0],[0.846154,0.153846,0,0],[0,0.615385,0,0.384615],[0.538462,0,0.307692,0.153846],[0,0.615385,0,0.384615],[0.615385,0.307692,0,0.0769231],[0.153846,0.846154,0,0],[0.615385,0,0,0.384615],[0.0769231,0.846154,0.0769231,0],[0.615385,0.153846,0.0769231,0.153846],[0,0.923077,0,0.0769231],[0.538462,0.307692,0.153846,0],[0.153846,0.461538,0.230769,0.153846],[0.307692,0.0769231,0.384615,0.230769],[0.0769231,0.230769,0.307692,0.384615],[0.307692,0.230769,0.307692,0.153846],[0.307692,0.384615,0.0769231,0.230769],[0.153846,0.230769,0.307692,0.307692],[0.230769,0.307692,0.230769,0.230769],[0.461538,0.153846,0.384615,0],[0.230769,0.230769,0.307692,0.230769]]],"seqs":[2,21,32,45,51,69,76,89,96,118,124,125,139]},{"orient":7,"bin":0,"pvalue":6.62594e-06,"inferred_pwm":[[0.0769231,0,0.923077,0],[0.153846,0.0769231,0.153846,0.615385],[0,0.0769231,0.846154,0.0769231],[0.384615,0,0,0.615385],[0,0,0.846154,0.153846],[0.0769231,0,0.307692,0.615385],[0.384615,0,0.615385,0],[0.153846,0.307692,0,0.538462],[0.384615,0,0.615385,0],[0,0,0.153846,0.846154],[0,0,1,0],[0,0,0,1]],"alignment_pwm":[null,null,null,[[0.0769231,0.538462,0.230769,0.153846],[0.0769231,0.384615,0.153846,0.384615],[0.153846,0.461538,0.153846,0.230769],[0.230769,0.153846,0.384615,0.230769],[0.230769,0.384615,0.307692,0.0769231],[0.230769,0.153846,0.0769231,0.538462],[0.166667,0.5,0.0833333,0.25],[0.0833333,0.166667,0.25,0.5],[0.333333,0.0833333,0.416667,0.166667],[0.0833333,0.333333,0.333333,0.25],[0.5,0.333333,0.0833333,0.0833333],[0.333333,0.416667,0.0833333,0.166667],[0.615385,0.153846,0,0.230769],[0.0769231,0.461538,0.153846,0.307692],[0.307692,0.153846,0.153846,0.384615],[0.153846,0.538462,0.153846,0.153846],[0.454545,0.0909091,0.363636,0.0909091],[0.181818,0.636364,0.0909091,0.0909091],[0.545455,0.181818,0,0.272727],[0.0909091,0.545455,0.0909091,0.272727],[0.454545,0.0909091,0.0909091,0.363636],[0,0.636364,0.181818,0.181818],[0.615385,0,0.307692,0.0769231],[0,1,0,0],[1,0,0,0],[0,1,0,0],[0,0,1,0],[0,1,0,0],[1,0,0,0],[0,1,0,0],[0.846154,0.153846,0,0],[0,0.615385,0,0.384615],[0.538462,0,0.307692,0.153846],[0,0.615385,0,0.384615],[0.615385,0.307692,0,0.0769231],[0.153846,0.846154,0,0],[0.615385,0,0,0.384615],[0.0769231,0.846154,0.0769231,0],[0.615385,0.153846,0.0769231,0.153846],[0,0.923077,0,0.0769231],[0.538462,0.307692,0.153846,0],[0.153846,0.461538,0.230769,0.153846],[0.307692,0.0769231,0.384615,0.230769],[0.0769231,0.230769,0.307692,0.384615],[0.307692,0.230769,0.307692,0.153846],[0.307692,0.384615,0.0769231,0.230769],[0.153846,0.230769,0.307692,0.307692],[0.230769,0.307692,0.230769,0.230769],[0.461538,0.153846,0.384615,0],[0.230769,0.230769,0.307692,0.230769]]],"seqs":[2,21,32,45,51,69,76,89,96,118,124,125,139]}]}],[{"idx":0,"counts":[[0,0,0,0,0,0,0,0,0,0,0,0,0,1,0,0,0,0,0,0,0,0,0,0,0,0,0,0,0,0,0,0,0,0,0,0,0,0,0,0,0,0,0,0,0,0,2,0,0,0,0,0,0,0,0,0,0,0,0,0,0,0,0,1,0,0,0,0,0,0,0,0,0,0,0,0,0,0,0,0,0,0,0,0,0,0,0,0,0,0,0,0,0,0,0,0,0,0,0,0,0,0,0,0,0,0,0,0,0,0,0,1,0,0,0,0,0,0,1,0,0,0],[0,0,0,0,0,1,3,0,0,0,0,0,0,0,0,0,0,0,0,0,0,0,0,0,0,0,0,0,0,0,0,0,0,0,0,0,0,0,0,0,0,0,0,0,0,0,0,0,0,0,0,0,0,0,0,0,0,2,0,4,0,1,0,0,0,0,0,0,0,0,0,0,0,0,0,0,0,0,0,0,0,0,0,0,0,1,0,0,0,0,1,1,0,0,0,0,0,0,0,0,0,0,0,0,0,0,0,0,0,0,0,1,0,0,0,0,0,0,0,0,0,0],[0,0,0,0,1,0,0,0,0,0,0,0,0,0,0,0,0,0,0,0,0,0,0,0,0,0,0,0,0,0,0,0,0,0,0,0,0,0,0,0,0,0,0,0,0,0,0,0,0,0,0,0,0,0,0,0,0,0,0,0,0,0,0,0,0,0,0,0,0,0,0,0,0,0,0,0,1,0,0,0,0,0,0,0,0,0,0,0,0,0,0,0,0,1,0,0,0,0,0,0,0,0,0,1,0,0,0,0,0,0,0,0,0,0,0,0,0,0,0,0,0,0],[0,0,0,0,0,0,0,0,0,0,0,0,0,0,0,0,0,0,0,0,0,0,0,0,0,0,0,0,0,0,0,0,0,0,0,0,0,0,0,0,0,0,0,0,0,0,0,1,0,0,0,0,0,0,0,0,0,0,0,0,0,0,1,0,0,0,1,0,0,0,0,0,1,0,0,0,0,0,0,0,0,0,0,0,0,0,0,0,0,0,0,0,0,0,0,0,0,0,0,0,0,0,0,0,0,0,0,0,0,0,0,0,0,0,0,0,0,0,0,0,0,0]],"spacings":[{"orient":1,"bin":59,"pvalue":4.15293e-07,"inferred_pwm":[[1,0,0,0],[0,0,1,0],[1,0,0,0],[0,1,0,0],[0,0.75,0,0.25],[1,0,0,0],[0,0,1,0],[0,1,0,0],[0,1,0,0],[0,0,0,1],[0.25,0,0.75,0],[0.25,0,0.75,0],[0,0.75,0.25,0],[0,1,0,0],[1,0,0,0],[1,0,0,0],[0,1,0,0],[1,0,0,0],[0,0.25,0,0.75],[0.25,0,0.75,0],[0,0,1,0],[0,0.25,0.25,0.5],[0.25,0,0.75,0],[1,0,0,0],[0.75,0,0.25,0],[0.75,0,0.25,0],[0,1,0,0],[0,1,0,0],[0,0.75,0,0.25],[0,1,0,0]],"alignment_pwm":[null,[[0.5,0,0.25,0.25],[0.25,0.25,0,0.5],[0,0,0.25,0.75],[0.25,0.25,0.25,0.25],[0.25,0.25,0,0.5],[0,0.5,0.25,0.25],[0.5,0.25,0,0.25],[0.5,0,0,0.5],[0.25,0.25,0,0.5],[0,0,0.5,0.5],[0,0,0.5,0.5],[0.25,0.25,0,0.5],[0,0.5,0.25,0.25],[0.5,0,0.25,0.25],[0,0.25,0.5,0.25],[0.25,0.25,0.25,0.25],[0.5,0.25,0,0.25],[0.75,0,0,0.25],[0.5,0,0.25,0.25],[0.25,0.25,0,0.5],[0.25,0.25,0.5,0],[0.5,0,0,0.5],[0.25,0,0.5,0.25],[0.5,0,0.25,0.25],[0.5,0.5,0,0],[0,0,0,1],[0.25,0,0.25,0.5],[0.5,0,0,0.5],[0.25,0.25,0,0.5],[0.75,0,0.25,0],[0.25,0.5,0.25,0],[0,0.25,0.25,0.5],[0.25,0,0.25,0.5],[0.666667,0,0.333333,0],[0,0,0.666667,0.333333],[0,0.666667,0,0.333333],[0,0.666667,0,0.333333],[0,0.666667,0,0.333333],[0.333333,0.333333,0,0.333333],[0,0.75,0,0.25],[0.5,0,0,0.5],[0.25,0.25,0.25,0.25],[0,0.5,0.25,0.25],[0,0.75,0,0.25],[0,0,0.25,0.75],[0,0.25,0.25,0.5],[0,0.25,0.5,0.25],[0,0,0.25,0.75],[0,0.25,0.5,0.25],[0.25,0,0.5,0.25],[0.5,0,0,0.5],[0.25,0.5,0,0.25],[0.5,0,0.5,0],[0,0.5,0.25,0.25],[0.25,0.25,0,0.5],[0,0,0.25,0.75],[0.25,0,0.5,0.25],[0.25,0.25,0.25,0.25],[0.25,0.5,0.25,0],[0,0.25,0.25,0.5],[0.25,0.25,0,0.5],[0.25,0.75,0,0],[0,0.25,0,0.75],[0,0.5,0,0.5],[0.25,0,0,0.75],[0.25,0.25,0.25,0.25],[0.25,0.25,0.25,0.25],[0.5,0,0,0.5],[0.25,0.25,0.25,0.25],[0.5,0,0,0.5],[0.5,0,0.5,0],[0.75,0,0.25,0],[0.5,0.25,0.25,0],[0.5,0.25,0,0.25],[0.75,0.25,0,0],[0,0,0,1],[0,0.25,0.25,0.5],[0.75,0,0,0.25],[0.5,0,0.5,0],[0.25,0.25,0,0.5],[0.25,0,0.25,0.5],[0.25,0.5,0.25,0],[0.75,0,0,0.25],[0,0,1,0],[0,0,1,0],[0,1,0,0],[0,1,0,0],[0.75,0,0.25,0],[0,0,1,0],[0,0,1,0],[0,1,0,0],[0.5,0,0.5,0],[0,0.75,0,0.25],[0.75,0,0.25,0],[0,0,1,0],[0,0.25,0,0.75],[0.25,0,0.5,0.25],[0.25,0.25,0.5,0],[0,1,0,0],[0,0,0,1],[0,1,0,0],[1,0,0,0],[0,1,0,0],[0,0,1,0],[0,1,0,0],[0.25,0.5,0,0.25],[0,0,0,1],[0,0,1,0],[0,0,0,1],[0.75,0.25,0,0],[1,0,0,0],[0,0.25,0,0.75],[0,1,0,0],[0,0.75,0,0.25],[0,0.75,0,0.25],[1,0,0,0],[0,0,1,0],[0,1,0,0],[1,0,0,0],[0,1,0,0],[0,0,0,1],[0,0,0.25,0.75],[0,0,0,1],[0.25,0.25,0.5,0],[0,0,1,0],[0.25,0,0.75,0],[1,0,0,0],[0,0,1,0],[0,0,1,0],[0,1,0,0],[0,0.75,0,0.25],[0.5,0,0.5,0],[1,0,0,0],[0,0,1,0],[0.25,0,0.75,0],[0,0.5,0,0.5],[0.25,0,0.75,0],[0,0,1,0],[0,0,1,0],[0,0.75,0,0.25],[0.5,0,0.5,0],[0,0,1,0],[0.75,0,0.25,0],[0,0.25,0,0.75],[0,1,0,0],[0.75,0,0.25,0],[0,1,0,0],[0,0.75,0,0.25],[0,0,0,1],[0,0,1,0],[1,0,0,0],[0,0,1,0],[0,0.25,0.75,0],[0,0.25,0,0.75],[0,0.75,0,0.25],[0.75,0,0,0.25],[0,0,1,0],[0.25,0,0.75,0],[0.5,0,0.25,0.25],[0,0,1,0],[0,0,0,1],[0,0,0,1],[0,1,0,0],[0.25,0.25,0.5,0],[1,0,0,0],[0,0,1,0],[1,0,0,0],[0,1,0,0],[0,0.75,0,0.25],[1,0,0,0],[0,0,1,0],[0,1,0,0],[0,1,0,0],[0,0,0,1],[0.25,0,0.75,0],[0.25,0,0.75,0],[0,0.75,0.25,0],[0,1,0,0],[1,0,0,0],[1,0,0,0],[0,1,0,0],[1,0,0,0],[0,0.25,0,0.75],[0.25,0,0.75,0],[0,0,1,0],[0,0.25,0.25,0.5],[0.25,0,0.75,0],[1,0,0,0],[0.75,0,0.25,0],[0.75,0,0.25,0],[0,1,0,0],[0,1,0,0],[0,0.75,0,0.25],[0,1,0,0],[0.25,0,0.75,0],[0,0.25,0,0.75],[0,1,0,0],[0,0,0.25,0.75],[0,1,0,0],[0.25,0,0,0.75],[0.75,0,0,0.25],[0,1,0,0],[0,0,0,1],[0.75,0.25,0,0]],null,null],"seqs":[30,50,135,138]},{"orient":6,"bin":59,"pvalue":6.37572e-06,"inferred_pwm":[[1,0,0,0],[0,0,1,0],[1,0,0,0],[0,1,0,0],[0,0.75,0,0.25],[1,0,0,0],[0,0,1,0],[0,1,0,0],[0,1,0,0],[0,0,0,1],[0.25,0,0.75,0],[0.25,0,0.75,0],[0,0.75,0.25,0],[0,1,0,0],[1,0,0,0],[1,0,0,0],[0,1,0,0],[1,0,0,0],[0,0.25,0,0.75],[0.25,0,0.75,0],[0,0,1,0],[0,0.25,0.25,0.5],[0.25,0,0.75,0],[1,0,0,0],[0.75,0,0.25,0],[0.75,0,0