<!DOCTYPE HTML>
<html>
  <head>
    <meta charset="UTF-8">
    <title>SpaMo - Spaced Motif Analysis</title>
    <script type="text/javascript">
      //@JSON_VAR data
      var data = {"program":"SpaMo","version":"4.12.0","revision":"aacc9c3eb8c7b460b344d5c8aa1458097dae704d","release":"Tue Jun 27 16:22:50 2017 -0700","host":"Sudins-iMac.local","when":"Thu May 24 16:52:59 2018","cmd":["spamo","-verbosity","1","-oc","results/AHRpeaks_oneAHRE.bed.fa/jaspar/spamo_out_5","-bgfile","results/AHRpeaks_oneAHRE.bed.fa/jaspar/background","-primary","GARCCCAGGARRSRGWGGWKGCASTGAGSC","results/AHRpeaks_oneAHRE.bed.fa/jaspar/AHRpeaks_oneAHRE.bed.fa","results/AHRpeaks_oneAHRE.bed.fa/jaspar/meme_out/meme.xml","results/AHRpeaks_oneAHRE.bed.fa/jaspar/meme_out/meme.xml","results/AHRpeaks_oneAHRE.bed.fa/jaspar/dreme_out/dreme.xml","/Users/filipov4/meme/db/motif_databases/JASPAR/JASPAR2018_CORE_non-redundant.meme"],"options":{"seq_min_hit_score":7,"margin":150,"bin_size":1,"bin_pvalue_calc_range":150,"use_best_secondary":0,"seq_max_shared_fract":0.5,"seq_odds_ratio":20,"bin_pvalue_cutoff":0.05,"motif_evalue_cutoff":10,"redundant_overlap":2,"redundant_joint":0.5,"motif_pseudocount":0.1,"bgfile":"results/AHRpeaks_oneAHRE.bed.fa/jaspar/background","motif_trim":0.25,"xalph":0,"seed":1,"bin_max":13},"alphabet":{"name":"DNA","like":"dna","ncore":4,"symbols":[{"symbol":"A","name":"Adenine","colour":"CC0000","complement":"T"},{"symbol":"C","name":"Cytosine","colour":"0000CC","complement":"G"},{"symbol":"G","name":"Guanine","colour":"FFB300","complement":"C"},{"symbol":"T","aliases":"U","name":"Thymine","colour":"008000","complement":"A"},{"symbol":"N","aliases":"X.","name":"Any base","equals":"ACGT"},{"symbol":"V","name":"Not T","equals":"ACG"},{"symbol":"H","name":"Not G","equals":"ACT"},{"symbol":"D","name":"Not C","equals":"AGT"},{"symbol":"B","name":"Not A","equals":"CGT"},{"symbol":"M","name":"Amino","equals":"AC"},{"symbol":"R","name":"Purine","equals":"AG"},{"symbol":"W","name":"Weak","equals":"AT"},{"symbol":"S","name":"Strong","equals":"CG"},{"symbol":"Y","name":"Pyrimidine","equals":"CT"},{"symbol":"K","name":"Keto","equals":"GT"}]},"background":[0.2754,0.2246,0.2246,0.2754],"sequence_dbs":[{"source":"results/AHRpeaks_oneAHRE.bed.fa/jaspar/AHRpeaks_oneAHRE.bed.fa","name":"AHRpeaks_oneAHRE.bed","last_modified":"Thu May 24 11:14:28 2018","loaded":843,"excluded_too_short":1,"excluded_no_match":764,"excluded_ambigs":0,"excluded_similar":5,"erased_primary_matches":4}],"primary_dbs":[{"source":"results/AHRpeaks_oneAHRE.bed.fa/jaspar/meme_out/meme.xml","name":"meme.xml","last_modified":"Thu May 24 16:50:55 2018","loaded":6,"excluded":5}],"secondary_dbs":[{"source":"results/AHRpeaks_oneAHRE.bed.fa/jaspar/meme_out/meme.xml","name":"meme.xml","last_modified":"Thu May 24 16:50:55 2018","loaded":7,"excluded":1},{"source":"results/AHRpeaks_oneAHRE.bed.fa/jaspar/dreme_out/dreme.xml","name":"dreme.xml","last_modified":"Thu May 24 16:51:30 2018","loaded":7,"excluded":0},{"source":"/Users/filipov4/meme/db/motif_databases/JASPAR/JASPAR2018_CORE_non-redundant.meme","name":"JASPAR2018_CORE_non-redundant","last_modified":"Thu Dec  7 14:38:42 2017","loaded":1404,"excluded":0}],"secondary_motifs":[{"db":0,"id":"AAAMAAARWAAAWAAA","alt":"MEME-3","len":16,"ltrim":0,"rtrim":0,"nsites":50,"evalue":"1.7e-012","pwm":[[0.958634,0.000448304,0.000448304,0.0404699],[0.958634,0.000448304,0.000448304,0.0404699],[0.958634,0.000448304,0.000448304,0.0404699],[0.439671,0.39965,0.160129,0.0005497],[0.739073,0.000448304,0.000448304,0.260031],[0.599352,0.120209,0.160129,0.12031],[0.838873,0.000448304,0.0603285,0.10035],[0.579392,0.000448304,0.31981,0.10035],[0.619312,0.000448304,0.000448304,0.379791],[0.699152,0.000448304,0.000448304,0.299951],[0.759033,0.0603285,0.140169,0.0404699],[0.759033,0.0802886,0.000448304,0.16023],[0.559432,0.000448304,0.000448304,0.439671],[0.778993,0.140169,0.0403685,0.0404699],[0.798953,0.000448304,0.100249,0.10035],[0.719113,0.000448304,0.279889,0.0005497]]},{"db":0,"id":"CCHCACCCTSCC","alt":"MEME-5","len":12,"ltrim":0,"rtrim":0,"nsites":35,"evalue":"5.3e-006","pwm":[[0.000784615,0.798361,0.000639886,0.200215],[0.000784615,0.82685,0.000639886,0.171725],[0.285685,0.34252,0.000639886,0.371155],[0.000784615,0.940811,0.0576201,0.000784615],[0.542095,0.22856,0.000639886,0.228704],[0.000784615,0.997791,0.000639886,0.000784615],[0.000784615,0.997791,0.000639886,0.000784615],[0.000784615,0.82685,0.17158,0.000784615],[0.257195,0.20007,0.000639886,0.542095],[0.000784615,0.655911,0.34252,0.000784615],[0.285685,0.712891,0.000639886,0.000784615],[0.000784615,0.912321,0.000639886,0.0862544]]},{"db":0,"id":"CTCTGTCACSCAGGCTGGARTGCAGTGGCG","alt":"MEME-6","len":30,"ltrim":0,"rtrim":0,"nsites":5,"evalue":"7.6e-006","pwm":[[0.0054,0.984796,0.00440392,0.0054],[0.0054,0.00440392,0.00440392,0.985792],[0.0054,0.788718,0.200482,0.0054],[0.0054,0.00440392,0.00440392,0.985792],[0.0054,0.00440392,0.984796,0.0054],[0.0054,0.200482,0.00440392,0.789714],[0.0054,0.788718,0.00440392,0.201478],[0.789714,0.00440392,0.200482,0.0054],[0.0054,0.788718,0.00440392,0.201478],[0.0054,0.592639,0.396561,0.0054],[0.201478,0.592639,0.00440392,0.201478],[0.789714,0.00440392,0.200482,0.0054],[0.0054,0.00440392,0.984796,0.0054],[0.201478,0.00440392,0.788718,0.0054],[0.0054,0.788718,0.00440392,0.201478],[0.0054,0.00440392,0.00440392,0.985792],[0.0054,0.00440392,0.984796,0.0054],[0.201478,0.00440392,0.788718,0.0054],[0.985792,0.00440392,0.00440392,0.0054],[0.397557,0.00440392,0.592639,0.0054],[0.0054,0.00440392,0.00440392,0.985792],[0.0054,0.00440392,0.984796,0.0054],[0.0054,0.984796,0.00440392,0.0054],[0.593635,0.00440392,0.200482,0.201478],[0.0054,0.00440392,0.984796,0.0054],[0.0054,0.00440392,0.00440392,0.985792],[0.0054,0.00440392,0.984796,0.0054],[0.201478,0.00440392,0.788718,0.0054],[0.0054,0.592639,0.200482,0.201478],[0.201478,0.00440392,0.788718,0.0054]]},{"db":0,"id":"GCCYCAGGS","alt":"MEME-1","len":9,"ltrim":0,"rtrim":0,"nsites":46,"evalue":"1.8e-010","pwm":[[0.000597397,0.000487202,0.998318,0.000597397],[0.000597397,0.998318,0.000487202,0.000597397],[0.000597397,0.998318,0.000487202,0.000597397],[0.000597397,0.499403,0.000487202,0.499513],[0.000597397,0.998318,0.000487202,0.000597397],[0.521205,0.0655627,0.195715,0.217517],[0.000597397,0.000487202,0.998318,0.000597397],[0.000597397,0.152331,0.846474,0.000597397],[0.000597397,0.542786,0.456019,0.000597397]]},{"db":2,"id":"MA0003.3","alt":"TFAP2A","len":11,"ltrim":1,"rtrim":1,"nsites":5308,"url":"http://jaspar2018.genereg.net/matrix/MA0003.3","pwm":[[0.321401,0.365295,0.0521882,0.261115],[0.0249497,0.176257,0.790229,0.00856303],[5.1883e-06,0.974472,0.0255178,5.1883e-06],[5.1883e-06,0.947852,0.00196819,0.0501742],[0.00622107,0.310038,0.123942,0.559799],[0.10833,0.50527,0.30388,0.0825206],[0.68562,0.187419,0.116408,0.010553],[0.154624,0.0342286,0.811143,5.1883e-06],[5.1883e-06,0.00580912,0.994181,5.1883e-06],[0.00578908,0.881704,0.108584,0.00392311],[0.351355,0.15034,0.243971,0.254333]]},{"db":2,"id":"MA0006.1","alt":"Ahr::Arnt","len":6,"ltrim":0,"rtrim":0,"nsites":24,"url":"http://jaspar2018.genereg.net/matrix/MA0006.1","pwm":[[0.125624,0.332882,0.0839192,0.457574],[0.00114274,0.000931951,0.955288,0.0426368],[0.00114274,0.955288,0.000931951,0.0426368],[0.00114274,0.000931951,0.955288,0.0426368],[0.00114274,0.000931951,0.000931951,0.996993],[0.00114274,0.000931951,0.996783,0.00114274]]},{"db":2,"id":"MA0010.1","alt":"br","len":14,"ltrim":1,"rtrim":1,"nsites":9,"url":"http://jaspar2018.genereg.net/matrix/MA0010.1","pwm":[[0.332696,0.112358,0.442028,0.112916],[0.112916,0.112358,0.112358,0.662367],[0.552477,0.222248,0.112358,0.112916],[0.772257,0.00246813,0.112358,0.112916],[0.332696,0.00246813,0.00246813,0.662367],[0.662367,0.00246813,0.00246813,0.332696],[0.442586,0.112358,0.442028,0.00302637],[0.772257,0.00246813,0.112358,0.112916],[0.112916,0.881589,0.00246813,0.00302637],[0.992037,0.00246813,0.00246813,0.00302637],[0.882147,0.00246813,0.112358,0.00302637],[0.552477,0.00246813,0.332138,0.112916],[0.442586,0.00246813,0.00246813,0.552477],[0.222806,0.332138,0.222248,0.222806]]},{"db":2,"id":"MA0013.1","alt":"br(var.4)","len":11,"ltrim":0,"rtrim":0,"nsites":6,"url":"http://jaspar2018.genereg.net/matrix/MA0013.1","pwm":[[0.16845,0.167617,0.00368197,0.660253],[0.660253,0.00368197,0.00368197,0.332383],[0.332383,0.00368197,0.65942,0.00451475],[0.16845,0.00368197,0.00368197,0.824187],[0.824187,0.00368197,0.167617,0.00451475],[0.988121,0.00368197,0.00368197,0.00451475],[0.824187,0.00368197,0.167617,0.00451475],[0.16845,0.495485,0.167617,0.16845],[0.496318,0.00368197,0.167617,0.332383],[0.824187,0.00368197,0.00368197,0.16845],[0.496318,0.167617,0.00368197,0.332383]]},{"db":2,"id":"MA0019.1","alt":"Ddit3::Cebpa","len":12,"ltrim":2,"rtrim":0,"nsites":39,"url":"http://jaspar2018.genereg.net/matrix/MA0019.1","pwm":[[0.35876,0.179602,0.307479,0.154157],[0.282034,0.179602,0.35863,0.179732],[0.461062,0.0773007,0.384206,0.0774306],[0.000704348,0.0261498,0.000574425,0.972571],[0.000704348,0.000574425,0.972441,0.0262798],[0.103006,0.844564,0.000574425,0.0518552],[0.972571,0.0261498,0.000574425,0.000704348],[0.921421,0.0517253,0.0261498,0.000704348],[0.000704348,0.154027,0.000574425,0.844694],[0.35876,0.435357,0.128452,0.0774306],[0.103006,0.58881,0.230753,0.0774306],[0.000704348,0.665536,0.154027,0.179732]]},{"db":2,"id":"MA0032.2","alt":"FOXC1","len":11,"ltrim":0,"rtrim":0,"nsites":19566,"url":"http://jaspar2018.genereg.net/matrix/MA0032.2","pwm":[[0.329756,0.0394569,0.0155381,0.615249],[0.695237,0.035336,0.202155,0.0672731],[0.344387,0.0876137,0.105678,0.462323],[0.257364,0.0178011,0.722131,0.00270339],[0.108395,0.0717428,0.0169381,0.802924],[0.706923,0.289518,0.00113314,0.0024264],[0.991151,0.00579112,1.1479e-06,0.00305739],[0.983558,0.00298013,0.00750211,0.00595938],[0.00649837,0.467699,0.0087881,0.517014],[0.966337,0.00141214,0.022632,0.00961836],[0.31682,0.0736508,0.0523319,0.557199]]},{"db":2,"id":"MA0038.1","alt":"Gfi1","len":10,"ltrim":1,"rtrim":0,"nsites":53,"url":"http://jaspar2018.genereg.net/matrix/MA0038.1","pwm":[[0.17001,0.37707,0.169914,0.283005],[0.527826,0.301741,0.132249,0.0381836],[0.998635,0.000422976,0.000422976,0.000518644],[0.998635,0.000422976,0.000422976,0.000518644],[0.0193511,0.000422976,0.0192554,0.96097],[0.0193511,0.979707,0.000422976,0.000518644],[0.584323,0.132249,0.0380879,0.24534],[0.151177,0.52773,0.207579,0.113513],[0.358335,0.207579,0.0380879,0.395998],[0.132345,0.245244,0.52773,0.094681]]},{"db":2,"id":"MA0041.1","alt":"Foxd3","len":12,"ltrim":0,"rtrim":0,"nsites":47,"url":"http://jaspar2018.genereg.net/matrix/MA0041.1","pwm":[[0.234131,0.0641713,0.552493,0.149205],[0.637528,0.0429395,0.000476858,0.319056],[0.510139,0.0217087,0.000476858,0.467676],[0.0218165,0.0854022,0.000476858,0.892304],[0.255362,0.000476858,0.722345,0.0218165],[0.000584713,0.000476858,0.000476858,0.998462],[0.0218165,0.000476858,0.000476858,0.97723],[0.106742,0.000476858,0.212791,0.67999],[0.297824,0.000476858,0.446337,0.255362],[0.127974,0.149097,0.000476858,0.722453],[0.0218165,0.0429395,0.0854022,0.849842],[0.000584713,0.255254,0.000476858,0.743685]]},{"db":2,"id":"MA0043.2","alt":"HLF","len":12,"ltrim":1,"rtrim":1,"nsites":2138,"url":"http://jaspar2018.genereg.net/matrix/MA0043.2","pwm":[[0.200658,0.343773,0.17727,0.278297],[0.387124,0.239891,0.333216,0.039768],[0.00327473,0.000476483,1.05047e-05,0.996238],[0.00248177,0.0156478,0.102064,0.879807],[0.86591,1.05047e-05,0.125562,0.00851748],[0.00504965,0.717908,0.011763,0.265279],[0.439272,0.0237474,0.534219,0.00276175],[0.018421,0.236192,0.00278937,0.742597],[0.879807,0.116054,0.00165643,0.00248177],[0.994385,1.05047e-05,0.0023364,0.00326873],[0.0499125,0.486825,0.110025,0.353238],[0.301215,0.344709,0.168385,0.185692]]},{"db":2,"id":"MA0044.1","alt":"HMG-1","len":9,"ltrim":0,"rtrim":0,"nsites":13,"url":"http://jaspar2018.genereg.net/matrix/MA0044.1","pwm":[[0.00210229,0.383394,0.612402,0.00210229],[0.00210229,0.0017145,0.230722,0.765461],[0.00210229,0.307058,0.0017145,0.689125],[0.00210229,0.154386,0.765074,0.0784381],[0.00210229,0.0780503,0.0017145,0.918133],[0.460117,0.0780503,0.230722,0.23111],[0.23111,0.383394,0.0017145,0.383781],[0.00210229,0.0780503,0.154386,0.765461],[0.00210229,0.612402,0.0780503,0.307445]]},{"db":2,"id":"MA0049.1","alt":"hb","len":10,"ltrim":0,"rtrim":0,"nsites":16,"url":"http://jaspar2018.genereg.net/matrix/MA0049.1","pwm":[[0.0638224,0.311954,0.498289,0.125934],[0.374381,0.498289,0.125619,0.00171056],[0.560717,0.18773,0.249842,0.00171056],[0.250158,0.18773,0.0635068,0.498605],[0.809164,0.0635068,0.00139503,0.125934],[0.995499,0.00139503,0.00139503,0.00171056],[0.995499,0.00139503,0.00139503,0.00171056],[0.871276,0.00139503,0.125619,0.00171056],[0.933388,0.0635068,0.00139503,0.00171056],[0.560717,0.125619,0.125619,0.188046]]},{"db":2,"id":"MA0067.1","alt":"Pax2","len":8,"ltrim":1,"rtrim":0,"nsites":31,"url":"http://jaspar2018.genereg.net/matrix/MA0067.1","pwm":[[0.322429,0.225802,0.161494,0.290275],[0.225965,0.0328765,0.675963,0.0651941],[0.0973484,0.0650307,0.000722187,0.836899],[0.00088553,0.901044,0.0328765,0.0651941],[0.836899,0.0328765,0.097185,0.0330398],[0.0651941,0.547346,0.0328765,0.354584],[0.0651941,0.000722187,0.611654,0.322429],[0.0330398,0.35442,0.35442,0.258121]]},{"db":2,"id":"MA0079.3","alt":"SP1","len":11,"ltrim":1,"rtrim":0,"nsites":8734,"url":"http://jaspar2018.genereg.net/matrix/MA0079.3","pwm":[[0.098124,0.204488,0.489005,0.208382],[3.15316e-06,0.711581,0.0735077,0.214908],[0.011338,0.767454,2.57153e-06,0.221205],[3.15316e-06,0.999991,2.57153e-06,3.15316e-06],[3.15316e-06,0.991633,2.57153e-06,0.00836106],[0.1556,2.57153e-06,0.529422,0.314976],[3.15316e-06,0.999991,2.57153e-06,3.15316e-06],[3.15316e-06,0.999991,2.57153e-06,3.15316e-06],[3.15316e-06,0.764707,2.57153e-06,0.235287],[0.12068,0.727839,2.57153e-06,0.151478],[0.0746533,0.568922,0.0840406,0.272384]]},{"db":2,"id":"MA0082.1","alt":"squamosa","len":14,"ltrim":0,"rtrim":1,"nsites":30,"url":"http://jaspar2018.genereg.net/matrix/MA0082.1","pwm":[[0.366364,0.465863,0.0339684,0.133805],[0.00091495,0.731643,0.00074618,0.266696],[0.798257,0.00074618,0.133636,0.0673605],[0.532476,0.0671917,0.0339684,0.366364],[0.765035,0.00074618,0.00074618,0.233473],[0.565699,0.00074618,0.00074618,0.432808],[0.798257,0.0339684,0.00074618,0.167028],[0.266696,0.00074618,0.0339684,0.698589],[0.466032,0.0339684,0.499085,0.00091495],[0.0341372,0.0339684,0.930978,0.00091495],[0.466032,0.166859,0.0339684,0.333141],[0.831479,0.166859,0.00074618,0.00091495],[0.698589,0.0671917,0.100414,0.133805],[0.233473,0.166859,0.266527,0.333141]]},{"db":2,"id":"MA0084.1","alt":"SRY","len":9,"ltrim":2,"rtrim":0,"nsites":28,"url":"http://jaspar2018.genereg.net/matrix/MA0084.1","pwm":[[0.178916,0.178735,0.356671,0.285677],[0.285677,0.107561,0.143148,0.463614],[0.534788,0.000799289,0.107561,0.356852],[0.641549,0.107561,0.107561,0.143329],[0.89066,0.000799289,0.000799289,0.107742],[0.000980071,0.926066,0.000799289,0.0721549],[0.997421,0.000799289,0.000799289,0.000980071],[0.961834,0.000799289,0.0363862,0.000980071],[0.25009,0.000799289,0.0719741,0.677136]]},{"db":2,"id":"MA0090.2","alt":"TEAD1","len":10,"ltrim":1,"rtrim":1,"nsites":1133,"url":"http://jaspar2018.genereg.net/matrix/MA0090.2","pwm":[[0.192417,0.40069,0.129752,0.27714],[0.572071,0.0779549,0.310202,0.0397718],[0.18105,0.785603,0.0179512,0.0153939],[0.922518,0.0513603,1.98217e-05,0.026102],[2.4305e-05,0.00874505,0.00350951,0.987721],[0.227472,0.0283433,1.98217e-05,0.744165],[0.0244531,0.953601,0.00170467,0.0202415],[2.4305e-05,0.794894,0.00072176,0.20436],[0.42915,0.0753412,0.142371,0.353137],[0.247571,0.305917,0.122025,0.324488]]},{"db":2,"id":"MA0092.1","alt":"Hand1::Tcf3","len":10,"ltrim":1,"rtrim":0,"nsites":29,"url":"http://jaspar2018.genereg.net/matrix/MA0092.1","pwm":[[0.138403,0.275686,0.344415,0.241496],[0.344589,0.000771822,0.516235,0.138403],[0.0696754,0.0695008,0.0351363,0.825688],[0.000946391,0.962971,0.000771822,0.0353109],[0.000946391,0.000771822,0.000771822,0.99751],[0.000946391,0.000771822,0.997335,0.000946391],[0.000946391,0.103864,0.859878,0.0353109],[0.310225,0.481872,0.0351363,0.172768],[0.550774,0.000771822,0.103864,0.344589],[0.172768,0.138229,0.138229,0.550774]]},{"db":2,"id":"MA0118.1","alt":"Macho-1","len":9,"ltrim":1,"rtrim":1,"nsites":42,"url":"http://jaspar2018.genereg.net/matrix/MA0118.1","pwm":[[0.119419,0.356828,0.143051,0.380701],[0.214431,0.0480394,0.546852,0.190678],[0.000654157,0.000533492,0.998158,0.000654157],[0.000654157,0.000533492,0.998158,0.000654157],[0.0719135,0.0955453,0.546852,0.28569],[0.000654157,0.000533492,0.998158,0.000654157],[0.119419,0.166805,0.356828,0.356949],[0.119419,0.333075,0.0955453,0.451961],[0.309443,0.333075,0.238063,0.119419]]},{"db":2,"id":"MA0120.1","alt":"id1","len":12,"ltrim":0,"rtrim":0,"nsites":24,"url":"http://jaspar2018.genereg.net/matrix/MA0120.1","pwm":[[0.0426368,0.0424261,0.0839192,0.831018],[0.125624,0.125413,0.166907,0.582055],[0.0426368,0.0839192,0.374376,0.499068],[0.00114274,0.374376,0.125413,0.499068],[0.00114274,0.540351,0.166907,0.2916],[0.08413,0.457363,0.166907,0.2916],[0.125624,0.332882,0.0839192,0.457574],[0.0426368,0.0424261,0.0424261,0.872512],[0.333093,0.2084,0.0424261,0.416081],[0.00114274,0.249895,0.291389,0.457574],[0.00114274,0.706326,0.000931951,0.2916],[0.08413,0.000931951,0.74782,0.167118]]},{"db":2,"id":"MA0123.1","alt":"abi4","len":10,"ltrim":0,"rtrim":0,"nsites":49,"url":"http://jaspar2018.genereg.net/matrix/MA0123.1","pwm":[[0.000560896,0.998421,0.000457434,0.000560896],[0.24496,0.000457434,0.754022,0.000560896],[0.000560896,0.407789,0.591089,0.000560896],[0.000560896,0.468889,0.0208239,0.509726],[0.0209273,0.0615567,0.916954,0.000560896],[0.000560896,0.916954,0.0819242,0.000560896],[0.102394,0.570723,0.122657,0.204227],[0.0616602,0.509622,0.22449,0.204227],[0.0616602,0.631822,0.102291,0.204227],[0.0820276,0.529989,0.143023,0.24496]]},{"db":2,"id":"MA0130.1","alt":"ZNF354C","len":6,"ltrim":0,"rtrim":0,"nsites":16,"url":"http://jaspar2018.genereg.net/matrix/MA0130.1","pwm":[[0.436493,0.374066,0.18773,0.00171056],[0.188046,0.125619,0.00139503,0.68494],[0.00171056,0.995184,0.00139503,0.00171056],[0.00171056,0.995184,0.00139503,0.00171056],[0.995499,0.00139503,0.00139503,0.00171056],[0.00171056,0.933072,0.0635068,0.00171056]]},{"db":2,"id":"MA0146.2","alt":"Zfx","len":14,"ltrim":3,"rtrim":1,"nsites":477,"url":"http://jaspar2018.genereg.net/matrix/MA0146.2","pwm":[[0.104858,0.373135,0.37523,0.146778],[0.123722,0.356366,0.362654,0.157258],[0.190395,0.315881,0.416278,0.0774475],[0.150339,0.102322,0.619959,0.12738],[0.0208434,0.617382,0.29936,0.0624147],[0.0125291,0.75041,0.0042042,0.232857],[0.0624147,0.257789,0.380424,0.299371],[0.397063,0.318067,0.253632,0.0312362],[0.0166862,0.0042042,0.976973,0.00213629],[5.77237e-05,0.00628277,0.991523,0.00213629],[5.77237e-05,0.999837,4.70761e-05,5.77237e-05],[5.77237e-05,0.997759,4.70761e-05,0.00213629],[5.77237e-05,0.00212564,4.70761e-05,0.99777],[0.175021,0.254161,0.454119,0.1167]]},{"db":2,"id":"MA0158.1","alt":"HOXA5","len":8,"ltrim":0,"rtrim":0,"nsites":15,"url":"http://jaspar2018.genereg.net/matrix/MA0158.1","pwm":[[0.134274,0.862415,0.00148742,0.00182384],[0.436426,0.00148742,0.311918,0.250168],[0.00182384,0.43609,0.311918,0.250168],[0.37434,0.00148742,0.0635735,0.560599],[0.871029,0.00148742,0.00148742,0.125996],[0.871029,0.00148742,0.12566,0.00182384],[0.00182384,0.00148742,0.00148742,0.995201],[0.00182384,0.0635735,0.374004,0.560599]]},{"db":2,"id":"MA0167.1","alt":"Awh","len":7,"ltrim":0,"rtrim":0,"nsites":40,"url":"http://jaspar2018.genereg.net/matrix/MA0167.1","pwm":[[0.0754998,0.399563,0.0005601,0.524378],[0.0256244,0.0005601,0.0005601,0.973255],[0.823629,0.0005601,0.175124,0.000686783],[0.998193,0.0005601,0.0005601,0.000686783],[0.000686783,0.0005601,0.0254978,0.973255],[0.000686783,0.0005601,0.200061,0.798692],[0.848567,0.0005601,0.100311,0.0505621]]},{"db":2,"id":"MA0181.1","alt":"Vsx1","len":7,"ltrim":0,"rtrim":0,"nsites":22,"url":"http://jaspar2018.genereg.net/matrix/MA0181.1","pwm":[[0.0464955,0.363007,0.0462656,0.544233],[0.00124615,0.00101629,0.00101629,0.996721],[0.996721,0.00101629,0.00101629,0.00124615],[0.996721,0.00101629,0.00101629,0.00124615],[0.00124615,0.00101629,0.00101629,0.996721],[0.0917438,0.00101629,0.136763,0.770477],[0.679979,0.00101629,0.272509,0.0464955]]},{"db":2,"id":"MA0182.1","alt":"CG4328-RA","len":7,"ltrim":0,"rtrim":0,"nsites":30,"url":"http://jaspar2018.genereg.net/matrix/MA0182.1","pwm":[[0.399586,0.0671917,0.100414,0.432808],[0.233473,0.0339684,0.00074618,0.731812],[0.432808,0.00074618,0.00074618,0.565699],[0.997593,0.00074618,0.00074618,0.00091495],[0.00091495,0.00074618,0.00074618,0.997593],[0.00091495,0.00074618,0.200082,0.798257],[0.499254,0.00074618,0.499085,0.00091495]]},{"db":2,"id":"MA0185.1","alt":"Deaf1","len":6,"ltrim":0,"rtrim":1,"nsites":10,"url":"http://jaspar2018.genereg.net/matrix/MA0185.1","pwm":[[0.00272673,0.299253,0.00222376,0.695796],[0.00272673,0.00222376,0.00222376,0.992826],[0.00272673,0.992323,0.00222376,0.00272673],[0.00272673,0.00222376,0.992323,0.00272673],[0.00272673,0.00222376,0.497273,0.497776],[0.101737,0.299253,0.398263,0.200747]]},{"db":2,"id":"MA0187.1","alt":"Dll","len":7,"ltrim":0,"rtrim":0,"nsites":23,"url":"http://jaspar2018.genereg.net/matrix/MA0187.1","pwm":[[0.044482,0.000972295,0.000972295,0.953573],[0.953573,0.000972295,0.0442621,0.00119221],[0.996863,0.000972295,0.000972295,0.00119221],[0.00119221,0.000972295,0.000972295,0.996863],[0.131063,0.000972295,0.130843,0.737123],[0.434093,0.000972295,0.390582,0.174352],[0.044482,0.520453,0.174132,0.260933]]},{"db":2,"id":"MA0190.1","alt":"Gsc","len":6,"ltrim":0,"rtrim":0,"nsites":22,"url":"http://jaspar2018.genereg.net/matrix/MA0190.1","pwm":[[0.00124615,0.00101629,0.00101629,0.996721],[0.996721,0.00101629,0.00101629,0.00124615],[0.996721,0.00101629,0.00101629,0.00124615],[0.00124615,0.00101629,0.00101629,0.996721],[0.00124615,0.996491,0.00101629,0.00124615],[0.00124615,0.634501,0.0915139,0.272739]]},{"db":2,"id":"MA0193.1","alt":"schlank","len":7,"ltrim":0,"rtrim":0,"nsites":19,"url":"http://jaspar2018.genereg.net/matrix/MA0193.1","pwm":[[0.00144188,0.99594,0.00117592,0.00144188],[0.00144188,0.47238,0.00117592,0.525002],[0.891494,0.105888,0.00117592,0.00144188],[0.0537983,0.943584,0.00117592,0.00144188],[0.00144188,0.629448,0.00117592,0.367934],[0.94385,0.00117592,0.0535324,0.00144188],[0.629714,0.00117592,0.2106,0.15851]]},{"db":2,"id":"MA0195.1","alt":"Lim3","len":7,"ltrim":1,"rtrim":0,"nsites":20,"url":"http://jaspar2018.genereg.net/matrix/MA0195.1","pwm":[[0.150624,0.349376,0.10062,0.39938],[0.200375,0.00111741,0.00111741,0.79739],[0.79739,0.00111741,0.150371,0.0511214],[0.996395,0.00111741,0.00111741,0.00137015],[0.00137015,0.00111741,0.00111741,0.996395],[0.00137015,0.10062,0.200122,0.697888],[0.79739,0.00111741,0.200122,0.00137015]]},{"db":2,"id":"MA0198.1","alt":"OdsH","len":7,"ltrim":0,"rtrim":0,"nsites":22,"url":"http://jaspar2018.genereg.net/matrix/MA0198.1","pwm":[[0.00124615,0.498754,0.182012,0.317988],[0.00124615,0.00101629,0.00101629,0.996721],[0.996721,0.00101629,0.00101629,0.00124615],[0.996721,0.00101629,0.00101629,0.00124615],[0.00124615,0.00101629,0.00101629,0.996721],[0.00124615,0.00101629,0.00101629,0.996721],[0.589481,0.00101629,0.363007,0.0464955]]},{"db":2,"id":"MA0201.1","alt":"Ptx1","len":7,"ltrim":0,"rtrim":0,"nsites":20,"url":"http://jaspar2018.genereg.net/matrix/MA0201.1","pwm":[[0.00137015,0.249874,0.0508687,0.697888],[0.00137015,0.00111741,0.00111741,0.996395],[0.996395,0.00111741,0.00111741,0.00137015],[0.996395,0.00111741,0.00111741,0.00137015],[0.00137015,0.00111741,0.00111741,0.996395],[0.00137015,0.996142,0.00111741,0.00137015],[0.00137015,0.946391,0.00111741,0.0511214]]},{"db":2,"id":"MA0204.1","alt":"Six4","len":6,"ltrim":0,"rtrim":0,"nsites":20,"url":"http://jaspar2018.genereg.net/matrix/MA0204.1","pwm":[[0.00137015,0.00111741,0.00111741,0.996395],[0.00137015,0.00111741,0.996142,0.00137015],[0.996395,0.00111741,0.00111741,0.00137015],[0.00137015,0.349376,0.200122,0.449131],[0.996395,0.00111741,0.00111741,0.00137015],[0.0511214,0.946391,0.00111741,0.00137015]]},{"db":2,"id":"MA0205.1","alt":"Trl","len":10,"ltrim":0,"rtrim":1,"nsites":71,"url":"http://jaspar2018.genereg.net/matrix/MA0205.1","pwm":[[0.0566461,0.309739,0.126899,0.506716],[0.0847755,0.323804,0.155028,0.436393],[0.169164,0.084704,0.422257,0.323876],[0.000387342,0.900456,0.0425105,0.0566461],[0.0425819,0.000315893,0.197222,0.759881],[0.0144525,0.984844,0.000315893,0.000387342],[0.183229,0.000315893,0.0284453,0.78801],[0.0707113,0.759809,0.0987692,0.0707113],[0.0988407,0.183157,0.155028,0.562975],[0.12697,0.464451,0.140963,0.267617]]},{"db":2,"id":"MA0207.1","alt":"achi","len":6,"ltrim":0,"rtrim":0,"nsites":23,"url":"http://jaspar2018.genereg.net/matrix/MA0207.1","pwm":[[0.00119221,0.000972295,0.000972295,0.996863],[0.00119221,0.000972295,0.996643,0.00119221],[0.996863,0.000972295,0.000972295,0.00119221],[0.00119221,0.953354,0.000972295,0.044482],[0.996863,0.000972295,0.000972295,0.00119221],[0.176899,0.000972295,0.703799,0.11833]]},{"db":2,"id":"MA0212.1","alt":"bcd","len":6,"ltrim":0,"rtrim":0,"nsites":22,"url":"http://jaspar2018.genereg.net/matrix/MA0212.1","pwm":[[0.00124615,0.00101629,0.00101629,0.996721],[0.906224,0.00101629,0.00101629,0.0917438],[0.996721,0.00101629,0.00101629,0.00124615],[0.00124615,0.00101629,0.0462656,0.951472],[0.00124615,0.996491,0.00101629,0.00124615],[0.00124615,0.951242,0.00101629,0.0464955]]},{"db":2,"id":"MA0213.1","alt":"brk","len":8,"ltrim":0,"rtrim":0,"nsites":10,"url":"http://jaspar2018.genereg.net/matrix/MA0213.1","pwm":[[0.101737,0.497273,0.398263,0.00272673],[0.00272673,0.398263,0.00222376,0.596786],[0.00272673,0.00222376,0.992323,0.00272673],[0.00272673,0.00222376,0.992323,0.00272673],[0.00272673,0.992323,0.00222376,0.00272673],[0.101737,0.00222376,0.893313,0.00272673],[0.101737,0.794303,0.00222376,0.101737],[0.00272673,0.497273,0.101234,0.398766]]},{"db":2,"id":"MA0227.1","alt":"hth","len":6,"ltrim":0,"rtrim":0,"nsites":17,"url":"http://jaspar2018.genereg.net/matrix/MA0227.1","pwm":[[0.00161053,0.00131345,0.00131345,0.995763],[0.00161053,0.00131345,0.995465,0.00161053],[0.995763,0.00131345,0.00131345,0.00161053],[0.00161053,0.995465,0.00131345,0.00161053],[0.820324,0.00131345,0.176752,0.00161053],[0.00161053,0.00131345,0.664082,0.332994]]},{"db":2,"id":"MA0234.1","alt":"oc","len":6,"ltrim":0,"rtrim":0,"nsites":19,"url":"http://jaspar2018.genereg.net/matrix/MA0234.1","pwm":[[0.00144188,0.00117592,0.00117592,0.996206],[0.996206,0.00117592,0.00117592,0.00144188],[0.996206,0.00117592,0.00117592,0.00144188],[0.00144188,0.00117592,0.105888,0.891494],[0.00144188,0.99594,0.00117592,0.00144188],[0.00144188,0.891228,0.0535324,0.0537983]]},{"db":2,"id":"MA0236.1","alt":"otp","len":7,"ltrim":0,"rtrim":0,"nsites":20,"url":"http://jaspar2018.genereg.net/matrix/MA0236.1","pwm":[[0.0511214,0.299625,0.10062,0.548634],[0.00137015,0.0508687,0.00111741,0.946644],[0.996395,0.00111741,0.00111741,0.00137015],[0.996395,0.00111741,0.00111741,0.00137015],[0.00137015,0.00111741,0.00111741,0.996395],[0.00137015,0.0508687,0.200122,0.747639],[0.747639,0.00111741,0.150371,0.100873]]},{"db":2,"id":"MA0244.1","alt":"slbo","len":8,"ltrim":0,"rtrim":0,"nsites":12,"url":"http://jaspar2018.genereg.net/matrix/MA0244.1","pwm":[[0.746078,0.0845005,0.0845005,0.0849203],[0.00227603,0.0845005,0.0018562,0.911367],[0.00227603,0.0018562,0.24979,0.746078],[0.25021,0.167146,0.580368,0.00227603],[0.167566,0.828302,0.0018562,0.00227603],[0.580788,0.167146,0.167146,0.0849203],[0.498144,0.41508,0.0845005,0.00227603],[0.911367,0.0845005,0.0018562,0.00227603]]},{"db":2,"id":"MA0247.2","alt":"tin","len":10,"ltrim":1,"rtrim":0,"nsites":515,"url":"http://jaspar2018.genereg.net/matrix/MA0247.2","pwm":[[0.26408,0.104877,0.155353,0.475689],[5.34653e-05,0.365022,0.266011,0.368914],[5.34653e-05,0.0990534,4.36032e-05,0.90085],[5.34653e-05,0.825126,0.0660498,0.10877],[0.632941,4.36032e-05,0.366962,5.34653e-05],[0.999859,4.36032e-05,4.36032e-05,5.34653e-05],[5.34653e-05,4.36032e-05,0.999849,5.34653e-05],[5.34653e-05,4.36032e-05,4.36032e-05,0.999859],[5.34653e-05,4.36032e-05,0.999849,5.34653e-05],[0.0252916,0.304838,0.584396,0.0854739]]},{"db":2,"id":"MA0252.1","alt":"vis","len":6,"ltrim":0,"rtrim":1,"nsites":22,"url":"http://jaspar2018.genereg.net/matrix/MA0252.1","pwm":[[0.00124615,0.00101629,0.00101629,0.996721],[0.00124615,0.00101629,0.996491,0.00124615],[0.996721,0.00101629,0.00101629,0.00124615],[0.00124615,0.996491,0.00101629,0.00124615],[0.996721,0.00101629,0.00101629,0.00124615],[0.125681,0.249885,0.498754,0.125681]]},{"db":2,"id":"MA0264.1","alt":"ceh-22","len":11,"ltrim":1,"rtrim":0,"nsites":98,"url":"http://jaspar2018.genereg.net/matrix/MA0264.1","pwm":[[0.336672,0.153134,0.316233,0.193961],[0.0818305,0.72398,0.193909,0.000280734],[0.000280734,0.907466,0.00022895,0.0920241],[0.938717,0.0103197,0.00022895,0.0507343],[0.0104743,0.989016,0.00022895,0.000280734],[0.000280734,0.00022895,0.00022895,0.999261],[0.000280734,0.16168,0.00022895,0.83781],[0.0716369,0.275458,0.642431,0.0104743],[0.958899,0.00022895,0.00022895,0.0406435],[0.46919,0.295845,0.204103,0.0308615],[0.520158,0.204103,0.153134,0.122605]]},{"db":2,"id":"MA0267.1","alt":"ACE2","len":7,"ltrim":0,"rtrim":1,"nsites":99,"url":"http://jaspar2018.genereg.net/matrix/MA0267.1","pwm":[[0.454364,0.282769,0.212134,0.0507319],[0.0102678,0.919298,0.0601661,0.0102678],[0.000277901,0.999218,0.00022664,0.000277901],[0.89937,0.100126,0.00022664,0.000277901],[0.000277901,0.00022664,0.999218,0.000277901],[0.000277901,0.999218,0.00022664,0.000277901],[0.489783,0.200025,0.170055,0.140137]]},{"db":2,"id":"MA0271.1","alt":"ARG80","len":6,"ltrim":0,"rtrim":0,"nsites":158,"url":"http://jaspar2018.genereg.net/matrix/MA0271.1","pwm":[[0.563109,0.000142062,0.000142062,0.436607],[0.000174193,0.000142062,0.99951,0.000174193],[0.999542,0.000142062,0.000142062,0.000174193],[0.000174193,0.99951,0.000142062,0.000174193],[0.229196,0.000142062,0.41134,0.359322],[0.000174193,0.927091,0.000142062,0.0725924]]},{"db":2,"id":"MA0272.1","alt":"ARG81","len":8,"ltrim":1,"rtrim":0,"nsites":198,"url":"http://jaspar2018.genereg.net/matrix/MA0272.1","pwm":[[0.297969,0.0606888,0.419094,0.222249],[0.0367056,0.000113377,0.0244911,0.938689],[0.07732,0.000113377,0.922428,0.000139021],[0.999634,0.000113377,0.000113377,0.000139021],[0.000139021,0.995934,0.000113377,0.00381317],[0.00619696,0.000113377,0.000113377,0.993576],[0.000139021,0.999609,0.000113377,0.000139021],[0.317183,0.317157,0.0216075,0.344051]]},{"db":2,"id":"MA0285.1","alt":"CRZ1","len":9,"ltrim":3,"rtrim":0,"nsites":100,"url":"http://jaspar2018.genereg.net/matrix/MA0285.1","pwm":[[0.200075,0.479745,0.180045,0.140135],[0.282821,0.222224,0.17177,0.323184],[0.369905,0.299925,0.220005,0.110165],[0.623414,0.356304,0.0101155,0.0101662],[0.000275125,0.000224376,0.999225,0.000275125],[0.000275125,0.999225,0.000224376,0.000275125],[0.000275125,0.999225,0.000224376,0.000275125],[0.419856,0.299925,0.0701544,0.210065],[0.0709115,0.767134,0.0809516,0.0810024]]},{"db":2,"id":"MA0291.1","alt":"DAL82","len":9,"ltrim":0,"rtrim":0,"nsites":98,"url":"http://jaspar2018.genereg.net/matrix/MA0291.1","pwm":[[0.571127,0.14294,0.14294,0.142992],[0.524498,0.109029,0.0496835,0.31679],[0.389883,0.0301984,0.0301984,0.54972],[0.260016,0.110117,0.419801,0.210067],[0.000280734,0.259964,0.00022895,0.739526],[0.000280734,0.00022895,0.99921,0.000280734],[0.000280734,0.99921,0.00022895,0.000280734],[0.000280734,0.00022895,0.99921,0.000280734],[0.109081,0.67281,0.109029,0.109081]]},{"db":2,"id":"MA0292.1","alt":"ECM22","len":7,"ltrim":1,"rtrim":0,"nsites":99,"url":"http://jaspar2018.genereg.net/matrix/MA0292.1","pwm":[[0.282821,0.363496,0.0708623,0.282821],[0.141549,0.0708623,0.0708623,0.716726],[0.000277901,0.999218,0.00022664,0.000277901],[0.000277901,0.999218,0.00022664,0.000277901],[0.000277901,0.140085,0.859359,0.000277901],[0.000277901,0.00022664,0.859359,0.140137],[0.929339,0.00022664,0.070156,0.000277901]]},{"db":2,"id":"MA0293.1","alt":"ECM23","len":11,"ltrim":2,"rtrim":3,"nsites":100,"url":"http://jaspar2018.genereg.net/matrix/MA0293.1","pwm":[[0.309965,0.249975,0.229995,0.210065],[0.329945,0.249975,0.220005,0.200075],[0.719556,0.110114,0.100124,0.0702052],[0.100175,0.0202044,0.859365,0.0202551],[0.999276,0.000224376,0.000224376,0.000275125],[0.0302452,0.000224376,0.000224376,0.969306],[0.0101662,0.890423,0.0298977,0.0695129],[0.140135,0.190035,0.140085,0.529746],[0.299975,0.229995,0.210015,0.260015],[0.316791,0.247502,0.247502,0.188206],[0.303002,0.262588,0.222224,0.212184]]},{"db":2,"id":"MA0299.1","alt":"GAL4","len":15,"ltrim":0,"rtrim":0,"nsites":2779,"url":"http://jaspar2018.genereg.net/matrix/MA0299.1","pwm":[[9.90968e-06,0.999972,8.08176e-06,9.90968e-06],[9.90968e-06,8.08176e-06,0.999972,9.90968e-06],[9.90968e-06,0.155985,0.809452,0.0345527],[0.252845,0.21287,0.301264,0.233021],[0.0948735,0.369391,0.373939,0.161797],[0.31636,0.251474,0.311081,0.121086],[0.7862,8.08176e-06,0.180842,0.0329497],[0.197771,0.452032,0.282523,0.0676745],[0.640858,0.112232,8.08176e-06,0.246902],[0.206004,0.185059,0.545158,0.0637776],[0.0305528,0.244033,0.157177,0.568236],[0.36608,0.161767,0.345741,0.126413],[9.90968e-06,0.480593,0.243812,0.275585],[0.0771321,0.128654,0.137515,0.656698],[9.90968e-06,0.999972,8.08176e-06,9.90968e-06]]},{"db":2,"id":"MA0301.1","alt":"GAT3","len":9,"ltrim":0,"rtrim":3,"nsites":100,"url":"http://jaspar2018.genereg.net/matrix/MA0301.1","pwm":[[0.649626,0.0901345,0.200025,0.0602152],[0.0810024,0.0204062,0.888225,0.010366],[0.919356,0.000224376,0.000224376,0.0801952],[0.120155,0.000224376,0.0102144,0.869406],[0.0302452,0.939285,0.0102144,0.0202551],[0.0602152,0.269955,0.0401844,0.629646],[0.509766,0.190035,0.180045,0.120155],[0.282821,0.333224,0.212133,0.171821],[0.323184,0.252497,0.212133,0.212184]]},{"db":2,"id":"MA0302.1","alt":"GAT4","len":11,"ltrim":2,"rtrim":3,"nsites":101,"url":"http://jaspar2018.genereg.net/matrix/MA0302.1","pwm":[[0.356356,0.207937,0.237611,0.198097],[0.3069,0.257394,0.178264,0.257444],[0.799481,0.0401826,0.120103,0.0402328],[0.0305454,0.000222156,0.96896,0.000272403],[0.979303,0.000222156,0.000222156,0.0202526],[0.000272403,0.000222156,0.000222156,0.999283],[0.000272403,0.999233,0.000222156,0.000272403],[0.0502229,0.279945,0.0301925,0.639639],[0.399877,0.200024,0.229995,0.170104],[0.282821,0.262588,0.232315,0.222275],[0.333276,0.242406,0.212133,0.212184]]},{"db":2,"id":"MA0333.1","alt":"MET31","len":9,"ltrim":2,"rtrim":0,"nsites":101,"url":"http://jaspar2018.genereg.net/matrix/MA0333.1","pwm":[[0.376138,0.0991342,0.376088,0.148641],[0.204153,0.285654,0.306041,0.204153],[0.138749,0.138699,0.178264,0.544288],[0.000272403,0.000222156,0.999233,0.000272403],[0.000272403,0.000222156,0.000222156,0.999283],[0.000272403,0.000222156,0.999233,0.000272403],[0.000272403,0.000222156,0.999233,0.000272403],[0.000272403,0.999233,0.000222156,0.000272403],[0.101182,0.000222156,0.696503,0.202093]]},{"db":2,"id":"MA0334.1","alt":"MET32","len":7,"ltrim":0,"rtrim":0,"nsites":100,"url":"http://jaspar2018.genereg.net/matrix/MA0334.1","pwm":[[0.339935,0.459765,0.100124,0.100175],[0.110165,0.0501744,0.769455,0.0702052],[0.000275125,0.999225,0.000224376,0.000275125],[0.000275125,0.999225,0.000224376,0.000275125],[0.938731,0.0304971,0.000224376,0.0305479],[0.000275125,0.989235,0.000224376,0.0102651],[0.639636,0.150075,0.120104,0.0901852]]},{"db":2,"id":"MA0340.1","alt":"MOT3","len":6,"ltrim":0,"rtrim":0,"nsites":201,"url":"http://jaspar2018.genereg.net/matrix/MA0340.1","pwm":[[0.333304,0.333279,0.000111686,0.333304],[0.99964,0.000111686,0.000111686,0.000136947],[0.000136947,0.000111686,0.999614,0.000136947],[0.000136947,0.000111686,0.999614,0.000136947],[0.000136947,0.499863,0.000111686,0.499888],[0.99964,0.000111686,0.000111686,0.000136947]]},{"db":2,"id":"MA0355.1","alt":"PHD1","len":10,"ltrim":1,"rtrim":3,"nsites":100,"url":"http://jaspar2018.genereg.net/matrix/MA0355.1","pwm":[[0.359915,0.269955,0.190035,0.180095],[0.0910933,0.434133,0.39377,0.0810024],[0.373639,0.444224,0.151588,0.0305479],[0.000275125,0.101133,0.000224376,0.898367],[0.000275125,0.000224376,0.999225,0.000275125],[0.000275125,0.989235,0.000224376,0.0102651],[0.909366,0.0102144,0.0701544,0.0102651],[0.0801952,0.220005,0.359865,0.339935],[0.220055,0.419805,0.220005,0.140135],[0.319955,0.279945,0.210015,0.190085]]},{"db":2,"id":"MA0358.1","alt":"PUT3","len":8,"ltrim":0,"rtrim":2,"nsites":99,"url":"http://jaspar2018.genereg.net/matrix/MA0358.1","pwm":[[0.0910952,0.726766,0.0910439,0.0910952],[0.0202577,0.899318,0.0202065,0.0602174],[0.000277901,0.999218,0.00022664,0.000277901],[0.000277901,0.00022664,0.999218,0.000277901],[0.000277901,0.00022664,0.999218,0.000277901],[0.000277901,0.00022664,0.999218,0.000277901],[0.514609,0.148592,0.188156,0.148643],[0.455264,0.12881,0.168374,0.247553]]},{"db":2,"id":"MA0362.1","alt":"RDS2","len":7,"ltrim":1,"rtrim":0,"nsites":99,"url":"http://jaspar2018.genereg.net/matrix/MA0362.1","pwm":[[0.343365,0.393768,0.181861,0.0810044],[0.000277901,0.00022664,0.00022664,0.999269],[0.000277901,0.999218,0.00022664,0.000277901],[0.000277901,0.00022664,0.999218,0.000277901],[0.000277901,0.00022664,0.999218,0.000277901],[0.120157,0.0102165,0.859359,0.0102678],[0.168425,0.0694637,0.692596,0.069515]]},{"db":2,"id":"MA0365.1","alt":"RFX1","len":8,"ltrim":1,"rtrim":0,"nsites":100,"url":"http://jaspar2018.genereg.net/matrix/MA0365.1","pwm":[[0.120155,0.269955,0.419805,0.190085],[0.000275125,0.000224376,0.999225,0.000275125],[0.000275125,0.000224376,0.000224376,0.999276],[0.000275125,0.000224376,0.000224376,0.999276],[0.309965,0.000224376,0.689535,0.000275125],[0.000275125,0.999225,0.000224376,0.000275125],[0.0202551,0.479745,0.0202044,0.479796],[0.879396,0.0401844,0.0401844,0.0402352]]},{"db":2,"id":"MA0373.1","alt":"RPN4","len":7,"ltrim":0,"rtrim":0,"nsites":99,"url":"http://jaspar2018.genereg.net/matrix/MA0373.1","pwm":[[0.232366,0.00022664,0.676312,0.0910952],[0.000277901,0.00022664,0.999218,0.000277901],[0.000277901,0.00022664,0.120106,0.87939],[0.000277901,0.00022664,0.999218,0.000277901],[0.000277901,0.00022664,0.999218,0.000277901],[0.000277901,0.999218,0.00022664,0.000277901],[0.130147,0.00022664,0.869349,0.000277901]]},{"db":2,"id":"MA0389.1","alt":"SRD1","len":8,"ltrim":0,"rtrim":2,"nsites":100,"url":"http://jaspar2018.genereg.net/matrix/MA0389.1","pwm":[[0.659616,0.0901345,0.190035,0.0602152],[0.0602152,0.0202044,0.899325,0.0202551],[0.969306,0.000224376,0.000224376,0.0302452],[0.130145,0.000224376,0.0202044,0.849426],[0.000275125,0.999225,0.000224376,0.000275125],[0.0402352,0.190035,0.0301944,0.739536],[0.459816,0.299925,0.130095,0.110165],[0.240035,0.419805,0.180045,0.160115]]},{"db":2,"id":"MA0393.1","alt":"STE12","len":7,"ltrim":0,"rtrim":0,"nsites":28379,"url":"http://jaspar2018.genereg.net/matrix/MA0393.1","pwm":[[9.70432e-07,0.114909,0.00338378,0.881706],[0.150077,7.91428e-07,0.843006,0.00691595],[0.954998,7.91428e-07,0.0450006,9.70432e-07],[0.89808,0.00593077,0.0959875,9.70432e-07],[0.999997,7.91428e-07,7.91428e-07,9.70432e-07],[0.00350396,0.993026,7.91428e-07,0.00346896],[0.510628,0.100184,0.313265,0.0759227]]},{"db":2,"id":"MA0395.1","alt":"STP2","len":20,"ltrim":5,"rtrim":6,"nsites":998,"url":"http://jaspar2018.genereg.net/matrix/MA0395.1","pwm":[[0.180371,0.258514,0.175356,0.385761],[0.288866,0.242726,0.293875,0.174534],[0.438422,0.193196,0.211212,0.157169],[0.27683,0.20963,0.176535,0.337005],[0.126141,0.405387,0.143151,0.32532],[0.23872,0.111345,0.568672,0.0812635],[0.113242,0.0110434,0.8306,0.0451131],[0.0340922,0.648255,0.005032,0.312621],[0.00203139,0.005032,0.988901,0.00403519],[2.75924e-05,0.850638,0.148305,0.00102949],[0.00102949,0.867671,0.128267,0.00303329],[0.00804279,0.0130472,0.949827,0.0290827],[0.0140542,0.521012,0.0040301,0.460903],[0.619204,0.0120453,0.338666,0.0300846],[0.086105,0.433412,0.139148,0.341334],[0.218443,0.312616,0.359705,0.109235],[0.326648,0.24