<!DOCTYPE HTML>
<html>
  <head>
    <meta charset="UTF-8">
    <title>TOMTOM</title>
    <script>
      // @JSON_VAR data
      var data = {
        "program": "Tomtom",
        "version": "4.12.0",
        "release": "Tue Jun 27 16:22:50 2017 -0700",
        "cmd": [
          "tomtom", "-verbosity", "1", "-oc",
          "results/AHRpeaks_not-in-DHSs-noAHREs.bed.fa/hocomoco/meme_tomtom_out",
          "-min-overlap", "5", "-dist", "pearson", "-evalue", "-thresh", "1",
          "-no-ssc", "-bfile",
          "results/AHRpeaks_not-in-DHSs-noAHREs.bed.fa/hocomoco/background",
          "results/AHRpeaks_not-in-DHSs-noAHREs.bed.fa/hocomoco/meme_out/meme.xml",
          "/Users/filipov4/meme/db/motif_databases/HUMAN/HOCOMOCOv11_full_HUMAN_mono_meme_format.meme"
        ],
        "options": {
          "strands": "both",
          "distance_measure": "pearson",
          "threshold_type": "evalue",
          "threshold_value": 1,
          "background_source": "file",
          "background_file": "results/AHRpeaks_not-in-DHSs-noAHREs.bed.fa/hocomoco/background"
        },
        "alphabet": {
          "name": "DNA",
          "like": "dna",
          "ncore": 4,
          "symbols": [
            {
              "symbol": "A",
              "name": "Adenine",
              "colour": "CC0000",
              "complement": "T"
            }, {
              "symbol": "C",
              "name": "Cytosine",
              "colour": "0000CC",
              "complement": "G"
            }, {
              "symbol": "G",
              "name": "Guanine",
              "colour": "FFB300",
              "complement": "C"
            }, {
              "symbol": "T",
              "aliases": "U",
              "name": "Thymine",
              "colour": "008000",
              "complement": "A"
            }, {
              "symbol": "N",
              "aliases": "X.",
              "name": "Any base",
              "equals": "ACGT"
            }, {
              "symbol": "V",
              "name": "Not T",
              "equals": "ACG"
            }, {
              "symbol": "H",
              "name": "Not G",
              "equals": "ACT"
            }, {
              "symbol": "D",
              "name": "Not C",
              "equals": "AGT"
            }, {
              "symbol": "B",
              "name": "Not A",
              "equals": "CGT"
            }, {
              "symbol": "M",
              "name": "Amino",
              "equals": "AC"
            }, {
              "symbol": "R",
              "name": "Purine",
              "equals": "AG"
            }, {
              "symbol": "W",
              "name": "Weak",
              "equals": "AT"
            }, {
              "symbol": "S",
              "name": "Strong",
              "equals": "CG"
            }, {
              "symbol": "Y",
              "name": "Pyrimidine",
              "equals": "CT"
            }, {
              "symbol": "K",
              "name": "Keto",
              "equals": "GT"
            }
          ]
        },
        "background": [0.2809, 0.2191, 0.2191, 0.2809],
        "query_dbs": [
          {
            "source": "results/AHRpeaks_not-in-DHSs-noAHREs.bed.fa/hocomoco/meme_out/meme.xml",
            "name": "meme",
            "loaded": 7,
            "excluded": 0,
            "last_modified": "Thu May 24 14:18:29 2018"
          }
        ],
        "target_dbs": [
          {
            "source": "/Users/filipov4/meme/db/motif_databases/HUMAN/HOCOMOCOv11_full_HUMAN_mono_meme_format.meme",
            "name": "HOCOMOCOv11 full HUMAN mono meme format",
            "loaded": 771,
            "excluded": 0,
            "last_modified": "Wed Dec  6 21:59:30 2017"
          }
        ],
        "queries": [
          {
            "db": 0,
            "id": "CCWGCCT",
            "alt": "MEME-2",
            "len": 7,
            "nsites": 13,
            "evalue": "1.3e+001",
            "pwm": [
              [0.00214427, 0.994039, 0.00167252, 0.00214427], 
              [0.00214427, 0.994039, 0.00167252, 0.00214427], 
              [0.536496, 0.00167252, 0.00167252, 0.460159], 
              [0.00214427, 0.00167252, 0.994039, 0.00214427], 
              [0.00214427, 0.765032, 0.23068, 0.00214427], 
              [0.00214427, 0.994039, 0.00167252, 0.00214427], 
              [0.00214427, 0.00167252, 0.00167252, 0.994511]
            ]
          }, {
            "db": 0,
            "id": "GGCCRGCYGGAG",
            "alt": "MEME-4",
            "len": 12,
            "nsites": 6,
            "evalue": "4.3e+003",
            "pwm": [
              [0.00460492, 0.0035918, 0.987198, 0.00460492], 
              [0.16854, 0.0035918, 0.823264, 0.00460492], 
              [0.00460492, 0.823264, 0.167527, 0.00460492], 
              [0.00460492, 0.987198, 0.0035918, 0.00460492], 
              [0.660343, 0.0035918, 0.33146, 0.00460492], 
              [0.00460492, 0.167527, 0.823264, 0.00460492], 
              [0.16854, 0.65933, 0.0035918, 0.16854], 
              [0.16854, 0.495395, 0.0035918, 0.332473], 
              [0.16854, 0.0035918, 0.823264, 0.00460492], 
              [0.00460492, 0.0035918, 0.987198, 0.00460492], 
              [0.988211, 0.0035918, 0.0035918, 0.00460492], 
              [0.00460492, 0.167527, 0.823264, 0.00460492]
            ]
          }, {
            "db": 0,
            "id": "GGGARGGRGRGA",
            "alt": "MEME-3",
            "len": 12,
            "nsites": 13,
            "evalue": "8.2e-001",
            "pwm": [
              [0.00214427, 0.0780083, 0.917703, 0.00214427], 
              [0.00214427, 0.00167252, 0.994039, 0.00214427], 
              [0.231152, 0.00167252, 0.765032, 0.00214427], 
              [0.994511, 0.00167252, 0.00167252, 0.00214427], 
              [0.536496, 0.00167252, 0.307016, 0.154816], 
              [0.0784801, 0.154344, 0.61236, 0.154816], 
              [0.0784801, 0.00167252, 0.841367, 0.0784801], 
              [0.383823, 0.00167252, 0.61236, 0.00214427], 
              [0.154816, 0.00167252, 0.841367, 0.00214427], 
              [0.383823, 0.0780083, 0.383352, 0.154816], 
              [0.00214427, 0.00167252, 0.917703, 0.0784801], 
              [0.841839, 0.00167252, 0.00167252, 0.154816]
            ]
          }, {
            "db": 0,
            "id": "GTAYCTSWGTSTGRGT",
            "alt": "MEME-7",
            "len": 16,
            "nsites": 3,
            "evalue": "7.6e+004",
            "pwm": [
              [0.00906129, 0.00706774, 0.97481, 0.00906129], 
              [0.00906129, 0.00706774, 0.00706774, 0.976803], 
              [0.976803, 0.00706774, 0.00706774, 0.00906129], 
              [0.00906129, 0.329648, 0.00706774, 0.654223], 
              [0.00906129, 0.97481, 0.00706774, 0.00906129], 
              [0.00906129, 0.00706774, 0.00706774, 0.976803], 
              [0.00906129, 0.329648, 0.652229, 0.00906129], 
              [0.331642, 0.00706774, 0.00706774, 0.654223], 
              [0.00906129, 0.00706774, 0.97481, 0.00906129], 
              [0.00906129, 0.00706774, 0.00706774, 0.976803], 
              [0.00906129, 0.652229, 0.329648, 0.00906129], 
              [0.00906129, 0.00706774, 0.00706774, 0.976803], 
              [0.00906129, 0.00706774, 0.97481, 0.00906129], 
              [0.654223, 0.00706774, 0.329648, 0.00906129], 
              [0.00906129, 0.00706774, 0.97481, 0.00906129], 
              [0.00906129, 0.00706774, 0.00706774, 0.976803]
            ]
          }, {
            "db": 0,
            "id": "GWGCTGGACMCGAGACA",
            "alt": "MEME-6",
            "len": 17,
            "nsites": 4,
            "evalue": "1.2e+004",
            "pwm": [
              [0.00685122, 0.0053439, 0.980954, 0.00685122], 
              [0.494656, 0.0053439, 0.0053439, 0.494656], 
              [0.250754, 0.0053439, 0.737051, 0.00685122], 
              [0.00685122, 0.737051, 0.249246, 0.00685122], 
              [0.250754, 0.0053439, 0.0053439, 0.738559], 
              [0.00685122, 0.0053439, 0.980954, 0.00685122], 
              [0.00685122, 0.0053439, 0.980954, 0.00685122], 
              [0.738559, 0.0053439, 0.249246, 0.00685122], 
              [0.00685122, 0.980954, 0.0053439, 0.00685122], 
              [0.494656, 0.493149, 0.0053439, 0.00685122], 
              [0.250754, 0.737051, 0.0053439, 0.00685122], 
              [0.00685122, 0.0053439, 0.980954, 0.00685122], 
              [0.738559, 0.249246, 0.0053439, 0.00685122], 
              [0.00685122, 0.0053439, 0.980954, 0.00685122], 
              [0.738559, 0.249246, 0.0053439, 0.00685122], 
              [0.250754, 0.737051, 0.0053439, 0.00685122], 
              [0.982461, 0.0053439, 0.0053439, 0.00685122]
            ]
          }, {
            "db": 0,
            "id": "SAGGCACGCACRCASACASAC",
            "alt": "MEME-1",
            "len": 21,
            "nsites": 4,
            "evalue": "4.7e-001",
            "pwm": [
              [0.00685122, 0.493149, 0.493149, 0.00685122], 
              [0.982461, 0.0053439, 0.0053439, 0.00685122], 
              [0.00685122, 0.249246, 0.737051, 0.00685122], 
              [0.00685122, 0.0053439, 0.980954, 0.00685122], 
              [0.00685122, 0.980954, 0.0053439, 0.00685122], 
              [0.982461, 0.0053439, 0.0053439, 0.00685122], 
              [0.00685122, 0.980954, 0.0053439, 0.00685122], 
              [0.250754, 0.0053439, 0.737051, 0.00685122], 
              [0.00685122, 0.737051, 0.249246, 0.00685122], 
              [0.982461, 0.0053439, 0.0053439, 0.00685122], 
              [0.00685122, 0.980954, 0.0053439, 0.00685122], 
              [0.494656, 0.0053439, 0.493149, 0.00685122], 
              [0.00685122, 0.980954, 0.0053439, 0.00685122], 
              [0.982461, 0.0053439, 0.0053439, 0.00685122], 
              [0.00685122, 0.493149, 0.493149, 0.00685122], 
              [0.738559, 0.0053439, 0.249246, 0.00685122], 
              [0.00685122, 0.980954, 0.0053439, 0.00685122], 
              [0.982461, 0.0053439, 0.0053439, 0.00685122], 
              [0.00685122, 0.493149, 0.493149, 0.00685122], 
              [0.738559, 0.0053439, 0.249246, 0.00685122], 
              [0.00685122, 0.737051, 0.249246, 0.00685122]
            ]
          }, {
            "db": 0,
            "id": "YTTWWTTTRTTKRAYTTSYTWTTKWKTTTT",
            "alt": "MEME-5",
            "len": 30,
            "nsites": 7,
            "evalue": "6.4e+003",
            "pwm": [
              [0.00395634, 0.425621, 0.00308592, 0.567337], 
              [0.00395634, 0.143931, 0.00308592, 0.849027], 
              [0.144801, 0.143931, 0.143931, 0.567337], 
              [0.285646, 0.143931, 0.00308592, 0.567337], 
              [0.285646, 0.00308592, 0.143931, 0.567337], 
              [0.144801, 0.00308592, 0.00308592, 0.849027], 
              [0.144801, 0.00308592, 0.00308592, 0.849027], 
              [0.00395634, 0.00308592, 0.143931, 0.849027], 
              [0.285646, 0.143931, 0.566467, 0.00395634], 
              [0.00395634, 0.00308592, 0.00308592, 0.989872], 
              [0.00395634, 0.00308592, 0.143931, 0.849027], 
              [0.144801, 0.143931, 0.425621, 0.285646], 
              [0.426491, 0.143931, 0.425621, 0.00395634], 
              [0.708182, 0.00308592, 0.00308592, 0.285646], 
              [0.00395634, 0.566467, 0.00308592, 0.426491], 
              [0.00395634, 0.00308592, 0.00308592, 0.989872], 
              [0.00395634, 0.143931, 0.00308592, 0.849027], 
              [0.144801, 0.284776, 0.425621, 0.144801], 
              [0.144801, 0.425621, 0.143931, 0.285646], 
              [0.00395634, 0.00308592, 0.00308592, 0.989872], 
              [0.426491, 0.143931, 0.143931, 0.285646], 
              [0.285646, 0.00308592, 0.00308592, 0.708182], 
              [0.00395634, 0.00308592, 0.00308592, 0.989872], 
              [0.00395634, 0.00308592, 0.425621, 0.567337], 
              [0.285646, 0.00308592, 0.143931, 0.567337], 
              [0.144801, 0.00308592, 0.425621, 0.426491], 
              [0.00395634, 0.143931, 0.00308592, 0.849027], 
              [0.00395634, 0.143931, 0.143931, 0.708182], 
              [0.00395634, 0.143931, 0.00308592, 0.849027], 
              [0.00395634, 0.00308592, 0.143931, 0.849027]
            ]
          }
        ],
        "targets": [
          {
            "db": 0,
            "id": "ARNT_HUMAN.H11MO.0.B",
            "len": 9,
            "nsites": 500,
            "evalue": "1.0e+000",
            "url": "http://hocomoco.autosome.ru/motif/ARNT_HUMAN.H11MO.0.B",
            "pwm": [
              [0.152026, 0.283987, 0.429958, 0.134029], 
              [0.138029, 0.074029, 0.241995, 0.545947], 
              [0.701916, 0.0300378, 0.245995, 0.0220518], 
              [0.0100542, 0.947854, 0.00204341, 0.0400482], 
              [0.00605497, 0.00204341, 0.989846, 0.00205577], 
              [5.61688e-05, 4.38113e-05, 0.00204341, 0.997857], 
              [5.61688e-05, 0.00604261, 0.991845, 0.00205577], 
              [0.355985, 0.525939, 0.024039, 0.0940374], 
              [0.154025, 0.501943, 0.144015, 0.200016]
            ]
          }, {
            "db": 0,
            "id": "CPEB1_HUMAN.H11MO.0.D",
            "len": 17,
            "nsites": 1803,
            "evalue": "1.0e+000",
            "url": "http://hocomoco.autosome.ru/motif/CPEB1_HUMAN.H11MO.0.D",
            "pwm": [
              [0.163623, 0.21797, 0.0893028, 0.529104], 
              [0.000570179, 0.000566752, 0.000566752, 0.998296], 
              [0.00472968, 0.00361705, 0.000289452, 0.991364], 
              [0.000708829, 0.0018146, 0.000150801, 0.997326], 
              [1.55787e-05, 0.00167595, 1.21513e-05, 0.998296], 
              [0.996633, 0.000566752, 0.00223055, 0.000570179], 
              [0.00223398, 0.054363, 0.00333975, 0.940063], 
              [0.128128, 0.235717, 0.0282968, 0.607858], 
              [0.181925, 0.250692, 0.0732194, 0.494165], 
              [0.0926338, 0.223516, 0.0482624, 0.635588], 
              [0.0809872, 0.184139, 0.0343974, 0.700476], 
              [0.0654584, 0.135889, 0.0260784, 0.772574], 
              [0.100398, 0.118142, 0.0160956, 0.765364], 
              [0.181231, 0.099147, 0.0115201, 0.708102], 
              [0.224074, 0.116478, 0.0233054, 0.636142], 
              [0.240296, 0.168749, 0.034536, 0.556418], 
              [0.223658, 0.210344, 0.0700305, 0.495967]
            ]
          }, {
            "db": 0,
            "id": "CTCF_HUMAN.H11MO.0.A",
            "len": 19,
            "nsites": 500,
            "evalue": "1.0e+000",
            "url": "http://hocomoco.autosome.ru/motif/CTCF_HUMAN.H11MO.0.A",
            "pwm": [
              [0.0940374, 0.359972, 0.126019, 0.419972], 
              [0.152026, 0.16801, 0.521939, 0.158025], 
              [0.258005, 0.084027, 0.553933, 0.104035], 
              [0.0680426, 0.855873, 0.0360366, 0.0400482], 
              [0.00205577, 0.995845, 0.00204341, 5.61688e-05], 
              [0.699916, 0.00604261, 0.241995, 0.0520458], 
              [0.016053, 0.651913, 0.321979, 0.0100542], 
              [0.0980366, 0.593925, 0.074029, 0.234009], 
              [0.905875, 0.0180402, 0.054033, 0.0220518], 
              [0.00205577, 0.00204341, 0.991845, 0.00405537], 
              [0.385979, 4.38113e-05, 0.611921, 0.00205577], 
              [0.026051, 0.0260386, 0.587926, 0.359984], 
              [0.0120538, 0.00204341, 0.983847, 0.00205577], 
              [0.0500462, 0.0260386, 0.859872, 0.0640434], 
              [0.0680426, 0.875869, 0.0120414, 0.0440474], 
              [0.395977, 0.014041, 0.583927, 0.00605497], 
              [0.076041, 0.561931, 0.325979, 0.036049], 
              [0.096037, 0.421959, 0.116021, 0.365983], 
              [0.371982, 0.26799, 0.315981, 0.0440474]
            ]
          }, {
            "db": 0,
            "id": "E2F6_HUMAN.H11MO.0.A",
            "len": 13,
            "nsites": 500,
            "evalue": "1.0e+000",
            "url": "http://hocomoco.autosome.ru/motif/E2F6_HUMAN.H11MO.0.A",
            "pwm": [
              [0.337989, 0.148014, 0.341975, 0.172022], 
              [0.262004, 0.034037, 0.555933, 0.148027], 
              [0.154025, 0.126019, 0.699904, 0.0200522], 
              [0.0100542, 0.0160406, 0.963851, 0.0100542], 
              [0.214013, 0.707902, 0.0120414, 0.066043], 
              [0.0400482, 0.0180402, 0.893865, 0.0480466], 
              [0.0240514, 0.0480342, 0.895865, 0.0320498], 
              [0.0720418, 0.044035, 0.871869, 0.0120538], 
              [0.941868, 0.0320374, 0.014041, 0.0120538], 
              [0.511954, 0.0360366, 0.435957, 0.016053], 
              [0.383979, 0.108022, 0.437956, 0.0700422], 
              [0.278001, 0.218, 0.377968, 0.126031], 
              [0.276001, 0.162011, 0.425959, 0.136029]
            ]
          }, {
            "db": 0,
            "id": "EPAS1_HUMAN.H11MO.0.B",
            "len": 9,
            "nsites": 500,
            "evalue": "1.0e+000",
            "url": "http://hocomoco.autosome.ru/motif/EPAS1_HUMAN.H11MO.0.B",
            "pwm": [
              [0.23001, 0.255993, 0.445955, 0.0680426], 
              [0.166023, 0.0700298, 0.243995, 0.519952], 
              [0.865883, 0.0200398, 0.108022, 0.00605497], 
              [0.0200522, 0.911861, 0.0260386, 0.0420478], 
              [0.016053, 0.0100418, 0.96985, 0.00405537], 
              [5.61688e-05, 4.38113e-05, 0.00204341, 0.997857], 
              [5.61688e-05, 4.38113e-05, 0.997844, 0.00205577], 
              [0.373981, 0.46995, 0.0600318, 0.096037], 
              [0.160024, 0.489946, 0.134017, 0.216013]
            ]
          }, {
            "db": 0,
            "id": "FLI1_HUMAN.H11MO.0.A",
            "len": 18,
            "nsites": 497,
            "evalue": "1.0e+000",
            "url": "http://hocomoco.autosome.ru/motif/FLI1_HUMAN.H11MO.0.A",
            "pwm": [
              [0.20927, 0.227363, 0.440599, 0.122768], 
              [0.315888, 0.148907, 0.432553, 0.102652], 
              [0.446647, 0.0865458, 0.374214, 0.0925932], 
              [0.201223, 0.0543591, 0.653836, 0.0905816], 
              [0.299795, 0.0362541, 0.635731, 0.0282199], 
              [0.422507, 0.388296, 0.183106, 0.00609151], 
              [0.915365, 0.0342424, 0.0402774, 0.0101148], 
              [0.00407984, 0.00406741, 0.981738, 0.0101148], 
              [0.00206818, 0.0121141, 0.985761, 5.65077e-05], 
              [0.937494, 0.0181491, 0.0443008, 5.65077e-05], 
              [0.95761, 0.00205574, 0.0261958, 0.0141382], 
              [0.146908, 0.0282074, 0.822816, 0.00206818], 
              [0.134838, 0.171036, 0.500949, 0.193177], 
              [0.410437, 0.124767, 0.402378, 0.0624182], 
              [0.394343, 0.0764874, 0.474798, 0.0543715], 
              [0.301807, 0.120744, 0.508996, 0.0684532], 
              [0.241457, 0.150919, 0.529113, 0.0785115], 
              [0.388308, 0.130802, 0.364156, 0.116733]
            ]
          }, {
            "db": 0,
            "id": "FOXJ3_HUMAN.H11MO.0.A",
            "len": 13,
            "nsites": 626,
            "evalue": "1.0e+000",
            "url": "http://hocomoco.autosome.ru/motif/FOXJ3_HUMAN.H11MO.0.A",
            "pwm": [
              [0.19411, 0.146483, 0.164699, 0.494709], 
              [4.4865e-05, 3.49944e-05, 3.49944e-05, 0.999885], 
              [0.0829667, 3.49944e-05, 0.914269, 0.00272899], 
              [0.00111851, 3.49944e-05, 3.49944e-05, 0.998811], 
              [4.4865e-05, 3.49944e-05, 3.49944e-05, 0.999885], 
              [0.00887766, 3.49944e-05, 0.1757, 0.815388], 
              [0.818156, 3.49944e-05, 0.036956, 0.144853], 
              [4.4865e-05, 0.0711363, 3.49944e-05, 0.928784], 
              [0.113309, 3.49944e-05, 0.430176, 0.45648], 
              [0.0440596, 3.49944e-05, 0.325662, 0.630243], 
              [0.0528181, 3.49944e-05, 0.0291518, 0.917995], 
              [0.00590957, 0.0101688, 0.0168399, 0.967082], 
              [0.358508, 0.0704025, 0.138471, 0.432618]
            ]
          }, {
            "db": 0,
            "id": "FOXJ3_HUMAN.H11MO.1.B",
            "len": 13,
            "nsites": 613,
            "evalue": "1.0e+000",
            "url": "http://hocomoco.autosome.ru/motif/FOXJ3_HUMAN.H11MO.1.B",
            "pwm": [
              [0.126264, 0.10013, 0.122348, 0.651258], 
              [0.034799, 3.57364e-05, 0.39046, 0.574706], 
              [0.0300376, 3.57364e-05, 0.516092, 0.453835], 
              [4.58163e-05, 3.57364e-05, 3.57364e-05, 0.999883], 
              [0.0547357, 3.57364e-05, 0.115341, 0.829887], 
              [0.396791, 3.57364e-05, 0.115351, 0.487822], 
              [0.356262, 0.0775012, 3.57364e-05, 0.566201], 
              [4.58163e-05, 3.57364e-05, 3.57364e-05, 0.999883], 
              [0.163663, 3.57364e-05, 0.836255, 4.58163e-05], 
              [4.58163e-05, 3.57364e-05, 3.57364e-05, 0.999883], 
              [4.58163e-05, 3.57364e-05, 3.57364e-05, 0.999883], 
              [4.58163e-05, 3.57364e-05, 0.0127107, 0.987208], 
              [0.645557, 0.104695, 0.116952, 0.132797]
            ]
          }, {
            "db": 0,
            "id": "FOXL1_HUMAN.H11MO.0.D",
            "len": 19,
            "nsites": 1207,
            "evalue": "1.0e+000",
            "url": "http://hocomoco.autosome.ru/motif/FOXL1_HUMAN.H11MO.0.D",
            "pwm": [
              [0.160532, 0.163841, 0.222659, 0.452968], 
              [0.140235, 0.189108, 0.444265, 0.226392], 
              [0.191184, 0.0404042, 0.13236, 0.636052], 
              [0.0629841, 0.0240427, 0.0414397, 0.871534], 
              [0.000644594, 0.000639475, 0.000639475, 0.998076], 
              [0.0874228, 0.000432367, 0.90508, 0.00706494], 
              [0.00830759, 1.81509e-05, 1.81509e-05, 0.991656], 
              [2.32706e-05, 1.81509e-05, 1.81509e-05, 0.99994], 
              [2.32706e-05, 1.81509e-05, 1.81509e-05, 0.99994], 
              [0.470573, 1.81509e-05, 0.529386, 2.32706e-05], 
              [2.32706e-05, 1.81509e-05, 1.81509e-05, 0.99994], 
              [2.32706e-05, 1.81509e-05, 1.81509e-05, 0.99994], 
              [2.32706e-05, 1.81509e-05, 1.81509e-05, 0.99994], 
              [0.985857, 1.81509e-05, 0.0116162, 0.00250857], 
              [0.000851702, 0.511989, 0.000846583, 0.486313], 
              [0.41486, 0.018865, 0.0213503, 0.544924], 
              [0.103991, 0.0145157, 0.0186579, 0.862835], 
              [0.226185, 0.0174152, 0.0149299, 0.74147], 
              [0.193255, 0.125318, 0.0838969, 0.59753]
            ]
          }, {
            "db": 0,
            "id": "GATA1_HUMAN.H11MO.0.A",
            "len": 19,
            "nsites": 500,
            "evalue": "1.0e+000",
            "url": "http://hocomoco.autosome.ru/motif/GATA1_HUMAN.H11MO.0.A",
            "pwm": [
              [0.192018, 0.403963, 0.206003, 0.198017], 
              [0.116033, 0.144015, 0.190006, 0.549946], 
              [0.056045, 0.0780282, 0.639916, 0.226011], 
              [0.118033, 0.206003, 0.389966, 0.285999], 
              [0.194017, 0.313981, 0.281987, 0.210014], 
              [0.268003, 0.245995, 0.277988, 0.208015], 
              [0.224011, 0.210002, 0.36797, 0.198017], 
              [0.262004, 0.16801, 0.339976, 0.23001], 
              [0.214013, 0.223999, 0.313981, 0.248007], 
              [0.33199, 0.188006, 0.323979, 0.156025], 
              [0.184019, 0.387966, 0.321979, 0.106035], 
              [0.719912, 0.0200398, 0.00804221, 0.252006], 
              [0.00605497, 4.38113e-05, 0.993845, 5.61688e-05], 
              [0.995857, 4.38113e-05, 4.38113e-05, 0.00405537], 
              [0.00205577, 4.38113e-05, 0.0120414, 0.985859], 
              [0.945867, 0.00404301, 0.014041, 0.036049], 
              [0.857885, 0.0160406, 0.0900258, 0.036049], 
              [0.214013, 0.154013, 0.553933, 0.0780406], 
              [0.351986, 0.188006, 0.345975, 0.114033]
            ]
          }, {
            "db": 0,
            "id": "GATA2_HUMAN.H11MO.0.A",
            "len": 19,
            "nsites": 500,
            "evalue": "1.0e+000",
            "url": "http://hocomoco.autosome.ru/motif/GATA2_HUMAN.H11MO.0.A",
            "pwm": [
              [0.13203, 0.451953, 0.225999, 0.190018], 
              [0.124031, 0.104023, 0.158012, 0.613933], 
              [0.0800402, 0.0500338, 0.651913, 0.218013], 
              [0.13203, 0.221999, 0.413961, 0.23201], 
              [0.272002, 0.156013, 0.289986, 0.282], 
              [0.303995, 0.158012, 0.305983, 0.23201], 
              [0.248007, 0.198004, 0.36797, 0.186019], 
              [0.270002, 0.196005, 0.275989, 0.258005], 
              [0.222012, 0.223999, 0.26799, 0.285999], 
              [0.325991, 0.114021, 0.343975, 0.216013], 
              [0.192018, 0.337976, 0.371969, 0.0980366], 
              [0.773901, 0.00404301, 0.00804221, 0.214013], 
              [5.61688e-05, 4.38113e-05, 0.995845, 0.00405537], 
              [0.985859, 4.38113e-05, 0.00804221, 0.00605497], 
              [0.00605497, 0.00204341, 0.0160406, 0.975861], 
              [0.965863, 0.00604261, 4.38113e-05, 0.0280506], 
              [0.843887, 0.0100418, 0.114021, 0.0320498], 
              [0.140028, 0.16801, 0.627918, 0.0640434], 
              [0.343987, 0.192005, 0.389966, 0.0740414]
            ]
          }, {
            "db": 0,
            "id": "HNF6_HUMAN.H11MO.0.B",
            "len": 11,
            "nsites": 500,
            "evalue": "1.0e+000",
            "url": "http://hocomoco.autosome.ru/motif/HNF6_HUMAN.H11MO.0.B",
            "pwm": [
              [0.252006, 0.150014, 0.130018, 0.467963], 
              [0.108035, 0.198004, 0.223999, 0.469962], 
              [0.0400482, 0.176009, 0.160012, 0.623931], 
              [0.991858, 0.00604261, 4.38113e-05, 0.00205577], 
              [0.00405537, 4.38113e-05, 0.0100418, 0.985859], 
              [0.0100542, 0.156013, 0.00404301, 0.82989], 
              [0.00405537, 4.38113e-05, 0.995845, 5.61688e-05], 
              [0.993857, 0.00204341, 4.38113e-05, 0.00405537], 
              [0.00605497, 0.0180402, 0.00404301, 0.971862], 
              [0.00205577, 0.321979, 0.0120414, 0.663923], 
              [0.142028, 0.136017, 0.299984, 0.421972]
            ]
          }, {
            "db": 0,
            "id": "IRF3_HUMAN.H11MO.0.B",
            "len": 20,
            "nsites": 500,
            "evalue": "1.0e+000",
            "url": "http://hocomoco.autosome.ru/motif/IRF3_HUMAN.H11MO.0.B",
            "pwm": [
              [0.299996, 0.0780282, 0.513941, 0.108035], 
              [0.603935, 0.044035, 0.299984, 0.0520458], 
              [0.677921, 0.0660306, 0.214001, 0.0420478], 
              [0.719912, 0.074029, 0.110022, 0.096037], 
              [0.305995, 0.108022, 0.455953, 0.13003], 
              [0.224011, 0.054033, 0.557932, 0.164023], 
              [0.202016, 0.054033, 0.731897, 0.0120538], 
              [0.819892, 0.0180402, 0.148014, 0.0140534], 
              [0.815893, 0.0360366, 0.126019, 0.0220518], 
              [0.899876, 0.0160406, 0.0300378, 0.0540454], 
              [0.224011, 0.261991, 0.445955, 0.0680426], 
              [0.291998, 0.0880262, 0.401963, 0.218013], 
              [0.200016, 0.00604261, 0.783887, 0.0100542], 
              [0.673921, 0.024039, 0.289986, 0.0120538], 
              [0.87988, 0.0360366, 0.0720294, 0.0120538], 
              [0.941868, 0.00404301, 0.0400358, 0.0140534], 
              [0.096037, 0.313981, 0.547934, 0.0420478], 
              [0.266003, 0.142015, 0.273989, 0.317993], 
              [0.228011, 0.122019, 0.585927, 0.0640434], 
              [0.68192, 0.0700298, 0.178008, 0.0700422]
            ]
          }, {
            "db": 0,
            "id": "KLF15_HUMAN.H11MO.0.A",
            "len": 19,
            "nsites": 479,
            "evalue": "1.0e+000",
            "url": "http://hocomoco.autosome.ru/motif/KLF15_HUMAN.H11MO.0.A",
            "pwm": [
              [0.311058, 0.0355289, 0.54273, 0.110683], 
              [0.258877, 0.0125692, 0.695099, 0.0334546], 
              [5.86308e-05, 0.00213298, 0.99775, 5.86308e-05], 
              [0.0167566, 0.00630747, 0.97479, 0.00214588], 
              [0.536481, 0.354878, 4.57316e-05, 0.108595], 
              [0.0689378, 0.00630747, 0.918434, 0.00632037], 
              [0.0125821, 0.0146565, 0.885038, 0.087723], 
              [0.492649, 0.0313544, 0.423757, 0.0522398], 
              [0.116944, 0.00630747, 0.86834, 0.00840762], 
              [0.313146, 0.344441, 0.298522, 0.0438908], 
              [0.344454, 0.160764, 0.285999, 0.208783], 
              [0.23383, 0.0438779, 0.582388, 0.139904], 
              [0.15034, 0.0209182, 0.797374, 0.0313673], 
              [0.185824, 0.0313544, 0.77024, 0.0125821], 
              [0.25679, 0.13363, 0.576126, 0.0334546], 
              [0.177475, 0.104408, 0.665877, 0.0522398], 
              [0.277662, 0.129455, 0.446717, 0.146166], 
              [0.087723, 0.0939718, 0.743106, 0.0751995], 
              [0.183736, 0.0167437, 0.730582, 0.0689378]
            ]
          }, {
            "db": 0,
            "id": "MAZ_HUMAN.H11MO.0.A",
            "len": 22,
            "nsites": 500,
            "evalue": "1.0e+000",
            "url": "http://hocomoco.autosome.ru/motif/MAZ_HUMAN.H11MO.0.A",
            "pwm": [
              [0.216013, 0.144015, 0.503943, 0.136029], 
              [0.283999, 0.024039, 0.651913, 0.0400482], 
              [0.301996, 0.0120414, 0.673909, 0.0120538], 
              [0.0820398, 0.0180402, 0.865871, 0.0340494], 
              [0.0520458, 0.112021, 0.825879, 0.0100542], 
              [0.647927, 0.0880262, 0.0260386, 0.238009], 
              [0.0540454, 0.0100418, 0.905863, 0.0300502], 
              [0.114033, 0.0200398, 0.851873, 0.0140534], 
              [0.266003, 0.034037, 0.665911, 0.0340494], 
              [0.272002, 0.00804221, 0.679908, 0.0400482], 
              [0.114033, 0.202003, 0.655913, 0.0280506], 
              [0.317993, 0.134017, 0.331977, 0.216013], 
              [0.174021, 0.0400358, 0.697904, 0.0880386], 
              [0.333989, 0.054033, 0.553933, 0.0580446], 
              [0.190018, 0.12002, 0.647914, 0.0420478], 
              [0.365983, 0.0780282, 0.511941, 0.0440474], 
              [0.299996, 0.0720294, 0.56993, 0.0580446], 
              [0.32999, 0.134017, 0.455953, 0.0800402], 
              [0.260004, 0.0620314, 0.555933, 0.122032], 
              [0.274001, 0.204003, 0.445955, 0.076041], 
              [0.355985, 0.106023, 0.429958, 0.108035], 
              [0.274001, 0.0980242, 0.561931, 0.066043]
            ]
          }, {
            "db": 0,
            "id": "MAZ_HUMAN.H11MO.1.A",
            "len": 11,
            "nsites": 486,
            "evalue": "1.0e+000",
            "url": "http://hocomoco.autosome.ru/motif/MAZ_HUMAN.H11MO.1.A",
            "pwm": [
              [0.323037, 0.137877, 0.512285, 0.0268013], 
              [0.487612, 0.0453033, 0.368282, 0.0988029], 
              [0.0658879, 0.00621664, 0.921666, 0.00622936], 
              [5.77865e-05, 4.5073e-05, 0.989553, 0.0103437], 
              [0.00211498, 0.00621664, 0.989553, 0.00211498], 
              [0.648073, 0.302452, 4.5073e-05, 0.0494303], 
              [0.0288584, 0.00210226, 0.966924, 0.00211498], 
              [0.00417217, 4.5073e-05, 0.989553, 0.00622936], 
              [0.123489, 0.0165026, 0.837321, 0.0226869], 
              [0.123489, 0.00621664, 0.866122, 0.00417217], 
              [0.11526, 0.341539, 0.469084, 0.0741166]
            ]
          }, {
            "db": 0,
            "id": "MYOG_HUMAN.H11MO.0.B",
            "len": 13,
            "nsites": 500,
            "evalue": "1.0e+000",
            "url": "http://hocomoco.autosome.ru/motif/MYOG_HUMAN.H11MO.0.B",
            "pwm": [
              [0.0720418, 0.493945, 0.206003, 0.228011], 
              [0.303995, 0.355973, 0.0980242, 0.242008], 
              [0.216013, 0.263991, 0.445955, 0.0740414], 
              [0.00405537, 0.991845, 0.00404301, 5.61688e-05], 
              [0.983859, 4.38113e-05, 0.00604261, 0.0100542], 
              [0.00405537, 0.114021, 0.875869, 0.00605497], 
              [0.0100542, 0.96985, 0.00804221, 0.0120538], 
              [0.00205577, 4.38113e-05, 0.00404301, 0.993857], 
              [0.00205577, 4.38113e-05, 0.997844, 5.61688e-05], 
              [0.00405537, 0.397964, 0.0460346, 0.551946], 
              [0.00405537, 0.573929, 0.0480342, 0.373981], 
              [0.188019, 0.429958, 0.160012, 0.222012], 
              [0.114033, 0.379968, 0.194005, 0.311994]
            ]
          }, {
            "db": 0,
            "id": "ONEC3_HUMAN.H11MO.0.D",
            "len": 12,
            "nsites": 10342,
            "evalue": "1.0e+000",
            "url": "http://hocomoco.autosome.ru/motif/ONEC3_HUMAN.H11MO.0.D",
            "pwm": [
              [0.180817, 0.172017, 0.172308, 0.474858], 
              [0.695364, 0.101384, 0.101577, 0.101675], 
              [0.101554, 0.101263, 0.101456, 0.695727], 
              [0.101433, 0.324791, 0.101529, 0.472247], 
              [0.0001961, 2.11853e-06, 0.999799, 2.71608e-06], 
              [0.999896, 2.11853e-06, 9.88107e-05, 2.71608e-06], 
              [2.71608e-06, 9.88107e-05, 2.11853e-06, 0.999896], 
              [0.000389485, 0.000582271, 2.11853e-06, 0.999026], 
              [0.0838348, 0.00183927, 0.00261281, 0.911713], 
              [0.0477686, 0.0146026, 0.00783418, 0.929795], 
              [0.0603386, 0.113519, 0.0211777, 0.804965], 
              [0.0954379, 0.187198, 0.135274, 0.58209]
            ]
          }, {
            "db": 0,
            "id": "PATZ1_HUMAN.H11MO.0.C",
            "len": 22,
            "nsites": 491,
            "evalue": "1.0e+000",
            "url": "http://hocomoco.autosome.ru/motif/PATZ1_HUMAN.H11MO.0.C",
            "pwm": [
              [0.234225, 0.0916756, 0.560012, 0.114087], 
              [0.136486, 0.0265158, 0.639426, 0.197573], 
              [0.142594, 0.0835307, 0.682187, 0.0916882], 
              [0.0407821, 0.0855669, 0.841014, 0.0326371], 
              [0.458212, 0.287155, 0.136473, 0.118159], 
              [0.244407, 0.061132, 0.623136, 0.0713258], 
              [0.142594, 0.0305883, 0.706622, 0.120196], 
              [0.215899, 0.0652045, 0.692368, 0.0265284], 
              [0.126304, 0.0163346, 0.847123, 0.0102384], 
              [0.211827, 0.118147, 0.614991, 0.0550358], 
              [0.417487, 0.557976, 0.00818959, 0.0163472], 
              [0.0794708, 0.028552, 0.553903, 0.338074], 
              [0.0285646, 0.142582, 0.765673, 0.0631808], 
              [0.160921, 0.160908, 0.606846, 0.0713258], 
              [0.327893, 0.0631682, 0.578338, 0.0306009], 
              [0.29124, 0.191452, 0.494852, 0.0224559], 
              [0.240334, 0.240322, 0.348243, 0.171102], 
              [0.158884, 0.0753857, 0.576302, 0.189428], 
              [0.128341, 0.0570595, 0.773818, 0.0407821], 
              [0.413415, 0.217923, 0.313626, 0.0550358], 
              [0.317711, 0.0142983, 0.623136, 0.0448546], 
              [0.138522, 0.203669, 0.488743, 0.169066]
            ]
          }, {
            "db": 0,
            "id": "PATZ1_HUMAN.H11MO.1.C",
            "len": 9,
            "nsites": 496,
            "evalue": "1.0e+000",
            "url": "http://hocomoco.autosome.ru/motif/PATZ1_HUMAN.H11MO.1.C",
            "pwm": [
              [0.510034, 0.125019, 0.229837, 0.13511], 
              [0.0585126, 0.0121385, 0.818428, 0.110921], 
              [0.0222296, 0.0161699, 0.929292, 0.0323082], 
              [0.0242453, 0.0282643, 0.941387, 0.00610379], 
              [0.969619, 0.00810706, 4.41645e-05, 0.0222296], 
              [0.223802, 0.00205989, 0.753924, 0.0202138], 
              [0.195582, 0.00407561, 0.705547, 0.0947956], 
              [0.276211, 0.0181857, 0.62895, 0.0766541], 
              [0.131079, 0.0242328, 0.810365, 0.0343239]
            ]
          }, {
            "db": 0,
            "id": "PTF1A_HUMAN.H11MO.0.B",
            "len": 18,
            "nsites": 500,
            "evalue": "1.0e+000",
            "url": "http://hocomoco.autosome.ru/motif/PTF1A_HUMAN.H11MO.0.B",
            "pwm": [
              [0.152026, 0.445955, 0.361971, 0.0400482], 
              [0.0140534, 0.953853, 0.0120414, 0.0200522], 
              [0.939868, 0.0100418, 0.00604261, 0.0440474], 
              [0.00605497, 0.044035, 0.765891, 0.184019], 
              [0.076041, 0.86787, 0.0220394, 0.0340494], 
              [0.0140534, 0.00404301, 0.00204341, 0.97986], 
              [0.0100542, 0.0160406, 0.933857, 0.0400482], 
              [0.0200522, 0.443955, 0.273989, 0.262004], 
              [0.056045, 0.423959, 0.12002, 0.399976], 
              [0.148027, 0.313981, 0.237996, 0.299996], 
              [0.0820398, 0.409962, 0.249994, 0.258005], 
              [0.134029, 0.413961, 0.140016, 0.311994], 
              [0.146027, 0.231997, 0.225999, 0.395977], 
              [0.0540454, 0.345975, 0.136017, 0.463963], 
              [0.0720418, 0.403963, 0.0700298, 0.453965], 
              [0.0640434, 0.601923, 0.132017, 0.202016], 
              [0.242008, 0.439956, 0.0660306, 0.252006], 
              [0.18002, 0.483947, 0.176009, 0.160024]
            ]
          }, {
            "db": 0,
            "id": "SOX17_HUMAN.H11MO.0.C",
            "len": 11,
            "nsites": 500,
            "evalue": "1.0e+000",
            "url": "http://hocomoco.autosome.ru/motif/SOX17_HUMAN.H11MO.0.C",
            "pwm": [
              [0.114033, 0.283987, 0.425959, 0.176021], 
              [0.0320498, 0.805883, 0.0920254, 0.0700422], 
              [0.0400482, 0.799884, 0.00404301, 0.156025], 
              [0.887879, 0.0160406, 0.00404301, 0.0920378], 
              [0.00405537, 0.0200398, 0.0100418, 0.965863], 
              [0.00805457, 0.11802, 0.112021, 0.761904], 
              [0.0225517, 0.0665305, 0.62042, 0.290498], 
              [0.0285505, 0.0225393, 0.0145409, 0.934369], 
              [0.134529, 0.136517, 0.276489, 0.452466], 
              [0.0745413, 0.290486, 0.228498, 0.406475], 
              [0.13053, 0.236497, 0.196505, 0.436469]
            ]
          }, {
            "db": 0,
            "id": "SP4_HUMAN.H11MO.0.A",
            "len": 20,
            "nsites": 499,
            "evalue": "1.0e+000",
            "url": "http://hocomoco.autosome.ru/motif/SP4_HUMAN.H11MO.0.A",
            "pwm": [
              [0.222457, 0.248491, 0.454863, 0.0741897], 
              [0.266536, 0.148311, 0.462877, 0.122276], 
              [0.140309, 0.180368, 0.605133, 0.0741897], 
              [0.404785, 0.250495, 0.248491, 0.0962294], 
              [0.527005, 0.112246, 0.224448, 0.136302], 
              [0.34668, 0.0260908, 0.549032, 0.0781969], 
              [0.230471, 0.0180764, 0.637191, 0.114262], 
              [0.342673, 0.02008, 0.615151, 0.022096], 
              [0.0681789, 0.0120655, 0.901667, 0.0180887], 
              [0.0361212, 0.00405111, 0.935728, 0.0240996], 
              [0.12428, 0.769429, 0.0100619, 0.0962294], 
              [0.0561573, 0.0160728, 0.855584, 0.0721861], 
              [0.0541537, 0.0180764, 0.861595, 0.0661753], 
              [0.352691, 0.030098, 0.567065, 0.0501464], 
              [0.214442, 0.0100619, 0.747389, 0.0281068], 
              [0.198413, 0.597119, 0.1423, 0.0621681], 
              [0.248503, 0.41479, 0.124268, 0.212439], 
              [0.326644, 0.0781846, 0.3647, 0.230471], 
              [0.302601, 0.112246, 0.498942, 0.0862114], 
              [0.332655, 0.1423, 0.430819, 0.0942258]
            ]
          }, {
            "db": 0,
            "id": "SPIC_HUMAN.H11MO.0.D",
            "len": 13,
            "nsites": 263,
            "evalue": "1.0e+000",
            "url": "http://hocomoco.autosome.ru/motif/SPIC_HUMAN.H11MO.0.D",
            "pwm": [
