<!DOCTYPE HTML>
<html>
  <head>
    <meta charset="UTF-8">
    <title>TOMTOM</title>
    <script>
      // @JSON_VAR data
      var data = {
        "program": "Tomtom",
        "version": "4.12.0",
        "release": "Tue Jun 27 16:22:50 2017 -0700",
        "cmd": [
          "tomtom", "-verbosity", "1", "-oc",
          "results/AHRpeaks_not-in-DHSs-withAHREs.bed-399.fa/hocomoco/meme_tomtom_out",
          "-min-overlap", "5", "-dist", "pearson", "-evalue", "-thresh", "1",
          "-no-ssc", "-bfile",
          "results/AHRpeaks_not-in-DHSs-withAHREs.bed-399.fa/hocomoco/background",
          "results/AHRpeaks_not-in-DHSs-withAHREs.bed-399.fa/hocomoco/meme_out/meme.xml",
          "/Users/filipov4/meme/db/motif_databases/HUMAN/HOCOMOCOv11_full_HUMAN_mono_meme_format.meme"
        ],
        "options": {
          "strands": "both",
          "distance_measure": "pearson",
          "threshold_type": "evalue",
          "threshold_value": 1,
          "background_source": "file",
          "background_file": "results/AHRpeaks_not-in-DHSs-withAHREs.bed-399.fa/hocomoco/background"
        },
        "alphabet": {
          "name": "DNA",
          "like": "dna",
          "ncore": 4,
          "symbols": [
            {
              "symbol": "A",
              "name": "Adenine",
              "colour": "CC0000",
              "complement": "T"
            }, {
              "symbol": "C",
              "name": "Cytosine",
              "colour": "0000CC",
              "complement": "G"
            }, {
              "symbol": "G",
              "name": "Guanine",
              "colour": "FFB300",
              "complement": "C"
            }, {
              "symbol": "T",
              "aliases": "U",
              "name": "Thymine",
              "colour": "008000",
              "complement": "A"
            }, {
              "symbol": "N",
              "aliases": "X.",
              "name": "Any base",
              "equals": "ACGT"
            }, {
              "symbol": "V",
              "name": "Not T",
              "equals": "ACG"
            }, {
              "symbol": "H",
              "name": "Not G",
              "equals": "ACT"
            }, {
              "symbol": "D",
              "name": "Not C",
              "equals": "AGT"
            }, {
              "symbol": "B",
              "name": "Not A",
              "equals": "CGT"
            }, {
              "symbol": "M",
              "name": "Amino",
              "equals": "AC"
            }, {
              "symbol": "R",
              "name": "Purine",
              "equals": "AG"
            }, {
              "symbol": "W",
              "name": "Weak",
              "equals": "AT"
            }, {
              "symbol": "S",
              "name": "Strong",
              "equals": "CG"
            }, {
              "symbol": "Y",
              "name": "Pyrimidine",
              "equals": "CT"
            }, {
              "symbol": "K",
              "name": "Keto",
              "equals": "GT"
            }
          ]
        },
        "background": [0.3083, 0.1917, 0.1917, 0.3083],
        "query_dbs": [
          {
            "source": "results/AHRpeaks_not-in-DHSs-withAHREs.bed-399.fa/hocomoco/meme_out/meme.xml",
            "name": "meme",
            "loaded": 7,
            "excluded": 0,
            "last_modified": "Thu May 24 14:22:02 2018"
          }
        ],
        "target_dbs": [
          {
            "source": "/Users/filipov4/meme/db/motif_databases/HUMAN/HOCOMOCOv11_full_HUMAN_mono_meme_format.meme",
            "name": "HOCOMOCOv11 full HUMAN mono meme format",
            "loaded": 771,
            "excluded": 0,
            "last_modified": "Wed Dec  6 21:59:30 2017"
          }
        ],
        "queries": [
          {
            "db": 0,
            "id": "AGATAAYAKYRRAWAAAMYCT",
            "alt": "MEME-4",
            "len": 21,
            "nsites": 6,
            "evalue": "1.5e-001",
            "pwm": [
              [0.988661, 0.00314262, 0.00314262, 0.0050541], 
              [0.168989, 0.00314262, 0.822814, 0.0050541], 
              [0.988661, 0.00314262, 0.00314262, 0.0050541], 
              [0.0050541, 0.00314262, 0.00314262, 0.988661], 
              [0.988661, 0.00314262, 0.00314262, 0.0050541], 
              [0.496857, 0.167077, 0.167077, 0.168989], 
              [0.0050541, 0.658881, 0.00314262, 0.332923], 
              [0.824726, 0.00314262, 0.00314262, 0.168989], 
              [0.0050541, 0.00314262, 0.494946, 0.496857], 
              [0.168989, 0.494946, 0.00314262, 0.332923], 
              [0.660792, 0.00314262, 0.331011, 0.0050541], 
              [0.332923, 0.00314262, 0.658881, 0.0050541], 
              [0.988661, 0.00314262, 0.00314262, 0.0050541], 
              [0.660792, 0.00314262, 0.00314262, 0.332923], 
              [0.824726, 0.00314262, 0.00314262, 0.168989], 
              [0.988661, 0.00314262, 0.00314262, 0.0050541], 
              [0.824726, 0.00314262, 0.00314262, 0.168989], 
              [0.332923, 0.658881, 0.00314262, 0.0050541], 
              [0.0050541, 0.494946, 0.00314262, 0.496857], 
              [0.0050541, 0.986749, 0.00314262, 0.0050541], 
              [0.0050541, 0.00314262, 0.00314262, 0.988661]
            ]
          }, {
            "db": 0,
            "id": "AGGCAAGGATBTCDYSACCAAG",
            "alt": "MEME-5",
            "len": 22,
            "nsites": 4,
            "evalue": "7.4e+002",
            "pwm": [
              [0.983129, 0.00467561, 0.00467561, 0.00751951], 
              [0.00751951, 0.00467561, 0.980285, 0.00751951], 
              [0.00751951, 0.00467561, 0.980285, 0.00751951], 
              [0.00751951, 0.980285, 0.00467561, 0.00751951], 
              [0.739227, 0.00467561, 0.00467561, 0.251422], 
              [0.983129, 0.00467561, 0.00467561, 0.00751951], 
              [0.00751951, 0.00467561, 0.980285, 0.00751951], 
              [0.00751951, 0.248578, 0.736383, 0.00751951], 
              [0.739227, 0.00467561, 0.00467561, 0.251422], 
              [0.251422, 0.00467561, 0.00467561, 0.739227], 
              [0.00751951, 0.248578, 0.248578, 0.495324], 
              [0.00751951, 0.00467561, 0.248578, 0.739227], 
              [0.00751951, 0.736383, 0.00467561, 0.251422], 
              [0.495324, 0.00467561, 0.248578, 0.251422], 
              [0.00751951, 0.49248, 0.00467561, 0.495324], 
              [0.00751951, 0.49248, 0.49248, 0.00751951], 
              [0.739227, 0.248578, 0.00467561, 0.00751951], 
              [0.00751951, 0.736383, 0.248578, 0.00751951], 
              [0.00751951, 0.736383, 0.00467561, 0.251422], 
              [0.739227, 0.248578, 0.00467561, 0.00751951], 
              [0.739227, 0.00467561, 0.248578, 0.00751951], 
              [0.00751951, 0.00467561, 0.980285, 0.00751951]
            ]
          }, {
            "db": 0,
            "id": "CCCAAAAGCAAATGCAATAAAAACAAAGAT",
            "alt": "MEME-1",
            "len": 30,
            "nsites": 4,
            "evalue": "1.0e-005",
            "pwm": [
              [0.00751951, 0.980285, 0.00467561, 0.00751951], 
              [0.251422, 0.736383, 0.00467561, 0.00751951], 
              [0.00751951, 0.736383, 0.248578, 0.00751951], 
              [0.739227, 0.248578, 0.00467561, 0.00751951], 
              [0.739227, 0.00467561, 0.248578, 0.00751951], 
              [0.983129, 0.00467561, 0.00467561, 0.00751951], 
              [0.739227, 0.00467561, 0.248578, 0.00751951], 
              [0.00751951, 0.248578, 0.736383, 0.00751951], 
              [0.251422, 0.736383, 0.00467561, 0.00751951], 
              [0.983129, 0.00467561, 0.00467561, 0.00751951], 
              [0.983129, 0.00467561, 0.00467561, 0.00751951], 
              [0.983129, 0.00467561, 0.00467561, 0.00751951], 
              [0.00751951, 0.00467561, 0.00467561, 0.983129], 
              [0.00751951, 0.00467561, 0.736383, 0.251422], 
              [0.251422, 0.736383, 0.00467561, 0.00751951], 
              [0.739227, 0.00467561, 0.248578, 0.00751951], 
              [0.983129, 0.00467561, 0.00467561, 0.00751951], 
              [0.00751951, 0.00467561, 0.00467561, 0.983129], 
              [0.983129, 0.00467561, 0.00467561, 0.00751951], 
              [0.739227, 0.00467561, 0.248578, 0.00751951], 
              [0.983129, 0.00467561, 0.00467561, 0.00751951], 
              [0.983129, 0.00467561, 0.00467561, 0.00751951], 
              [0.983129, 0.00467561, 0.00467561, 0.00751951], 
              [0.00751951, 0.736383, 0.00467561, 0.251422], 
              [0.983129, 0.00467561, 0.00467561, 0.00751951], 
              [0.983129, 0.00467561, 0.00467561, 0.00751951], 
              [0.983129, 0.00467561, 0.00467561, 0.00751951], 
              [0.00751951, 0.00467561, 0.980285, 0.00751951], 
              [0.983129, 0.00467561, 0.00467561, 0.00751951], 
              [0.00751951, 0.00467561, 0.00467561, 0.983129]
            ]
          }, {
            "db": 0,
            "id": "GCGAG",
            "alt": "MEME-6",
            "len": 5,
            "nsites": 2,
            "evalue": "5.6e+004",
            "pwm": [
              [0.0146809, 0.00912858, 0.96151, 0.0146809], 
              [0.0146809, 0.96151, 0.00912858, 0.0146809], 
              [0.0146809, 0.00912858, 0.96151, 0.0146809], 
              [0.967062, 0.00912858, 0.00912858, 0.0146809], 
              [0.0146809, 0.00912858, 0.96151, 0.0146809]
            ]
          }, {
            "db": 0,
            "id": "GGCCTCC",
            "alt": "MEME-7",
            "len": 7,
            "nsites": 2,
            "evalue": "1.3e+004",
            "pwm": [
              [0.0146809, 0.00912858, 0.96151, 0.0146809], 
              [0.0146809, 0.00912858, 0.96151, 0.0146809], 
              [0.0146809, 0.96151, 0.00912858, 0.0146809], 
              [0.0146809, 0.96151, 0.00912858, 0.0146809], 
              [0.0146809, 0.00912858, 0.00912858, 0.967062], 
              [0.0146809, 0.96151, 0.00912858, 0.0146809], 
              [0.0146809, 0.96151, 0.00912858, 0.0146809]
            ]
          }, {
            "db": 0,
            "id": "SYCTTTAGTTHAATTAVGTCCCAGCTATTT",
            "alt": "MEME-3",
            "len": 30,
            "nsites": 4,
            "evalue": "1.6e-002",
            "pwm": [
              [0.00751951, 0.49248, 0.49248, 0.00751951], 
              [0.00751951, 0.49248, 0.00467561, 0.495324], 
              [0.00751951, 0.980285, 0.00467561, 0.00751951], 
              [0.00751951, 0.248578, 0.00467561, 0.739227], 
              [0.00751951, 0.00467561, 0.00467561, 0.983129], 
              [0.251422, 0.00467561, 0.00467561, 0.739227], 
              [0.739227, 0.00467561, 0.248578, 0.00751951], 
              [0.00751951, 0.248578, 0.736383, 0.00751951], 
              [0.00751951, 0.00467561, 0.00467561, 0.983129], 
              [0.00751951, 0.248578, 0.00467561, 0.739227], 
              [0.251422, 0.248578, 0.00467561, 0.495324], 
              [0.739227, 0.00467561, 0.00467561, 0.251422], 
              [0.739227, 0.00467561, 0.248578, 0.00751951], 
              [0.00751951, 0.00467561, 0.00467561, 0.983129], 
              [0.00751951, 0.00467561, 0.00467561, 0.983129], 
              [0.983129, 0.00467561, 0.00467561, 0.00751951], 
              [0.495324, 0.248578, 0.248578, 0.00751951], 
              [0.00751951, 0.00467561, 0.736383, 0.251422], 
              [0.00751951, 0.248578, 0.00467561, 0.739227], 
              [0.00751951, 0.980285, 0.00467561, 0.00751951], 
              [0.00751951, 0.980285, 0.00467561, 0.00751951], 
              [0.00751951, 0.980285, 0.00467561, 0.00751951], 
              [0.983129, 0.00467561, 0.00467561, 0.00751951], 
              [0.00751951, 0.00467561, 0.980285, 0.00751951], 
              [0.00751951, 0.980285, 0.00467561, 0.00751951], 
              [0.00751951, 0.00467561, 0.248578, 0.739227], 
              [0.983129, 0.00467561, 0.00467561, 0.00751951], 
              [0.251422, 0.00467561, 0.00467561, 0.739227], 
              [0.00751951, 0.248578, 0.00467561, 0.739227], 
              [0.00751951, 0.00467561, 0.00467561, 0.983129]
            ]
          }, {
            "db": 0,
            "id": "TTTGCAYGRCAAARGGAACAGTCAGC",
            "alt": "MEME-2",
            "len": 26,
            "nsites": 4,
            "evalue": "4.6e-006",
            "pwm": [
              [0.00751951, 0.00467561, 0.00467561, 0.983129], 
              [0.00751951, 0.00467561, 0.00467561, 0.983129], 
              [0.00751951, 0.00467561, 0.00467561, 0.983129], 
              [0.00751951, 0.00467561, 0.980285, 0.00751951], 
              [0.00751951, 0.980285, 0.00467561, 0.00751951], 
              [0.983129, 0.00467561, 0.00467561, 0.00751951], 
              [0.00751951, 0.49248, 0.00467561, 0.495324], 
              [0.00751951, 0.00467561, 0.980285, 0.00751951], 
              [0.495324, 0.00467561, 0.49248, 0.00751951], 
              [0.00751951, 0.736383, 0.248578, 0.00751951], 
              [0.983129, 0.00467561, 0.00467561, 0.00751951], 
              [0.983129, 0.00467561, 0.00467561, 0.00751951], 
              [0.983129, 0.00467561, 0.00467561, 0.00751951], 
              [0.495324, 0.00467561, 0.49248, 0.00751951], 
              [0.00751951, 0.00467561, 0.980285, 0.00751951], 
              [0.00751951, 0.00467561, 0.736383, 0.251422], 
              [0.983129, 0.00467561, 0.00467561, 0.00751951], 
              [0.983129, 0.00467561, 0.00467561, 0.00751951], 
              [0.00751951, 0.736383, 0.248578, 0.00751951], 
              [0.983129, 0.00467561, 0.00467561, 0.00751951], 
              [0.00751951, 0.00467561, 0.980285, 0.00751951], 
              [0.00751951, 0.00467561, 0.248578, 0.739227], 
              [0.00751951, 0.736383, 0.248578, 0.00751951], 
              [0.983129, 0.00467561, 0.00467561, 0.00751951], 
              [0.251422, 0.00467561, 0.736383, 0.00751951], 
              [0.00751951, 0.736383, 0.248578, 0.00751951]
            ]
          }
        ],
        "targets": [
          {
            "db": 0,
            "id": "ALX3_HUMAN.H11MO.0.D",
            "len": 11,
            "nsites": 8236,
            "evalue": "1.0e+000",
            "url": "http://hocomoco.autosome.ru/motif/ALX3_HUMAN.H11MO.0.D",
            "pwm": [
              [0.0593559, 0.0292875, 0.0125401, 0.898817], 
              [0.935255, 0.000883769, 0.0127343, 0.0511273], 
              [0.99982, 2.6812e-05, 0.00012475, 2.82278e-05], 
              [0.000493433, 0.00401778, 0.000198203, 0.995291], 
              [0.0068594, 0.109791, 0.0166518, 0.866698], 
              [0.703233, 0.00166727, 0.295096, 3.74328e-06], 
              [0.476897, 0.0894459, 0.412179, 0.0214784], 
              [0.658444, 0.158693, 0.132124, 0.0507391], 
              [0.0224595, 0.0203034, 0.0188344, 0.938403], 
              [0.171225, 0.0612187, 0.0304662, 0.73709], 
              [0.80054, 0.0456256, 0.0573781, 0.0964568]
            ]
          }, {
            "db": 0,
            "id": "ALX4_HUMAN.H11MO.0.D",
            "len": 12,
            "nsites": 23223,
            "evalue": "1.0e+000",
            "url": "http://hocomoco.autosome.ru/motif/ALX4_HUMAN.H11MO.0.D",
            "pwm": [
              [0.166685, 0.314129, 0.138493, 0.380693], 
              [0.00484372, 0.00162966, 0.00101769, 0.992509], 
              [0.995913, 0.000171964, 0.000838016, 0.00307719], 
              [0.999929, 1.43458e-05, 4.13864e-05, 1.48479e-05], 
              [1.32756e-06, 0.00034239, 5.49067e-05, 0.999601], 
              [0.000334353, 0.0441239, 0.000685379, 0.954856], 
              [0.785114, 8.25472e-07, 0.214884, 1.32756e-06], 
              [0.591414, 0.0179942, 0.389556, 0.00103598], 
              [0.952457, 0.00913768, 0.0295191, 0.00888628], 
              [0.00264205, 0.00363066, 0.00249781, 0.991229], 
              [0.0153977, 0.00998484, 0.00386798, 0.970749], 
              [0.980307, 0.00494747, 0.00543277, 0.00931288]
            ]
          }, {
            "db": 0,
            "id": "ANDR_HUMAN.H11MO.2.A",
            "len": 12,
            "nsites": 500,
            "evalue": "1.0e+000",
            "url": "http://hocomoco.autosome.ru/motif/ANDR_HUMAN.H11MO.2.A",
            "pwm": [
              [0.140034, 0.323974, 0.24199, 0.294003], 
              [0.248012, 0.130012, 0.118015, 0.503961], 
              [0.138034, 0.38996, 0.317975, 0.154031], 
              [0.0460524, 0.0160351, 0.00203793, 0.935874], 
              [0.00606045, 0.0200343, 0.969844, 0.00406085], 
              [0.0100596, 0.0120359, 0.00203793, 0.975866], 
              [0.0540508, 0.120014, 0.188001, 0.637934], 
              [6.16476e-05, 0.983842, 0.00603713, 0.0100596], 
              [0.028056, 0.405957, 0.00403753, 0.561949], 
              [0.172027, 0.237991, 0.114016, 0.475966], 
              [0.186024, 0.14001, 0.269984, 0.403981], 
              [0.122037, 0.217995, 0.24199, 0.417978]
            ]
          }, {
            "db": 0,
            "id": "ARI3A_HUMAN.H11MO.0.D",
            "len": 22,
            "nsites": 44,
            "evalue": "1.0e+000",
            "url": "http://hocomoco.autosome.ru/motif/ARI3A_HUMAN.H11MO.0.D",
            "pwm": [
              [0.390456, 0.0965266, 0.325524, 0.187494], 
              [0.680971, 0.0911376, 0.000434694, 0.227456], 
              [0.112958, 0.000434694, 0.000434694, 0.886173], 
              [0.158309, 0.000434694, 0.000434694, 0.840821], 
              [0.95308, 0.0457862, 0.000434694, 0.000699093], 
              [0.931524, 0.067342, 0.000434694, 0.000699093], 
              [0.47577, 0.000434694, 0.0242304, 0.499565], 
              [0.000699093, 0.408598, 0.227192, 0.363511], 
              [0.294364, 0.181841, 0.432394, 0.091402], 
              [0.499565, 0.0457862, 0.363246, 0.091402], 
              [0.454214, 0.0457862, 0.158045, 0.341955], 
              [0.728563, 0.000434694, 0.0911376, 0.179865], 
              [0.136754, 0.0457862, 0.0911376, 0.726323], 
              [0.160549, 0.568448, 0.0457862, 0.225217], 
              [0.726323, 0.000434694, 0.000434694, 0.272808], 
              [0.750118, 0.0457862, 0.000434694, 0.203661], 
              [0.95308, 0.000434694, 0.000434694, 0.0460506], 
              [0.408862, 0.000434694, 0.0457862, 0.544917], 
              [0.115198, 0.136489, 0.0911376, 0.657176], 
              [0.521121, 0.136489, 0.0242304, 0.318159], 
              [0.611824, 0.0695818, 0.000434694, 0.318159], 
              [0.664804, 0.00582364, 0.0749708, 0.254401]
            ]
          }, {
            "db": 0,
            "id": "ARX_HUMAN.H11MO.0.D",
            "len": 13,
            "nsites": 623,
            "evalue": "1.0e+000",
            "url": "http://hocomoco.autosome.ru/motif/ARX_HUMAN.H11MO.0.D",
            "pwm": [
              [0.154483, 0.281497, 0.15444, 0.409579], 
              [0.0597589, 0.057585, 0.0565075, 0.826149], 
              [0.964916, 0.00487979, 0.0167091, 0.0134952], 
              [0.972728, 0.00407162, 0.0180323, 0.00516789], 
              [0.00409033, 0.079358, 0.00622674, 0.910325], 
              [0.000318868, 0.406136, 0.026114, 0.567431], 
              [0.000318868, 0.258558, 0.00137772, 0.739746], 
              [0.942018, 0.00137772, 0.0552081, 0.00139643], 
              [0.996926, 0.000300156, 0.000300156, 0.00247399], 
              [0.000857649, 0.000838936, 0.000838936, 0.997464], 
              [0.0172666, 0.00110833, 0.00110833, 0.980517], 
              [0.745833, 0.0825609, 0.0836385, 0.0879675], 
              [0.312981, 0.166533, 0.370073, 0.150412]
            ]
          }, {
            "db": 0,
            "id": "CDX2_HUMAN.H11MO.0.A",
            "len": 12,
            "nsites": 151,
            "evalue": "1.0e+000",
            "url": "http://hocomoco.autosome.ru/motif/CDX2_HUMAN.H11MO.0.A",
            "pwm": [
              [0.152421, 0.119253, 0.211907, 0.516418], 
              [0.0597672, 0.0729263, 0.0596901, 0.807616], 
              [0.106094, 0.00012687, 0.0663082, 0.827471], 
              [0.0862398, 0.244998, 0.172198, 0.496564], 
              [0.986306, 0.006745, 0.006745, 0.000204037], 
              [0.00682217, 0.0530719, 0.0133631, 0.926743], 
              [0.046531, 0.00012687, 0.311179, 0.642163], 
              [0.185512, 0.006745, 0.807539, 0.000204037], 
              [0.0134403, 0.761212, 0.13249, 0.0928579], 
              [0.264929, 0.211907, 0.0861626, 0.437001], 
              [0.139185, 0.198671, 0.350888, 0.311256], 
              [0.0134403, 0.231762, 0.172198, 0.5826]
            ]
          }, {
            "db": 0,
            "id": "DRGX_HUMAN.H11MO.0.D",
            "len": 11,
            "nsites": 10531,
            "evalue": "1.0e+000",
            "url": "http://hocomoco.autosome.ru/motif/DRGX_HUMAN.H11MO.0.D",
            "pwm": [
              [0.0552441, 0.0103284, 0.00292174, 0.931506], 
              [0.940313, 0.00213835, 0.0374623, 0.0200863], 
              [0.996884, 0.00107008, 0.00116504, 0.000881278], 
              [0.0122761, 0.105143, 0.0101859, 0.872395], 
              [0.0104719, 0.314618, 0.091564, 0.583347], 
              [2.66667e-05, 0.320315, 2.55595e-05, 0.679633], 
              [0.827362, 0.0107319, 0.158295, 0.00361129], 
              [0.997501, 0.000642779, 0.00111756, 0.000738843], 
              [0.000192841, 0.000286691, 0.000286691, 0.999234], 
              [0.0307927, 0.00904646, 0.00031043, 0.95985], 
              [0.949239, 0.00118878, 0.0103046, 0.0392676]
            ]
          }, {
            "db": 0,
            "id": "EVI1_HUMAN.H11MO.0.B",
            "len": 16,
            "nsites": 141,
            "evalue": "1.0e+000",
            "url": "http://hocomoco.autosome.ru/motif/EVI1_HUMAN.H11MO.0.B",
            "pwm": [
              [0.418898, 0.152781, 0.189301, 0.239021], 
              [0.635779, 0.0373089, 0.0836256, 0.243287], 
              [0.0211184, 0.0295263, 0.906739, 0.0426165], 
              [0.972732, 0.00601395, 0.00601395, 0.0152403], 
              [0.0413651, 0.455682, 0.00601395, 0.496939], 
              [0.951832, 0.00601395, 0.0177701, 0.024384], 
              [0.917571, 0.000135861, 0.0157833, 0.0665103], 
              [0.0306975, 0.00601395, 0.961982, 0.00130703], 
              [0.966854, 0.000135861, 0.000135861, 0.0328746], 
              [0.000218497, 0.12469, 0.00536083, 0.869731], 
              [0.900182, 0.0325193, 0.000135861, 0.0671624], 
              [0.771735, 0.00927956, 0.15672, 0.062265], 
              [0.210902, 0.183443, 0.352272, 0.253382], 
              [0.743788, 0.0920337, 0.0764961, 0.0876818], 
              [0.129372, 0.156067, 0.308135, 0.406427], 
              [0.490366, 0.119179, 0.158422, 0.232032]
            ]
          }, {
            "db": 0,
            "id": "EVX2_HUMAN.H11MO.0.A",
            "len": 13,
            "nsites": 500,
            "evalue": "1.0e+000",
            "url": "http://hocomoco.autosome.ru/motif/EVX2_HUMAN.H11MO.0.A",
            "pwm": [
              [0.164029, 0.176003, 0.361966, 0.298002], 
              [0.116038, 0.182002, 0.207997, 0.493963], 
              [0.0120592, 0.0100363, 0.0140355, 0.963869], 
              [0.0140588, 0.00803673, 3.83324e-05, 0.977866], 
              [0.028056, 0.0220339, 0.0280327, 0.921877], 
              [0.983865, 0.0100363, 0.00403753, 0.00206125], 
              [0.00406085, 0.0580267, 3.83324e-05, 0.937874], 
              [0.0460524, 0.00603713, 0.495939, 0.451971], 
              [0.385984, 3.83324e-05, 0.605917, 0.00806005], 
              [0.0460524, 0.735891, 0.106017, 0.112039], 
              [0.15603, 0.413956, 0.0480287, 0.381985], 
              [0.128036, 0.307977, 0.195999, 0.367988], 
              [0.142033, 0.249988, 0.19, 0.417978]
            ]
          }, {
            "db": 0,
            "id": "FOXD3_HUMAN.H11MO.0.D",
            "len": 15,
            "nsites": 465,
            "evalue": "1.0e+000",
            "url": "http://hocomoco.autosome.ru/motif/FOXD3_HUMAN.H11MO.0.D",
            "pwm": [
              [0.157022, 0.176347, 0.298902, 0.367729], 
              [0.11832, 0.217199, 0.266651, 0.39783], 
              [0.135521, 0.00649144, 0.0559432, 0.802044], 
              [0.0387676, 0.0688436, 0.872972, 0.019417], 
              [0.0925195, 0.051643, 0.0365925, 0.819245], 
              [0.0366176, 0.111845, 0.0494929, 0.802044], 
              [0.0538182, 4.1217e-05, 0.0946445, 0.851496], 
              [0.339778, 0.199998, 0.225799, 0.234424], 
              [0.0581183, 0.599912, 0.0623934, 0.279576], 
              [0.294627, 0.202148, 0.0408926, 0.462332], 
              [0.10972, 0.223649, 0.0709937, 0.595637], 
              [0.40428, 0.0473429, 0.146246, 0.40213], 
              [0.230124, 0.141946, 0.427906, 0.200023], 
              [0.10112, 0.363404, 0.348353, 0.187123], 
              [0.356979, 0.292451, 0.111845, 0.238725]
            ]
          }, {
            "db": 0,
            "id": "FOXF1_HUMAN.H11MO.0.D",
            "len": 11,
            "nsites": 8,
            "evalue": "1.0e+000",
            "url": "http://hocomoco.autosome.ru/motif/FOXF1_HUMAN.H11MO.0.D",
            "pwm": [
              [0.414118, 0.151241, 0.151241, 0.283399], 
              [0.00380617, 0.00236667, 0.00236667, 0.99146], 
              [0.134525, 0.00236667, 0.859302, 0.00380617], 
              [0.00380617, 0.00236667, 0.00236667, 0.99146], 
              [0.00380617, 0.00236667, 0.00236667, 0.99146], 
              [0.00380617, 0.00236667, 0.00236667, 0.99146], 
              [0.730023, 0.0677261, 0.198445, 0.00380617], 
              [0.00380617, 0.133086, 0.00236667, 0.860742], 
              [0.0219616, 0.151241, 0.151241, 0.675556], 
              [0.265244, 0.169396, 0.00236667, 0.562993], 
              [0.432274, 0.00236667, 0.0386775, 0.526682]
            ]
          }, {
            "db": 0,
            "id": "GCR_HUMAN.H11MO.1.A",
            "len": 12,
            "nsites": 500,
            "evalue": "1.0e+000",
            "url": "http://hocomoco.autosome.ru/motif/GCR_HUMAN.H11MO.1.A",
            "pwm": [
              [0.383985, 0.305977, 0.110016, 0.200022], 
              [0.425976, 0.14001, 0.305977, 0.128036], 
              [0.493963, 0.00203793, 0.49194, 0.0120592], 
              [0.00406085, 0.00203793, 0.99384, 6.16476e-05], 
              [0.60994, 0.0440295, 0.195999, 0.150032], 
              [0.987864, 0.00803673, 0.00403753, 6.16476e-05], 
              [0.00206125, 0.99384, 0.00403753, 6.16476e-05], 
              [0.981865, 3.83324e-05, 0.00203793, 0.0160584], 
              [0.122037, 0.188001, 0.533932, 0.15603], 
              [0.487964, 0.0820219, 0.178003, 0.252011], 
              [0.343993, 0.24399, 0.311976, 0.100042], 
              [0.286004, 0.209996, 0.0540275, 0.449972]
            ]
          }, {
            "db": 0,
            "id": "HXC9_HUMAN.H11MO.0.C",
            "len": 10,
            "nsites": 500,
            "evalue": "1.0e+000",
            "url": "http://hocomoco.autosome.ru/motif/HXC9_HUMAN.H11MO.0.C",
            "pwm": [
              [0.26001, 0.156007, 0.0740235, 0.50996], 
              [0.0400536, 0.0280327, 0.0460291, 0.885884], 
              [0.00806005, 0.0120359, 0.0160351, 0.963869], 
              [0.224017, 0.126013, 0.0320319, 0.617938], 
              [0.95987, 0.0240335, 0.0120359, 0.00406085], 
              [0.0120592, 0.0240335, 0.0180347, 0.945872], 
              [0.0520512, 0.00403753, 0.453948, 0.489964], 
              [0.15603, 0.0140355, 0.801878, 0.028056], 
              [0.0220572, 0.773884, 0.134012, 0.0700477], 
              [0.288004, 0.399958, 0.0160351, 0.296002]
            ]
          }, {
            "db": 0,
            "id": "IRF1_HUMAN.H11MO.0.A",
            "len": 20,
            "nsites": 499,
            "evalue": "1.0e+000",
            "url": "http://hocomoco.autosome.ru/motif/IRF1_HUMAN.H11MO.0.A",
            "pwm": [
              [0.338671, 0.176356, 0.35668, 0.128293], 
              [0.605151, 0.0982151, 0.192385, 0.104249], 
              [0.657245, 0.0962115, 0.128269, 0.118275], 
              [0.735385, 0.0741718, 0.0781791, 0.112264], 
              [0.310621, 0.22845, 0.266518, 0.194412], 
              [0.298599, 0.138287, 0.152313, 0.410801], 
              [0.166361, 0.00805284, 0.821517, 0.00406898], 
              [0.933742, 0.0100564, 0.0461214, 0.0100798], 
              [0.98784, 0.00204202, 3.84092e-05, 0.0100798], 
              [0.983833, 0.00204202, 0.00604923, 0.0080762], 
              [0.136307, 0.364695, 0.468882, 0.0301159], 
              [0.200422, 0.100219, 0.0220781, 0.677281], 
              [0.106253, 0.00404562, 0.887636, 0.00206538], 
              [0.93775, 0.0160673, 0.0421141, 0.00406898], 
              [0.961793, 3.84092e-05, 0.0280889, 0.0100798], 
              [0.985836, 0.00404562, 0.00404562, 0.00607259], 
              [0.0441411, 0.360688, 0.547023, 0.0481483], 
              [0.196415, 0.242475, 0.0761755, 0.484935], 
              [0.468906, 0.124262, 0.308594, 0.0982385], 
              [0.436848, 0.160327, 0.268522, 0.134303]
            ]
          }, {
            "db": 0,
            "id": "KAISO_HUMAN.H11MO.0.A",
            "len": 15,
            "nsites": 498,
            "evalue": "1.0e+000",
            "url": "http://hocomoco.autosome.ru/motif/KAISO_HUMAN.H11MO.0.A",
            "pwm": [
              [0.132565, 0.415618, 0.375465, 0.0763518], 
              [0.528068, 0.126519, 0.206824, 0.138588], 
              [0.507992, 0.102428, 0.37145, 0.0181306], 
              [0.419656, 0.136557, 0.323267, 0.12052], 
              [0.0823747, 0.259023, 0.160649, 0.497954], 
              [0.28916, 0.592289, 0.094397, 0.0241534], 
              [0.0944205, 0.168679, 0.130534, 0.606366], 
              [0.0141153, 0.949647, 0.0221224, 0.0141153], 
              [0.0462374, 0.008069, 0.929571, 0.0161229], 
              [0.0201382, 0.925555, 0.0100766, 0.0442297], 
              [0.0181306, 0.00606137, 0.961693, 0.0141153], 
              [0.807129, 0.0261377, 0.154626, 0.0121077], 
              [0.0361992, 0.0321606, 0.865327, 0.0663137], 
              [0.787052, 0.0502292, 0.14258, 0.0201382], 
              [0.335336, 0.204817, 0.331297, 0.12855]
            ]
          }, {
            "db": 0,
            "id": "KAISO_HUMAN.H11MO.1.A",
            "len": 11,
            "nsites": 500,
            "evalue": "1.0e+000",
            "url": "http://hocomoco.autosome.ru/motif/KAISO_HUMAN.H11MO.1.A",
            "pwm": [
              [0.150032, 0.231992, 0.126013, 0.491963], 
              [0.315998, 0.487941, 0.152008, 0.0440528], 
              [0.0640489, 0.227993, 0.134012, 0.573947], 
              [0.00855995, 0.900358, 0.0285326, 0.0625492], 
              [0.068548, 0.0225338, 0.894359, 0.0145587], 
              [0.0605496, 0.848369, 0.046529, 0.0445527], 
              [0.0465523, 0.000538232, 0.94035, 0.0125591], 
              [0.90638, 0.0125358, 0.0725238, 0.00855995], 
              [0.00855995, 0.000538232, 0.974343, 0.0165583], 
              [0.8064, 0.046529, 0.134511, 0.0125591], 
              [0.354491, 0.188501, 0.262486, 0.194523]
            ]
          }, {
            "db": 0,
            "id": "NANOG_HUMAN.H11MO.0.A",
            "len": 17,
            "nsites": 499,
            "evalue": "1.0e+000",
            "url": "http://hocomoco.autosome.ru/motif/NANOG_HUMAN.H11MO.0.A",
            "pwm": [
              [0.128293, 0.258504, 0.280543, 0.33266], 
              [0.0441411, 0.486915, 0.178359, 0.290585], 
              [0.0882205, 0.510958, 0.0701646, 0.330657], 
              [0.306614, 0.0441178, 0.0601466, 0.589122], 
              [0.0120834, 0.0601466, 0.0421141, 0.885656], 
              [0.0681844, 0.00805284, 0.0381069, 0.885656], 
              [0.11026, 0.248486, 0.589099, 0.0521555], 
              [0.37674, 0.0421141, 0.0361033, 0.545043], 
              [0.230477, 0.260507, 0.192385, 0.316632], 
              [0.807515, 0.0340997, 0.0401105, 0.118275], 
              [0.0681844, 0.0140637, 0.0300925, 0.887659], 
              [0.0261087, 0.0180709, 0.811499, 0.144321], 
              [0.0281123, 0.635182, 0.116248, 0.220458], 
              [0.681288, 0.0320961, 0.0160673, 0.270549], 
              [0.663256, 0.0501286, 0.240471, 0.0461447], 
              [0.805512, 0.048125, 0.068161, 0.0782024], 
              [0.140314, 0.150309, 0.200399, 0.508978]
            ]
          }, {
            "db": 0,
            "id": "NR2E3_HUMAN.H11MO.0.C",
            "len": 14,
            "nsites": 23,
            "evalue": "1.0e+000",
            "url": "http://hocomoco.autosome.ru/motif/NR2E3_HUMAN.H11MO.0.C",
            "pwm": [
              [0.500558, 0.1549, 0.189138, 0.155405], 
              [0.825817, 0.0693054, 0.0693054, 0.0355724], 
              [0.783251, 0.0350676, 0.146109, 0.0355724], 
              [0.0698101, 0.0693054, 0.722599, 0.138286], 
              [0.0698101, 0.000829871, 0.103543, 0.825817], 
              [0.0698101, 0.893788, 0.0350676, 0.00133463], 
              [0.92853, 0.000829871, 0.0350676, 0.0355724], 
              [0.791579, 0.137781, 0.0693054, 0.00133463], 
              [0.962768, 0.000829871, 0.000829871, 0.0355724], 
              [0.817489, 0.000829871, 0.146109, 0.0355724], 
              [0.249327, 0.0693054, 0.611557, 0.0698101], 
              [0.0355724, 0.0693054, 0.206256, 0.688866], 
              [0.138286, 0.688361, 0.103543, 0.0698101], 
              [0.731663, 0.14634, 0.0778648, 0.0441318]
            ]
          }, {
            "db": 0,
            "id": "ONEC2_HUMAN.H11MO.0.D",
            "len": 21,
            "nsites": 7,
            "evalue": "1.0e+000",
            "url": "http://hocomoco.autosome.ru/motif/ONEC2_HUMAN.H11MO.0.D",
            "pwm": [
              [0.297036, 0.0027, 0.418633, 0.281631], 
              [0.142987, 0.0027, 0.295394, 0.55892], 
              [0.142987, 0.434038, 0.295394, 0.127582], 
              [0.266226, 0.156749, 0.141344, 0.43568], 
              [0.142987, 0.156749, 0.141344, 0.55892], 
              [0.142987, 0.125939, 0.449443, 0.281631], 
              [0.451085, 0.0027, 0.0027, 0.543515], 
              [0.00434225, 0.141344, 0.141344, 0.712969], 
              [0.990258, 0.0027, 0.0027, 0.00434225], 
              [0.00434225, 0.0027, 0.0027, 0.990258], 
              [0.00434225, 0.156749, 0.279989, 0.55892], 
              [0.158392, 0.0027, 0.834566, 0.00434225], 
              [0.990258, 0.0027, 0.0027, 0.00434225], 
              [0.00434225, 0.279989, 0.0027, 0.712969], 
              [0.00434225, 0.0027, 0.0027, 0.990258], 
              [0.281631, 0.125939, 0.0027, 0.58973], 
              [0.281631, 0.0027, 0.0027, 0.712969], 
              [0.281631, 0.0027, 0.141344, 0.574325], 
              [0.00434225, 0.418633, 0.0027, 0.574325], 
              [0.00434225, 0.434038, 0.0027, 0.55892], 
              [0.266226, 0.156749, 0.0027, 0.574325]
            ]
          }, {
            "db": 0,
            "id": "PHX2A_HUMAN.H11MO.0.D",
            "len": 11,
            "nsites": 7912,
            "evalue": "1.0e+000",
            "url": "http://hocomoco.autosome.ru/motif/PHX2A_HUMAN.H11MO.0.D",
            "pwm": [
              [0.070118, 0.02765, 0.016275, 0.885957], 
              [0.92103, 0.00774373, 0.0433853, 0.027841], 
              [0.989817, 0.00385728, 0.00347811, 0.00284764], 
              [0.0349188, 0.159663, 0.0153271, 0.790091], 
              [0.0160553, 0.35427, 0.0952995, 0.534375], 
              [3.89656e-06, 0.326591, 2.42287e-06, 0.673403], 
              [0.820772, 0.0137788, 0.159631, 0.00581778], 
              [0.988427, 0.002467, 0.00663783, 0.00246848], 
              [9.86881e-05, 0.000223603, 0.000223603, 0.999454], 
              [0.0287573, 0.0128309, 0.00120312, 0.957209], 
              [0.916132, 0.0103031, 0.0225628, 0.0510017]
            ]
          }, {
            "db": 0,
            "id": "PHX2B_HUMAN.H11MO.0.D",
            "len": 11,
            "nsites": 25008,
            "evalue": "1.0e+000",
            "url": "http://hocomoco.autosome.ru/motif/PHX2B_HUMAN.H11MO.0.D",
            "pwm": [
              [0.104022, 0.0656359, 0.0533115, 0.777031], 
              [0.909116, 0.00915737, 0.0493028, 0.0324243], 
              [0.986826, 0.0042759, 0.00490779, 0.00398989], 
              [0.0358768, 0.153913, 0.017127, 0.793083], 
              [0.024635, 0.366144, 0.0980559, 0.511165], 
              [1.2328e-06, 0.326373, 7.66552e-07, 0.673625], 
              [0.806513, 0.0177809, 0.164453, 0.0112529], 
              [0.979386, 0.00362853, 0.0119155, 0.00506959], 
              [0.0002754, 0.000405489, 0.000222711, 0.999096], 
              [0.0268092, 0.0189007, 0.00204415, 0.952246], 
              [0.828659, 0.0393007, 0.0514356, 0.0806044]
            ]
          }, {
            "db": 0,
            "id": "PLAL1_HUMAN.H11MO.0.D",
            "len": 10,
            "nsites": 12,
            "evalue": "1.0e+000",
            "url": "http://hocomoco.autosome.ru/motif/PLAL1_HUMAN.H11MO.0.D",
            "pwm": [
              [0.177525, 0.604416, 0.176561, 0.0414987], 
              [0.342613, 0.0015843, 0.585242, 0.0705609], 
              [0.00254793, 0.0015843, 0.789281, 0.206587], 
              [0.138574, 0.0015843, 0.857294, 0.00254793], 
              [0.0705609, 0.0015843, 0.925307, 0.00254793], 
              [0.00254793, 0.0015843, 0.99332, 0.00254793], 
              [0.00254793, 0.0015843, 0.99332, 0.00254793], 
              [0.00254793, 0.925307, 0.0015843, 0.0705609], 
              [0.0705609, 0.857294, 0.0015843, 0.0705609], 
              [0.0705609, 0.585242, 0.13761, 0.206587]
            ]
          }, {
            "db": 0,
            "id": "PO2F1_HUMAN.H11MO.0.C",
            "len": 16,
            "nsites": 134,
            "evalue": "1.0e+000",
            "url": "http://hocomoco.autosome.ru/motif/PO2F1_HUMAN.H11MO.0.C",
            "pwm": [
              [0.634085, 0.112, 0.156743, 0.0971725], 
              [0.432743, 0.171657, 0.171657, 0.223944], 
              [0.0748011, 0.0448857, 0.298428, 0.581885], 
              [0.0822582, 0.365542, 0.335713, 0.216486], 
              [0.298515, 0.134371, 0.469942, 0.0971725], 
              [0.4924, 0.1642, 0.0374286, 0.305972], 
              [0.947284, 0.0374286, 0.00760007, 0.00768702], 
              [0.0375155, 0.0150572, 0.00760007, 0.939827], 
              [0.0598869, 0.000142953, 0.93974, 0.000229903], 
              [0.0151441, 0.462484, 0.425199, 0.0971725], 
              [0.917456, 0.0225143, 0.0299714, 0.0300584], 
              [0.820513, 0.0374286, 0.126914, 0.0151441], 
              [0.537143, 0.067257, 0.0523428, 0.343257], 
              [0.119544, 0.39537, 0.0597999, 0.425286], 
              [0.604257, 0.141828, 0.171657, 0.0822582], 
              [0.462571, 0.0821713, 0.0747142, 0.380543]
            ]
          }, {
            "db": 0,
            "id": "PO5F1_HUMAN.H11MO.0.A",
            "len": 16,
            "nsites": 500,
            "evalue": "1.0e+000",
            "url": "http://hocomoco.autosome.ru/motif/PO5F1_HUMAN.H11MO.0.A",
            "pwm": [
              [0.0520512, 0.519934, 0.194, 0.234015], 
              [0.0740469, 0.529932, 0.0800223, 0.315998], 
              [0.389984, 0.0440295, 0.0400303, 0.525956], 
              [0.0200576, 0.0640255, 0.0240335, 0.891883], 
              [0.0720473, 0.0220339, 0.0280327, 0.877886], 
              [0.104041, 0.313976, 0.515935, 0.0660485], 
              [0.379986, 0.0360311, 0.0320319, 0.551951], 
              [0.176026, 0.249988, 0.100018, 0.473967], 
              [0.883885, 0.0200343, 0.0320319, 0.0640489], 
              [0.0140588, 0.00203793, 0.0160351, 0.967868], 
