<!DOCTYPE HTML>
<html>
  <head>
    <meta charset="UTF-8">
    <title>SpaMo - Spaced Motif Analysis</title>
    <script type="text/javascript">
      //@JSON_VAR data
      var data = {"program":"SpaMo","version":"4.12.0","revision":"aacc9c3eb8c7b460b344d5c8aa1458097dae704d","release":"Tue Jun 27 16:22:50 2017 -0700","host":"Sudins-iMac.local","when":"Thu May 24 19:22:52 2018","cmd":["spamo","-verbosity","1","-oc","results/AHRpeaks_withAHREs.bed-499.fa/hocomoco/spamo_out_7","-bgfile","results/AHRpeaks_withAHREs.bed-499.fa/hocomoco/background","-primary","GMEB2_HUMAN.H11MO.0.D","results/AHRpeaks_withAHREs.bed-499.fa/hocomoco/AHRpeaks_withAHREs.bed-499.fa","/Users/filipov4/meme/db/motif_databases/HUMAN/HOCOMOCOv11_full_HUMAN_mono_meme_format.meme","results/AHRpeaks_withAHREs.bed-499.fa/hocomoco/meme_out/meme.xml","results/AHRpeaks_withAHREs.bed-499.fa/hocomoco/dreme_out/dreme.xml","/Users/filipov4/meme/db/motif_databases/HUMAN/HOCOMOCOv11_full_HUMAN_mono_meme_format.meme"],"options":{"seq_min_hit_score":7,"margin":150,"bin_size":1,"bin_pvalue_calc_range":150,"use_best_secondary":0,"seq_max_shared_fract":0.5,"seq_odds_ratio":20,"bin_pvalue_cutoff":0.05,"motif_evalue_cutoff":10,"redundant_overlap":2,"redundant_joint":0.5,"motif_pseudocount":0.1,"bgfile":"results/AHRpeaks_withAHREs.bed-499.fa/hocomoco/background","motif_trim":0.25,"xalph":0,"seed":1,"bin_max":9},"alphabet":{"name":"DNA","like":"dna","ncore":4,"symbols":[{"symbol":"A","name":"Adenine","colour":"CC0000","complement":"T"},{"symbol":"C","name":"Cytosine","colour":"0000CC","complement":"G"},{"symbol":"G","name":"Guanine","colour":"FFB300","complement":"C"},{"symbol":"T","aliases":"U","name":"Thymine","colour":"008000","complement":"A"},{"symbol":"N","aliases":"X.","name":"Any base","equals":"ACGT"},{"symbol":"V","name":"Not T","equals":"ACG"},{"symbol":"H","name":"Not G","equals":"ACT"},{"symbol":"D","name":"Not C","equals":"AGT"},{"symbol":"B","name":"Not A","equals":"CGT"},{"symbol":"M","name":"Amino","equals":"AC"},{"symbol":"R","name":"Purine","equals":"AG"},{"symbol":"W","name":"Weak","equals":"AT"},{"symbol":"S","name":"Strong","equals":"CG"},{"symbol":"Y","name":"Pyrimidine","equals":"CT"},{"symbol":"K","name":"Keto","equals":"GT"}]},"background":[0.2658,0.2342,0.2342,0.2658],"sequence_dbs":[{"source":"results/AHRpeaks_withAHREs.bed-499.fa/hocomoco/AHRpeaks_withAHREs.bed-499.fa","name":"AHRpeaks_withAHREs.bed-499","last_modified":"Thu May 24 11:14:35 2018","loaded":1224,"excluded_too_short":0,"excluded_no_match":892,"excluded_ambigs":0,"excluded_similar":1,"erased_primary_matches":116}],"primary_dbs":[{"source":"/Users/filipov4/meme/db/motif_databases/HUMAN/HOCOMOCOv11_full_HUMAN_mono_meme_format.meme","name":"HOCOMOCOv11_full_HUMAN_mono_meme_format","last_modified":"Wed Dec  6 21:59:30 2017","loaded":770,"excluded":769}],"secondary_dbs":[{"source":"results/AHRpeaks_withAHREs.bed-499.fa/hocomoco/meme_out/meme.xml","name":"meme.xml","last_modified":"Thu May 24 19:20:26 2018","loaded":7,"excluded":0},{"source":"results/AHRpeaks_withAHREs.bed-499.fa/hocomoco/dreme_out/dreme.xml","name":"dreme.xml","last_modified":"Thu May 24 19:21:12 2018","loaded":7,"excluded":0},{"source":"/Users/filipov4/meme/db/motif_databases/HUMAN/HOCOMOCOv11_full_HUMAN_mono_meme_format.meme","name":"HOCOMOCOv11_full_HUMAN_mono_meme_format","last_modified":"Wed Dec  6 21:59:30 2017","loaded":771,"excluded":1}],"secondary_motifs":[{"db":2,"id":"EGR2_HUMAN.H11MO.1.A","len":16,"ltrim":3,"rtrim":1,"nsites":498,"evalue":"1.0e+000","url":"http://hocomoco.autosome.ru/motif/EGR2_HUMAN.H11MO.1.A","pwm":[[0.194793,0.144596,0.457786,0.202824],[0.281121,0.172703,0.453771,0.0924043],[0.18877,0.100428,0.373466,0.337335],[0.0622899,0.0662988,0.849274,0.0221373],[0.244984,0.365435,0.0582683,0.331312],[0.00607625,0.0181157,0.969732,0.00607625],[0.0120991,0.0100852,0.347367,0.630449],[0.162671,0.00406228,0.813137,0.0201297],[0.0241449,0.0100852,0.923556,0.0422136],[0.0241449,0.0181157,0.953671,0.00406862],[0.321274,0.357405,0.0120928,0.309228],[0.0321754,0.00606991,0.911511,0.0502441],[0.0683127,0.0281538,0.712755,0.190778],[0.29919,0.0944056,0.459794,0.14661],[0.220893,0.0803522,0.524038,0.174717],[0.18877,0.164673,0.516008,0.130549]]},{"db":2,"id":"EGR3_HUMAN.H11MO.0.D","len":11,"ltrim":0,"rtrim":0,"nsites":8,"evalue":"1.0e+000","url":"http://hocomoco.autosome.ru/motif/EGR3_HUMAN.H11MO.0.D","pwm":[[0.565099,0.0207836,0.0207836,0.393333],[0.26093,0.00289136,0.589758,0.14642],[0.63309,0.217599,0.00289136,0.14642],[0.117792,0.00289136,0.876035,0.00328148],[0.00328148,0.0386759,0.181814,0.776228],[0.00328148,0.00289136,0.990546,0.00328148],[0.00328148,0.00289136,0.876035,0.117792],[0.00328148,0.00289136,0.990546,0.00328148],[0.00328148,0.475248,0.00289136,0.518579],[0.00328148,0.00289136,0.876035,0.117792],[0.0211738,0.163922,0.163922,0.650982]]},{"db":2,"id":"FOXG1_HUMAN.H11MO.0.D","len":17,"ltrim":1,"rtrim":0,"nsites":310,"evalue":"1.0e+000","url":"http://hocomoco.autosome.ru/motif/FOXG1_HUMAN.H11MO.0.D","pwm":[[0.358371,0.152238,0.184562,0.30483],[0.1504,0.111045,0.121206,0.617349],[0.0332436,0.0360026,0.029723,0.901031],[0.102421,0.0200258,0.857517,0.020036],[8.57143e-05,0.00321529,0.00949482,0.987204],[8.57143e-05,7.5524e-05,0.231872,0.767966],[0.00341076,7.5524e-05,0.092621,0.903893],[0.687424,0.16427,0.108505,0.039801],[0.0396157,0.353231,0.0255642,0.581589],[0.30912,0.0957608,0.292279,0.30284],[0.191086,0.0710032,0.118655,0.619256],[0.366387,0.0569618,0.178506,0.398145],[0.0616379,0.0549776,0.0200696,0.863315],[0.313876,0.0397395,0.316264,0.33012],[0.0491251,0.0747889,0.0882744,0.787812],[0.238735,0.0549313,0.0785772,0.627756],[0.0828826,0.134406,0.197026,0.585686]]},{"db":2,"id":"MYC_HUMAN.H11MO.0.A","len":11,"ltrim":1,"rtrim":2,"nsites":500,"evalue":"1.0e+000","url":"http://hocomoco.autosome.ru/motif/MYC_HUMAN.H11MO.0.A","pwm":[[0.220009,0.210005,0.429961,0.140025],[0.16802,0.749897,0.0520364,0.0300472],[0.0200492,0.969853,0.00404603,0.00605195],[0.871879,0.00604563,0.0860296,0.036046],[0.00205275,0.687909,0.00404603,0.305992],[0.0200492,0.0220424,0.955856,0.00205275],[0.0140503,0.0380392,4.68306e-05,0.947864],[0.00405235,0.00804523,0.975852,0.0120507],[0.0500432,0.573932,0.218003,0.158022],[0.196014,0.198007,0.164014,0.441965],[0.0680396,0.38197,0.202006,0.347984]]},{"db":2,"id":"NFIA_HUMAN.H11MO.1.D","len":7,"ltrim":1,"rtrim":1,"nsites":265,"evalue":"1.0e+000","url":"http://hocomoco.autosome.ru/motif/NFIA_HUMAN.H11MO.1.D","pwm":[[0.249361,0.394689,0.160615,0.195335],[0.0580506,0.171884,0.00897406,0.761091],[0.00744064,0.00279269,0.05263,0.937137],[0.0132357,8.8344e-05,0.963009,0.0236667],[0.0290754,0.0128374,0.956055,0.00203194],[0.0530282,0.885163,0.0468349,0.0149742],[0.446246,0.125875,0.140626,0.287252]]},{"db":2,"id":"RORG_HUMAN.H11MO.0.C","len":12,"ltrim":2,"rtrim":0,"nsites":500,"evalue":"1.0e+000","url":"http://hocomoco.autosome.ru/motif/RORG_HUMAN.H11MO.0.C","pwm":[[0.242005,0.188009,0.429961,0.140025],[0.475958,0.102026,0.245998,0.176018],[0.703912,0.0960276,0.108025,0.0920348],[0.649923,0.0180432,0.0500368,0.281997],[0.0840364,0.399967,0.455956,0.0600412],[0.0440444,0.0380392,0.0580352,0.859881],[0.487956,0.00804523,0.499947,0.00405235],[0.31399,0.0100448,0.63592,0.0400452],[0.0240484,0.0220424,0.93586,0.0180496],[0.0200492,0.0900288,0.122022,0.7679],[0.0100511,0.949857,0.0180432,0.0220488],[0.977858,0.00204643,0.014044,0.00605195]]},{"db":2,"id":"ZN274_HUMAN.H11MO.0.A","len":20,"ltrim":0,"rtrim":0,"nsites":500,"evalue":"1.0e+000","url":"http://hocomoco.autosome.ru/motif/ZN274_HUMAN.H11MO.0.A","pwm":[[0.0580416,0.813884,0.0700328,0.0580416],[0.857882,0.0520364,0.03404,0.056042],[0.0340464,0.28599,0.126022,0.553942],[0.747904,0.146018,0.054036,0.0520428],[0.212011,0.645918,0.0980272,0.0440444],[0.224008,0.014044,0.0300408,0.731907],[0.0440444,0.08403,0.807885,0.0640404],[0.0920348,0.0260416,0.851876,0.0300472],[0.769899,0.0220424,0.0920284,0.11603],[0.258002,0.064034,0.657915,0.0200492],[0.761901,0.0260416,0.0380392,0.174018],[0.144024,0.044038,0.787889,0.0240484],[0.747904,0.0480372,0.198007,0.00605195],[0.86588,0.0460376,0.0660336,0.0220488],[0.785896,0.0360396,0.13402,0.0440444],[0.0800372,0.637919,0.044038,0.238006],[0.0420448,0.745898,0.128021,0.0840364],[0.138026,0.453956,0.18201,0.226008],[0.228008,0.074032,0.044038,0.653922],[0.807892,0.074032,0.0820304,0.036046]]}],"sequence_names":["chr10:1029850-1030699","chr10:120766300-120767149","chr10:127754750-127755749","chr10:29311150-29311949","chr10:29413700-29414449","chr10:52271400-52272099","chr10:74003800-74004399","chr11:121348850-121350049","chr11:60709400-60710249","chr11:66794850-66795849","chr11:76483200-76484399","chr11:86289250-86289799","chr12:105050000-105050749","chr12:106695250-106696099","chr12:112574650-112575299","chr12:117580600-117581399","chr12:122933750-122934649","chr12:46333200-46334449","chr12:52596700-52597349","chr12:53624400-53624949","chr12:64994050-64994699","chr13:109571400-109572349","chr13:52975750-52976699","chr13:74352500-74353249","chr13:93978200-93979049","chr13:96890450-96891699","chr14:36852850-36853499","chr14:71107550-71108249","chr14:77500300-77501049","chr14:81901650-81902249","chr14:96013550-96014099","chr15:39420350-39421099","chr15:60188750-60189499","chr15:62042450-62043249","chr15:67155150-67155949","chr16:15601050-15601699","chr16:31085200-31085799","chr16:376900-377599","chr16:54543100-54543799","chr16:68036400-68037099","chr16:85180800-85181499","chr16:87840300-87841199","chr17:39559950-39560549","chr17:42164200-42164699","chr17:46126150-46126749","chr17:57863700-57864599","chr18:74766450-74767399","chr19:39684500-39685049","chr1:109372950-109373849","chr1:168721200-168721949","chr1:169042600-169043149","chr1:201987600-201988749","chr1:232284950-232286249","chr1:234445250-234445849","chr1:37504100-37504999","chr1:44870500-44871099","chr1:85763300-85763999","chr1:97437550-97438249","chr21:38282100-38282749","chr21:39008300-39009349","chr21:46823150-46823649","chr22:30190600-30191349","chr22:36000800-36001349","chr22:46307550-46308049","chr2:121095650-121096399","chr2:121154550-121155049","chr2:142197050-142197949","chr2:220433550-220434399","chr2:26234850-26235749","chr2:28617100-28618049","chr2:61108850-61109649","chr2:85223900-85224849","chr2:86190750-86191349","chr3:107646100-107647049","chr3:133167300-133168049","chr3:187467800-187468399","chr3:188665150-188665649","chr3:53189650-53190499","chr3:64142600-64143349","chr3:65016350-65016949","chr3:72031750-72032249","chr4:2331650-2332399","chr5:14570000-14570599","chr5:16815450-16816149","chr5:177504900-177505949","chr5:38830750-38831649","chr6:11389850-11390899","chr6:120004000-120004699","chr6:125475700-125476499","chr6:13873250-13873949","chr6:139866600-139867099","chr6:15247350-15248299","chr6:158461150-158461849","chr6:16849450-16849999","chr6:24879450-24880099","chr6:34522500-34522999","chr6:47011800-47012899","chr6:7418250-7419799","chr6:7561350-7562349","chr7:101587950-101588699","chr7:112121750-112122799","chr7:155711400-155712099","chr7:2900000-2900749","chr7:30387350-30388199","chr8:10532300-10533049","chr8:120451100-120451899","chr8:128831600-128832649","chr8:134781150-134781849","chr8:96222400-96222899","chr9:114827800-114828949","chr9:131084700-131085199","chr9:140376400-140377099","chr9:74397950-74398649","chrX:104395000-104395799","chrX:106916150-106916649","chrX:129243550-129244099","chrX:39473500-39474049","chrX:40033200-40033799"],"primaries":[{"motif":{"db":0,"id":"GMEB2_HUMAN.H11MO.0.D","len":11,"ltrim":2,"rtrim":3,"nsites":3702,"evalue":"1.0e+000","url":"http://hocomoco.autosome.ru/motif/GMEB2_HUMAN.H11MO.0.D","pwm":[[0.180502,0.268712,0.323512,0.227274],[0.144928,0.258422,0.31832,0.278329],[0.108815,0.0720296,0.325707,0.493449],[0.0366214,0.0217748,0.0256323,0.915972],[0.678367,0.00240871,0.312578,0.0066458],[0.00728286,0.945192,0.0314253,0.0160998],[0.00184983,9.24395e-05,0.992006,0.0060518],[0.013061,0.0109249,0.0343108,0.941703],[0.421544,0.233243,0.243302,0.10191],[0.459477,0.132678,0.297935,0.10991],[0.182164,0.233933,0.258905,0.324999]]},"secondaries":[[{"idx":0,"counts":[[7,0,4,1,2,1,1,1,3,0,1,0,1,2,2,2,3,0,2,0,2,2,1,1,1,0,1,0,1,1,2,0,0,1,3,0,1,0,1,4,4,0,0,0,1,3,0,1,0,0,1,1,0,1,0,0,3,0,2,0,1,1,0,0,2,0,2,1,1,1,1,1,1,1,0,1,1,0,0,1,1,0,1,1,2,0,0,0,0,0,1,0,0,0,1,1,1,2,0,1,0,0,1,1,1,1,1,1,1,2,0,1,1,0,0,1,0,0,0,0,0,0,0,2,1,0,0,2,1,1,2,0,2,2,0,0,1,1,2,0],[9,0,5,1,7,0,5,0,5,0,4,1,4,0,2,0,1,1,3,0,2,1,2,0,1,0,3,1,2,1,3,1,2,3,4,1,1,0,0,2,1,1,1,0,1,1,0,0,4,0,1,2,0,1,0,0,0,0,0,2,0,2,1,0,1,2,1,0,1,0,0,1,0,0,0,0,1,0,2,0,0,0,2,1,1,0,3,1,0,0,2,0,1,0,0,0,1,0,1,1,1,2,1,1,1,1,1,0,2,0,1,0,0,0,1,0,0,0,0,0,1,2,0,0,0,0,0,0,1,0,1,1,2,2,1,1,1,0,1,0],[0,1,0,0,0,1,0,1,0,0,0,0,1,0,1,0,1,0,0,0,0,1,0,0,0,2,0,0,0,1,1,0,0,1,0,0,0,0,0,0,0,0,1,1,1,1,0,1,0,1,1,0,0,1,1,0,0,0,2,1,0,1,0,1,1,2,1,2,0,0,0,0,0,1,0,0,1,0,0,0,2,0,2,1,2,0,0,0,1,0,1,1,1,2,1,0,1,0,0,0,0,1,0,0,0,1,1,0,1,0,0,0,0,0,1,0,1,0,0,1,1,0,0,1,0,0,0,1,0,0,0,1,1,3,0,1,1,0,2,0],[1,0,0,0,0,0,1,0,0,0,0,0,0,0,1,0,0,0,1,0,1,0,0,2,0,0,0,0,0,1,0,0,0,2,1,1,0,3,0,0,1,0,1,1,0,0,1,1,0,0,0,0,1,1,1,1,1,1,0,0,1,0,0,0,1,0,0,0,0,0,1,2,0,0,1,1,2,0,0,1,1,2,1,0,0,1,1,0,1,0,1,0,1,1,0,0,0,0,2,1,1,0,1,2,0,3,0,2,0,4,0,2,0,3,0,2,0,1,1,2,4,1,0,1,2,3,1,4,3,1,0,2,0,0,1,0,0,1,0,0]],"spacings":[{"orient":8,"bin":0,"pvalue":3.63039e-08,"inferred_pwm":[[0,0,1,0],[0.117647,0.117647,0.0588235,0.705882],[0,0,1,0],[0,0,0.117647,0.882353],[0,0,0.882353,0.117647],[0.0588235,0.0588235,0.235294,0.647059],[0.0588235,0,0.941176,0],[0.0588235,0.117647,0,0.823529],[0,0,0.941176,0.0588235],[0.0588235,0,0.235294,0.705882],[0.0588235,0.0588235,0.764706,0.117647],[0.117647,0.0588235,0.176471,0.647059]],"alignment_pwm":[[[0.142857,0.142857,0.428571,0.285714],[0.285714,0.285714,0.142857,0.285714],[0.428571,0.142857,0.285714,0.142857],[0,0.285714,0.285714,0.428571],[0.428571,0.142857,0.285714,0.142857],[0.142857,0.142857,0.571429,0.142857],[0.285714,0.285714,0.428571,0],[0.285714,0.142857,0.142857,0.428571],[0.285714,0.285714,0.285714,0.142857],[0.142857,0,0.285714,0.571429],[0,0,1,0],[0.285714,0.285714,0,0.428571],[0,0,1,0],[0,0,0.142857,0.857143],[0,0,1,0],[0.142857,0.142857,0.285714,0.428571],[0.142857,0,0.857143,0],[0.142857,0.285714,0,0.571429],[0,0,0.857143,0.142857],[0,0,0.142857,0.857143],[0,0,1,0],[0.142857,0,0.142857,0.714286],[0,0,0.857143,0.142857],[0,0,0,1],[0,0,1,0],[0,1,0,0],[0,0,1,0],[0,0,0,1],[0,0,1,0],[0,0,0,1],[0,0.142857,0.714286,0.142857],[0.428571,0.142857,0.142857,0.285714],[0.142857,0.285714,0.285714,0.285714],[0.142857,0.142857,0.285714,0.428571],[0,0.142857,0.571429,0.285714],[0.142857,0.142857,0.428571,0.285714],[0.285714,0.142857,0.285714,0.285714],[0.571429,0,0.285714,0.142857],[0.333333,0,0.5,0.166667],[0.333333,0,0.5,0.166667],[0,0.333333,0.333333,0.333333],[0.333333,0.166667,0.166667,0.333333],[0.333333,0.333333,0.166667,0.166667],[0,0.166667,0.333333,0.5],[0.142857,0.142857,0.428571,0.285714],[0,0.285714,0.428571,0.285714],[0.142857,0.285714,0.285714,0.285714],[0.142857,0.428571,0.142857,0.285714],[0.285714,0.285714,0.142857,0.285714],[0.142857,0.285714,0.571429,0]],[[0.111111,0.333333,0.333333,0.222222],[0.222222,0.222222,0.222222,0.333333],[0,0.222222,0.444444,0.333333],[0.111111,0.333333,0.111111,0.444444],[0.555556,0.111111,0.111111,0.222222],[0.111111,0.444444,0.111111,0.333333],[0.25,0.125,0.125,0.5],[0.375,0.25,0.125,0.25],[0,0.25,0.375,0.375],[0,0.125,0.5,0.375],[0,0.375,0.625,0],[0,0.25,0.125,0.625],[0.125,0,0.875,0],[0.125,0.375,0.125,0.375],[0.25,0,0.625,0.125],[0.25,0.125,0.25,0.375],[0.125,0,0.875,0],[0.125,0.125,0.25,0.5],[0.375,0.125,0.375,0.125],[0.125,0.25,0.125,0.5],[0.25,0.125,0.625,0],[0.125,0,0,0.875],[0,0,1,0],[0,0,0,1],[0,0,1,0],[0,1,0,0],[0,0,1,0],[0,0,0,1],[0,0,1,0],[0,0,0.111111,0.888889],[0,0,1,0],[0,0,0.111111,0.888889],[0,0,0.777778,0.222222],[0,0,0.222222,0.777778],[0,0,1,0],[0,0,0,1],[0,0,1,0],[0.111111,0,0.333333,0.555556],[0.111111,0.111111,0.555556,0.222222],[0.111111,0,0.222222,0.666667],[0.111111,0.111111,0.666667,0.111111],[0,0,0.222222,0.777778],[0.111111,0.222222,0.555556,0.111111],[0.111111,0,0.222222,0.666667],[0,0.111111,0.555556,0.333333],[0.111111,0,0.555556,0.333333],[0.111111,0.222222,0.222222,0.444444],[0.222222,0.333333,0.111111,0.333333],[0.111111,0.222222,0.333333,0.333333],[0.222222,0.111111,0.444444,0.222222]],null,[[0,1,0,0],[1,0,0,0],[0,1,0,0],[1,0,0,0],[0,1,0,0],[1,0,0,0],[0,1,0,0],[0,0,1,0],[1,0,0,0],[0,1,0,0],[1,0,0,0],[1,0,0,0],[1,0,0,0],[0,1,0,0],[1,0,0,0],[0,1,0,0],[1,0,0,0],[0,1,0,0],[1,0,0,0],[0,0,1,0],[1,0,0,0],[0,0,0,1],[0,0,1,0],[0,0,0,1],[0,0,1,0],[0,1,0,0],[0,0,1,0],[0,0,0,1],[0,0,1,0],[0,1,0,0],[1,0,0,0],[0,1,0,0],[1,0,0,0],[0,1,0,0],[1,0,0,0],[0,1,0,0],[1,0,0,0],[0,1,0,0],[1,0,0,0],[0,1,0,0],[1,0,0,0],[0,0,0,1],[0,0,1,0],[0,0,0,1],[1,0,0,0],[0,1,0,0],[0,0,0,1],[0,0,1,0],[0,0,0,1],[0,1,0,0]]],"seqs":[1,47,50,59,89,110,115,3,18,19,38,47,56,101,107,114,42]},{"orient":1,"bin":0,"pvalue":1.5117e-07,"inferred_pwm":[[0,0,1,0],[0,0,0.111111,0.888889],[0,0,1,0],[0,0,0.111111,0.888889],[0,0,0.777778,0.222222],[0,0,0.222222,0.777778],[0,0,1,0],[0,0,0,1],[0,0,1,0],[0.111111,0,0.333333,0.555556],[0.111111,0.111111,0.555556,0.222222],[0.111111,0,0.222222,0.666667]],"alignment_pwm":[null,[[0.111111,0.333333,0.333333,0.222222],[0.222222,0.222222,0.222222,0.333333],[0,0.222222,0.444444,0.333333],[0.111111,0.333333,0.111111,0.444444],[0.555556,0.111111,0.111111,0.222222],[0.111111,0.444444,0.111111,0.333333],[0.25,0.125,0.125,0.5],[0.375,0.25,0.125,0.25],[0,0.25,0.375,0.375],[0,0.125,0.5,0.375],[0,0.375,0.625,0],[0,0.25,0.125,0.625],[0.125,0,0.875,0],[0.125,0.375,0.125,0.375],[0.25,0,0.625,0.125],[0.25,0.125,0.25,0.375],[0.125,0,0.875,0],[0.125,0.125,0.25,0.5],[0.375,0.125,0.375,0.125],[0.125,0.25,0.125,0.5],[0.25,0.125,0.625,0],[0.125,0,0,0.875],[0,0,1,0],[0,0,0,1],[0,0,1,0],[0,1,0,0],[0,0,1,0],[0,0,0,1],[0,0,1,0],[0,0,0.111111,0.888889],[0,0,1,0],[0,0,0.111111,0.888889],[0,0,0.777778,0.222222],[0,0,0.222222,0.777778],[0,0,1,0],[0,0,0,1],[0,0,1,0],[0.111111,0,0.333333,0.555556],[0.111111,0.111111,0.555556,0.222222],[0.111111,0,0.222222,0.666667],[0.111111,0.111111,0.666667,0.111111],[0,0,0.222222,0.777778],[0.111111,0.222222,0.555556,0.111111],[0.111111,0,0.222222,0.666667],[0,0.111111,0.555556,0.333333],[0.111111,0,0.555556,0.333333],[0.111111,0.222222,0.222222,0.444444],[0.222222,0.333333,0.111111,0.333333],[0.111111,0.222222,0.333333,0.333333],[0.222222,0.111111,0.444444,0.222222]],null,null],"seqs":[3,18,19,38,47,56,101,107,114]},{"orient":7,"bin":0,"pvalue":5.93134e-06,"inferred_pwm":[[0,0,1,0],[0,0,0.1,0.9],[0,0,1,0],[0,0,0.1,0.9],[0,0,0.8,0.2],[0,0,0.2,0.8],[0,0,1,0],[0,0,0,1],[0,0,1,0],[0.1,0,0.3,0.6],[0.1,0.1,0.6,0.2],[0.1,0.1,0.2,0.6]],"alignment_pwm":[null,[[0.111111,0.333333,0.333333,0.222222],[0.222222,0.222222,0.222222,0.333333],[0,0.222222,0.444444,0.333333],[0.111111,0.333333,0.111111,0.444444],[0.555556,0.111111,0.111111,0.222222],[0.111111,0.444444,0.111111,0.333333],[0.25,0.125,0.125,0.5],[0.375,0.25,0.125,0.25],[0,0.25,0.375,0.375],[0,0.125,0.5,0.375],[0,0.375,0.625,0],[0,0.25,0.125,0.625],[0.125,0,0.875,0],[0.125,0.375,0.125,0.375],[0.25,0,0.625,0.125],[0.25,0.125,0.25,0.375],[0.125,0,0.875,0],[0.125,0.125,0.25,0.5],[0.375,0.125,0.375,0.125],[0.125,0.25,0.125,0.5],[0.25,0.125,0.625,0],[0.125,0,0,0.875],[0,0,1,0],[0,0,0,1],[0,0,1,0],[0,1,0,0],[0,0,1,0],[0,0,0,1],[0,0,1,0],[0,0,0.111111,0.888889],[0,0,1,0],[0,0,0.111111,0.888889],[0,0,0.777778,0.222222],[0,0,0.222222,0.777778],[0,0,1,0],[0,0,0,1],[0,0,1,0],[0.111111,0,0.333333,0.555556],[0.111111,0.111111,0.555556,0.222222],[0.111111,0,0.222222,0.666667],[0.111111,0.111111,0.666667,0.111111],[0,0,0.222222,0.777778],[0.111111,0.222222,0.555556,0.111111],[0.111111,0,0.222222,0.666667],[0,0.111111,0.555556,0.333333],[0.111111,0,0.555556,0.333333],[0.111111,0.222222,0.222222,0.444444],[0.222222,0.333333,0.111111,0.333333],[0.111111,0.222222,0.333333,0.333333],[0.222222,0.111111,0.444444,0.222222]],null,[[0,1,0,0],[1,0,0,0],[0,1,0,0],[1,0,0,0],[0,1,0,0],[1,0,0,0],[0,1,0,0],[0,0,1,0],[1,0,0,0],[0,1,0,0],[1,0,0,0],[1,0,0,0],[1,0,0,0],[0,1,0,0],[1,0,0,0],[0,1,0,0],[1,0,0,0],[0,1,0,0],[1,0,0,0],[0,0,1,0],[1,0,0,0],[0,0,0,1],[0,0,1,0],[0,0,0,1],[0,0,1,0],[0,1,0,0],[0,0,1,0],[0,0,0,1],[0,0,1,0],[0,1,0,0],[1,0,0,0],[0,1,0,0],[1,0,0,0],[0,1,0,0],[1,0,0,0],[0,1,0,0],[1,0,0,0],[0,1,0,0],[1,0,0,0],[0,1,0,0],[1,0,0,0],[0,0,0,1],[0,0,1,0],[0,0,0,1],[1,0,0,0],[0,1,0,0],[0,0,0,1],[0,0,1,0],[0,0,0,1],[0,1,0,0]]],"seqs":[3,18,19,38,47,56,101,107,114,42]},{"orient":0,"bin":0,"pvalue":1.83902e-05,"inferred_pwm":[[0,0,1,0],[0.285714,0.285714,0,0.428571],[0,0,1,0],[0,0,0.142857,0.857143],[0,0,1,0],[0.142857,0.142857,0.285714,0.428571],[0.142857,0,0.857143,0],[0.142857,0.285714,0,0.571429],[0,0,0.857143,0.142857],[0,0,0.142857,0.857143],[0,0,1,0],[0.142857,0,0.142857,0.714286]],"alignment_pwm":[[[0.142857,0.142857,0.428571,0.285714],[0.285714,0.285714,0.142857,0.285714],[0.428571,0.142857,0.285714,0.142857],[0,0.285714,0.285714,0.428571],[0.428571,0.142857,0.285714,0.142857],[0.142857,0.142857,0.571429,0.142857],[0.285714,0.285714,0.428571,0],[0.285714,0.142857,0.142857,0.428571],[0.285714,0.285714,0.285714,0.142857],[0.142857,0,0.285714,0.571429],[0,0,1,0],[0.285714,0.285714,0,0.428571],[0,0,1,0],[0,0,0.142857,0.857143],[0,0,1,0],[0.142857,0.142857,0.285714,0.428571],[0.142857,0,0.857143,0],[0.142857,0.285714,0,0.571429],[0,0,0.857143,0.142857],[0,0,0.142857,0.857143],[0,0,1,0],[0.142857,0,0.142857,0.714286],[0,0,0.857143,0.142857],[0,0,0,1],[0,0,1,0],[0,1,0,0],[0,0,1,0],[0,0,0,1],[0,0,1,0],[0,0,0,1],[0,0.142857,0.714286,0.142857],[0.428571,0.142857,0.142857,0.285714],[0.142857,0.285714,0.285714,0.285714],[0.142857,0.142857,0.285714,0.428571],[0,0.142857,0.571429,0.285714],[0.142857,0.142857,0.428571,0.285714],[0.285714,0.142857,0.285714,0.285714],[0.571429,0,0.285714,0.142857],[0.333333,0,0.5,0.166667],[0.333333,0,0.5,0.166667],[0,0.333333,0.333333,0.333333],[0.333333,0.166667,0.166667,0.333333],[0.333333,0.333333,0.166667,0.166667],[0,0.166667,0.333333,0.5],[0.142857,0.142857,0.428571,0.285714],[0,0.285714,0.428571,0.285714],[0.142857,0.285714,0.285714,0.285714],[0.142857,0.428571,0.142857,0.285714],[0.285714,0.285714,0.142857,0.285714],[0.142857,0.285714,0.571429,0]],null,null,null],"seqs":[1,47,50,59,89,110,115]},{"orient":1,"bin":4,"pvalue":1.83902e-05,"inferred_pwm":[[0,0,1,0],[0,0,0.142857,0.857143],[0.142857,0,0.857143,0],[0,0,0.285714,0.714286],[0.142857,0,0.857143,0],[0.142857,0,0.285714,0.571429],[0,0,1,0],[0.142857,0,0,0.857143],[0,0,1,0],[0,0,0.285714,0.714286],[0,0.142857,0.857143,0],[0.285714,0,0,0.714286]],"alignment_pwm":[null,[[0,0.571429,0.285714,0.142857],[0.142857,0.142857,0.142857,0.571429],[0.285714,0.285714,0.285714,0.142857],[0,0.285714,0.285714,0.428571],[0.142857,0.142857,0.571429,0.142857],[0.285714,0.285714,0.142857,0.285714],[0.142857,0.285714,0.428571,0.142857],[0,0.428571,0,0.571429],[0.428571,0,0.142857,0.428571],[0,0.428571,0,0.571429],[0.166667,0.333333,0.166667,0.333333],[0.166667,0.166667,0.166667,0.5],[0,0.166667,0.666667,0.166667],[0.166667,0,0.333333,0.5],[0,0.333333,0.666667,0],[0,0.333333,0,0.666667],[0.166667,0.166667,0.666667,0],[0,0.666667,0,0.333333],[0.333333,0.333333,0.333333,0],[0.166667,0,0.333333,0.5],[0.166667,0,0.833333,0],[0.166667,0.166667,0.333333,0.333333],[0.166667,0.166667,0.5,0.166667],[0.333333,0.166667,0,0.5],[0.166667,0.333333,0.5,0],[0.166667,0,0.166667,0.666667],[0,0,1,0],[0,0,0,1],[0,0,1,0],[0,1,0,0],[0,0,1,0],[0,0,0,1],[0,0,1,0],[0,0.166667,0,0.833333],[0.166667,0,0.833333,0],[0,0,0,1],[0,0,1,0],[0,0,0.142857,0.857143],[0.142857,0,0.857143,0],[0,0,0.285714,0.714286],[0.142857,0,0.857143,0],[0.142857,0,0.285714,0.571429],[0,0,1,0],[0.142857,0,0,0.857143],[0,0,1,0],[0,0,0.285714,0.714286],[0,0.142857,0.857143,0],[0.285714,0,0,0.714286],[0.285714,0,0.714286,0],[0.142857,0,0.285714,0.571429],[0.142857,0.285714,0.285714,0.285714],[0.142857,0,0.142857,0.714286],[0.142857,0.142857,0.571429,0.142857],[0,0.285714,0.428571,0.285714],[0.142857,0.285714,0.428571,0.142857],[0.142857,0,0.428571,0.428571],[0.285714,0.142857,0.428571,0.142857],[0.142857,0.285714,0.285714,0.285714]],null,null],"seqs":[15,18,19,38,62,101,114]},{"orient":6,"bin":0,"pvalue":3.88322e-05,"inferred_pwm":[[0,0,1,0],[0,0,0.111111,0.888889],[0,0,1,0],[0,0,0.111111,0.888889],[0,0,0.777778,0.222222],[0,0,0.222222,0.777778],[0,0,1,0],[0,0,0,1],[0,0,1,0],[0.111111,0,0.333333,0.555556],[0.111111,0.111111,0.555556,0.222222],[0.111111,0,0.222222,0.666667]],"alignment_pwm":[null,[[0.111111,0.333333,0.333333,0.222222],[0.222222,0.222222,0.222222,0.333333],[0,0.222222,0.444444,0.333333],[0.111111,0.333333,0.111111,0.444444],[0.555556,0.111111,0.111111,0.222222],[0.111111,0.444444,0.111111,0.333333],[0.25,0.125,0.125,0.5],[0.375,0.25,0.125,0.25],[0,0.25,0.375,0.375],[0,0.125,0.5,0.375],[0,0.375,0.625,0],[0,0.25,0.125,0.625],[0.125,0,0.875,0],[0.125,0.375,0.125,0.375],[0.25,0,0.625,0.125],[0.25,0.125,0.25,0.375],[0.125,0,0.875,0],[0.125,0.125,0.25,0.5],[0.375,0.125,0.375,0.125],[0.125,0.25,0.125,0.5],[0.25,0.125,0.625,0],[0.125,0,0,0.875],[0,0,1,0],[0,0,0,1],[0,0,1,0],[0,1,0,0],[0,0,1,0],[0,0,0,1],[0,0,1,0],[0,0,0.111111,0.888889],[0,0,1,0],[0,0,0.111111,0.888889],[0,0,0.777778,0.222222],[0,0,0.222222,0.777778],[0,0,1,0],[0,0,0,1],[0,0,1,0],[0.111111,0,0.333333,0.555556],[0.111111,0.111111,0.555556,0.222222],[0.111111,0,0.222222,0.666667],[0.111111,0.111111,0.666667,0.111111],[0,0,0.222222,0.777778],[0.111111,0.222222,0.555556,0.111111],[0.111111,0,0.222222,0.666667],[0,0.111111,0.555556,0.333333],[0.111111,0,0.555556,0.333333],[0.111111,0.222222,0.222222,0.444444],[0.222222,0.333333,0.111111,0.333333],[0.111111,0.222222,0.333333,0.333333],[0.222222,0.111111,0.444444,0.222222]],null,null],"seqs":[3,18,19,38,47,56,101,107,114]}]},{"idx":1,"counts":[[5,0,6,0,4,0,3,0,1,0,2,0,2,0,2,0,1,1,1,1,2,0,0,0,0,1,0,0,1,2,1,1,1,1,0,0,0,0,0,1,1,1,1,1,1,0,2,1,1,0,0,1,1,1,0,0,0,0,1,0,0,0,0,0,0,0,1,1,1,1,0,1,0,1,0,0,1,1,1,1,0,1,0,0,0,0,1,0,0,0,0,0,0,0,1,0,0,0,0,1,1,1,0,0,0,0,1,3,0,1,0,0,0,0,0,0,0,0,0,1,0,0,0,1,0,0,1,2,1,1,1,1,0,0,0,1,0,2,0,1,0],[0,6,0,5,0,5,0,5,0,2,0,3,0,3,0,1,0,1,1,1,1,2,0,1,0,2,1,1,1,2,0,2,1,1,0,0,0,0,0,1,1,1,2,1,1,0,1,3,0,1,0,0,0,0,0,0,0,1,1,0,0,0,0,0,0,0,0,0,0,0,1,2,0,1,0,0,0,3,0,0,1,1,1,1,1,2,0,0,0,1,1,1,0,0,0,0,0,0,0,1,1,1,1,0,1,1,0,2,0,1,0,1,0,0,0,0,0,0,1,0,0,0,1,0,0,0,0,0,0,0,0,1,0,0,0,0,0,2,0,1,0],[1,0,0,0,0,0,1,0,0,0,0,0,0,0,0,1,0,0,0,0,0,0,0,0,0,0,0,0,0,0,0,0,0,0,0,0,0,0,0,0,1,0,1,0,0,0,0,0,1,0,1,0,0,0,0,0,0,0,1,0,0,0,0,0,1,0,0,1,0,0,1,0,0,0,0,0,0,1,0,0,0,1,0,0,0,0,0,0,0,1,0,2,0,0,0,0,0,0,0,1,0,0,0,0,1,1,1,0,0,0,0,0,0,0,0,0,1,0,2,0,0,0,0,0,0,1,0,0,0,0,0,0,0,0,0,0,0,0,0,0,0],[1,0,1,0,0,0,1,0,1,0,1,0,0,0,0,0,2,0,0,0,1,0,1,1,0,0,0,0,0,0,0,0,0,0,0,1,0,0,0,1,0,0,0,1,0,0,0,0,1,1,0,0,0,0,0,0,0,0,0,2,0,0,0,0,1,0,0,0,0,0,0,0,0,1,0,0,0,0,0,0,0,0,1,1,1,1,0,0,0,0,0,0,0,0,0,1,0,0,0,0,0,1,0,1,0,1,0,1,0,1,0,1,0,1,0,2,0,1,0,1,0,2,2,1,0,1,1,1,0,1,0,0,0,1,0,0,0,0,0,0,0]],"spacings":[{"orient":0,"bin":2,"pvalue":7.29628e-06,"inferred_pwm":[[0.166667,0,0.166667,0.666667],[0,0,1,0],[0.166667,0.333333,0,0.5],[0,0,1,0],[0,0,0,1],[0,0,1,0],[0.166667,0.166667,0.166667,0.5],[0,0,1,0],[0,0.333333,0,0.666667],[0,0,0.833333,0.166667],[0,0,0,1]],"alignment_pwm":[[[0.166667,0.166667,0.166667,0.5],[0.166667,0.166667,0.333333,0.333333],[0.333333,0.333333,0,0.333333],[0.333333,0.166667,0.333333,0.166667],[0,0.333333,0.166667,0.5],[0.333333,0.166667,0.333333,0.166667],[0.166667,0.166667,0.5,0.166667],[0.333333,0.166667,0.5,0],[0.333333,0.166667,0.166667,0.333333],[0.333333,0.333333,0.333333,0],[0.166667,0,0.166667,0.666667],[0,0,1,0],[0.166667,0.333333,0,0.5],[0,0,1,0],[0,0,0,1],[0,0,1,0],[0.166667,0.166667,0.166667,0.5],[0,0,1,0],[0,0.333333,0,0.666667],[0,0,0.833333,0.166667],[0,0,0,1],[0,0,1,0],[0,0,0.166667,0.833333],[0,0,0.833333,0.166667],[0,0,0,1],[0,0,1,0],[0,1,0,0],[0,0,1,0],[0,0,0,1],[0,0,1,0],[0,0,0,1],[0,0.166667,0.833333,0],[0.333333,0.166667,0.166667,0.333333],[0.166667,0.166667,0.333333,0.333333],[0.166667,0.166667,0.166667,0.5],[0,0.166667,0.5,0.333333],[0.166667,0.166667,0.333333,0.333333],[0.333333,0.166667,0.333333,0.166667],[0.666667,0,0.166667,0.166667],[0.4,0,0.4,0.2],[0.4,0,0.6,0],[0,0.4,0.2,0.4],[0.2,0.2,0.2,0.4],[0.4,0.4,0.2,0],[0,0.2,0.4,0.4],[0.166667,0.166667,0.333333,0.333333],[0,0.166667,0.5,0.333333],[0,0.333333,0.333333,0.333333],[0,0.5,0.166667,0.333333],[0.166667,0.333333,0.166667,0.333333],[0.166667,0.333333,0.5,0],[0.333333,0,0.666667,0]],null,null,null],"seqs":[1,47,50,89,110,115]},{"orient":1,"bin":1,"pvalue":7.29628e-06,"inferred_pwm":[[0,0,0,1],[0,0,1,0],[0.166667,0,0,0.833333],[0,0,1,0],[0,0,0,1],[0,0,1,0],[0,0,0,1],[0,0,1,0],[0,0.166667,0,0.833333],[0,0,1,0],[0,0.166667,0,0.833333]],"alignment_pwm":[null,[[0,0.166667,0.833333,0],[0.166667,0.333333,0,0.5],[0,0.166667,0.666667,0.166667],[0.166667,0,0,0.833333],[0.333333,0,0.5,0.166667],[0,0.333333,0,0.666667],[0.2,0,0.4,0.4],[0.2,0.2,0,0.6],[0,0,0.8,0.2],[0.2,0,0.4,0.4],[0,0.2,0.8,0],[0.2,0.2,0,0.6],[0.2,0,0.8,0],[0.2,0.4,0,0.4],[0.6,0.2,0.2,0],[0.2,0,0.2,0.6],[0,0,1,0],[0,0.4,0,0.6],[0,0.5,0.5,0],[0.25,0,0,0.75],[0,0.25,0.75,0],[0.25,0,0,0.75],[0,0,1,0],[0,0,0,1],[0,0,1,0],[0,1,0,0],[0,0,1,0],[0,0,0,1],[0,0,1,0],[0,0,0,1],[0,0,1,0],[0.166667,0,0,0.833333],[0,0,1,0],[0,0,0,1],[0,0,1,0],[0,0,0,1],[0,0,1,0],[0,0.166667,0,0.833333],[0,0,1,0],[0,0.166667,0,0.833333],[0,0.166667,0.833333,0],[0.166667,0.166667,0,0.666667],[0,0,1,0],[0,0,0.166667,0.833333],[0,0,1,0],[0,0,0.333333,0.666667],[0.166667,0,0.5,0.333333],[0.166667,0,0.333333,0.5],[0.166667,0,0.5,0.333333],[0,0.166667,0.166667,0.666667]],null,null],"seqs":[19,38,55,60,101,114]},{"orient":5,"bin":2,"pvalue":3.97152e-05,"inferred_pwm":[[0.142857,0,0.142857,0.714286],[0,0,1,0],[0.142857,0.285714,0,0.571429],[0,0,1,0],[0,0,0,1],[0,0,1,0],[0.142857,0.142857,0.142857,0.571429],[0,0,1,0],[0,0.285714,0,0.714286],[0,0,0.857143,0.142857],[0,0,0,1]],"alignment_pwm":[[[0.166667,0.166667,0.166667,0.5],[0.166667,0.166667,0.333333,0.333333],[0.333333,0.333333,0,0.333333],[0.333333,0.166667,0.333333,0.166667],[0,0.333333,0.166667,0.5],[0.333333,0.166667,0.333333,0.166667],[0.166667,0.166667,0.5,0.166667],[0.333333,0.166667,0.5,0],[0.333333,0.166667,0.166667,0.333333],[0.333333,0.333333,0.333333,0],[0.166667,0,0.166667,0.666667],[0,0,1,0],[0.166667,0.333333,0,0.5],[0,0,1,0],[0,0,0,1],[0,0,1,0],[0.166667,0.166667,0.166667,0.5],[0,0,1,0],[0,0.333333,0,0.666667],[0,0,0.833333,0.166667],[0,0,0,1],[0,0,1,0],[0,0,0.166667,0.833333],[0,0,0.833333,0.166667],[0,0,0,1],[0,0,1,0],[0,1,0,0],[0,0,1,0],[0,0,0,1],[0,0,1,0],[0,0,0,1],[0,0.166667,0.833333,0],[0.333333,0.166667,0.166667,0.333333],[0.166667,0.166667,0.333333,0.333333],[0.166667,0.166667,0.166667,0.5],[0,0.166667,0.5,0.333333],[0.166667,0.166667,0.333333,0.333333],[0.333333,0.166667,0.333333,0.166667],[0.666667,0,0.166667,0.166667],[0.4,0,0.4,0.2],[0.4,0,0.6,0],[0,0.4,0.2,0.4],[0.2,0.2,0.2,0.4],[0.4,0.4,0.2,0],[0,0.2,0.4,0.4],[0.166667,0.166667,0.333333,0.333333],[0,0.166667,0.5,0.333333],[0,0.333333,0.333333,0.333333],[0,0.5,0.166667,0.333333],[0.166667,0.333333,0.166667,0.333333],[0.166667,0.333333,0.5,0],[0.333333,0,0.666667,0]],null,null,[[0,0,0,1],[0,1,0,0],[1,0,0,0],[0,1,0,0],[1,0,0,0],[0,1,0,0],[1,0,0,0],[0,1,0,0],[0,0,1,0],[1,0,0,0],[0,1,0,0],[1,0,0,0],[1,0,0,0],[1,0,0,0],[0,1,0,0],[1,0,0,0],[0,1,0,0],[1,0,0,0],[0,1,0,0],[1,0,0,0],[0,0,1,0],[1,0,0,0],[0,0,0,1],[0,0,1,0],[0,0,0,1],[0,0,1,0],[0,1,0,0],[0,0,1,0],[0,0,0,1],[0,0,1,0],[0,1,0,0],[1,0,0,0],[0,1,0,0],[1,0,0,0],[0,1,0,0],[1,0,0,0],[0,1,0,0],[1,0,0,0],[0,1,0,0],[1,0,0,0],[0,1,0,0],[1,0,0,0],[0,0,0,1],[0,0,1,0],[0,0,0,1],[1,0,0,0],[0,1,0,0],[0,0,0,1],[0,0,1,0],[0,0,0,1],[0,1,0,0],[0,0,0,1]]],"seqs":[1,47,50,89,110,115,42]}]}],[{"idx":5,"counts":[[0,1,1,0,0,0,4,0,0,1,1,0,0,1,0,0,2,0,1,0,1,0,0,2,0,1,1,0,0,0,1,0,0,1,0,0,0,0,0,0,0,0,0,0,0,0,0,0,0,0,0,0,0,0,0,0,0,0,2,0,0,0,1,1,0,0,0,0,1,0,0,0,0,0,0,1,0,0,1,0,1,0,0,1,1,1,0,1,0,0,0,0,0,0,0,0,0,1,0,1,0,0,0,0,5,2,0,1,1,0,0,1,0,0,1,0,0,1,0,0,0,1,0,1,0,0,0,1,0,0,1,0,1,0,0,0,0,0,1,1,2,0],[0,2,0,0,1,0,1,1,2,0,0,2,0,1,0,0,0,0,1,0,0,0,1,0,0,0,0,0,0,1,1,0,0,1,2,0,0,1,0,1,0,0,0,0,0,2,1,1,0,1,1,3,1,0,1,2,1,0,1,0,2,1,0,0,2,0,0,0,1,0,0,1,0,0,1,0,1,0,1,0,1,0,1,0,1,0,0,0,1,0,0,2,0,1,0,0,2,0,0,1,1,0,0,0,0,3,1,0,1,0,1,0,0,1,0,0,0,1,0,1,0,2,0,1,0,0,0,0,0,0,0,1,0,0,1,1,1,0,0,2,0,0],[2,0,0,1,0,1,1,0,0,1,0,1,0,0,0,1,0,2,1,0,0,0,0,0,0,1,0,1,0,1,1,0,0,0,0,0,0,1,1,0,1,0,0,0,0,0,0,0,0,3,0,0,0,0,1,0,1,1,0,0,0,0,1,0,0,0,0,2,2,0,0,0,0,0,0,0,1,0,1,0,0,0,0,1,1,0,0,1,0,0,1,0,0,0,0,2,0,0,0,0,3,1,0,2,0,0,1,0,1,0,0,1,0,0,0,1,0,0,0,0,1,0,1,1,1,0,1,1,0,1,0,0,0,0,0,0,0,1,0,1,0,0],[0,2,0,1,0,0,0,0,1,0,1,0,2,0,2,1,0,0,2,0,1,2,1,1,2,1,0,0,0,1,0,1,0,0,0,0,0,0,0,1,0,1,0,0,1,0,0,1,0,0,0,0,1,1,1,0,1,0,1,0,0,0,0,1,0,1,0,1,0,0,0,0,2,2,1,1,1,1,0,1,0,0,0,0,0,0,0,0,1,1,0,0,0,0,1,0,0,0,0,1,0,0,0,0,4,0,0,1,0,0,0,0,0,0,0,3,2,0,0,0,1,0,0,0,0,2,1,0,0,0,2,0,0,0,3,0,0,1,0,0,0,0]],"spacings":[{"orient":5,"bin":104,"pvalue":3.7409e-07,"inferred_pwm":[[0.666667,0.111111,0.111111,0.111111],[0.777778,0,0.222222,0],[0.111111,0.444444,0.444444,0],[0,0,0,1],[0.222222,0,0.777778,0],[0.666667,0,0,0.333333],[0,0.111111,0.888889,0],[0.111111,0.111111,0.111111,0.666667],[0,1,0,0],[1,0,0,0]],"alignment_pwm":[[[0,0.6,0.2,0.2],[0,0,0.2,0.8],[0,0.2,0,0.8],[0.2,0.2,0,0.6],[0,0.2,0.6,0.2],[0.2,0.6,0,0.2],[0,0.4,0.2,0.4],[0.2,0.4,0.4,0],[0.6,0,0.2,0.2],[0,0.2,0.8,0],[0.4,0.2,0.2,0.2],[0.8,0,0.2,0],[0,0.4,0.6,0],[0,0,0,1],[0,0,1,0],[0.8,0,0,0.2],[0,0.2,0.8,0],[0,0.2,0,0.8],[0,1,0,0],[1,0,0,0],[0.2,0.4,0.4,0],[0.2,0.6,0.2,0],[0.4,0,0.2,0.4],[0,0.6,0.2,0.2],[0.4,0.2,0.2,0.2],[0.6,0,0.2,0.2],[0.4,0.2,0.2,0.2],[0.4,0,0.6,0],[0.6,0.2,0.2,0],[0.6,0.2,0,0.2],[0.6,0,0.4,0],[0.2,0.4,0.4,0],[0.4,0.4,0,0.2],[0.2,0.4,0.2,0.2],[0.4,0.2,0.2,0.2],[0.4,0.4,0,0.2],[0,0.6,0,0.4],[0,0.4,0.4,0.2],[0.4,0.2,0.2,0.2],[0,0.6,0.4,0],[0.6,0.2,0,0.2],[0.6,0.2,0.2,0],[0.4,0.4,0.2,0],[0.2,0.6,0.2,0],[0,0.4,0.2,0.4],[0.4,0,0,0.6],[0.2,0.2,0.2,0.4],[0.4,0,0.4,0.2],[0.4,0.2,0.4,0],[0.2,0.2,0.4,0.2],[0,0,0.8,0.2],[0.2,0.6,0,0.2],[0.2,0,0.2,0.6],[0.2,0,0.6,0.2],[0.4,0.2,0.4,0],[0.4,0.2,0.2,0.2],[0.4,0,0.4,0.2],[0.4,0.2,0.2,0.2],[0.2,0.2,0.6,0],[0.2,0.4,0,0.4],[0,0.4,0.4,0.2],[0.6,0.2,0.2,0],[0.8,0,0.2,0],[0.4,0.2,0.2,0.2],[0.2,0,0.6,0.2],[0.6,0,0.2,0.2],[0.2,0.4,0.4,0],[0.2,0.4,0.2,0.2],[0,0.6,0,0.4],[0.2,0.2,0.4,0.2],[0,0.4,0.4,0.2],[0.4,0.2,0.2,0.2],[0.4,0,0.2,0.4],[0.2,0,0.6,0.2],[0.2,0.2,0.4,0.2],[0,0.6,0.4,0],[0.4,0,0.2,0.4],[0.2,0.4,0,0.4],[0.2,0.6,0,0.2],[0.4,0.6,0,0],[0.4,0,0,0.6],[0.2,0.4,0.2,0.2],[0,0.6,0.4,0],[0.4,0.2,0.2,0.2],[0.2,0.2,0.4,0.2],[0.2,0,0.2,0.6],[0,0.2,0.6,0.2],[0.2,0.4,0.2,0.2],[0.2,0.2,0,0.6],[0,0,0.8,0.2],[0,0.4,0.4,0.2],[0.2,0.8,0,0],[0.4,0.2,0,0.4],[0.4,0.2,0.2,0.2],[0.4,0.4,0,0.2],[0.6,0,0.2,0.2],[0.4,0.2,0.2,0.2],[0.2,0.4,0.2,0.2],[0,0.6,0.4,0],[0.2,0.4,0,0.4],[0.2,0.2,0.2,0.4],[0.4,0.4,0,0.2],[0.4,0,0.2,0.4],[0.2,0.4,0.4,0],[0.2,0,0.6,0.2],[0.4,0.4,0.2,0],[0.2,0.6,0,0.2],[0.8,0.2,0,0],[0.4,0.2,0.4,0],[0.4,0.4,0.2,0],[0.2,0.2,0,0.6],[0,0.6,0.4,0],[0.2,0,0.2,0.6],[0.2,0,0.2,0.6],[0.2,0.4,0.2,0.2],[0.2,0.2,0.2,0.4],[0,0.6,0.2,0.2],[0.2,0,0.2,0.6],[0.2,0,0.6,0.2],[0.2,0.2,0.2,0.4],[0.4,0.2,0.2,0.2],[0.2,0,0.6,0.2],[0.2,0.4,0.2,0.2],[0,0.2,0.4,0.4],[0,0,0.4,0.6],[0,0,0,1],[0,0,1,0],[0,1,0,0],[0,0,1,0],[0,0,0,1],[0,0.4,0.6,0],[0.6,0.2,0,0.2],[0.2,0,0.6,0.2],[0.2,0.2,0.4,0.2],[0.6,0.2,0.2,0],[0.4,0.2,0.2,0.2],[0.2,0.2,0.4,0.2],[0,0.6,0,0.4],[0.4,0.2,0,0.4],[0,0.4,0.4,0.2],[0.6,0,0.2,0.2],[0.2,0.4,0.2,0.2],[0.2,0.4,0.2,0.2],[0.2,0,0.4,0.4],[0.4,0.6,0,0],[0.8,0,0,0.2],[0.2,0.2,0.2,0.4],[0.6,0,0,0.4],[0.2,0.2,0.4,0.2],[0.2,0.4,0.4,0],[0.2,0.6,0,0.2],[0.2,0.2,0,0.6],[0.6,0.2,0.2,0],[0.2,0.4,0.2,0.2],[0,0.4,0.2,0.4],[0.2,0.4,0.2,0.2],[0.4,0.4,0,0.2],[0.4,0.2,0.2,0.2],[0.4,0,0.2,0.4],[0.4,0.2,0.2,0.2],[0.8,0.2,0,0],[0.4,0,0,0.6],[0.2,0,0.6,0.2],[0,0.2,0.4,0.4],[0.4,0.2,0.2,0.2],[0.4,0.2,0,0.4],[0.2,0.4,0.2,0.2],[0,0.2,0,0.8],[0.6,0.4,0,0],[0,0.4,0,0.6],[0.4,0.2,0,0.4],[0,0.4,0.4,0.2],[0.6,0.2,0,0.2],[0.2,0,0,0.8],[0,0.2,0.2,0.6],[0.6,0.2,0.2,0],[0.4,0.2,0,0.4],[0.4,0,0,0.6],[0,0.2,0.4,0.4],[0.4,0.2,0.4,0],[0.4,0.4,0,0.2],[0.4,0,0.4,0.2],[0.2,0,0.2,0.6],[0.2,0.2,0.4,0.2],[0.4,0.2,0.2,0.2],[0.4,0,0.2,0.4],[0.2,0.2,0.2,0.4],[0.2,0,0.4,0.4],[0,0.2,0.2,0.6],[0.4,0,0.2,0.4],[0.4,0.4,0.2,0],[0.2,0.2,0.2,0.4],[0,0.2,0.6,0.2],[0.4,0.4,0,0.2],[0.4,0.2,0.4,0],[0.2,0.2,0.4,0.2],[0.2,0.2,0.2,0.4],[0,0.4,0.2,0.4],[0.4,0,0.2,0.4],[0.2,0.2,0.2,0.4],[0.4,0.4,0.2,0],[0.2,0.2,0,0.6],[0.4,0,0.4,0.2],[0.2,0.2,0.4,0.2],[0.4,0.2,0.2,0.2],[0.4,0.2,0,0.4],[0.2,0.2,0.4,0.2],[0.6,0,0.2,0.2],[0.4,0.4,0,0.2],[0.4,0.2,0.2,0.2],[0.2,0,0.2,0.6],[0.2,0,0.4,0.4],[0.2,0.2,0.6,0],[0.6,0,0.2,0.2],[0.6,0.2,0,0.2],[0.6,0.2,0,0.2],[0.4,0.2,0.2,0.2],[0.2,0.4,0,0.4],[0.4,0.2,0.2,0.2],[0.6,0,0.2,0.2],[0.4,0.2,0.2,0.2],[0.4,0.4,0.2,0],[0,0,0.8,0.2],[0.4,0.4,0.2,0],[0.6,0.2,0,0.2],[0.4,0.2,0.2,0.2],[0.2,0.4,0.2,0.2],[0.2,0.6,0,0.2],[0.6,0.2,0,0.2],[0.2,0.4,0.2,0.2],[0,0.2,0.2,0.6],[0.2,0.4,0,0.4],[0.2,0.4,0.2,0.2],[0.4,0,0.2,0.4],[0.4,0.4,0,0.2],[0.2,0.6,0,0.2],[0.2,0.4,0,0.4],[0.4,0.2,0,0.4],[0.4,0,0.4,0.2],[0.2,0.2,0.2,0.4],[0,0,0.4,0.6],[0.4,0,0.2,0.4],[0.2,0.2,0.2,0.4],[0.6,0,0,0.4],[0.6,0.2,0,0.2],[0.6,0,0.2,0.2],[0.6,0.2,0.2,0],[0.4,0,0.2,0.4],[0.2,0.4,0.4,0],[0.4,0,0.4,0.2],[0,0,0.2,0.8],[0.2,0.2,0.4,0.2],[0.4,0.2,0.2,0.2],[0.4,0.4,0.2,0]],null,null,[[0.25,0.25,0.25,0.25],[0.25,0.25,0.25,0.25],[0.25,0.5,0.25,0],[0.25,0.25,0.25,0.25],[0.25,0,0.5,0.25],[0,0,0.5,0.5],[0,0.25,0.5,0.25],[0,0,0.25,0.75],[0,0.25,0.5,0.25],[0.5,0,0.25,0.25],[0.25,0,0.25,0.5],[0.25,0.5,0.25,0],[0.25,0.25,0.25,0.25],[0.25,0.5,0,0.25],[0,0.5,0.5,0],[0.25,0,0,0.75],[0.5,0,0.5,0],[0.5,0.25,0,0.25],[0.5,0.5,0,0],[0.25,0.5,0,0.25],[0.5,0.5,0,0],[0.25,0.5,0,0.25],[0.5,0.25,0,0.25],[0,0.25,0.25,0.5],[0.5,0.5,0,0],[0.25,0.5,0,0.25],[0.5,0.25,0,0.25],[0.25,0.75,0,0],[0.25,0,0.25,0.5],[0,0.75,0.25,0],[0.75,0,0,0.25],[0.25,0,0.5,0.25],[0,0.25,0.75,0],[0,0.5,0,0.5],[0,0.5,0.25,0.25],[0.75,0.25,0,0],[0.25,0.75,0,0],[0,0.25,0.25,0.5],[0.5,0,0.5,0],[0.5,0,0.5,0],[0,0.25,0.75,0],[0.5,0,0,0.5],[0.25,0.5,0,0.25],[0.25,0.5,0.25,0],[0,0,0.25,0.75],[0,0,0.25,0.75],[0.25,0,0,0.75],[0.25,0,0.25,0.5],[0,0.5,0.5,0],[0.25,0.25,0,0.5],[0.25,0.25,0.5,0],[0.5,0,0.25,0.25],[0,0,0.5,0.5],[0,0.5,0.25,0.25],[0.5,0.25,0.25,0],[0.25,0,0,0.75],[0.25,0,0.25,0.5],[0,0,0.25,0.75],[0.25,0.5,0.25,0],[0.25,0.5,0,0.25],[0.25,0.75,0,0],[0,0.25,0.25,0.5],[0,0.25,0.75,0],[0,0.75,0,0.25],[0.5,0,0.25,0.25],[0.25,0.5,0,0.25],[0.25,0.25,0.25,0.25],[0.25,0,0.25,0.5],[0,0.25,0.5,0.25],[0.25,0,0.5,0.25],[0.25,0.5,0.25,0],[0,0.25,0.5,0.25],[0.5,0.25,0.25,0],[0.25,0.25,0.5,0],[0,0.5,0.5,0],[0,0.25,0.25,0.5],[0.25,0,0.5,0.25],[0.5,0,0.5,0],[0.5,0,0.25,0.25],[0.5,0,0.5,0],[0.25,0.5,0.25,0],[0.5,0.25,0.25,0],[0.25,0.25,0.5,0],[0.5,0.25,0,0.25],[0.75,0.25,0,0],[0.5,0.25,0,0.25],[0,0.25,0.5,0.25],[0.25,0.75,0,0],[0.25,0.25,0.25,0.25],[0.25,0.25,0.5,0],[0.25,0.5,0,0.25],[0.25,0,0.25,0.5],[0,0.5,0.25,0.25],[0.5,0.25,0.25,0],[0,0.25,0.25,0.5],[0.5,0.25,0,0.25],[0.25,0.25,0,0.5],[0,0.5,0.25,0.25],[0.5,0.25,0,0.25],[0.25,0.5,0,0.25],[0,0.5,0.25,0.25],[0.5,0.5,0,0],[0.25,0.25,0.25,0.25],[0.25,0.5,0.25,0],[0.25,0.5,0,0.25],[0.25,0.25,0.25,0.25],[0.5,0,0.25,0.25],[0,0.25,0.75,0],[0.25,0.25,0.25,0.25],[0,0.5,0,0.5],[0,0.25,0.5,0.25],[0.25,0,0.5,0.25],[0,0.5,0.25,0.25],[0.75,0,0,0.25],[0.5,0,0.25,0.25],[0,0.25,0.5,0.25],[0,0.25,0.5,0.25],[0.25,0.25,0.25,0.25],[0,0.5,0.25,0.25],[0,0.25,0.25,0.5],[0.5,0.25,0.25,0],[0.25,0.5,0,0.25],[0.25,0.25,0,0.5],[0,0,0.25,0.75],[0,0,0.5,0.5],[0,0,0,1],[0,0,1,0],[0,1,0,0],[0,0,1,0],[0,0,0,1],[0,0,0.75,0.25],[0.5,0.25,0,0.25],[0,0,0.5,0.5],[0,0.25,0.5,0.25],[0.25,0.25,0.25,0.25],[0.75,0,0.25,0],[0,0,1,0],[0.25,0.5,0,0.25],[0,0.25,0.25,0.5],[0.25,0.75,0,0],[0.5,0.25,0.25,0],[0.25,0,0.25,0.5],[0,0,0.5,0.5],[0.25,0.5,0.25,0],[0.5,0,0.25,0.25],[0.25,0.5,0.25,0],[0.5,0,0.25,0.25],[0.25,0.25,0.5,0],[0.5,0.25,0,0.25],[0.75,0.25,0,0],[0.5,0.25,0,0.25],[0.25,0.5,0.25,0],[0,0.25,0.25,0.5],[0,0.25,0.25,0.5],[0,0.25,0.25,0.5],[0.25,0.25,0.5,0],[0.25,0.5,0.25,0],[0.5,0.25,0.25,0],[0,0,0.5,0.5],[0.25,0.5,0.25,0],[0,0.5,0.25,0.25],[0.5,0.25