<!DOCTYPE HTML>
<html>
  <head>
    <meta charset="UTF-8">
    <title>SpaMo - Spaced Motif Analysis</title>
    <script type="text/javascript">
      //@JSON_VAR data
      var data = {"program":"SpaMo","version":"4.12.0","revision":"aacc9c3eb8c7b460b344d5c8aa1458097dae704d","release":"Tue Jun 27 16:22:50 2017 -0700","host":"Sudins-iMac.local","when":"Thu May 24 19:39:38 2018","cmd":["spamo","-verbosity","1","-oc","results/AHRpeaks_withAHREs.bed.fa/jaspar/spamo_out_1","-bgfile","results/AHRpeaks_withAHREs.bed.fa/jaspar/background","-primary","DCACGC","results/AHRpeaks_withAHREs.bed.fa/jaspar/AHRpeaks_withAHREs.bed.fa","results/AHRpeaks_withAHREs.bed.fa/jaspar/dreme_out/dreme.xml","results/AHRpeaks_withAHREs.bed.fa/jaspar/meme_out/meme.xml","results/AHRpeaks_withAHREs.bed.fa/jaspar/dreme_out/dreme.xml","/Users/filipov4/meme/db/motif_databases/JASPAR/JASPAR2018_CORE_non-redundant.meme"],"options":{"seq_min_hit_score":7,"margin":150,"bin_size":1,"bin_pvalue_calc_range":150,"use_best_secondary":0,"seq_max_shared_fract":0.5,"seq_odds_ratio":20,"bin_pvalue_cutoff":0.05,"motif_evalue_cutoff":10,"redundant_overlap":2,"redundant_joint":0.5,"motif_pseudocount":0.1,"bgfile":"results/AHRpeaks_withAHREs.bed.fa/jaspar/background","motif_trim":0.25,"xalph":0,"seed":1,"bin_max":28},"alphabet":{"name":"DNA","like":"dna","ncore":4,"symbols":[{"symbol":"A","name":"Adenine","colour":"CC0000","complement":"T"},{"symbol":"C","name":"Cytosine","colour":"0000CC","complement":"G"},{"symbol":"G","name":"Guanine","colour":"FFB300","complement":"C"},{"symbol":"T","aliases":"U","name":"Thymine","colour":"008000","complement":"A"},{"symbol":"N","aliases":"X.","name":"Any base","equals":"ACGT"},{"symbol":"V","name":"Not T","equals":"ACG"},{"symbol":"H","name":"Not G","equals":"ACT"},{"symbol":"D","name":"Not C","equals":"AGT"},{"symbol":"B","name":"Not A","equals":"CGT"},{"symbol":"M","name":"Amino","equals":"AC"},{"symbol":"R","name":"Purine","equals":"AG"},{"symbol":"W","name":"Weak","equals":"AT"},{"symbol":"S","name":"Strong","equals":"CG"},{"symbol":"Y","name":"Pyrimidine","equals":"CT"},{"symbol":"K","name":"Keto","equals":"GT"}]},"background":[0.2665,0.2335,0.2335,0.2665],"sequence_dbs":[{"source":"results/AHRpeaks_withAHREs.bed.fa/jaspar/AHRpeaks_withAHREs.bed.fa","name":"AHRpeaks_withAHREs.bed","last_modified":"Thu May 24 11:14:28 2018","loaded":1364,"excluded_too_short":2,"excluded_no_match":389,"excluded_ambigs":0,"excluded_similar":18,"erased_primary_matches":296}],"primary_dbs":[{"source":"results/AHRpeaks_withAHREs.bed.fa/jaspar/dreme_out/dreme.xml","name":"dreme.xml","last_modified":"Thu May 24 19:38:55 2018","loaded":7,"excluded":6}],"secondary_dbs":[{"source":"results/AHRpeaks_withAHREs.bed.fa/jaspar/meme_out/meme.xml","name":"meme.xml","last_modified":"Thu May 24 19:37:55 2018","loaded":7,"excluded":0},{"source":"results/AHRpeaks_withAHREs.bed.fa/jaspar/dreme_out/dreme.xml","name":"dreme.xml","last_modified":"Thu May 24 19:38:55 2018","loaded":8,"excluded":1},{"source":"/Users/filipov4/meme/db/motif_databases/JASPAR/JASPAR2018_CORE_non-redundant.meme","name":"JASPAR2018_CORE_non-redundant","last_modified":"Thu Dec  7 14:38:42 2017","loaded":1404,"excluded":0}],"secondary_motifs":[{"db":0,"id":"RBSTGYGTGHSWGHGTVTKWGT","alt":"MEME-2","len":22,"ltrim":2,"rtrim":0,"nsites":58,"evalue":"1.0e-028","pwm":[[0.224211,0.206943,0.447906,0.120941],[0.155364,0.241365,0.258578,0.344693],[0.000458692,0.275789,0.499541,0.224211],[0.01767,0.000401893,0.000401893,0.981526],[0.000458692,0.0348255,0.878198,0.0865173],[0.01767,0.516753,0.120884,0.344693],[0.069306,0.000401893,0.929833,0.000458692],[0.000458692,0.000401893,0.000401893,0.998738],[0.0520937,0.0176132,0.895411,0.0348823],[0.293057,0.258578,0.0864605,0.361905],[0.01767,0.516753,0.430694,0.0348823],[0.361905,0.000401893,0.000401893,0.637292],[0.069306,0.224154,0.602811,0.103729],[0.258635,0.310213,0.103672,0.327481],[0.0865173,0.155307,0.5856,0.172576],[0.000458692,0.275789,0.000401893,0.72335],[0.275846,0.327424,0.396271,0.000458692],[0.224211,0.206943,0.000401893,0.568445],[0.103729,0.18973,0.447906,0.258635],[0.430751,0.000401893,0.000401893,0.568445],[0.01767,0.18973,0.5856,0.207],[0.189787,0.172519,0.0864605,0.551233]]},{"db":0,"id":"RCTCACTGCAACCTCYRCCTCCYGGGYTCA","alt":"MEME-1","len":30,"ltrim":0,"rtrim":0,"nsites":10,"evalue":"1.2e-025","pwm":[[0.299668,0.00231188,0.596371,0.101649],[0.00263861,0.794391,0.101322,0.101649],[0.101649,0.00231188,0.101322,0.794718],[0.101649,0.794391,0.00231188,0.101649],[0.794718,0.200332,0.00231188,0.00263861],[0.00263861,0.794391,0.00231188,0.200658],[0.00263861,0.101322,0.00231188,0.893728],[0.00263861,0.00231188,0.992411,0.00263861],[0.101649,0.695381,0.00231188,0.200658],[0.893728,0.00231188,0.101322,0.00263861],[0.794718,0.00231188,0.200332,0.00263861],[0.00263861,0.992411,0.00231188,0.00263861],[0.00263861,0.893401,0.00231188,0.101649],[0.00263861,0.00231188,0.00231188,0.992738],[0.101649,0.794391,0.00231188,0.101649],[0.101649,0.497361,0.101322,0.299668],[0.299668,0.00231188,0.596371,0.101649],[0.101649,0.695381,0.00231188,0.200658],[0.101649,0.893401,0.00231188,0.00263861],[0.00263861,0.101322,0.00231188,0.893728],[0.00263861,0.992411,0.00231188,0.00263861],[0.00263861,0.893401,0.00231188,0.101649],[0.00263861,0.398351,0.00231188,0.596698],[0.299668,0.00231188,0.695381,0.00263861],[0.00263861,0.00231188,0.992411,0.00263861],[0.101649,0.00231188,0.794391,0.101649],[0.00263861,0.398351,0.00231188,0.596698],[0.00263861,0.101322,0.00231188,0.893728],[0.00263861,0.893401,0.00231188,0.101649],[0.893728,0.101322,0.00231188,0.00263861]]},{"db":0,"id":"TCCCAGCTAYTHGGGAGGCTGAGGCRGGAG","alt":"MEME-5","len":30,"ltrim":0,"rtrim":0,"nsites":5,"evalue":"1.2e-004","pwm":[[0.00522549,0.00457843,0.200657,0.789539],[0.00522549,0.788892,0.200657,0.00522549],[0.201304,0.788892,0.00457843,0.00522549],[0.00522549,0.788892,0.00457843,0.201304],[0.985618,0.00457843,0.00457843,0.00522549],[0.00522549,0.00457843,0.984971,0.00522549],[0.00522549,0.984971,0.00457843,0.00522549],[0.00522549,0.200657,0.00457843,0.789539],[0.985618,0.00457843,0.00457843,0.00522549],[0.00522549,0.592814,0.00457843,0.397382],[0.201304,0.00457843,0.00457843,0.789539],[0.397382,0.396735,0.00457843,0.201304],[0.00522549,0.00457843,0.984971,0.00522549],[0.00522549,0.00457843,0.984971,0.00522549],[0.00522549,0.00457843,0.984971,0.00522549],[0.789539,0.00457843,0.00457843,0.201304],[0.00522549,0.00457843,0.984971,0.00522549],[0.201304,0.00457843,0.788892,0.00522549],[0.00522549,0.984971,0.00457843,0.00522549],[0.00522549,0.200657,0.00457843,0.789539],[0.00522549,0.200657,0.788892,0.00522549],[0.789539,0.00457843,0.00457843,0.201304],[0.00522549,0.00457843,0.984971,0.00522549],[0.201304,0.00457843,0.788892,0.00522549],[0.00522549,0.788892,0.00457843,0.201304],[0.593461,0.00457843,0.396735,0.00522549],[0.201304,0.00457843,0.592814,0.201304],[0.00522549,0.00457843,0.984971,0.00522549],[0.985618,0.00457843,0.00457843,0.00522549],[0.00522549,0.00457843,0.984971,0.00522549]]},{"db":1,"id":"ACACACMC","alt":"DREME-7","len":8,"ltrim":0,"rtrim":0,"nsites":60,"evalue":"3.3e-003","pwm":[[0.99878,0.000388519,0.000388519,0.000443428],[0.000443428,0.998725,0.000388519,0.000443428],[0.99878,0.000388519,0.000388519,0.000443428],[0.000443428,0.998725,0.000388519,0.000443428],[0.99878,0.000388519,0.000388519,0.000443428],[0.000443428,0.998725,0.000388519,0.000443428],[0.749196,0.249973,0.000388519,0.000443428],[0.000443428,0.998725,0.000388519,0.000443428]]},{"db":2,"id":"MA0017.2","alt":"NR2F1","len":13,"ltrim":1,"rtrim":0,"nsites":23504,"url":"http://jaspar2018.genereg.net/matrix/MA0017.2","pwm":[[0.204306,0.48698,0.139381,0.169333],[0.602537,0.14031,0.0956136,0.161539],[0.52521,0.0320959,0.403797,0.038896],[0.691461,9.93444e-07,0.308537,1.13384e-06],[1.13384e-06,0.00248298,0.997515,1.13384e-06],[1.13384e-06,9.93444e-07,0.999997,1.13384e-06],[1.13384e-06,9.93444e-07,9.93444e-07,0.999997],[1.13384e-06,0.999997,9.93444e-07,1.13384e-06],[0.992507,9.93444e-07,0.00749096,1.13384e-06],[0.424246,0.253338,0.134174,0.188241],[0.267767,0.245957,0.364457,0.121819],[0.271664,0.204826,0.322249,0.20126],[0.116125,0.0595237,0.753504,0.0708478]]},{"db":2,"id":"MA0018.3","alt":"CREB1","len":12,"ltrim":2,"rtrim":2,"nsites":8874,"url":"http://jaspar2018.genereg.net/matrix/MA0018.3","pwm":[[0.218054,0.21963,0.325444,0.236872],[0.315302,0.233829,0.369504,0.0813631],[0.0235547,0.0240054,0.0196104,0.93283],[0.0143138,0.0251323,0.935647,0.0249067],[0.939478,0.0107075,0.0329073,0.0169058],[0.0236677,0.805268,0.0625439,0.108521],[0.108521,0.0625439,0.805268,0.0236677],[0.0169058,0.0329073,0.0107075,0.939478],[0.0249067,0.935647,0.0251323,0.0143138],[0.93283,0.0196104,0.0240054,0.0235547],[0.0813631,0.369504,0.233829,0.315302],[0.236872,0.325444,0.21963,0.218054]]},{"db":2,"id":"MA0019.1","alt":"Ddit3::Cebpa","len":12,"ltrim":2,"rtrim":0,"nsites":39,"url":"http://jaspar2018.genereg.net/matrix/MA0019.1","pwm":[[0.358737,0.179625,0.307502,0.154134],[0.282011,0.179625,0.358653,0.17971],[0.461039,0.0773235,0.384229,0.0774079],[0.000681586,0.0261726,0.000597187,0.972549],[0.000681586,0.000597187,0.972464,0.026257],[0.102983,0.844587,0.000597187,0.0518324],[0.972549,0.0261726,0.000597187,0.000681586],[0.921398,0.051748,0.0261726,0.000681586],[0.000681586,0.15405,0.000597187,0.844672],[0.358737,0.435379,0.128474,0.0774079],[0.102983,0.588833,0.230776,0.0774079],[0.000681586,0.665559,0.15405,0.17971]]},{"db":2,"id":"MA0021.1","alt":"Dof3","len":6,"ltrim":0,"rtrim":0,"nsites":21,"url":"http://jaspar2018.genereg.net/matrix/MA0021.1","pwm":[[0.996524,0.00110664,0.00110664,0.00126303],[0.996524,0.00110664,0.00110664,0.00126303],[0.996524,0.00110664,0.00110664,0.00126303],[0.00126303,0.00110664,0.996367,0.00126303],[0.00126303,0.47504,0.143287,0.38041],[0.285623,0.285467,0.427646,0.00126303]]},{"db":2,"id":"MA0039.3","alt":"KLF4","len":11,"ltrim":0,"rtrim":2,"nsites":969,"url":"http://jaspar2018.genereg.net/matrix/MA0039.3","pwm":[[0.270382,0.496361,0.130042,0.103216],[0.120758,0.668686,0.108372,0.102184],[0.953489,0.0144706,0.0185982,0.0134421],[0.00828265,0.978251,0.00621546,0.00725075],[0.856492,0.00208788,0.126946,0.014474],[0.0134421,0.943167,0.0185982,0.0247929],[0.0299524,0.938007,0.0175663,0.014474],[0.0155059,0.962773,0.00415167,0.0175697],[0.267286,0.0743194,0.0402679,0.618127],[0.189894,0.28792,0.292048,0.230138],[0.237361,0.304431,0.208465,0.249744]]},{"db":2,"id":"MA0053.1","alt":"MNB1A","len":5,"ltrim":0,"rtrim":0,"nsites":15,"url":"http://jaspar2018.genereg.net/matrix/MA0053.1","pwm":[[0.995142,0.00154636,0.00154636,0.0017649],[0.995142,0.00154636,0.00154636,0.0017649],[0.995142,0.00154636,0.00154636,0.0017649],[0.0017649,0.00154636,0.994924,0.0017649],[0.20044,0.597573,0.00154636,0.20044]]},{"db":2,"id":"MA0064.1","alt":"PBF","len":5,"ltrim":0,"rtrim":0,"nsites":16,"url":"http://jaspar2018.genereg.net/matrix/MA0064.1","pwm":[[0.995444,0.00145031,0.00145031,0.00165528],[0.995444,0.00145031,0.00145031,0.00165528],[0.995444,0.00145031,0.00145031,0.00165528],[0.00165528,0.00145031,0.995239,0.00165528],[0.0637671,0.560457,0.0635621,0.312214]]},{"db":2,"id":"MA0079.3","alt":"SP1","len":11,"ltrim":1,"rtrim":0,"nsites":8734,"url":"http://jaspar2018.genereg.net/matrix/MA0079.3","pwm":[[0.0981239,0.204488,0.489005,0.208382],[3.05126e-06,0.711582,0.0735078,0.214908],[0.0113379,0.767454,2.67343e-06,0.221205],[3.05126e-06,0.999991,2.67343e-06,3.05126e-06],[3.05126e-06,0.991633,2.67343e-06,0.00836096],[0.1556,2.67343e-06,0.529422,0.314975],[3.05126e-06,0.999991,2.67343e-06,3.05126e-06],[3.05126e-06,0.999991,2.67343e-06,3.05126e-06],[3.05126e-06,0.764707,2.67343e-06,0.235287],[0.12068,0.727839,2.67343e-06,0.151478],[0.0746532,0.568922,0.0840407,0.272384]]},{"db":2,"id":"MA0087.1","alt":"Sox5","len":7,"ltrim":0,"rtrim":1,"nsites":23,"url":"http://jaspar2018.genereg.net/matrix/MA0087.1","pwm":[[0.996825,0.00101082,0.00101082,0.00115368],[0.00115368,0.00101082,0.0443006,0.953535],[0.00115368,0.00101082,0.00101082,0.996825],[0.0444435,0.00101082,0.953392,0.00115368],[0.00115368,0.0443006,0.00101082,0.953535],[0.0444435,0.0443006,0.00101082,0.910244],[0.347474,0.130881,0.174171,0.347474]]},{"db":2,"id":"MA0093.2","alt":"USF1","len":11,"ltrim":2,"rtrim":0,"nsites":16842,"url":"http://jaspar2018.genereg.net/matrix/MA0093.2","pwm":[[0.287733,0.223489,0.425245,0.0635332],[0.0874021,0.442227,0.177117,0.293255],[0.00255457,0.997442,1.38641e-06,1.58234e-06],[0.984024,1.38641e-06,1.38641e-06,0.0159735],[0.0111645,0.610317,0.0553391,0.32318],[0.095298,0.0353292,0.86937,1.58234e-06],[1.58234e-06,1.38641e-06,1.38641e-06,0.999996],[1.58234e-06,1.38641e-06,0.999995,1.58234e-06],[0.876495,1.38641e-06,0.0816419,0.0418613],[1.58234e-06,0.781733,1.38641e-06,0.218264],[0.108124,0.589358,0.066086,0.236433]]},{"db":2,"id":"MA0095.2","alt":"YY1","len":12,"ltrim":0,"rtrim":0,"nsites":7171,"url":"http://jaspar2018.genereg.net/matrix/MA0095.2","pwm":[[0.157023,0.639096,0.111702,0.0921794],[0.972658,3.25613e-06,0.0252439,0.00209569],[0.940027,0.0138091,0.0373757,0.00878859],[0.349462,0.155767,0.457674,0.0370972],[0.99999,3.25613e-06,3.25613e-06,3.7163e-06],[3.7163e-06,0.00167623,3.25613e-06,0.998317],[0.00153769,3.25613e-06,0.998455,3.7163e-06],[0.00181669,3.25613e-06,0.998176,3.7163e-06],[0.113236,0.786075,0.00530218,0.0953864],[0.120906,0.234416,0.385579,0.259099],[0.125368,0.122021,0.649136,0.103474],[0.185749,0.637004,0.0545275,0.122718]]},{"db":2,"id":"MA0102.3","alt":"CEBPA","len":11,"ltrim":0,"rtrim":1,"nsites":15318,"url":"http://jaspar2018.genereg.net/matrix/MA0102.3","pwm":[[0.675738,0.086958,0.237303,1.73977e-06],[1.73977e-06,1.52434e-06,1.52434e-06,0.999995],[1.73977e-06,1.52434e-06,1.52434e-06,0.999995],[0.0460254,1.52434e-06,0.737952,0.21602],[1.73977e-06,0.999995,1.52434e-06,1.73977e-06],[0.780517,0.083171,0.0695921,0.0667203],[0.173653,0.499672,1.52434e-06,0.326675],[0.798143,0.201854,1.52434e-06,1.73977e-06],[0.999995,1.52434e-06,1.52434e-06,1.73977e-06],[1.73977e-06,0.371327,0.117771,0.5109],[0.3789,0.323997,0.0581031,0.239]]},{"db":2,"id":"MA0111.1","alt":"Spz1","len":11,"ltrim":0,"rtrim":0,"nsites":12,"url":"http://jaspar2018.genereg.net/matrix/MA0111.1","pwm":[[0.746004,0.00192975,0.249864,0.00220248],[0.00220248,0.167219,0.745731,0.0848468],[0.167492,0.00192975,0.828376,0.00220248],[0.00220248,0.00192975,0.911021,0.0848468],[0.0848468,0.00192975,0.0845741,0.828648],[0.66336,0.00192975,0.00192975,0.332781],[0.49807,0.00192975,0.167219,0.332781],[0.0848468,0.745731,0.167219,0.00220248],[0.828648,0.00192975,0.167219,0.00220248],[0.00220248,0.0845741,0.745731,0.167492],[0.167492,0.663087,0.167219,0.00220248]]},{"db":2,"id":"MA0122.2","alt":"NKX3-2","len":9,"ltrim":1,"rtrim":1,"nsites":5712,"url":"http://jaspar2018.genereg.net/matrix/MA0122.2","pwm":[[0.385502,0.180673,0.282037,0.151788],[0.157718,0.525285,0.260438,0.0565607],[0.00337061,0.915519,0.00288904,0.0782213],[0.930584,0.0171108,0.00798695,0.0443179],[0.0286482,0.962413,0.00438501,0.00455359],[0.00086965,0.00623498,0.00433101,0.988564],[0.00438559,0.0331965,4.08781e-06,0.962414],[0.81564,0.0509812,0.0247077,0.108671],[0.501797,0.117634,0.21576,0.164809]]},{"db":2,"id":"MA0124.2","alt":"Nkx3-1","len":9,"ltrim":1,"rtrim":1,"nsites":5334,"url":"http://jaspar2018.genereg.net/matrix/MA0124.2","pwm":[[0.457064,0.18579,0.255156,0.10199],[0.117249,0.637616,0.212262,0.0328714],[4.99616e-06,0.939082,0.00176434,0.0591489],[0.976914,0.00513128,0.00183534,0.0161187],[0.0109068,0.985758,0.00166735,0.00166796],[4.99616e-06,0.000191374,4.3775e-06,0.999799],[4.99616e-06,0.0454495,4.3775e-06,0.954541],[0.846277,0.0433096,0.0274469,0.0829664],[0.513816,0.135512,0.205337,0.145336]]},{"db":2,"id":"MA0146.2","alt":"Zfx","len":14,"ltrim":3,"rtrim":1,"nsites":477,"url":"http://jaspar2018.genereg.net/matrix/MA0146.2","pwm":[[0.104856,0.373137,0.375232,0.146776],[0.12372,0.356368,0.362656,0.157256],[0.190393,0.315883,0.41628,0.0774456],[0.150337,0.102324,0.619961,0.127378],[0.0208415,0.617384,0.299362,0.0624128],[0.0125272,0.750412,0.00420607,0.232855],[0.0624128,0.257791,0.380426,0.299369],[0.397062,0.318069,0.253634,0.0312343],[0.0166844,0.00420607,0.976975,0.00213442],[5.58583e-05,0.00628463,0.991525,0.00213442],[5.58583e-05,0.999839,4.89415e-05,5.58583e-05],[5.58583e-05,0.997761,4.89415e-05,0.00213442],[5.58583e-05,0.00212751,4.89415e-05,0.997768],[0.175019,0.254163,0.454121,0.116698]]},{"db":2,"id":"MA0160.1","alt":"NR4A2","len":8,"ltrim":0,"rtrim":0,"nsites":13,"url":"http://jaspar2018.genereg.net/matrix/MA0160.1","pwm":[[0.612722,0.0781182,0.23079,0.0783702],[0.923517,0.00178244,0.0726662,0.00203435],[0.00203435,0.00178244,0.923265,0.0729181],[0.214685,0.00178244,0.781499,0.00203435],[0.143801,0.143549,0.00178244,0.710868],[0.00203435,0.923265,0.00178244,0.0729181],[0.994401,0.00178244,0.00178244,0.00203435],[0.231042,0.61247,0.154454,0.00203435]]},{"db":2,"id":"MA0190.1","alt":"Gsc","len":6,"ltrim":0,"rtrim":0,"nsites":22,"url":"http://jaspar2018.genereg.net/matrix/MA0190.1","pwm":[[0.00120588,0.00105656,0.00105656,0.996681],[0.996681,0.00105656,0.00105656,0.00120588],[0.996681,0.00105656,0.00105656,0.00120588],[0.00120588,0.00105656,0.00105656,0.996681],[0.00120588,0.996532,0.00105656,0.00120588],[0.00120588,0.634541,0.0915542,0.272699]]},{"db":2,"id":"MA0193.1","alt":"schlank","len":7,"ltrim":0,"rtrim":0,"nsites":19,"url":"http://jaspar2018.genereg.net/matrix/MA0193.1","pwm":[[0.00139529,0.995987,0.00122251,0.00139529],[0.00139529,0.472426,0.00122251,0.524956],[0.891448,0.105934,0.00122251,0.00139529],[0.0537517,0.94363,0.00122251,0.00139529],[0.00139529,0.629495,0.00122251,0.367887],[0.943803,0.00122251,0.053579,0.00139529],[0.629668,0.00122251,0.210646,0.158464]]},{"db":2,"id":"MA0201.1","alt":"Ptx1","len":7,"ltrim":0,"rtrim":0,"nsites":20,"url":"http://jaspar2018.genereg.net/matrix/MA0201.1","pwm":[[0.00132587,0.249918,0.0509129,0.697843],[0.00132587,0.00116169,0.00116169,0.996351],[0.996351,0.00116169,0.00116169,0.00132587],[0.996351,0.00116169,0.00116169,0.00132587],[0.00132587,0.00116169,0.00116169,0.996351],[0.00132587,0.996187,0.00116169,0.00132587],[0.00132587,0.946435,0.00116169,0.0510771]]},{"db":2,"id":"MA0212.1","alt":"bcd","len":6,"ltrim":0,"rtrim":0,"nsites":22,"url":"http://jaspar2018.genereg.net/matrix/MA0212.1","pwm":[[0.00120588,0.00105656,0.00105656,0.996681],[0.906183,0.00105656,0.00105656,0.0917035],[0.996681,0.00105656,0.00105656,0.00120588],[0.00120588,0.00105656,0.0463059,0.951432],[0.00120588,0.996532,0.00105656,0.00120588],[0.00120588,0.951282,0.00105656,0.0464552]]},{"db":2,"id":"MA0234.1","alt":"oc","len":6,"ltrim":0,"rtrim":0,"nsites":19,"url":"http://jaspar2018.genereg.net/matrix/MA0234.1","pwm":[[0.00139529,0.00122251,0.00122251,0.99616],[0.99616,0.00122251,0.00122251,0.00139529],[0.99616,0.00122251,0.00122251,0.00139529],[0.00139529,0.00122251,0.105934,0.891448],[0.00139529,0.995987,0.00122251,0.00139529],[0.00139529,0.891275,0.053579,0.0537517]]},{"db":2,"id":"MA0260.1","alt":"che-1","len":6,"ltrim":0,"rtrim":0,"nsites":37,"url":"http://jaspar2018.genereg.net/matrix/MA0260.1","pwm":[[0.000718329,0.00062938,0.997934,0.000718329],[0.998023,0.00062938,0.00062938,0.000718329],[0.998023,0.00062938,0.00062938,0.000718329],[0.512848,0.00062938,0.485804,0.000718329],[0.000718329,0.997934,0.00062938,0.000718329],[0.000718329,0.701438,0.297125,0.000718329]]},{"db":2,"id":"MA0261.1","alt":"lin-14","len":6,"ltrim":0,"rtrim":0,"nsites":159,"url":"http://jaspar2018.genereg.net/matrix/MA0261.1","pwm":[[0.000167505,0.000146763,0.999518,0.000167505],[0.999539,0.000146763,0.000146763,0.000167505],[0.999539,0.000146763,0.000146763,0.000167505],[0.000167505,0.999518,0.000146763,0.000167505],[0.528137,0.0441441,0.352126,0.0755921],[0.0381186,0.531459,0.183575,0.246847]]},{"db":2,"id":"MA0267.1","alt":"ACE2","len":7,"ltrim":0,"rtrim":1,"nsites":99,"url":"http://jaspar2018.genereg.net/matrix/MA0267.1","pwm":[[0.454355,0.282778,0.212143,0.050723],[0.0102588,0.919307,0.0601751,0.0102588],[0.00026892,0.999227,0.000235621,0.00026892],[0.899361,0.100135,0.000235621,0.00026892],[0.00026892,0.000235621,0.999227,0.00026892],[0.00026892,0.999227,0.000235621,0.00026892],[0.489774,0.200034,0.170064,0.140128]]},{"db":2,"id":"MA0307.1","alt":"GLN3","len":5,"ltrim":0,"rtrim":0,"nsites":100,"url":"http://jaspar2018.genereg.net/matrix/MA0307.1","pwm":[[0.000266234,0.000233267,0.999234,0.000266234],[0.999267,0.000233267,0.000233267,0.000266234],[0.000266234,0.000233267,0.000233267,0.999267],[0.739527,0.000233267,0.000233267,0.260006],[0.609657,0.000233267,0.269964,0.120146]]},{"db":2,"id":"MA0319.1","alt":"HSF1","len":8,"ltrim":0,"rtrim":1,"nsites":101,"url":"http://jaspar2018.genereg.net/matrix/MA0319.1","pwm":[[0.682756,0.128817,0.128817,0.0596108],[0.020046,0.0200134,0.0200134,0.939927],[0.190076,0.00023096,0.80943,0.0002636],[0.0002636,0.00023096,0.999242,0.0002636],[0.999274,0.00023096,0.00023096,0.0002636],[0.999274,0.00023096,0.00023096,0.0002636],[0.0602043,0.559677,0.190043,0.190076],[0.484632,0.111232,0.232324,0.171811]]},{"db":2,"id":"MA0360.1","alt":"RDR1","len":8,"ltrim":0,"rtrim":1,"nsites":101,"url":"http://jaspar2018.genereg.net/matrix/MA0360.1","pwm":[[0.247544,0.109034,0.109034,0.534388],[0.0002636,0.00023096,0.999242,0.0002636],[0.0002636,0.999242,0.00023096,0.0002636],[0.0002636,0.00023096,0.999242,0.0002636],[0.0002636,0.00023096,0.999242,0.0002636],[0.999274,0.00023096,0.00023096,0.0002636],[0.859413,0.00023096,0.00023096,0.140125],[0.267326,0.475009,0.128817,0.128849]]},{"db":2,"id":"MA0381.1","alt":"SKN7","len":6,"ltrim":0,"rtrim":1,"nsites":100,"url":"http://jaspar2018.genereg.net/matrix/MA0381.1","pwm":[[0.000266234,0.000233267,0.999234,0.000266234],[0.000266234,0.000233267,0.999234,0.000266234],[0.000266234,0.999234,0.000233267,0.000266234],[0.000266234,0.839394,0.160073,0.000266234],[0.484931,0.1486,0.366204,0.000266234],[0.212175,0.18187,0.282779,0.323175]]},{"db":2,"id":"MA0393.1","alt":"STE12","len":7,"ltrim":0,"rtrim":0,"nsites":28379,"url":"http://jaspar2018.genereg.net/matrix/MA0393.1","pwm":[[9.39071e-07,0.114909,0.00338381,0.881706],[0.150077,8.22789e-07,0.843006,0.00691591],[0.954998,8.22789e-07,0.0450007,9.39071e-07],[0.89808,0.0059308,0.0959875,9.39071e-07],[0.999997,8.22789e-07,8.22789e-07,9.39071e-07],[0.00350393,0.993026,8.22789e-07,0.00346893],[0.510628,0.100184,0.313265,0.0759227]]},{"db":2,"id":"MA0402.1","alt":"SWI5","len":8,"ltrim":0,"rtrim":1,"nsites":101,"url":"http://jaspar2018.genereg.net/matrix/MA0402.1","pwm":[[0.0793933,0.0793606,0.227729,0.613517],[0.0002636,0.00023096,0.999242,0.0002636],[0.0002636,0.999242,0.00023096,0.0002636],[0.0002636,0.00023096,0.00023096,0.999274],[0.0002636,0.00023096,0.999242,0.0002636],[0.0002636,0.00023096,0.999242,0.0002636],[0.040224,0.0401914,0.269964,0.649621],[0.250016,0.249984,0.100132,0.399868]]},{"db":2,"id":"MA0414.1","alt":"XBP1","len":7,"ltrim":0,"rtrim":1,"nsites":101,"url":"http://jaspar2018.genereg.net/matrix/MA0414.1","pwm":[[0.118958,0.504682,0.0694694,0.306891],[0.0002636,0.00023096,0.00023096,0.999274],[0.0002636,0.999242,0.00023096,0.0002636],[0.0002636,0.00023096,0.999242,0.0002636],[0.999274,0.00023096,0.00023096,0.0002636],[0.395912,0.0793606,0.494791,0.0299372],[0.313085,0.222233,0.313052,0.151629]]},{"db":2,"id":"MA0483.1","alt":"Gfi1b","len":11,"ltrim":0,"rtrim":1,"nsites":1761,"url":"http://jaspar2018.genereg.net/matrix/MA0483.1","pwm":[[0.638253,0.248721,0.0590669,0.0539591],[0.999958,1.32588e-05,1.32588e-05,1.51326e-05],[0.998822,1.32588e-05,0.00114919,1.51326e-05],[1.51326e-05,0.191938,0.0159124,0.792134],[1.51326e-05,0.999956,1.32588e-05,1.51326e-05],[0.586581,0.0119376,1.32588e-05,0.401468],[0.0346522,0.745002,0.22033,1.51326e-05],[0.63371,1.32588e-05,0.000581227,0.365695],[0.0323813,0.000581227,0.951691,0.0153463],[0.0806466,0.754087,0.0431678,0.122098],[0.420207,0.245882,0.0738311,0.26008]]},{"db":2,"id":"MA0494.1","alt":"Nr1h3::Rxra","len":19,"ltrim":0,"rtrim":3,"nsites":1269,"url":"http://jaspar2018.genereg.net/matrix/MA0494.1","pwm":[[2.09991e-05,0.0394163,0.0220817,0.938481],[0.110335,0.0236575,0.858107,0.00790038],[0.581535,0.191492,0.107969,0.119003],[0.193859,0.765127,1.83989e-05,0.0409948],[0.0457224,0.851015,0.00238221,0.10088],[0.0614822,0.24665,0.100877,0.590991],[0.282111,0.25059,0.270289,0.197011],[0.294718,0.202524,0.264773,0.237985],[0.625662,1.83989e-05,0.252953,0.121366],[0.219074,0.0149892,0.711546,0.0543907],[0.0606942,1.83989e-05,0.00317015,0.936117],[0.44049,0.0606916,0.346721,0.152097],[0.709185,0.139487,0.151306,2.09991e-05],[0.200951,0.758036,0.0157772,0.025236],[0.0922127,0.819497,1.83989e-05,0.088272],[0.00868832,0.395574,0.0331128,0.562625],[0.106396,0.400302,0.154458,0.338843],[0.221438,0.154458,0.262409,0.361694],[0.186767,0.228526,0.345933,0.238773]]},{"db":2,"id":"MA0538.1","alt":"daf-12","len":15,"ltrim":0,"rtrim":1,"nsites":156,"url":"http://jaspar2018.genereg.net/matrix/MA0538.1","pwm":[[0.141106,0.128272,0.724045,0.00657662],[0.455007,0.000149584,0.0834292,0.461413],[0.211573,0.000149584,0.788106,0.000170724],[0.147512,0.333269,0.0385869,0.480632],[0.000170724,0.000149584,0.999509,0.000170724],[0.000170724,0.333269,0.000149584,0.666411],[0.000170724,0.000149584,0.999509,0.000170724],[0.0962631,0.160303,0.0898361,0.653598],[0.000170724,0.128272,0.621546,0.250011],[0.00657662,0.000149584,0.000149584,0.993124],[0.000170724,0.00655548,0.986696,0.00657662],[0.000170724,0.506235,0.102648,0.390946],[0.205167,0.000149584,0.538267,0.256416],[0.109075,0.128272,0.179522,0.58313],[0.109075,0.275614,0.358894,0.256416]]},{"db":2,"id":"MA0563.1","alt":"SEP3","len":11,"ltrim":1,"rtrim":0,"nsites":150,"url":"http://jaspar2018.genereg.net/matrix/MA0563.1","pwm":[[0.160071,0.246658,0.19336,0.399911],[0.12676,0.739663,0.0334664,0.100111],[0.00684011,0.646392,0.00681812,0.339951],[0.513169,0.000155563,0.000155563,0.48652],[0.0801243,0.186698,0.0334664,0.699711],[0.12676,0.000155563,0.0334664,0.839618],[0.000177548,0.000155563,0.000155563,0.999511],[0.0601376,0.000155563,0.160049,0.779658],[0.0734617,0.0201422,0.146725,0.759671],[0.0601376,0.000155563,0.919543,0.0201642],[0.000177548,0.0467915,0.759649,0.193382]]},{"db":2,"id":"MA0583.1","alt":"RAV1(var.2)","len":12,"ltrim":2,"rtrim":3,"nsites":62,"url":"http://jaspar2018.genereg.net/matrix/MA0583.1","pwm":[[0.354697,0.193612,0.161406,0.290285],[0.203227,0.234374,0.125175,0.437225],[0.123308,0.753008,0.0157362,0.107948],[0.614823,0.0925354,0.123255,0.169388],[0.0157894,0.860527,0.0464557,0.0772283],[0.000429146,0.998766,0.000376007,0.000429146],[0.000429146,0.000376007,0.000376007,0.998819],[0.000429146,0.000376007,0.998766,0.000429146],[0.43609,0.127444,0.345275,0.0911918],[0.222293,0.277707,0.333172,0.166828],[0.230827,0.269173,0.307573,0.192427],[0.174062,0.434459,0.108897,0.282583]]},{"db":2,"id":"MA0595.1","alt":"SREBF1","len":10,"ltrim":0,"rtrim":0,"nsites":58,"url":"http://jaspar2018.genereg.net/matrix/MA0595.1","pwm":[[0.482387,0.241365,0.275789,0.000458692],[0.000458692,0.000401893,0.000401893,0.998738],[0.000458692,0.998681,0.000401893,0.000458692],[0.998738,0.000401893,0.000401893,0.000458692],[0.000458692,0.878198,0.120884,0.000458692],[0.103729,0.654446,0.224154,0.01767],[0.000458692,0.757717,0.000401893,0.241422],[0.0348823,0.774929,0.18973,0.000458692],[0.998738,0.000401893,0.000401893,0.000458692],[0.000458692,0.447906,0.120884,0.430751]]},{"db":2,"id":"MA0596.1","alt":"SREBF2","len":10,"ltrim":0,"rtrim":0,"nsites":47,"url":"http://jaspar2018.genereg.net/matrix/MA0596.1","pwm":[[0.51012,0.191578,0.297735,0.000565817],[0.000565817,0.000495754,0.000495754,0.998443],[0.000565817,0.0641902,0.934678,0.000565817],[0.21288,0.000495754,0.786058,0.000565817],[0.0430285,0.21281,0.573744,0.170417],[0.0430285,0.191578,0.764827,0.000565817],[0.000565817,0.000495754,0.000495754,0.998443],[0.000565817,0.000495754,0.998373,0.000565817],[0.998443,0.000495754,0.000495754,0.000565817],[0.0430285,0.340199,0.0429584,0.573814]]},{"db":2,"id":"MA0620.2","alt":"MITF","len":18,"ltrim":4,"rtrim":4,"nsites":23953,"url":"http://jaspar2018.genereg.net/matrix/MA0620.2","pwm":[[0.256502,0.238634,0.236254,0.268609],[0.262347,0.237674,0.250783,0.249196],[0.400867,0.129504,0.2044,0.265228],[0.272033,0.0757737,0.467414,0.184779],[0.204943,0.0768597,0.698658,0.019539],[0.031312,0.0711397,0.0399538,0.857594],[0.0020881,0.991773,0.00430096,0.0018381],[0.981962,0.00572095,0.00317396,0.00914407],[0.0022551,0.778815,0.0144879,0.204442],[0.204484,0.0144879,0.778773,0.0022551],[0.00914407,0.00317396,0.00572095,0.981962],[0.0018381,0.00430096,0.991814,0.0020471],[0.857803,0.0399118,0.0710567,0.031229],[0.019539,0.698741,0.0769017,0.204818],[0.184779,0.467331,0.0757737,0.272116],[0.265269,0.204359,0.129545,0.400826],[0.249238,0.250658,0.237716,0.262389],[0.268693,0.236254,0.23855,0.256502]]},{"db":2,"id":"MA0648.1","alt":"GSC","len":10,"ltrim":2,"rtrim":2,"nsites":6082,"url":"http://jaspar2018.genereg.net/matrix/MA0648.1","pwm":[[0.205361,0.314369,0.33525,0.14502],[0.157049,0.474425,0.0909413,0.277586],[4.38171e-06,0.00880569,3.83914e-06,0.991186],[0.947628,0.0110677,0.0274304,0.0138732],[0.999988,3.83914e-06,3.83914e-06,4.38171e-06],[4.38171e-06,0.00400377,0.0230435,0.972948],[0.0537785,0.786056,0.0584309,0.101735],[0.0378508,0.730618,0.0994852,0.132046],[0.137479,0.39434,0.284821,0.183359],[0.180399,0.361287,0.101794,0.356519]]},{"db":2,"id":"MA0682.1","alt":"Pitx1","len":8,"ltrim":1,"rtrim":1,"nsites":3115,"url":"http://jaspar2018.genereg.net/matrix/MA0682.1","pwm":[[0.192618,0.270304,0.108511,0.428566],[0.049083,0.00697527,7.49575e-06,0.943934],[0.8827,0.0439151,0.0594956,0.0138891],[0.994551,7.49575e-06,7.49575e-06,0.00543438],[0.0188659,0.015901,0.125811,0.839422],[0.0614176,0.861944,0.0116251,0.0650135],[0.0407022,0.773184,0.0342494,0.151865],[0.228178,0.409172,0.138,0.224648]]},{"db":2,"id":"MA0693.2","alt":"VDR","len":8,"ltrim":0,"rtrim":0,"nsites":1000,"url":"http://jaspar2018.genereg.net/matrix/MA0693.2","pwm":[[0.222004,0.279995,0.043019,0.454981],[0.355991,0.0450188,0.566967,0.0320234],[0.555527,0.0240449,0.386371,0.0340572],[0.0240242,0.0250208,0.918931,0.0320234],[0.0170249,0.023021,0.0700163,0.889938],[0.0609596,0.0309893,0.0819332,0.826118],[0.0550211,0.742949,0.0280205,0.174009],[0.885938,0.0190214,0.0760157,0.0190247]]},{"db":2,"id":"MA0695.1","alt":"ZBTB7C","len":12,"ltrim":1,"rtrim":2,"nsites":1017,"url":"http://jaspar2018.genereg.net/matrix/MA0695.1","pwm":[[0.267453,0.11604,0.455239,0.161269],[0.119935,0.667061,0.1409,0.0721031],[0.214815,0.0783503,0.622973,0.083861],[0.798379,0.176477,0.00629734,0.0188484],[0.0369196,0.963031,2.29574e-05,2.62019e-05],[2.62019e-05,0.981604,0.00484448,0.0135249],[0.780027,0.206133,0.00615235,0.00768845],[0.0170055,0.960306,0.00662631,0.0160626],[0.0719041,0.813042,0.0431497,0.0719041],[0.248529,0.13557,0.517654,0.0982485],[0.477465,0.208257,0.117741,0.196536],[0.327106,0.309423,0.192538,0.170932]]},{"db":2,"id":"MA0711.1","alt":"OTX1","len":8,"ltrim":1,"rtrim":1,"nsites":23441,"url":"http://jaspar2018.genereg.net/matrix/MA0711.1","pwm":[[0.218335,0.277335,0.135916,0.368414],[0.03069,0.00370798,9.96114e-07,0.965601],[0.967075,9.96114e-07,0.01048,0.022444],[0.999997,9.96114e-07,9.96114e-07,1.13689e-06],[0.0090531,9.96114e-07,0.117717,0.873228],[0.025752,0.932972,0.0262299,0.0150461],[0.021764,0.646557,0.238919,0.0927607],[0.0799038,0.263726,0.452155,0.204215]]},{"db":2,"id":"MA0712.1","alt":"OTX2","len":8,"ltrim":1,"rtrim":1,"nsites":28028,"url":"http://jaspar2018.genereg.net/matrix/MA0712.1","pwm":[[0.215891,0.244256,0.0875205,0.452332],[0.0333288,0.00466882,8.33093e-07,0.962002],[0.941831,0.00144583,0.0120978,0.0446258],[0.999997,8.33093e-07,8.33093e-07,9.50831e-07],[0.0120059,0.00201283,0.0766046,0.909378],[0.0342398,0.903631,0.0225368,0.0395918],[0.0279839,0.716918,0.0416937,0.213403],[0.0918016,0.271193,0.294705,0.342301]]},{"db":2,"id":"MA0714.1","alt":"PITX3","len":9,"ltrim":2,"rtrim":1,"nsites":6253,"url":"http://jaspar2018.genereg.net/matrix/MA0714.1","pwm":[[0.260035,0.307691,0.261315,0.17096],[0.184968,0.334717,0.0930632,0.387251],[0.0724391,0.00749661,0.00132571,0.918738],[0.932855,0.00477766,0.0387921,0.0235759],[0.997595,3.73415e-06,0.0023967,4.26189e-06],[0.0337927,0.0178004,0.141992,0.806413],[0.0456075,0.896734,0.0238094,0.0338487],[0.0295338,0.813442,0.0310942,0.125929],[0.181994,0.47177,0.155127,0.191109]]},{"db":2,"id":"MA0719.1","alt":"RHOXF1","len":8,"ltrim":1,"rtrim":1,"nsites":10916,"url":"http://jaspar2018.genereg.net/matrix/MA0719.1","pwm":[[0.295346,0.242213,0.169935,0.292506],[0.199355,2.13904e-06,0.0335908,0.767053],[0.451272,2.13904e-06,0.437432,0.111293],[0.999993,2.13904e-06,2.13904e-06,2.44135e-06],[2.44135e-06,2.13904e-06,0.324294,0.675701],[2.44135e-06,0.999993,2.13904e-06,2.44135e-06],[2.44135e-06,0.827529,2.13904e-06,0.172467],[0.295255,0.316324,0.193936,0.194486]]},{"db":2,"id":"MA0728.1","alt":"Nr2f6(var.2)","len":15,"ltrim":0,"rtrim":0,"nsites":288,"url":"http://jaspar2018.genereg.net/matrix/MA0728.1","pwm":[[0.347194,0.0556178,0.597096,9.25026e-05],[0.825351,8.10483e-05,0.165133,0.00943526],[9.25026e-05,8.10483e-05,0.999734,9.25026e-05],[0.00552562,8.10483e-05,0.994301,9.25026e-05],[9.25026e-05,8.10483e-05,0.00271913,0.997107],[9.25026e-05,0.927436,0.00147157,0.0709999],[0.940718,0.0572042,8.10483e-05,0.00199684],[0.952814,0.00946779,0.0165073,0.0212122],[0.51878,8.10483e-05,0.295575,0.185563],[0.999745,8.10483e-05,8.10483e-05,9.25026e-05],[9.25026e-05,8.10483e-05,0.999734,9.25026e-05],[9.25026e-05,8.10483e-05,0.968495,0.0313317],[0.00548163,8.10483e-05,8.10483e-05,0.994356],[9.25026e-05,0.99533,8.10483e-05,0.00449597],[0.979972,8.10483e-05,0.0198542,9.25026e-05]]},{"db":2,"id":"MA0739.1","alt":"Hic1","len":9,"ltrim":0,"rtrim":1,"nsites":12392,"url":"http://jaspar2018.genereg.net/matrix/MA0739.1","pwm":[[0.511376,0.0580224,0.376855,0.0537457],[0.00536311,0.0364946,0.00631483,0.951827],[0.0746405,0.0461985,0.864781,0.01438],[0.00447511,0.984696,0.0108268,2.15056e-06],[0.00786309,0.983289,0.00277086,0.0060771],[0.795264,0.176481,0.000266882,0.0279879],[0.557825,0.180431,0.20596,0.0557847],[0.0795115,0.717345,0.106166,0.0969774],[0.146258,0.438043,0.171149,0.244549]]},{"db":2,"id":"MA0747.1","alt":"SP8","len":12,"ltrim":0,"rtrim":0,"nsites":167,"url":"http://jaspar2018.genereg.net/matrix/MA0747.1","pwm":[[0.31135,0.16172,0.466926,0.0600037],[0.31576,0.660563,0.000139737,0.0235375],[0.122038,0.814286,0.000139737,0.0635365],[0.786671,0.195289,0.0060532,0.0119864],[0.0390252,0.927363,0.00569241,0.0279209],[0.0933877,0.138117,0.622901,0.145594],[0.0279209,0.927363,0.0334528,0.0112638],[0.0117805,0.970489,0.0175713,0.000159485],[0.000159485,0.897451,0.0216319,0.0807562],[0.511217,0.437378,0.0342103,0.0171943],[0.0542941,0.695556,0.0875874,0.162562],[0.186795,0.313205,0.00616013,0.49384]]},{"db":2,"id":"MA0778.1","alt":"NFKB2","len":13,"ltrim":1,"rtrim":1,"nsites":11783,"url":"http://jaspar2018.genereg.net/matrix/MA0778.1","pwm":[[0.427819,0.208436,0.195706,0.16804],[0.00612621,0.00588293,0.987746,0.00024526],[6.42612e-05,6.39811e-05,0.999681,0.00018926],[0.000483258,0.000302979,0.965244,0.033971],[0.158607,0.000656976,0.781949,0.0587868],[0.772417,0.0900552,0.0789023,0.0586248],[0.460089,0.00532894,0.00452994,0.530052],[0.0802286,0.0954122,0.0736624,0.750697],[0.0619697,0.800853,0.00138397,0.135793],[0.0197341,0.976794,7.8981e-05,0.00339323],[0.00015926,0.9996,8.0981e-05,0.00015926],[0.000621256,0.997363,0.00023398,0.00178225],[0.1173,0.255339,0.167615,0.459746]]},{"db":2,"id":"MA0828.1","alt":"SREBF2(var.2)","len":10,"ltrim":0,"rtrim":0,"nsites":4254,"url":"http://jaspar2018.genereg.net/matrix/MA0828.1","pwm":[[0.681231,0.0667649,0.248942,0.00306219],[0.0857882,0.0289708,0.00357041,0.88167],[0.00176422,0.993953,0.00402439,0.000257259],[0.977986,0.000499477,0.0185421,0.00297219],[0.000746247,0.976297,0.020237,0.0027202],[0.00486815,0.0789566,0.916168,6.26454e-06],[0.010381,0.0565942,5.48882e-06,0.933019],[0.000760247,0.00327141,0.993953,0.00201622],[0.959024,0.00194444,0.00945727,0.0295746],[0.00490715,0.518003,0.0254889,0.451601]]},{"db":2,"id":"MA0829.1","alt":"Srebf1(var.2)","len":10,"ltrim":0,"rtrim":0,"nsites":1875,"url":"http://jaspar2018.genereg.net/matrix/MA0829.1","pwm":[[0.63358,0.0714756,0.286397,0.00854676],[0.101364,0.0261021,0.00703708,0.865497],[0.00348003,0.996493,1.24527e-05,1.42126e-05],[0.978963,1.24527e-05,0.0153346,0.00568891],[1.42126e-05,0.95936,0.0300439,0.0105806],[0.00509794,0.117952,0.876936,1.42126e-05],[0.00878075,0.0432981,0.00275231,0.945169],[0.000591182,0.00405124,0.995343,1.42126e-05],[0.938995,0.0119878,0.00436722,0.0446498],[0.0105457,0.4889,0.0332697,0.467284]]},{"db":2,"id":"MA0857.1","alt":"Rarb","len":16,"ltrim":0,"rtrim":0,"nsites":1949,"url":"http://jaspar2018.genereg.net/matrix/MA0857.1","pwm":[[0.563351,0.131867,0.0928752,0.211907],[0.787816,0.019298,0.139689,0.0531959],[0.842312,0.00129891,0.156375,1.3673e-05],[1.3673e-05,1.19799e-05,0.999452,0.000522647],[1.3673e-05,0.000518954,0.983743,0.0157249],[0.0033435,0.00223187,0.00833555,0.98609],[0.000763634,0.986468,0.00675863,0.00601037],[0.991385,1.19799e-05,0.00858954,1.3673e-05],[0.940822,0.00665064,0.00182289,0.0507051],[0.877706,0.00244486,0.105238,0.0146119],[0.980867,1.19799e-05,0.019107,1.3673e-05],[0.000520647,1.19799e-05,0.999454,1.3673e-05],[1.3673e-05,0.000500955,0.866602,0.132884],[0.000591643,0.00463574,0.00232386,0.992449],[0.000717637,0.992215,0.00141991,0.00564738],[0.996774,1.19799e-05,0.00192488,0.00128961]]},{"db":2,"id":"MA0859.1","alt":"Rarg","len":16,"ltrim":0,"rtrim":1,"nsites":26801,"url":"http://jaspar2018.genereg.net/matrix/MA0859.1","pwm":[[0.46819,0.0617516,0.421215,0.0488418],[0.691172,0.0140728,0.294275,0.000479993],[0.000235993,8.71233e-07,0.999762,9.94362e-07],[9.94362e-07,0.00021787,0.867443,0.132339],[0.00197199,0.00344986,0.00630685,0.988272],[0.000235993,0.990602,0.00297586,0.00618597],[0.998078,0.00022687,0.00169386,9.94362e-07],[0.956197,0.00511085,0.0118898,0.0268029],[0.900079,0.00132087,0.0627546,0.0358459],[0.958577,0.00041687,0.0410037,9.94362e-07],[7.59941e-05,7.5871e-05,0.99962,0.000226994],[9.94362e-07,0.000168871,0.779508,0.220322],[0.000608992,0.00405286,0.00516785,0.99017],[9.94362e-07,0.985546,0.00562985,0.00882296],[0.990575,0.00043387,0.00888084,0.000108994],[0.461782,0.202208,0.103278,0.232731]]},{"db":2,"id":"MA0891.1","alt":"GSC2","len":10,"ltrim":2,"rtrim":2,"nsites":2016,"url":"http://jaspar2018.genereg.net/matrix/MA0891.1","pwm":[[0.228673,0.340273,0.219247,0.211809],[0.176679,0.416368,0.0942999,0.312653],[0.0544195,1.15818e-05,1.15818e-05,0.945557],[0.854208,0.0368738,0.0237394,0.085178],[0.933733,0.00510633,1.15818e-05,0.0611492],[1.32186e-05,0.0186297,0.0658573,0.915499],[0.0960895,0.759582,0.0674532,0.0768744],[0.0595073,0.659018,0.137959,0.143517],[0.101745,0.331509,0.346396,0.220349],[0.252481,0.403762,0.0833404,0.260417]]},{"db":2,"id":"MA0914.1","alt":"ISL2","len":8,"ltrim":0,"rtrim":0,"nsites":10934,"url":"http://jaspar2018.genereg.net/matrix/MA0914.1","pwm":[[0.144962,0.239254,0.514996,0.100789],[0.0230702,0.811846,0.018168,0.146916],[0.911897,0.0262369,0.0217019,0.0401641],[0.337677,0.601535,0.018269,0.042519],[0.0354611,0.0211469,0.0274909,0.915902],[0.0418691,0.108134,0.00196012,0.848037],[0.776685,0.0284159,0.00814006,0.18676],[0.48426,0.105866,0.280186,0.129688]]},{"db":2,"id":"MA0915.1","alt":"dve","len":8,"ltrim":1,"rtrim":1,"nsites":1000,"url":"http://jaspar2018.genereg.net/matrix/MA0915.1","pwm":[[0.275999,0.378985,0.13801,0.207006],[2.66473e-05,2.33477e-05,2.33477e-05,0.999927],[0.999927,2.33477e-05,2.33477e-05,2.66473e-05],[0.999927,2.33477e-05,2.33477e-05,2.66473e-05],[2.66473e-05,2.33477e-05,2.33477e-05,0.999927],[2.66473e-05,0.999923,2.33477e-05,2.66473e-05],[2.66473e-05,0.970926,2.33477e-05,0.0290237],[0.347992,0.217002,0.347989,0.0870179]]},{"db":2,"id":"MA0917.1","alt":"gcm2","len":8,"ltrim":0,"rtrim":0,"nsites":1000,"url":"http://jaspar2018.genereg.net/matrix/MA0917.1","pwm":[[0.729954,0.111012,0.159007,2.66473e-05],[2.664