<!DOCTYPE HTML>
<html>
  <head>
    <meta charset="UTF-8">
    <title>TOMTOM</title>
    <script>
      // @JSON_VAR data
      var data = {
        "program": "Tomtom",
        "version": "4.12.0",
        "release": "Tue Jun 27 16:22:50 2017 -0700",
        "cmd": [
          "tomtom", "-verbosity", "1", "-oc",
          "results/AHRpeaks_not-in-DHSs.bed-199.fa/jaspar/meme_tomtom_out",
          "-min-overlap", "5", "-dist", "pearson", "-evalue", "-thresh", "1",
          "-no-ssc", "-bfile",
          "results/AHRpeaks_not-in-DHSs.bed-199.fa/jaspar/background",
          "results/AHRpeaks_not-in-DHSs.bed-199.fa/jaspar/meme_out/meme.xml",
          "/Users/filipov4/meme/db/motif_databases/JASPAR/JASPAR2018_CORE_non-redundant.meme"
        ],
        "options": {
          "strands": "both",
          "distance_measure": "pearson",
          "threshold_type": "evalue",
          "threshold_value": 1,
          "background_source": "file",
          "background_file": "results/AHRpeaks_not-in-DHSs.bed-199.fa/jaspar/background"
        },
        "alphabet": {
          "name": "DNA",
          "like": "dna",
          "ncore": 4,
          "symbols": [
            {
              "symbol": "A",
              "name": "Adenine",
              "colour": "CC0000",
              "complement": "T"
            }, {
              "symbol": "C",
              "name": "Cytosine",
              "colour": "0000CC",
              "complement": "G"
            }, {
              "symbol": "G",
              "name": "Guanine",
              "colour": "FFB300",
              "complement": "C"
            }, {
              "symbol": "T",
              "aliases": "U",
              "name": "Thymine",
              "colour": "008000",
              "complement": "A"
            }, {
              "symbol": "N",
              "aliases": "X.",
              "name": "Any base",
              "equals": "ACGT"
            }, {
              "symbol": "V",
              "name": "Not T",
              "equals": "ACG"
            }, {
              "symbol": "H",
              "name": "Not G",
              "equals": "ACT"
            }, {
              "symbol": "D",
              "name": "Not C",
              "equals": "AGT"
            }, {
              "symbol": "B",
              "name": "Not A",
              "equals": "CGT"
            }, {
              "symbol": "M",
              "name": "Amino",
              "equals": "AC"
            }, {
              "symbol": "R",
              "name": "Purine",
              "equals": "AG"
            }, {
              "symbol": "W",
              "name": "Weak",
              "equals": "AT"
            }, {
              "symbol": "S",
              "name": "Strong",
              "equals": "CG"
            }, {
              "symbol": "Y",
              "name": "Pyrimidine",
              "equals": "CT"
            }, {
              "symbol": "K",
              "name": "Keto",
              "equals": "GT"
            }
          ]
        },
        "background": [0.2859, 0.2141, 0.2141, 0.2859],
        "query_dbs": [
          {
            "source": "results/AHRpeaks_not-in-DHSs.bed-199.fa/jaspar/meme_out/meme.xml",
            "name": "meme",
            "loaded": 7,
            "excluded": 0,
            "last_modified": "Thu May 24 14:25:21 2018"
          }
        ],
        "target_dbs": [
          {
            "source": "/Users/filipov4/meme/db/motif_databases/JASPAR/JASPAR2018_CORE_non-redundant.meme",
            "name": "JASPAR2018 CORE non-redundant",
            "loaded": 1404,
            "excluded": 0,
            "last_modified": "Thu Dec  7 14:38:42 2017"
          }
        ],
        "queries": [
          {
            "db": 0,
            "id": "AAGCAAATRCAATARAAACAAASATAA",
            "alt": "MEME-1",
            "len": 27,
            "nsites": 7,
            "evalue": "2.2e-013",
            "pwm": [
              [0.849097, 0.00301549, 0.00301549, 0.144872], 
              [0.708252, 0.284705, 0.00301549, 0.00402676], 
              [0.144872, 0.00301549, 0.707241, 0.144872], 
              [0.00402676, 0.848086, 0.14386, 0.00402676], 
              [0.989942, 0.00301549, 0.00301549, 0.00402676], 
              [0.849097, 0.00301549, 0.14386, 0.00402676], 
              [0.849097, 0.00301549, 0.14386, 0.00402676], 
              [0.144872, 0.00301549, 0.00301549, 0.849097], 
              [0.426562, 0.00301549, 0.42555, 0.144872], 
              [0.144872, 0.848086, 0.00301549, 0.00402676], 
              [0.989942, 0.00301549, 0.00301549, 0.00402676], 
              [0.989942, 0.00301549, 0.00301549, 0.00402676], 
              [0.144872, 0.00301549, 0.00301549, 0.849097], 
              [0.849097, 0.14386, 0.00301549, 0.00402676], 
              [0.426562, 0.14386, 0.284705, 0.144872], 
              [0.989942, 0.00301549, 0.00301549, 0.00402676], 
              [0.849097, 0.00301549, 0.14386, 0.00402676], 
              [0.849097, 0.00301549, 0.14386, 0.00402676], 
              [0.00402676, 0.848086, 0.14386, 0.00402676], 
              [0.989942, 0.00301549, 0.00301549, 0.00402676], 
              [0.989942, 0.00301549, 0.00301549, 0.00402676], 
              [0.989942, 0.00301549, 0.00301549, 0.00402676], 
              [0.144872, 0.284705, 0.566396, 0.00402676], 
              [0.989942, 0.00301549, 0.00301549, 0.00402676], 
              [0.285717, 0.00301549, 0.00301549, 0.708252], 
              [0.989942, 0.00301549, 0.00301549, 0.00402676], 
              [0.989942, 0.00301549, 0.00301549, 0.00402676]
            ]
          }, {
            "db": 0,
            "id": "AGTTTAATTAAGTCCCAGCTAT",
            "alt": "MEME-2",
            "len": 22,
            "nsites": 5,
            "evalue": "1.4e-004",
            "pwm": [
              [0.78992, 0.00419804, 0.200276, 0.00560588], 
              [0.201684, 0.00419804, 0.788512, 0.00560588], 
              [0.00560588, 0.00419804, 0.00419804, 0.985998], 
              [0.201684, 0.00419804, 0.00419804, 0.78992], 
              [0.201684, 0.00419804, 0.200276, 0.593841], 
              [0.985998, 0.00419804, 0.00419804, 0.00560588], 
              [0.985998, 0.00419804, 0.00419804, 0.00560588], 
              [0.00560588, 0.00419804, 0.00419804, 0.985998], 
              [0.00560588, 0.200276, 0.00419804, 0.78992], 
              [0.78992, 0.00419804, 0.200276, 0.00560588], 
              [0.593841, 0.200276, 0.200276, 0.00560588], 
              [0.00560588, 0.00419804, 0.98459, 0.00560588], 
              [0.00560588, 0.00419804, 0.00419804, 0.985998], 
              [0.00560588, 0.788512, 0.200276, 0.00560588], 
              [0.00560588, 0.98459, 0.00419804, 0.00560588], 
              [0.00560588, 0.98459, 0.00419804, 0.00560588], 
              [0.985998, 0.00419804, 0.00419804, 0.00560588], 
              [0.00560588, 0.00419804, 0.98459, 0.00560588], 
              [0.00560588, 0.788512, 0.200276, 0.00560588], 
              [0.00560588, 0.00419804, 0.00419804, 0.985998], 
              [0.985998, 0.00419804, 0.00419804, 0.00560588], 
              [0.00560588, 0.00419804, 0.00419804, 0.985998]
            ]
          }, {
            "db": 0,
            "id": "GGGWGGGRR",
            "alt": "MEME-7",
            "len": 9,
            "nsites": 18,
            "evalue": "3.6e+001",
            "pwm": [
              [0.00157956, 0.00118287, 0.995658, 0.00157956], 
              [0.00157956, 0.00118287, 0.995658, 0.00157956], 
              [0.00157956, 0.0564319, 0.940409, 0.00157956], 
              [0.443568, 0.00118287, 0.00118287, 0.554066], 
              [0.0568286, 0.0564319, 0.608918, 0.277823], 
              [0.00157956, 0.00118287, 0.995658, 0.00157956], 
              [0.112077, 0.00118287, 0.829912, 0.0568286], 
              [0.277823, 0.00118287, 0.55367, 0.167326], 
              [0.38832, 0.00118287, 0.608918, 0.00157956]
            ]
          }, {
            "db": 0,
            "id": "HRKRAGRTRAMAWBRGARAAA",
            "alt": "MEME-6",
            "len": 21,
            "nsites": 18,
            "evalue": "4.9e-003",
            "pwm": [
              [0.222574, 0.332674, 0.00118287, 0.443568], 
              [0.38832, 0.11168, 0.49842, 0.00157956], 
              [0.0568286, 0.00118287, 0.49842, 0.443568], 
              [0.443568, 0.00118287, 0.443171, 0.112077], 
              [0.940806, 0.0564319, 0.00118287, 0.00157956], 
              [0.00157956, 0.00118287, 0.995658, 0.00157956], 
              [0.554066, 0.00118287, 0.443171, 0.00157956], 
              [0.00157956, 0.11168, 0.277426, 0.609314], 
              [0.664563, 0.00118287, 0.332674, 0.00157956], 
              [0.77506, 0.00118287, 0.222177, 0.00157956], 
              [0.498817, 0.332674, 0.166929, 0.00157956], 
              [0.719811, 0.11168, 0.00118287, 0.167326], 
              [0.277823, 0.00118287, 0.222177, 0.498817], 
              [0.00157956, 0.332674, 0.277426, 0.38832], 
              [0.554066, 0.00118287, 0.443171, 0.00157956], 
              [0.167326, 0.11168, 0.608918, 0.112077], 
              [0.940806, 0.00118287, 0.0564319, 0.00157956], 
              [0.443568, 0.00118287, 0.55367, 0.00157956], 
              [0.664563, 0.00118287, 0.222177, 0.112077], 
              [0.664563, 0.00118287, 0.0564319, 0.277823], 
              [0.664563, 0.166929, 0.11168, 0.0568286]
            ]
          }, {
            "db": 0,
            "id": "SWSGCACGHACACAG",
            "alt": "MEME-5",
            "len": 15,
            "nsites": 8,
            "evalue": "1.2e+000",
            "pwm": [
              [0.00352963, 0.49647, 0.49647, 0.00352963], 
              [0.620814, 0.00264321, 0.00264321, 0.3739], 
              [0.00352963, 0.49647, 0.49647, 0.00352963], 
              [0.250443, 0.00264321, 0.619927, 0.126986], 
              [0.00352963, 0.990298, 0.00264321, 0.00352963], 
              [0.991184, 0.00264321, 0.00264321, 0.00352963], 
              [0.126986, 0.743384, 0.1261, 0.00352963], 
              [0.00352963, 0.00264321, 0.990298, 0.00352963], 
              [0.250443, 0.49647, 0.00264321, 0.250443], 
              [0.867727, 0.00264321, 0.1261, 0.00352963], 
              [0.00352963, 0.990298, 0.00264321, 0.00352963], 
              [0.867727, 0.1261, 0.00264321, 0.00352963], 
              [0.00352963, 0.743384, 0.00264321, 0.250443], 
              [0.991184, 0.00264321, 0.00264321, 0.00352963], 
              [0.00352963, 0.249557, 0.743384, 0.00352963]
            ]
          }, {
            "db": 0,
            "id": "TTGRGTTCTTGGTCATGAAATYCTTGCCTA",
            "alt": "MEME-3",
            "len": 30,
            "nsites": 3,
            "evalue": "1.7e-003",
            "pwm": [
              [0.00922258, 0.00690645, 0.00690645, 0.976965], 
              [0.00922258, 0.00690645, 0.00690645, 0.976965], 
              [0.00922258, 0.00690645, 0.974648, 0.00922258], 
              [0.331803, 0.00690645, 0.652068, 0.00922258], 
              [0.00922258, 0.00690645, 0.974648, 0.00922258], 
              [0.00922258, 0.00690645, 0.00690645, 0.976965], 
              [0.00922258, 0.00690645, 0.00690645, 0.976965], 
              [0.00922258, 0.974648, 0.00690645, 0.00922258], 
              [0.00922258, 0.00690645, 0.00690645, 0.976965], 
              [0.00922258, 0.00690645, 0.00690645, 0.976965], 
              [0.00922258, 0.00690645, 0.974648, 0.00922258], 
              [0.00922258, 0.00690645, 0.974648, 0.00922258], 
              [0.00922258, 0.00690645, 0.00690645, 0.976965], 
              [0.00922258, 0.974648, 0.00690645, 0.00922258], 
              [0.976965, 0.00690645, 0.00690645, 0.00922258], 
              [0.00922258, 0.00690645, 0.00690645, 0.976965], 
              [0.00922258, 0.00690645, 0.974648, 0.00922258], 
              [0.976965, 0.00690645, 0.00690645, 0.00922258], 
              [0.976965, 0.00690645, 0.00690645, 0.00922258], 
              [0.976965, 0.00690645, 0.00690645, 0.00922258], 
              [0.00922258, 0.00690645, 0.00690645, 0.976965], 
              [0.00922258, 0.652068, 0.00690645, 0.331803], 
              [0.00922258, 0.974648, 0.00690645, 0.00922258], 
              [0.00922258, 0.00690645, 0.00690645, 0.976965], 
              [0.00922258, 0.00690645, 0.00690645, 0.976965], 
              [0.00922258, 0.00690645, 0.974648, 0.00922258], 
              [0.00922258, 0.974648, 0.00690645, 0.00922258], 
              [0.00922258, 0.974648, 0.00690645, 0.00922258], 
              [0.00922258, 0.00690645, 0.00690645, 0.976965], 
              [0.976965, 0.00690645, 0.00690645, 0.00922258]
            ]
          }, {
            "db": 0,
            "id": "YTTGCRYGRCAAARGKAASAG",
            "alt": "MEME-4",
            "len": 21,
            "nsites": 6,
            "evalue": "1.7e-002",
            "pwm": [
              [0.00468688, 0.331378, 0.00350984, 0.660425], 
              [0.00468688, 0.167445, 0.00350984, 0.824359], 
              [0.00468688, 0.00350984, 0.00350984, 0.988293], 
              [0.00468688, 0.00350984, 0.987116, 0.00468688], 
              [0.00468688, 0.987116, 0.00350984, 0.00468688], 
              [0.660425, 0.00350984, 0.331378, 0.00468688], 
              [0.00468688, 0.331378, 0.00350984, 0.660425], 
              [0.00468688, 0.00350984, 0.987116, 0.00468688], 
              [0.49649, 0.167445, 0.331378, 0.00468688], 
              [0.00468688, 0.823182, 0.167445, 0.00468688], 
              [0.824359, 0.00350984, 0.167445, 0.00468688], 
              [0.660425, 0.167445, 0.167445, 0.00468688], 
              [0.824359, 0.00350984, 0.167445, 0.00468688], 
              [0.49649, 0.00350984, 0.495313, 0.00468688], 
              [0.00468688, 0.167445, 0.823182, 0.00468688], 
              [0.00468688, 0.167445, 0.495313, 0.332555], 
              [0.988293, 0.00350984, 0.00350984, 0.00468688], 
              [0.988293, 0.00350984, 0.00350984, 0.00468688], 
              [0.00468688, 0.659248, 0.331378, 0.00468688], 
              [0.988293, 0.00350984, 0.00350984, 0.00468688], 
              [0.00468688, 0.167445, 0.823182, 0.00468688]
            ]
          }
        ],
        "targets": [
          {
            "db": 0,
            "id": "MA0006.1",
            "alt": "Ahr::Arnt",
            "len": 6,
            "nsites": 24,
            "url": "http://jaspar2018.genereg.net/matrix/MA0006.1",
            "pwm": [
              [0.125668, 0.332838, 0.0838756, 0.457618], 
              [0.00118631, 0.000888382, 0.955245, 0.0426804], 
              [0.00118631, 0.955245, 0.000888382, 0.0426804], 
              [0.00118631, 0.000888382, 0.955245, 0.0426804], 
              [0.00118631, 0.000888382, 0.000888382, 0.997037], 
              [0.00118631, 0.000888382, 0.996739, 0.00118631]
            ]
          }, {
            "db": 0,
            "id": "MA0094.2",
            "alt": "Ubx",
            "len": 8,
            "nsites": 20,
            "url": "http://jaspar2018.genereg.net/matrix/MA0094.2",
            "pwm": [
              [0.150676, 0.249821, 0.150319, 0.449184], 
              [0.00142239, 0.00106517, 0.00106517, 0.996447], 
              [0.00142239, 0.00106517, 0.00106517, 0.996447], 
              [0.847194, 0.00106517, 0.00106517, 0.150676], 
              [0.996447, 0.00106517, 0.00106517, 0.00142239], 
              [0.00142239, 0.00106517, 0.00106517, 0.996447], 
              [0.00142239, 0.00106517, 0.299573, 0.69794], 
              [0.69794, 0.00106517, 0.299573, 0.00142239]
            ]
          }, {
            "db": 0,
            "id": "MA0142.1",
            "alt": "Pou5f1::Sox2",
            "len": 15,
            "nsites": 1364,
            "url": "http://jaspar2018.genereg.net/matrix/MA0142.1",
            "pwm": [
              [0.0462056, 0.620205, 0.0483991, 0.285191], 
              [0.423855, 0.0424726, 0.0205122, 0.51316], 
              [0.00806737, 0.036589, 0.0263488, 0.928995], 
              [0.0343504, 0.00878105, 0.0577175, 0.899151], 
              [0.0862086, 0.265153, 0.602602, 0.0460366], 
              [0.30314, 0.0131627, 0.0211971, 0.662499], 
              [0.150485, 0.266614, 0.135872, 0.44703], 
              [0.902073, 0.0219281, 0.0175454, 0.0584537], 
              [0.012438, 0.00366743, 0.0109719, 0.972923], 
              [0.00732542, 0.0117018, 0.904989, 0.0759834], 
              [0.0102542, 0.752154, 0.0943068, 0.143285], 
              [0.769196, 0.0117368, 0.0219921, 0.197077], 
              [0.651221, 0.049939, 0.231277, 0.067564], 
              [0.881661, 0.0242609, 0.0551187, 0.0389601], 
              [0.145491, 0.0874453, 0.152099, 0.614965]
            ]
          }, {
            "db": 0,
            "id": "MA0277.1",
            "alt": "AZF1",
            "len": 9,
            "nsites": 102,
            "url": "http://jaspar2018.genereg.net/matrix/MA0277.1",
            "pwm": [
              [0.617322, 0.127536, 0.127536, 0.127606], 
              [0.999301, 0.000209696, 0.000209696, 0.00028002], 
              [0.999301, 0.000209696, 0.000209696, 0.00028002], 
              [0.870714, 0.128797, 0.000209696, 0.00028002], 
              [0.749545, 0.000209696, 0.249965, 0.00028002], 
              [0.00028002, 0.000209696, 0.99923, 0.00028002], 
              [0.779516, 0.160053, 0.0301803, 0.0302506], 
              [0.817661, 0.0607563, 0.0607563, 0.0608267], 
              [0.617322, 0.127536, 0.127536, 0.127606]
            ]
          }, {
            "db": 0,
            "id": "MA0296.1",
            "alt": "FKH1",
            "len": 20,
            "nsites": 997,
            "url": "http://jaspar2018.genereg.net/matrix/MA0296.1",
            "pwm": [
              [0.177544, 0.287857, 0.207624, 0.326977], 
              [0.247499, 0.192387, 0.334657, 0.225457], 
              [0.520497, 0.084097, 0.0981096, 0.297296], 
              [0.52703, 0.0761658, 0.129268, 0.267537], 
              [0.365357, 0.0730871, 0.150156, 0.411398], 
              [0.119255, 0.1463, 0.133275, 0.60117], 
              [0.146307, 0.00402907, 0.848633, 0.00103057], 
              [0.00704897, 0.00303017, 2.14723e-05, 0.989899], 
              [0.961818, 0.0371288, 2.14723e-05, 0.00103157], 
              [0.978888, 0.0110424, 0.00102337, 0.00904577], 
              [0.991913, 0.00102337, 0.00202527, 0.00503817], 
              [0.00103057, 0.926783, 0.00102337, 0.0711635], 
              [0.991913, 0.00102337, 0.00302717, 0.00403627], 
              [0.875693, 0.0390956, 0.0160519, 0.0691597], 
              [0.672306, 0.0491145, 0.0701544, 0.208425], 
              [0.248501, 0.191385, 0.407797, 0.152318], 
              [0.37474, 0.158323, 0.296585, 0.170353], 
              [0.284569, 0.184372, 0.330649, 0.20041], 
              [0.205419, 0.116242, 0.452882, 0.225457], 
              [0.42183, 0.192387, 0.248494, 0.13729]
            ]
          }, {
            "db": 0,
            "id": "MA0433.1",
            "alt": "YOX1",
            "len": 8,
            "nsites": 99,
            "url": "http://jaspar2018.genereg.net/matrix/MA0433.1",
            "pwm": [
              [0.0103793, 0.252486, 0.0708517, 0.666283], 
              [0.000288496, 0.000216044, 0.000216044, 0.999279], 
              [0.999279, 0.000216044, 0.000216044, 0.000288496], 
              [0.999279, 0.000216044, 0.000216044, 0.000288496], 
              [0.000288496, 0.000216044, 0.000216044, 0.999279], 
              [0.000288496, 0.000216044, 0.000216044, 0.999279], 
              [0.61353, 0.0298891, 0.148581, 0.208], 
              [0.545193, 0.131397, 0.131397, 0.192014]
            ]
          }, {
            "db": 0,
            "id": "MA0514.1",
            "alt": "Sox3",
            "len": 10,
            "nsites": 2067,
            "url": "http://jaspar2018.genereg.net/matrix/MA0514.1",
            "pwm": [
              [1.3831e-05, 0.719376, 0.159655, 0.120956], 
              [1.3831e-05, 0.750821, 1.03575e-05, 0.249155], 
              [0.126762, 1.03575e-05, 1.03575e-05, 0.873218], 
              [1.3831e-05, 1.03575e-05, 1.03575e-05, 0.999965], 
              [1.3831e-05, 1.03575e-05, 1.03575e-05, 0.999965], 
              [1.3831e-05, 0.069673, 0.930299, 1.3831e-05], 
              [1.3831e-05, 1.03575e-05, 1.03575e-05, 0.999965], 
              [1.3831e-05, 0.337681, 0.122887, 0.539417], 
              [0.00920539, 0.412665, 0.0106528, 0.567475], 
              [0.0203318, 0.316396, 0.18481, 0.478462]
            ]
          }, {
            "db": 0,
            "id": "MA0516.1",
            "alt": "SP2",
            "len": 15,
            "nsites": 1686,
            "url": "http://jaspar2018.genereg.net/matrix/MA0516.1",
            "pwm": [
              [0.0949103, 0.150063, 0.609704, 0.145322], 
              [0.0231476, 0.481004, 0.152436, 0.343413], 
              [0.0308571, 0.822028, 0.000605663, 0.146509], 
              [1.69563e-05, 0.995802, 0.00416445, 1.69563e-05], 
              [1.69563e-05, 0.974451, 1.26979e-05, 0.0255194], 
              [0.103214, 1.26979e-05, 0.759161, 0.137613], 
              [1.69563e-05, 0.999953, 1.26979e-05, 1.69563e-05], 
              [1.69563e-05, 0.98216, 1.26979e-05, 0.0178099], 
              [1.69563e-05, 0.657151, 1.26979e-05, 0.34282], 
              [0.122193, 0.709342, 1.26979e-05, 0.168453], 
              [0.0682219, 0.575898, 0.0587282, 0.297152], 
              [0.110923, 0.328581, 0.192765, 0.367729], 
              [0.134054, 0.425254, 0.23784, 0.202852], 
              [0.13524, 0.470922, 0.241991, 0.151847], 
              [0.120413, 0.44186, 0.250295, 0.187432]
            ]
          }, {
            "db": 0,
            "id": "MA0538.1",
            "alt": "daf-12",
            "len": 15,
            "nsites": 156,
            "url": "http://jaspar2018.genereg.net/matrix/MA0538.1",
            "pwm": [
              [0.141119, 0.12826, 0.724032, 0.00658905], 
              [0.45502, 0.000137156, 0.0834168, 0.461425], 
              [0.211586, 0.000137156, 0.788094, 0.000183152], 
              [0.147525, 0.333257, 0.0385745, 0.480644], 
              [0.000183152, 0.000137156, 0.999497, 0.000183152], 
              [0.000183152, 0.333257, 0.000137156, 0.666423], 
              [0.000183152, 0.000137156, 0.999497, 0.000183152], 
              [0.0962756, 0.16029, 0.0898237, 0.65361], 
              [0.000183152, 0.12826, 0.621534, 0.250023], 
              [0.00658905, 0.000137156, 0.000137156, 0.993137], 
              [0.000183152, 0.00654305, 0.986684, 0.00658905], 
              [0.000183152, 0.506223, 0.102635, 0.390959], 
              [0.20518, 0.000137156, 0.538254, 0.256429], 
              [0.109087, 0.12826, 0.179509, 0.583142], 
              [0.109087, 0.275602, 0.358881, 0.256429]
            ]
          }, {
            "db": 0,
            "id": "MA0555.1",
            "alt": "SVP",
            "len": 20,
            "nsites": 92,
            "url": "http://jaspar2018.genereg.net/matrix/MA0555.1",
            "pwm": [
              [0.304328, 0.260819, 0.228246, 0.206608], 
              [0.304328, 0.119668, 0.087095, 0.488909], 
              [0.304328, 0.0110907, 0.10881, 0.575772], 
              [0.358617, 0.173957, 0.119668, 0.347759], 
              [0.0763148, 0.923142, 0.000232465, 0.000310423], 
              [0.032884, 0.857996, 0.0110907, 0.0980302], 
              [0.630061, 0.173957, 0.0762369, 0.119746], 
              [0.727781, 0.0545215, 0.087095, 0.130604], 
              [0.934078, 0.000232465, 0.000232465, 0.0654566], 
              [0.836359, 0.0110907, 0.0219479, 0.130604], 
              [0.847216, 0.087095, 0.0328061, 0.032884], 
              [0.369474, 0.10881, 0.152241, 0.369474], 
              [0.174035, 0.000232465, 0.803707, 0.0220258], 
              [0.000310423, 0.000232465, 0.999147, 0.000310423], 
              [0.771211, 0.10881, 0.000232465, 0.119746], 
              [0.912362, 0.0219479, 0.0219479, 0.0437412], 
              [0.836359, 0.0762369, 0.0219479, 0.0654566], 
              [0.369474, 0.087095, 0.423685, 0.119746], 
              [0.543198, 0.173957, 0.0545215, 0.228324], 
              [0.412905, 0.228246, 0.0328061, 0.326043]
            ]
          }, {
            "db": 0,
            "id": "MA0558.1",
            "alt": "FLC",
            "len": 21,
            "nsites": 275,
            "url": "http://jaspar2018.genereg.net/matrix/MA0558.1",
            "pwm": [
              [0.439944, 0.16002, 0.163654, 0.236382], 
              [0.327258, 0.221815, 0.229086, 0.221841], 
              [0.345433, 0.134574, 0.0764141, 0.443579], 
              [0.298178, 0.0945885, 0.130939, 0.476295], 
              [0.283637, 0.0909538, 0.239991, 0.385419], 
              [0.196397, 0.701641, 0.043698, 0.0582648], 
              [0.032819, 0.67256, 0.0146175, 0.280002], 
              [0.490834, 0.25453, 0.134574, 0.12006], 
              [0.719842, 0.0364286, 0.13821, 0.105521], 
              [0.94885, 7.78263e-05, 0.0109829, 0.0400894], 
              [0.847069, 0.0109829, 0.0109829, 0.130965], 
              [0.701667, 0.0109829, 0.065509, 0.221841], 
              [0.283637, 0.0400633, 0.054603, 0.621696], 
              [0.512645, 7.78263e-05, 0.487174, 0.000103926], 
              [0.000103926, 7.78263e-05, 0.999714, 0.000103926], 
              [0.788908, 0.0764141, 0.0218879, 0.11279], 
              [0.974295, 0.0109829, 0.0146175, 0.000103926], 
              [0.934309, 0.0037125, 0.054603, 0.00737428], 
              [0.225477, 0.156385, 0.538064, 0.0800748], 
              [0.396324, 0.170925, 0.0618734, 0.370878], 
              [0.374513, 0.18183, 0.105494, 0.338163]
            ]
          }, {
            "db": 0,
            "id": "MA0599.1",
            "alt": "KLF5",
            "len": 10,
            "nsites": 13611,
            "url": "http://jaspar2018.genereg.net/matrix/MA0599.1",
            "pwm": [
              [0.10499, 0.14863, 0.556312, 0.190068], 
              [2.10049e-06, 0.874288, 1.57298e-06, 0.125708], 
              [2.10049e-06, 0.882223, 1.57298e-06, 0.117773], 
              [0.255455, 0.70303, 1.57298e-06, 0.0415128], 
              [2.10049e-06, 0.999994, 1.57298e-06, 2.10049e-06], 
              [0.371096, 1.57298e-06, 0.38072, 0.248182], 
              [2.10049e-06, 0.999994, 1.57298e-06, 2.10049e-06], 
              [2.10049e-06, 0.999994, 1.57298e-06, 2.10049e-06], 
              [2.10049e-06, 0.965022, 1.57298e-06, 0.0349738], 
              [0.287635, 0.411064, 1.57298e-06, 0.3013]
            ]
          }, {
            "db": 0,
            "id": "MA0702.1",
            "alt": "LMX1A",
            "len": 8,
            "nsites": 6116,
            "url": "http://jaspar2018.genereg.net/matrix/MA0702.1",
            "pwm": [
              [0.13048, 0.231687, 0.197515, 0.440317], 
              [0.0719575, 0.165728, 0.0126293, 0.749686], 
              [0.834826, 0.0511907, 0.0592435, 0.0547408], 
              [0.968937, 0.00681539, 0.00523142, 0.0190154], 
              [0.0270822, 0.00986434, 0.00579441, 0.957259], 
              [0.121116, 0.0489767, 0.0599295, 0.769978], 
              [0.814263, 0.0163792, 0.116897, 0.0524598], 
              [0.547323, 0.137487, 0.221187, 0.0940031]
            ]
          }, {
            "db": 0,
            "id": "MA0703.1",
            "alt": "LMX1B",
            "len": 8,
            "nsites": 4100,
            "url": "http://jaspar2018.genereg.net/matrix/MA0703.1",
            "pwm": [
              [0.211222, 0.235365, 0.239511, 0.313901], 
              [0.111739, 0.294214, 0.0349604, 0.559086], 
              [0.791076, 0.0590318, 0.0634687, 0.0864249], 
              [0.935005, 0.0136849, 0.00980898, 0.041502], 
              [0.0702353, 0.00246516, 0.01007, 0.917229], 
              [0.214914, 0.0653216, 0.0664366, 0.653329], 
              [0.871797, 0.0199877, 0.00425712, 0.103958], 
              [0.513165, 0.161464, 0.197317, 0.128053]
            ]
          }, {
            "db": 0,
            "id": "MA1125.1",
            "alt": "ZNF384",
            "len": 12,
            "nsites": 30433,
            "url": "http://jaspar2018.genereg.net/matrix/MA1125.1",
            "pwm": [
              [0.310847, 0.162488, 0.185654, 0.341011], 
              [0.299543, 0.230835, 0.168666, 0.300956], 
              [0.312884, 0.113561, 0.153715, 0.41984], 
              [0.431275, 0.252719, 0.155128, 0.160878], 
              [0.997402, 0.000230703, 0.000427702, 0.00193993], 
              [0.992046, 0.0011507, 0.000624701, 0.00617892], 
              [0.988136, 0.000690701, 0.000854701, 0.0103189], 
              [0.994051, 0.000427702, 0.000493702, 0.00502792], 
              [0.992408, 0.000854701, 0.000460702, 0.00627692], 
              [0.999111, 0.000197703, 7.03511e-07, 0.000690937], 
              [0.667761, 0.0955544, 0.0909214, 0.145763], 
              [0.621561, 0.13022, 0.0952264, 0.152992]
            ]
          }, {
            "db": 0,
            "id": "MA1159.1",
            "alt": "SGR5",
            "len": 15,
            "nsites": 600,
            "url": "http://jaspar2018.genereg.net/matrix/MA1159.1",
            "pwm": [
              [0.488299, 0.210001, 0.0666916, 0.235008], 
              [0.571619, 0.0950198, 0.266658, 0.0667035], 
              [0.56662, 0.0800223, 0.193336, 0.160021], 
              [0.721594, 3.56774e-05, 0.0733565, 0.205013], 
              [0.516629, 0.0266982, 0.0450282, 0.411646], 
              [0.809913, 0.0366966, 0.153343, 4.7642e-05], 
              [0.886567, 0.00670157, 0.0366966, 0.070036], 
              [0.0550385, 3.56774e-05, 0.943211, 0.00171436], 
              [0.984884, 0.010034, 3.56774e-05, 0.00504681], 
              [4.7642e-05, 0.998202, 0.0017024, 4.7642e-05], 
              [0.98655, 0.0017024, 0.0117007, 4.7642e-05], 
              [0.996549, 0.0017024, 3.56774e-05, 0.00171436], 
              [0.933225, 0.0166999, 0.0183656, 0.0317094], 
              [0.713262, 0.0566932, 0.0350298, 0.195015], 
              [0.474968, 0.138346, 0.0716907, 0.314995]
            ]
          }, {
            "db": 0,
            "id": "MA1267.1",
            "alt": "AT5G66940",
            "len": 29,
            "nsites": 597,
            "url": "http://jaspar2018.genereg.net/matrix/MA1267.1",
            "pwm": [
              [0.252937, 0.194308, 0.120619, 0.432137], 
              [0.231165, 0.229478, 0.103871, 0.435486], 
              [0.221117, 0.159138, 0.155789, 0.463957], 
              [0.152451, 0.221105, 0.0820991, 0.544346], 
              [0.175897, 0.237852, 0.0703761, 0.515874], 
              [0.140728, 0.174211, 0.0687014, 0.61636], 
              [0.170873, 0.190959, 0.0553026, 0.582865], 
              [0.244563, 0.199332, 0.0620025, 0.494102], 
              [0.224466, 0.249575, 0.103871, 0.422088], 
              [0.179247, 0.308192, 0.0536279, 0.458932], 
              [0.107233, 0.232828, 0.0435796, 0.61636], 
              [0.149102, 0.0653519, 0.0536279, 0.731918], 
              [0.120631, 0.0737255, 0.058652, 0.746992], 
              [0.0335433, 0.194308, 0.0419048, 0.730244], 
              [0.189296, 0.175885, 0.0452543, 0.589564], 
              [0.485729, 0.132342, 0.179235, 0.202694], 
              [0.0017226, 0.979771, 0.0167831, 0.0017226], 
              [0.0017226, 0.035206, 0.00171058, 0.961361], 
              [4.78814e-05, 3.58567e-05, 3.58567e-05, 0.99988], 
              [4.78814e-05, 0.00171058, 3.58567e-05, 0.998206], 
              [0.175897, 0.0368807, 0.00171058, 0.785511], 
              [0.0955089, 0.130667, 0.144066, 0.629758], 
              [0.204369, 0.231153, 0.201007, 0.363471], 
              [0.236189, 0.237852, 0.172536, 0.353423], 
              [0.222792, 0.180911, 0.102197, 0.494102], 
              [0.207718, 0.199332, 0.115595, 0.477355], 
              [0.180923, 0.179235, 0.135691, 0.504151], 
              [0.246238, 0.174211, 0.0904727, 0.489078], 
              [0.304855, 0.137366, 0.0837738, 0.474005]
            ]
          }, {
            "db": 0,
            "id": "MA1268.1",
            "alt": "AT1G69570",
            "len": 27,
            "nsites": 596,
            "url": "http://jaspar2018.genereg.net/matrix/MA1268.1",
            "pwm": [
              [0.21981, 0.201344, 0.0956579, 0.483188], 
              [0.231553, 0.142629, 0.104045, 0.521772], 
              [0.152707, 0.0855916, 0.137597, 0.624104], 
              [0.125866, 0.0704941, 0.189601, 0.614039], 
              [0.114123, 0.441237, 0.0369427, 0.407698], 
              [0.583843, 0.120821, 0.135919, 0.159417], 
              [4.79617e-05, 0.999868, 3.59168e-05, 4.79617e-05], 
              [4.79617e-05, 0.0402972, 3.59168e-05, 0.959619], 
              [4.79617e-05, 0.00674579, 3.59168e-05, 0.99317], 
              [4.79617e-05, 3.59168e-05, 3.59168e-05, 0.99988], 
              [0.149352, 0.035265, 0.0134567, 0.801926], 
              [0.134253, 0.172826, 0.10069, 0.592231], 
              [0.16445, 0.419429, 0.0990123, 0.317109], 
              [0.134253, 0.253349, 0.0503635, 0.562035], 
              [0.10909, 0.134241, 0.035265, 0.721404], 
              [0.110767, 0.104045, 0.0419749, 0.743212], 
              [0.140964, 0.10069, 0.0570733, 0.701272], 
              [0.162773, 0.182891, 0.0604288, 0.593908], 
              [0.130898, 0.238251, 0.10069, 0.53016], 
              [0.191291, 0.184569, 0.0855916, 0.538549], 
              [0.12251, 0.167793, 0.114111, 0.595586], 
              [0.134253, 0.137597, 0.0939802, 0.63417], 
              [0.166127, 0.127532, 0.0872693, 0.619072], 
              [0.203034, 0.166115, 0.0990123, 0.531838], 
              [0.191291, 0.14934, 0.135919, 0.52345], 
              [0.224842, 0.164438, 0.122498, 0.488221], 
              [0.256716, 0.2047, 0.0805594, 0.458025]
            ]
          }, {
            "db": 0,
            "id": "MA1272.1",
            "alt": "AT2G28810",
            "len": 21,
            "nsites": 600,
            "url": "http://jaspar2018.genereg.net/matrix/MA1272.1",
            "pwm": [
              [0.173352, 0.186672, 0.116683, 0.523293], 
              [0.175018, 0.215, 0.101686, 0.508296], 
              [0.198348, 0.289987, 0.0833548, 0.428309], 
              [0.145023, 0.213333, 0.058359, 0.583283], 
              [0.161688, 0.188337, 0.0650248, 0.58495], 
              [0.166687, 0.171674, 0.0650248, 0.596615], 
              [0.193348, 0.206668, 0.120016, 0.479968], 
              [0.188349, 0.183338, 0.100019, 0.528293], 
              [0.141691, 0.211667, 0.0716907, 0.574952], 
              [0.18335, 0.110017, 0.0966866, 0.609946], 
              [0.138358, 0.110017, 0.103351, 0.648273], 
              [0.0500393, 0.219999, 0.0316974, 0.698264], 
              [0.319994, 0.158342, 0.070024, 0.451639], 
              [0.449973, 0.183338, 0.213333, 0.153355], 
              [4.7642e-05, 0.999869, 3.56774e-05, 4.7642e-05], 
              [4.7642e-05, 3.56774e-05, 3.56774e-05, 0.999881], 
              [4.7642e-05, 3.56774e-05, 3.56774e-05, 0.999881], 
              [4.7642e-05, 3.56774e-05, 3.56774e-05, 0.999881], 
              [0.216679, 0.0250315, 3.56774e-05, 0.758254], 
              [0.0983643, 0.0750232, 0.110017, 0.716595], 
              [0.148356, 0.261659, 0.251661, 0.338324]
            ]
          }, {
            "db": 0,
            "id": "MA1274.1",
            "alt": "OBP3",
            "len": 21,
            "nsites": 600,
            "url": "http://jaspar2018.genereg.net/matrix/MA1274.1",
            "pwm": [
              [0.0950318, 0.171674, 0.151677, 0.581618], 
              [0.100031, 0.171674, 0.00336812, 0.724927], 
              [0.218344, 0.153343, 0.070024, 0.558288], 
              [0.488299, 0.111684, 0.120016, 0.280001], 
              [0.00171436, 0.924882, 0.00336812, 0.070036], 
              [0.00171436, 0.0383623, 3.56774e-05, 0.959888], 
              [4.7642e-05, 0.0200323, 3.56774e-05, 0.979884], 
              [0.00171436, 0.0017024, 3.56774e-05, 0.996549], 
              [0.143357, 0.0350298, 0.00336812, 0.818244], 
              [0.120028, 0.168341, 0.058359, 0.653272], 
              [0.228343, 0.258326, 0.141679, 0.371653], 
              [0.245007, 0.249994, 0.0533598, 0.451639], 
              [0.10503, 0.269991, 0.088354, 0.536625], 
              [0.103363, 0.163341, 0.058359, 0.674935], 
              [0.103363, 0.143345, 0.00670157, 0.74659], 
              [0.10503, 0.208334, 0.0017024, 0.684933], 
              [0.163353, 0.0983523, 0.0866882, 0.651606], 
              [0.131693, 0.206668, 0.101686, 0.559954], 
              [0.106697, 0.183338, 0.110017, 0.599948], 
              [0.191683, 0.17334, 0.0733565, 0.561621], 
              [0.203347, 0.140012, 0.100019, 0.556622]
            ]
          }, {
            "db": 0,
            "id": "MA1277.1",
            "alt": "Adof1",
            "len": 21,
            "nsites": 595,
            "url": "http://jaspar2018.genereg.net/matrix/MA1277.1",
            "pwm": [
              [0.465516, 0.157992, 0.163034, 0.213457], 
              [0.522649, 0.119344, 0.178157, 0.17985], 
              [0.556258, 0.0840559, 0.196642, 0.163046], 
              [0.531051, 0.127746, 0.178157, 0.163046], 
              [0.460475, 0.114303, 0.205044, 0.220179], 
              [0.275632, 0.23361, 0.339475, 0.151284], 
              [0.652039, 0.0806944, 0.181518, 0.0857476], 
              [0.783109, 3.59772e-05, 0.00507713, 0.211777], 
              [0.99988, 3.59772e-05, 3.59772e-05, 4.80423e-05], 
              [0.99988, 3.59772e-05, 3.59772e-05, 4.80423e-05], 
              [0.966273, 3.59772e-05, 0.0336433, 4.80423e-05], 
              [4.80423e-05, 3.59772e-05, 0.999868, 4.80423e-05], 
              [0.161366, 0.18992, 0.157992, 0.490722], 
              [0.623472, 0.0302829, 0.151272, 0.194973], 
              [0.574741, 0.0437256, 0.297465, 0.0840679], 
              [0.640276, 0.0874163, 0.139509, 0.132799], 
              [0.547855, 0.115982, 0.110941, 0.22522], 
              [0.492402, 0.0857356, 0.226889, 0.194973], 
              [0.484001, 0.146229, 0.220167, 0.149603], 
              [0.447032, 0.131106, 0.159673, 0.262189], 
              [0.458795, 0.10422, 0.253775, 0.18321]
            ]
          }, {
            "db": 0,
            "id": "MA1278.1",
            "alt": "OBP1",
            "len": 21,
            "nsites": 600,
            "url": "http://jaspar2018.genereg.net/matrix/MA1278.1",
            "pwm": [
              [0.241674, 0.226665, 0.133346, 0.398314], 
              [0.216679, 0.228331, 0.17334, 0.381651], 
              [0.153355, 0.281656, 0.13668, 0.428309], 
              [0.185017, 0.323315, 0.0950198, 0.396649], 
              [0.133358, 0.254993, 0.070024, 0.541624], 
              [0.135025, 0.178339, 0.103351, 0.583283], 
              [0.145023, 0.273323, 0.0566932, 0.52496], 
              [0.170019, 0.224998, 0.123348, 0.481634], 
              [0.176685, 0.198336, 0.103351, 0.521628], 
              [0.151689, 0.236663, 0.0850215, 0.526627], 
              [0.188349, 0.111684, 0.116683, 0.583283], 
              [0.111696, 0.138346, 0.115017, 0.634942], 
              [0.0783676, 0.281656, 0.028364, 0.611613], 
              [0.268336, 0.15501, 0.0716907, 0.504963], 
              [0.339991, 0.243328, 0.261659, 0.155022], 
              [4.7642e-05, 0.999869, 3.56774e-05, 4.7642e-05], 
              [4.7642e-05, 0.0233648, 3.56774e-05, 0.976552], 
              [4.7642e-05, 0.0117007, 3.56774e-05, 0.988216], 
              [4.7642e-05, 3.56774e-05, 3.56774e-05, 0.999881], 
              [0.241674, 0.0483606, 3.56774e-05, 0.709929], 
              [0.0983643, 0.175007, 0.17334, 0.553288]
            ]
          }, {
            "db": 0,
            "id": "MA1281.1",
            "alt": "AT5G02460",
            "len": 21,
            "nsites": 515,
