<!DOCTYPE HTML>
<html>
  <head>
    <meta charset="UTF-8">
    <title>SpaMo - Spaced Motif Analysis</title>
    <script type="text/javascript">
      //@JSON_VAR data
      var data = {"program":"SpaMo","version":"4.12.0","revision":"aacc9c3eb8c7b460b344d5c8aa1458097dae704d","release":"Tue Jun 27 16:22:50 2017 -0700","host":"Sudins-iMac.local","when":"Thu May 24 13:19:17 2018","cmd":["spamo","-verbosity","1","-oc","results/AHRpeaks_noAHREs.bed-499.fa/jaspar/spamo_out_8","-bgfile","results/AHRpeaks_noAHREs.bed-499.fa/jaspar/background","-primary","CASGW","results/AHRpeaks_noAHREs.bed-499.fa/jaspar/AHRpeaks_noAHREs.bed-499.fa","results/AHRpeaks_noAHREs.bed-499.fa/jaspar/dreme_out/dreme.xml","results/AHRpeaks_noAHREs.bed-499.fa/jaspar/meme_out/meme.xml","results/AHRpeaks_noAHREs.bed-499.fa/jaspar/dreme_out/dreme.xml","/Users/filipov4/meme/db/motif_databases/JASPAR/JASPAR2018_CORE_non-redundant.meme"],"options":{"seq_min_hit_score":7,"margin":150,"bin_size":1,"bin_pvalue_calc_range":150,"use_best_secondary":0,"seq_max_shared_fract":0.5,"seq_odds_ratio":20,"bin_pvalue_cutoff":0.05,"motif_evalue_cutoff":10,"redundant_overlap":2,"redundant_joint":0.5,"motif_pseudocount":0.1,"bgfile":"results/AHRpeaks_noAHREs.bed-499.fa/jaspar/background","motif_trim":0.25,"xalph":0,"seed":1,"bin_max":9},"alphabet":{"name":"DNA","like":"dna","ncore":4,"symbols":[{"symbol":"A","name":"Adenine","colour":"CC0000","complement":"T"},{"symbol":"C","name":"Cytosine","colour":"0000CC","complement":"G"},{"symbol":"G","name":"Guanine","colour":"FFB300","complement":"C"},{"symbol":"T","aliases":"U","name":"Thymine","colour":"008000","complement":"A"},{"symbol":"N","aliases":"X.","name":"Any base","equals":"ACGT"},{"symbol":"V","name":"Not T","equals":"ACG"},{"symbol":"H","name":"Not G","equals":"ACT"},{"symbol":"D","name":"Not C","equals":"AGT"},{"symbol":"B","name":"Not A","equals":"CGT"},{"symbol":"M","name":"Amino","equals":"AC"},{"symbol":"R","name":"Purine","equals":"AG"},{"symbol":"W","name":"Weak","equals":"AT"},{"symbol":"S","name":"Strong","equals":"CG"},{"symbol":"Y","name":"Pyrimidine","equals":"CT"},{"symbol":"K","name":"Keto","equals":"GT"}]},"background":[0.2918,0.2082,0.2082,0.2918],"sequence_dbs":[{"source":"results/AHRpeaks_noAHREs.bed-499.fa/jaspar/AHRpeaks_noAHREs.bed-499.fa","name":"AHRpeaks_noAHREs.bed-499","last_modified":"Thu May 24 11:14:35 2018","loaded":959,"excluded_too_short":0,"excluded_no_match":249,"excluded_ambigs":0,"excluded_similar":7,"erased_primary_matches":1143}],"primary_dbs":[{"source":"results/AHRpeaks_noAHREs.bed-499.fa/jaspar/dreme_out/dreme.xml","name":"dreme.xml","last_modified":"Thu May 24 13:17:23 2018","loaded":3,"excluded":2}],"secondary_dbs":[{"source":"results/AHRpeaks_noAHREs.bed-499.fa/jaspar/meme_out/meme.xml","name":"meme.xml","last_modified":"Thu May 24 13:16:56 2018","loaded":7,"excluded":0},{"source":"results/AHRpeaks_noAHREs.bed-499.fa/jaspar/dreme_out/dreme.xml","name":"dreme.xml","last_modified":"Thu May 24 13:17:23 2018","loaded":4,"excluded":1},{"source":"/Users/filipov4/meme/db/motif_databases/JASPAR/JASPAR2018_CORE_non-redundant.meme","name":"JASPAR2018_CORE_non-redundant","last_modified":"Thu Dec  7 14:38:42 2017","loaded":1404,"excluded":0}],"secondary_motifs":[{"db":0,"id":"KTWTYTTTGTTKTTATYKYATTKRVTTTTK","alt":"MEME-1","len":30,"ltrim":0,"rtrim":0,"nsites":22,"evalue":"5.1e-044","pwm":[[0.182316,0.000942082,0.317684,0.499058],[0.137067,0.000942082,0.0461914,0.8158],[0.634805,0.000942082,0.0461914,0.318063],[0.00132036,0.0461914,0.000942082,0.951546],[0.0465697,0.589177,0.000942082,0.363311],[0.00132036,0.000942082,0.000942082,0.996795],[0.0465697,0.272435,0.000942082,0.680053],[0.00132036,0.0914397,0.0461914,0.861049],[0.137067,0.136689,0.589177,0.137067],[0.318063,0.000942082,0.000942082,0.680053],[0.00132036,0.000942082,0.0914397,0.906298],[0.00132036,0.000942082,0.408182,0.589556],[0.00132036,0.136689,0.0914397,0.770551],[0.00132036,0.000942082,0.000942082,0.996795],[0.8158,0.000942082,0.136689,0.0465697],[0.091818,0.000942082,0.000942082,0.906298],[0.00132036,0.45343,0.000942082,0.544307],[0.00132036,0.0461914,0.408182,0.544307],[0.091818,0.317684,0.000942082,0.589556],[0.725303,0.227187,0.0461914,0.00132036],[0.0465697,0.0461914,0.0461914,0.861049],[0.227565,0.000942082,0.136689,0.634805],[0.00132036,0.0461914,0.362933,0.589556],[0.363311,0.000942082,0.45343,0.182316],[0.363311,0.408182,0.227187,0.00132036],[0.0465697,0.0914397,0.000942082,0.861049],[0.00132036,0.0914397,0.000942082,0.906298],[0.0465697,0.0461914,0.0461914,0.861049],[0.00132036,0.000942082,0.0461914,0.951546],[0.00132036,0.136689,0.45343,0.40856]]},{"db":0,"id":"TCYTTSCCTMAGSCARTGTYT","alt":"MEME-4","len":21,"ltrim":0,"rtrim":0,"nsites":23,"evalue":"2.6e-022","pwm":[[0.044553,0.000901299,0.0874819,0.867064],[0.0878438,0.650252,0.000901299,0.261004],[0.174423,0.347222,0.000901299,0.477454],[0.0878438,0.000901299,0.217351,0.693904],[0.0878438,0.0441911,0.130772,0.737194],[0.0012632,0.563671,0.433802,0.0012632],[0.0012632,0.996572,0.000901299,0.0012632],[0.0012632,0.996572,0.000901299,0.0012632],[0.0012632,0.0874819,0.000901299,0.910354],[0.434164,0.347222,0.174061,0.044553],[0.910354,0.000901299,0.0874819,0.0012632],[0.044553,0.000901299,0.953283,0.0012632],[0.044553,0.347222,0.563671,0.044553],[0.0012632,0.953283,0.000901299,0.044553],[0.823774,0.000901299,0.000901299,0.174423],[0.390873,0.174061,0.347222,0.0878438],[0.0878438,0.0441911,0.0874819,0.780484],[0.261004,0.0441911,0.693542,0.0012632],[0.044553,0.130772,0.174061,0.650614],[0.131134,0.477092,0.0874819,0.304294],[0.044553,0.000901299,0.0874819,0.867064]]},{"db":2,"id":"MA0075.2","alt":"Prrx2","len":8,"ltrim":1,"rtrim":1,"nsites":3850,"url":"http://jaspar2018.genereg.net/matrix/MA0075.2","pwm":[[0.167276,0.39532,0.185715,0.251689],[0.0903292,0.455387,0.055486,0.398799],[0.782304,0.0733775,0.0837432,0.060575],[0.900335,0.054273,0.0290107,0.0163812],[0.00334549,0.00565326,0.00282933,0.988172],[0.0921362,0.0996468,0.0472562,0.760961],[0.857988,0.0441413,0.00869918,0.0891713],[0.320602,0.22811,0.268899,0.182388]]},{"db":2,"id":"MA0119.1","alt":"NFIC::TLX1","len":14,"ltrim":0,"rtrim":0,"nsites":16,"url":"http://jaspar2018.genereg.net/matrix/MA0119.1","pwm":[[0.00181242,0.00129317,0.00129317,0.995601],[0.00181242,0.00129317,0.995082,0.00181242],[0.00181242,0.00129317,0.995082,0.00181242],[0.00181242,0.995082,0.00129317,0.00181242],[0.871378,0.063405,0.00129317,0.0639242],[0.126036,0.498188,0.311852,0.0639242],[0.126036,0.498188,0.24974,0.126036],[0.436595,0.063405,0.311852,0.188148],[0.25026,0.187629,0.125517,0.436595],[0.00181242,0.00129317,0.995082,0.00181242],[0.00181242,0.995082,0.00129317,0.00181242],[0.00181242,0.995082,0.00129317,0.00181242],[0.995601,0.00129317,0.00129317,0.00181242],[0.871378,0.00129317,0.063405,0.0639242]]},{"db":2,"id":"MA0125.1","alt":"Nobox","len":8,"ltrim":0,"rtrim":0,"nsites":38,"url":"http://jaspar2018.genereg.net/matrix/MA0125.1","pwm":[[0.000765879,0.0267934,0.000546457,0.971894],[0.945647,0.000546457,0.000546457,0.0532597],[0.998141,0.000546457,0.000546457,0.000765879],[0.0270128,0.0267934,0.0530403,0.893154],[0.0532597,0.000546457,0.105533,0.840661],[0.394467,0.000546457,0.577974,0.0270128],[0.105753,0.315507,0.472987,0.105753],[0.0532597,0.341754,0.158027,0.44696]]},{"db":2,"id":"MA0128.1","alt":"EmBP-1","len":8,"ltrim":0,"rtrim":0,"nsites":13,"url":"http://jaspar2018.genereg.net/matrix/MA0128.1","pwm":[[0.689251,0.00158931,0.00158931,0.307571],[0.0785633,0.535941,0.306933,0.0785633],[0.994594,0.00158931,0.00158931,0.00222748],[0.00222748,0.91762,0.00158931,0.0785633],[0.00222748,0.00158931,0.993956,0.00222748],[0.00222748,0.00158931,0.00158931,0.994594],[0.00222748,0.0779251,0.91762,0.00222748],[0.00222748,0.0779251,0.91762,0.00222748]]},{"db":2,"id":"MA0172.1","alt":"CG11294","len":7,"ltrim":0,"rtrim":0,"nsites":15,"url":"http://jaspar2018.genereg.net/matrix/MA0172.1","pwm":[[0.00193245,0.200054,0.00137881,0.796634],[0.00193245,0.133829,0.00137881,0.86286],[0.99531,0.00137881,0.00137881,0.00193245],[0.99531,0.00137881,0.00137881,0.00193245],[0.00193245,0.00137881,0.00137881,0.99531],[0.00193245,0.00137881,0.00137881,0.99531],[0.99531,0.00137881,0.00137881,0.00193245]]},{"db":2,"id":"MA0180.1","alt":"Vsx2","len":9,"ltrim":0,"rtrim":0,"nsites":13,"url":"http://jaspar2018.genereg.net/matrix/MA0180.1","pwm":[[0.0785633,0.0779251,0.383268,0.460242],[0.154899,0.154261,0.00158931,0.689251],[0.00222748,0.00158931,0.00158931,0.994594],[0.994594,0.00158931,0.00158931,0.00222748],[0.994594,0.00158931,0.00158931,0.00222748],[0.00222748,0.00158931,0.00158931,0.994594],[0.00222748,0.00158931,0.00158931,0.994594],[0.765586,0.00158931,0.230597,0.00222748],[0.0785633,0.154261,0.764948,0.00222748]]},{"db":2,"id":"MA0184.1","alt":"CG9876","len":7,"ltrim":1,"rtrim":0,"nsites":20,"url":"http://jaspar2018.genereg.net/matrix/MA0184.1","pwm":[[0.100954,0.448797,0.15029,0.299959],[0.00145174,0.00103582,0.00103582,0.996477],[0.896974,0.00103582,0.00103582,0.100954],[0.996477,0.00103582,0.00103582,0.00145174],[0.00145174,0.00103582,0.00103582,0.996477],[0.00145174,0.00103582,0.0507871,0.946725],[0.697969,0.00103582,0.299543,0.00145174]]},{"db":2,"id":"MA0188.1","alt":"Dr","len":7,"ltrim":0,"rtrim":0,"nsites":21,"url":"http://jaspar2018.genereg.net/matrix/MA0188.1","pwm":[[0.0487763,0.617101,0.285347,0.0487763],[0.00138294,0.759281,0.000986731,0.23835],[0.996644,0.000986731,0.000986731,0.00138294],[0.996644,0.000986731,0.000986731,0.00138294],[0.00138294,0.000986731,0.000986731,0.996644],[0.00138294,0.000986731,0.000986731,0.996644],[0.996644,0.000986731,0.000986731,0.00138294]]},{"db":2,"id":"MA0200.1","alt":"Pph13","len":7,"ltrim":1,"rtrim":0,"nsites":21,"url":"http://jaspar2018.genereg.net/matrix/MA0200.1","pwm":[[0.285743,0.380133,0.143167,0.190956],[0.00138294,0.000986731,0.000986731,0.996644],[0.996644,0.000986731,0.000986731,0.00138294],[0.996644,0.000986731,0.000986731,0.00138294],[0.00138294,0.000986731,0.000986731,0.996644],[0.00138294,0.04838,0.000986731,0.94925],[0.617497,0.04838,0.285347,0.0487763]]},{"db":2,"id":"MA0208.1","alt":"al","len":7,"ltrim":0,"rtrim":0,"nsites":20,"url":"http://jaspar2018.genereg.net/matrix/MA0208.1","pwm":[[0.00145174,0.00103582,0.00103582,0.996477],[0.996477,0.00103582,0.00103582,0.00145174],[0.996477,0.00103582,0.00103582,0.00145174],[0.00145174,0.00103582,0.00103582,0.996477],[0.00145174,0.00103582,0.00103582,0.996477],[0.847223,0.00103582,0.15029,0.00145174],[0.896974,0.00103582,0.100538,0.00145174]]},{"db":2,"id":"MA0229.1","alt":"inv","len":8,"ltrim":0,"rtrim":0,"nsites":16,"url":"http://jaspar2018.genereg.net/matrix/MA0229.1","pwm":[[0.25026,0.00129317,0.187629,0.560819],[0.0639242,0.560299,0.00129317,0.374483],[0.00181242,0.00129317,0.00129317,0.995601],[0.995601,0.00129317,0.00129317,0.00181242],[0.995601,0.00129317,0.00129317,0.00181242],[0.00181242,0.00129317,0.00129317,0.995601],[0.00181242,0.00129317,0.00129317,0.995601],[0.685042,0.00129317,0.311852,0.00181242]]},{"db":2,"id":"MA0250.1","alt":"unc-4","len":7,"ltrim":0,"rtrim":0,"nsites":21,"url":"http://jaspar2018.genereg.net/matrix/MA0250.1","pwm":[[0.0487763,0.237953,0.0957734,0.617497],[0.00138294,0.000986731,0.000986731,0.996644],[0.996644,0.000986731,0.000986731,0.00138294],[0.996644,0.000986731,0.000986731,0.00138294],[0.00138294,0.000986731,0.000986731,0.996644],[0.0487763,0.000986731,0.000986731,0.94925],[0.285743,0.04838,0.664494,0.00138294]]},{"db":2,"id":"MA0314.1","alt":"HAP3","len":15,"ltrim":0,"rtrim":1,"nsites":2832,"url":"http://jaspar2018.genereg.net/matrix/MA0314.1","pwm":[[1.03033e-05,0.182204,0.18962,0.628166],[0.120606,0.675993,0.0971359,0.106265],[1.03033e-05,0.162326,7.35144e-06,0.837657],[0.0332071,0.303859,0.498974,0.163962],[0.999975,7.35144e-06,7.35144e-06,1.03033e-05],[1.03033e-05,7.35144e-06,7.35144e-06,0.999975],[1.03033e-05,7.35144e-06,7.35144e-06,0.999975],[1.03033e-05,7.35144e-06,0.999972,1.03033e-05],[1.03033e-05,7.35144e-06,0.999972,1.03033e-05],[1.03033e-05,0.4886,7.35144e-06,0.511382],[0.0331261,0.399105,0.138274,0.429493],[0.259296,0.376597,0.332688,0.0314192],[0.489255,0.0889302,0.30805,0.113764],[0.357211,0.0874183,0.443962,0.111409],[0.503014,0.191416,0.094122,0.21145]]},{"db":2,"id":"MA0404.1","alt":"TBS1","len":8,"ltrim":0,"rtrim":0,"nsites":100,"url":"http://jaspar2018.genereg.net/matrix/MA0404.1","pwm":[[0.120172,0.779429,0.050158,0.0502416],[0.0305642,0.0304807,0.908391,0.0305642],[0.0200737,0.0199902,0.939862,0.0200737],[0.757111,0.0809353,0.0809353,0.0810188],[0.20211,0.13139,0.13139,0.535111],[0.000291508,0.999209,0.000207992,0.000291508],[0.000291508,0.999209,0.000207992,0.000291508],[0.0810188,0.0809353,0.757027,0.0810188]]},{"db":2,"id":"MA0426.1","alt":"YHP1","len":6,"ltrim":0,"rtrim":0,"nsites":203,"url":"http://jaspar2018.genereg.net/matrix/MA0426.1","pwm":[[0.000143673,0.000102511,0.000102511,0.999651],[0.999651,0.000102511,0.000102511,0.000143673],[0.999651,0.000102511,0.000102511,0.000143673],[0.000143673,0.000102511,0.000102511,0.999651],[0.000143673,0.000102511,0.000102511,0.999651],[0.000143673,0.000102511,0.99961,0.000143673]]},{"db":2,"id":"MA0486.2","alt":"HSF1","len":13,"ltrim":0,"rtrim":0,"nsites":1562,"url":"http://jaspar2018.genereg.net/matrix/MA0486.2","pwm":[[0.0409891,0.0115366,0.0160173,0.931457],[0.00741521,0.00270316,0.0114446,0.978436],[0.00610729,0.984388,0.00610194,0.00340146],[0.00196256,0.175415,0.115652,0.70697],[0.642079,0.187115,0.169464,0.0013426],[1.868e-05,1.33282e-05,0.999949,1.868e-05],[0.988406,0.00544798,0.00137224,0.00477338],[0.976466,0.00269816,0.00269816,0.0181385],[0.0480596,0.489344,0.109134,0.353462],[0.336767,0.130589,0.40686,0.125784],[0.0168526,0.00338011,1.33282e-05,0.979754],[0.00410842,0.00137624,0.00274015,0.991775],[0.00206655,0.993124,0.0020612,0.00274851]]},{"db":2,"id":"MA0579.1","alt":"CDC5","len":11,"ltrim":1,"rtrim":1,"nsites":99,"url":"http://jaspar2018.genereg.net/matrix/MA0579.1","pwm":[[0.282837,0.242389,0.323116,0.151657],[0.170123,0.259948,0.549655,0.0202743],[0.00029445,0.919282,0.0401697,0.0402541],[0.0202743,0.0201899,0.000210091,0.959326],[0.0608393,0.85793,0.000210091,0.0810209],[0.918559,0.0203917,0.0203917,0.0406577],[0.0204761,0.000210091,0.938656,0.0406577],[0.0202743,0.929272,0.0501596,0.00029445],[0.0406577,0.0405733,0.918475,0.00029445],[0.0202743,0.549655,0.269938,0.160133],[0.180113,0.229978,0.449756,0.140153]]},{"db":2,"id":"MA0598.2","alt":"EHF","len":12,"ltrim":1,"rtrim":0,"nsites":1083,"url":"http://jaspar2018.genereg.net/matrix/MA0598.2","pwm":[[0.425657,0.161592,0.132048,0.280703],[0.826359,0.0314103,0.0304874,0.111744],[0.097067,0.69462,0.125434,0.0828793],[0.0733772,0.751124,0.170778,0.00472151],[0.112407,0.871977,0.0108512,0.0047655],[0.00139581,0.000703159,0.997874,2.69412e-05],[2.69412e-05,1.92226e-05,0.999927,2.69412e-05],[0.992559,0.00423383,0.00107313,0.00213375],[0.976103,0.0103813,0.00934436,0.00417156],[0.125653,0.0185125,0.847518,0.00831718],[0.0281493,0.057045,0.0226731,0.892133],[0.512652,0.0861803,0.238954,0.162213]]},{"db":2,"id":"MA0618.1","alt":"LBX1","len":8,"ltrim":1,"rtrim":0,"nsites":1000,"url":"http://jaspar2018.genereg.net/matrix/MA0618.1","pwm":[[0.217007,0.131008,0.174003,0.477981],[2.91771e-05,0.0490159,2.08179e-05,0.950934],[0.999929,2.08179e-05,2.08179e-05,2.91771e-05],[0.999929,2.08179e-05,2.08179e-05,2.91771e-05],[2.91771e-05,0.261995,2.08179e-05,0.737955],[0.143015,2.08179e-05,0.119009,0.737955],[0.731688,2.08179e-05,0.268262,2.91771e-05],[0.0290553,0.114123,0.799741,0.0570805]]},{"db":2,"id":"MA0630.1","alt":"SHOX","len":8,"ltrim":1,"rtrim":1,"nsites":999,"url":"http://jaspar2018.genereg.net/matrix/MA0630.1","pwm":[[0.17919,0.301292,0.162167,0.35735],[0.0740958,0.0300478,0.00902894,0.886827],[0.851944,0.048016,0.0550153,0.0450247],[0.99093,0.00202064,0.00502034,0.00202901],[0.0150277,0.0150193,0.0270181,0.942935],[0.0980194,0.0500158,0.0840124,0.767952],[0.416404,0.048064,0.424402,0.111129],[0.300999,0.187002,0.378983,0.133016]]},{"db":2,"id":"MA0634.1","alt":"ALX3","len":10,"ltrim":2,"rtrim":2,"nsites":7877,"url":"http://jaspar2018.genereg.net/matrix/MA0634.1","pwm":[[0.158819,0.275992,0.134824,0.430365],[0.125319,0.431942,0.146014,0.296724],[0.0880686,0.373445,0.0382672,0.500219],[0.795892,0.051129,0.0894225,0.0635579],[0.919558,0.0370092,0.0164624,0.0269704],[0.00946458,0.00896553,0.00099863,0.980571],[0.0730478,0.0764007,0.0250493,0.825501],[0.838864,0.047819,0.00926753,0.104049],[0.329736,0.212164,0.279963,0.178137],[0.350304,0.310563,0.190833,0.148301]]},{"db":2,"id":"MA0644.1","alt":"ESX1","len":10,"ltrim":2,"rtrim":2,"nsites":35624,"url":"http://jaspar2018.genereg.net/matrix/MA0644.1","pwm":[[0.299377,0.228863,0.266253,0.205508],[0.181714,0.427347,0.150525,0.240413],[0.0739896,0.461299,0.0121096,0.452603],[0.80129,0.0678864,0.0768384,0.0539857],[0.89015,0.0609714,0.0216655,0.0272127],[0.0202268,0.0266205,0.000107584,0.953045],[0.0823906,0.100635,0.0282095,0.788764],[0.912239,0.0122156,0.0114986,0.0640466],[0.338686,0.215002,0.286613,0.1597],[0.212952,0.409369,0.174915,0.202762]]},{"db":2,"id":"MA0654.1","alt":"ISX","len":8,"ltrim":1,"rtrim":1,"nsites":2065,"url":"http://jaspar2018.genereg.net/matrix/MA0654.1","pwm":[[0.154002,0.417908,0.176273,0.251818],[0.0048359,0.483594,1.00818e-05,0.511561],[0.964019,0.022418,0.00234397,0.0112176],[0.987532,0.00766171,1.00818e-05,0.0047959],[1.41301e-05,1.00818e-05,1.00818e-05,0.999966],[1.41301e-05,1.00818e-05,0.0114985,0.988477],[0.976788,1.00818e-05,1.00818e-05,0.023192],[0.373058,0.148743,0.341079,0.137119]]},{"db":2,"id":"MA0662.1","alt":"MIXL1","len":10,"ltrim":2,"rtrim":2,"nsites":27042,"url":"http://jaspar2018.genereg.net/matrix/MA0662.1","pwm":[[0.250499,0.223245,0.245766,0.28049],[0.147216,0.333925,0.201945,0.316914],[0.0852148,0.376398,0.0402636,0.498123],[0.8036,0.0567896,0.108763,0.030847],[0.932609,0.0228317,0.0191757,0.025384],[1.07906e-06,0.0183907,0.00652775,0.975081],[0.0398819,0.122956,0.0584836,0.778678],[0.846251,0.0595525,0.00359976,0.0905967],[0.358258,0.180978,0.315398,0.145367],[0.297833,0.312921,0.226647,0.162599]]},{"db":2,"id":"MA0699.1","alt":"LBX2","len":10,"ltrim":2,"rtrim":2,"nsites":2996,"url":"http://jaspar2018.genereg.net/matrix/MA0699.1","pwm":[[0.270028,0.246661,0.277702,0.20561],[0.12221,0.479791,0.159267,0.238733],[0.0481381,0.50091,0.0334208,0.417531],[0.806226,0.0909619,0.087464,0.0153482],[0.85476,0.0827432,0.0370957,0.0254009],[9.73932e-06,0.00923364,0.0375497,0.953207],[0.0405814,0.0697906,0.0792573,0.81037],[0.912281,0.0103596,0.0322839,0.0450752],[0.330329,0.144813,0.378706,0.146151],[0.24099,0.326097,0.245994,0.18692]]},{"db":2,"id":"MA0701.1","alt":"LHX9","len":8,"ltrim":1,"rtrim":1,"nsites":1500,"url":"http://jaspar2018.genereg.net/matrix/MA0701.1","pwm":[[0.188674,0.379322,0.199334,0.232671],[0.0769843,0.479662,1.38791e-05,0.44334],[0.740711,0.143214,0.0459368,0.0701378],[0.999953,1.38791e-05,1.38791e-05,1.9452e-05],[1.9452e-05,1.38791e-05,1.38791e-05,0.999953],[0.0354821,0.0654445,0.149854,0.749221],[0.875618,0.0163588,0.0659755,0.0420487],[0.372243,0.147436,0.352892,0.127429]]},{"db":2,"id":"MA0703.1","alt":"LMX1B","len":8,"ltrim":1,"rtrim":1,"nsites":4100,"url":"http://jaspar2018.genereg.net/matrix/MA0703.1","pwm":[[0.211222,0.235365,0.239511,0.313901],[0.111739,0.294214,0.0349602,0.559086],[0.791076,0.0590316,0.0634685,0.086425],[0.935005,0.0136847,0.00980884,0.0415021],[0.0702354,0.00246502,0.0100698,0.917229],[0.214914,0.0653215,0.0664365,0.653329],[0.871797,0.0199876,0.00425697,0.103959],[0.513166,0.161464,0.197317,0.128053]]},{"db":2,"id":"MA0704.1","alt":"Lhx4","len":8,"ltrim":1,"rtrim":1,"nsites":2895,"url":"http://jaspar2018.genereg.net/matrix/MA0704.1","pwm":[[0.145774,0.282208,0.170985,0.401032],[0.0539212,0.226583,7.19147e-06,0.719488],[0.74484,0.110085,0.0794794,0.0655938],[0.949174,7.19147e-06,7.19147e-06,0.0508113],[1.00791e-05,7.19147e-06,7.19147e-06,0.999976],[1.00791e-05,0.131218,0.0167766,0.851996],[0.855267,0.0115248,0.093329,0.0398787],[0.45388,0.155097,0.296025,0.0949978]]},{"db":2,"id":"MA0708.1","alt":"MSX2","len":8,"ltrim":1,"rtrim":1,"nsites":3400,"url":"http://jaspar2018.genereg.net/matrix/MA0708.1","pwm":[[0.152063,0.496463,0.245587,0.105887],[0.0296017,0.730537,0.0124068,0.227454],[0.91593,0.0433778,0.0180556,0.0226369],[0.991811,0.00817388,6.12335e-06,8.5821e-06],[8.5821e-06,6.12335e-06,6.12335e-06,0.999979],[0.0140892,0.0457668,0.0195015,0.920643],[0.97643,0.0175246,6.12335e-06,0.0060394],[0.352455,0.232715,0.262428,0.152402]]},{"db":2,"id":"MA0709.1","alt":"Msx3","len":8,"ltrim":1,"rtrim":1,"nsites":8380,"url":"http://jaspar2018.genereg.net/matrix/MA0709.1","pwm":[[0.164799,0.387468,0.297851,0.149883],[0.0357791,0.664827,0.00332744,0.296067],[0.944643,0.0180383,0.0267182,0.0105994],[0.984484,0.0104584,0.00446643,0.000590475],[3.48206e-06,2.48446e-06,2.48446e-06,0.999992],[0.0137203,0.0243762,0.0119053,0.949998],[0.958802,0.0067534,0.0100714,0.0243742],[0.320845,0.207255,0.309628,0.162274]]},{"db":2,"id":"MA0716.1","alt":"PRRX1","len":8,"ltrim":1,"rtrim":1,"nsites":23898,"url":"http://jaspar2018.genereg.net/matrix/MA0716.1","pwm":[[0.172901,0.379236,0.181563,0.266298],[0.0866349,0.406045,0.0409267,0.466393],[0.866742,0.0394627,0.0644166,0.0293801],[0.963159,0.0202738,0.00814284,0.00842519],[1.22102e-06,0.000126871,8.712e-07,0.999871],[0.044403,0.0808665,0.0352697,0.839461],[0.922447,0.0248598,0.00525085,0.047442],[0.397439,0.178634,0.266382,0.157546]]},{"db":2,"id":"MA0717.1","alt":"RAX2","len":8,"ltrim":1,"rtrim":1,"nsites":38859,"url":"http://jaspar2018.genereg.net/matrix/MA0717.1","pwm":[[0.137265,0.406855,0.181399,0.27448],[0.0806695,0.445403,0.0382714,0.435655],[0.795805,0.0626654,0.0919503,0.0495796],[0.921506,0.0361164,0.0179515,0.0244257],[0.00675173,0.0184535,0.00312653,0.971668],[0.0453616,0.0885873,0.0526044,0.813446],[0.842547,0.0573264,0.00780552,0.0923205],[0.345102,0.192661,0.318108,0.144129]]},{"db":2,"id":"MA0718.1","alt":"RAX","len":10,"ltrim":2,"rtrim":2,"nsites":2413,"url":"http://jaspar2018.genereg.net/matrix/MA0718.1","pwm":[[0.321176,0.153338,0.381676,0.14381],[0.140553,0.398417,0.173716,0.287313],[0.0807327,0.483203,0.00943824,0.426625],[0.9757,0.00688534,0.00122258,0.0161924],[0.970205,0.015294,0.00483543,0.00966569],[0.0485311,8.62791e-06,8.62791e-06,0.951452],[0.027287,0.0272835,0.0188318,0.926597],[0.942897,8.62791e-06,0.0078273,0.0492671],[0.435913,0.117797,0.290748,0.155543],[0.223469,0.347424,0.158791,0.270316]]},{"db":2,"id":"MA0720.1","alt":"Shox2","len":8,"ltrim":1,"rtrim":1,"nsites":18179,"url":"http://jaspar2018.genereg.net/matrix/MA0720.1","pwm":[[0.131471,0.42329,0.181088,0.264151],[0.0505013,0.465644,0.0117621,0.472092],[0.909083,0.031306,0.021304,0.0383074],[0.988039,0.0075011,0.000164144,0.00429558],[0.0015936,0.000660142,1.14527e-06,0.997746],[0.0295694,0.026993,0.0430899,0.900349],[0.941767,0.00999909,0.00186614,0.0463674],[0.359886,0.16619,0.348607,0.125317]]},{"db":2,"id":"MA0721.1","alt":"UNCX","len":8,"ltrim":1,"rtrim":1,"nsites":36925,"url":"http://jaspar2018.genereg.net/matrix/MA0721.1","pwm":[[0.134868,0.361896,0.154665,0.348571],[0.0924705,0.390816,0.0485264,0.468188],[0.791095,0.0544174,0.0981643,0.0563236],[0.933935,0.0329305,0.0106235,0.0225107],[0.0125498,0.0210285,0.00305256,0.963369],[0.0679606,0.0864633,0.0389285,0.806649],[0.843964,0.0505344,0.0167075,0.0887945],[0.374018,0.21191,0.283811,0.130261]]},{"db":2,"id":"MA0770.1","alt":"HSF2","len":13,"ltrim":0,"rtrim":0,"nsites":3488,"url":"http://jaspar2018.genereg.net/matrix/MA0770.1","pwm":[[0.0496059,0.0106137,0.0260942,0.913686],[0.00706516,0.000619951,0.0144276,0.977887],[0.00500022,0.994361,0.000629951,8.36558e-06],[0.000247359,0.169412,0.069916,0.760426],[0.701352,0.124342,0.174297,8.36558e-06],[0.000635348,5.96887e-06,0.999037,0.000321357],[0.975194,0.0149995,0.00122993,0.00857612],[0.96021,0.00030696,0.00693577,0.0325474],[0.0533488,0.44116,0.197678,0.307813],[0.31346,0.146849,0.379349,0.160343],[0.0407532,0.0195174,0.0252562,0.914473],[0.013385,0.0264622,0.0127876,0.947365],[0.0236967,0.848265,0.0311471,0.0968916]]},{"db":2,"id":"MA0771.1","alt":"HSF4","len":13,"ltrim":0,"rtrim":0,"nsites":14127,"url":"http://jaspar2018.genereg.net/matrix/MA0771.1","pwm":[[0.135769,0.072628,0.0789989,0.712604],[0.0613276,0.00766742,0.0829759,0.848029],[0.009091,0.973404,0.0107344,0.00677102],[0.00350304,0.244438,0.183625,0.568434],[0.532587,0.212253,0.253412,0.00174805],[0.000299063,0.00119047,0.997715,0.00079506],[0.854217,0.070599,0.00415944,0.0710236],[0.805098,0.0331102,0.0295123,0.132279],[0.134699,0.366146,0.216946,0.282209],[0.258468,0.220522,0.330286,0.190723],[0.109277,0.0235663,0.0318632,0.835293],[0.0301819,0.00754642,0.0128284,0.949443],[0.009355,0.96077,0.00954541,0.0203299]]},{"db":2,"id":"MA0818.1","alt":"BHLHE22","len":10,"ltrim":0,"rtrim":0,"nsites":739,"url":"http://jaspar2018.genereg.net/matrix/MA0818.1","pwm":[[0.703598,0.0352064,0.232744,0.0284526],[0.362754,0.439508,0.190021,0.00771644],[0.0114449,0.988487,2.81694e-05,3.94804e-05],[0.931813,0.0107797,0.0430334,0.0143745],[3.94804e-05,0.00385865,2.81694e-05,0.996074],[0.984754,0.00760314,0.00381566,0.00382697],[0.0190349,0.082919,2.81694e-05,0.898018],[3.94804e-05,0.00382966,0.988487,0.00764345],[0.00771644,0.370419,0.23608,0.385784],[0.0433546,0.305643,0.0252958,0.625707]]},{"db":2,"id":"MA0880.1","alt":"Dlx3","len":8,"ltrim":1,"rtrim":1,"nsites":7322,"url":"http://jaspar2018.genereg.net/matrix/MA0880.1","pwm":[[0.231768,0.31931,0.283938,0.164984],[0.07098,0.512839,0.0203526,0.39583],[0.766961,0.104211,0.061481,0.0673471],[0.890868,0.065209,0.00754574,0.0363785],[0.0227007,0.00866173,0.00787474,0.960762],[0.0458184,0.061433,0.0519021,0.840847],[0.880478,0.0242905,0.0121467,0.0830859],[0.276799,0.291,0.18517,0.247031]]},{"db":2,"id":"MA0881.1","alt":"Dlx4","len":8,"ltrim":1,"rtrim":1,"nsites":12055,"url":"http://jaspar2018.genereg.net/matrix/MA0881.1","pwm":[[0.218748,0.325839,0.305184,0.150229],[0.056026,0.529363,0.0112216,0.403388],[0.794276,0.0988409,0.0486963,0.0581859],[0.902781,0.0557233,0.00412069,0.0373751],[0.00717736,0.00693167,0.0030997,0.982791],[0.0316482,0.0624292,0.0389834,0.86694],[0.884303,0.0231835,0.00983265,0.0826807],[0.254294,0.307225,0.189662,0.248818]]},{"db":2,"id":"MA0882.1","alt":"DLX6","len":8,"ltrim":1,"rtrim":1,"nsites":2622,"url":"http://jaspar2018.genereg.net/matrix/MA0882.1","pwm":[[0.229598,0.352778,0.259342,0.158281],[0.0492902,0.507183,0.00756165,0.435966],[0.813818,0.0847087,0.0443752,0.057099],[0.935758,0.0442443,7.94021e-06,0.0199894],[0.00456495,7.94021e-06,7.94021e-06,0.995419],[0.0166825,0.0486341,0.023626,0.911056],[0.916468,0.0104895,0.00559773,0.0674436],[0.268015,0.313759,0.180329,0.237898]]},{"db":2,"id":"MA0885.1","alt":"Dlx2","len":8,"ltrim":1,"rtrim":1,"nsites":13749,"url":"http://jaspar2018.genereg.net/matrix/MA0885.1","pwm":[[0.230562,0.259292,0.344679,0.165468],[0.0376398,0.513549,0.00935845,0.439453],[0.890187,0.0442872,0.0315973,0.0339289],[0.966057,0.0203074,0.00105551,0.012579],[2.12232e-06,1.51428e-06,1.51428e-06,0.999995],[0.017374,0.0262593,0.0377512,0.918616],[0.952868,0.00318949,0.00381349,0.0401298],[0.269838,0.238345,0.222925,0.268892]]},{"db":2,"id":"MA0889.1","alt":"GBX1","len":10,"ltrim":1,"rtrim":2,"nsites":27340,"url":"http://jaspar2018.genereg.net/matrix/MA0889.1","pwm":[[0.365801,0.24605,0.286686,0.101464],[0.0612318,0.547861,0.254728,0.13618],[0.00880604,0.490741,0.00054476,0.499908],[0.947854,0.0204217,0.0262807,0.00544405],[0.99187,0.00624074,0.00105276,0.000835064],[0.00163706,0.00465274,3.67614e-05,0.993673],[0.011012,0.0154587,0.00868273,0.964847],[0.986324,0.00180475,0.00028976,0.011582],[0.209225,0.233257,0.446358,0.111161],[0.128974,0.428581,0.19902,0.243425]]},{"db":2,"id":"MA0890.1","alt":"GBX2","len":10,"ltrim":2,"rtrim":2,"nsites":27366,"url":"http://jaspar2018.genereg.net/matrix/MA0890.1","pwm":[[0.377622,0.18808,0.297632,0.136667],[0.137439,0.384322,0.308021,0.170217],[0.024814,0.550601,0.00376375,0.420823],[0.934757,0.0194707,0.0380176,0.00775504],[0.985982,0.00900773,0.00410775,0.000902063],[1.06628e-06,0.00221975,0.00236475,0.995414],[0.010994,0.0197057,0.0232657,0.946035],[0.973219,0.00259675,0.00106776,0.023117],[0.300946,0.164505,0.388715,0.145834],[0.196923,0.334685,0.258532,0.209859]]},{"db":2,"id":"MA0894.1","alt":"HESX1","len":10,"ltrim":2,"rtrim":2,"nsites":4071,"url":"http://jaspar2018.genereg.net/matrix/MA0894.1","pwm":[[0.204129,0.184968,0.428145,0.182759],[0.215919,0.351752,0.109803,0.322524],[0.0435651,5.1141e-06,0.00792492,0.948505],[0.979771,5.1141e-06,0.0127578,0.00746598],[0.996069,0.00171707,0.00220706,7.16759e-06],[7.16759e-06,5.1141e-06,0.00367502,0.996313],[7.16759e-06,0.00367502,5.1141e-06,0.996313],[0.449723,0.00903789,0.518176,0.0230636],[0.305822,0.189634,0.412916,0.0916289],[0.196711,0.393168,0.113214,0.296906]]},{"db":2,"id":"MA0904.1","alt":"Hoxb5","len":16,"ltrim":0,"rtrim":1,"nsites":100,"url":"http://jaspar2018.genereg.net/matrix/MA0904.1","pwm":[[0.519772,0.229978,0.140068,0.110182],[0.270022,0.349858,0.190018,0.190102],[0.16844,0.089228,0.643129,0.0992026],[0.120172,0.150058,0.379828,0.349942],[0.0102815,0.0701381,0.000207992,0.919372],[0.908474,0.0910262,0.000207992,0.000291508],[0.979312,0.010198,0.000207992,0.0102815],[0.0102815,0.000207992,0.010198,0.979312],[0.000291508,0.000207992,0.0910262,0.908474],[0.919372,0.000207992,0.0701381,0.0102815],[0.190102,0.289918,0.409798,0.110182],[0.0992026,0.643129,0.089228,0.16844],[0.282837,0.252481,0.101117,0.363564],[0.280012,0.439768,0.110098,0.170122],[0.672886,0.0496635,0.138684,0.138767],[0.220072,0.160048,0.140068,0.479812]]},{"db":2,"id":"MA0919.1","alt":"dsc-1","len":10,"ltrim":2,"rtrim":2,"nsites":999,"url":"http://jaspar2018.genereg.net/matrix/MA0919.1","pwm":[[0.330326,0.1992,0.296287,0.174186],[0.114132,0.405385,0.146152,0.33433],[0.0629599,0.137869,0.0130065,0.786165],[0.817765,0.0530685,0.0660802,0.0630859],[0.959933,0.0120196,0.0160192,0.012028],[0.012028,0.0160192,0.0120196,0.959933],[0.0630859,0.0660802,0.0530685,0.817765],[0.786165,0.0130065,0.137869,0.0629599],[0.33433,0.146152,0.405385,0.114132],[0.174186,0.296287,0.1992,0.330326]]}],"sequence_names":["chr10:109508900-109509499","chr10:111946450-111946999","chr10:114575150-114575649","chr10:123269650-123270249","chr10:125503200-125503799","chr10:22403050-22403799","chr10:25110950-25111449","chr10:29393600-29394699","chr10:33553100-33553749","chr10:38447950-38448499","chr10:4322550-4323849","chr10:52339650-52340199","chr10:54792200-54792699","chr10:7275150-7275949","chr10:77874200-77874699","chr10:85524150-85524649","chr11:1817500-1818049","chr11:78845750-78846649","chr11:84698400-84699249","chr11:86210650-86211449","chr12:48921100-48921599","chr12:52674150-52674749","chr12:81775650-81776349","chr12:83076050-83077149","chr12:90312050-90312749","chr12:95711800-95712349","chr13:107721550-107722049","chr13:20596150-20596699","chr13:24543500-24544199","chr13:33919800-33920399","chr13:34216500-34217449","chr13:34223300-34224149","chr13:34253200-34253999","chr14:100477800-100479749","chr14:22764600-22765149","chr14:49994600-49995249","chr14:76101100-76101599","chr14:89680300-89680999","chr14:93439600-93440849","chr14:96207300-96208049","chr14:97966050-97967049","chr15:39960600-39961099","chr15:40077050-40077599","chr15:42219950-42220599","chr15:44090850-44091549","chr15:58622100-58622649","chr15:87588450-87589499","chr16:11386900-11387499","chr16:12118150-12118949","chr16:29794700-29795349","chr16:30101050-30101549","chr16:54683550-54684049","chr16:78330900-78331399","chr16:82170650-82171349","chr16:85924900-85925549","chr17:39952100-39952649","chr17:59433700-59434749","chr17:59632500-59633149","chr17:59800300-59801199","chr17:60878800-60879399","chr17:63629750-63630499","chr17:64271650-64272249","chr17:70515100-70515599","chr18:18764100-18764799","chr18:3396700-3397699","chr18:55937200-55937699","chr19:43769050-43770049","chr19:45364600-45365249","chr19:51347200-51347699","chr1:109817350-109817849","chr1:151511900-151512699","chr1:16934550-16935499","chr1:186121800-186122499","chr1:191396500-191397199","chr1:198908200-198908999","chr1:215649450-215649949","chr1:3043700-3044199","chr1:42333750-42334299","chr1:52035250-52035849","chr1:8242300-8242949","chr20:17152400-17152899","chr20:17585700-17586449","chr20:22980300-22980849","chr20:41200900-41201699","chr20:45768300-45769049","chr20:49306150-49306999","chr20:49380650-49381349","chr20:52402550-52403899","chr21:15249250-15249749","chr21:23055400-23055999","chr21:37049650-37050299","chr21:42395900-42396449","chr21:46493200-46493799","chr22:33206400-33207049","chr2:101741100-101741749","chr2:10630600-10631199","chr2:106946800-106947499","chr2:11076200-11076749","chr2:149925750-149926349","chr2:149972250-149972749","chr2:154069350-154070249","chr2:157638100-157638749","chr2:159058700-159059449","chr2:165398700-165399499","chr2:186084650-186085149","chr2:20696000-20696699","chr2:212287650-212288299","chr2:237640350-237640899","chr2:237727000-237727549","chr2:237732950-237734299","chr2:64248600-64249399","chr3:101899250-101899999","chr3:135574500-135574999","chr3:149104550-149105099","chr3:154876350-154876899","chr3:15675500-15676049","chr3:166530600-166531349","chr3:174986900-174987599","chr3:185658500-185659199","chr3:187753950-187754449","chr3:192536550-192537099","chr3:196519550-196520799","chr3:30367300-30367849","chr3:50187950-50188549","chr3:70786850-70787549","chr3:79785400-79786099","chr3:83983450-83983949","chr4:153199500-153200099","chr4:16035550-16036049","chr4:183689550-183690349","chr4:37482250-37482749","chr4:87372750-87373299","chr4:89256200-89256749","chr5:116752950-116753499","chr5:11724900-11725449","chr5:122491050-122491649","chr5:13624200-13624749","chr5:14035950-14036499","chr5:166021350-166022049","chr5:173962350-173963099","chr5:39606050-39606699","chr5:429800-430299","chr5:66531450-66532199","chr5:91976850-91977349","chr6:10230700-10231349","chr6:110875950-110876449","chr6:12816050-12816949","chr6:148628600-148629249","chr6:17389250-17389999","chr6:55760700-55761299","chr6:65487900-65488799","chr6:88283800-88284499","chr6:93875450-93876099","chr7:156925300-156926049","chr7:16886700-16887499","chr7:29489300-29490099","chr7:3255500-3256349","chr7:44455200-44455749","chr7:45387000-45387949","chr7:81003750-81004299","chr7:82419150-82419649","chr7:84165300-84166099","chr7:84957900-84958649","chr7:89401350-89402049","chr8:103871050-103871599","chr8:119451700-119452449","chr8:129188750-129189549","chr8:134863400-134864549","chr8:51028000-51028599","chr8:67102950-67103499","chr8:69765000-69767049","chr8:88674600-88675199","chr8:94172350-94173049","chr8:94205500-94206199","chr8:95568950-95569449","chr9:114723650-114724399","chr9:115154300-115154899","chr9:116227700-116228399","chr9:122636050-122636649","chr9:12814250-12814849","chr9:130336550-130337199","chr9:33233800-33234549","chr9:80204150-80204849","chr9:80278450-80279149","chr9:83501800-83502299","chr9:90885500-90886299","chrX:102231850-102232499","chrX:127733550-127734149","chrX:40377350-40377999","chrX:82068200-82069199"],"primaries":[{"motif":{"db":0,"id":"CASGW","alt":"DREME-3","len":5,"ltrim":0,"rtrim":0,"nsites":684,"evalue":"3.6e-006","pwm":[[4.26546e-05,0.999884,3.04342e-05,4.26546e-05],[0.999896,3.04342e-05,3.04342e-05,4.26546e-05],[4.26546e-05,0.192984,0.80693,4.26546e-05],[4.26546e-05,3.04342e-05,0.999884,4.26546e-05],[0.535052,3.04342e-05,3.04342e-05,0.464887]]},"secondaries":[[{"idx":16,"counts":[[0,0,0,0,0,0,0,0,0,0,0,0,0,0,0,0,1,0,0,1,0,0,0,0,1,1,0,0,0,0,0,0,0,0,0,0,0,0,0,0,1,0,1,0,0,0,0,1,0,0,1,0,0,0,0,0,0,2,0,0,0,0,0,0,0,0,0,0,0,0,0,0,0,0,0,0,0,0,0,0,0,0,0,0,0,0,0,0,0,0,0,0,0,0,0,0,0,0,0,0,0,1,0,0,0,0,0,0,0,0,0,0,1,1,0,0,2,0,0,0,0,0,1,0,0,1,0,0,0,0,0,0,0,0,0,1,0,0,0,0,0,0,0,1,0,0],[0,0,0,0,0,0,0,0,0,0,0,0,0,0,0,0,0,0,0,0,1,0,0,1,0,0,0,0,0,0,0,0,0,0,1,2,0,0,0,1,0,0,1,0,1,0,0,0,0,0,0,0,1,0,0,0,0,0,0,0,0,0,0,0,1,1,0,0,0,0,0,0,0,0,0,0,0,0,0,0,0,1,0,0,0,1,0,2,1,0,0,0,0,0,0,0,0,2,0,0,0,0,0,0,0,0,1,1,0,1,0,0,0,0,0,0,0,0,1,0,0,0,0,0,0,0,0,0,0,0,1,0,0,1,0,0,0,0,0,0,0,0,0,0,1,0],[0,0,0,0,0,0,0,0,0,1,0,0,0,0,0,0,0,0,2,0,0,0,0,0,0,0,0,0,1,0,1,0,0,0,0,0,0,0,0,0,0,1,1,0,0,0,0,0,1,0,0,0,0,0,0,0,0,1,0,0,0,0,0,0,0,0,1,1,0,1,1,0,0,0,0,0,1,1,0,0,0,1,0,0,0,0,0,0,0,0,0,0,0,0,1,0,0,0,0,0,0,0,0,0,0,0,0,0,1,0,0,0,0,0,1,1,0,1,0,0,0,0,0,0,0,0,0,0,0,0,0,0,0,0,0,1,0,0,0,0,0,0,0,0,0,0],[0,1,0,0,1,0,1,0,0,0,0,0,0,0,0,0,0,1,0,0,0,0,0,0,0,0,0,0,0,0,0,0,0,0,0,1,1,0,0,0,0,1,0,0,0,1,0,0,0,1,0,1,0,1,0,0,0,0,0,0,0,0,0,0,0,0,0,0,2,0,0,0,0,0,0,0,0,0,0,0,0,0,1,0,1,1,0,0,1,1,6,0,0,0,1,0,0,0,0,0,0,0,1,0,0,0,0,0,0,0,0,0,0,0,0,0,0,0,0,0,0,0,1,0,0,0,0,1,0,0,1,0,0,1,0,0,0,0,0,0,1,0,0,0,1,0]],"spacings":[{"orient":3,"bin":90,"pvalue":2.41377e-08,"inferred_pwm":[[0,0,0,1],[1,0,0,0],[1,0,0,0],[0,0,0,1],[0,0,0,1],[0,0,1,0]],"alignment_pwm":[null,null,null,[[0,0.166667,0,0.833333],[0,0,0.166667,0.833333],[0,0.166667,0,0.833333],[0.166667,0,0.666667,0.166667],[0.166667,0,0.166667,0.666667],[0,0,0,1],[0.166667,0,0,0.833333],[0,0,0.166667,0.833333],[0,0.166667,0,0.833333],[0.5,0,0.333333,0.166667],[0.333333,0,0,0.666667],[0,0.166667,0,0.833333],[0.166667,0,0.666667,0.166667],[0.333333,0.333333,0.166667,0.166667],[0.333333,0.166667,0.5,0],[0.166667,0,0.166667,0.666667],[0,0.166667,0,0.833333],[0.166667,0,0,0.833333],[0,0,0.666667,0.333333],[0,0.666667,0.166667,0.166667],[0,0.166667,0,0.833333],[0,0,0,1],[0,0,0.166667,0.833333],[0.166667,0,0,0.833333],[0,0,0.833333,0.166667],[0,0.166667,0.833333,0],[0.166667,0.166667,0.666667,0],[0.166667,0,0.166667,0.666667],[0,0,0.166667,0.833333],[0,0.833333,0,0.166667],[0,0.166667,0,0.833333],[0,0,0,1],[0,0,0.666667,0.333333],[0.166667,0,0.833333,0],[0.166667,0,0.166667,0.666667],[0,0.666667,0.166667,0.166667],[0.666667,0.166667,0.166667,0],[0.333333,0,0,0.666667],[0.166667,0,0.666667,0.166667],[0.666667,0,0.166667,0.166667],[0.833333,0,0.166667,0],[0.5,0,0.5,0],[0.166667,0.166667,0,0.666667],[0.333333,0.333333,0,0.333333],[0,0.5,0,0.5],[0,0.166667,0,0.833333],[0,0,0.166667,0.833333],[0.166667,0,0.5,0.333333],[0,0.666667,0.166667,0.166667],[0.166667,0.833333,0,0],[0,0.333333,0,0.666667],[0.666667,0.166667,0,0.166667],[1,0,0,0],[0.333333,0,0.666667,0],[0,0.666667,0.166667,0.166667],[0.166667,0.833333,0,0],[0.666667,0.166667,0,0.166667],[0.833333,0,0,0.166667],[0.166667,0.166667,0.166667,0.5],[0.166667,0,0.666667,0.166667],[0,0.166667,0.333333,0.5],[0,0.666667,0.166667,0.166667],[0,0.5,0,0.5],[0.666667,0.166667,0,0.166667],[0.333333,0,0.666667,0],[0.833333,0,0.166667,0],[0.833333,0.166667,0,0],[0.166667,0.166667,0.666667,0],[0.5,0,0.5,0],[0.166667,0,0.833333,0],[0.166667,0.166667,0.166667,0.5],[0.166667,0,0,0.833333],[0.166667,0,0,0.833333],[0,0,0.166667,0.833333],[0,0.166667,0,0.833333],[0.166667,0.666667,0,0.166667],[0.166667,0.333333,0,0.5],[0.333333,0,0.666667,0],[1,0,0,0],[0.166667,0,0,0.833333],[0,0,0.833333,0.166667],[0,0.333333,0,0.666667],[0,0,0,1],[0.833333,0,0,0.166667],[0.166667,0,0,0.833333],[0.166667,0.833333,0,0],[0.333333,0,0,0.666667],[0,0,0,1],[0.166667,0.833333,0,0],[0,0,0.166667,0.833333],[0.666667,0.166667,0.166667,0],[0,0.166667,0.833333,0],[0.833333,0,0,0.166667],[0.833333,0.166667,0,0],[0.166667,0,0,0.833333],[0.166667,0,0,0.833333],[0,0.166667,0,0.833333],[0.166667,0,0,0.833333],[0,0,0.166667,0.833333],[0.833333,0.166667,0,0],[0,0,0,1],[0.666667,0,0.166667,0.166667],[0,0,0.833333,0.166667],[0.166667,0.166667,0,0.666667],[0.166667,0,0,0.833333],[0.166667,0,0,0.833333],[0,1,0,0],[1,0,0,0],[0,0,1,0],[0,0,1,0],[0.166667,0,0,0.833333],[0.166667,0.833333,0,0],[0,0.166667,0,0.833333],[0.166667,0.166667,0,0.666667],[0.833333,0.166667,0,0],[0.166667,0.166667,0.666667,0],[0.666667,0,0.333333,0],[0,0,0,1],[0,0.333333,0,0.666667],[0.166667,0,0,0.833333],[0.833333,0.166667,0,0],[0.833333,0,0,0.166667],[0.166667,0.166667,0.666667,0],[0.166667,0,0,0.833333],[0.166667,0.5,0,0.333333],[0,0.833333,0,0.166667],[0.166667,0,0,0.833333],[0.166667,0,0,0.833333],[0.5,0.166667,0.333333,0],[1,0,0,0],[0.166667,0,0,0.833333],[0.166667,0.666667,0,0.166667]