<!DOCTYPE HTML>
<html>
  <head>
    <meta charset="UTF-8">
    <title>SpaMo - Spaced Motif Analysis</title>
    <script type="text/javascript">
      //@JSON_VAR data
      var data = {"program":"SpaMo","version":"4.12.0","revision":"aacc9c3eb8c7b460b344d5c8aa1458097dae704d","release":"Tue Jun 27 16:22:50 2017 -0700","host":"Sudins-iMac.local","when":"Thu May 24 14:12:26 2018","cmd":["spamo","-verbosity","1","-oc","results/AHRpeaks_noAHREs.bed.fa/hocomoco/spamo_out_5","-bgfile","results/AHRpeaks_noAHREs.bed.fa/hocomoco/background","-primary","AGATAW","results/AHRpeaks_noAHREs.bed.fa/hocomoco/AHRpeaks_noAHREs.bed.fa","results/AHRpeaks_noAHREs.bed.fa/hocomoco/dreme_out/dreme.xml","results/AHRpeaks_noAHREs.bed.fa/hocomoco/meme_out/meme.xml","results/AHRpeaks_noAHREs.bed.fa/hocomoco/dreme_out/dreme.xml","/Users/filipov4/meme/db/motif_databases/HUMAN/HOCOMOCOv11_full_HUMAN_mono_meme_format.meme"],"options":{"seq_min_hit_score":7,"margin":150,"bin_size":1,"bin_pvalue_calc_range":150,"use_best_secondary":0,"seq_max_shared_fract":0.5,"seq_odds_ratio":20,"bin_pvalue_cutoff":0.05,"motif_evalue_cutoff":10,"redundant_overlap":2,"redundant_joint":0.5,"motif_pseudocount":0.1,"bgfile":"results/AHRpeaks_noAHREs.bed.fa/hocomoco/background","motif_trim":0.25,"xalph":0,"seed":1,"bin_max":13},"alphabet":{"name":"DNA","like":"dna","ncore":4,"symbols":[{"symbol":"A","name":"Adenine","colour":"CC0000","complement":"T"},{"symbol":"C","name":"Cytosine","colour":"0000CC","complement":"G"},{"symbol":"G","name":"Guanine","colour":"FFB300","complement":"C"},{"symbol":"T","aliases":"U","name":"Thymine","colour":"008000","complement":"A"},{"symbol":"N","aliases":"X.","name":"Any base","equals":"ACGT"},{"symbol":"V","name":"Not T","equals":"ACG"},{"symbol":"H","name":"Not G","equals":"ACT"},{"symbol":"D","name":"Not C","equals":"AGT"},{"symbol":"B","name":"Not A","equals":"CGT"},{"symbol":"M","name":"Amino","equals":"AC"},{"symbol":"R","name":"Purine","equals":"AG"},{"symbol":"W","name":"Weak","equals":"AT"},{"symbol":"S","name":"Strong","equals":"CG"},{"symbol":"Y","name":"Pyrimidine","equals":"CT"},{"symbol":"K","name":"Keto","equals":"GT"}]},"background":[0.2912,0.2088,0.2088,0.2912],"sequence_dbs":[{"source":"results/AHRpeaks_noAHREs.bed.fa/hocomoco/AHRpeaks_noAHREs.bed.fa","name":"AHRpeaks_noAHREs.bed","last_modified":"Thu May 24 11:14:28 2018","loaded":1228,"excluded_too_short":13,"excluded_no_match":601,"excluded_ambigs":0,"excluded_similar":14,"erased_primary_matches":303}],"primary_dbs":[{"source":"results/AHRpeaks_noAHREs.bed.fa/hocomoco/dreme_out/dreme.xml","name":"dreme.xml","last_modified":"Thu May 24 14:11:05 2018","loaded":7,"excluded":6}],"secondary_dbs":[{"source":"results/AHRpeaks_noAHREs.bed.fa/hocomoco/meme_out/meme.xml","name":"meme.xml","last_modified":"Thu May 24 14:10:11 2018","loaded":7,"excluded":0},{"source":"results/AHRpeaks_noAHREs.bed.fa/hocomoco/dreme_out/dreme.xml","name":"dreme.xml","last_modified":"Thu May 24 14:11:05 2018","loaded":8,"excluded":1},{"source":"/Users/filipov4/meme/db/motif_databases/HUMAN/HOCOMOCOv11_full_HUMAN_mono_meme_format.meme","name":"HOCOMOCOv11_full_HUMAN_mono_meme_format","last_modified":"Wed Dec  6 21:59:30 2017","loaded":771,"excluded":0}],"secondary_motifs":[{"db":0,"id":"AARAGCTTCTGCACRGCAAARGAA","alt":"MEME-4","len":24,"ltrim":0,"rtrim":0,"nsites":6,"evalue":"5.0e-004","pwm":[[0.98838,0.00342295,0.00342295,0.00477377],[0.824446,0.00342295,0.00342295,0.168709],[0.660512,0.00342295,0.331291,0.00477377],[0.98838,0.00342295,0.00342295,0.00477377],[0.168709,0.00342295,0.823095,0.00477377],[0.00477377,0.98703,0.00342295,0.00477377],[0.00477377,0.00342295,0.00342295,0.98838],[0.00477377,0.00342295,0.167358,0.824446],[0.00477377,0.823095,0.00342295,0.168709],[0.00477377,0.00342295,0.00342295,0.98838],[0.168709,0.00342295,0.823095,0.00477377],[0.00477377,0.98703,0.00342295,0.00477377],[0.98838,0.00342295,0.00342295,0.00477377],[0.00477377,0.823095,0.00342295,0.168709],[0.660512,0.00342295,0.331291,0.00477377],[0.168709,0.00342295,0.823095,0.00477377],[0.00477377,0.823095,0.00342295,0.168709],[0.824446,0.167358,0.00342295,0.00477377],[0.98838,0.00342295,0.00342295,0.00477377],[0.98838,0.00342295,0.00342295,0.00477377],[0.660512,0.00342295,0.331291,0.00477377],[0.00477377,0.00342295,0.823095,0.168709],[0.824446,0.00342295,0.167358,0.00477377],[0.98838,0.00342295,0.00342295,0.00477377]]},{"db":0,"id":"CTTSTAGACAYTGNCTTAGGCAARKAYTTC","alt":"MEME-5","len":30,"ltrim":0,"rtrim":0,"nsites":6,"evalue":"6.2e-016","pwm":[[0.00477377,0.98703,0.00342295,0.00477377],[0.00477377,0.00342295,0.00342295,0.98838],[0.00477377,0.00342295,0.00342295,0.98838],[0.00477377,0.659161,0.331291,0.00477377],[0.00477377,0.167358,0.00342295,0.824446],[0.98838,0.00342295,0.00342295,0.00477377],[0.00477377,0.167358,0.823095,0.00477377],[0.824446,0.00342295,0.167358,0.00477377],[0.00477377,0.98703,0.00342295,0.00477377],[0.98838,0.00342295,0.00342295,0.00477377],[0.00477377,0.331291,0.00342295,0.660512],[0.00477377,0.00342295,0.00342295,0.98838],[0.00477377,0.00342295,0.98703,0.00477377],[0.168709,0.167358,0.331291,0.332642],[0.00477377,0.98703,0.00342295,0.00477377],[0.00477377,0.167358,0.00342295,0.824446],[0.00477377,0.00342295,0.167358,0.824446],[0.98838,0.00342295,0.00342295,0.00477377],[0.00477377,0.00342295,0.98703,0.00477377],[0.00477377,0.00342295,0.98703,0.00477377],[0.00477377,0.823095,0.00342295,0.168709],[0.98838,0.00342295,0.00342295,0.00477377],[0.98838,0.00342295,0.00342295,0.00477377],[0.496577,0.00342295,0.495226,0.00477377],[0.00477377,0.00342295,0.659161,0.332642],[0.98838,0.00342295,0.00342295,0.00477377],[0.00477377,0.331291,0.167358,0.496577],[0.00477377,0.00342295,0.00342295,0.98838],[0.00477377,0.00342295,0.00342295,0.98838],[0.00477377,0.98703,0.00342295,0.00477377]]},{"db":0,"id":"GVARAGTAAACAVAMA","alt":"MEME-2","len":16,"ltrim":0,"rtrim":0,"nsites":43,"evalue":"4.3e-012","pwm":[[0.000675638,0.0700896,0.626935,0.3023],[0.395107,0.394916,0.209301,0.000675638],[0.743135,0.000484455,0.0468885,0.209492],[0.371905,0.116494,0.510925,0.000675638],[0.882346,0.0236865,0.0700896,0.0238777],[0.255896,0.000484455,0.742944,0.000675638],[0.000675638,0.209301,0.000484455,0.789539],[0.92875,0.0468885,0.000484455,0.0238777],[0.998355,0.000484455,0.000484455,0.000675638],[0.998355,0.000484455,0.000484455,0.000675638],[0.000675638,0.928559,0.0700896,0.000675638],[0.951951,0.000484455,0.000484455,0.0470797],[0.232694,0.232503,0.371714,0.163089],[0.603924,0.162898,0.0468885,0.186291],[0.418309,0.371714,0.1861,0.0238777],[0.650328,0.162898,0.0236865,0.163089]]},{"db":2,"id":"ALX3_HUMAN.H11MO.0.D","len":11,"ltrim":0,"rtrim":0,"nsites":8236,"evalue":"1.0e+000","url":"http://hocomoco.autosome.ru/motif/ALX3_HUMAN.H11MO.0.D","pwm":[[0.0593557,0.0292877,0.0125403,0.898816],[0.935254,0.000883977,0.0127345,0.0511271],[0.99982,2.70197e-05,0.000124958,2.80201e-05],[0.000493225,0.00401799,0.000198411,0.99529],[0.00685919,0.109791,0.016652,0.866698],[0.703233,0.00166748,0.295096,3.53565e-06],[0.476896,0.0894461,0.412179,0.0214782],[0.658444,0.158693,0.132124,0.0507388],[0.0224593,0.0203036,0.0188346,0.938403],[0.171225,0.0612189,0.0304664,0.73709],[0.800539,0.0456258,0.0573783,0.0964566]]},{"db":2,"id":"ALX4_HUMAN.H11MO.0.D","len":12,"ltrim":1,"rtrim":0,"nsites":23223,"evalue":"1.0e+000","url":"http://hocomoco.autosome.ru/motif/ALX4_HUMAN.H11MO.0.D","pwm":[[0.166685,0.314129,0.138493,0.380693],[0.00484365,0.00162974,0.00101777,0.992509],[0.995913,0.000172038,0.000838089,0.00307712],[0.999929,1.44194e-05,4.146e-05,1.47742e-05],[1.25392e-06,0.000342464,5.49803e-05,0.999601],[0.00033428,0.044124,0.000685453,0.954856],[0.785114,8.99105e-07,0.214884,1.25392e-06],[0.591414,0.0179942,0.389556,0.00103591],[0.952457,0.00913776,0.0295192,0.00888621],[0.00264198,0.00363074,0.00249788,0.991229],[0.0153976,0.00998491,0.00386805,0.970749],[0.980307,0.00494754,0.00543285,0.00931281]]},{"db":2,"id":"ARX_HUMAN.H11MO.0.D","len":13,"ltrim":1,"rtrim":1,"nsites":623,"evalue":"1.0e+000","url":"http://hocomoco.autosome.ru/motif/ARX_HUMAN.H11MO.0.D","pwm":[[0.15448,0.2815,0.154443,0.409576],[0.0597561,0.0575878,0.0565102,0.826146],[0.964913,0.00488253,0.0167119,0.0134924],[0.972725,0.00407436,0.018035,0.00516515],[0.00408758,0.0793608,0.00622948,0.910322],[0.000316124,0.406138,0.0261167,0.567429],[0.000316124,0.25856,0.00138046,0.739743],[0.942015,0.00138046,0.0552109,0.00139368],[0.996923,0.0003029,0.0003029,0.00247124],[0.000854904,0.00084168,0.00084168,0.997462],[0.0172639,0.00111107,0.00111107,0.980514],[0.74583,0.0825637,0.0836412,0.0879647],[0.312978,0.166536,0.370076,0.15041]]},{"db":2,"id":"BRCA1_HUMAN.H11MO.0.D","len":9,"ltrim":1,"rtrim":0,"nsites":73,"evalue":"1.0e+000","url":"http://hocomoco.autosome.ru/motif/BRCA1_HUMAN.H11MO.0.D","pwm":[[0.14424,0.197216,0.290358,0.368186],[0.189616,0.000285636,0.275402,0.534697],[0.0283916,0.125296,0.153289,0.693024],[0.0563849,0.344425,0.481495,0.117695],[0.0283916,0.149921,0.450604,0.371083],[0.000398358,0.000285636,0.869562,0.129754],[0.000398358,0.0282789,0.000285636,0.971037],[0.000398358,0.000285636,0.000285636,0.99903],[0.0633832,0.0734104,0.827816,0.0353899]]},{"db":2,"id":"CDC5L_HUMAN.H11MO.0.D","len":15,"ltrim":0,"rtrim":0,"nsites":10,"evalue":"1.0e+000","url":"http://hocomoco.autosome.ru/motif/CDC5L_HUMAN.H11MO.0.D","pwm":[[0.151398,0.150582,0.645632,0.0523881],[0.00288317,0.200087,0.398107,0.398923],[0.200903,0.00206733,0.794147,0.00288317],[0.497933,0.101077,0.101077,0.299913],[0.00288317,0.101077,0.299097,0.596943],[0.200903,0.00206733,0.200087,0.596943],[0.101893,0.00206733,0.00206733,0.893972],[0.893972,0.00206733,0.101077,0.00288317],[0.794962,0.00206733,0.00206733,0.200903],[0.101893,0.596127,0.00206733,0.299913],[0.596943,0.00206733,0.299097,0.101893],[0.200903,0.101077,0.00206733,0.695952],[0.794962,0.101077,0.101077,0.00288317],[0.596943,0.00206733,0.101077,0.299913],[0.0771406,0.274345,0.175335,0.47318]]},{"db":2,"id":"CDX2_HUMAN.H11MO.0.A","len":12,"ltrim":0,"rtrim":0,"nsites":151,"evalue":"1.0e+000","url":"http://hocomoco.autosome.ru/motif/CDX2_HUMAN.H11MO.0.A","pwm":[[0.15241,0.119265,0.211918,0.516407],[0.0597559,0.0729377,0.0597014,0.807605],[0.106083,0.000138187,0.0663195,0.827459],[0.0862285,0.245009,0.17221,0.496553],[0.986295,0.00675632,0.00675632,0.00019272],[0.00681085,0.0530833,0.0133745,0.926731],[0.0465197,0.000138187,0.31119,0.642152],[0.1855,0.00675632,0.80755,0.00019272],[0.013429,0.761224,0.132501,0.0928466],[0.264918,0.211918,0.0861739,0.43699],[0.139174,0.198682,0.350899,0.311245],[0.013429,0.231773,0.17221,0.582588]]},{"db":2,"id":"CEBPA_HUMAN.H11MO.0.A","len":12,"ltrim":1,"rtrim":1,"nsites":500,"evalue":"1.0e+000","url":"http://hocomoco.autosome.ru/motif/CEBPA_HUMAN.H11MO.0.A","pwm":[[0.230012,0.132015,0.365969,0.272004],[0.345989,0.182005,0.465949,0.00605703],[0.00805663,0.00404095,0.00604055,0.981862],[0.00205783,0.00204135,0.279986,0.715915],[0.158027,0.00804015,0.619918,0.214015],[0.176023,0.118018,0.116019,0.58994],[5.82283e-05,4.17517e-05,0.995843,0.00405743],[0.156027,0.771887,4.17517e-05,0.0720438],[0.983861,0.0100398,0.00204135,0.00405743],[0.98986,4.17517e-05,0.00804015,0.00205783],[0.0140554,0.297982,0.176007,0.511956],[0.319994,0.331975,0.221997,0.126033]]},{"db":2,"id":"CEBPB_HUMAN.H11MO.0.A","len":12,"ltrim":1,"rtrim":1,"nsites":454,"evalue":"1.0e+000","url":"http://hocomoco.autosome.ru/motif/CEBPB_HUMAN.H11MO.0.A","pwm":[[0.237897,0.0991431,0.352391,0.310568],[0.453709,0.132175,0.387626,0.02649],[6.41268e-05,0.00224814,0.00224814,0.99544],[6.41268e-05,4.59811e-05,0.299539,0.70035],[0.30176,0.00224814,0.513149,0.182843],[0.167428,0.259901,0.0815258,0.491145],[6.41268e-05,4.59811e-05,0.999826,6.41268e-05],[0.081544,0.898526,4.59811e-05,0.0198835],[0.999844,4.59811e-05,4.59811e-05,6.41268e-05],[0.999844,4.59811e-05,4.59811e-05,6.41268e-05],[6.41268e-05,0.244486,0.147591,0.60786],[0.370027,0.332572,0.182825,0.114576]]},{"db":2,"id":"CPEB1_HUMAN.H11MO.0.D","len":17,"ltrim":0,"rtrim":0,"nsites":1803,"evalue":"1.0e+000","url":"http://hocomoco.autosome.ru/motif/CPEB1_HUMAN.H11MO.0.D","pwm":[[0.163623,0.21797,0.0893022,0.529105],[0.00057075,0.00056618,0.00056618,0.998297],[0.00473025,0.00361648,0.00028888,0.991364],[0.0007094,0.00181403,0.00015023,0.997326],[1.615e-05,0.00167538,1.15801e-05,0.998297],[0.996633,0.00056618,0.00222998,0.00057075],[0.00223455,0.0543624,0.00333918,0.940064],[0.128129,0.235717,0.0282962,0.607858],[0.181925,0.250691,0.0732188,0.494165],[0.0926344,0.223516,0.0482618,0.635588],[0.0809878,0.184139,0.0343968,0.700476],[0.065459,0.135889,0.0260778,0.772575],[0.100399,0.118141,0.016095,0.765365],[0.181232,0.0991464,0.0115195,0.708102],[0.224075,0.116478,0.0233048,0.636143],[0.240297,0.168749,0.0345355,0.556419],[0.223659,0.210344,0.0700299,0.495968]]},{"db":2,"id":"DBP_HUMAN.H11MO.0.B","len":11,"ltrim":0,"rtrim":2,"nsites":25,"evalue":"1.0e+000","url":"http://hocomoco.autosome.ru/motif/DBP_HUMAN.H11MO.0.B","pwm":[[0.312734,0.230682,0.429885,0.026699],[0.072669,0.000831873,0.0468018,0.879697],[0.0931001,0.0468018,0.0978796,0.762218],[0.639632,0.0774485,0.164281,0.118639],[0.026699,0.13108,0.0927718,0.749449],[0.0931001,0.000831873,0.85383,0.0522379],[0.00116016,0.455424,0.000831873,0.542584],[0.900128,0.0519096,0.000831873,0.0471301],[0.951206,0.000831873,0.000831873,0.0471301],[0.0905462,0.330283,0.258774,0.320396],[0.394459,0.246005,0.184712,0.174824]]},{"db":2,"id":"DMBX1_HUMAN.H11MO.0.D","len":20,"ltrim":3,"rtrim":2,"nsites":29,"evalue":"1.0e+000","url":"http://hocomoco.autosome.ru/motif/DMBX1_HUMAN.H11MO.0.D","pwm":[[0.172822,0.275632,0.138175,0.413372],[0.421963,0.284223,0.112401,0.181413],[0.430554,0.292814,0.155357,0.121276],[0.207186,0.138175,0.10381,0.550829],[0.413372,0.0350818,0.0350818,0.516465],[0.516465,0.0350818,0.0350818,0.413372],[0.310279,0.10381,0.0350818,0.550829],[0.550829,0.172539,0.0350818,0.241551],[0.585193,0.10381,0.0350818,0.275915],[0.138458,0.309996,0.172539,0.379008],[0.104093,0.619274,0.0350818,0.241551],[0.00100069,0.447453,0.069446,0.4821],[0.757014,0.0350818,0.138175,0.0697292],[0.894471,0.0350818,0.069446,0.00100069],[0.00100069,0.0350818,0.000717526,0.9632],[0.00100069,0.000717526,0.000717526,0.997564],[0.997564,0.000717526,0.000717526,0.00100069],[0.619557,0.138175,0.138175,0.104093],[0.0955024,0.232676,0.335769,0.336052],[0.241551,0.10381,0.241267,0.413372]]},{"db":2,"id":"EMX1_HUMAN.H11MO.0.D","len":12,"ltrim":0,"rtrim":0,"nsites":30488,"evalue":"1.0e+000","url":"http://hocomoco.autosome.ru/motif/EMX1_HUMAN.H11MO.0.D","pwm":[[0.0339814,0.140908,0.0283068,0.796804],[0.827217,0.158005,0.00722481,0.00755308],[0.989535,0.00426464,0.00262466,0.00357612],[0.00232153,0.00192767,0.00225566,0.993495],[0.00124734,0.00180467,0.00597023,0.990978],[0.993241,0.00147667,0.00347745,0.00180494],[0.227778,0.141909,0.624195,0.0061181],[0.0472653,0.41777,0.182597,0.352368],[0.141802,0.143048,0.20973,0.505419],[0.523131,0.150986,0.100999,0.224884],[0.599202,0.122885,0.0901178,0.187796],[0.278954,0.110691,0.0865836,0.523771]]},{"db":2,"id":"EVX2_HUMAN.H11MO.0.A","len":13,"ltrim":2,"rtrim":2,"nsites":500,"evalue":"1.0e+000","url":"http://hocomoco.autosome.ru/motif/EVX2_HUMAN.H11MO.0.A","pwm":[[0.164025,0.176007,0.361969,0.297999],[0.116035,0.182005,0.208,0.493959],[0.0120558,0.0100398,0.014039,0.963865],[0.0140554,0.00804015,4.17517e-05,0.977863],[0.0280526,0.0220374,0.0280362,0.921874],[0.983861,0.0100398,0.00404095,0.00205783],[0.00405743,0.0580302,4.17517e-05,0.937871],[0.046049,0.00604055,0.495943,0.451968],[0.385981,4.17517e-05,0.605921,0.00805663],[0.046049,0.735895,0.106021,0.112036],[0.156027,0.413959,0.0480322,0.381982],[0.128033,0.30798,0.196003,0.367985],[0.14203,0.249992,0.190004,0.417975]]},{"db":2,"id":"FOXC1_HUMAN.H11MO.0.C","len":15,"ltrim":2,"rtrim":0,"nsites":26,"evalue":"1.0e+000","url":"http://hocomoco.autosome.ru/motif/FOXC1_HUMAN.H11MO.0.C","pwm":[[0.135215,0.479727,0.173214,0.211844],[0.345943,0.0774284,0.345628,0.231001],[0.269315,0.154057,0.0774284,0.4992],[0.00111571,0.000800001,0.000800001,0.997284],[0.00111571,0.000800001,0.996969,0.00111571],[0.0394299,0.000800001,0.000800001,0.95897],[0.0394299,0.000800001,0.000800001,0.95897],[0.00111571,0.000800001,0.0391142,0.95897],[0.95897,0.000800001,0.000800001,0.0394299],[0.00111571,0.728769,0.000800001,0.269315],[0.231001,0.115743,0.000800001,0.652457],[0.00111571,0.192371,0.000800001,0.805713],[0.652457,0.000800001,0.000800001,0.345943],[0.460886,0.192371,0.268999,0.0777441],[0.0394299,0.268999,0.575513,0.116058]]},{"db":2,"id":"FOXD3_HUMAN.H11MO.0.D","len":15,"ltrim":2,"rtrim":3,"nsites":465,"evalue":"1.0e+000","url":"http://hocomoco.autosome.ru/motif/FOXD3_HUMAN.H11MO.0.D","pwm":[[0.157018,0.176351,0.298905,0.367725],[0.118317,0.217202,0.266654,0.397827],[0.135517,0.00649512,0.0559469,0.802041],[0.038764,0.0688473,0.872975,0.0194133],[0.0925158,0.0516467,0.0365962,0.819241],[0.0366139,0.111849,0.0494966,0.802041],[0.0538145,4.48936e-05,0.0946482,0.851492],[0.339775,0.200002,0.225803,0.234421],[0.0581146,0.599916,0.0623971,0.279572],[0.294623,0.202152,0.0408963,0.462329],[0.109716,0.223653,0.0709974,0.595633],[0.404277,0.0473465,0.14625,0.402127],[0.230121,0.14195,0.42791,0.20002],[0.101116,0.363408,0.348357,0.187119],[0.356975,0.292455,0.111849,0.238721]]},{"db":2,"id":"FOXG1_HUMAN.H11MO.0.D","len":17,"ltrim":1,"rtrim":0,"nsites":310,"evalue":"1.0e+000","url":"http://hocomoco.autosome.ru/motif/FOXG1_HUMAN.H11MO.0.D","pwm":[[0.358379,0.15223,0.184554,0.304838],[0.150408,0.111037,0.121197,0.617357],[0.0332517,0.0359944,0.0297148,0.901039],[0.102429,0.0200176,0.857509,0.0200442],[9.39051e-05,0.0032071,0.00948662,0.987212],[9.39051e-05,6.73332e-05,0.231864,0.767975],[0.00341895,6.73332e-05,0.0926128,0.903901],[0.687432,0.164261,0.108497,0.0398092],[0.0396239,0.353223,0.025556,0.581597],[0.309128,0.0957526,0.292271,0.302849],[0.191094,0.070995,0.118647,0.619264],[0.366395,0.0569537,0.178498,0.398153],[0.0616461,0.0549694,0.0200614,0.863323],[0.313884,0.0397313,0.316256,0.330129],[0.0491333,0.0747807,0.0882662,0.78782],[0.238744,0.0549231,0.078569,0.627764],[0.0828908,0.134397,0.197018,0.585694]]},{"db":2,"id":"FOXJ3_HUMAN.H11MO.1.B","len":13,"ltrim":0,"rtrim":0,"nsites":613,"evalue":"1.0e+000","url":"http://hocomoco.autosome.ru/motif/FOXJ3_HUMAN.H11MO.1.B","pwm":[[0.126265,0.100128,0.122347,0.65126],[0.0348007,3.40565e-05,0.390458,0.574707],[0.0300393,3.40565e-05,0.51609,0.453837],[4.74963e-05,3.40565e-05,3.40565e-05,0.999884],[0.0547374,3.40565e-05,0.11534,0.829889],[0.396792,3.40565e-05,0.115349,0.487824],[0.356264,0.0774995,3.40565e-05,0.566202],[4.74963e-05,3.40565e-05,3.40565e-05,0.999884],[0.163665,3.40565e-05,0.836254,4.74963e-05],[4.74963e-05,3.40565e-05,3.40565e-05,0.999884],[4.74963e-05,3.40565e-05,3.40565e-05,0.999884],[4.74963e-05,3.40565e-05,0.012709,0.987209],[0.645558,0.104693,0.11695,0.132798]]},{"db":2,"id":"FOXK1_HUMAN.H11MO.0.A","len":10,"ltrim":0,"rtrim":0,"nsites":500,"evalue":"1.0e+000","url":"http://hocomoco.autosome.ru/motif/FOXK1_HUMAN.H11MO.0.A","pwm":[[0.0200542,0.00804015,0.0100398,0.961866],[0.076043,0.0200378,0.895863,0.00805663],[0.00605703,0.0860246,0.0200378,0.887881],[0.00205783,0.0100398,0.100022,0.887881],[0.0200542,0.0200378,0.166009,0.793899],[0.49196,0.251991,0.0620294,0.194019],[0.0240534,0.655911,0.0400338,0.280002],[0.303997,0.233995,0.11002,0.351988],[0.154027,0.211999,0.150012,0.483961],[0.116035,0.227996,0.144013,0.511956]]},{"db":2,"id":"FOXO1_HUMAN.H11MO.0.A","len":12,"ltrim":3,"rtrim":1,"nsites":500,"evalue":"1.0e+000","url":"http://hocomoco.autosome.ru/motif/FOXO1_HUMAN.H11MO.0.A","pwm":[[0.186021,0.16001,0.25999,0.393979],[0.096039,0.30998,0.255991,0.337991],[0.0600462,0.451951,0.253991,0.234011],[0.0400502,0.477946,0.170008,0.311996],[0.00605703,0.0120394,0.014039,0.967865],[0.0320518,0.034035,0.917858,0.016055],[0.00405743,0.186005,0.0160386,0.793899],[0.0100562,0.0300358,0.0620294,0.897879],[0.0120558,0.0400338,0.221997,0.725913],[0.403977,0.223997,0.0520314,0.319994],[0.00605703,0.691903,0.0520314,0.250008],[0.226013,0.263989,0.176007,0.333991]]},{"db":2,"id":"FOXP1_HUMAN.H11MO.0.A","len":9,"ltrim":0,"rtrim":0,"nsites":295,"evalue":"1.0e+000","url":"http://hocomoco.autosome.ru/motif/FOXP1_HUMAN.H11MO.0.A","pwm":[[0.0577063,0.139007,0.176282,0.627005],[0.0136534,0.281331,0.311829,0.393186],[0.00687604,0.0204028,0.0305689,0.942152],[0.0204308,0.0407349,0.840464,0.0983705],[9.86784e-05,0.0170142,0.0576783,0.925209],[0.00687604,0.0949538,0.0407349,0.857435],[0.0102647,0.0136255,0.0813991,0.894711],[0.525344,0.345716,0.0373463,0.0915931],[0.0170421,0.484652,0.0102368,0.488069]]},{"db":2,"id":"FUBP1_HUMAN.H11MO.0.D","len":12,"ltrim":0,"rtrim":0,"nsites":102,"evalue":"1.0e+000","url":"http://hocomoco.autosome.ru/motif/FUBP1_HUMAN.H11MO.0.D","pwm":[[0.00266383,0.163272,0.0311266,0.802937],[0.00028521,0.475929,0.0192335,0.504553],[0.00028521,0.000204506,0.980196,0.0193142],[0.00028521,0.000204506,0.0298051,0.969705],[0.28572,0.179922,0.305725,0.228633],[0.125031,0.219038,0.104864,0.551068],[0.0764011,0.0752632,0.257096,0.59124],[0.0193142,0.0858348,0.0858348,0.809016],[0.0573721,0.0858348,0.0858348,0.770958],[0.0668866,0.104864,0.18098,0.64727],[0.104945,0.122836,0.171465,0.600755],[0.100187,0.0895349,0.119136,0.691142]]},{"db":2,"id":"HSF1_HUMAN.H11MO.1.A","len":9,"ltrim":0,"rtrim":1,"nsites":107,"evalue":"1.0e+000","url":"http://hocomoco.autosome.ru/motif/HSF1_HUMAN.H11MO.1.A","pwm":[[0.0562943,0.0935656,0.0935656,0.756574],[0.0562943,0.0748915,0.102903,0.765911],[0.0749684,0.877879,0.0188691,0.0282831],[0.018946,0.0188691,0.0282062,0.933979],[0.233699,0.0188691,0.74716,0.000271895],[0.0376202,0.000194958,0.961913,0.000271895],[0.859282,0.000194958,0.130914,0.00960896],[0.933979,0.000194958,0.0468803,0.018946],[0.42044,0.11224,0.280307,0.187013]]},{"db":2,"id":"HXA13_HUMAN.H11MO.0.C","len":11,"ltrim":2,"rtrim":0,"nsites":17,"evalue":"1.0e+000","url":"http://hocomoco.autosome.ru/motif/HXA13_HUMAN.H11MO.0.C","pwm":[[0.188535,0.194909,0.503439,0.113117],[0.344514,0.062927,0.371457,0.221102],[0.00170292,0.00122105,0.193195,0.803881],[0.289664,0.00122105,0.124633,0.584482],[0.0634089,0.00122105,0.00122105,0.934149],[0.262239,0.00122105,0.00122105,0.735319],[0.995855,0.00122105,0.00122105,0.00170292],[0.00170292,0.172627,0.00122105,0.824449],[0.111402,0.062927,0.234333,0.591338],[0.00170292,0.062927,0.762262,0.173108],[0.101118,0.189767,0.676559,0.0325559]]},{"db":2,"id":"HXB13_HUMAN.H11MO.0.A","len":10,"ltrim":0,"rtrim":1,"nsites":500,"evalue":"1.0e+000","url":"http://hocomoco.autosome.ru/motif/HXB13_HUMAN.H11MO.0.A","pwm":[[0.0680446,0.10802,0.100022,0.723913],[0.0100562,0.00604055,0.0180382,0.965865],[5.82283e-05,0.00404095,0.00204135,0.993859],[0.0140554,0.024037,0.0260366,0.935871],[0.943869,0.0220374,0.034035,5.82283e-05],[0.0240534,0.100022,0.00204135,0.873883],[0.262006,0.0100398,0.323977,0.403977],[0.250008,0.00804015,0.655911,0.086041],[0.102038,0.329976,0.499942,0.0680446],[0.19202,0.383965,0.168008,0.256007]]},{"db":2,"id":"HXC11_HUMAN.H11MO.0.D","len":11,"ltrim":1,"rtrim":1,"nsites":320,"evalue":"1.0e+000","url":"http://hocomoco.autosome.ru/motif/HXC11_HUMAN.H11MO.0.D","pwm":[[0.313742,0.10932,0.253005,0.323933],[0.111536,0.0717406,0.140313,0.676411],[0.0299455,0.0638173,0.0450978,0.861139],[0.0558927,0.0151032,0.0176509,0.911353],[0.363645,0.0201987,0.0032499,0.612907],[0.971862,0.0102562,6.52297e-05,0.0178167],[0.00518644,0.634505,0.0245488,0.33576],[0.0309981,0.0410548,0.765894,0.162053],[0.741328,0.02931,0.145964,0.0833983],[0.0711836,0.554161,0.146271,0.228384],[0.173992,0.389096,0.15624,0.280672]]},{"db":2,"id":"HXC12_HUMAN.H11MO.0.D","len":12,"ltrim":1,"rtrim":2,"nsites":2465,"evalue":"1.0e+000","url":"http://hocomoco.autosome.ru/motif/HXC12_HUMAN.H11MO.0.D","pwm":[[0.301318,0.115927,0.221805,0.360951],[0.113293,0.0581197,0.101931,0.726656],[0.0160355,0.00832456,0.0103529,0.965287],[0.012486,0.0027467,0.0027467,0.982021],[0.143211,0.00163112,0.00893306,0.846225],[0.995103,0.000414133,0.000819796,0.00366278],[0.00204013,0.489644,0.00609342,0.502223],[0.0365215,0.0438201,0.544814,0.374844],[0.737913,0.0304332,0.185396,0.0462574],[0.0547763,0.595116,0.133066,0.217042],[0.155786,0.356992,0.163085,0.324137],[0.166131,0.188439,0.188845,0.456586]]},{"db":2,"id":"HXC13_HUMAN.H11MO.0.D","len":11,"ltrim":2,"rtrim":3,"nsites":1231,"evalue":"1.0e+000","url":"http://hocomoco.autosome.ru/motif/HXC13_HUMAN.H11MO.0.D","pwm":[[0.335293,0.160646,0.184202,0.31986],[0.268077,0.098303,0.271319,0.362301],[0.0639908,0.0436771,0.0461139,0.846218],[0.00814647,0.0178872,0.00489065,0.969076],[0.00164822,0.00976434,0.00326609,0.985321],[0.0536342,0.0130135,0.0073275,0.926025],[0.973949,0.0227608,0.00326609,2.36536e-05],[0.0138324,0.814736,0.00895206,0.16248],[0.148671,0.160036,0.457332,0.233961],[0.508715,0.155366,0.182171,0.153748],[0.147859,0.183593,0.51013,0.158419]]},{"db":2,"id":"HXC9_HUMAN.H11MO.0.C","len":10,"ltrim":0,"rtrim":0,"nsites":500,"evalue":"1.0e+000","url":"http://hocomoco.autosome.ru/motif/HXC9_HUMAN.H11MO.0.C","pwm":[[0.260006,0.156011,0.074027,0.509956],[0.0400502,0.0280362,0.0460326,0.885881],[0.00805663,0.0120394,0.0160386,0.963865],[0.224013,0.126017,0.0320354,0.617935],[0.959866,0.024037,0.0120394,0.00405743],[0.0120558,0.024037,0.0180382,0.945869],[0.0520478,0.00404095,0.453951,0.48996],[0.156027,0.014039,0.801881,0.0280526],[0.0220538,0.773887,0.134015,0.0700442],[0.288001,0.399962,0.0160386,0.295999]]},{"db":2,"id":"HXD10_HUMAN.H11MO.0.D","len":10,"ltrim":0,"rtrim":0,"nsites":7,"evalue":"1.0e+000","url":"http://hocomoco.autosome.ru/motif/HXD10_HUMAN.H11MO.0.D","pwm":[[0.155552,0.0332311,0.0332311,0.777985],[0.246423,0.00294085,0.746535,0.00410141],[0.125262,0.504213,0.124102,0.246423],[0.125262,0.00294085,0.00294085,0.868856],[0.125262,0.261891,0.00294085,0.609906],[0.00410141,0.00294085,0.00294085,0.990017],[0.626534,0.00294085,0.124102,0.246423],[0.609906,0.00294085,0.261891,0.125262],[0.00410141,0.00294085,0.00294085,0.990017],[0.0343916,0.0332311,0.275553,0.656824]]},{"db":2,"id":"HXD11_HUMAN.H11MO.0.D","len":11,"ltrim":1,"rtrim":3,"nsites":124,"evalue":"1.0e+000","url":"http://hocomoco.autosome.ru/motif/HXD11_HUMAN.H11MO.0.D","pwm":[[0.328599,0.13514,0.191546,0.344715],[0.26212,0.11701,0.100893,0.519977],[0.0324667,0.0243423,0.104922,0.838268],[0.000234649,0.0162843,0.0968645,0.886617],[0.241975,0.000168252,0.000168252,0.757688],[0.83021,0.000168252,0.145213,0.0244087],[0.00829267,0.282199,0.000168252,0.70934],[0.0264232,0.0263568,0.469548,0.477672],[0.455513,0.100893,0.27817,0.165424],[0.239961,0.368823,0.167372,0.223845],[0.260106,0.227807,0.171401,0.340686]]},{"db":2,"id":"HXD12_HUMAN.H11MO.0.D","len":11,"ltrim":2,"rtrim":4,"nsites":6722,"evalue":"1.0e+000","url":"http://hocomoco.autosome.ru/motif/HXD12_HUMAN.H11MO.0.D","pwm":[[0.3526,0.171339,0.229516,0.246545],[0.351686,0.135186,0.234332,0.278796],[0.174724,0.0474473,0.175836,0.601993],[0.0186355,0.00987761,0.103778,0.867709],[4.33198e-06,3.10617e-06,0.0445372,0.955455],[4.33198e-06,9.68272e-05,0.0405868,0.959312],[0.999989,3.10617e-06,3.10617e-06,4.33198e-06],[0.240733,0.267057,0.132498,0.359711],[0.141805,0.159867,0.331437,0.366891],[0.406249,0.135372,0.279465,0.178914],[0.195349,0.34575,0.245316,0.213584]]},{"db":2,"id":"HXD13_HUMAN.H11MO.0.D","len":11,"ltrim":0,"rtrim":0,"nsites":13,"evalue":"1.0e+000","url":"http://hocomoco.autosome.ru/motif/HXD13_HUMAN.H11MO.0.D","pwm":[[0.205011,0.118089,0.118089,0.558811],[0.0022229,0.00159389,0.0792574,0.916926],[0.0798864,0.00159389,0.174179,0.74434],[0.781015,0.0210098,0.0210098,0.176966],[0.0734144,0.228112,0.0210098,0.677464],[0.0993022,0.0210098,0.228112,0.651576],[0.642946,0.0986732,0.184966,0.0734144],[0.0216388,0.0727854,0.633688,0.271888],[0.442316,0.00159389,0.476204,0.0798864],[0.0022229,0.00159389,0.864521,0.131662],[0.662362,0.169865,0.0404256,0.127347]]},{"db":2,"id":"HXD8_HUMAN.H11MO.0.D","len":11,"ltrim":1,"rtrim":3,"nsites":278,"evalue":"1.0e+000","url":"http://hocomoco.autosome.ru/motif/HXD8_HUMAN.H11MO.0.D","pwm":[[0.294963,0.154696,0.100758,0.449583],[0.55566,0.196048,0.0773854,0.170907],[0.726462,0.0288417,0.0252459,0.21945],[0.00280158,0.0207511,0.0243469,0.9521],[0.341708,7.5081e-05,0.0216501,0.636566],[0.309346,0.00367091,7.5081e-05,0.686908],[0.125959,0.0108626,0.765987,0.0971921],[0.0117912,0.964656,0.0117615,0.0117912],[0.443291,0.191553,0.184361,0.180795],[0.194279,0.215825,0.190654,0.399242],[0.343506,0.203239,0.196048,0.257206]]},{"db":2,"id":"ISX_HUMAN.H11MO.0.D","len":16,"ltrim":1,"rtrim":1,"nsites":15142,"evalue":"1.0e+000","url":"http://hocomoco.autosome.ru/motif/ISX_HUMAN.H11MO.0.D","pwm":[[0.0990056,0.353834,0.123455,0.423705],[0.00965863,0.0437344,0.00804495,0.938562],[0.978997,0.00695724,0.00708804,0.00695779],[0.99993,2.31781e-05,2.31781e-05,2.37223e-05],[1.92311e-06,1.37894e-06,1.37894e-06,0.999995],[8.91197e-05,8.85755e-05,0.00309085,0.996731],[0.569838,0.000393763,0.429548,0.000219915],[0.235331,0.119085,0.63126,0.0143236],[0.276521,0.338741,0.128507,0.256232],[0.19731,0.167161,0.139676,0.495853],[0.320121,0.142979,0.0895356,0.447364],[0.532904,0.0954325,0.0398258,0.331837],[0.466517,0.0805725,0.0683153,0.384595],[0.448315,0.117652,0.0615924,0.37244],[0.361411,0.0729653,0.123264,0.44236],[0.30169,0.132586,0.16998,0.395744]]},{"db":2,"id":"LHX3_HUMAN.H11MO.0.C","len":13,"ltrim":0,"rtrim":1,"nsites":72,"evalue":"1.0e+000","url":"http://hocomoco.autosome.ru/motif/LHX3_HUMAN.H11MO.0.C","pwm":[[0.544351,0.0724301,0.181909,0.201309],[0.520796,0.0412462,0.213352,0.224606],[0.794145,0.0951191,0.10214,0.00859521],[0.586978,0.021353,0.156576,0.235093],[0.0109356,0.00731074,0.021353,0.960401],[0.000403883,0.000289598,0.0108213,0.988485],[0.999017,0.000289598,0.000289598,0.000403883],[0.988485,0.000289598,0.0108213,0.000403883],[0.000403883,0.000289598,0.000289598,0.999017],[0.0220744,0.0108213,0.0178424,0.949262],[0.942848,0.000289598,0.021353,0.0355096],[0.4687,0.0945119,0.329852,0.106935],[0.167222,0.257864,0.158916,0.415998]]},{"db":2,"id":"MAFG_HUMAN.H11MO.0.A","len":18,"ltrim":1,"rtrim":0,"nsites":430,"evalue":"1.0e+000","url":"http://hocomoco.autosome.ru/motif/MAFG_HUMAN.H11MO.0.A","pwm":[[0.395325,0.127926,0.309279,0.167471],[0.492976,0.0488744,0.188377,0.269772],[0.597603,0.0116738,0.0860751,0.304648],[0.495301,0.0395742,0.0372492,0.427875],[0.255822,0.262778,0.209302,0.272097],[0.0581937,0.0721248,0.00934871,0.860333],[6.77051e-05,4.85469e-05,0.999816,6.77051e-05],[0.0302932,0.962615,0.00237359,0.00471779],[0.00471779,0.00934871,4.85469e-05,0.985885],[6.77051e-05,4.85469e-05,0.992841,0.00704283],[0.99751,4.85469e-05,0.00237359,6.77051e-05],[0.0209931,0.553408,0.413906,0.0116929],[0.0488936,0.0302741,0.0139988,0.906834],[0.0837692,0.813813,0.0511994,0.0512186],[0.813832,4.85469e-05,0.109325,0.076794],[0.0302932,4.85469e-05,0.837063,0.132595],[0.016343,0.899839,0.0721248,0.0116929],[0.709205,0.0442243,0.100025,0.146545]]},{"db":2,"id":"MIXL1_HUMAN.H11MO.0.D","len":11,"ltrim":0,"rtrim":0,"nsites":220,"evalue":"1.0e+000","url":"http://hocomoco.autosome.ru/motif/MIXL1_HUMAN.H11MO.0.D","pwm":[[0.183004,0.132989,0.591871,0.0921359],[0.120532,0.265883,0.211362,0.402222],[0.0273926,0.0228118,0.0228118,0.926984],[0.950837,0.00123071,0.0375778,0.0103549],[0.981504,0.013725,0.00463826,0.000132303],[0.000132303,9.4866e-05,0.00463826,0.995135],[0.00921908,0.0546155,0.0273552,0.90881],[0.524894,0.138668,0.220449,0.115989],[0.34543,0.136397,0.440804,0.0773699],[0.540796,0.12731,0.186374,0.145521],[0.0875925,0.182966,0.182966,0.546475]]},{"db":2,"id":"MLXPL_HUMAN.H11MO.0.D","len":19,"ltrim":0,"rtrim":1,"nsites":10,"evalue":"1.0e+000","url":"http://hocomoco.autosome.ru/motif/MLXPL_HUMAN.H11MO.0.D","pwm":[[0.053581,0.243628,0.64921,0.053581],[0.122172,0.872877,0.00206733,0.00288317],[0.921409,0.00206733,0.00206733,0.0744566],[0.00288317,0.383792,0.121356,0.491968],[0.0863855,0.121356,0.789375,0.00288317],[0.122172,0.00206733,0.312219,0.563542],[0.00288317,0.00206733,0.992166,0.00288317],[0.432324,0.252574,0.312219,0.00288317],[0.217603,0.705873,0.00206733,0.0744566],[0.623186,0.30029,0.0736408,0.00288317],[0.420395,0.479223,0.00206733,0.0983144],[0.181817,0.586584,0.00206733,0.229532],[0.0983144,0.383792,0.419579,0.0983144],[0.0863855,0.324148,0.276432,0.313035],[0.00288317,0.682015,0.216788,0.0983144],[0.0983144,0.00206733,0.896735,0.00288317],[0.00288317,0.00206733,0.00206733,0.992982],[0.00288317,0.121356,0.872877,0.00288317],[0.053581,0.21977,0.374846,0.351804]]},{"db":2,"id":"MSX1_HUMAN.H11MO.0.D","len":18,"ltrim":0,"rtrim":1,"nsites":30735,"evalue":"1.0e+000","url":"http://hocomoco.autosome.ru/motif/MSX1_HUMAN.H11MO.0.D","pwm":[[0.136294,0.111724,0.0796568,0.672325],[0.752941,0.0465704,0.0531335,0.147355],[0.905304,0.0119547,0.0148083,0.0679329],[0.126133,0.0111703,0.0212156,0.841481],[0.0691825,0.0440892,0.044734,0.841994],[0.241862,0.0146661,0.582561,0.160911],[0.14357,0.243605,0.45331,0.159514],[0.240243,0.140283,0.173129,0.446344],[0.264295,0.185829,0.131132,0.418744],[0.156834,0.170385,0.24575,0.427031],[0.132578,0.184792,0.113412,0.569218],[0.00353298,0.00976565,0.00065861,0.986043],[0.955812,0.000864214,0.0255679,0.0177564],[0.999772,4.18e-05,0.000165162,2.15078e-05],[0.00386165,0.00662832,0.0106831,0.978827],[0.0245337,0.0299364,0.0411861,0.904344],[0.299462,0.0267385,0.638039,0.0357604],[0.122781,0.346523,0.395667,0.135029]]},{"db":2,"id":"NF2L1_HUMAN.H11MO.0.C","len":7,"ltrim":1,"rtrim":1,"nsites":112,"evalue":"1.0e+000","url":"http://hocomoco.autosome.ru/motif/NF2L1_HUMAN.H11MO.0.C","pwm":[[0.429182,0.2489,0.0801384,0.24178],[0.216039,0.0467284,0.709546,0.0276866],[0.000259768,0.000186262,0.00723887,0.992315],[0.0297581,0.891517,0.00194941,0.0767755],[0.942947,0.0213441,0.00723887,0.0284702],[0.0135814,0.160187,0.0608336,0.765398],[0.173723,0.226294,0.291168,0.308815]]},{"db":2,"id":"NFIL3_HUMAN.H11MO.0.D","len":11,"ltrim":1,"rtrim":0,"nsites":500,"evalue":"1.0e+000","url":"http://hocomoco.autosome.ru/motif/NFIL3_HUMAN.H11MO.0.D","pwm":[[0.333991,0.0920234,0.305981,0.268005],[0.395979,0.132015,0.427956,0.0440494],[5.82283e-05,0.0100398,0.00204135,0.987861],[0.00405743,0.0100398,0.267988,0.717915],[0.821894,0.0120394,0.0760266,0.0900402],[0.046049,0.0700278,0.0680282,0.815895],[0.0240534,0.0220374,0.949852,0.00405743],[0.0800422,0.329976,0.00804015,0.581942],[0.873883,0.114019,0.00804015,0.00405743],[0.993859,0.00204135,0.00204135,0.00205783],[0.0380506,0.371967,0.198002,0.39198]]},{"db":2,"id":"NFYC_HUMAN.H11MO.0.A","len":14,"ltrim":2,"rtrim":2,"nsites":426,"evalue":"1.0e+000","url":"http://hocomoco.autosome.ru/motif/NFYC_HUMAN.H11MO.0.A","pwm":[[0.14088,0.337998,0.197186,0.323936],[0.0845556,0.361467,0.190145,0.363833],[0.476482,0.100964,0.333304,0.0892493],[0.316895,0.0681081,0.483504,0.131493],[0.00476207,0.941143,0.0282114,0.0258839],[0.0188433,0.971652,0.0070896,0.00241521],[0.927081,0.0258645,0.00943647,0.0376182],[0.905959,0.0399457,0.0469863,0.00710894],[0.0282307,0.0540269,0.0188239,0.898918],[0.126799,0.530441,0.258204,0.0845556],[0.612601,0.0868831,0.274632,0.0258839],[0.173736,0.154942,0.565644,0.105677],[0.44832,0.260551,0.187798,0.10333],[0.356792,0.0845362,0.39667,0.162002]]},{"db":2,"id":"PHX2A_HUMAN.H11MO.0.D","len":11,"ltrim":0,"rtrim":0,"nsites":7912,"evalue":"1.0e+000","url":"http://hocomoco.autosome.ru/motif/PHX2A_HUMAN.H11MO.0.D","pwm":[[0.0701178,0.0276502,0.0162752,0.885957],[0.92103,0.00774395,0.0433856,0.0278408],[0.989817,0.00385749,0.00347833,0.00284743],[0.0349186,0.159663,0.0153273,0.790091],[0.016055,0.35427,0.0952997,0.534375],[3.68044e-06,0.326591,2.639e-06,0.673403],[0.820772,0.013779,0.159632,0.00581756],[0.988426,0.00246722,0.00663805,0.00246826],[9.8472e-05,0.000223819,0.000223819,0.999454],[0.0287571,0.0128311,0.00120333,0.957208],[0.916132,0.0103033,0.022563,0.0510015]]},{"db":2,"id":"PITX1_HUMAN.H11MO.0.D","len":9,"ltrim":1,"rtrim":0,"nsites":500,"evalue":"1.0e+000","url":"http://hocomoco.autosome.ru/motif/PITX1_HUMAN.H11MO.0.D","pwm":[[0.373983,0.144013,0.349972,0.132032],[0.228013,0.024037,0.569928,0.178023],[0.0580466,4.17517e-05,0.931855,0.0100562],[0.036051,0.00804015,0.947852,0.00805663],[0.59194,0.389964,0.00404095,0.0140554],[0.00205783,0.00404095,0.00204135,0.99186],[0.00405743,0.0660286,0.0180382,0.911876],[0.667925,0.00204135,0.0160386,0.313995],[0.457967,0.0620294,0.367968,0.112036]]},{"db":2,"id":"PO3F1_HUMAN.H11MO.0.C","len":14,"ltrim":1,"rtrim":1,"nsites":15,"evalue":"1.0e+000","url":"http://hocomoco.autosome.ru/motif/PO3F1_HUMAN.H11MO.0.C","pwm":[[0.324776,0.342292,0.279077,0.053855],[0.588924,0.00138278,0.249727,0.159966],[0.0922355,0.00138278,0.0465363,0.859845],[0.0922355,0.00138278,0.389703,0.516679],[0.0696588,0.299396,0.516133,0.114812],[0.390249,0.00138278,0.00138278,0.606986],[0.60247,0.00138278,0.0826591,0.313488],[0.950152,0.00138278,0.00138278,0.047082],[0.0621332,0.016434,0.0615875,0.859845],[0.0922355,0.0465363,0.814146,0.047082],[0.0621332,0.784044,0.151895,0.00192848],[0.597955,0.00138278,0.181997,0.218665],[0.585914,0.0465363,0.106741,0.260809],[0.430887,0.0871745,0.213604,0.268334]]},{"db":2,"id":"PO6F2_HUMAN.H11MO.0.D","len":11,"ltrim":2,"rtrim":1,"nsites":1298,"evalue":"1.0e+000","url":"http://hocomoco.autosome.ru/motif/PO6F2_HUMAN.H11MO.0.D","pwm":[[0.195408,0.176203,0.418636,0.209753],[0.318087,0.173535,0.151399,0.356978],[0.0205472,0.0234214,0.0158031,0.940228],[0.999434,1.60851e-05,0.000527801,2.24328e-05],[0.997065,1.60851e-05,0.00238493,0.000534149],[2.24328e-05,1.60851e-05,0.00596695,0.993995],[0.002903,1.60851e-05,0.362018,0.635063],[0.976943,0.00542217,0.00491045,0.0127248],[0.0241292,0.0215642,0.940544,0.0137626],[0.067122,0.441548,0.349917,0.141413],[0.182099,0.218062,0.128098,0.471742]]},{"db":2,"id":"RHXF1_HUMAN.H11MO.0.D","len":11,"ltrim":2,"rtrim":2,"nsites":3568,"evalue":"1.0e+000","url":"http://hocomoco.autosome.ru/motif/RHXF1_HUMAN.H11MO.0.D","pwm":[[0.283981,0.31145,0.244272,0.160297],[0.323305,0.147688,0.406263,0.122743],[0.109098,0.11359,0.561314,0.215998],[0.0271736,0.0108284,0.95191,0.0100878],[0.00169204,0.00129374,0.992103,0.00491083],[0.780321,0.184111,0.0313,0.0042678],[0.0074866,0.00451253,0.00654152,0.981459],[0.150195,0.367646,0.0546204,0.427539],[0.746569,0.0399392,0.0625179,0.150974],[0.358025,0.111278,0.238391,0.292306],[0.16169,0.431666,0.284076,0.122567]]},{"db":2,"id":"TBP_HUMAN.H11MO.0.A","len":10,"ltrim":0,"rtrim":0,"nsites":149,"evalue":"1.0e+000","url":"http://hocomoco.autosome.ru/motif/TBP_HUMAN.H11MO.0.A","pwm":[[0.281885,0.5434,0.154399,0.020316],[0.0471437,0.0873298,0.0873298,0.778197],[0.811731,0.00014004,0.0470884,0.14104],[0.0471437,0.0470884,0.0403815,0.865386],[0.85868,0.0605022,0.0403815,0.0404368],[0.711128,0.0336746,0.0269677,0.22823],[0.77149,0.0202608,0.19464,0.0136091],[0.59711,0.00684695,0.154399,0.241644],[0.395903,0.0336746,0.496451,0.0739713],[0.0739713,0.308658,0.570227,0.0471437]]},{"db":2,"id":"UNC4_HUMAN.H11MO.0.D","len":11,"ltrim":0,"rtrim":0,"nsites":45230,"evalue":"1.0e+000","url":"http://hocomoco.autosome.ru/motif/UNC4_HUMAN.H11MO.0.D","pwm":[[0.0618341,0.0288738,0.02672,0.882572],[0.835233,0.0235484,0.0643887,0.07683],[0.942174,0.0186206,0.0220065,0.0171989],[0.0696545,0.0394643,0.0394051,0.851476],[0.0139545,0.182753,0.071039,0.732253],[0.000132382,0.327996,0.0001322,0.67174],[0.907931,0.0146467,0.0724335,0.00498898],[0.995808,0.00221021,0.000975019,0.00100663],[0.000821941,0.000950652,0.000758906,0.997469],[0.013122,0.0143497,0.00218323,0.970345],[0.930105,0.00805904,0.0228262,0.0390094]]},{"db":2,"id":"VSX1_HUMAN.H11MO.0.D","len":14,"ltrim":0,"rtrim":0,"nsites":6468,"evalue":"1.0e+000","url":"http://hocomoco.autosome.ru/motif/VSX1_HUMAN.H11MO.0.D","pwm":[[0.0266084,0.0321689,0.0183238,0.922899],[0.959458,0.0138551,0.0146656,0.0120217],[0.970393,0.00934742,0.0112711,0.008988],[0.00685776,0.00924557,0.0120109,0.971886],[0.00505214,0.00702127,0.0136454,0.974281],[0.768695,0.0143254,0.209626,0.00735318],[0.252006,0.14166,0.57833,0.0280038],[0.160281,0.566628,0.117698,0.155393],[0.216031,0.275875,0.111343,0.39675],[0.40749