<!DOCTYPE HTML>
<html>
  <head>
    <meta charset="UTF-8">
    <title>TOMTOM</title>
    <script>
      // @JSON_VAR data
      var data = {
        "program": "Tomtom",
        "version": "4.12.0",
        "release": "Tue Jun 27 16:22:50 2017 -0700",
        "cmd": [
          "tomtom", "-verbosity", "1", "-oc",
          "results/AHRpeaks_not-in-DHSs.bed-299.fa/hocomoco/meme_tomtom_out",
          "-min-overlap", "5", "-dist", "pearson", "-evalue", "-thresh", "1",
          "-no-ssc", "-bfile",
          "results/AHRpeaks_not-in-DHSs.bed-299.fa/hocomoco/background",
          "results/AHRpeaks_not-in-DHSs.bed-299.fa/hocomoco/meme_out/meme.xml",
          "/Users/filipov4/meme/db/motif_databases/HUMAN/HOCOMOCOv11_full_HUMAN_mono_meme_format.meme"
        ],
        "options": {
          "strands": "both",
          "distance_measure": "pearson",
          "threshold_type": "evalue",
          "threshold_value": 1,
          "background_source": "file",
          "background_file": "results/AHRpeaks_not-in-DHSs.bed-299.fa/hocomoco/background"
        },
        "alphabet": {
          "name": "DNA",
          "like": "dna",
          "ncore": 4,
          "symbols": [
            {
              "symbol": "A",
              "name": "Adenine",
              "colour": "CC0000",
              "complement": "T"
            }, {
              "symbol": "C",
              "name": "Cytosine",
              "colour": "0000CC",
              "complement": "G"
            }, {
              "symbol": "G",
              "name": "Guanine",
              "colour": "FFB300",
              "complement": "C"
            }, {
              "symbol": "T",
              "aliases": "U",
              "name": "Thymine",
              "colour": "008000",
              "complement": "A"
            }, {
              "symbol": "N",
              "aliases": "X.",
              "name": "Any base",
              "equals": "ACGT"
            }, {
              "symbol": "V",
              "name": "Not T",
              "equals": "ACG"
            }, {
              "symbol": "H",
              "name": "Not G",
              "equals": "ACT"
            }, {
              "symbol": "D",
              "name": "Not C",
              "equals": "AGT"
            }, {
              "symbol": "B",
              "name": "Not A",
              "equals": "CGT"
            }, {
              "symbol": "M",
              "name": "Amino",
              "equals": "AC"
            }, {
              "symbol": "R",
              "name": "Purine",
              "equals": "AG"
            }, {
              "symbol": "W",
              "name": "Weak",
              "equals": "AT"
            }, {
              "symbol": "S",
              "name": "Strong",
              "equals": "CG"
            }, {
              "symbol": "Y",
              "name": "Pyrimidine",
              "equals": "CT"
            }, {
              "symbol": "K",
              "name": "Keto",
              "equals": "GT"
            }
          ]
        },
        "background": [0.2877, 0.2123, 0.2123, 0.2877],
        "query_dbs": [
          {
            "source": "results/AHRpeaks_not-in-DHSs.bed-299.fa/hocomoco/meme_out/meme.xml",
            "name": "meme",
            "loaded": 7,
            "excluded": 0,
            "last_modified": "Thu May 24 14:27:32 2018"
          }
        ],
        "target_dbs": [
          {
            "source": "/Users/filipov4/meme/db/motif_databases/HUMAN/HOCOMOCOv11_full_HUMAN_mono_meme_format.meme",
            "name": "HOCOMOCOv11 full HUMAN mono meme format",
            "loaded": 771,
            "excluded": 0,
            "last_modified": "Wed Dec  6 21:59:30 2017"
          }
        ],
        "queries": [
          {
            "db": 0,
            "id": "AAGCAAATRCAATARAAACAAASATAA",
            "alt": "MEME-1",
            "len": 27,
            "nsites": 7,
            "evalue": "3.2e-013",
            "pwm": [
              [0.849123, 0.00299014, 0.00299014, 0.144897], 
              [0.708278, 0.28468, 0.00299014, 0.00405211], 
              [0.144897, 0.00299014, 0.707216, 0.144897], 
              [0.00405211, 0.848061, 0.143835, 0.00405211], 
              [0.989968, 0.00299014, 0.00299014, 0.00405211], 
              [0.849123, 0.00299014, 0.143835, 0.00405211], 
              [0.849123, 0.00299014, 0.143835, 0.00405211], 
              [0.144897, 0.00299014, 0.00299014, 0.849123], 
              [0.426587, 0.00299014, 0.425525, 0.144897], 
              [0.144897, 0.848061, 0.00299014, 0.00405211], 
              [0.989968, 0.00299014, 0.00299014, 0.00405211], 
              [0.989968, 0.00299014, 0.00299014, 0.00405211], 
              [0.144897, 0.00299014, 0.00299014, 0.849123], 
              [0.849123, 0.143835, 0.00299014, 0.00405211], 
              [0.426587, 0.143835, 0.28468, 0.144897], 
              [0.989968, 0.00299014, 0.00299014, 0.00405211], 
              [0.849123, 0.00299014, 0.143835, 0.00405211], 
              [0.849123, 0.00299014, 0.143835, 0.00405211], 
              [0.00405211, 0.848061, 0.143835, 0.00405211], 
              [0.989968, 0.00299014, 0.00299014, 0.00405211], 
              [0.989968, 0.00299014, 0.00299014, 0.00405211], 
              [0.989968, 0.00299014, 0.00299014, 0.00405211], 
              [0.144897, 0.28468, 0.566371, 0.00405211], 
              [0.989968, 0.00299014, 0.00299014, 0.00405211], 
              [0.285742, 0.00299014, 0.00299014, 0.708278], 
              [0.989968, 0.00299014, 0.00299014, 0.00405211], 
              [0.989968, 0.00299014, 0.00299014, 0.00405211]
            ]
          }, {
            "db": 0,
            "id": "AARRRAYTBTTGCMYGVVMAMASDHASAG",
            "alt": "MEME-2",
            "len": 29,
            "nsites": 14,
            "evalue": "2.6e-005",
            "pwm": [
              [0.711261, 0.214272, 0.00150567, 0.0729628], 
              [0.711261, 0.00150567, 0.00150567, 0.285728], 
              [0.569417, 0.14335, 0.285193, 0.00204042], 
              [0.35665, 0.0724281, 0.568882, 0.00204042], 
              [0.35665, 0.0724281, 0.568882, 0.00204042], 
              [0.640338, 0.0724281, 0.285193, 0.00204042], 
              [0.0729628, 0.427037, 0.14335, 0.35665], 
              [0.00204042, 0.14335, 0.214272, 0.640338], 
              [0.00204042, 0.285193, 0.356116, 0.35665], 
              [0.214807, 0.0724281, 0.14335, 0.569417], 
              [0.00204042, 0.14335, 0.14335, 0.711261], 
              [0.143884, 0.00150567, 0.85257, 0.00204042], 
              [0.00204042, 0.781647, 0.214272, 0.00204042], 
              [0.498494, 0.356116, 0.14335, 0.00204042], 
              [0.00204042, 0.427037, 0.00150567, 0.569417], 
              [0.214807, 0.00150567, 0.781647, 0.00204042], 
              [0.427572, 0.356116, 0.214272, 0.00204042], 
              [0.35665, 0.356116, 0.285193, 0.00204042], 
              [0.427572, 0.568882, 0.00150567, 0.00204042], 
              [0.640338, 0.285193, 0.0724281, 0.00204042], 
              [0.640338, 0.356116, 0.00150567, 0.00204042], 
              [0.711261, 0.00150567, 0.285193, 0.00204042], 
              [0.00204042, 0.356116, 0.639803, 0.00204042], 
              [0.285728, 0.0724281, 0.427037, 0.214807], 
              [0.427572, 0.285193, 0.00150567, 0.285728], 
              [0.711261, 0.14335, 0.0724281, 0.0729628], 
              [0.0729628, 0.568882, 0.285193, 0.0729628], 
              [0.782182, 0.0724281, 0.14335, 0.00204042], 
              [0.00204042, 0.285193, 0.710726, 0.00204042]
            ]
          }, {
            "db": 0,
            "id": "RRTCTSTGCBTGSHTC",
            "alt": "MEME-7",
            "len": 16,
            "nsites": 10,
            "evalue": "4.7e+004",
            "pwm": [
              [0.398888, 0.00210198, 0.596161, 0.00284851], 
              [0.398888, 0.00210198, 0.596161, 0.00284851], 
              [0.200868, 0.101112, 0.200122, 0.497898], 
              [0.00284851, 0.695171, 0.299132, 0.00284851], 
              [0.00284851, 0.00210198, 0.00210198, 0.992948], 
              [0.00284851, 0.596161, 0.299132, 0.101858], 
              [0.00284851, 0.200122, 0.00210198, 0.794928], 
              [0.00284851, 0.00210198, 0.992201, 0.00284851], 
              [0.00284851, 0.794181, 0.200122, 0.00284851], 
              [0.101858, 0.299132, 0.398142, 0.200868], 
              [0.00284851, 0.00210198, 0.299132, 0.695918], 
              [0.00284851, 0.00210198, 0.893191, 0.101858], 
              [0.00284851, 0.299132, 0.596161, 0.101858], 
              [0.299878, 0.398142, 0.101112, 0.200868], 
              [0.00284851, 0.200122, 0.00210198, 0.794928], 
              [0.200868, 0.794181, 0.00210198, 0.00284851]
            ]
          }, {
            "db": 0,
            "id": "SCMVGADCWGGACACGHGACAVCBAGGGA",
            "alt": "MEME-6",
            "len": 29,
            "nsites": 4,
            "evalue": "1.1e+004",
            "pwm": [
              [0.00701707, 0.492983, 0.492983, 0.00701707], 
              [0.25092, 0.736885, 0.00517805, 0.00701707], 
              [0.494822, 0.492983, 0.00517805, 0.00701707], 
              [0.494822, 0.24908, 0.24908, 0.00701707], 
              [0.00701707, 0.24908, 0.736885, 0.00701707], 
              [0.738724, 0.24908, 0.00517805, 0.00701707], 
              [0.25092, 0.00517805, 0.24908, 0.494822], 
              [0.00701707, 0.980788, 0.00517805, 0.00701707], 
              [0.494822, 0.00517805, 0.00517805, 0.494822], 
              [0.00701707, 0.24908, 0.736885, 0.00701707], 
              [0.00701707, 0.24908, 0.736885, 0.00701707], 
              [0.982627, 0.00517805, 0.00517805, 0.00701707], 
              [0.25092, 0.736885, 0.00517805, 0.00701707], 
              [0.738724, 0.24908, 0.00517805, 0.00701707], 
              [0.00701707, 0.980788, 0.00517805, 0.00701707], 
              [0.00701707, 0.00517805, 0.980788, 0.00701707], 
              [0.25092, 0.492983, 0.00517805, 0.25092], 
              [0.00701707, 0.24908, 0.736885, 0.00701707], 
              [0.982627, 0.00517805, 0.00517805, 0.00701707], 
              [0.00701707, 0.980788, 0.00517805, 0.00701707], 
              [0.982627, 0.00517805, 0.00517805, 0.00701707], 
              [0.25092, 0.492983, 0.24908, 0.00701707], 
              [0.25092, 0.736885, 0.00517805, 0.00701707], 
              [0.00701707, 0.492983, 0.24908, 0.25092], 
              [0.738724, 0.00517805, 0.24908, 0.00701707], 
              [0.25092, 0.00517805, 0.736885, 0.00701707], 
              [0.00701707, 0.00517805, 0.736885, 0.25092], 
              [0.00701707, 0.24908, 0.736885, 0.00701707], 
              [0.738724, 0.24908, 0.00517805, 0.00701707]
            ]
          }, {
            "db": 0,
            "id": "TCYAKAAGATARCATYRGAAAA",
            "alt": "MEME-5",
            "len": 22,
            "nsites": 3,
            "evalue": "1.3e+004",
            "pwm": [
              [0.00928064, 0.00684839, 0.00684839, 0.977023], 
              [0.00928064, 0.97459, 0.00684839, 0.00928064], 
              [0.00928064, 0.329429, 0.00684839, 0.654442], 
              [0.977023, 0.00684839, 0.00684839, 0.00928064], 
              [0.00928064, 0.00684839, 0.65201, 0.331861], 
              [0.977023, 0.00684839, 0.00684839, 0.00928064], 
              [0.977023, 0.00684839, 0.00684839, 0.00928064], 
              [0.00928064, 0.00684839, 0.97459, 0.00928064], 
              [0.977023, 0.00684839, 0.00684839, 0.00928064], 
              [0.00928064, 0.00684839, 0.00684839, 0.977023], 
              [0.977023, 0.00684839, 0.00684839, 0.00928064], 
              [0.654442, 0.00684839, 0.329429, 0.00928064], 
              [0.00928064, 0.97459, 0.00684839, 0.00928064], 
              [0.977023, 0.00684839, 0.00684839, 0.00928064], 
              [0.00928064, 0.00684839, 0.00684839, 0.977023], 
              [0.00928064, 0.329429, 0.00684839, 0.654442], 
              [0.331861, 0.00684839, 0.65201, 0.00928064], 
              [0.00928064, 0.00684839, 0.97459, 0.00928064], 
              [0.977023, 0.00684839, 0.00684839, 0.00928064], 
              [0.977023, 0.00684839, 0.00684839, 0.00928064], 
              [0.977023, 0.00684839, 0.00684839, 0.00928064], 
              [0.977023, 0.00684839, 0.00684839, 0.00928064]
            ]
          }, {
            "db": 0,
            "id": "TTGGGTTCTTGG",
            "alt": "MEME-4",
            "len": 12,
            "nsites": 5,
            "evalue": "3.1e+003",
            "pwm": [
              [0.00564117, 0.00416275, 0.00416275, 0.986033], 
              [0.00564117, 0.00416275, 0.00416275, 0.986033], 
              [0.00564117, 0.200241, 0.788476, 0.00564117], 
              [0.20172, 0.00416275, 0.788476, 0.00564117], 
              [0.00564117, 0.00416275, 0.984555, 0.00564117], 
              [0.20172, 0.200241, 0.00416275, 0.593876], 
              [0.00564117, 0.00416275, 0.200241, 0.789955], 
              [0.00564117, 0.984555, 0.00416275, 0.00564117], 
              [0.00564117, 0.00416275, 0.00416275, 0.986033], 
              [0.00564117, 0.00416275, 0.00416275, 0.986033], 
              [0.00564117, 0.00416275, 0.984555, 0.00564117], 
              [0.00564117, 0.00416275, 0.984555, 0.00564117]
            ]
          }, {
            "db": 0,
            "id": "WRGSTGGGR",
            "alt": "MEME-3",
            "len": 9,
            "nsites": 33,
            "evalue": "5.1e-003",
            "pwm": [
              [0.514465, 0.00064139, 0.00064139, 0.484252], 
              [0.333195, 0.0308528, 0.635083, 0.000869184], 
              [0.000869184, 0.0610643, 0.937197, 0.000869184], 
              [0.000869184, 0.423602, 0.57466, 0.000869184], 
              [0.182138, 0.0308528, 0.00064139, 0.786368], 
              [0.000869184, 0.00064139, 0.99762, 0.000869184], 
              [0.272772, 0.00064139, 0.725717, 0.000869184], 
              [0.242561, 0.00064139, 0.755929, 0.000869184], 
              [0.514465, 0.00064139, 0.423602, 0.0612921]
            ]
          }
        ],
        "targets": [
          {
            "db": 0,
            "id": "ANDR_HUMAN.H11MO.2.A",
            "len": 12,
            "nsites": 500,
            "evalue": "1.0e+000",
            "url": "http://hocomoco.autosome.ru/motif/ANDR_HUMAN.H11MO.2.A",
            "pwm": [
              [0.14003, 0.323978, 0.241994, 0.293999], 
              [0.248008, 0.130016, 0.118019, 0.503957], 
              [0.13803, 0.389964, 0.317979, 0.154027], 
              [0.0460483, 0.0160393, 0.00204205, 0.93587], 
              [0.00605633, 0.0200385, 0.969848, 0.00405673], 
              [0.0100555, 0.0120401, 0.00204205, 0.975862], 
              [0.0540467, 0.120018, 0.188005, 0.63793], 
              [5.75285e-05, 0.983846, 0.00604125, 0.0100555], 
              [0.0280519, 0.405961, 0.00404165, 0.561945], 
              [0.172023, 0.237995, 0.11402, 0.475962], 
              [0.18602, 0.140014, 0.269988, 0.403977], 
              [0.122033, 0.217999, 0.241994, 0.417974]
            ]
          }, {
            "db": 0,
            "id": "ARI3A_HUMAN.H11MO.0.D",
            "len": 22,
            "nsites": 44,
            "evalue": "1.0e+000",
            "url": "http://hocomoco.autosome.ru/motif/ARI3A_HUMAN.H11MO.0.D",
            "pwm": [
              [0.390409, 0.0965733, 0.325571, 0.187447], 
              [0.680924, 0.0911844, 0.000481406, 0.22741], 
              [0.112911, 0.000481406, 0.000481406, 0.886126], 
              [0.158263, 0.000481406, 0.000481406, 0.840775], 
              [0.953033, 0.0458329, 0.000481406, 0.000652381], 
              [0.931478, 0.0673887, 0.000481406, 0.000652381], 
              [0.475723, 0.000481406, 0.0242771, 0.499519], 
              [0.000652381, 0.408645, 0.227239, 0.363464], 
              [0.294317, 0.181887, 0.43244, 0.0913553], 
              [0.499519, 0.0458329, 0.363293, 0.0913553], 
              [0.454167, 0.0458329, 0.158092, 0.341908], 
              [0.728516, 0.000481406, 0.0911844, 0.179818], 
              [0.136707, 0.0458329, 0.0911844, 0.726276], 
              [0.160502, 0.568495, 0.0458329, 0.22517], 
              [0.726276, 0.000481406, 0.000481406, 0.272761], 
              [0.750072, 0.0458329, 0.000481406, 0.203614], 
              [0.953033, 0.000481406, 0.000481406, 0.0460039], 
              [0.408816, 0.000481406, 0.0458329, 0.54487], 
              [0.115151, 0.136536, 0.0911844, 0.657129], 
              [0.521074, 0.136536, 0.0242771, 0.318113], 
              [0.611777, 0.0696286, 0.000481406, 0.318113], 
              [0.664758, 0.00587035, 0.0750175, 0.254354]
            ]
          }, {
            "db": 0,
            "id": "CDX2_HUMAN.H11MO.0.A",
            "len": 12,
            "nsites": 151,
            "evalue": "1.0e+000",
            "url": "http://hocomoco.autosome.ru/motif/CDX2_HUMAN.H11MO.0.A",
            "pwm": [
              [0.152407, 0.119267, 0.211921, 0.516405], 
              [0.0597536, 0.07294, 0.0597037, 0.807603], 
              [0.106081, 0.000140503, 0.0663218, 0.827457], 
              [0.0862261, 0.245011, 0.172212, 0.49655], 
              [0.986292, 0.00675864, 0.00675864, 0.000190404], 
              [0.00680854, 0.0530856, 0.0133768, 0.926729], 
              [0.0465173, 0.000140503, 0.311193, 0.642149], 
              [0.185498, 0.00675864, 0.807553, 0.000190404], 
              [0.0134267, 0.761226, 0.132503, 0.0928443], 
              [0.264916, 0.211921, 0.0861762, 0.436987], 
              [0.139171, 0.198685, 0.350902, 0.311243], 
              [0.0134267, 0.231775, 0.172212, 0.582586]
            ]
          }, {
            "db": 0,
            "id": "CPEB1_HUMAN.H11MO.0.D",
            "len": 17,
            "nsites": 1803,
            "evalue": "1.0e+000",
            "url": "http://hocomoco.autosome.ru/motif/CPEB1_HUMAN.H11MO.0.D",
            "pwm": [
              [0.163623, 0.21797, 0.0893024, 0.529105], 
              [0.000570556, 0.000566375, 0.000566375, 0.998297], 
              [0.00473006, 0.00361668, 0.000289074, 0.991364], 
              [0.000709206, 0.00181423, 0.000150424, 0.997326], 
              [1.59558e-05, 0.00167558, 1.17742e-05, 0.998297], 
              [0.996633, 0.000566375, 0.00223018, 0.000570556], 
              [0.00223436, 0.0543626, 0.00333938, 0.940064], 
              [0.128129, 0.235717, 0.0282964, 0.607858], 
              [0.181925, 0.250691, 0.073219, 0.494165], 
              [0.0926342, 0.223516, 0.048262, 0.635588], 
              [0.0809876, 0.184139, 0.034397, 0.700476], 
              [0.0654588, 0.135889, 0.026078, 0.772574], 
              [0.100399, 0.118142, 0.0160952, 0.765365], 
              [0.181232, 0.0991466, 0.0115197, 0.708102], 
              [0.224075, 0.116478, 0.023305, 0.636143], 
              [0.240297, 0.168749, 0.0345356, 0.556419], 
              [0.223659, 0.210344, 0.0700301, 0.495967]
            ]
          }, {
            "db": 0,
            "id": "CR3L1_HUMAN.H11MO.0.D",
            "len": 11,
            "nsites": 30982,
            "evalue": "1.0e+000",
            "url": "http://hocomoco.autosome.ru/motif/CR3L1_HUMAN.H11MO.0.D",
            "pwm": [
              [0.0714832, 0.0761541, 0.686216, 0.166147], 
              [0.265587, 0.581048, 0.00339894, 0.149966], 
              [0.0281622, 0.788326, 0.159464, 0.0240476], 
              [0.999998, 6.85235e-07, 6.85235e-07, 9.286e-07], 
              [9.286e-07, 0.999997, 6.85235e-07, 9.286e-07], 
              [9.286e-07, 6.85235e-07, 0.999997, 9.286e-07], 
              [9.286e-07, 6.85235e-07, 6.85235e-07, 0.999998], 
              [9.286e-07, 6.85235e-07, 0.999997, 9.286e-07], 
              [9.286e-07, 6.85235e-07, 0.999997, 9.286e-07], 
              [9.286e-07, 0.999997, 6.85235e-07, 9.286e-07], 
              [0.982503, 0.00583231, 0.00583231, 0.00583255]
            ]
          }, {
            "db": 0,
            "id": "E2F3_HUMAN.H11MO.0.A",
            "len": 11,
            "nsites": 500,
            "evalue": "1.0e+000",
            "url": "http://hocomoco.autosome.ru/motif/E2F3_HUMAN.H11MO.0.A",
            "pwm": [
              [0.375982, 0.140014, 0.208001, 0.276002], 
              [0.262005, 0.0460333, 0.40996, 0.282001], 
              [0.126032, 0.124018, 0.675907, 0.0740427], 
              [0.0340507, 0.00604125, 0.955851, 0.00405673], 
              [0.124033, 0.769888, 0.0200385, 0.0860403], 
              [0.152027, 0.00404165, 0.683906, 0.160026], 
              [0.0960383, 0.0200385, 0.867869, 0.0160543], 
              [0.0180539, 0.0100405, 0.957851, 0.0140547], 
              [0.833891, 0.0380349, 0.118019, 0.0100555], 
              [0.711915, 0.0620301, 0.200002, 0.0260523], 
              [0.533951, 0.11002, 0.249992, 0.106036]
            ]
          }, {
            "db": 0,
            "id": "EGR1_HUMAN.H11MO.0.A",
            "len": 17,
            "nsites": 500,
            "evalue": "1.0e+000",
            "url": "http://hocomoco.autosome.ru/motif/EGR1_HUMAN.H11MO.0.A",
            "pwm": [
              [0.232011, 0.247993, 0.40996, 0.110036], 
              [0.319994, 0.128017, 0.317979, 0.234011], 
              [0.278002, 0.180006, 0.45995, 0.0820411], 
              [0.23601, 0.11202, 0.353972, 0.297998], 
              [0.112035, 0.0300365, 0.807881, 0.0500475], 
              [0.23601, 0.505941, 0.0460333, 0.212015], 
              [0.0560463, 0.0340357, 0.869868, 0.0400495], 
              [0.0320511, 0.00404165, 0.40996, 0.553947], 
              [0.0920391, 0.00204205, 0.891864, 0.0140547], 
              [0.0160543, 0.00404165, 0.957851, 0.0220531], 
              [0.0240527, 0.0320361, 0.929856, 0.0140547], 
              [0.220014, 0.475947, 0.00404165, 0.299998], 
              [0.0880399, 0.0100405, 0.841874, 0.0600455], 
              [0.110036, 0.0220381, 0.695903, 0.172023], 
              [0.33799, 0.128017, 0.405961, 0.128032], 
              [0.311995, 0.0820261, 0.455951, 0.150028], 
              [0.264005, 0.182006, 0.435955, 0.118034]
            ]
          }, {
            "db": 0,
            "id": "EGR2_HUMAN.H11MO.0.A",
            "len": 18,
            "nsites": 500,
            "evalue": "1.0e+000",
            "url": "http://hocomoco.autosome.ru/motif/EGR2_HUMAN.H11MO.0.A",
            "pwm": [
              [0.216014, 0.0740277, 0.61192, 0.0980379], 
              [0.293999, 0.0960233, 0.41196, 0.198018], 
              [0.228012, 0.0740277, 0.621918, 0.0760423], 
              [0.254007, 0.0680289, 0.501942, 0.176022], 
              [0.319994, 0.104022, 0.505941, 0.0700435], 
              [0.150028, 0.104022, 0.449952, 0.295998], 
              [0.0760423, 0.102022, 0.765889, 0.0560463], 
              [0.369984, 0.190004, 0.0440337, 0.395978], 
              [0.0340507, 0.0220381, 0.929856, 0.0140547], 
              [0.0400495, 0.0120401, 0.46195, 0.48596], 
              [0.182021, 0.00604125, 0.793884, 0.0180539], 
              [0.0360503, 0.0140397, 0.889864, 0.0600455], 
              [0.0240527, 0.0400345, 0.915859, 0.0200535], 
              [0.349988, 0.281986, 0.0220381, 0.345988], 
              [0.0580459, 0.00604125, 0.873868, 0.0620451], 
              [0.0760423, 0.0340357, 0.781886, 0.108036], 
              [0.341989, 0.0740277, 0.501942, 0.0820411], 
              [0.254007, 0.0480329, 0.56193, 0.13603]
            ]
          }, {
            "db": 0,
            "id": "EGR2_HUMAN.H11MO.1.A",
            "len": 16,
            "nsites": 498,
            "evalue": "1.0e+000",
            "url": "http://hocomoco.autosome.ru/motif/EGR2_HUMAN.H11MO.1.A",
            "pwm": [
              [0.194798, 0.144592, 0.457782, 0.202828], 
              [0.281126, 0.172699, 0.453767, 0.0924087], 
              [0.188775, 0.100424, 0.373462, 0.337339], 
              [0.0622943, 0.0662944, 0.84927, 0.0221417], 
              [0.244988, 0.365431, 0.0582639, 0.331317], 
              [0.00608065, 0.0181113, 0.969727, 0.00608065], 
              [0.0121035, 0.0100808, 0.347362, 0.630453], 
              [0.162676, 0.00405788, 0.813132, 0.020134], 
              [0.0241493, 0.0100808, 0.923552, 0.042218], 
              [0.0241493, 0.0181113, 0.953666, 0.00407302], 
              [0.321278, 0.357401, 0.0120884, 0.309233], 
              [0.0321798, 0.00606551, 0.911506, 0.0502485], 
              [0.0683171, 0.0281494, 0.712751, 0.190783], 
              [0.299194, 0.0944012, 0.45979, 0.146615], 
              [0.220897, 0.0803478, 0.524034, 0.174721], 
              [0.188775, 0.164668, 0.516003, 0.130554]
            ]
          }, {
            "db": 0,
            "id": "EVI1_HUMAN.H11MO.0.B",
            "len": 16,
            "nsites": 141,
            "evalue": "1.0e+000",
            "url": "http://hocomoco.autosome.ru/motif/EVI1_HUMAN.H11MO.0.B",
            "pwm": [
              [0.418883, 0.152796, 0.189315, 0.239006], 
              [0.635764, 0.0373235, 0.0836402, 0.243272], 
              [0.0211038, 0.0295409, 0.906753, 0.0426019], 
              [0.972717, 0.00602855, 0.00602855, 0.0152257], 
              [0.0413505, 0.455697, 0.00602855, 0.496924], 
              [0.951817, 0.00602855, 0.0177847, 0.0243694], 
              [0.917556, 0.000150461, 0.0157979, 0.0664957], 
              [0.0306829, 0.00602855, 0.961996, 0.00129243], 
              [0.966839, 0.000150461, 0.000150461, 0.03286], 
              [0.000203898, 0.124704, 0.00537543, 0.869716], 
              [0.900168, 0.0325339, 0.000150461, 0.0671478], 
              [0.771721, 0.00929416, 0.156735, 0.0622504], 
              [0.210887, 0.183458, 0.352287, 0.253368], 
              [0.743774, 0.0920483, 0.0765107, 0.0876672], 
              [0.129357, 0.156082, 0.308149, 0.406412], 
              [0.490352, 0.119194, 0.158436, 0.232018]
            ]
          }, {
            "db": 0,
            "id": "EVX2_HUMAN.H11MO.0.A",
            "len": 13,
            "nsites": 500,
            "evalue": "1.0e+000",
            "url": "http://hocomoco.autosome.ru/motif/EVX2_HUMAN.H11MO.0.A",
            "pwm": [
              [0.164025, 0.176007, 0.36197, 0.297998], 
              [0.116034, 0.182006, 0.208001, 0.493959], 
              [0.0120551, 0.0100405, 0.0140397, 0.963865], 
              [0.0140547, 0.00804085, 4.24515e-05, 0.977862], 
              [0.0280519, 0.0220381, 0.0280369, 0.921873], 
              [0.983861, 0.0100405, 0.00404165, 0.00205713], 
              [0.00405673, 0.0580309, 4.24515e-05, 0.93787], 
              [0.0460483, 0.00604125, 0.495943, 0.451967], 
              [0.38598, 4.24515e-05, 0.605921, 0.00805593], 
              [0.0460483, 0.735895, 0.106021, 0.112035], 
              [0.156026, 0.41396, 0.0480329, 0.381981], 
              [0.128032, 0.307981, 0.196003, 0.367984], 
              [0.142029, 0.249992, 0.190004, 0.417974]
            ]
          }, {
            "db": 0,
            "id": "FOXD3_HUMAN.H11MO.0.D",
            "len": 15,
            "nsites": 465,
            "evalue": "1.0e+000",
            "url": "http://hocomoco.autosome.ru/motif/FOXD3_HUMAN.H11MO.0.D",
            "pwm": [
              [0.157017, 0.176352, 0.298906, 0.367725], 
              [0.118316, 0.217203, 0.266655, 0.397826], 
              [0.135517, 0.00649587, 0.0559476, 0.80204], 
              [0.0387632, 0.0688481, 0.872976, 0.0194125], 
              [0.0925151, 0.0516475, 0.0365969, 0.819241], 
              [0.0366131, 0.11185, 0.0494974, 0.80204], 
              [0.0538137, 4.56461e-05, 0.094649, 0.851492], 
              [0.339774, 0.200003, 0.225804, 0.23442], 
              [0.0581139, 0.599917, 0.0623978, 0.279572], 
              [0.294622, 0.202153, 0.0408971, 0.462328], 
              [0.109716, 0.223653, 0.0709981, 0.595633], 
              [0.404276, 0.0473473, 0.146251, 0.402126], 
              [0.23012, 0.141951, 0.427911, 0.200019], 
              [0.101115, 0.363408, 0.348358, 0.187118], 
              [0.356974, 0.292456, 0.11185, 0.23872]
            ]
          }, {
            "db": 0,
            "id": "FOXG1_HUMAN.H11MO.0.D",
            "len": 17,
            "nsites": 310,
            "evalue": "1.0e+000",
            "url": "http://hocomoco.autosome.ru/motif/FOXG1_HUMAN.H11MO.0.D",
            "pwm": [
              [0.358378, 0.152231, 0.184555, 0.304837], 
              [0.150407, 0.111038, 0.121199, 0.617356], 
              [0.0332506, 0.0359955, 0.029716, 0.901038], 
              [0.102428, 0.0200188, 0.85751, 0.0200431], 
              [9.27765e-05, 0.00320823, 0.00948775, 0.987211], 
              [9.27765e-05, 6.84618e-05, 0.231865, 0.767974], 
              [0.00341783, 6.84618e-05, 0.092614, 0.9039], 
              [0.687431, 0.164263, 0.108498, 0.0398081], 
              [0.0396228, 0.353224, 0.0255571, 0.581596], 
              [0.309127, 0.0957537, 0.292272, 0.302847], 
              [0.191093, 0.0709961, 0.118648, 0.619263], 
              [0.366394, 0.0569548, 0.178499, 0.398152], 
              [0.0616449, 0.0549705, 0.0200626, 0.863322], 
              [0.313883, 0.0397324, 0.316257, 0.330127], 
              [0.0491322, 0.0747819, 0.0882673, 0.787819], 
              [0.238743, 0.0549242, 0.0785701, 0.627763], 
              [0.0828897, 0.134399, 0.197019, 0.585693]
            ]
          }, {
            "db": 0,
            "id": "FOXI1_HUMAN.H11MO.0.B",
            "len": 12,
            "nsites": 156,
            "evalue": "1.0e+000",
            "url": "http://hocomoco.autosome.ru/motif/FOXI1_HUMAN.H11MO.0.B",
            "pwm": [
              [0.152468, 0.461745, 0.0905542, 0.295233], 
              [0.133432, 0.0286891, 0.0715188, 0.76636], 
              [0.0334963, 0.437951, 0.242838, 0.285716], 
              [0.000184305, 0.0239303, 0.000136003, 0.975749], 
              [0.000184305, 0.104831, 0.894801, 0.000184305], 
              [0.999544, 0.000136003, 0.000136003, 0.000184305], 
              [0.000184305, 0.000136003, 0.000136003, 0.999544], 
              [0.000184305, 0.000136003, 0.000136003, 0.999544], 
              [0.000184305, 0.000136003, 0.989978, 0.00970201], 
              [0.000184305, 0.000136003, 0.999495, 0.000184305], 
              [0.043014, 0.476021, 0.000136003, 0.480829], 
              [0.000184305, 0.490298, 0.0191714, 0.490346]
            ]
          }, {
            "db": 0,
            "id": "FOXL1_HUMAN.H11MO.0.D",
            "len": 19,
            "nsites": 1207,
            "evalue": "1.0e+000",
            "url": "http://hocomoco.autosome.ru/motif/FOXL1_HUMAN.H11MO.0.D",
            "pwm": [
              [0.160532, 0.16384, 0.222659, 0.452969], 
              [0.140236, 0.189107, 0.444264, 0.226393], 
              [0.191184, 0.0404036, 0.13236, 0.636052], 
              [0.0629846, 0.0240421, 0.0414392, 0.871534], 
              [0.000645158, 0.000638911, 0.000638911, 0.998077], 
              [0.0874234, 0.000431804, 0.905079, 0.0070655], 
              [0.00830815, 1.75876e-05, 1.75876e-05, 0.991657], 
              [2.3834e-05, 1.75876e-05, 1.75876e-05, 0.999941], 
              [2.3834e-05, 1.75876e-05, 1.75876e-05, 0.999941], 
              [0.470573, 1.75876e-05, 0.529385, 2.3834e-05], 
              [2.3834e-05, 1.75876e-05, 1.75876e-05, 0.999941], 
              [2.3834e-05, 1.75876e-05, 1.75876e-05, 0.999941], 
              [2.3834e-05, 1.75876e-05, 1.75876e-05, 0.999941], 
              [0.985858, 1.75876e-05, 0.0116156, 0.00250913], 
              [0.000852266, 0.511988, 0.000846019, 0.486313], 
              [0.414861, 0.0188644, 0.0213497, 0.544925], 
              [0.103992, 0.0145151, 0.0186573, 0.862836], 
              [0.226186, 0.0174147, 0.0149294, 0.74147], 
              [0.193256, 0.125318, 0.0838963, 0.59753]
            ]
          }, {
            "db": 0,
            "id": "HXC10_HUMAN.H11MO.0.D",
            "len": 19,
            "nsites": 8980,
            "evalue": "1.0e+000",
            "url": "http://hocomoco.autosome.ru/motif/HXC10_HUMAN.H11MO.0.D",
            "pwm": [
              [0.234694, 0.162725, 0.181709, 0.420873], 
              [0.310598, 0.114298, 0.119065, 0.456039], 
              [0.42012, 0.0660393, 0.0691725, 0.444668], 
              [0.39671, 0.0458537, 0.0488344, 0.508602], 
              [0.429141, 0.0408559, 0.0917168, 0.438286], 
              [0.471936, 0.0571732, 0.16006, 0.310831], 
              [0.410823, 0.163883, 0.195753, 0.229541], 
              [0.295695, 0.187922, 0.216996, 0.299387], 
              [0.253353, 0.193965, 0.216088, 0.336594], 
              [0.247208, 0.139666, 0.201695, 0.411431], 
              [0.093192, 0.102039, 0.124499, 0.68027], 
              [0.0225632, 0.013364, 0.0946815, 0.869391], 
              [0.000595174, 0.0131893, 0.00844107, 0.977774], 
              [0.370086, 0.0164389, 0.014279, 0.599196], 
              [0.987532, 0.00460782, 0.00778394, 7.66799e-05], 
              [0.0401001, 0.172039, 0.0546656, 0.733195], 
              [0.115705, 0.0918093, 0.393456, 0.399029], 
              [0.471773, 0.0897988, 0.317193, 0.121235], 
              [0.167595, 0.426743, 0.202756, 0.202905]
            ]
          }, {
            "db": 0,
            "id": "IRF1_HUMAN.H11MO.0.A",
            "len": 20,
            "nsites": 499,
            "evalue": "1.0e+000",
            "url": "http://hocomoco.autosome.ru/motif/IRF1_HUMAN.H11MO.0.A",
            "pwm": [
              [0.338667, 0.17636, 0.356684, 0.128288], 
              [0.605147, 0.0982193, 0.192389, 0.104245], 
              [0.657241, 0.0962156, 0.128273, 0.11827], 
              [0.735381, 0.074176, 0.0781832, 0.11226], 
              [0.310617, 0.228454, 0.266522, 0.194407], 
              [0.298595, 0.138291, 0.152317, 0.410797], 
              [0.166357, 0.00805696, 0.821521, 0.00406486], 
              [0.933738, 0.0100606, 0.0461255, 0.0100757], 
              [0.987836, 0.00204614, 4.25366e-05, 0.0100757], 
              [0.983828, 0.00204614, 0.00605336, 0.00807207], 
              [0.136303, 0.364699, 0.468886, 0.0301117], 
              [0.200418, 0.100223, 0.0220822, 0.677277], 
              [0.106249, 0.00404975, 0.88764, 0.00206125], 
              [0.937745, 0.0160714, 0.0421183, 0.00406486], 
              [0.961789, 4.25366e-05, 0.028093, 0.0100757], 
              [0.985832, 0.00404975, 0.00404975, 0.00606846], 
              [0.044137, 0.360692, 0.547027, 0.0481442], 
              [0.196411, 0.242479, 0.0761796, 0.48493], 
              [0.468902, 0.124266, 0.308598, 0.0982344], 
              [0.436844, 0.160331, 0.268526, 0.134299]
            ]
          }, {
            "db": 0,
            "id": "KLF4_HUMAN.H11MO.0.A",
            "len": 10,
            "nsites": 500,
            "evalue": "1.0e+000",
            "url": "http://hocomoco.autosome.ru/motif/KLF4_HUMAN.H11MO.0.A",
            "pwm": [
              [0.419974, 0.0200385, 0.204002, 0.355986], 
              [0.00805593, 4.24515e-05, 0.987845, 0.00405673], 
              [0.00205713, 4.24515e-05, 0.991844, 0.00605633], 
              [0.0120551, 0.00404165, 0.977847, 0.00605633], 
              [0.0260523, 0.443954, 0.00404165, 0.525952], 
              [0.00405673, 0.00404165, 0.991844, 5.75285e-05], 
              [0.00405673, 0.00404165, 0.437955, 0.553947], 
              [0.0500475, 0.0160393, 0.885865, 0.0480479], 
              [0.0140547, 0.0380349, 0.881866, 0.0660443], 
              [0.0540467, 0.627917, 0.0680289, 0.250008]
            ]
          }, {
            "db": 0,
            "id": "KLF5_HUMAN.H11MO.0.A",
            "len": 14,
            "nsites": 500,
            "evalue": "1.0e+000",
            "url": "http://hocomoco.autosome.ru/motif/KLF5_HUMAN.H11MO.0.A",
            "pwm": [
              [0.421973, 0.0340357, 0.204002, 0.33999], 
              [0.0460483, 0.00404165, 0.943854, 0.00605633], 
              [0.00805593, 0.00804085, 0.967849, 0.0160543], 
              [0.0240527, 0.0360353, 0.929856, 0.0100555], 
              [0.178022, 0.184006, 0.00804085, 0.629932], 
              [0.0460483, 0.00204205, 0.941854, 0.0100555], 
              [0.0400495, 0.0100405, 0.543934, 0.405976], 
              [0.0160543, 4.24515e-05, 0.96385, 0.0200535], 
              [0.0500475, 0.0300365, 0.829876, 0.0900395], 
              [0.106036, 0.633916, 0.11002, 0.150028], 
              [0.248008, 0.182006, 0.192004, 0.377982], 
              [0.104037, 0.136015, 0.605921, 0.154027], 
              [0.154027, 0.124018, 0.501942, 0.220014], 
              [0.148028, 0.21, 0.493944, 0.148028]
            ]
          }, {
            "db": 0,
            "id": "ONEC2_HUMAN.H11MO.0.D",
            "len": 21,
            "nsites": 7,
            "evalue": "1.0e+000",
            "url": "http://hocomoco.autosome.ru/motif/ONEC2_HUMAN.H11MO.0.D",
            "pwm": [
              [0.296746, 0.00299014, 0.418923, 0.281341], 
              [0.142696, 0.00299014, 0.295684, 0.55863], 
              [0.142696, 0.434328, 0.295684, 0.127292], 
              [0.265936, 0.157039, 0.141635, 0.43539], 
              [0.142696, 0.157039, 0.141635, 0.55863], 
              [0.142696, 0.12623, 0.449733, 0.281341], 
              [0.450795, 0.00299014, 0.00299014, 0.543225], 
              [0.00405211, 0.141635, 0.141635, 0.712679], 
              [0.989968, 0.00299014, 0.00299014, 0.00405211], 
              [0.00405211, 0.00299014, 0.00299014, 0.989968], 
              [0.00405211, 0.157039, 0.280279, 0.55863], 
              [0.158101, 0.00299014, 0.834856, 0.00405211], 
              [0.989968, 0.00299014, 0.00299014, 0.00405211], 
              [0.00405211, 0.280279, 0.00299014, 0.712679], 
              [0.00405211, 0.00299014, 0.00299014, 0.989968], 
              [0.281341, 0.12623, 0.00299014, 0.589439], 
              [0.281341, 0.00299014, 0.00299014, 0.712679], 
              [0.281341, 0.00299014, 0.141635, 0.574035], 
              [0.00405211, 0.418923, 0.00299014, 0.574035], 
              [0.00405211, 0.434328, 0.00299014, 0.55863], 
              [0.265936, 0.157039, 0.00299014, 0.574035]
            ]
          }, {
            "db": 0,
            "id": "PATZ1_HUMAN.H11MO.1.C",
            "len": 9,
            "nsites": 496,
            "evalue": "1.0e+000",
            "url": "http://hocomoco.autosome.ru/motif/PATZ1_HUMAN.H11MO.1.C",
            "pwm": [
              [0.510036, 0.125018, 0.229835, 0.135111], 
              [0.0585139, 0.0121371, 0.818426, 0.110923], 
              [0.0222309, 0.0161686, 0.929291, 0.0323096], 
              [0.0242467, 0.0282629, 0.941385, 0.00610516], 
              [0.969621, 0.00810568, 4.27938e-05, 0.0222309], 
              [0.223803, 0.00205852, 0.753923, 0.0202152], 
              [0.195583, 0.00407424, 0.705546, 0.094797], 
              [0.276212, 0.0181843, 0.628948, 0.0766555], 
              [0.13108, 0.0242315, 0.810363, 0.0343253]
            ]
          }, {
            "db": 0,
            "id": "PO2F1_HUMAN.H11MO.0.C",
            "len": 16,
            "nsites": 134,
            "evalue": "1.0e+000",
            "url": "http://hocomoco.autosome.ru/motif/PO2F1_HUMAN.H11MO.0.C",
            "pwm": [
              [0.63407, 0.112015, 0.156758, 0.0971571], 
              [0.432728, 0.171672, 0.171672, 0.223928], 
              [0.0747858, 0.044901, 0.298443, 0.58187], 
              [0.0822429, 0.365557, 0.335729, 0.216471], 
              [0.298499, 0.134387, 0.469957, 0.0971571], 
              [0.492385, 0.164215, 0.0374439, 0.305957], 
              [0.947269, 0.0374439, 0.00761544, 0.00767166], 
              [0.0375001, 0.0150726, 0.00761544, 0.939812], 
              [0.0598715, 0.000158315, 0.939756, 0.000214541], 
              [0.0151288, 0.4625, 0.425214, 0.0971571], 
              [0.91744, 0.0225297, 0.0299868, 0.030043], 
              [0.820498, 0.0374439, 0.126929, 0.0151288], 
              [0.537127, 0.0672724, 0.0523582, 0.343242], 
