<!DOCTYPE HTML>
<html>
  <head>
    <meta charset="UTF-8">
    <title>SpaMo - Spaced Motif Analysis</title>
    <script type="text/javascript">
      //@JSON_VAR data
      var data = {"program":"SpaMo","version":"4.12.0","revision":"aacc9c3eb8c7b460b344d5c8aa1458097dae704d","release":"Tue Jun 27 16:22:50 2017 -0700","host":"Sudins-iMac.local","when":"Thu May 24 16:52:22 2018","cmd":["spamo","-verbosity","1","-oc","results/AHRpeaks_oneAHRE.bed.fa/jaspar/spamo_out_2","-bgfile","results/AHRpeaks_oneAHRE.bed.fa/jaspar/background","-primary","AAAMAAARWAAAWAAA","results/AHRpeaks_oneAHRE.bed.fa/jaspar/AHRpeaks_oneAHRE.bed.fa","results/AHRpeaks_oneAHRE.bed.fa/jaspar/meme_out/meme.xml","results/AHRpeaks_oneAHRE.bed.fa/jaspar/meme_out/meme.xml","results/AHRpeaks_oneAHRE.bed.fa/jaspar/dreme_out/dreme.xml","/Users/filipov4/meme/db/motif_databases/JASPAR/JASPAR2018_CORE_non-redundant.meme"],"options":{"seq_min_hit_score":7,"margin":150,"bin_size":1,"bin_pvalue_calc_range":150,"use_best_secondary":0,"seq_max_shared_fract":0.5,"seq_odds_ratio":20,"bin_pvalue_cutoff":0.05,"motif_evalue_cutoff":10,"redundant_overlap":2,"redundant_joint":0.5,"motif_pseudocount":0.1,"bgfile":"results/AHRpeaks_oneAHRE.bed.fa/jaspar/background","motif_trim":0.25,"xalph":0,"seed":1,"bin_max":8},"alphabet":{"name":"DNA","like":"dna","ncore":4,"symbols":[{"symbol":"A","name":"Adenine","colour":"CC0000","complement":"T"},{"symbol":"C","name":"Cytosine","colour":"0000CC","complement":"G"},{"symbol":"G","name":"Guanine","colour":"FFB300","complement":"C"},{"symbol":"T","aliases":"U","name":"Thymine","colour":"008000","complement":"A"},{"symbol":"N","aliases":"X.","name":"Any base","equals":"ACGT"},{"symbol":"V","name":"Not T","equals":"ACG"},{"symbol":"H","name":"Not G","equals":"ACT"},{"symbol":"D","name":"Not C","equals":"AGT"},{"symbol":"B","name":"Not A","equals":"CGT"},{"symbol":"M","name":"Amino","equals":"AC"},{"symbol":"R","name":"Purine","equals":"AG"},{"symbol":"W","name":"Weak","equals":"AT"},{"symbol":"S","name":"Strong","equals":"CG"},{"symbol":"Y","name":"Pyrimidine","equals":"CT"},{"symbol":"K","name":"Keto","equals":"GT"}]},"background":[0.2754,0.2246,0.2246,0.2754],"sequence_dbs":[{"source":"results/AHRpeaks_oneAHRE.bed.fa/jaspar/AHRpeaks_oneAHRE.bed.fa","name":"AHRpeaks_oneAHRE.bed","last_modified":"Thu May 24 11:14:28 2018","loaded":843,"excluded_too_short":1,"excluded_no_match":515,"excluded_ambigs":0,"excluded_similar":4,"erased_primary_matches":787}],"primary_dbs":[{"source":"results/AHRpeaks_oneAHRE.bed.fa/jaspar/meme_out/meme.xml","name":"meme.xml","last_modified":"Thu May 24 16:50:55 2018","loaded":6,"excluded":5}],"secondary_dbs":[{"source":"results/AHRpeaks_oneAHRE.bed.fa/jaspar/meme_out/meme.xml","name":"meme.xml","last_modified":"Thu May 24 16:50:55 2018","loaded":7,"excluded":1},{"source":"results/AHRpeaks_oneAHRE.bed.fa/jaspar/dreme_out/dreme.xml","name":"dreme.xml","last_modified":"Thu May 24 16:51:30 2018","loaded":7,"excluded":0},{"source":"/Users/filipov4/meme/db/motif_databases/JASPAR/JASPAR2018_CORE_non-redundant.meme","name":"JASPAR2018_CORE_non-redundant","last_modified":"Thu Dec  7 14:38:42 2017","loaded":1404,"excluded":0}],"secondary_motifs":[{"db":0,"id":"CTCTGTCACSCAGGCTGGARTGCAGTGGCG","alt":"MEME-6","len":30,"ltrim":0,"rtrim":0,"nsites":5,"evalue":"7.6e-006","pwm":[[0.0054,0.984796,0.00440392,0.0054],[0.0054,0.00440392,0.00440392,0.985792],[0.0054,0.788718,0.200482,0.0054],[0.0054,0.00440392,0.00440392,0.985792],[0.0054,0.00440392,0.984796,0.0054],[0.0054,0.200482,0.00440392,0.789714],[0.0054,0.788718,0.00440392,0.201478],[0.789714,0.00440392,0.200482,0.0054],[0.0054,0.788718,0.00440392,0.201478],[0.0054,0.592639,0.396561,0.0054],[0.201478,0.592639,0.00440392,0.201478],[0.789714,0.00440392,0.200482,0.0054],[0.0054,0.00440392,0.984796,0.0054],[0.201478,0.00440392,0.788718,0.0054],[0.0054,0.788718,0.00440392,0.201478],[0.0054,0.00440392,0.00440392,0.985792],[0.0054,0.00440392,0.984796,0.0054],[0.201478,0.00440392,0.788718,0.0054],[0.985792,0.00440392,0.00440392,0.0054],[0.397557,0.00440392,0.592639,0.0054],[0.0054,0.00440392,0.00440392,0.985792],[0.0054,0.00440392,0.984796,0.0054],[0.0054,0.984796,0.00440392,0.0054],[0.593635,0.00440392,0.200482,0.201478],[0.0054,0.00440392,0.984796,0.0054],[0.0054,0.00440392,0.00440392,0.985792],[0.0054,0.00440392,0.984796,0.0054],[0.201478,0.00440392,0.788718,0.0054],[0.0054,0.592639,0.200482,0.201478],[0.201478,0.00440392,0.788718,0.0054]]},{"db":0,"id":"GARCCCAGGARRSRGWGGWKGCASTGAGSC","alt":"MEME-4","len":30,"ltrim":0,"rtrim":0,"nsites":14,"evalue":"4.0e-009","pwm":[[0.143797,0.214359,0.639891,0.00195319],[0.640251,0.143437,0.143437,0.0728756],[0.427485,0.0725153,0.427124,0.0728756],[0.00195319,0.923578,0.0725153,0.00195319],[0.143797,0.781734,0.0725153,0.00195319],[0.00195319,0.781734,0.143437,0.0728756],[0.711173,0.0725153,0.214359,0.00195319],[0.00195319,0.00159291,0.923578,0.0728756],[0.143797,0.143437,0.710813,0.00195319],[0.640251,0.214359,0.0725153,0.0728756],[0.356563,0.00159291,0.568969,0.0728756],[0.356563,0.00159291,0.639891,0.00195319],[0.0728756,0.568969,0.285281,0.0728756],[0.285641,0.143437,0.427124,0.143797],[0.00195319,0.00159291,0.923578,0.0728756],[0.56933,0.00159291,0.143437,0.285641],[0.285641,0.0725153,0.639891,0.00195319],[0.143797,0.143437,0.639891,0.0728756],[0.498407,0.0725153,0.143437,0.285641],[0.0728756,0.00159291,0.427124,0.498407],[0.00195319,0.143437,0.639891,0.214719],[0.0728756,0.781734,0.143437,0.00195319],[0.923939,0.00159291,0.0725153,0.00195319],[0.00195319,0.356203,0.639891,0.00195319],[0.214719,0.214359,0.00159291,0.56933],[0.00195319,0.143437,0.781734,0.0728756],[0.923939,0.00159291,0.00159291,0.0728756],[0.00195319,0.00159291,0.923578,0.0728756],[0.143797,0.568969,0.285281,0.00195319],[0.00195319,0.781734,0.0725153,0.143797]]},{"db":0,"id":"GCCYCAGGS","alt":"MEME-1","len":9,"ltrim":0,"rtrim":0,"nsites":46,"evalue":"1.8e-010","pwm":[[0.000597397,0.000487202,0.998318,0.000597397],[0.000597397,0.998318,0.000487202,0.000597397],[0.000597397,0.998318,0.000487202,0.000597397],[0.000597397,0.499403,0.000487202,0.499513],[0.000597397,0.998318,0.000487202,0.000597397],[0.521205,0.0655627,0.195715,0.217517],[0.000597397,0.000487202,0.998318,0.000597397],[0.000597397,0.152331,0.846474,0.000597397],[0.000597397,0.542786,0.456019,0.000597397]]},{"db":2,"id":"MA0003.3","alt":"TFAP2A","len":11,"ltrim":1,"rtrim":1,"nsites":5308,"url":"http://jaspar2018.genereg.net/matrix/MA0003.3","pwm":[[0.321401,0.365295,0.0521882,0.261115],[0.0249497,0.176257,0.790229,0.00856303],[5.1883e-06,0.974472,0.0255178,5.1883e-06],[5.1883e-06,0.947852,0.00196819,0.0501742],[0.00622107,0.310038,0.123942,0.559799],[0.10833,0.50527,0.30388,0.0825206],[0.68562,0.187419,0.116408,0.010553],[0.154624,0.0342286,0.811143,5.1883e-06],[5.1883e-06,0.00580912,0.994181,5.1883e-06],[0.00578908,0.881704,0.108584,0.00392311],[0.351355,0.15034,0.243971,0.254333]]},{"db":2,"id":"MA0146.2","alt":"Zfx","len":14,"ltrim":3,"rtrim":1,"nsites":477,"url":"http://jaspar2018.genereg.net/matrix/MA0146.2","pwm":[[0.104858,0.373135,0.37523,0.146778],[0.123722,0.356366,0.362654,0.157258],[0.190395,0.315881,0.416278,0.0774475],[0.150339,0.102322,0.619959,0.12738],[0.0208434,0.617382,0.29936,0.0624147],[0.0125291,0.75041,0.0042042,0.232857],[0.0624147,0.257789,0.380424,0.299371],[0.397063,0.318067,0.253632,0.0312362],[0.0166862,0.0042042,0.976973,0.00213629],[5.77237e-05,0.00628277,0.991523,0.00213629],[5.77237e-05,0.999837,4.70761e-05,5.77237e-05],[5.77237e-05,0.997759,4.70761e-05,0.00213629],[5.77237e-05,0.00212564,4.70761e-05,0.99777],[0.175021,0.254161,0.454119,0.1167]]},{"db":2,"id":"MA0172.1","alt":"CG11294","len":7,"ltrim":0,"rtrim":0,"nsites":15,"url":"http://jaspar2018.genereg.net/matrix/MA0172.1","pwm":[[0.00182384,0.200163,0.00148742,0.796526],[0.00182384,0.133937,0.00148742,0.862751],[0.995201,0.00148742,0.00148742,0.00182384],[0.995201,0.00148742,0.00148742,0.00182384],[0.00182384,0.00148742,0.00148742,0.995201],[0.00182384,0.00148742,0.00148742,0.995201],[0.995201,0.00148742,0.00148742,0.00182384]]},{"db":2,"id":"MA0180.1","alt":"Vsx2","len":9,"ltrim":0,"rtrim":0,"nsites":13,"url":"http://jaspar2018.genereg.net/matrix/MA0180.1","pwm":[[0.0784381,0.0780503,0.383394,0.460117],[0.154774,0.154386,0.0017145,0.689125],[0.00210229,0.0017145,0.0017145,0.994469],[0.994469,0.0017145,0.0017145,0.00210229],[0.994469,0.0017145,0.0017145,0.00210229],[0.00210229,0.0017145,0.0017145,0.994469],[0.00210229,0.0017145,0.0017145,0.994469],[0.765461,0.0017145,0.230722,0.00210229],[0.0784381,0.154386,0.765074,0.00210229]]},{"db":2,"id":"MA0194.1","alt":"Lim1","len":7,"ltrim":0,"rtrim":0,"nsites":18,"url":"http://jaspar2018.genereg.net/matrix/MA0194.1","pwm":[[0.00152155,0.111738,0.00124088,0.8855],[0.00152155,0.00124088,0.00124088,0.995997],[0.995997,0.00124088,0.00124088,0.00152155],[0.995997,0.00124088,0.00124088,0.00152155],[0.00152155,0.00124088,0.00124088,0.995997],[0.00152155,0.00124088,0.00124088,0.995997],[0.940748,0.00124088,0.0564899,0.00152155]]},{"db":2,"id":"MA0207.1","alt":"achi","len":6,"ltrim":0,"rtrim":0,"nsites":23,"url":"http://jaspar2018.genereg.net/matrix/MA0207.1","pwm":[[0.00119221,0.000972295,0.000972295,0.996863],[0.00119221,0.000972295,0.996643,0.00119221],[0.996863,0.000972295,0.000972295,0.00119221],[0.00119221,0.953354,0.000972295,0.044482],[0.996863,0.000972295,0.000972295,0.00119221],[0.176899,0.000972295,0.703799,0.11833]]},{"db":2,"id":"MA0208.1","alt":"al","len":7,"ltrim":0,"rtrim":0,"nsites":20,"url":"http://jaspar2018.genereg.net/matrix/MA0208.1","pwm":[[0.00137015,0.00111741,0.00111741,0.996395],[0.996395,0.00111741,0.00111741,0.00137015],[0.996395,0.00111741,0.00111741,0.00137015],[0.00137015,0.00111741,0.00111741,0.996395],[0.00137015,0.00111741,0.00111741,0.996395],[0.847141,0.00111741,0.150371,0.00137015],[0.896893,0.00111741,0.10062,0.00137015]]},{"db":2,"id":"MA0212.1","alt":"bcd","len":6,"ltrim":0,"rtrim":0,"nsites":22,"url":"http://jaspar2018.genereg.net/matrix/MA0212.1","pwm":[[0.00124615,0.00101629,0.00101629,0.996721],[0.906224,0.00101629,0.00101629,0.0917438],[0.996721,0.00101629,0.00101629,0.00124615],[0.00124615,0.00101629,0.0462656,0.951472],[0.00124615,0.996491,0.00101629,0.00124615],[0.00124615,0.951242,0.00101629,0.0464955]]},{"db":2,"id":"MA0229.1","alt":"inv","len":8,"ltrim":0,"rtrim":0,"nsites":16,"url":"http://jaspar2018.genereg.net/matrix/MA0229.1","pwm":[[0.250158,0.00139503,0.18773,0.560717],[0.0638224,0.560401,0.00139503,0.374381],[0.00171056,0.00139503,0.00139503,0.995499],[0.995499,0.00139503,0.00139503,0.00171056],[0.995499,0.00139503,0.00139503,0.00171056],[0.00171056,0.00139503,0.00139503,0.995499],[0.00171056,0.00139503,0.00139503,0.995499],[0.68494,0.00139503,0.311954,0.00171056]]},{"db":2,"id":"MA0247.2","alt":"tin","len":10,"ltrim":1,"rtrim":0,"nsites":515,"url":"http://jaspar2018.genereg.net/matrix/MA0247.2","pwm":[[0.26408,0.104877,0.155353,0.475689],[5.34653e-05,0.365022,0.266011,0.368914],[5.34653e-05,0.0990534,4.36032e-05,0.90085],[5.34653e-05,0.825126,0.0660498,0.10877],[0.632941,4.36032e-05,0.366962,5.34653e-05],[0.999859,4.36032e-05,4.36032e-05,5.34653e-05],[5.34653e-05,4.36032e-05,0.999849,5.34653e-05],[5.34653e-05,4.36032e-05,4.36032e-05,0.999859],[5.34653e-05,4.36032e-05,0.999849,5.34653e-05],[0.0252916,0.304838,0.584396,0.0854739]]},{"db":2,"id":"MA0264.1","alt":"ceh-22","len":11,"ltrim":1,"rtrim":0,"nsites":98,"url":"http://jaspar2018.genereg.net/matrix/MA0264.1","pwm":[[0.336672,0.153134,0.316233,0.193961],[0.0818305,0.72398,0.193909,0.000280734],[0.000280734,0.907466,0.00022895,0.0920241],[0.938717,0.0103197,0.00022895,0.0507343],[0.0104743,0.989016,0.00022895,0.000280734],[0.000280734,0.00022895,0.00022895,0.999261],[0.000280734,0.16168,0.00022895,0.83781],[0.0716369,0.275458,0.642431,0.0104743],[0.958899,0.00022895,0.00022895,0.0406435],[0.46919,0.295845,0.204103,0.0308615],[0.520158,0.204103,0.153134,0.122605]]},{"db":2,"id":"MA0503.1","alt":"Nkx2-5(var.2)","len":11,"ltrim":0,"rtrim":0,"nsites":3429,"url":"http://jaspar2018.genereg.net/matrix/MA0503.1","pwm":[[0.522011,0.0953668,0.239428,0.143194],[0.373867,0.0559979,0.427816,0.14232],[0.100326,0.518218,0.376782,0.0046739],[8.03126e-06,0.999977,6.54983e-06,8.03126e-06],[0.719439,0.0017565,6.54983e-06,0.278798],[8.03126e-06,0.999977,6.54983e-06,8.03126e-06],[8.03126e-06,6.54983e-06,6.54983e-06,0.999979],[8.03126e-06,0.988896,6.54983e-06,0.0110897],[0.833463,0.125696,6.54983e-06,0.0408348],[0.660531,0.000881524,0.240595,0.0979932],[0.146402,0.278796,0.523467,0.0513335]]},{"db":2,"id":"MA0579.1","alt":"CDC5","len":11,"ltrim":1,"rtrim":1,"nsites":99,"url":"http://jaspar2018.genereg.net/matrix/MA0579.1","pwm":[[0.282821,0.242406,0.323132,0.15164],[0.170106,0.259964,0.549672,0.0202577],[0.000277901,0.919298,0.0401863,0.0402375],[0.0202577,0.0202065,0.00022664,0.959309],[0.0608227,0.857946,0.00022664,0.0810044],[0.918542,0.0204083,0.0204083,0.0406411],[0.0204595,0.00022664,0.938673,0.0406411],[0.0202577,0.929288,0.0501762,0.000277901],[0.0406411,0.0405899,0.918491,0.000277901],[0.0202577,0.549672,0.269954,0.160116],[0.180096,0.229995,0.449773,0.140137]]},{"db":2,"id":"MA0665.1","alt":"MSC","len":10,"ltrim":0,"rtrim":0,"nsites":94,"url":"http://jaspar2018.genereg.net/matrix/MA0665.1","pwm":[[0.733556,0.000238682,0.191524,0.0746815],[0.820849,0.142944,0.0359147,0.000292667],[0.000292667,0.944439,0.041291,0.0139771],[0.99923,0.000238682,0.000238682,0.000292667],[0.000292667,0.148229,0.851185,0.000292667],[0.000292667,0.957553,0.0418614,0.000292667],[0.000292667,0.000238682,0.000238682,0.99923],[0.000292667,0.000238682,0.944439,0.0550294],[0.0351396,0.116394,0.0467013,0.801766],[0.000292667,0.109878,0.0489668,0.840861]]},{"db":2,"id":"MA0672.1","alt":"NKX2-3","len":10,"ltrim":1,"rtrim":1,"nsites":9278,"url":"http://jaspar2018.genereg.net/matrix/MA0672.1","pwm":[[0.384996,0.23518,0.214378,0.165446],[0.127025,0.581981,0.28221,0.00878487],[0.00402492,0.981999,2.42076e-06,0.0139738],[0.962241,0.0101663,0.0016614,0.0259307],[0.000864959,0.99913,2.42076e-06,2.96828e-06],[2.96828e-06,2.42076e-06,0.0019384,0.998056],[2.96828e-06,0.0919074,2.42076e-06,0.908087],[0.383037,0.131052,0.454929,0.0309816],[0.641495,0.0634047,0.1266,0.1685],[0.341667,0.29683,0.300495,0.0610073]]},{"db":2,"id":"MA0673.1","alt":"NKX2-8","len":9,"ltrim":0,"rtrim":1,"nsites":8563,"url":"http://jaspar2018.genereg.net/matrix/MA0673.1","pwm":[[0.226791,0.41212,0.332009,0.0290819],[0.00649214,0.793726,2.62288e-06,0.199779],[0.885137,0.0615129,2.62288e-06,0.0533466],[0.0016152,0.985715,2.62288e-06,0.0126671],[3.21612e-06,0.0105195,2.62288e-06,0.989475],[0.00195519,0.271345,2.62288e-06,0.726697],[0.202991,0.264775,0.500581,0.0316538],[0.694737,0.0736788,0.056477,0.175106],[0.373043,0.229386,0.302849,0.0947231]]},{"db":2,"id":"MA0799.1","alt":"RFX4","len":16,"ltrim":1,"rtrim":1,"nsites":11648,"url":"http://jaspar2018.genereg.net/matrix/MA0799.1","pwm":[[0.188531,0.356884,0.247854,0.206732],[0.122699,0.00092492,0.863012,0.0133642],[0.0284911,0.0259637,0.0138708,0.931674],[0.329752,0.136431,0.00610488,0.527713],[0.308716,0.0339296,0.488079,0.169276],[0.000275362,0.849858,0.00164291,0.148223],[8.33636e-05,0.71523,0.0036449,0.281043],[0.789128,0.0654244,0.0715393,0.0739087],[0.0547999,0.0377076,0.0297007,0.877792],[0.163529,0.0037789,0.832634,5.83639e-05],[0.236091,0.0295657,0.728682,0.00566132],[0.120667,0.518412,0.00882685,0.352093],[0.563664,0.00803486,0.112911,0.31539],[0.965231,0.0140428,0.0183038,0.00242334],[0.00361633,0.961886,0.00120692,0.0332921],[0.161006,0.278538,0.411284,0.149172]]},{"db":2,"id":"MA0812.1","alt":"TFAP2B(var.2)","len":11,"ltrim":1,"rtrim":1,"nsites":4549,"url":"http://jaspar2018.genereg.net/matrix/MA0812.1","pwm":[[0.392171,0.310396,0.0510038,0.246429],[0.00780688,0.131963,0.853724,0.00650691],[6.05394e-06,0.999104,0.000883918,6.05394e-06],[6.05394e-06,0.966212,0.000216933,0.0335653],[0.00352398,0.264731,0.134567,0.597179],[0.126652,0.467453,0.329374,0.0765214],[0.765161,0.133687,0.0980678,0.00308399],[0.049066,0.000839919,0.949671,0.000424045],[0.00132003,0.00219489,0.99626,0.000225049],[0.0101768,0.919699,0.0647085,0.00541594],[0.400525,0.0815591,0.252582,0.265333]]},{"db":2,"id":"MA0814.1","alt":"TFAP2C(var.2)","len":11,"ltrim":1,"rtrim":1,"nsites":7758,"url":"http://jaspar2018.genereg.net/matrix/MA0814.1","pwm":[[0.354472,0.295436,0.072959,0.277133],[0.0199103,0.104672,0.866525,0.00889244],[3.54984e-06,0.981268,0.0187247,3.54984e-06],[0.000361545,0.924764,0.00393684,0.0709376],[0.0190853,0.225761,0.144019,0.611136],[0.144885,0.37329,0.370068,0.111758],[0.738037,0.107905,0.146836,0.00722246],[0.116671,0.00955677,0.871859,0.00191453],[3.54984e-06,0.0137347,0.986258,3.54984e-06],[0.0159143,0.884982,0.0869478,0.0121554],[0.387778,0.06562,0.241073,0.30553]]},{"db":2,"id":"MA0874.1","alt":"Arx","len":17,"ltrim":3,"rtrim":0,"nsites":100,"url":"http://jaspar2018.genereg.net/matrix/MA0874.1","pwm":[[0.240035,0.220005,0.399825,0.140135],[0.130145,0.160065,0.190035,0.519756],[0.158533,0.366195,0.287067,0.188206],[0.21788,0.554125,0.128809,0.0991862],[0.494831,0.059571,0.376087,0.0695129],[0.0102651,0.379845,0.0102144,0.599676],[0.0102651,0.130095,0.000224376,0.859416],[0.989185,0.000224376,0.000224376,0.010366],[0.979494,0.000224376,0.0101155,0.0101662],[0.0101662,0.0101155,0.000224376,0.979494],[0.010366,0.000224376,0.000224376,0.989185],[0.859416,0.000224376,0.130095,0.0102651],[0.599676,0.0102144,0.379845,0.0102651],[0.160115,0.160065,0.140085,0.539736],[0.180095,0.110114,0.439785,0.270005],[0.0901852,0.359865,0.369855,0.180095],[0.529746,0.100124,0.0701544,0.299975]]},{"db":2,"id":"MA0895.1","alt":"HMBOX1","len":10,"ltrim":1,"rtrim":1,"nsites":1231,"url":"http://jaspar2018.genereg.net/matrix/MA0895.1","pwm":[[0.395603,0.364733,0.1576,0.0820627],[0.0793399,0.444065,0.120944,0.35565],[0.05382,0.0179508,0.0452086,0.883021],[0.749656,1.82439e-05,0.223508,0.0268172],[0.00157424,0.039581,0.954945,0.00390106],[0.0206067,0.00081018,0.00397692,0.974606],[0.155318,0.0327806,0.00525982,0.806641],[0.909107,0.002972,0.0125722,0.0753483],[0.501648,0.318446,0.0866202,0.0932858],[0.164103,0.440274,0.300563,0.0950596]]},{"db":2,"id":"MA0918.1","alt":"unc-62","len":12,"ltrim":1,"rtrim":3,"nsites":1001,"url":"http://jaspar2018.genereg.net/matrix/MA0918.1","pwm":[[0.216789,0.216784,0.349638,0.216789],[0.717956,0.094013,0.094013,0.0940181],[0.139014,0.382984,0.431979,0.0460229],[0.253002,0.600962,0.02402,0.122015],[2.75097e-05,2.24353e-05,2.24353e-05,0.999928],[2.75097e-05,2.24353e-05,0.999923,2.75097e-05],[2.75097e-05,2.24353e-05,2.24353e-05,0.999928],[0.0940181,0.905932,2.24353e-05,2.75097e-05],[0.805142,0.033985,0.033985,0.126888],[0.156168,0.255252,0.244242,0.344337],[0.204802,0.204797,0.204797,0.385603],[0.226778,0.226773,0.226773,0.319676]]},{"db":2,"id":"MA1101.1","alt":"BACH2","len":14,"ltrim":1,"rtrim":2,"nsites":1895,"url":"http://jaspar2018.genereg.net/matrix/MA1101.1","pwm":[[0.190505,0.259629,0.359887,0.189979],[0.449595,0.273876,0.223219,0.0533097],[0.00581923,0.0100373,0.00528857,0.978855],[0.0116229,0.00739946,0.94297,0.0380075],[0.971467,0.0100373,0.00792743,0.010568],[0.0385345,0.760394,0.153566,0.047505],[0.0580585,0.00792743,0.015842,0.918172],[0.0322028,0.949302,0.00739946,0.0110959],[0.95722,0.00687149,0.01637,0.0195385],[0.0237603,0.0253405,0.864874,0.086026],[0.0417013,0.886509,0.0453925,0.0263981],[0.703935,0.0844404,0.0902441,0.12138],[0.270185,0.213194,0.264378,0.252244],[0.279683,0.194725,0.155149,0.370444]]},{"db":2,"id":"MA1142.1","alt":"FOSL1::JUND","len":10,"ltrim":1,"rtrim":1,"nsites":1000,"url":"http://jaspar2018.genereg.net/matrix/MA1142.1","pwm":[[0.265001,0.221,0.278995,0.235004],[0.550972,0.12701,0.281994,0.0400235],[0.0300245,0.0230202,0.0340191,0.912936],[0.0220253,0.0610164,0.776945,0.140014],[0.864806,0.0120333,0.0820963,0.0410644],[0.0489736,0.580384,0.190812,0.17983],[0.0981157,0.045063,0.187191,0.669631],[0.270001,0.640958,0.02502,0.0640211],[0.911936,0.0400185,0.0170208,0.0310244],[0.17401,0.212001,0.144008,0.469981]]},{"db":2,"id":"MA1167.1","alt":"AT2G03500","len":11,"ltrim":0,"rtrim":2,"nsites":600,"url":"http://jaspar2018.genereg.net/matrix/MA1167.1","pwm":[[0.526625,0.0100358,0.381641,0.0816993],[4.58923e-05,3.74271e-05,0.999871,4.58923e-05],[0.906562,3.74271e-05,0.00670332,0.0866985],[0.999879,3.74271e-05,3.74271e-05,4.58923e-05],[4.58923e-05,3.74271e-05,3.74271e-05,0.999879],[0.816577,0.18334,3.74271e-05,4.58923e-05],[0.00171261,0.00170415,3.74271e-05,0.996547],[0.158353,0.116685,0.056695,0.668268],[0.0467051,0.881558,0.0200341,0.0517043],[0.230008,0.263327,0.248329,0.258336],[0.343322,0.131682,0.276658,0.248338]]},{"db":2,"id":"MA1202.1","alt":"AGL55","len":6,"ltrim":0,"rtrim":0,"nsites":90,"url":"http://jaspar2018.genereg.net/matrix/MA1202.1","pwm":[[0.00030566,0.0557436,0.044644,0.899307],[0.00030566,0.999139,0.000249279,0.00030566],[0.999196,0.000249279,0.000249279,0.00030566],[0.00030566,0.999139,0.000249279,0.00030566],[0.00030566,0.999139,0.000249279,0.00030566],[0.999196,0.000249279,0.000249279,0.00030566]]},{"db":2,"id":"MA1225.1","alt":"ERF5","len":15,"ltrim":0,"rtrim":0,"nsites":580,"url":"http://jaspar2018.genereg.net/matrix/MA1225.1","pwm":[[0.101754,0.636136,0.0655444,0.196566],[0.151745,0.663717,0.0241726,0.160365],[0.36895,0.0724402,0.31033,0.248281],[0.05521,0.620622,0.124155,0.200013],[0.10003,0.851616,0.00865823,0.0396956],[0.139678,3.87175e-05,0.63786,0.222423],[0.00521858,0.91195,0.0552012,0.0276287],[0.0276287,0.972285,3.87175e-05,4.74746e-05],[0.117268,3.87175e-05,0.86713,0.0155618],[0.00694329,0.925741,0.0345158,0.0328008],[0.00694329,0.992971,3.87175e-05,4.74746e-05],[0.125888,3.87175e-05,0.801625,0.072449],[0.00521858,0.720604,0.0293437,0.244833],[0.0948591,0.730947,0.0500301,0.124164],[0.410322,0.0293437,0.37756,0.182775]]},{"db":2,"id":"MA1278.1","alt":"OBP1","len":21,"ltrim":4,"rtrim":0,"nsites":600,"url":"http://jaspar2018.genereg.net/matrix/MA1278.1","pwm":[[0.241673,0.226667,0.133348,0.398313],[0.216677,0.228332,0.173342,0.381649],[0.153353,0.281657,0.136682,0.428308],[0.185015,0.323317,0.0950216,0.396647],[0.133357,0.254995,0.0700258,0.541623],[0.135023,0.178341,0.103353,0.583282],[0.145022,0.273325,0.056695,0.524958],[0.170018,0.225,0.12335,0.481633],[0.176683,0.198337,0.103353,0.521626],[0.151688,0.236665,0.0850233,0.526625],[0.188348,0.111686,0.116685,0.583282],[0.111694,0.138347,0.115018,0.63494],[0.0783658,0.281657,0.0283657,0.611611],[0.268334,0.155012,0.0716925,0.504962],[0.339989,0.24333,0.261661,0.15502],[4.58923e-05,0.999871,3.74271e-05,4.58923e-05],[4.58923e-05,0.0233665,3.74271e-05,0.97655],[4.58923e-05,0.0117025,3.74271e-05,0.988214],[4.58923e-05,3.74271e-05,3.74271e-05,0.999879],[0.241673,0.0483624,3.74271e-05,0.709928],[0.0983625,0.175008,0.173342,0.553287]]}],"sequence_names":["chr10:117469650-117470049","chr10:127258000-127258449","chr10:19501300-19502099","chr10:30712250-30713049","chr10:32250250-32250999","chr11:129716150-129717099","chr11:39015800-39016849","chr11:69329150-69329549","chr11:80431450-80432149","chr11:9124800-9125549","chr11:9587250-9587899","chr12:104571150-104572149","chr12:46595200-46595799","chr12:92170900-92171799","chr12:93480700-93481599","chr13:110650950-110651599","chr13:53383550-53384549","chr13:98953500-98954399","chr14:101539050-101539899","chr14:101874650-101875399","chr14:34837150-34838399","chr14:34949850-34950699","chr14:51370350-51371599","chr15:33094200-33095049","chr15:42222500-42222999","chr15:50507600-50508449","chr15:63753900-63754749","chr15:67709050-67709899","chr15:74207250-74207899","chr15:90459700-90460549","chr15:96773550-96774449","chr15:99343400-99344099","chr16:69757550-69758099","chr16:84129850-84131099","chr17:4064200-4065349","chr17:57922500-57924249","chr17:60501650-60502099","chr17:76742850-76743199","chr18:21207100-21207899","chr19:46696100-46696949","chr1:112055950-112056449","chr1:168721200-168721949","chr1:169498150-169499099","chr1:204386100-204387249","chr1:217729950-217730499","chr1:230220050-230220749","chr1:233004500-233005549","chr1:3571150-3571649","chr1:85422150-85423049","chr20:15041550-15043299","chr20:31778950-31779949","chr20:49261950-49262999","chr20:50366450-50367149","chr20:50419350-50420349","chr20:52129950-52130849","chr21:35816650-35817199","chr2:114633900-114634699","chr2:161086050-161086549","chr2:184673800-184674649","chr2:201508400-201509049","chr2:61135100-61135599","chr3:101892800-101893749","chr3:131447600-131448349","chr3:140675850-140676399","chr3:148179700-148180549","chr3:163566900-163567649","chr3:42942300-42943249","chr3:65565850-65566849","chr4:164225300-164225749","chr4:56264600-56265199","chr4:83445550-83446899","chr5:124982400-124983299","chr5:13377850-13378749","chr5:14767850-14768449","chr5:17305750-17306799","chr5:56059700-56060399","chr6:11389850-11390899","chr6:170439800-170440399","chr6:47011800-47012899","chr6:67444900-67445299","chr6:7418250-7419799","chr6:76233850-76234749","chr6:8083300-8084599","chr6:91521250-91522099","chr6:96644200-96645649","chr7:100995600-100996399","chr7:101343600-101344249","chr7:112921250-112922299","chr7:131312400-131312999","chr7:30387350-30388199","chr8:101017450-101018199","chr8:102619500-102620599","chr8:119890400-119891799","chr8:121085000-121085849","chr8:125150400-125150999","chr8:55470850-55471849","chr9:102195800-102196399","chr9:110266500-110267399","chr9:130768900-130769499","chr9:136608600-136609099","chr9:88358100-88358949","chr9:97581150-97582299","chrX:104395000-104395799","chrX:122936900-122937899","chrX:143455700-143456199","chrX:152029450-152030049","chrX:24171000-24171599"],"primaries":[{"motif":{"db":0,"id":"AAAMAAARWAAAWAAA","alt":"MEME-3","len":16,"ltrim":0,"rtrim":0,"nsites":50,"evalue":"1.7e-012","pwm":[[0.958634,0.000448303,0.000448303,0.0404699],[0.958634,0.000448303,0.000448303,0.0404699],[0.958634,0.000448303,0.000448303,0.0404699],[0.439671,0.39965,0.160129,0.0005497],[0.739073,0.000448303,0.000448303,0.260031],[0.599352,0.120209,0.160129,0.12031],[0.838873,0.000448303,0.0603285,0.10035],[0.579392,0.000448303,0.31981,0.10035],[0.619312,0.000448303,0.000448303,0.379791],[0.699152,0.000448303,0.000448303,0.299951],[0.759033,0.0603285,0.140169,0.0404699],[0.759033,0.0802886,0.000448303,0.16023],[0.559432,0.000448303,0.000448303,0.439671],[0.778993,0.140169,0.0403685,0.0404699],[0.798953,0.000448303,0.100249,0.10035],[0.719113,0.000448303,0.279889,0.0005497]]},"secondaries":[[{"idx":19,"counts":[[0,0,0,0,0,0,0,0,0,0,0,0,0,0,0,1,0,0,0,0,0,0,0,0,0,0,0,0,0,0,0,0,0,0,1,0,0,0,0,0,0,0,0,0,0,0,1,0,0,0,0,0,0,0,0,0,0,0,0,0,0,0,0,0,0,0,0,0,0,1,0,0,0,0,0,0,0,0,0,0,0,0,0,0,0,0,0,0,0,0,0,0,0,0,0,0,0,0,0,0,0,0,0,0,0,0,0,0,0,0,0,0,0,0,0,0,0,0,0,0,0,0,0,0,0,0,0,0,0,0,0,0,0,0,0,0,0,0],[0,0,0,0,0,0,0,0,0,0,0,0,0,0,0,0,0,0,0,0,0,0,0,0,0,0,0,0,0,0,0,0,0,0,0,0,1,0,0,0,0,0,0,0,0,1,0,0,0,0,0,0,0,0,0,0,0,0,1,0,1,0,0,0,0,0,0,0,0,0,0,0,0,0,0,0,0,0,0,0,0,0,0,0,0,0,0,0,0,0,0,0,0,0,0,0,0,0,0,0,0,0,0,0,0,1,0,0,0,0,0,0,0,0,0,0,0,0,1,0,0,0,0,1,0,0,0,0,0,0,0,0,0,0,0,0,1,0],[0,0,0,0,0,0,0,0,0,0,0,0,0,0,0,0,0,0,0,0,0,0,0,0,0,0,0,0,0,0,0,0,0,0,0,0,0,0,0,0,0,0,0,0,0,0,0,0,0,0,0,0,0,0,0,0,0,0,0,0,0,0,0,0,0,0,0,0,0,0,0,0,1,0,0,0,0,0,0,0,0,0,0,0,0,0,0,0,0,0,0,0,0,0,0,0,0,0,0,0,0,0,0,2,0,0,0,0,3,1,2,6,0,0,1,0,1,0,0,0,0,0,0,0,1,0,0,0,0,0,0,1,0,0,0,0,0,0],[0,0,0,0,0,0,0,0,0,0,0,0,0,0,0,1,0,0,0,0,0,1,0,1,0,1,0,0,0,0,0,0,0,0,2,0,0,0,0,0,1,0,0,0,0,0,0,0,0,0,0,1,0,0,0,1,0,0,0,1,0,0,0,0,0,0,0,0,0,1,0,0,0,0,0,0,0,0,0,0,0,0,0,0,0,1,0,0,0,0,0,0,0,0,0,0,0,0,0,1,0,1,0,0,0,0,0,0,0,1,0,0,0,0,0,0,0,0,0,0,1,0,0,0,0,0,0,0,0,0,0,0,0,0,1,0,0,0]],"spacings":[{"orient":2,"bin":111,"pvalue":4.24308e-10,"inferred_pwm":[[0.166667,0,0.833333,0],[0,0,0,1],[1,0,0,0],[0,0,0.833333,0.166667],[0,1,0,0],[0,0.166667,0,0.833333],[0.333333,0,0.666667,0],[0.166667,0,0.666667,0.166667],[0.166667,0,0.833333,0],[0.833333,0,0.166667,0],[0,0.166667,0,0.833333],[0.166667,0,0,0.833333],[0.833333,0,0.166667,0],[0,1,0,0]],"alignment_pwm":[null,null,[[0,0,0.833333,0.166667],[0.166667,0.333333,0,0.5],[0.333333,0.166667,0.5,0],[0.166667,0.333333,0.5,0],[0.333333,0,0.666667,0],[0.166667,0.333333,0.166667,0.333333],[0.333333,0,0.666667,0],[0.166667,0.833333,0,0],[0,0.833333,0,0.166667],[0,0,0,1],[0,0,1,0],[0,0.166667,0,0.833333],[0.833333,0,0,0.166667],[0.833333,0,0.166667,0],[0,0.166667,0,0.833333],[0,0.833333,0,0.166667],[0.166667,0.666667,0,0.166667],[0,0.666667,0,0.333333],[0.833333,0,0.166667,0],[0,0,1,0],[0.166667,0.833333,0,0],[0,0,0,1],[1,0,0,0],[0,0.833333,0,0.166667],[0,0,0,1],[0,0.333333,0,0.666667],[0.333333,0.166667,0.333333,0.166667],[0.333333,0,0.5,0.166667],[0,0,0.833333,0.166667],[1,0,0,0],[0,0.166667,0.833333,0],[0.333333,0,0.666667,0],[0,0.666667,0.166667,0.166667],[0,0.166667,0.166667,0.666667],[0,0.166667,0.833333,0],[0.833333,0.166667,0,0],[0,0,0.833333,0.166667],[0,0.166667,0.833333,0],[0,0.833333,0,0.166667],[0.5,0,0.333333,0.166667],[0.333333,0,0.5,0.166667],[0,0,1,0],[0.666667,0.166667,0,0.166667],[0.166667,0,0.833333,0],[0.833333,0.166667,0,0],[0.833333,0,0,0.166667],[0.166667,0,0.166667,0.666667],[0.333333,0.333333,0.166667,0.166667],[0.333333,0.166667,0.5,0],[0,0.833333,0.166667,0],[0.166667,0,0,0.833333],[0,0,0.166667,0.833333],[0,0.5,0.5,0],[0.833333,0,0,0.166667],[0.666667,0,0.333333,0],[0.166667,0.666667,0.166667,0],[0.166667,0.666667,0.166667,0],[0,0.666667,0.166667,0.166667],[0.333333,0,0.333333,0.333333],[0,0.166667,0.666667,0.166667],[0.166667,0,0.666667,0.166667],[0.5,0.166667,0.333333,0],[0.166667,0.166667,0.666667,0],[0.166667,0.166667,0.666667,0],[0.166667,0.5,0.166667,0.166667],[0.166667,0.166667,0.666667,0],[0.166667,0,0.666667,0.166667],[0.5,0.166667,0.333333,0],[0.5,0,0.5,0],[0.333333,0,0.666667,0],[0.166667,0,0.333333,0.5],[0,0,0.166667,0.833333],[0.333333,0.166667,0.333333,0.166667],[0,0.333333,0.166667,0.5],[0.5,0.166667,0.333333,0],[0.166667,0.333333,0.5,0],[0.333333,0,0.166667,0.5],[0,0,0.666667,0.333333],[0.666667,0,0,0.333333],[0.166667,0,0.833333,0],[0.166667,0.5,0.166667,0.166667],[0,0.333333,0.333333,0.333333],[0,0.166667,0.666667,0.166667],[0.5,0,0.333333,0.166667],[0.333333,0.166667,0.5,0],[0.5,0.166667,0.166667,0.166667],[0.333333,0.166667,0,0.5],[0.166667,0.333333,0,0.5],[0.166667,0.333333,0.333333,0.166667],[0.166667,0.5,0.166667,0.166667],[0.5,0.333333,0.166667,0],[0.333333,0.333333,0,0.333333],[0.333333,0.666667,0,0],[0.666667,0.333333,0,0],[0.166667,0.5,0,0.333333],[0.166667,0,0,0.833333],[0,0.333333,0.5,0.166667],[0,0.5,0.333333,0.166667],[0.5,0.166667,0.166667,0.166667],[0.166667,0.333333,0.166667,0.333333],[0.333333,0.166667,0,0.5],[0,0.5,0.166667,0.333333],[0.166667,0.666667,0,0.166667],[0.5,0.333333,0,0.166667],[0.333333,0.166667,0.5,0],[0.166667,0.5,0.166667,0.166667],[0,0.666667,0.333333,0],[0,0.333333,0,0.666667],[0.166667,0.166667,0.5,0.166667],[0,0,0.666667,0.333333],[0,0,0.666667,0.333333],[0,0.5,0.333333,0.166667],[0.166667,0.166667,0.333333,0.333333],[0.5,0,0.166667,0.333333],[0.166667,0.5,0.166667,0.166667],[0.833333,0.166667,0,0],[0.333333,0.333333,0.333333,0],[0.666667,0,0.166667,0.166667],[0.333333,0,0.666667,0],[0.333333,0.166667,0.333333,0.166667],[0,0.5,0.5,0],[0.666667,0,0,0.333333],[0.333333,0.166667,0.5,0],[0.333333,0,0.5,0.166667],[0.333333,0.333333,0.166667,0.166667],[0.166667,0.333333,0.166667,0.333333],[0,0.666667,0,0.333333],[0,0.5,0,0.5],[0,0.5,0.333333,0.166667],[0.166667,0,0.166667,0.666667],[0,0.5,0.166667,0.333333],[0,0.4,0,0.6],[0,0.4,0,0.6],[0,0.666667,0,0.333333],[0,1,0,0],[1,0,0,0],[1,0,0,0],[1,0,0,0],[1,0,0,0],[0,0,0,1],[1,0,0,0],[0,0,1,0],[1,0,0,0],[0,0,0,1],[1,0,0,0],[1,0,0,0],[1,0,0,0],[0,0,0,1],[0,1,0,0],[1,0,0,0],[0,0,1,0],[0,0,0,1],[0,0,1,0],[0,0,0,1],[0,0,1,0],[0.333333,0,0,0.666667],[0.666667,0,0.333333,0],[0,0,0,1],[0.333333,0,0,0.666667],[0,0.5,0,0.5],[0.25,0.5,0,0.25],[0,0.5,0,0.5],[0.4,0,0,0.6],[0,0.2,0.6,0.2],[0.6,0.2,0,0.2],[0.4,0,0.2,0.4],[0.6,0,0.2,0.2],[0.166667,0.166667,0.333333,0.333333],[0.333333,0.333333,0,0.333333],[0.333333,0.333333,0,0.333333],[0.166667,0.333333,0,0.5],[0.5,0.166667,0.166667,0.166667],[0.333333,0.166667,0.166667,0.333333],[0.333333,0.333333,0.166667,0.166667],[0.5,0.166667,0,0.333333],[0.333333,0.5,0,0.166667],[0.5,0,0.333333,0.166667],[0.333333,0.166667,0.333333,0.166667],[0.166667,0.166667,0.5,0.166667],[0.333333,0,0.5,0.166667],[0.5,0.166667,0.166667,0.166667],[0.333333,0.5,0,0.166667],[0.166667,0.166667,0.166667,0.5],[0.333333,0.333333,0.333333,0],[0.5,0.333333,0,0.166667],[0.5,0.166667,0.166667,0.166667],[0.333333,0.166667,0.166667,0.333333],[0.333333,0.166667,0,0.5],[0.333333,0,0.333333,0.333333],[0.5,0.166667,0,0.333333],[0.166667,0,0.5,0.333333],[0.5,0.5,0,0],[0.333333,0.5,0.166667,0],[0.166667,0.5,0.166667,0.166667],[0.833333,0,0,0.166667],[0.5,0.166667,0.166667,0.166667],[0.166667,0.333333,0.5,0],[0.166667,0.333333,0,0.5],[0.166667,0.166667,0.333333,0.333333],[0,0.166667,0.166667,0.666667],[0,0.166667,0.333333,0.5],[0.333333,0.166667,0.166667,0.333333],[0.166667,0.333333,0.166667,0.333333],[0.166667,0.333333,0.166667,0.333333],[0.166667,0,0.166667,0.666667],[0,0.333333,0,0.666667],[0.333333,0.333333,0,0.333333],[0.5,0.166667,0.333333,0],[0.333333,0.333333,0.166667,0.166667],[0.166667,0.166667,0.333333,0.333333],[0,0,0.333333,0.666667],[0,0.166667,0.666667,0.166667],[0.5,0,0.166667,0.333333],[0.166667,0.166667,0.5,0.166667],[0.166667,0.166667,0.166667,0.5],[0,0.333333,0.166667,0.5],[0.166667,0.5,0.166667,0.166667],[0.166667,0.166667,0.166667,0.5],[0.333333,0.333333,0.166667,0.166667],[0.166667,0,0.333333,0.5],[0.166667,0.333333,0.166667,0.333333],[0.333333,0.333333,0.166667,0.166667],[0.666667,0,0.166667,0.166667],[0.333333,0.166667,0.166667,0.333333],[0.333333,0.333333,0.166667,0.166667],[0.333333,0,0.166667,0.5],[0.166667,0,0.333333,0.5],[0.166667,0.333333,0.166667,0.333333],[0.166667,0.166667,0.166667,0.5],[0.166667,0.333333,0,0.5],[0,0.333333,0.5,0.166667],[0.5,0,0,0.5],[0.5,0.166667,0,0.333333],[0.333333,0,0.666667,0],[0.166667,0.333333,0.5,0],[0.333333,0.166667,0.166667,0.333333],[0.333333,0.5,0,0.166667],[0.5,0.166667,0,0.333333],[0.5,0,0.166667,0.333333],[0.166667,0.333333,0.166667,0.333333],[0,0.166667,0.333333,0.5],[0.166667,0.333333,0.166667,0.333333],[0.166667,0.166667,0.333333,0.333333],[0.166667,0.333333,0.166667,0.333333],[0.166667,0.333333,0.333333,0.166667],[0.166667,0.333333,0.166667,0.333333],[0.333333,0.333333,0.166667,0.166667],[0.5,0.166667,0.166667,0.166667],[0.666667,0,0,0.333333],[0.166667,0.333333,0.5,0],[0.5,0.333333,0,0.166667],[0.333333,0,0.5,0.166667],[0.333333,0.333333,0,0.333333],[0,0.333333,0,0.666667],[0.333333,0.333333,0.166667,0.166667],[0.166667,0.333333,0.333333,0.166667],[0.166667,0.333333,0.333333,0.166667],[0.333333,0.5,0.166667,0],[0.166667,0.5,0,0.333333],[0.166667,0.166667,0.166667,0.5],[0.333333,0.166667,0.5,0],[0,0.333333,0,0.666667],[0.333333,0.333333,0.166667,0.166667],[0.5,0.333333,0.166667,0],[0.333333,0.166667,0,0.5],[0.166667,0,0.5,0.333333],[0.5,0,0.333333,0.166667],[0,0.166667,0.333333,0.5],[0.5,0.333333,0.166667,0],[0.5,0.166667,0,0.333333],[0.333333,0,0.333333,0.333333],[0.166667,0.166667,0.5,0.166667],[0.5,0.166667,0.333333,0],[0.333333,0.166667,0,0.5],[0.5,0.333333,0,0.166667],[0.5,0.333333,0.166667,0],[0,0.5,0.166667,0.333333],[0.833333,0,0,0.166667],[0.5,0,0.166667,0.333333],[0.5,0.333333,0,0.166667],[0.166667,0.666667,0.166667,0],[0.166667,0,0.333333,0.5],[0.333333,0.166667,0.166667,0.333333],[0,0.333333,0.166667,0.5],[0,0.5,0,0.5],[0,0.166667,0.166667,0.666667]],null],"seqs":[3,29,37,44,52,93]},{"orient":4,"bin":111,"pvalue":2.54286e-08,"inferred_pwm":[[0.166667,0,0.833333,0],[0,0,0,1],[1,0,0,0],[0,0,0.833333,0.166667],[0,1,0,0],[0,0.166667,0,0.833333],[0.333333,0,0.666667,0],[0.166667,0,0.666667,0.166667],[0.166667,0,0.833333,0],[0.833333,0,0.166667,0],[0,0.166667,0,0.833333],[0.166667,0,0,0.833333],[0.833333,0,0.166667,0],[0,1,0,0]],"alignment_pwm":[null,null,[[0,0,0.833333,0.166667],[0.166667,0.333333,0,0.5],[0.333333,0.166667,0.5,0],[0.166667,0.333333,0.5,0],[0.333333,0,0.666667,0],[0.166667,0.333333,0.166667,0.333333],[0.333333,0,0.666667,0],[0.166667,0.833333,0,0],[0,0.833333,0,0.166667],[0,0,0,1],[0,0,1,0],[0,0.166667,0,0.833333],[0.833333,0,0,0.166667],[0.833333,0,0.166667,0],[0,0.166667,0,0.833333],[0,0.833333,0,0.166667],[0.166667,0.666667,0,0.166667],[0,0.666667,0,0.333333],[0.833333,0,0.166667,0],[0,0,1,0],[0.166667,0.833333,0,0],[0,0,0,1],[1,0,0,0],[0,0.833333,0,0.166667],[0,0,0,1],[0,0.333333,0,0.666667],[0.333333,0.166667,0.333333,0.166667],[0.333333,0,0.5,0.166667],[0,0,0.833333,0.166667],[1,0,0,0],[0,0.166667,0.833333,0],[0.333333,0,0.666667,0],[0,0.666667,0.166667,0.166667],[0,0.166667,0.166667,0.666667],[0,0.166667,0.833333,0],[0.833333,0.166667,0,0],[0,0,0.833333,0.166667],[0,0.166667,0.833333,0],[0,0.833333,0,0.166667],[0.5,0,0.333333,0.166667],[0.333333,0,0.5,0.166667],[0,0,1,0],[0.666667,0.166667,0,0.166667],[0.166667,0,0.833333,0],[0.833333,0.166667,0,0],[0.833333,0,0,0.166667],[0.166667,0,0.166667,0.666667],[0.333333,0.333333,0.166667,0.166667],[0.333333,0.166667,0.5,0],[0,0.833333,0.166667,0],[0.166667,0,0,0.833333],[0,0,0.166667,0.833333],[0,0.5,0.5,0],[0.833333,0,0,0.166667],[0.666667,0,0.333333,0],[0.166667,0.666667,0.166667,0],[0.166667,0.666667,0.166667,0],[0,0.666667,0.166667,0.166667],[0.333333,0,0.333333,0.333333],[0,0.166667,0.666667,0.166667],[0.166667,0,0.666667,0.166667],[0.5,0.166667,0.333333,0],[0.166667,0.166667,0.666667,0],[0.166667,0.166667,0.666667,0],[0.166667,0.5,0.166667,0.166667],[0.166667,0.166667,0.666667,0],[0.166667,0,0.666667,0.166667],[0.5,0.166667,0.333333,0],[0.5,0,0.5,0],[0.333333,0,0.666667,0],[0.166667,0,0.333333,0.5],[0,0,0.166667,0.833333],[0.333333,0.166667,0.333333,0.166667],[0,0.333333,0.166667,0.5],[0.5,0.166667,0.333333,0],[0.166667,0.333333,0.5,0],[0.333333,0,0.166667,0.5],[0,0,0.666667,0.333333],[0.666667,0,0,0.333333],[0.166667,0,0.833333,0],[0.166667,0.5,0.166667,0.166667],[0,0.333333,0.333333,0.333333],[0,0.166667,0.666667,0.166667],[0.5,0,0.333333,0.166667],[0.333333,0.166667,0.5,0],[0.5,0.166667,0.166667,0.166667],[0.333333,0.166667,0,0.5],[0.166667,0.333333,0,0.5],[0.166667,0.333333,0.333333,0.166667],[0.166667,0.5,0.166667,0.166667],[0.5,0.333333,0.166667,0],[0.333333,0.333333,0,0.333333],[0.333333,0.666667,0,0],[0.666667,0.333333,0,0],[0.166667,0.5,0,0.333333],[0.166667,0,0,0.833333],[0,0.333333,0.5,0.166667],[0,0.5,0.333333,0.166667],[0.5,0.166667,0.166667,0.166667],[0.166667,0.333333,0.166667,0.333333],[0.333333,0.166667,0,0.5],[0,0.5,0.166667,0.333333],[0.166667,0.666667,0,0.166667],[0.5,0.333333,0,0.166667],[0.333333,0.166667,0.5,0],[0.166667,0.5,0.166667,0.166667],[0,0.666667,0.333333,0],[0,0.333333,0,0.666667],[0.166667,0.166667,0.5,0.166667],[0,0,0.666667,0.333333],[0,0,0.666667,0.333333],[0,0.5,0.333333,0.166667],[0.166667,0.166667,0.333333,0.333333],[0.5,0,0.166667,0.333333],[0.166667,0.5,0.166667,0.166667],[0.833333,0.166667,0,0],[0.333333,0.333333,0.333333,0],[0.666667,0,0.166667,0.166667],[0.333333,0,0.666667,0],[0.333333,0.166667,0.333333,0.166667],[0,0.5,0.5,0],[0.666667,0,0,0.333333],[0.333333,0.166667,0.5,0],[0.333333,0,0.5,0.166667],[0.333333,0.333333,0.166667,0.166667],[0.166667,0.333333,0.166667,0.333333],[0,0.666667,0,0.333333],[0,0.5,0,0.5],[0,0.5,0.333333,0.166667],[0.166667,0,0.166667,0.666667],[0,0.5,0.166667,0.333333],[0,0.4,0,0.6],[0,0.4,0,0.6],[0,0.666667,0,0.333333],[0,1,0,0],[1,0,0,0],[1,0,0,0],[1,0,0,0],[1,0,0,0],[0,0,0,1],[1,0,0,0],[0,0,1,0],[1,0,0,0],[0,0,0,1],[1,0,0,0],[1,0,0,0],[1,0,0,0],[0,0,0,1],[0,1,0,0],[1,0,0,0],[0,0,1,0],[0,0,0,1],[0,0,1,0],[0,0,0,1],[0,0,1,0],[0.333333,0,0,0.666667],[0.666667,0,0.333333,0],[0,0,0,1],[0.333333,0,0,0.666667],[0,0.5,0,0.5],[0.25,0.5,0,0.25],[0,0.5,0,0.5],[0.4,0,0,0.6],[0,0.2,0.6,0.2],[0.6,0.2,0,0.2],[0.4,0,0.2,0.4],[0.6,0,0.2,0.2],[0.166667,0.166667,0.333333,0.333333],[0.333333,0.333333,0,0.333333],[0.333333,0.333333,0,0.333333],[0.166667,0.333333,0,0.5],[0.5,0.166667,0.166667,0.166667],[0.333333,0.166667,0.166667,0.333333],[0.333333,0.333333,0.166667,0.166667],[0.5,0.166667,0,0.333333],[0.333333,0.5,0,0.166667],[0.5,0,0