<!DOCTYPE HTML>
<html>
  <head>
    <meta charset="UTF-8">
    <title>TOMTOM</title>
    <script>
      // @JSON_VAR data
      var data = {
        "program": "Tomtom",
        "version": "4.12.0",
        "release": "Tue Jun 27 16:22:50 2017 -0700",
        "cmd": [
          "tomtom", "-verbosity", "1", "-oc",
          "results/AHRpeaks_not-in-DHSs-withAHREs.bed-499.fa/jaspar/meme_tomtom_out",
          "-min-overlap", "5", "-dist", "pearson", "-evalue", "-thresh", "1",
          "-no-ssc", "-bfile",
          "results/AHRpeaks_not-in-DHSs-withAHREs.bed-499.fa/jaspar/background",
          "results/AHRpeaks_not-in-DHSs-withAHREs.bed-499.fa/jaspar/meme_out/meme.xml",
          "/Users/filipov4/meme/db/motif_databases/JASPAR/JASPAR2018_CORE_non-redundant.meme"
        ],
        "options": {
          "strands": "both",
          "distance_measure": "pearson",
          "threshold_type": "evalue",
          "threshold_value": 1,
          "background_source": "file",
          "background_file": "results/AHRpeaks_not-in-DHSs-withAHREs.bed-499.fa/jaspar/background"
        },
        "alphabet": {
          "name": "DNA",
          "like": "dna",
          "ncore": 4,
          "symbols": [
            {
              "symbol": "A",
              "name": "Adenine",
              "colour": "CC0000",
              "complement": "T"
            }, {
              "symbol": "C",
              "name": "Cytosine",
              "colour": "0000CC",
              "complement": "G"
            }, {
              "symbol": "G",
              "name": "Guanine",
              "colour": "FFB300",
              "complement": "C"
            }, {
              "symbol": "T",
              "aliases": "U",
              "name": "Thymine",
              "colour": "008000",
              "complement": "A"
            }, {
              "symbol": "N",
              "aliases": "X.",
              "name": "Any base",
              "equals": "ACGT"
            }, {
              "symbol": "V",
              "name": "Not T",
              "equals": "ACG"
            }, {
              "symbol": "H",
              "name": "Not G",
              "equals": "ACT"
            }, {
              "symbol": "D",
              "name": "Not C",
              "equals": "AGT"
            }, {
              "symbol": "B",
              "name": "Not A",
              "equals": "CGT"
            }, {
              "symbol": "M",
              "name": "Amino",
              "equals": "AC"
            }, {
              "symbol": "R",
              "name": "Purine",
              "equals": "AG"
            }, {
              "symbol": "W",
              "name": "Weak",
              "equals": "AT"
            }, {
              "symbol": "S",
              "name": "Strong",
              "equals": "CG"
            }, {
              "symbol": "Y",
              "name": "Pyrimidine",
              "equals": "CT"
            }, {
              "symbol": "K",
              "name": "Keto",
              "equals": "GT"
            }
          ]
        },
        "background": [0.3192, 0.1808, 0.1808, 0.3192],
        "query_dbs": [
          {
            "source": "results/AHRpeaks_not-in-DHSs-withAHREs.bed-499.fa/jaspar/meme_out/meme.xml",
            "name": "meme",
            "loaded": 7,
            "excluded": 0,
            "last_modified": "Thu May 24 14:22:30 2018"
          }
        ],
        "target_dbs": [
          {
            "source": "/Users/filipov4/meme/db/motif_databases/JASPAR/JASPAR2018_CORE_non-redundant.meme",
            "name": "JASPAR2018 CORE non-redundant",
            "loaded": 1404,
            "excluded": 0,
            "last_modified": "Thu Dec  7 14:38:42 2017"
          }
        ],
        "queries": [
          {
            "db": 0,
            "id": "CCCAAAAGCAAATKCAATARAAACAAAGAT",
            "alt": "MEME-2",
            "len": 30,
            "nsites": 3,
            "evalue": "1.6e-004",
            "pwm": [
              [0.0102968, 0.973574, 0.00583226, 0.0102968], 
              [0.0102968, 0.973574, 0.00583226, 0.0102968], 
              [0.0102968, 0.973574, 0.00583226, 0.0102968], 
              [0.978039, 0.00583226, 0.00583226, 0.0102968], 
              [0.978039, 0.00583226, 0.00583226, 0.0102968], 
              [0.978039, 0.00583226, 0.00583226, 0.0102968], 
              [0.978039, 0.00583226, 0.00583226, 0.0102968], 
              [0.0102968, 0.00583226, 0.973574, 0.0102968], 
              [0.0102968, 0.973574, 0.00583226, 0.0102968], 
              [0.978039, 0.00583226, 0.00583226, 0.0102968], 
              [0.978039, 0.00583226, 0.00583226, 0.0102968], 
              [0.978039, 0.00583226, 0.00583226, 0.0102968], 
              [0.0102968, 0.00583226, 0.00583226, 0.978039], 
              [0.0102968, 0.00583226, 0.650994, 0.332877], 
              [0.0102968, 0.973574, 0.00583226, 0.0102968], 
              [0.978039, 0.00583226, 0.00583226, 0.0102968], 
              [0.978039, 0.00583226, 0.00583226, 0.0102968], 
              [0.0102968, 0.00583226, 0.00583226, 0.978039], 
              [0.978039, 0.00583226, 0.00583226, 0.0102968], 
              [0.655458, 0.00583226, 0.328413, 0.0102968], 
              [0.978039, 0.00583226, 0.00583226, 0.0102968], 
              [0.978039, 0.00583226, 0.00583226, 0.0102968], 
              [0.978039, 0.00583226, 0.00583226, 0.0102968], 
              [0.0102968, 0.973574, 0.00583226, 0.0102968], 
              [0.978039, 0.00583226, 0.00583226, 0.0102968], 
              [0.978039, 0.00583226, 0.00583226, 0.0102968], 
              [0.978039, 0.00583226, 0.00583226, 0.0102968], 
              [0.0102968, 0.00583226, 0.973574, 0.0102968], 
              [0.978039, 0.00583226, 0.00583226, 0.0102968], 
              [0.0102968, 0.00583226, 0.00583226, 0.978039]
            ]
          }, {
            "db": 0,
            "id": "CTAAGACCTGAMAC",
            "alt": "MEME-6",
            "len": 14,
            "nsites": 2,
            "evalue": "1.3e+004",
            "pwm": [
              [0.0152, 0.96099, 0.00860953, 0.0152], 
              [0.0152, 0.00860953, 0.00860953, 0.967581], 
              [0.967581, 0.00860953, 0.00860953, 0.0152], 
              [0.967581, 0.00860953, 0.00860953, 0.0152], 
              [0.0152, 0.00860953, 0.96099, 0.0152], 
              [0.967581, 0.00860953, 0.00860953, 0.0152], 
              [0.0152, 0.96099, 0.00860953, 0.0152], 
              [0.0152, 0.96099, 0.00860953, 0.0152], 
              [0.0152, 0.00860953, 0.00860953, 0.967581], 
              [0.0152, 0.00860953, 0.96099, 0.0152], 
              [0.967581, 0.00860953, 0.00860953, 0.0152], 
              [0.49139, 0.4848, 0.00860953, 0.0152], 
              [0.967581, 0.00860953, 0.00860953, 0.0152], 
              [0.0152, 0.96099, 0.00860953, 0.0152]
            ]
          }, {
            "db": 0,
            "id": "GAWARYWKTRGAAAAACYCTTM",
            "alt": "MEME-3",
            "len": 22,
            "nsites": 6,
            "evalue": "2.0e-002",
            "pwm": [
              [0.00523278, 0.166899, 0.822636, 0.00523278], 
              [0.988839, 0.00296394, 0.00296394, 0.00523278], 
              [0.333101, 0.00296394, 0.00296394, 0.660971], 
              [0.824905, 0.166899, 0.00296394, 0.00523278], 
              [0.660971, 0.00296394, 0.330832, 0.00523278], 
              [0.00523278, 0.658702, 0.00296394, 0.333101], 
              [0.660971, 0.00296394, 0.00296394, 0.333101], 
              [0.00523278, 0.00296394, 0.494767, 0.497036], 
              [0.169168, 0.166899, 0.00296394, 0.660971], 
              [0.333101, 0.00296394, 0.494767, 0.169168], 
              [0.00523278, 0.166899, 0.822636, 0.00523278], 
              [0.824905, 0.166899, 0.00296394, 0.00523278], 
              [0.824905, 0.00296394, 0.166899, 0.00523278], 
              [0.988839, 0.00296394, 0.00296394, 0.00523278], 
              [0.988839, 0.00296394, 0.00296394, 0.00523278], 
              [0.824905, 0.00296394, 0.00296394, 0.169168], 
              [0.00523278, 0.98657, 0.00296394, 0.00523278], 
              [0.00523278, 0.658702, 0.00296394, 0.333101], 
              [0.169168, 0.822636, 0.00296394, 0.00523278], 
              [0.00523278, 0.166899, 0.00296394, 0.824905], 
              [0.00523278, 0.00296394, 0.166899, 0.824905], 
              [0.333101, 0.658702, 0.00296394, 0.00523278]
            ]
          }, {
            "db": 0,
            "id": "GGCAG",
            "alt": "MEME-7",
            "len": 5,
            "nsites": 2,
            "evalue": "2.5e+004",
            "pwm": [
              [0.0152, 0.00860953, 0.96099, 0.0152], 
              [0.0152, 0.00860953, 0.96099, 0.0152], 
              [0.0152, 0.96099, 0.00860953, 0.0152], 
              [0.967581, 0.00860953, 0.00860953, 0.0152], 
              [0.0152, 0.00860953, 0.96099, 0.0152]
            ]
          }, {
            "db": 0,
            "id": "GTTWAATTARGTCCCAGCTAT",
            "alt": "MEME-4",
            "len": 21,
            "nsites": 3,
            "evalue": "4.5e-001",
            "pwm": [
              [0.0102968, 0.00583226, 0.973574, 0.0102968], 
              [0.0102968, 0.00583226, 0.00583226, 0.978039], 
              [0.0102968, 0.00583226, 0.00583226, 0.978039], 
              [0.332877, 0.00583226, 0.00583226, 0.655458], 
              [0.978039, 0.00583226, 0.00583226, 0.0102968], 
              [0.978039, 0.00583226, 0.00583226, 0.0102968], 
              [0.0102968, 0.00583226, 0.00583226, 0.978039], 
              [0.0102968, 0.00583226, 0.00583226, 0.978039], 
              [0.978039, 0.00583226, 0.00583226, 0.0102968], 
              [0.655458, 0.00583226, 0.328413, 0.0102968], 
              [0.0102968, 0.00583226, 0.973574, 0.0102968], 
              [0.0102968, 0.00583226, 0.00583226, 0.978039], 
              [0.0102968, 0.973574, 0.00583226, 0.0102968], 
              [0.0102968, 0.973574, 0.00583226, 0.0102968], 
              [0.0102968, 0.973574, 0.00583226, 0.0102968], 
              [0.978039, 0.00583226, 0.00583226, 0.0102968], 
              [0.0102968, 0.00583226, 0.973574, 0.0102968], 
              [0.0102968, 0.973574, 0.00583226, 0.0102968], 
              [0.0102968, 0.00583226, 0.00583226, 0.978039], 
              [0.978039, 0.00583226, 0.00583226, 0.0102968], 
              [0.0102968, 0.00583226, 0.00583226, 0.978039]
            ]
          }, {
            "db": 0,
            "id": "RGCTTTTGCAYGRCAAADGGAACAGTSAR",
            "alt": "MEME-1",
            "len": 29,
            "nsites": 5,
            "evalue": "4.5e-006",
            "pwm": [
              [0.398416, 0.0035451, 0.59178, 0.00625882], 
              [0.202337, 0.199624, 0.59178, 0.00625882], 
              [0.00625882, 0.59178, 0.199624, 0.202337], 
              [0.00625882, 0.199624, 0.0035451, 0.790573], 
              [0.00625882, 0.199624, 0.0035451, 0.790573], 
              [0.00625882, 0.0035451, 0.0035451, 0.986651], 
              [0.00625882, 0.199624, 0.0035451, 0.790573], 
              [0.00625882, 0.0035451, 0.983937, 0.00625882], 
              [0.00625882, 0.983937, 0.0035451, 0.00625882], 
              [0.986651, 0.0035451, 0.0035451, 0.00625882], 
              [0.00625882, 0.59178, 0.0035451, 0.398416], 
              [0.00625882, 0.0035451, 0.983937, 0.00625882], 
              [0.398416, 0.0035451, 0.59178, 0.00625882], 
              [0.202337, 0.59178, 0.199624, 0.00625882], 
              [0.790573, 0.0035451, 0.199624, 0.00625882], 
              [0.790573, 0.199624, 0.0035451, 0.00625882], 
              [0.986651, 0.0035451, 0.0035451, 0.00625882], 
              [0.398416, 0.0035451, 0.395702, 0.202337], 
              [0.00625882, 0.0035451, 0.983937, 0.00625882], 
              [0.00625882, 0.199624, 0.59178, 0.202337], 
              [0.986651, 0.0035451, 0.0035451, 0.00625882], 
              [0.790573, 0.0035451, 0.199624, 0.00625882], 
              [0.00625882, 0.787859, 0.199624, 0.00625882], 
              [0.790573, 0.0035451, 0.0035451, 0.202337], 
              [0.00625882, 0.0035451, 0.983937, 0.00625882], 
              [0.00625882, 0.0035451, 0.199624, 0.790573], 
              [0.00625882, 0.59178, 0.395702, 0.00625882], 
              [0.790573, 0.0035451, 0.0035451, 0.202337], 
              [0.398416, 0.0035451, 0.59178, 0.00625882]
            ]
          }, {
            "db": 0,
            "id": "TTGSCYKAGGSRAGRMTTKCWTGMCYAA",
            "alt": "MEME-5",
            "len": 28,
            "nsites": 3,
            "evalue": "2.8e+000",
            "pwm": [
              [0.0102968, 0.00583226, 0.00583226, 0.978039], 
              [0.0102968, 0.00583226, 0.00583226, 0.978039], 
              [0.0102968, 0.00583226, 0.973574, 0.0102968], 
              [0.0102968, 0.650994, 0.328413, 0.0102968], 
              [0.0102968, 0.973574, 0.00583226, 0.0102968], 
              [0.0102968, 0.328413, 0.00583226, 0.655458], 
              [0.0102968, 0.00583226, 0.328413, 0.655458], 
              [0.978039, 0.00583226, 0.00583226, 0.0102968], 
              [0.0102968, 0.00583226, 0.973574, 0.0102968], 
              [0.0102968, 0.00583226, 0.973574, 0.0102968], 
              [0.0102968, 0.650994, 0.328413, 0.0102968], 
              [0.655458, 0.00583226, 0.328413, 0.0102968], 
              [0.978039, 0.00583226, 0.00583226, 0.0102968], 
              [0.0102968, 0.00583226, 0.973574, 0.0102968], 
              [0.332877, 0.00583226, 0.650994, 0.0102968], 
              [0.655458, 0.328413, 0.00583226, 0.0102968], 
              [0.0102968, 0.00583226, 0.00583226, 0.978039], 
              [0.0102968, 0.00583226, 0.00583226, 0.978039], 
              [0.0102968, 0.00583226, 0.328413, 0.655458], 
              [0.0102968, 0.973574, 0.00583226, 0.0102968], 
              [0.655458, 0.00583226, 0.00583226, 0.332877], 
              [0.0102968, 0.00583226, 0.00583226, 0.978039], 
              [0.0102968, 0.00583226, 0.973574, 0.0102968], 
              [0.655458, 0.328413, 0.00583226, 0.0102968], 
              [0.0102968, 0.973574, 0.00583226, 0.0102968], 
              [0.0102968, 0.650994, 0.00583226, 0.332877], 
              [0.978039, 0.00583226, 0.00583226, 0.0102968], 
              [0.978039, 0.00583226, 0.00583226, 0.0102968]
            ]
          }
        ],
        "targets": [
          {
            "db": 0,
            "id": "MA0003.3",
            "alt": "TFAP2A",
            "len": 11,
            "nsites": 5308,
            "url": "http://jaspar2018.genereg.net/matrix/MA0003.3",
            "pwm": [
              [0.321402, 0.365295, 0.0521874, 0.261116], 
              [0.0249505, 0.176256, 0.790229, 0.00856385], 
              [6.01345e-06, 0.974471, 0.0255169, 6.01345e-06], 
              [6.01345e-06, 0.947852, 0.00196737, 0.0501751], 
              [0.0062219, 0.310038, 0.123941, 0.559799], 
              [0.108331, 0.505269, 0.303879, 0.0825215], 
              [0.685621, 0.187418, 0.116407, 0.0105538], 
              [0.154625, 0.0342278, 0.811142, 6.01345e-06], 
              [6.01345e-06, 0.0058083, 0.99418, 6.01345e-06], 
              [0.0057899, 0.881703, 0.108583, 0.00392394], 
              [0.351355, 0.15034, 0.24397, 0.254334]
            ]
          }, {
            "db": 0,
            "id": "MA0022.1",
            "alt": "dl",
            "len": 12,
            "nsites": 13,
            "url": "http://jaspar2018.genereg.net/matrix/MA0022.1",
            "pwm": [
              [0.00243664, 0.383059, 0.459395, 0.155108], 
              [0.00243664, 0.00138015, 0.917411, 0.0787724], 
              [0.00243664, 0.077716, 0.841075, 0.0787724], 
              [0.00243664, 0.00138015, 0.764739, 0.231444], 
              [0.0787724, 0.077716, 0.230388, 0.613124], 
              [0.0787724, 0.00138015, 0.154052, 0.765796], 
              [0.0787724, 0.00138015, 0.00138015, 0.918467], 
              [0.00243664, 0.00138015, 0.00138015, 0.994803], 
              [0.00243664, 0.230388, 0.00138015, 0.765796], 
              [0.0787724, 0.688403, 0.00138015, 0.231444], 
              [0.0787724, 0.688403, 0.077716, 0.155108], 
              [0.231444, 0.383059, 0.383059, 0.00243664]
            ]
          }, {
            "db": 0,
            "id": "MA0023.1",
            "alt": "dl(var.2)",
            "len": 10,
            "nsites": 9,
            "url": "http://jaspar2018.genereg.net/matrix/MA0023.1",
            "pwm": [
              [0.00350769, 0.111877, 0.771218, 0.113398], 
              [0.00350769, 0.00198681, 0.771218, 0.223288], 
              [0.00350769, 0.00198681, 0.990998, 0.00350769], 
              [0.00350769, 0.00198681, 0.881108, 0.113398], 
              [0.443068, 0.111877, 0.00198681, 0.443068], 
              [0.223288, 0.111877, 0.00198681, 0.662849], 
              [0.00350769, 0.00198681, 0.00198681, 0.992519], 
              [0.00350769, 0.111877, 0.00198681, 0.882629], 
              [0.00350769, 0.990998, 0.00198681, 0.00350769], 
              [0.113398, 0.881108, 0.00198681, 0.00350769]
            ]
          }, {
            "db": 0,
            "id": "MA0094.2",
            "alt": "Ubx",
            "len": 8,
            "nsites": 20,
            "url": "http://jaspar2018.genereg.net/matrix/MA0094.2",
            "pwm": [
              [0.150842, 0.249656, 0.150153, 0.449349], 
              [0.00158806, 0.000899503, 0.000899503, 0.996613], 
              [0.00158806, 0.000899503, 0.000899503, 0.996613], 
              [0.847359, 0.000899503, 0.000899503, 0.150842], 
              [0.996613, 0.000899503, 0.000899503, 0.00158806], 
              [0.00158806, 0.000899503, 0.000899503, 0.996613], 
              [0.00158806, 0.000899503, 0.299407, 0.698105], 
              [0.698105, 0.000899503, 0.299407, 0.00158806]
            ]
          }, {
            "db": 0,
            "id": "MA0142.1",
            "alt": "Pou5f1::Sox2",
            "len": 15,
            "nsites": 1364,
            "url": "http://jaspar2018.genereg.net/matrix/MA0142.1",
            "pwm": [
              [0.046208, 0.620203, 0.0483967, 0.285193], 
              [0.423857, 0.0424701, 0.0205098, 0.513163], 
              [0.00806981, 0.0365866, 0.0263463, 0.928997], 
              [0.0343529, 0.00877861, 0.057715, 0.899153], 
              [0.0862111, 0.265151, 0.602599, 0.046039], 
              [0.303142, 0.0131603, 0.0211947, 0.662502], 
              [0.150487, 0.266612, 0.135869, 0.447033], 
              [0.902075, 0.0219256, 0.017543, 0.0584561], 
              [0.0124405, 0.00366499, 0.0109695, 0.972925], 
              [0.00732786, 0.0116994, 0.904987, 0.0759858], 
              [0.0102566, 0.752151, 0.0943043, 0.143288], 
              [0.769198, 0.0117344, 0.0219896, 0.197079], 
              [0.651224, 0.0499366, 0.231274, 0.0675664], 
              [0.881664, 0.0242585, 0.0551162, 0.0389625], 
              [0.145494, 0.0874428, 0.152096, 0.614967]
            ]
          }, {
            "db": 0,
            "id": "MA0152.1",
            "alt": "NFATC2",
            "len": 7,
            "nsites": 26,
            "url": "http://jaspar2018.genereg.net/matrix/MA0152.1",
            "pwm": [
              [0.116166, 0.0390074, 0.077321, 0.767507], 
              [0.0395376, 0.077321, 0.077321, 0.80582], 
              [0.0395376, 0.0390074, 0.000692721, 0.920763], 
              [0.00122299, 0.000692721, 0.000692721, 0.997392], 
              [0.0395376, 0.958547, 0.000692721, 0.00122299], 
              [0.00122299, 0.996861, 0.000692721, 0.00122299], 
              [0.690878, 0.115636, 0.0390074, 0.15448]
            ]
          }, {
            "db": 0,
            "id": "MA0194.1",
            "alt": "Lim1",
            "len": 7,
            "nsites": 18,
            "url": "http://jaspar2018.genereg.net/matrix/MA0194.1",
            "pwm": [
              [0.00176354, 0.111496, 0.000998896, 0.885742], 
              [0.00176354, 0.000998896, 0.000998896, 0.996239], 
              [0.996239, 0.000998896, 0.000998896, 0.00176354], 
              [0.996239, 0.000998896, 0.000998896, 0.00176354], 
              [0.00176354, 0.000998896, 0.000998896, 0.996239], 
              [0.00176354, 0.000998896, 0.000998896, 0.996239], 
              [0.94099, 0.000998896, 0.056248, 0.00176354]
            ]
          }, {
            "db": 0,
            "id": "MA0433.1",
            "alt": "YOX1",
            "len": 8,
            "nsites": 99,
            "url": "http://jaspar2018.genereg.net/matrix/MA0433.1",
            "pwm": [
              [0.0104129, 0.252453, 0.0708181, 0.666316], 
              [0.000322099, 0.000182442, 0.000182442, 0.999313], 
              [0.999313, 0.000182442, 0.000182442, 0.000322099], 
              [0.999313, 0.000182442, 0.000182442, 0.000322099], 
              [0.000322099, 0.000182442, 0.000182442, 0.999313], 
              [0.000322099, 0.000182442, 0.000182442, 0.999313], 
              [0.613564, 0.0298555, 0.148548, 0.208033], 
              [0.545227, 0.131363, 0.131363, 0.192047]
            ]
          }, {
            "db": 0,
            "id": "MA0507.1",
            "alt": "POU2F2",
            "len": 13,
            "nsites": 2287,
            "url": "http://jaspar2018.genereg.net/matrix/MA0507.1",
            "pwm": [
              [0.181466, 0.277652, 0.175776, 0.365105], 
              [0.231749, 0.116313, 0.259289, 0.392651], 
              [0.264541, 0.360727, 0.18146, 0.193272], 
              [0.881479, 0.00831554, 0.000444886, 0.10976], 
              [1.39565e-05, 7.90521e-06, 7.90521e-06, 0.99997], 
              [0.111946, 0.000882867, 7.90521e-06, 0.887163], 
              [1.39565e-05, 7.90521e-06, 7.90521e-06, 0.99997], 
              [0.0690969, 7.90521e-06, 0.873166, 0.0577294], 
              [1.39565e-05, 0.992968, 7.90521e-06, 0.00700965], 
              [0.986853, 0.0131253, 7.90521e-06, 1.39565e-05], 
              [1.39565e-05, 0.000882867, 7.90521e-06, 0.999095], 
              [0.506769, 0.0170602, 0.268033, 0.208138], 
              [0.259732, 0.15785, 0.0467919, 0.535627]
            ]
          }, {
            "db": 0,
            "id": "MA0558.1",
            "alt": "FLC",
            "len": 21,
            "nsites": 275,
            "url": "http://jaspar2018.genereg.net/matrix/MA0558.1",
            "pwm": [
              [0.439956, 0.160008, 0.163642, 0.236394], 
              [0.32727, 0.221803, 0.229073, 0.221853], 
              [0.345445, 0.134562, 0.076402, 0.443591], 
              [0.29819, 0.0945764, 0.130927, 0.476307], 
              [0.283649, 0.0909417, 0.239978, 0.385431], 
              [0.196409, 0.701629, 0.0436859, 0.0582769], 
              [0.0328311, 0.672548, 0.0146054, 0.280014], 
              [0.490847, 0.254518, 0.134562, 0.120072], 
              [0.719854, 0.0364165, 0.138197, 0.105533], 
              [0.948862, 6.57216e-05, 0.0109708, 0.0401015], 
              [0.847081, 0.0109708, 0.0109708, 0.130977], 
              [0.701679, 0.0109708, 0.0654969, 0.221853], 
              [0.283649, 0.0400512, 0.0545909, 0.621708], 
              [0.512657, 6.57216e-05, 0.487162, 0.00011603], 
              [0.00011603, 6.57216e-05, 0.999702, 0.00011603], 
              [0.78892, 0.076402, 0.0218758, 0.112802], 
              [0.974307, 0.0109708, 0.0146054, 0.00011603], 
              [0.934321, 0.0037004, 0.0545909, 0.00738639], 
              [0.225489, 0.156373, 0.538052, 0.080087], 
              [0.396336, 0.170913, 0.0618613, 0.37089], 
              [0.374525, 0.181818, 0.105482, 0.338175]
            ]
          }, {
            "db": 0,
            "id": "MA0702.1",
            "alt": "LMX1A",
            "len": 8,
            "nsites": 6116,
            "url": "http://jaspar2018.genereg.net/matrix/MA0702.1",
            "pwm": [
              [0.13048, 0.231686, 0.197515, 0.440318], 
              [0.071958, 0.165727, 0.0126287, 0.749687], 
              [0.834827, 0.0511901, 0.059243, 0.0547413], 
              [0.968937, 0.00681484, 0.00523087, 0.0190159], 
              [0.0270828, 0.00986379, 0.00579386, 0.95726], 
              [0.121116, 0.0489762, 0.059929, 0.769979], 
              [0.814264, 0.0163787, 0.116896, 0.0524604], 
              [0.547323, 0.137487, 0.221186, 0.0940037]
            ]
          }, {
            "db": 0,
            "id": "MA0703.1",
            "alt": "LMX1B",
            "len": 8,
            "nsites": 4100,
            "url": "http://jaspar2018.genereg.net/matrix/MA0703.1",
            "pwm": [
              [0.211223, 0.235365, 0.239511, 0.313902], 
              [0.11174, 0.294213, 0.0349596, 0.559087], 
              [0.791076, 0.059031, 0.0634679, 0.0864257], 
              [0.935006, 0.0136841, 0.00980817, 0.0415028], 
              [0.0702361, 0.00246435, 0.0100692, 0.917229], 
              [0.214915, 0.0653208, 0.0664358, 0.65333], 
              [0.871798, 0.0199869, 0.00425631, 0.103959], 
              [0.513166, 0.161463, 0.197317, 0.128054]
            ]
          }, {
            "db": 0,
            "id": "MA0704.1",
            "alt": "Lhx4",
            "len": 8,
            "nsites": 2895,
            "url": "http://jaspar2018.genereg.net/matrix/MA0704.1",
            "pwm": [
              [0.145775, 0.282207, 0.170984, 0.401033], 
              [0.0539222, 0.226582, 6.24504e-06, 0.719489], 
              [0.744841, 0.110084, 0.0794785, 0.0655948], 
              [0.949175, 6.24504e-06, 6.24504e-06, 0.0508123], 
              [1.10255e-05, 6.24504e-06, 6.24504e-06, 0.999976], 
              [1.10255e-05, 0.131217, 0.0167757, 0.851997], 
              [0.855267, 0.0115238, 0.093328, 0.0398796], 
              [0.453881, 0.155096, 0.296024, 0.0949987]
            ]
          }, {
            "db": 0,
            "id": "MA0811.1",
            "alt": "TFAP2B",
            "len": 12,
            "nsites": 3179,
            "url": "http://jaspar2018.genereg.net/matrix/MA0811.1",
            "pwm": [
              [0.225231, 0.240011, 0.0566259, 0.478133], 
              [0.135517, 0.202862, 0.641043, 0.0205784], 
              [0.00660783, 0.91191, 0.0748743, 0.00660783], 
              [0.000321031, 0.989085, 5.68715e-06, 0.0105887], 
              [0.00346893, 0.645897, 0.0478032, 0.302831], 
              [0.065752, 0.377157, 0.213588, 0.343503], 
              [0.407987, 0.256368, 0.27933, 0.0563153], 
              [0.400626, 0.0669846, 0.532379, 1.00406e-05], 
              [0.0253222, 0.00519052, 0.969478, 1.00406e-05], 
              [0.0101607, 0.114405, 0.872132, 0.00330194], 
              [0.0230443, 0.795925, 0.121184, 0.0598482], 
              [0.579237, 0.0594378, 0.210691, 0.150634]
            ]
          }, {
            "db": 0,
            "id": "MA0812.1",
            "alt": "TFAP2B(var.2)",
            "len": 11,
            "nsites": 4549,
            "url": "http://jaspar2018.genereg.net/matrix/MA0812.1",
            "pwm": [
              [0.392172, 0.310395, 0.0510029, 0.24643], 
              [0.00780785, 0.131962, 0.853723, 0.00650787], 
              [7.01677e-06, 0.999103, 0.000882955, 7.01677e-06], 
              [7.01677e-06, 0.966211, 0.00021597, 0.0335663], 
              [0.00352494, 0.26473, 0.134566, 0.59718], 
              [0.126653, 0.467452, 0.329373, 0.0765223], 
              [0.765162, 0.133686, 0.0980668, 0.00308495], 
              [0.0490669, 0.000838956, 0.94967, 0.000425008], 
              [0.00132099, 0.00219393, 0.996259, 0.000226012], 
              [0.0101778, 0.919698, 0.0647076, 0.0054169], 
              [0.400526, 0.0815582, 0.252581, 0.265334]
            ]
          }, {
            "db": 0,
            "id": "MA0814.1",
            "alt": "TFAP2C(var.2)",
            "len": 11,
            "nsites": 7758,
            "url": "http://jaspar2018.genereg.net/matrix/MA0814.1",
            "pwm": [
              [0.354473, 0.295436, 0.0729584, 0.277134], 
              [0.0199109, 0.104671, 0.866524, 0.008893], 
              [4.11441e-06, 0.981268, 0.0187241, 4.11441e-06], 
              [0.00036211, 0.924763, 0.00393628, 0.0709382], 
              [0.0190859, 0.22576, 0.144018, 0.611136], 
              [0.144885, 0.37329, 0.370068, 0.111759], 
              [0.738038, 0.107904, 0.146835, 0.00722302], 
              [0.116672, 0.00955621, 0.871858, 0.00191509], 
              [4.11441e-06, 0.0137342, 0.986258, 4.11441e-06], 
              [0.0159149, 0.884982, 0.0869472, 0.012156], 
              [0.387778, 0.0656195, 0.241072, 0.30553]
            ]
          }, {
            "db": 0,
            "id": "MA0913.1",
            "alt": "Hoxd9",
            "len": 10,
            "nsites": 322,
            "url": "http://jaspar2018.genereg.net/matrix/MA0913.1",
            "pwm": [
              [0.232946, 0.13666, 0.602353, 0.0280404], 
              [0.0476093, 0.544441, 0.0238108, 0.384138], 
              [0.631825, 0.250792, 0.117284, 9.90996e-05], 
              [0.836046, 0.00867446, 0.133636, 0.0216444], 
              [0.0589048, 0.0317203, 0.0317203, 0.877655], 
              [0.502481, 0.0152794, 5.61317e-05, 0.482183], 
              [0.910614, 0.00944322, 5.61317e-05, 0.0798863], 
              [0.932502, 0.0336997, 5.61317e-05, 0.0337427], 
              [0.638059, 0.0855556, 0.131594, 0.144791], 
              [0.425608, 0.143602, 0.0974619, 0.333329]
            ]
          }, {
            "db": 0,
            "id": "MA1119.1",
            "alt": "SIX2",
            "len": 16,
            "nsites": 5453,
            "url": "http://jaspar2018.genereg.net/matrix/MA1119.1",
            "pwm": [
              [0.306804, 0.226296, 0.209975, 0.256924], 
              [0.2947, 0.227764, 0.224829, 0.252706], 
              [0.176603, 0.533645, 0.151844, 0.137909], 
              [0.154047, 0.0394306, 0.10288, 0.703642], 
              [0.0302643, 0.0102731, 0.928833, 0.0306303], 
              [0.656147, 0.0585022, 0.0500664, 0.235285], 
              [0.895826, 0.0484164, 0.0121061, 0.0436511], 
              [0.967345, 0.00715518, 0.0135741, 0.0119256], 
              [0.0348482, 0.800833, 0.0311777, 0.133141], 
              [0.107468, 0.764522, 0.0359467, 0.0920632], 
              [0.0596048, 0.0541013, 0.0320947, 0.854199], 
              [0.0588718, 0.0209089, 0.885738, 0.0344812], 
              [0.953958, 0.0137571, 0.015591, 0.0166935], 
              [0.101416, 0.112783, 0.218778, 0.567022], 
              [0.442873, 0.332291, 0.103247, 0.121588], 
              [0.157348, 0.462676, 0.0937116, 0.286265]
            ]
          }, {
            "db": 0,
            "id": "MA1125.1",
            "alt": "ZNF384",
            "len": 12,
            "nsites": 30433,
            "url": "http://jaspar2018.genereg.net/matrix/MA1125.1",
            "pwm": [
              [0.310847, 0.162488, 0.185654, 0.341011], 
              [0.299543, 0.230835, 0.168666, 0.300956], 
              [0.312884, 0.113561, 0.153715, 0.41984], 
              [0.431275, 0.252719, 0.155128, 0.160879], 
              [0.997402, 0.000230593, 0.000427593, 0.00194004], 
              [0.992046, 0.00115059, 0.000624592, 0.00617903], 
              [0.988136, 0.000690592, 0.000854591, 0.010319], 
              [0.994051, 0.000427593, 0.000493592, 0.00502803], 
              [0.992408, 0.000854591, 0.000460593, 0.00627703], 
              [0.999111, 0.000197593, 5.9409e-07, 0.000691047], 
              [0.667761, 0.0955543, 0.0909213, 0.145764], 
              [0.621561, 0.13022, 0.0952263, 0.152993]
            ]
          }, {
            "db": 0,
            "id": "MA1267.1",
            "alt": "AT5G66940",
            "len": 29,
            "nsites": 597,
            "url": "http://jaspar2018.genereg.net/matrix/MA1267.1",
            "pwm": [
              [0.252942, 0.194303, 0.120613, 0.432142], 
              [0.231171, 0.229473, 0.103866, 0.435492], 
              [0.221122, 0.159133, 0.155783, 0.463963], 
              [0.152457, 0.221099, 0.0820935, 0.544351], 
              [0.175903, 0.237846, 0.0703705, 0.51588], 
              [0.140734, 0.174205, 0.0686958, 0.616365], 
              [0.170879, 0.190953, 0.055297, 0.582871], 
              [0.244569, 0.199327, 0.0619969, 0.494108], 
              [0.224472, 0.249569, 0.103866, 0.422094], 
              [0.179252, 0.308187, 0.0536223, 0.458938], 
              [0.107239, 0.232822, 0.043574, 0.616365], 
              [0.149107, 0.0653463, 0.0536223, 0.731924], 
              [0.120636, 0.0737199, 0.0586465, 0.746997], 
              [0.0335488, 0.194303, 0.0418993, 0.730249], 
              [0.189302, 0.17588, 0.0452487, 0.58957], 
              [0.485734, 0.132336, 0.179229, 0.2027], 
              [0.00172818, 0.979765, 0.0167775, 0.00172818], 
              [0.00172818, 0.0352004, 0.001705, 0.961366], 
              [5.34584e-05, 3.02797e-05, 3.02797e-05, 0.999886], 
              [5.34584e-05, 0.001705, 3.02797e-05, 0.998211], 
              [0.175903, 0.0368751, 0.001705, 0.785517], 
              [0.0955145, 0.130661, 0.14406, 0.629764], 
              [0.204374, 0.231148, 0.201002, 0.363477], 
              [0.236195, 0.237846, 0.17253, 0.353428], 
              [0.222797, 0.180905, 0.102191, 0.494108], 
              [0.207724, 0.199327, 0.115589, 0.477361], 
              [0.180928, 0.179229, 0.135686, 0.504157], 
              [0.246243, 0.174205, 0.0904671, 0.489084], 
              [0.30486, 0.13736, 0.0837683, 0.474011]
            ]
          }, {
            "db": 0,
            "id": "MA1272.1",
            "alt": "AT2G28810",
            "len": 21,
            "nsites": 600,
            "url": "http://jaspar2018.genereg.net/matrix/MA1272.1",
            "pwm": [
              [0.173357, 0.186666, 0.116678, 0.523299], 
              [0.175024, 0.214994, 0.10168, 0.508301], 
              [0.198353, 0.289982, 0.0833492, 0.428315], 
              [0.145029, 0.213328, 0.0583534, 0.583289], 
              [0.161693, 0.188332, 0.0650193, 0.584956], 
              [0.166692, 0.171669, 0.0650193, 0.596621], 
              [0.193354, 0.206663, 0.12001, 0.479973], 
              [0.188355, 0.183333, 0.100013, 0.528298], 
              [0.141697, 0.211662, 0.0716852, 0.574957], 
              [0.183356, 0.110012, 0.096681, 0.609952], 
              [0.138363, 0.110012, 0.103346, 0.648278], 
              [0.0500449, 0.219993, 0.0316919, 0.69827], 
              [0.32, 0.158337, 0.0700185, 0.451645], 
              [0.449978, 0.183333, 0.213328, 0.153361], 
              [5.31911e-05, 0.999863, 3.01283e-05, 5.31911e-05], 
              [5.31911e-05, 3.01283e-05, 3.01283e-05, 0.999887], 
              [5.31911e-05, 3.01283e-05, 3.01283e-05, 0.999887], 
              [5.31911e-05, 3.01283e-05, 3.01283e-05, 0.999887], 
              [0.216684, 0.025026, 3.01283e-05, 0.75826], 
              [0.0983698, 0.0750176, 0.110012, 0.716601], 
              [0.148361, 0.261654, 0.251655, 0.33833]
            ]
          }, {
            "db": 0,
            "id": "MA1277.1",
            "alt": "Adof1",
            "len": 21,
            "nsites": 595,
            "url": "http://jaspar2018.genereg.net/matrix/MA1277.1",
            "pwm": [
              [0.465521, 0.157987, 0.163028, 0.213463], 
              [0.522655, 0.119338, 0.178151, 0.179855], 
              [0.556263, 0.0840503, 0.196636, 0.163051], 
              [0.531056, 0.12774, 0.178151, 0.163051], 
              [0.46048, 0.114297, 0.205038, 0.220185], 
              [0.275637, 0.233604, 0.339469, 0.151289], 
              [0.652045, 0.0806888, 0.181513, 0.0857532], 
              [0.783115, 3.03815e-05, 0.00507153, 0.211783], 
              [0.999886, 3.03815e-05, 3.03815e-05, 5.3638e-05], 
              [0.999886, 3.03815e-05, 3.03815e-05, 5.3638e-05], 
              [0.966278, 3.03815e-05, 0.0336377, 5.3638e-05], 
              [5.3638e-05, 3.03815e-05, 0.999862, 5.3638e-05], 
              [0.161372, 0.189914, 0.157987, 0.490727], 
              [0.623478, 0.0302773, 0.151266, 0.194979], 
              [0.574747, 0.04372, 0.297459, 0.0840735], 
              [0.640282, 0.0874107, 0.139503, 0.132804], 
              [0.547861, 0.115977, 0.110936, 0.225226], 
              [0.492408, 0.08573, 0.226883, 0.194979], 
              [0.484006, 0.146224, 0.220161, 0.149609], 
              [0.447038, 0.1311, 0.159668, 0.262195], 
              [0.458801, 0.104215, 0.25377, 0.183216]
            ]
          }, {
            "db": 0,
            "id": "MA1278.1",
            "alt": "OBP1",
            "len": 21,
            "nsites": 600,
            "url": "http://jaspar2018.genereg.net/matrix/MA1278.1",
            "pwm": [
              [0.24168, 0.226659, 0.133341, 0.39832], 
              [0.216684, 0.228325, 0.173334, 0.381657], 
              [0.153361, 0.28165, 0.136674, 0.428315], 
              [0.185022, 0.323309, 0.0950143, 0.396654], 
              [0.133364, 0.254988, 0.0700185, 0.54163], 
              [0.135031, 0.178333, 0.103346, 0.583289], 
              [0.145029, 0.273318, 0.0566877, 0.524966], 
              [0.170025, 0.224993, 0.123343, 0.48164], 
              [0.176691, 0.19833, 0.103346, 0.521633], 
              [0.151695, 0.236658, 0.085016, 0.526632], 
              [0.188355, 0.111679, 0.116678, 0.583289], 
              [0.111702, 0.13834, 0.115011, 0.634947], 
              [0.0783731, 0.28165, 0.0283584, 0.611618], 
              [0.268341, 0.155004, 0.0716852, 0.504969], 
              [0.339997, 0.243323, 0.261654, 0.155027], 
              [5.31911e-05, 0.999863, 3.01283e-05, 5.31911e-05], 
              [5.31911e-05, 0.0233592, 3.01283e-05, 0.976557], 
              [5.31911e-05, 0.0116952, 3.01283e-05, 0.988221], 
              [5.31911e-05, 3.01283e-05, 3.01283e-05, 0.999887], 
              [0.24168, 0.0483551, 3.01283e-05, 0.709935], 
              [0.0983698, 0.175001, 0.173334, 0.553294]
            ]
          }
        ],
        "all_matches": [
          {
            "idx": 5,
            "matches": [
              {
                "idx": 4,
                "rc": true,
                "off": -3,
                "pv": "2.19e-04",
                "ev": "3.07e-01",
                "qv": "6.14e-01"
              }
            ]
          }, {
            "idx": 0,
            "matches": [
              {
                "idx": 21,
                "rc": false,
                "off": -2,
                "pv": "4.99e-05",
                "ev": "7.00e-02",
                "qv": "9.28e-02"
              }, {
                "idx": 19,
                "rc": true,
                "off": -1,
                "pv": "1.15e-04",
                "ev": "1.61e-01",
                "qv": "9.28e-02"
              }, {
                "idx": 9,
                "rc": false,
                "off": -9,
                "pv": "1.26e-04",
                "ev": "1.76e-01",
                "qv": "9.28e-02"
              }, {
                "idx": 22,
                "rc": true,
                "off": -2,
                "pv": "1.33e-04",
                "ev": "1.87e-01",
                "qv": "9.28e-02"
              }, {
                "idx": 18,
                "rc": false,
                "off": -15,
                "pv": "4.84e-04",
                "ev": "6.79e-01",
                "qv": "2.22e-01"
              }, {
                "idx": 8,
                "rc": true,
                "off": -3,
                "pv": "5.61e-04",
                "ev": "7.88e-01",
                "qv": "2.22e-01"
              }, {
                "idx": 20,
                "rc": true,
                "off": -1,
                "pv": "6.33e-04",
                "ev": "8.89e-01",
                "qv": "2.22e-01"
              }, {
                "idx": 16,
                "rc": false,
                "off": -13,
                "pv": "6.39e-04",
                "ev": "8.97e-01",
                "qv": "2.22e-01"
              }
            ]
          }, {
