<!DOCTYPE HTML>
<html>
  <head>
    <meta charset="UTF-8">
    <title>SpaMo - Spaced Motif Analysis</title>
    <script type="text/javascript">
      //@JSON_VAR data
      var data = {"program":"SpaMo","version":"4.12.0","revision":"aacc9c3eb8c7b460b344d5c8aa1458097dae704d","release":"Tue Jun 27 16:22:50 2017 -0700","host":"Sudins-iMac.local","when":"Thu May 24 13:18:34 2018","cmd":["spamo","-verbosity","1","-oc","results/AHRpeaks_noAHREs.bed-499.fa/jaspar/spamo_out_2","-bgfile","results/AHRpeaks_noAHREs.bed-499.fa/jaspar/background","-primary","TGCAYGTATTGTCTTGATAAACATCTTAAA","results/AHRpeaks_noAHREs.bed-499.fa/jaspar/AHRpeaks_noAHREs.bed-499.fa","results/AHRpeaks_noAHREs.bed-499.fa/jaspar/meme_out/meme.xml","results/AHRpeaks_noAHREs.bed-499.fa/jaspar/meme_out/meme.xml","results/AHRpeaks_noAHREs.bed-499.fa/jaspar/dreme_out/dreme.xml","/Users/filipov4/meme/db/motif_databases/JASPAR/JASPAR2018_CORE_non-redundant.meme"],"options":{"seq_min_hit_score":7,"margin":150,"bin_size":1,"bin_pvalue_calc_range":150,"use_best_secondary":0,"seq_max_shared_fract":0.5,"seq_odds_ratio":20,"bin_pvalue_cutoff":0.05,"motif_evalue_cutoff":10,"redundant_overlap":2,"redundant_joint":0.5,"motif_pseudocount":0.1,"bgfile":"results/AHRpeaks_noAHREs.bed-499.fa/jaspar/background","motif_trim":0.25,"xalph":0,"seed":1,"bin_max":6},"alphabet":{"name":"DNA","like":"dna","ncore":4,"symbols":[{"symbol":"A","name":"Adenine","colour":"CC0000","complement":"T"},{"symbol":"C","name":"Cytosine","colour":"0000CC","complement":"G"},{"symbol":"G","name":"Guanine","colour":"FFB300","complement":"C"},{"symbol":"T","aliases":"U","name":"Thymine","colour":"008000","complement":"A"},{"symbol":"N","aliases":"X.","name":"Any base","equals":"ACGT"},{"symbol":"V","name":"Not T","equals":"ACG"},{"symbol":"H","name":"Not G","equals":"ACT"},{"symbol":"D","name":"Not C","equals":"AGT"},{"symbol":"B","name":"Not A","equals":"CGT"},{"symbol":"M","name":"Amino","equals":"AC"},{"symbol":"R","name":"Purine","equals":"AG"},{"symbol":"W","name":"Weak","equals":"AT"},{"symbol":"S","name":"Strong","equals":"CG"},{"symbol":"Y","name":"Pyrimidine","equals":"CT"},{"symbol":"K","name":"Keto","equals":"GT"}]},"background":[0.2918,0.2082,0.2082,0.2918],"sequence_dbs":[{"source":"results/AHRpeaks_noAHREs.bed-499.fa/jaspar/AHRpeaks_noAHREs.bed-499.fa","name":"AHRpeaks_noAHREs.bed-499","last_modified":"Thu May 24 11:14:35 2018","loaded":959,"excluded_too_short":0,"excluded_no_match":949,"excluded_ambigs":0,"excluded_similar":4,"erased_primary_matches":0}],"primary_dbs":[{"source":"results/AHRpeaks_noAHREs.bed-499.fa/jaspar/meme_out/meme.xml","name":"meme.xml","last_modified":"Thu May 24 13:16:56 2018","loaded":6,"excluded":5}],"secondary_dbs":[{"source":"results/AHRpeaks_noAHREs.bed-499.fa/jaspar/meme_out/meme.xml","name":"meme.xml","last_modified":"Thu May 24 13:16:56 2018","loaded":7,"excluded":1},{"source":"results/AHRpeaks_noAHREs.bed-499.fa/jaspar/dreme_out/dreme.xml","name":"dreme.xml","last_modified":"Thu May 24 13:17:23 2018","loaded":4,"excluded":0},{"source":"/Users/filipov4/meme/db/motif_databases/JASPAR/JASPAR2018_CORE_non-redundant.meme","name":"JASPAR2018_CORE_non-redundant","last_modified":"Thu Dec  7 14:38:42 2017","loaded":1404,"excluded":0}],"secondary_motifs":[{"db":0,"id":"AAAAKYAGAAYYACTGATRAGGGTCTATGT","alt":"MEME-6","len":30,"ltrim":0,"rtrim":0,"nsites":5,"evalue":"4.4e-008","pwm":[[0.790035,0.00408236,0.200161,0.00572157],[0.986114,0.00408236,0.00408236,0.00572157],[0.986114,0.00408236,0.00408236,0.00572157],[0.986114,0.00408236,0.00408236,0.00572157],[0.00572157,0.00408236,0.396239,0.593957],[0.00572157,0.396239,0.00408236,0.593957],[0.986114,0.00408236,0.00408236,0.00572157],[0.00572157,0.00408236,0.984475,0.00572157],[0.986114,0.00408236,0.00408236,0.00572157],[0.986114,0.00408236,0.00408236,0.00572157],[0.00572157,0.396239,0.00408236,0.593957],[0.00572157,0.396239,0.00408236,0.593957],[0.986114,0.00408236,0.00408236,0.00572157],[0.00572157,0.984475,0.00408236,0.00572157],[0.00572157,0.00408236,0.00408236,0.986114],[0.00572157,0.00408236,0.984475,0.00572157],[0.986114,0.00408236,0.00408236,0.00572157],[0.00572157,0.00408236,0.00408236,0.986114],[0.397878,0.00408236,0.592318,0.00572157],[0.986114,0.00408236,0.00408236,0.00572157],[0.2018,0.00408236,0.592318,0.2018],[0.00572157,0.00408236,0.984475,0.00572157],[0.00572157,0.00408236,0.984475,0.00572157],[0.00572157,0.200161,0.00408236,0.790035],[0.00572157,0.984475,0.00408236,0.00572157],[0.00572157,0.200161,0.00408236,0.790035],[0.790035,0.00408236,0.200161,0.00572157],[0.00572157,0.00408236,0.00408236,0.986114],[0.00572157,0.00408236,0.984475,0.00572157],[0.00572157,0.00408236,0.00408236,0.986114]]},{"db":0,"id":"AGRAAACAGGGTTYRAGAGCAGAGAACCRG","alt":"MEME-5","len":30,"ltrim":0,"rtrim":0,"nsites":6,"evalue":"2.4e-019","pwm":[[0.824455,0.167348,0.00341312,0.0047836],[0.168718,0.00341312,0.823085,0.0047836],[0.496587,0.00341312,0.495216,0.0047836],[0.98839,0.00341312,0.00341312,0.0047836],[0.98839,0.00341312,0.00341312,0.0047836],[0.98839,0.00341312,0.00341312,0.0047836],[0.168718,0.659151,0.00341312,0.168718],[0.824455,0.167348,0.00341312,0.0047836],[0.168718,0.00341312,0.823085,0.0047836],[0.168718,0.00341312,0.823085,0.0047836],[0.0047836,0.00341312,0.98702,0.0047836],[0.0047836,0.00341312,0.00341312,0.98839],[0.0047836,0.00341312,0.00341312,0.98839],[0.0047836,0.659151,0.00341312,0.332652],[0.496587,0.00341312,0.495216,0.0047836],[0.98839,0.00341312,0.00341312,0.0047836],[0.0047836,0.00341312,0.98702,0.0047836],[0.98839,0.00341312,0.00341312,0.0047836],[0.0047836,0.00341312,0.98702,0.0047836],[0.0047836,0.98702,0.00341312,0.0047836],[0.98839,0.00341312,0.00341312,0.0047836],[0.0047836,0.00341312,0.98702,0.0047836],[0.98839,0.00341312,0.00341312,0.0047836],[0.0047836,0.00341312,0.98702,0.0047836],[0.98839,0.00341312,0.00341312,0.0047836],[0.98839,0.00341312,0.00341312,0.0047836],[0.0047836,0.98702,0.00341312,0.0047836],[0.0047836,0.823085,0.00341312,0.168718],[0.660522,0.00341312,0.331282,0.0047836],[0.0047836,0.00341312,0.98702,0.0047836]]},{"db":2,"id":"MA0020.1","alt":"Dof2","len":6,"ltrim":0,"rtrim":1,"nsites":21,"url":"http://jaspar2018.genereg.net/matrix/MA0020.1","pwm":[[0.996644,0.000986731,0.000986731,0.00138294],[0.996644,0.000986731,0.000986731,0.00138294],[0.996644,0.000986731,0.000986731,0.00138294],[0.00138294,0.000986731,0.996247,0.00138294],[0.143563,0.664494,0.0957734,0.0961696],[0.333136,0.285347,0.143167,0.23835]]},{"db":2,"id":"MA0034.1","alt":"Gam1","len":10,"ltrim":2,"rtrim":0,"nsites":25,"url":"http://jaspar2018.genereg.net/matrix/MA0034.1","pwm":[[0.160525,0.239873,0.439076,0.160525],[0.399569,0.200033,0.279714,0.120684],[0.120684,0.518758,0.000829483,0.359728],[0.917497,0.0406701,0.0406701,0.00116255],[0.997178,0.000829483,0.000829483,0.00116255],[0.0410032,0.957005,0.000829483,0.00116255],[0.120684,0.558598,0.239873,0.0808438],[0.240206,0.000829483,0.757802,0.00116255],[0.399569,0.439076,0.000829483,0.160525],[0.200366,0.757802,0.0406701,0.00116255]]},{"db":2,"id":"MA0035.3","alt":"Gata1","len":11,"ltrim":0,"rtrim":0,"nsites":17955,"url":"http://jaspar2018.genereg.net/matrix/MA0035.3","pwm":[[0.11334,0.240657,0.140908,0.505095],[0.0281835,0.35678,0.1555,0.459537],[1.62516e-06,0.828123,0.02434,0.147537],[1.62516e-06,0.0388199,1.15956e-06,0.961177],[1.62516e-06,1.15956e-06,1.15956e-06,0.999996],[0.999996,1.15956e-06,1.15956e-06,1.62516e-06],[1.62516e-06,1.15956e-06,1.15956e-06,0.999996],[1.62516e-06,0.999996,1.15956e-06,1.62516e-06],[0.120636,1.15956e-06,1.15956e-06,0.879362],[0.139349,0.343413,0.37243,0.144807],[0.105041,0.282484,0.0890007,0.523474]]},{"db":2,"id":"MA0036.3","alt":"GATA2","len":11,"ltrim":2,"rtrim":2,"nsites":14213,"url":"http://jaspar2018.genereg.net/matrix/MA0036.3","pwm":[[0.232393,0.209526,0.225216,0.332864],[0.139732,0.288397,0.208682,0.363188],[0.0661386,0.746285,0.0860489,0.101528],[0.0312408,0.0182243,0.0105554,0.93998],[0.0293408,0.00239345,0.00147945,0.966786],[0.991904,0.000986458,0.00302644,0.00408302],[0.010204,0.00541943,0.00337844,0.980998],[0.00675601,0.969952,0.0088664,0.014425],[0.166961,0.0346172,0.0258223,0.7726],[0.204884,0.26131,0.257229,0.276578],[0.230634,0.272567,0.155914,0.340885]]},{"db":2,"id":"MA0037.3","alt":"GATA3","len":8,"ltrim":0,"rtrim":1,"nsites":1000,"url":"http://jaspar2018.genereg.net/matrix/MA0037.3","pwm":[[0.501979,0.225998,0.00102072,0.271002],[2.91771e-05,2.08179e-05,0.999921,2.91771e-05],[0.999929,2.08179e-05,2.08179e-05,2.91771e-05],[2.91771e-05,2.08179e-05,2.08179e-05,0.999929],[0.914853,0.00202262,2.08179e-05,0.0831039],[0.861943,0.0150193,0.0760132,0.0470245],[0.114018,0.300991,0.475973,0.109018],[0.422987,0.188002,0.320989,0.0680224]]},{"db":2,"id":"MA0044.1","alt":"HMG-1","len":9,"ltrim":0,"rtrim":0,"nsites":13,"url":"http://jaspar2018.genereg.net/matrix/MA0044.1","pwm":[[0.00222748,0.383268,0.612277,0.00222748],[0.00222748,0.00158931,0.230597,0.765586],[0.00222748,0.306933,0.00158931,0.689251],[0.00222748,0.154261,0.764948,0.0785633],[0.00222748,0.0779251,0.00158931,0.918258],[0.460242,0.0779251,0.230597,0.231235],[0.231235,0.383268,0.00158931,0.383906],[0.00222748,0.0779251,0.154261,0.765586],[0.00222748,0.612277,0.0779251,0.307571]]},{"db":2,"id":"MA0050.2","alt":"IRF1","len":21,"ltrim":3,"rtrim":0,"nsites":1362,"url":"http://jaspar2018.genereg.net/matrix/MA0050.2","pwm":[[0.232016,0.234947,0.195302,0.337736],[0.184296,0.208517,0.18429,0.422897],[0.127031,0.237883,0.155657,0.479428],[0.101336,0.315704,0.108671,0.474289],[0.53963,0.0741658,0.265047,0.121158],[0.0176411,0.581471,0.3715,0.0293883],[0.00883178,1.52852e-05,1.52852e-05,0.991138],[2.14228e-05,0.0227746,1.52852e-05,0.977189],[2.14228e-05,0.0411283,0.00295207,0.955898],[2.14228e-05,0.916982,1.52852e-05,0.0829813],[0.67031,0.0286472,0.174745,0.126297],[0.0147043,0.5778,0.253301,0.154195],[0.0117676,0.000749231,1.52852e-05,0.987467],[0.00516105,0.0102935,0.00368602,0.980859],[0.00809683,0.0425962,1.52852e-05,0.949291],[0.0125025,0.751061,0.0205718,0.215865],[0.376646,0.179885,0.193099,0.25037],[0.160069,0.340665,0.213656,0.285609],[0.106475,0.136569,0.0837091,0.673247],[0.145385,0.141708,0.0726969,0.640209],[0.121892,0.243022,0.110873,0.524212]]},{"db":2,"id":"MA0053.1","alt":"MNB1A","len":5,"ltrim":0,"rtrim":0,"nsites":15,"url":"http://jaspar2018.genereg.net/matrix/MA0053.1","pwm":[[0.99531,0.00137881,0.00137881,0.00193245],[0.99531,0.00137881,0.00137881,0.00193245],[0.99531,0.00137881,0.00137881,0.00193245],[0.00193245,0.00137881,0.994756,0.00193245],[0.200608,0.597405,0.00137881,0.200608]]},{"db":2,"id":"MA0064.1","alt":"PBF","len":5,"ltrim":0,"rtrim":0,"nsites":16,"url":"http://jaspar2018.genereg.net/matrix/MA0064.1","pwm":[[0.995601,0.00129317,0.00129317,0.00181242],[0.995601,0.00129317,0.00129317,0.00181242],[0.995601,0.00129317,0.00129317,0.00181242],[0.00181242,0.00129317,0.995082,0.00181242],[0.0639242,0.560299,0.063405,0.312371]]},{"db":2,"id":"MA0078.1","alt":"Sox17","len":9,"ltrim":2,"rtrim":0,"nsites":31,"url":"http://jaspar2018.genereg.net/matrix/MA0078.1","pwm":[[0.226018,0.290059,0.193595,0.290328],[0.258173,0.257905,0.129287,0.354636],[0.0974011,0.579447,0.0328237,0.290328],[0.965569,0.000669454,0.000669454,0.0330925],[0.000938263,0.0328237,0.000669454,0.965569],[0.000938263,0.000669454,0.000669454,0.997723],[0.000938263,0.000669454,0.997454,0.000938263],[0.000938263,0.000669454,0.064978,0.933414],[0.000938263,0.547293,0.322213,0.129555]]},{"db":2,"id":"MA0082.1","alt":"squamosa","len":14,"ltrim":0,"rtrim":1,"nsites":30,"url":"http://jaspar2018.genereg.net/matrix/MA0082.1","pwm":[[0.366418,0.465808,0.033914,0.133859],[0.000969435,0.731588,0.000691695,0.26675],[0.798312,0.000691695,0.133582,0.0674149],[0.532531,0.0671372,0.033914,0.366418],[0.765089,0.000691695,0.000691695,0.233527],[0.565754,0.000691695,0.000691695,0.432863],[0.798312,0.033914,0.000691695,0.167083],[0.26675,0.000691695,0.033914,0.698644],[0.466086,0.033914,0.499031,0.000969435],[0.0341917,0.033914,0.930924,0.000969435],[0.466086,0.166805,0.033914,0.333195],[0.831534,0.166805,0.000691695,0.000969435],[0.698644,0.0671372,0.100359,0.133859],[0.233527,0.166805,0.266473,0.333195]]},{"db":2,"id":"MA0109.1","alt":"HLTF","len":10,"ltrim":2,"rtrim":2,"nsites":51,"url":"http://jaspar2018.genereg.net/matrix/MA0109.1","pwm":[[0.313682,0.196102,0.235241,0.254974],[0.377191,0.226379,0.0945628,0.301867],[0.440387,0.558635,0.000407437,0.000571037],[0.000571037,0.99845,0.000407437,0.000571037],[0.423471,0.000407437,0.000407437,0.575714],[0.000571037,0.000407437,0.000407437,0.998614],[0.406555,0.0849876,0.203399,0.305059],[0.000571037,0.000407437,0.372559,0.626463],[0.294113,0.27438,0.27438,0.157127],[0.24499,0.244826,0.20409,0.306094]]},{"db":2,"id":"MA0117.2","alt":"Mafb","len":12,"ltrim":0,"rtrim":1,"nsites":2183,"url":"http://jaspar2018.genereg.net/matrix/MA0117.2","pwm":[[0.566638,0.0797129,0.149339,0.20431],[0.578814,0.055461,0.0728752,0.292851],[0.49495,0.098997,0.0834157,0.322639],[0.34097,0.182402,0.19661,0.280019],[0.0853085,0.199677,0.0100251,0.704989],[0.000921325,0.00636425,0.990432,0.00228326],[0.118529,0.876626,0.00201844,0.00282524],[0.0137847,0.0160018,0.000897496,0.969316],[0.0186845,0.00540329,0.905362,0.0705491],[0.980642,0.00585227,0.00764919,0.0058561],[0.0582137,0.697771,0.156702,0.0873134],[0.266729,0.0632516,0.296055,0.373965]]},{"db":2,"id":"MA0127.1","alt":"PEND","len":10,"ltrim":0,"rtrim":0,"nsites":42,"url":"http://jaspar2018.genereg.net/matrix/MA0127.1","pwm":[[0.713282,0.0480004,0.190518,0.048199],[0.143211,0.451801,0.166766,0.238223],[0.0244466,0.000494537,0.0480004,0.927058],[0.0957049,0.000494537,0.0955063,0.808294],[0.0719524,0.784342,0.0480004,0.0957049],[0.000693111,0.0480004,0.0480004,0.903306],[0.048199,0.000494537,0.024248,0.927058],[0.760788,0.166766,0.0480004,0.0244466],[0.0957049,0.0717539,0.000494537,0.832047],[0.048199,0.11926,0.333036,0.499505]]},{"db":2,"id":"MA0143.3","alt":"Sox2","len":8,"ltrim":0,"rtrim":0,"nsites":1476,"url":"http://jaspar2018.genereg.net/matrix/MA0143.3","pwm":[[1.97683e-05,0.999946,1.41047e-05,1.97683e-05],[1.97683e-05,0.999946,1.41047e-05,1.97683e-05],[0.453241,1.41047e-05,1.41047e-05,0.546731],[1.97683e-05,1.41047e-05,1.41047e-05,0.999952],[1.97683e-05,1.41047e-05,1.41047e-05,0.999952],[1.97683e-05,1.41047e-05,0.999946,1.97683e-05],[1.97683e-05,1.41047e-05,1.41047e-05,0.999952],[1.97683e-05,0.28387,0.20122,0.51489]]},{"db":2,"id":"MA0145.3","alt":"TFCP2","len":10,"ltrim":0,"rtrim":0,"nsites":576,"url":"http://jaspar2018.genereg.net/matrix/MA0145.3","pwm":[[0.58849,0.105921,0.223955,0.0816335],[0.902563,0.0094535,0.0377066,0.0502769],[0.836877,0.00294663,0.0116791,0.148497],[0.00178035,0.994673,0.00349554,5.06509e-05],[0.00719241,0.821323,0.00146489,0.170021],[0.180691,0.00423741,0.805218,0.00985295],[0.00175635,0.0153915,0.981095,0.00175635],[0.236556,0.0438335,3.61396e-05,0.719576],[0.0656603,0.0856133,0.0285622,0.820165],[0.166979,0.340847,0.0539398,0.438236]]},{"db":2,"id":"MA0152.1","alt":"NFATC2","len":7,"ltrim":0,"rtrim":0,"nsites":26,"url":"http://jaspar2018.genereg.net/matrix/MA0152.1","pwm":[[0.116061,0.0391123,0.077426,0.767402],[0.0394326,0.077426,0.077426,0.805715],[0.0394326,0.0391123,0.000797702,0.920658],[0.00111801,0.000797702,0.000797702,0.997287],[0.0394326,0.958652,0.000797702,0.00111801],[0.00111801,0.996966,0.000797702,0.00111801],[0.690773,0.115741,0.0391123,0.154375]]},{"db":2,"id":"MA0158.1","alt":"HOXA5","len":8,"ltrim":0,"rtrim":0,"nsites":15,"url":"http://jaspar2018.genereg.net/matrix/MA0158.1","pwm":[[0.134382,0.862306,0.00137881,0.00193245],[0.436535,0.00137881,0.311809,0.250277],[0.00193245,0.435981,0.311809,0.250277],[0.374449,0.00137881,0.0634649,0.560707],[0.871138,0.00137881,0.00137881,0.126105],[0.871138,0.00137881,0.125551,0.00193245],[0.00193245,0.00137881,0.00137881,0.99531],[0.00193245,0.0634649,0.373895,0.560707]]},{"db":2,"id":"MA0167.1","alt":"Awh","len":7,"ltrim":0,"rtrim":0,"nsites":40,"url":"http://jaspar2018.genereg.net/matrix/MA0167.1","pwm":[[0.0755406,0.399522,0.000519202,0.524418],[0.0256653,0.000519202,0.000519202,0.973296],[0.82367,0.000519202,0.175083,0.00072768],[0.998234,0.000519202,0.000519202,0.00072768],[0.00072768,0.000519202,0.0254569,0.973296],[0.00072768,0.000519202,0.20002,0.798733],[0.848608,0.000519202,0.10027,0.050603]]},{"db":2,"id":"MA0187.1","alt":"Dll","len":7,"ltrim":0,"rtrim":0,"nsites":23,"url":"http://jaspar2018.genereg.net/matrix/MA0187.1","pwm":[[0.044553,0.000901299,0.000901299,0.953644],[0.953644,0.000901299,0.0441911,0.0012632],[0.996934,0.000901299,0.000901299,0.0012632],[0.0012632,0.000901299,0.000901299,0.996934],[0.131134,0.000901299,0.130772,0.737194],[0.434164,0.000901299,0.390511,0.174423],[0.044553,0.520382,0.174061,0.261004]]},{"db":2,"id":"MA0195.1","alt":"Lim3","len":7,"ltrim":1,"rtrim":0,"nsites":20,"url":"http://jaspar2018.genereg.net/matrix/MA0195.1","pwm":[[0.150705,0.349295,0.100538,0.399462],[0.200457,0.00103582,0.00103582,0.797472],[0.797472,0.00103582,0.15029,0.051203],[0.996477,0.00103582,0.00103582,0.00145174],[0.00145174,0.00103582,0.00103582,0.996477],[0.00145174,0.100538,0.200041,0.697969],[0.797472,0.00103582,0.200041,0.00145174]]},{"db":2,"id":"MA0198.1","alt":"OdsH","len":7,"ltrim":0,"rtrim":0,"nsites":22,"url":"http://jaspar2018.genereg.net/matrix/MA0198.1","pwm":[[0.00132036,0.49868,0.181937,0.318063],[0.00132036,0.000942082,0.000942082,0.996795],[0.996795,0.000942082,0.000942082,0.00132036],[0.996795,0.000942082,0.000942082,0.00132036],[0.00132036,0.000942082,0.000942082,0.996795],[0.00132036,0.000942082,0.000942082,0.996795],[0.589556,0.000942082,0.362933,0.0465697]]},{"db":2,"id":"MA0199.1","alt":"Optix","len":5,"ltrim":0,"rtrim":0,"nsites":27,"url":"http://jaspar2018.genereg.net/matrix/MA0199.1","pwm":[[0.00107675,0.18527,0.000768266,0.812885],[0.00107675,0.000768266,0.997078,0.00107675],[0.997387,0.000768266,0.000768266,0.00107675],[0.00107675,0.000768266,0.000768266,0.997387],[0.960486,0.000768266,0.0376686,0.00107675]]},{"db":2,"id":"MA0205.1","alt":"Trl","len":10,"ltrim":0,"rtrim":1,"nsites":71,"url":"http://jaspar2018.genereg.net/matrix/MA0205.1","pwm":[[0.0566692,0.309716,0.126876,0.506739],[0.0847986,0.323781,0.155005,0.436416],[0.169187,0.084681,0.422234,0.323899],[0.000410408,0.900433,0.0424874,0.0566692],[0.042605,0.000292827,0.197198,0.759904],[0.0144756,0.984821,0.000292827,0.000410408],[0.183252,0.000292827,0.0284222,0.788033],[0.0707344,0.759786,0.0987462,0.0707344],[0.0988637,0.183134,0.155005,0.562998],[0.126993,0.464428,0.14094,0.26764]]},{"db":2,"id":"MA0210.1","alt":"ara","len":5,"ltrim":0,"rtrim":0,"nsites":34,"url":"http://jaspar2018.genereg.net/matrix/MA0210.1","pwm":[[0.411413,0.000610558,0.147238,0.440738],[0.675343,0.000610558,0.000610558,0.323436],[0.997923,0.000610558,0.000610558,0.000855718],[0.000855718,0.997678,0.000610558,0.000855718],[0.997923,0.000610558,0.000610558,0.000855718]]},{"db":2,"id":"MA0217.1","alt":"caup","len":5,"ltrim":0,"rtrim":0,"nsites":19,"url":"http://jaspar2018.genereg.net/matrix/MA0217.1","pwm":[[0.210952,0.0534465,0.105802,0.6298],[0.734512,0.00109005,0.105802,0.158596],[0.996292,0.00109005,0.00109005,0.00152775],[0.00152775,0.995854,0.00109005,0.00152775],[0.996292,0.00109005,0.00109005,0.00152775]]},{"db":2,"id":"MA0218.1","alt":"ct","len":6,"ltrim":0,"rtrim":0,"nsites":20,"url":"http://jaspar2018.genereg.net/matrix/MA0218.1","pwm":[[0.00145174,0.299543,0.00103582,0.697969],[0.051203,0.100538,0.00103582,0.847223],[0.449213,0.00103582,0.5483,0.00145174],[0.996477,0.00103582,0.00103582,0.00145174],[0.847223,0.00103582,0.0507871,0.100954],[0.00145174,0.946309,0.0507871,0.00145174]]},{"db":2,"id":"MA0231.1","alt":"lbe","len":6,"ltrim":0,"rtrim":0,"nsites":22,"url":"http://jaspar2018.genereg.net/matrix/MA0231.1","pwm":[[0.00132036,0.000942082,0.000942082,0.996795],[0.996795,0.000942082,0.000942082,0.00132036],[0.996795,0.000942082,0.000942082,0.00132036],[0.0465697,0.45343,0.0914397,0.40856],[0.182316,0.227187,0.136689,0.453809],[0.861049,0.000942082,0.136689,0.00132036]]},{"db":2,"id":"MA0233.1","alt":"mirr","len":5,"ltrim":0,"rtrim":0,"nsites":41,"url":"http://jaspar2018.genereg.net/matrix/MA0233.1","pwm":[[0.487328,0.0248372,0.0248372,0.462997],[0.706306,0.00050657,0.0491679,0.244019],[0.998277,0.00050657,0.00050657,0.000709975],[0.000709975,0.998073,0.00050657,0.000709975],[0.998277,0.00050657,0.00050657,0.000709975]]},{"db":2,"id":"MA0236.1","alt":"otp","len":7,"ltrim":0,"rtrim":0,"nsites":20,"url":"http://jaspar2018.genereg.net/matrix/MA0236.1","pwm":[[0.051203,0.299543,0.100538,0.548715],[0.00145174,0.0507871,0.00103582,0.946725],[0.996477,0.00103582,0.00103582,0.00145174],[0.996477,0.00103582,0.00103582,0.00145174],[0.00145174,0.00103582,0.00103582,0.996477],[0.00145174,0.0507871,0.200041,0.74772],[0.74772,0.00103582,0.15029,0.100954]]},{"db":2,"id":"MA0248.1","alt":"tup","len":7,"ltrim":0,"rtrim":0,"nsites":16,"url":"http://jaspar2018.genereg.net/matrix/MA0248.1","pwm":[[0.25026,0.125517,0.063405,0.560819],[0.0639242,0.00129317,0.00129317,0.933489],[0.995601,0.00129317,0.00129317,0.00181242],[0.995601,0.00129317,0.00129317,0.00181242],[0.00181242,0.00129317,0.125517,0.871378],[0.0639242,0.00129317,0.436076,0.498707],[0.126036,0.00129317,0.808747,0.0639242]]},{"db":2,"id":"MA0261.1","alt":"lin-14","len":6,"ltrim":0,"rtrim":0,"nsites":159,"url":"http://jaspar2018.genereg.net/matrix/MA0261.1","pwm":[[0.000183407,0.000130861,0.999502,0.000183407],[0.999555,0.000130861,0.000130861,0.000183407],[0.999555,0.000130861,0.000130861,0.000183407],[0.000183407,0.999502,0.000130861,0.000183407],[0.528153,0.0441282,0.35211,0.075608],[0.0381345,0.531443,0.183559,0.246863]]},{"db":2,"id":"MA0277.1","alt":"AZF1","len":9,"ltrim":0,"rtrim":0,"nsites":102,"url":"http://jaspar2018.genereg.net/matrix/MA0277.1","pwm":[[0.617328,0.12753,0.12753,0.127612],[0.999306,0.000203918,0.000203918,0.000285798],[0.999306,0.000203918,0.000203918,0.000285798],[0.870719,0.128791,0.000203918,0.000285798],[0.749551,0.000203918,0.249959,0.000285798],[0.000285798,0.000203918,0.999224,0.000285798],[0.779522,0.160047,0.0301745,0.0302564],[0.817666,0.0607506,0.0607506,0.0608324],[0.617328,0.12753,0.12753,0.127612]]},{"db":2,"id":"MA0289.1","alt":"DAL80","len":7,"ltrim":0,"rtrim":0,"nsites":101,"url":"http://jaspar2018.genereg.net/matrix/MA0289.1","pwm":[[0.109092,0.662916,0.0595532,0.168439],[0.000288625,0.000205935,0.999217,0.000288625],[0.9993,0.000205935,0.000205935,0.000288625],[0.000288625,0.000205935,0.000205935,0.9993],[0.9993,0.000205935,0.000205935,0.000288625],[0.90848,0.0102969,0.0102969,0.0709257],[0.030259,0.190018,0.749464,0.030259]]},{"db":2,"id":"MA0300.1","alt":"GAT1","len":8,"ltrim":1,"rtrim":0,"nsites":101,"url":"http://jaspar2018.genereg.net/matrix/MA0300.1","pwm":[[0.128874,0.435419,0.188139,0.247569],[0.17012,0.419791,0.0501565,0.359933],[0.000288625,0.000205935,0.999217,0.000288625],[0.9993,0.000205935,0.000205935,0.000288625],[0.000288625,0.000205935,0.000205935,0.9993],[0.9993,0.000205935,0.000205935,0.000288625],[0.9993,0.000205935,0.000205935,0.000288625],[0.0305617,0.091025,0.847852,0.0305617]]},{"db":2,"id":"MA0307.1","alt":"GLN3","len":5,"ltrim":0,"rtrim":0,"nsites":100,"url":"http://jaspar2018.genereg.net/matrix/MA0307.1","pwm":[[0.000291508,0.000207992,0.999209,0.000291508],[0.999293,0.000207992,0.000207992,0.000291508],[0.000291508,0.000207992,0.000207992,0.999293],[0.739552,0.000207992,0.000207992,0.260032],[0.609682,0.000207992,0.269938,0.120172]]},{"db":2,"id":"MA0309.1","alt":"GZF3","len":8,"ltrim":0,"rtrim":1,"nsites":100,"url":"http://jaspar2018.genereg.net/matrix/MA0309.1","pwm":[[0.180112,0.389818,0.020188,0.409882],[0.000291508,0.000207992,0.999209,0.000291508],[0.999293,0.000207992,0.000207992,0.000291508],[0.000291508,0.000207992,0.000207992,0.999293],[0.999293,0.000207992,0.000207992,0.000291508],[0.729562,0.0901181,0.000207992,0.180112],[0.0398559,0.37607,0.583782,0.000291508],[0.389902,0.180028,0.269938,0.160132]]},{"db":2,"id":"MA0317.1","alt":"HCM1","len":8,"ltrim":0,"rtrim":0,"nsites":100,"url":"http://jaspar2018.genereg.net/matrix/MA0317.1","pwm":[[0.509782,0.160048,0.249958,0.0802116],[0.270022,0.0801281,0.040168,0.609682],[0.662995,0.316723,0.0100991,0.0101826],[0.949342,0.050158,0.000207992,0.000291508],[0.999293,0.000207992,0.000207992,0.000291508],[0.0102815,0.859349,0.000207992,0.130162],[0.939946,0.0199902,0.0199902,0.0200737],[0.575474,0.171753,0.111208,0.141564]]},{"db":2,"id":"MA0337.1","alt":"MIG1","len":7,"ltrim":1,"rtrim":0,"nsites":100,"url":"http://jaspar2018.genereg.net/matrix/MA0337.1","pwm":[[0.319972,0.349858,0.150058,0.180112],[0.0102815,0.969239,0.010198,0.0102815],[0.000291508,0.999209,0.000207992,0.000291508],[0.000291508,0.999209,0.000207992,0.000291508],[0.000291508,0.999209,0.000207992,0.000291508],[0.459832,0.030178,0.499708,0.0102815],[0.0507461,0.575391,0.302935,0.0709279]]},{"db":2,"id":"MA0338.1","alt":"MIG2","len":7,"ltrim":0,"rtrim":1,"nsites":100,"url":"http://jaspar2018.genereg.net/matrix/MA0338.1","pwm":[[0.0102815,0.959249,0.020188,0.0102815],[0.000291508,0.999209,0.000207992,0.000291508],[0.000291508,0.999209,0.000207992,0.000291508],[0.000291508,0.999209,0.000207992,0.000291508],[0.359932,0.110098,0.519689,0.0102815],[0.0497471,0.761822,0.128792,0.0596382],[0.363564,0.24239,0.24239,0.151655]]},{"db":2,"id":"MA0339.1","alt":"MIG3","len":7,"ltrim":0,"rtrim":1,"nsites":101,"url":"http://jaspar2018.genereg.net/matrix/MA0339.1","pwm":[[0.0101798,0.969543,0.0100971,0.0101798],[0.000288625,0.939276,0.000205935,0.0602293],[0.000288625,0.999217,0.000205935,0.000288625],[0.000288625,0.999217,0.000205935,0.000288625],[0.41402,0.020388,0.555212,0.0103796],[0.0502392,0.689523,0.170038,0.0901996],[0.409883,0.219988,0.229978,0.14015]]},{"db":2,"id":"MA0347.1","alt":"NRG1","len":20,"ltrim":6,"rtrim":2,"nsites":999,"url":"http://jaspar2018.genereg.net/matrix/MA0347.1","pwm":[[0.181192,0.404384,0.14315,0.271273],[0.243248,0.225223,0.1992,0.332328],[0.293587,0.250497,0.27855,0.177366],[0.259522,0.239476,0.26252,0.238482],[0.419827,0.112234,0.269533,0.198406],[0.213221,0.25525,0.0921036,0.439424],[0.455896,0.48895,0.00903794,0.0461166],[0.960894,0.00302354,0.0360532,2.92063e-05],[0.00203301,0.00102274,0.992907,0.00403681],[0.00203301,0.00102274,0.994911,0.00203301],[0.0110501,2.08388e-05,0.987898,0.00103111],[0.0710931,0.0110307,0.00202264,0.915854],[0.0040408,0.93072,0.00202664,0.0632129],[0.00303191,0.82076,0.00302354,0.173185],[0.503987,0.0871861,0.0390949,0.369731],[0.245742,0.202609,0.239716,0.311934],[0.124265,0.303597,0.269533,0.302604],[0.224456,0.0671481,0.549064,0.159332],[0.206629,0.401185,0.228684,0.163503],[0.325648,0.171347,0.233464,0.269541]]},{"db":2,"id":"MA0350.1","alt":"TOD6","len":21,"ltrim":6,"rtrim":5,"nsites":998,"url":"http://jaspar2018.genereg.net/matrix/MA0350.1","pwm":[[0.362718,0.188379,0.218436,0.230467],[0.144159,0.213212,0.369353,0.273275],[0.101221,0.261518,0.370725,0.266536],[0.239484,0.327643,0.206413,0.22646],[0.369731,0.116241,0.235468,0.278558],[0.21222,0.36635,0.133141,0.288288],[0.650265,0.0501158,0.0962032,0.203416],[0.0672245,0.397173,0.437289,0.0983144],[0.0200672,0.785513,0.193388,0.00103114],[0.00203303,0.0290759,0.0461082,0.922783],[0.00203303,0.992907,0.00202466,0.00303493],[0.977865,2.08597e-05,0.00102376,0.0210901],[0.00103114,0.00102276,0.0180551,0.979891],[2.92355e-05,0.980866,0.00102376,0.0180814],[0.05218,0.019076,0.871549,0.0571955],[0.135287,0.656268,0.186375,0.022071],[0.181192,0.300291,0.383365,0.135151],[0.232238,0.282275,0.109119,0.376368],[0.187197,0.280273,0.111121,0.421408],[0.306305,0.213212,0.172176,0.308306],[0.201412,0.150307,0.32063,0.327651]]},{"db":2,"id":"MA0351.1","alt":"DOT6","len":21,"ltrim":6,"rtrim":5,"nsites":998,"url":"http://jaspar2018.genereg.net/matrix/MA0351.1","pwm":[[0.278558,0.135278,0.231461,0.354703],[0.194204,0.250246,0.26626,0.289289],[0.156327,0.332653,0.223445,0.287575],[0.131147,0.249245,0.268262,0.351345],[0.239724,0.0852683,0.401185,0.273823],[0.141298,0.480935,0.145297,0.232471],[0.517011,0.0591329,0.138284,0.285572],[0.0791793,0.420821,0.392768,0.107232],[0.0290553,0.770715,0.197198,0.00303193],[0.00603463,0.0520676,0.0830955,0.858802],[0.00103214,0.9929,0.00403246,0.00203503],[0.97388,2.08597e-05,0.00102276,0.0250767],[0.00103214,2.08597e-05,0.0270991,0.971848],[2.92355e-05,0.970837,0.00102376,0.0281104],[0.0360616,0.00902896,0.87681,0.0780994],[0.223678,0.576693,0.177536,0.022093],[0.280281,0.265259,0.252248,0.202211],[0.188198,0.298289,0.0720856,0.441426],[0.16334,0.435849,0.208417,0.192395],[0.153474,0.3721,0.183553,0.290873],[0.185382,0.149305,0.202406,0.462909]]},{"db":2,"id":"MA0366.1","alt":"RGM1","len":5,"ltrim":0,"rtrim":0,"nsites":100,"url":"http://jaspar2018.genereg.net/matrix/MA0366.1","pwm":[[0.999293,0.000207992,0.000207992,0.000291508],[0.000291508,0.000207992,0.999209,0.000291508],[0.000291508,0.000207992,0.999209,0.000291508],[0.000291508,0.000207992,0.999209,0.000291508],[0.110182,0.120088,0.769439,0.000291508]]},{"db":2,"id":"MA0390.1","alt":"STB3","len":21,"ltrim":0,"rtrim":4,"nsites":997,"url":"http://jaspar2018.genereg.net/matrix/MA0390.1","pwm":[[0.0983144,0.16851,0.547609,0.185568],[0.166346,0.17335,0.202406,0.457899],[0.182559,0.416228,0.0571871,0.344027],[0.194399,0.379743,0.107224,0.318634],[0.507994,0.059133,0.189381,0.243492],[0.547522,0.120129,0.151157,0.181192],[0.777506,0.0350874,0.0711557,0.11625],[0.499478,0.0270452,0.0330506,0.440425],[0.0992173,0.0110418,0.00202468,0.887716],[0.0531299,0.00503038,0.00102278,0.940817],[0.0100483,0.00402848,0.00202468,0.983899],[0.013054,2.08806e-05,0.0150494,0.971876],[2.92649e-05,0.0640785,0.0200389,0.915853],[0.00303196,0.990912,0.00202268,0.00403286],[0.965898,0.00702718,0.0250434,0.00203106],[0.150315,0.588138,0.0841804,0.177366],[0.129145,0.120129,0.137144,0.613582],[0.166346,0.326641,0.200402,0.306612],[0.308615,0.253502,0.125259,0.312623],[0.233473,0.170345,0.31562,0.280562],[0.226687,0.182551,0.296882,0.293882]]},{"db":2,"id":"MA0392.1","alt":"STB5","len":8,"ltrim":0,"rtrim":0,"nsites":99,"url":"http://jaspar2018.genereg.net/matrix/MA0392.1","pwm":[[0.00029445,0.999201,0.000210091,0.00029445],[0.00029445,0.000210091,0.999201,0.00029445],[0.00029445,0.000210091,0.999201,0.00029445],[0.230062,0.190018,0.259948,0.319972],[0.227788,0.227703,0.465088,0.0794225],[0.188224,0.247485,0.118902,0.44539],[0.0602339,0.120089,0.0601495,0.759528],[0.969013,0.0103009,0.0103009,0.0103853]]},{"db":2,"id":"MA0403.1","alt":"TBF1","len":8,"ltrim":0,"rtrim":1,"nsites":100,"url":"http://jaspar2018.genereg.net/matrix/MA0403.1","pwm":[[0.609682,0.110098,0.120088,0.160132],[0.459832,0.110098,0.349858,0.0802116],[0.148658,0.83106,0.0100991,0.0101826],[0.000291508,0.999209,0.000207992,0.000291508],[0.000291508,0.999209,0.000207992,0.000291508],[0.000291508,0.010198,0.000207992,0.989302],[0.757111,0.0809353,0.111208,0.0507461],[0.376154,0.188139,0.267268,0.16844]]},{"db":2,"id":"MA0414.1","alt":"XBP1","len":7,"ltrim":0,"rtrim":1,"nsites":101,"url":"http://jaspar2018.genereg.net/matrix/MA0414.1","pwm":[[0.118983,0.504656,0.0694444,0.306916],[0.000288625,0.000205935,0.000205935,0.9993],[0.000288625,0.999217,0.000205935,0.000288625],[0.000288625,0.000205935,0.999217,0.000288625],[0.9993,0.000205935,0.000205935,0.000288625],[0.395937,0.0793356,0.494766,0.0299622],[0.31311,0.222208,0.313027,0.151654]]},{"db":2,"id":"MA0433.1","alt":"YOX1","len":8,"ltrim":0,"rtrim":0,"nsites":99,"url":"http://jaspar2018.genereg.net/matrix/MA0433.1","pwm":[[0.0103853,0.25248,0.0708457,0.666289],[0.00029445,0.000210091,0.000210091,0.999285],[0.999285,0.000210091,0.000210091,0.00029445],[0.999285,0.000210091,0.000210091,0.00029445],[0.00029445,0.000210091,0.000210091,0.999285],[0.00029445,0.000210091,0.000210091,0.999285],[0.613536,0.0298831,0.148575,0.208006],[0.545199,0.131391,0.131391,0.19202]]},{"db":2,"id":"MA0436.1","alt":"YPR022C","len":7,"ltrim":0,"rtrim":1,"nsites":101,"url":"http://jaspar2018.genereg.net/matrix/MA0436.1","pwm":[[0.148657,0.653025,0.000205935,0.198113],[0.000288625,0.999217,0.000205935,0.000288625],[0.000288625,0.999217,0.000205935,0.000288625],[0.000288625,0.999217,0.000205935,0.000288625],[0.9993,0.000205935,0.000205935,0.000288625],[0.000288625,0.999217,0.000205935,0.000288625],[0.227786,0.257377,0.336507,0.17833]]},{"db":2,"id":"MA0442.2","alt":"SOX10","len":11,"ltrim":2,"rtrim":2,"nsites":2055,"url":"http://jaspar2018.genereg.net/matrix/MA0442.2","pwm":[[0.332358,0.193188,0.256446,0.218009],[0.351822,0.137716,0.277856,0.232606],[0.544027,0.181023,0.154261,0.120689],[0.984394,0.00195604,0.00147006,0.0121786],[0.00147413,0.967846,0.00536287,0.025317],[0.987314,0.00341597,0.00341597,0.00585291],[0.957632,0.0136345,0.00974166,0.0189913],[0.953253,0.0112016,0.00584885,0.0296968],[0.00487996,0.00633582,0.979037,0.00974573],[0.324086,0.26861,0.301212,0.106092],[0.310461,0.27007,0.24574,0.173729]]},{"db":2,"id":"MA0445.1","alt":"D","len":11,"ltrim":0,"rtrim":0,"nsites":29,"url":"http://jaspar2018.genereg.net/matrix/MA0445.1","pwm":[[0.0353673,0.275629,0.241265,0.447738],[0.00100275,0.859822,0.000715464,0.13846],[0.00100275,0.584908,0.000715464,0.413374],[0.688288,0.000715464,0.000715464,0.310281],[0.00100275,0.000715464,0.000715464,0.997566],[0.00100275,0.000715464,0.103808,0.894474],[0.0697318,0.000715464,0.92855,0.00100275],[0.00100275,0.000715464,0.000715464,0.997566],[0.0353673,0.0694445,0.138172,0.757017],[0.13846,0.344358,0.206901,0.310281],[0.207189,0.03508,0.03508,0.722652]]},{"db":2,"id":"MA0457.1","alt":"PHDP","len":7,"ltrim":0,"rtrim":0,"nsites":17,"url":"http://jaspar2018.genereg.net/matrix/MA0457.1","pwm":[[0.235624,0.352095,0.00121754,0.411063],[0.00170643,0.00121754,0.00121754,0.995858],[0.937378,0.00121754,0.00121754,0.0601864],[0.995858,0.00121754,0.00121754,0.00170643],[0.00170643,0.00121754,0.00121754,0.995858],[0.0601864,0.00121754,0.0596975,0.878899],[0.469542,0.0596975,0.235136,0.235624]]},{"db":2,"id":"MA0480.1","alt":"Foxo1","len":11,"ltrim":1,"rtrim":0,"nsites":2490,"url":"http://jaspar2018.genereg.net/matrix/MA0480.1","pwm":[[0.187956,0.111249,0.191969,0.508826],[0.0510137,0.513643,0.302004,0.133339],[0.0349503,0.564645,0.083941,0.316465],[1.17184e-05,8.36112e-06,8.36112e-06,0.999972],[1.17184e-05,8.36112e-06,0.999968,1.17184e-05],[1.17184e-05,8.36112e-06,8.36112e-06,0.999972],[1.17184e-05,8.36112e-06,8.36112e-06,0.999972],[1.17184e-05,8.36112e-06,0.115265,0.884715],[0.751388,0.0630578,8.36112e-06,0.185546],[1.17184e-05,0.806,8.36112e-06,0.19398],[0.430516,0.230119,0.0285212,0.310842]]},{"db":2,"id":"MA0481.2","alt":"FOXP1","len":12,"ltrim":2,"rtrim":3,"nsites":4266,"url":"http://jaspar2018.genereg.net/matrix/MA0481.2","pwm":[[0.351382,0.212846,0.23277,0.203002],[0.35982,0.0625914,0.225738,0.351851],[0.0696252,0.0117256,0.904344,0.0143055],[0.0318861,0.035635,0.0241483,0.908331],[0.956618,0.0304782,0.00656873,0.00633569],[0.945602,0.0332901,0.00422378,0.0168844],[0.976308,0.00469277,0.0131316,0.0058667],[0.00891463,0.932238,0.00703672,0.0518106],[0.962244,0.0032868,0.00867768,0.0257912],[0.21191,0.159166,0.509135,0.119788],[0.353492,0.202297,0.219175,0.225037],[0.305438,0.220581,0.212377,0.261604]]},{"db":2,"id":"MA0482.1","alt":"Gata4","len":11,"ltrim":0,"rtrim":2,"nsites":2746,"url":"http://jaspar2018.genereg.net/matrix/MA0482.1","pwm":[[0.00365249,0.378363,0.136201,0.481785],[1.0626e-05,0.788399,0.111439,0.100153],[1.0626e-05,0.0324174,7.58167e-06,0.967564],[1.0626e-05,7.58167e-06,7.58167e-06,0.999974],[0.985773,0.0142091,7.58167e-06,1.0626e-05],[1.0626e-05,7.58167e-06,7.58167e-06,0.999974],[1.0626e-05,0.999971,7.58167e-06,1.0626e-05],[0.199202,7.58167e-06,7.58167e-06,0.800782],[1.0626e-05,0.451557,0.342311,0.206121],[0.218867,0.365617,0.0571795,0.358337],[0.140574,0.338305,0.24836,0.272761]]},{"db":2,"id":"MA0497.1","alt":"MEF2C","len":15,"ltrim":3,"rtrim":0,"nsites":2209,"url":"http://jaspar2018.genereg.net/matrix/MA0497.1","pwm":[[0.319148,0.145318,0.306017,0.229519],[0.331822,0.0683633,0.259391,0.340424],[0.195115,0.0887334,0.372107,0.344045],[0.172934,0.639183,0.0353178,0.152564],[1.3209e-05,0.445892,9.42466e-06,0.554085],[0.731533,0.115894,0.0335069,0.119066],[0.772273,0.0144948,0.109103,0.104128],[0.953795,9.42466e-06,0.0393916,0.0068029],[0.96466,9.42466e-06,0.000914384,0.0344167],[0.96647,9.42466e-06,0.00182034,0.0317008],[0.0253631,0.0280752,9.42466e-06,0.946552],[0.985483,9.42466e-06,0.0144948,1.3209e-05],[0.176103,0.05433,0.756426,0.0131406],[0.441369,0.378444,0.0670054,0.113181],[0.456761,0.203712,0.0570458,0.282481]]},{"db":2,"id":"MA0514.1","alt":"Sox3","len":10,"ltrim":0,"rtrim":0,"nsites":2067,"url":"http://jaspar2018.genereg.net/matrix/MA0514.1","pwm":[[1.41164e-05,0.719375,0.159654,0.120956],[1.41164e-05,0.750821,1.00721e-05,0.249155],[0.126762,1.00721e-05,1.00721e-05,0.873218],[1.41164e-05,1.00721e-05,1.00721e-05,0.999966],[1.41164e-05,1.00721e-05,1.00721e-05,0.999966],[1.41164e-05,0.0696727,0.930299,1.41164e-05],[1.41164e-05,1.00721e-05,1.00721e-05,0.999966],[1.41164e-05,0.337681,0.122887,0.539417],[0.00920567,0.412665,0.0106526,0.567476],[0.0203321,0.316396,0.18481,0.478462]]},{"db":2,"id":"MA0515.1","alt":"Sox6","len":10,"ltrim":0,"rtrim":0,"nsites":249,"url":"http://jaspar2018.genereg.net/matrix/MA0515.1","pwm":[[0.0161747,0.558092,0.200806,0.224927],[0.000117142,0.887277,8.3581e-05,0.112522],[0.646444,8.3581e-05,8.3581e-05,0.353389],[0.000117142,8.3581e-05,8.3581e-05,0.999716],[0.000117142,8.3581e-05,8.3581e-05,0.999716],[0.000117142,8.3581e-05,0.999682,0.000117142],[0.000117142,8.3581e-05,8.3581e-05,0.999716],[0.000117142,0.461745,0.0201555,0.517981],[0.0161747,0.449702,8.3581e-05,0.53404],[0.0563196,0.305182,0.124532,0.513967]]},{"db":2,"id":"MA0528.1","alt":"ZNF263","len":21,"ltrim":0,"rtrim":0,"nsites":15235,"url":"http://jaspar2018.genereg.net/matrix/MA0528.1","pwm":[[0.155301,0.0192332,0.727138,0.0983273],[0.301674,1.36658e-06,0.698323,1.91531e-06],[0.729764,1.36658e-06,0.183919,0.0863153],[0.0297357,1.36658e-06,0.907051,0.0632115],[0.0663615,0.11408,0.816799,0.0027589],[0.913616,0.0361681,0.00282335,0.0473926],[0.102988,0.0554,0.73856,0.103053],[0.101872,0.0936668,0.751621,0.0528406],[0.532522,0.0635389,0.361863,0.0420756],[0.336856,0.101281,0.462223,0.0996403],[0.203217,0.0701679,0.621658,0.104957],[0.433081,0.0387281,0.441744,0.0864473],[0.27404,0.0406971,0.584376,0.100887],[0.269511,0.106204,0.593499,0.0307857],[0.521363,0.062357,0.31375,0.102528],[0.250935,6.73661e-05,0.633998,0.114999],[0.20558,1.36658e-06,0.751161,0.0432576],[0.545124,1.36658e-06,0.38674,0.0681345],[0.343026,0.0143763,0.585689,0.0569095],[0.266951,0.0426661,0.6445,0.0458826],[0.476796,0.059535,0.403084,0.0605855]]},{"db":2,"id":"MA0542.1","alt":"elt-3","len":8,"ltrim":0,"rtrim":0,"nsites":722,"url":"http://jaspar2018.genereg.net/matrix/MA0542.1","pwm":[[4.04099e-05,0.149592,2.88326e-05,0.850339],[4.04099e-05,0.598284,0.17175,0.229926],[4.04099e-05,2.88326e-05,2.88326e-05,0.999902],[4.04099e-05,2.88326e-05,2.88326e-05,0.999902],[0.999902,2.88326e-05,2.88326e-05,4.04099e-05],[4.04099e-05,2.88326e-05,2.88326e-05,0.999902],[4.04099e-05,0.99989,2.88326e-05,4.04099e-05],[0.999902,2.88326e-05,2.88326e-05,4.04099e-05]]},{"db":2,"id":"MA0554.1","alt":"SOC1","len":15,"ltrim":2,"rtrim":0,"nsites":888,"url":"http://jaspar2018.genereg.net/matrix/MA0554.1","pwm":[[0.32432,0.138522,0.111497,0.425661],[0.193705,0.297287,0.127261,0.381747],[0.0732226,0.030425,0.0383071,0.858044],[0.069845,2.34433e-05,0.057449,0.872683],[0.131775,0.0529455,0.100237,0.715042],[0.0225533,0.962753,0.0146618,3.28566e-05],[3.28566e-05,0.694765,0.0101573,0.295045],[0.516867,0.0416858,0.0630793,0.378368],[0.154294,0.0878516,2.34433e-05,0.757831],[0.146412,0.00677968,2.34433e-05,0.846785],[0.0248051,0.00903143,2.34433e-05,0.96614],[0.11038,0.0270474,2.34433e-05,0.862549],[0.101372,0.0799694,0.0968595,0.721799],[0.203839,0.0112832,0.769081,0.0157971],[0.0191747,0.0259215,0.748813,0.206091]]},{"db":2,"id":"MA0593.1","alt":"FOXP2","len":11,"ltrim":1,"rtrim":1,"nsites":766,"url":"http://jaspar2018.genereg.net/ma