<!DOCTYPE HTML>
<html>
  <head>
    <meta charset="UTF-8">
    <title>TOMTOM</title>
    <script>
      // @JSON_VAR data
      var data = {
        "program": "Tomtom",
        "version": "4.12.0",
        "release": "Tue Jun 27 16:22:50 2017 -0700",
        "cmd": [
          "tomtom", "-verbosity", "1", "-oc",
          "results/AHRpeaks_noAHREs.bed-299.fa/jaspar/dreme_tomtom_out",
          "-min-overlap", "5", "-dist", "pearson", "-evalue", "-thresh", "1",
          "-no-ssc", "-bfile",
          "results/AHRpeaks_noAHREs.bed-299.fa/jaspar/background",
          "results/AHRpeaks_noAHREs.bed-299.fa/jaspar/dreme_out/dreme.xml",
          "/Users/filipov4/meme/db/motif_databases/JASPAR/JASPAR2018_CORE_non-redundant.meme"
        ],
        "options": {
          "strands": "both",
          "distance_measure": "pearson",
          "threshold_type": "evalue",
          "threshold_value": 1,
          "background_source": "file",
          "background_file": "results/AHRpeaks_noAHREs.bed-299.fa/jaspar/background"
        },
        "alphabet": {
          "name": "DNA",
          "like": "dna",
          "ncore": 4,
          "symbols": [
            {
              "symbol": "A",
              "name": "Adenine",
              "colour": "CC0000",
              "complement": "T"
            }, {
              "symbol": "C",
              "name": "Cytosine",
              "colour": "0000CC",
              "complement": "G"
            }, {
              "symbol": "G",
              "name": "Guanine",
              "colour": "FFB300",
              "complement": "C"
            }, {
              "symbol": "T",
              "aliases": "U",
              "name": "Thymine",
              "colour": "008000",
              "complement": "A"
            }, {
              "symbol": "N",
              "aliases": "X.",
              "name": "Any base",
              "equals": "ACGT"
            }, {
              "symbol": "V",
              "name": "Not T",
              "equals": "ACG"
            }, {
              "symbol": "H",
              "name": "Not G",
              "equals": "ACT"
            }, {
              "symbol": "D",
              "name": "Not C",
              "equals": "AGT"
            }, {
              "symbol": "B",
              "name": "Not A",
              "equals": "CGT"
            }, {
              "symbol": "M",
              "name": "Amino",
              "equals": "AC"
            }, {
              "symbol": "R",
              "name": "Purine",
              "equals": "AG"
            }, {
              "symbol": "W",
              "name": "Weak",
              "equals": "AT"
            }, {
              "symbol": "S",
              "name": "Strong",
              "equals": "CG"
            }, {
              "symbol": "Y",
              "name": "Pyrimidine",
              "equals": "CT"
            }, {
              "symbol": "K",
              "name": "Keto",
              "equals": "GT"
            }
          ]
        },
        "background": [0.2897, 0.2103, 0.2103, 0.2897],
        "query_dbs": [
          {
            "source": "results/AHRpeaks_noAHREs.bed-299.fa/jaspar/dreme_out/dreme.xml",
            "name": "dreme",
            "loaded": 7,
            "excluded": 0,
            "last_modified": "Thu May 24 12:13:20 2018"
          }
        ],
        "target_dbs": [
          {
            "source": "/Users/filipov4/meme/db/motif_databases/JASPAR/JASPAR2018_CORE_non-redundant.meme",
            "name": "JASPAR2018 CORE non-redundant",
            "loaded": 1404,
            "excluded": 0,
            "last_modified": "Thu Dec  7 14:38:42 2017"
          }
        ],
        "queries": [
          {
            "db": 0,
            "id": "AGATAW",
            "alt": "DREME-3",
            "len": 6,
            "nsites": 278,
            "evalue": "6.6e-007",
            "pwm": [
              [0.999745, 7.56203e-05, 7.56203e-05, 0.000104171], 
              [0.000104171, 7.56203e-05, 0.999716, 0.000104171], 
              [0.999745, 7.56203e-05, 7.56203e-05, 0.000104171], 
              [0.000104171, 7.56203e-05, 7.56203e-05, 0.999745], 
              [0.999745, 7.56203e-05, 7.56203e-05, 0.000104171], 
              [0.661737, 7.56203e-05, 7.56203e-05, 0.338112]
            ]
          }, {
            "db": 0,
            "id": "AKGTCA",
            "alt": "DREME-6",
            "len": 6,
            "nsites": 247,
            "evalue": "7.1e-003",
            "pwm": [
              [0.999713, 8.51073e-05, 8.51073e-05, 0.00011724], 
              [0.00011724, 8.51073e-05, 0.518094, 0.481703], 
              [0.00011724, 8.51073e-05, 0.99968, 0.00011724], 
              [0.00011724, 8.51073e-05, 8.51073e-05, 0.999713], 
              [0.00011724, 0.99968, 8.51073e-05, 0.00011724], 
              [0.999713, 8.51073e-05, 8.51073e-05, 0.00011724]
            ]
          }, {
            "db": 0,
            "id": "CACGD",
            "alt": "DREME-2",
            "len": 5,
            "nsites": 264,
            "evalue": "3.2e-010",
            "pwm": [
              [0.000109693, 0.999701, 7.9629e-05, 0.000109693], 
              [0.999731, 7.9629e-05, 7.9629e-05, 0.000109693], 
              [0.000109693, 0.999701, 7.9629e-05, 0.000109693], 
              [0.000109693, 7.9629e-05, 0.999701, 0.000109693], 
              [0.382541, 7.9629e-05, 0.337073, 0.280307]
            ]
          }, {
            "db": 0,
            "id": "CATTCCW",
            "alt": "DREME-7",
            "len": 7,
            "nsites": 94,
            "evalue": "1.2e-002",
            "pwm": [
              [0.000307864, 0.999161, 0.000223486, 0.000307864], 
              [0.999245, 0.000223486, 0.000223486, 0.000307864], 
              [0.000307864, 0.000223486, 0.000223486, 0.999245], 
              [0.000307864, 0.000223486, 0.000223486, 0.999245], 
              [0.000307864, 0.999161, 0.000223486, 0.000307864], 
              [0.000307864, 0.999161, 0.000223486, 0.000307864], 
              [0.425388, 0.000223486, 0.000223486, 0.574165]
            ]
          }, {
            "db": 0,
            "id": "CMCAG",
            "alt": "DREME-5",
            "len": 5,
            "nsites": 854,
            "evalue": "1.3e-004",
            "pwm": [
              [3.39187e-05, 0.999908, 2.46224e-05, 3.39187e-05], 
              [0.553833, 0.446108, 2.46224e-05, 3.39187e-05], 
              [3.39187e-05, 0.999908, 2.46224e-05, 3.39187e-05], 
              [0.999917, 2.46224e-05, 2.46224e-05, 3.39187e-05], 
              [3.39187e-05, 2.46224e-05, 0.999908, 3.39187e-05]
            ]
          }, {
            "db": 0,
            "id": "RYAAAYA",
            "alt": "DREME-1",
            "len": 7,
            "nsites": 625,
            "evalue": "1.5e-045",
            "pwm": [
              [0.529562, 3.36426e-05, 0.470358, 4.63446e-05], 
              [4.63446e-05, 0.494355, 3.36426e-05, 0.505565], 
              [0.999886, 3.36426e-05, 3.36426e-05, 4.63446e-05], 
              [0.999886, 3.36426e-05, 3.36426e-05, 4.63446e-05], 
              [0.999886, 3.36426e-05, 3.36426e-05, 4.63446e-05], 
              [4.63446e-05, 0.571142, 3.36426e-05, 0.428778], 
              [0.999886, 3.36426e-05, 3.36426e-05, 4.63446e-05]
            ]
          }, {
            "db": 0,
            "id": "TGAGTCAB",
            "alt": "DREME-4",
            "len": 8,
            "nsites": 76,
            "evalue": "4.4e-005",
            "pwm": [
              [0.000380683, 0.000276347, 0.000276347, 0.999067], 
              [0.000380683, 0.000276347, 0.998962, 0.000380683], 
              [0.999067, 0.000276347, 0.000276347, 0.000380683], 
              [0.000380683, 0.000276347, 0.998962, 0.000380683], 
              [0.000380683, 0.000276347, 0.000276347, 0.999067], 
              [0.000380683, 0.998962, 0.000276347, 0.000380683], 
              [0.999067, 0.000276347, 0.000276347, 0.000380683], 
              [0.000380683, 0.31565, 0.276229, 0.40774]
            ]
          }
        ],
        "targets": [
          {
            "db": 0,
            "id": "MA0030.1",
            "alt": "FOXF2",
            "len": 14,
            "nsites": 27,
            "url": "http://jaspar2018.genereg.net/matrix/MA0030.1",
            "pwm": [
              [0.0379693, 0.369779, 0.259078, 0.333172], 
              [0.370072, 0.259078, 0.185278, 0.185571], 
              [0.628376, 0.148377, 0.0745767, 0.14867], 
              [0.463642, 0.178688, 0.178688, 0.178981], 
              [0.13693, 0.498931, 0.36307, 0.001069], 
              [0.259371, 0.000776015, 0.738784, 0.001069], 
              [0.001069, 0.000776015, 0.000776015, 0.997379], 
              [0.997379, 0.000776015, 0.000776015, 0.001069], 
              [0.997379, 0.000776015, 0.000776015, 0.001069], 
              [0.997379, 0.000776015, 0.000776015, 0.001069], 
              [0.001069, 0.923285, 0.000776015, 0.0748697], 
              [0.997379, 0.000776015, 0.000776015, 0.001069], 
              [0.591475, 0.148377, 0.0745767, 0.185571], 
              [0.259371, 0.148377, 0.222178, 0.370072]
            ]
          }, {
            "db": 0,
            "id": "MA0031.1",
            "alt": "FOXD1",
            "len": 8,
            "nsites": 20,
            "url": "http://jaspar2018.genereg.net/matrix/MA0031.1",
            "pwm": [
              [0.0511925, 0.0507975, 0.846817, 0.0511925], 
              [0.00144129, 0.00104627, 0.00104627, 0.996466], 
              [0.946715, 0.0507975, 0.00104627, 0.00144129], 
              [0.996466, 0.00104627, 0.00104627, 0.00144129], 
              [0.896964, 0.0507975, 0.0507975, 0.00144129], 
              [0.0511925, 0.896569, 0.00104627, 0.0511925], 
              [0.996466, 0.00104627, 0.00104627, 0.00144129], 
              [0.3497, 0.100549, 0.1503, 0.399451]
            ]
          }, {
            "db": 0,
            "id": "MA0032.2",
            "alt": "FOXC1",
            "len": 11,
            "nsites": 19566,
            "url": "http://jaspar2018.genereg.net/matrix/MA0032.2",
            "pwm": [
              [0.329756, 0.0394569, 0.015538, 0.615249], 
              [0.695237, 0.0353359, 0.202155, 0.0672731], 
              [0.344387, 0.0876136, 0.105678, 0.462323], 
              [0.257364, 0.017801, 0.722131, 0.00270347], 
              [0.108395, 0.0717427, 0.016938, 0.802924], 
              [0.706923, 0.289518, 0.00113307, 0.00242647], 
              [0.991151, 0.00579105, 1.07482e-06, 0.00305747], 
              [0.983558, 0.00298006, 0.00750204, 0.00595945], 
              [0.00649845, 0.467699, 0.00878803, 0.517014], 
              [0.966338, 0.00141207, 0.022632, 0.00961843], 
              [0.31682, 0.0736507, 0.0523318, 0.557199]
            ]
          }, {
            "db": 0,
            "id": "MA0033.2",
            "alt": "FOXL1",
            "len": 7,
            "nsites": 4933,
            "url": "http://jaspar2018.genereg.net/matrix/MA0033.2",
            "pwm": [
              [0.426107, 0.00263921, 0.542868, 0.0283853], 
              [0.00192683, 0.0799106, 4.26304e-06, 0.918158], 
              [0.874645, 0.114915, 0.0104341, 5.87257e-06], 
              [0.98902, 0.0078671, 4.26304e-06, 0.00310981], 
              [0.973113, 0.0166979, 0.0101831, 5.87257e-06], 
              [5.87257e-06, 0.778858, 4.26304e-06, 0.221131], 
              [0.98535, 0.011136, 4.26304e-06, 0.0035098]
            ]
          }, {
            "db": 0,
            "id": "MA0035.3",
            "alt": "Gata1",
            "len": 11,
            "nsites": 17955,
            "url": "http://jaspar2018.genereg.net/matrix/MA0035.3",
            "pwm": [
              [0.11334, 0.240657, 0.140908, 0.505095], 
              [0.0281835, 0.35678, 0.1555, 0.459537], 
              [1.61347e-06, 0.828123, 0.02434, 0.147537], 
              [1.61347e-06, 0.03882, 1.17126e-06, 0.961177], 
              [1.61347e-06, 1.17126e-06, 1.17126e-06, 0.999996], 
              [0.999996, 1.17126e-06, 1.17126e-06, 1.61347e-06], 
              [1.61347e-06, 1.17126e-06, 1.17126e-06, 0.999996], 
              [1.61347e-06, 0.999996, 1.17126e-06, 1.61347e-06], 
              [0.120636, 1.17126e-06, 1.17126e-06, 0.879362], 
              [0.139349, 0.343413, 0.37243, 0.144807], 
              [0.105041, 0.282484, 0.0890007, 0.523474]
            ]
          }, {
            "db": 0,
            "id": "MA0036.3",
            "alt": "GATA2",
            "len": 11,
            "nsites": 14213,
            "url": "http://jaspar2018.genereg.net/matrix/MA0036.3",
            "pwm": [
              [0.232393, 0.209526, 0.225216, 0.332864], 
              [0.139732, 0.288397, 0.208682, 0.363188], 
              [0.0661386, 0.746285, 0.0860489, 0.101528], 
              [0.0312408, 0.0182244, 0.0105554, 0.93998], 
              [0.0293408, 0.00239346, 0.00147947, 0.966786], 
              [0.991904, 0.000986473, 0.00302646, 0.00408301], 
              [0.010204, 0.00541944, 0.00337846, 0.980998], 
              [0.00675599, 0.969952, 0.00886642, 0.0144249], 
              [0.166961, 0.0346172, 0.0258223, 0.7726], 
              [0.204884, 0.26131, 0.257229, 0.276578], 
              [0.230634, 0.272567, 0.155914, 0.340885]
            ]
          }, {
            "db": 0,
            "id": "MA0041.1",
            "alt": "Foxd3",
            "len": 12,
            "nsites": 47,
            "url": "http://jaspar2018.genereg.net/matrix/MA0041.1",
            "pwm": [
              [0.234161, 0.064141, 0.552463, 0.149235], 
              [0.637558, 0.0429092, 0.000446497, 0.319086], 
              [0.510169, 0.0216783, 0.000446497, 0.467706], 
              [0.0218469, 0.0853718, 0.000446497, 0.892335], 
              [0.255392, 0.000446497, 0.722315, 0.0218469], 
              [0.000615074, 0.000446497, 0.000446497, 0.998492], 
              [0.0218469, 0.000446497, 0.000446497, 0.97726], 
              [0.106772, 0.000446497, 0.212761, 0.680021], 
              [0.297855, 0.000446497, 0.446307, 0.255392], 
              [0.128004, 0.149066, 0.000446497, 0.722483], 
              [0.0218469, 0.0429092, 0.0853718, 0.849872], 
              [0.000615074, 0.255223, 0.000446497, 0.743715]
            ]
          }, {
            "db": 0,
            "id": "MA0042.2",
            "alt": "FOXI1",
            "len": 7,
            "nsites": 5832,
            "url": "http://jaspar2018.genereg.net/matrix/MA0042.2",
            "pwm": [
              [0.10597, 0.00669049, 0.887334, 4.96733e-06], 
              [0.0138517, 0.0112314, 0.00655249, 0.968364], 
              [0.899677, 0.093882, 0.0064365, 4.96733e-06], 
              [0.995563, 0.00442853, 3.60591e-06, 4.96733e-06], 
              [0.977694, 0.00434853, 0.00548251, 0.0124738], 
              [0.0253675, 0.836015, 0.00775747, 0.130859], 
              [0.992889, 0.00230557, 0.00480052, 4.96733e-06]
            ]
          }, {
            "db": 0,
            "id": "MA0047.2",
            "alt": "Foxa2",
            "len": 12,
            "nsites": 808,
            "url": "http://jaspar2018.genereg.net/matrix/MA0047.2",
            "pwm": [
              [0.0012737, 0.00126387, 0.00126387, 0.9962], 
              [0.273179, 0.00373357, 0.719344, 0.00374339], 
              [0.0012717, 0.00126187, 0.00126187, 0.996205], 
              [0.0012717, 0.00373357, 0.0445195, 0.950474], 
              [0.0012687, 0.00125887, 0.215782, 0.78169], 
              [0.908565, 0.00496341, 0.0827318, 0.00373939], 
              [0.00250454, 0.894977, 0.00249472, 0.100023], 
              [0.417784, 0.0951932, 0.00373357, 0.483289], 
              [0.0618332, 0.32755, 0.0717102, 0.538906], 
              [0.516701, 0.0074601, 0.0297623, 0.446078], 
              [0.162547, 0.0657749, 0.597967, 0.173711], 
              [0.160664, 0.242835, 0.361127, 0.235374]
            ]
          }, {
            "db": 0,
            "id": "MA0071.1",
            "alt": "RORA",
            "len": 10,
            "nsites": 25,
            "url": "http://jaspar2018.genereg.net/matrix/MA0071.1",
            "pwm": [
              [0.598764, 0.0406785, 0.0805191, 0.280039], 
              [0.35972, 0.0406785, 0.000837849, 0.598764], 
              [0.240198, 0.478925, 0.1602, 0.120676], 
              [0.439401, 0.0805191, 0.200041, 0.280039], 
              [0.837808, 0.000837849, 0.1602, 0.00115418], 
              [0.00115418, 0.000837849, 0.996854, 0.00115418], 
              [0.00115418, 0.000837849, 0.996854, 0.00115418], 
              [0.00115418, 0.000837849, 0.000837849, 0.99717], 
              [0.00115418, 0.996854, 0.000837849, 0.00115418], 
              [0.99717, 0.000837849, 0.000837849, 0.00115418]
            ]
          }, {
            "db": 0,
            "id": "MA0072.1",
            "alt": "RORA(var.2)",
            "len": 14,
            "nsites": 36,
            "url": "http://jaspar2018.genereg.net/matrix/MA0072.1",
            "pwm": [
              [0.25011, 0.222189, 0.222189, 0.305512], 
              [0.471716, 0.0559847, 0.194488, 0.277811], 
              [0.416315, 0.000582549, 0.0836847, 0.499417], 
              [0.970331, 0.0282836, 0.000582549, 0.000802493], 
              [0.637922, 0.000582549, 0.000582549, 0.360913], 
              [0.0562046, 0.332992, 0.360693, 0.25011], 
              [0.000802493, 0.000582549, 0.000582549, 0.998032], 
              [0.776426, 0.000582549, 0.222189, 0.000802493], 
              [0.000802493, 0.000582549, 0.997812, 0.000802493], 
              [0.000802493, 0.000582549, 0.997812, 0.000802493], 
              [0.000802493, 0.000582549, 0.000582549, 0.998032], 
              [0.000802493, 0.997812, 0.000582549, 0.000802493], 
              [0.998032, 0.000582549, 0.000582549, 0.000802493], 
              [0.416315, 0.166788, 0.277591, 0.139307]
            ]
          }, {
            "db": 0,
            "id": "MA0090.2",
            "alt": "TEAD1",
            "len": 10,
            "nsites": 1133,
            "url": "http://jaspar2018.genereg.net/matrix/MA0090.2",
            "pwm": [
              [0.192419, 0.400689, 0.129751, 0.277141], 
              [0.572072, 0.0779537, 0.310201, 0.0397731], 
              [0.181052, 0.785602, 0.01795, 0.0153952], 
              [0.922519, 0.051359, 1.85597e-05, 0.0261033], 
              [2.5567e-05, 0.00874379, 0.00350825, 0.987722], 
              [0.227473, 0.0283421, 1.85597e-05, 0.744166], 
              [0.0244544, 0.953599, 0.00170341, 0.0202428], 
              [2.5567e-05, 0.794892, 0.000720498, 0.204362], 
              [0.429152, 0.0753399, 0.14237, 0.353138], 
              [0.247573, 0.305916, 0.122024, 0.324489]
            ]
          }, {
            "db": 0,
            "id": "MA0099.3",
            "alt": "FOS::JUN",
            "len": 10,
            "nsites": 1000,
            "url": "http://jaspar2018.genereg.net/matrix/MA0099.3",
            "pwm": [
              [0.59197, 0.11101, 0.256995, 0.040025], 
              [0.00302867, 0.00502053, 0.00202083, 0.98993], 
              [0.00702827, 0.00102093, 0.823939, 0.168012], 
              [0.819947, 0.131008, 0.00402063, 0.0450245], 
              [0.0780212, 0.180003, 0.687952, 0.0540236], 
              [0.00502847, 0.00202083, 0.00202083, 0.99093], 
              [0.030026, 0.962925, 0.00302073, 0.00402857], 
              [0.99193, 0.00202083, 0.00202083, 0.00402857], 
              [0.0240266, 0.31299, 0.0950115, 0.567972], 
              [0.277001, 0.396981, 0.164005, 0.162013]
            ]
          }, {
            "db": 0,
            "id": "MA0115.1",
            "alt": "NR1H2::RXRA",
            "len": 17,
            "nsites": 25,
            "url": "http://jaspar2018.genereg.net/matrix/MA0115.1",
            "pwm": [
              [0.678445, 0.200041, 0.000837849, 0.120676], 
              [0.678445, 0.0406785, 0.200041, 0.0808355], 
              [0.797967, 0.000837849, 0.200041, 0.00115418], 
              [0.00115418, 0.000837849, 0.996854, 0.00115418], 
              [0.00115418, 0.000837849, 0.957013, 0.0409948], 
              [0.00115418, 0.000837849, 0.000837849, 0.99717], 
              [0.00115418, 0.996854, 0.000837849, 0.00115418], 
              [0.99717, 0.000837849, 0.000837849, 0.00115418], 
              [0.957329, 0.000837849, 0.000837849, 0.0409948], 
              [0.99717, 0.000837849, 0.000837849, 0.00115418], 
              [0.00115418, 0.000837849, 0.996854, 0.00115418], 
              [0.00115418, 0.000837849, 0.996854, 0.00115418], 
              [0.00115418, 0.000837849, 0.000837849, 0.99717], 
              [0.00115418, 0.996854, 0.000837849, 0.00115418], 
              [0.99717, 0.000837849, 0.000837849, 0.00115418], 
              [0.797967, 0.0406785, 0.0805191, 0.0808355], 
              [0.00115418, 0.598447, 0.239882, 0.160517]
            ]
          }, {
            "db": 0,
            "id": "MA0141.3",
            "alt": "ESRRB",
            "len": 11,
            "nsites": 2302,
            "url": "http://jaspar2018.genereg.net/matrix/MA0141.3",
            "pwm": [
              [0.0469265, 0.162035, 0.0325877, 0.758451], 
              [0.00447439, 0.865614, 0.126429, 0.00348343], 
              [0.997113, 0.00058011, 9.13514e-06, 0.00229648], 
              [0.997683, 0.00058011, 0.00172306, 1.25842e-05], 
              [0.00172451, 0.00115109, 0.996541, 0.000583559], 
              [0.000582559, 0.00229004, 0.995405, 0.00172251], 
              [0.00340044, 0.00621987, 0.00452594, 0.985854], 
              [0.00114653, 0.989762, 0.000576111, 0.00851521], 
              [0.967284, 9.13514e-06, 0.0310328, 0.00167451], 
              [0.343274, 0.125187, 0.0205462, 0.510992], 
              [0.396329, 0.187859, 0.108251, 0.307559]
            ]
          }, {
            "db": 0,
            "id": "MA0148.3",
            "alt": "FOXA1",
            "len": 15,
            "nsites": 22008,
            "url": "http://jaspar2018.genereg.net/matrix/MA0148.3",
            "pwm": [
              [0.196656, 0.219329, 0.187386, 0.396628], 
              [0.211696, 0.311296, 0.214967, 0.262041], 
              [0.139132, 0.388858, 0.241458, 0.230553], 
              [0.3242, 0.196156, 0.16544, 0.314204], 
              [0.0031823, 9.55558e-07, 0.000545953, 0.996271], 
              [0.267312, 9.55558e-07, 0.732686, 1.31633e-06], 
              [1.31633e-06, 9.55558e-07, 9.55558e-07, 0.999997], 
              [1.31633e-06, 9.55558e-07, 0.0587067, 0.941291], 
              [1.31633e-06, 9.55558e-07, 0.129907, 0.87009], 
              [0.829333, 9.55558e-07, 0.170665, 1.31633e-06], 
              [1.31633e-06, 0.934021, 9.55558e-07, 0.065977], 
              [0.417711, 0.120638, 9.55558e-07, 0.461649], 
              [0.0375781, 0.331515, 0.0632507, 0.567656], 
              [0.486277, 4.59554e-05, 0.00286394, 0.510813], 
              [0.218421, 0.118275, 0.427798, 0.235505]
            ]
          }, {
            "db": 0,
            "id": "MA0150.2",
            "alt": "Nfe2l2",
            "len": 15,
            "nsites": 726,
            "url": "http://jaspar2018.genereg.net/matrix/MA0150.2",
            "pwm": [
              [0.228658, 0.46553, 0.150146, 0.155665], 
              [0.552306, 0.107452, 0.219007, 0.121235], 
              [0.162552, 0.329185, 0.378765, 0.129499], 
              [0.279615, 0.340202, 0.209366, 0.170815], 
              [0.672123, 0.0385907, 0.282359, 0.00692595], 
              [3.98981e-05, 2.8963e-05, 2.8963e-05, 0.999902], 
              [3.98981e-05, 2.8963e-05, 0.979233, 0.0206981], 
              [0.999902, 2.8963e-05, 2.8963e-05, 3.98981e-05], 
              [0.0275841, 0.734088, 0.162541, 0.0757875], 
              [0.115726, 0.0275732, 0.0220649, 0.834636], 
              [0.0895596, 0.756123, 0.0633812, 0.0909364], 
              [0.794696, 0.00416039, 0.123979, 0.0771643], 
              [0.013812, 0.0151789, 0.96133, 0.00968057], 
              [0.00554914, 0.962706, 0.0261964, 0.00554914], 
              [0.858049, 0.035837, 0.0427231, 0.0633922]
            ]
          }, {
            "db": 0,
            "id": "MA0157.2",
            "alt": "FOXO3",
            "len": 8,
            "nsites": 553,
            "url": "http://jaspar2018.genereg.net/matrix/MA0157.2",
            "pwm": [
              [0.0380205, 3.80221e-05, 0.961889, 5.23775e-05], 
              [5.23775e-05, 3.80221e-05, 0.0238867, 0.976023], 
              [0.960168, 0.0289138, 0.00906139, 0.00185705], 
              [0.997996, 0.00191368, 3.80221e-05, 5.23775e-05], 
              [0.981425, 0.0184847, 3.80221e-05, 5.23775e-05], 
              [0.0273204, 0.967136, 3.80221e-05, 0.00550639], 
              [0.979617, 0.0202924, 3.80221e-05, 5.23775e-05], 
              [0.546506, 0.0207243, 0.0620958, 0.370675]
            ]
          }, {
            "db": 0,
            "id": "MA0160.1",
            "alt": "NR4A2",
            "len": 8,
            "nsites": 13,
            "url": "http://jaspar2018.genereg.net/matrix/MA0160.1",
            "pwm": [
              [0.612899, 0.0779411, 0.230613, 0.0785473], 
              [0.923694, 0.00160534, 0.0724891, 0.00221145], 
              [0.00221145, 0.00160534, 0.923088, 0.0730952], 
              [0.214862, 0.00160534, 0.781322, 0.00221145], 
              [0.143978, 0.143372, 0.00160534, 0.711045], 
              [0.00221145, 0.923088, 0.00160534, 0.0730952], 
              [0.994578, 0.00160534, 0.00160534, 0.00221145], 
              [0.231219, 0.612293, 0.154277, 0.00221145]
            ]
          }, {
            "db": 0,
            "id": "MA0243.1",
            "alt": "sd",
            "len": 12,
            "nsites": 14,
            "url": "http://jaspar2018.genereg.net/matrix/MA0243.1",
            "pwm": [
              [0.214821, 0.00149149, 0.568868, 0.214821], 
              [0.569431, 0.0724139, 0.0724139, 0.285742], 
              [0.285742, 0.568868, 0.0724139, 0.072977], 
              [0.994962, 0.00149149, 0.00149149, 0.00205461], 
              [0.072977, 0.0724139, 0.00149149, 0.853119], 
              [0.214821, 0.00149149, 0.0724139, 0.711275], 
              [0.00205461, 0.568868, 0.00149149, 0.427586], 
              [0.214821, 0.356102, 0.214258, 0.214821], 
              [0.285742, 0.0724139, 0.143335, 0.498509], 
              [0.356665, 0.427023, 0.214258, 0.00205461], 
              [0.356665, 0.0724139, 0.497945, 0.072977], 
              [0.285742, 0.214258, 0.285179, 0.214821]
            ]
          }, {
            "db": 0,
            "id": "MA0272.1",
            "alt": "ARG81",
            "len": 8,
            "nsites": 198,
            "url": "http://jaspar2018.genereg.net/matrix/MA0272.1",
            "pwm": [
              [0.297976, 0.0606816, 0.419087, 0.222256], 
              [0.0367128, 0.000106159, 0.0244838, 0.938696], 
              [0.0773273, 0.000106159, 0.92242, 0.000146239], 
              [0.999641, 0.000106159, 0.000106159, 0.000146239], 
              [0.000146239, 0.995927, 0.000106159, 0.00382038], 
              [0.00620418, 0.000106159, 0.000106159, 0.993584], 
              [0.000146239, 0.999601, 0.000106159, 0.000146239], 
              [0.31719, 0.31715, 0.0216003, 0.344059]
            ]
          }, {
            "db": 0,
            "id": "MA0297.1",
            "alt": "FKH2",
            "len": 7,
            "nsites": 101,
            "url": "http://jaspar2018.genereg.net/matrix/MA0297.1",
            "pwm": [
              [0.128872, 0.000208012, 0.870633, 0.000286548], 
              [0.000286548, 0.000208012, 0.000208012, 0.999297], 
              [0.999297, 0.000208012, 0.000208012, 0.000286548], 
              [0.999297, 0.000208012, 0.000208012, 0.000286548], 
              [0.999297, 0.000208012, 0.000208012, 0.000286548], 
              [0.000286548, 0.999219, 0.000208012, 0.000286548], 
              [0.999297, 0.000208012, 0.000208012, 0.000286548]
            ]
          }, {
            "db": 0,
            "id": "MA0303.1",
            "alt": "GCN4",
            "len": 21,
            "nsites": 998,
            "url": "http://jaspar2018.genereg.net/matrix/MA0303.1",
            "pwm": [
              [0.218444, 0.295582, 0.245487, 0.240486], 
              [0.371735, 0.217434, 0.268531, 0.1423], 
              [0.362718, 0.213427, 0.150307, 0.273549], 
              [0.282566, 0.119247, 0.325639, 0.272547], 
              [0.275552, 0.177358, 0.316622, 0.230467], 
              [0.169181, 0.140147, 0.365349, 0.325321], 
              [0.536047, 0.0350876, 0.413808, 0.0150575], 
              [0.0110499, 0.00803627, 0.00603247, 0.974881], 
              [0.00203282, 0.00503057, 0.935799, 0.0571373], 
              [0.969872, 0.0130458, 0.00402867, 0.0130537], 
              [0.00203282, 0.433846, 0.563091, 0.00103092], 
              [0.0130537, 0.00402867, 0.0130458, 0.969872], 
              [0.0571373, 0.935799, 0.00503057, 0.00203282], 
              [0.974881, 0.00603247, 0.00803627, 0.0110499], 
              [0.0150575, 0.413808, 0.0350876, 0.536047], 
              [0.376367, 0.290282, 0.131139, 0.202211], 
              [0.207215, 0.35434, 0.194196, 0.244249], 
              [0.28457, 0.216432, 0.202406, 0.296592], 
              [0.226459, 0.234467, 0.177358, 0.361716], 
              [0.254513, 0.329647, 0.232463, 0.183378], 
              [0.33767, 0.169343, 0.195392, 0.297594]
            ]
          }, {
            "db": 0,
            "id": "MA0317.1",
            "alt": "HCM1",
            "len": 8,
            "nsites": 100,
            "url": "http://jaspar2018.genereg.net/matrix/MA0317.1",
            "pwm": [
              [0.50978, 0.16005, 0.24996, 0.0802095], 
              [0.27002, 0.0801302, 0.0401701, 0.60968], 
              [0.662993, 0.316726, 0.0101012, 0.0101805], 
              [0.94934, 0.0501601, 0.00021009, 0.000289411], 
              [0.99929, 0.00021009, 0.00021009, 0.000289411], 
              [0.0102794, 0.859351, 0.00021009, 0.13016], 
              [0.939944, 0.0199923, 0.0199923, 0.0200716], 
              [0.575472, 0.171756, 0.11121, 0.141562]
            ]
          }, {
            "db": 0,
            "id": "MA0332.1",
            "alt": "MET28",
            "len": 6,
            "nsites": 203,
            "url": "http://jaspar2018.genereg.net/matrix/MA0332.1",
            "pwm": [
              [0.000142639, 0.999611, 0.000103545, 0.000142639], 
              [0.000142639, 0.000103545, 0.000103545, 0.99965], 
              [0.000142639, 0.000103545, 0.999611, 0.000142639], 
              [0.000142639, 0.000103545, 0.000103545, 0.99965], 
              [0.000142639, 0.000103545, 0.999611, 0.000142639], 
              [0.000142639, 0.000103545, 0.999611, 0.000142639]
            ]
          }, {
            "db": 0,
            "id": "MA0446.1",
            "alt": "fkh",
            "len": 11,
            "nsites": 27,
            "url": "http://jaspar2018.genereg.net/matrix/MA0446.1",
            "pwm": [
              [0.11177, 0.000776015, 0.000776015, 0.886678], 
              [0.185571, 0.000776015, 0.812584, 0.001069], 
              [0.001069, 0.000776015, 0.000776015, 0.997379], 
              [0.001069, 0.000776015, 0.000776015, 0.997379], 
              [0.001069, 0.000776015, 0.0376763, 0.960479], 
              [0.480773, 0.000776015, 0.517382, 0.001069], 
              [0.14867, 0.48048, 0.0745767, 0.296272], 
              [0.222471, 0.259078, 0.111477, 0.406973], 
              [0.001069, 0.40668, 0.0745767, 0.517675], 
              [0.849778, 0.000776015, 0.0376763, 0.11177], 
              [0.554575, 0.148377, 0.148377, 0.14867]
            ]
          }, {
            "db": 0,
            "id": "MA0458.1",
            "alt": "slp1",
            "len": 11,
            "nsites": 41,
            "url": "http://jaspar2018.genereg.net/matrix/MA0458.1",
            "pwm": [
              [0.195352, 0.0735046, 0.341144, 0.389999], 
              [0.000704866, 0.000511679, 0.000511679, 0.998272], 
              [0.0736978, 0.000511679, 0.925086, 0.000704866], 
              [0.000704866, 0.000511679, 0.000511679, 0.998272], 
              [0.000704866, 0.000511679, 0.0248423, 0.973941], 
              [0.000704866, 0.000511679, 0.049173, 0.94961], 
              [0.65764, 0.000511679, 0.0978353, 0.244013], 
              [0.0250355, 0.535791, 0.170828, 0.268345], 
              [0.41433, 0.195159, 0.365476, 0.0250355], 
              [0.0980285, 0.316813, 0.0735046, 0.511654], 
              [0.365669, 0.0735046, 0.0978353, 0.462992]
            ]
          }, {
            "db": 0,
            "id": "MA0462.1",
            "alt": "BATF::JUN",
            "len": 11,
            "nsites": 10522,
            "url": "http://jaspar2018.genereg.net/matrix/MA0462.1",
            "pwm": [
              [0.29291, 0.0457156, 0.488117, 0.173257], 
              [0.454474, 0.0525585, 0.274567, 0.218401], 
              [0.42948, 0.0161588, 0.210891, 0.34347], 
              [0.784827, 0.140469, 1.99865e-06, 0.074703], 
              [2.75325e-06, 1.99865e-06, 1.99865e-06, 0.999993], 
              [2.75325e-06, 1.99865e-06, 0.985927, 0.0140686], 
              [0.999993, 1.99865e-06, 1.99865e-06, 2.75325e-06], 
              [0.0556952, 0.477663, 0.466639, 2.75325e-06], 
              [2.75325e-06, 1.99865e-06, 1.99865e-06, 0.999993], 
              [0.122697, 0.816379, 0.0609214, 2.75325e-06], 
              [0.975473, 1.99865e-06, 1.99865e-06, 0.0245225]
            ]
          }, {
            "db": 0,
            "id": "MA0476.1",
            "alt": "FOS",
            "len": 11,
            "nsites": 29396,
            "url": "http://jaspar2018.genereg.net/matrix/MA0476.1",
            "pwm": [
              [0.26803, 0.0242216, 0.329501, 0.378249], 
              [0.254286, 0.346204, 0.368791, 0.0307189], 
              [9.85505e-07, 7.15401e-07, 7.15401e-07, 0.999998], 
              [9.85505e-07, 7.15401e-07, 0.922164, 0.0778347], 
              [0.999998, 7.15401e-07, 7.15401e-07, 9.85505e-07], 
              [0.0339509, 0.478942, 0.381207, 0.1059], 
              [9.85505e-07, 7.15401e-07, 7.15401e-07, 0.999998], 
              [9.85505e-07, 0.999997, 7.15401e-07, 9.85505e-07], 
              [0.999998, 7.15401e-07, 7.15401e-07, 9.85505e-07], 
              [0.00877796, 0.198088, 0.0523205, 0.740813], 
              [0.136278, 0.280174, 0.268642, 0.314907]
            ]
          }, {
            "db": 0,
            "id": "MA0477.1",
            "alt": "FOSL1",
            "len": 11,
            "nsites": 5272,
            "url": "http://jaspar2018.genereg.net/matrix/MA0477.1",
            "pwm": [
              [0.339718, 0.0225756, 0.452195, 0.18551], 
              [0.29742, 0.0828934, 0.589712, 0.0299749], 
              [5.49496e-06, 3.98892e-06, 3.98892e-06, 0.999987], 
              [5.49496e-06, 3.98892e-06, 0.999985, 5.49496e-06], 
              [0.999987, 3.98892e-06, 3.98892e-06, 5.49496e-06], 
              [0.023525, 0.591799, 0.384671, 5.49496e-06], 
              [5.49496e-06, 3.98892e-06, 3.98892e-06, 0.999987], 
              [0.0335789, 0.966412, 3.98892e-06, 5.49496e-06], 
              [0.999987, 3.98892e-06, 3.98892e-06, 5.49496e-06], 
              [0.00702336, 0.153833, 0.328905, 0.510239], 
              [0.224584, 0.319421, 0.35565, 0.100345]
            ]
          }, {
            "db": 0,
            "id": "MA0478.1",
            "alt": "FOSL2",
            "len": 11,
            "nsites": 5318,
            "url": "http://jaspar2018.genereg.net/matrix/MA0478.1",
            "pwm": [
              [0.156641, 0.186912, 0.39225, 0.264197], 
              [0.286762, 0.111322, 0.50902, 0.0928957], 
              [0.537979, 0.0103458, 0.437755, 0.0139202], 
              [5.44743e-06, 3.95442e-06, 3.95442e-06, 0.999987], 
              [5.44743e-06, 3.95442e-06, 0.999985, 5.44743e-06], 
              [0.954294, 0.00959377, 0.0361073, 5.44743e-06], 
              [5.44743e-06, 0.617893, 0.345616, 0.0364848], 
              [5.44743e-06, 3.95442e-06, 3.95442e-06, 0.999987], 
              [0.0385527, 0.961438, 3.95442e-06, 5.44743e-06], 
              [0.999987, 3.95442e-06, 3.95442e-06, 5.44743e-06], 
              [5.44743e-06, 0.263068, 0.36348, 0.373447]
            ]
          }, {
            "db": 0,
            "id": "MA0482.1",
            "alt": "Gata4",
            "len": 11,
            "nsites": 2746,
            "url": "http://jaspar2018.genereg.net/matrix/MA0482.1",
            "pwm": [
              [0.00365242, 0.378363, 0.136201, 0.481785], 
              [1.05495e-05, 0.788399, 0.111439, 0.100153], 
              [1.05495e-05, 0.0324175, 7.65814e-06, 0.967564], 
              [1.05495e-05, 7.65814e-06, 7.65814e-06, 0.999974], 
              [0.985773, 0.0142091, 7.65814e-06, 1.05495e-05], 
              [1.05495e-05, 7.65814e-06, 7.65814e-06, 0.999974], 
              [1.05495e-05, 0.999971, 7.65814e-06, 1.05495e-05], 
              [0.199202, 7.65814e-06, 7.65814e-06, 0.800782], 
              [1.05495e-05, 0.451557, 0.342311, 0.206121], 
              [0.218867, 0.365617, 0.0571796, 0.358337], 
              [0.140573, 0.338305, 0.24836, 0.272761]
            ]
          }, {
            "db": 0,
            "id": "MA0488.1",
            "alt": "JUN",
            "len": 13,
            "nsites": 20968,
            "url": "http://jaspar2018.genereg.net/matrix/MA0488.1",
            "pwm": [
              [0.388258, 0.133155, 0.233403, 0.245183], 
              [0.339374, 0.140118, 0.237743, 0.282764], 
              [0.309805, 0.0907576, 0.46175, 0.137687], 
              [0.788151, 0.0347678, 0.177079, 1.38162e-06], 
              [1.38162e-06, 1.00295e-06, 1.00295e-06, 0.999997], 
              [1.38162e-06, 1.00295e-06, 0.994321, 0.00567635], 
              [0.999949, 1.00295e-06, 1.00295e-06, 4.93814e-05], 
              [1.38162e-06, 0.163964, 0.215185, 0.620849], 
              [1.38162e-06, 0.0289979, 0.970999, 1.38162e-06], 
              [0.0447362, 0.168399, 1.00295e-06, 0.786864], 
              [0.329264, 0.670734, 1.00295e-06, 1.38162e-06], 
              [0.999997, 1.00295e-06, 1.00295e-06, 1.38162e-06], 
              [0.00968234, 0.17665, 0.0484558, 0.765212]
            ]
          }, {
            "db": 0,
            "id": "MA0489.1",
            "alt": "JUN(var.2)",
            "len": 14,
            "nsites": 10956,
            "url": "http://jaspar2018.genereg.net/matrix/MA0489.1",
            "pwm": [
              [0.442861, 0.114094, 0.257211, 0.185835], 
              [0.358433, 0.120848, 0.375135, 0.145583], 
              [0.340088, 0.102867, 0.395215, 0.16183], 
              [0.40124, 0.102411, 0.315899, 0.18045], 
              [0.378422, 0.0541274, 0.384536, 0.182914], 
              [0.541254, 0.0906361, 0.368108, 2.64419e-06], 
              [2.64419e-06, 1.91948e-06, 1.91948e-06, 0.999994], 
              [2.64419e-06, 1.91948e-06, 0.999993, 2.64419e-06], 
              [0.99972, 1.91948e-06, 1.91948e-06, 0.000276642], 
              [0.0348693, 0.520625, 0.37331, 0.071196], 
              [0.0181665, 1.91948e-06, 1.91948e-06, 0.98183], 
              [0.0872598, 0.912736, 1.91948e-06, 2.64419e-06], 
              [0.999994, 1.91948e-06, 1.91948e-06, 2.64419e-06], 
              [0.0343213, 0.229007, 0.24142, 0.495252]
            ]
          }, {
            "db": 0,
            "id": "MA0490.1",
            "alt": "JUNB",
            "len": 11,
            "nsites": 16992,
            "url": "http://jaspar2018.genereg.net/matrix/MA0490.1",
            "pwm": [
              [0.212159, 0.198093, 0.352106, 0.237641], 
              [0.297493, 0.0622069, 0.495937, 0.144363], 
              [0.493408, 0.034252, 0.472338, 1.70491e-06], 
              [1.70491e-06, 1.23763e-06, 1.23763e-06, 0.999996], 
              [1.70491e-06, 1.23763e-06, 0.999995, 1.70491e-06], 
