<!DOCTYPE HTML>
<html>
  <head>
    <meta charset="UTF-8">
    <title>TOMTOM</title>
    <script>
      // @JSON_VAR data
      var data = {
        "program": "Tomtom",
        "version": "4.12.0",
        "release": "Tue Jun 27 16:22:50 2017 -0700",
        "cmd": [
          "tomtom", "-verbosity", "1", "-oc",
          "results/AHRpeaks_noAHREs.bed-399.fa/hocomoco/meme_tomtom_out",
          "-min-overlap", "5", "-dist", "pearson", "-evalue", "-thresh", "1",
          "-no-ssc", "-bfile",
          "results/AHRpeaks_noAHREs.bed-399.fa/hocomoco/background",
          "results/AHRpeaks_noAHREs.bed-399.fa/hocomoco/meme_out/meme.xml",
          "/Users/filipov4/meme/db/motif_databases/HUMAN/HOCOMOCOv11_full_HUMAN_mono_meme_format.meme"
        ],
        "options": {
          "strands": "both",
          "distance_measure": "pearson",
          "threshold_type": "evalue",
          "threshold_value": 1,
          "background_source": "file",
          "background_file": "results/AHRpeaks_noAHREs.bed-399.fa/hocomoco/background"
        },
        "alphabet": {
          "name": "DNA",
          "like": "dna",
          "ncore": 4,
          "symbols": [
            {
              "symbol": "A",
              "name": "Adenine",
              "colour": "CC0000",
              "complement": "T"
            }, {
              "symbol": "C",
              "name": "Cytosine",
              "colour": "0000CC",
              "complement": "G"
            }, {
              "symbol": "G",
              "name": "Guanine",
              "colour": "FFB300",
              "complement": "C"
            }, {
              "symbol": "T",
              "aliases": "U",
              "name": "Thymine",
              "colour": "008000",
              "complement": "A"
            }, {
              "symbol": "N",
              "aliases": "X.",
              "name": "Any base",
              "equals": "ACGT"
            }, {
              "symbol": "V",
              "name": "Not T",
              "equals": "ACG"
            }, {
              "symbol": "H",
              "name": "Not G",
              "equals": "ACT"
            }, {
              "symbol": "D",
              "name": "Not C",
              "equals": "AGT"
            }, {
              "symbol": "B",
              "name": "Not A",
              "equals": "CGT"
            }, {
              "symbol": "M",
              "name": "Amino",
              "equals": "AC"
            }, {
              "symbol": "R",
              "name": "Purine",
              "equals": "AG"
            }, {
              "symbol": "W",
              "name": "Weak",
              "equals": "AT"
            }, {
              "symbol": "S",
              "name": "Strong",
              "equals": "CG"
            }, {
              "symbol": "Y",
              "name": "Pyrimidine",
              "equals": "CT"
            }, {
              "symbol": "K",
              "name": "Keto",
              "equals": "GT"
            }
          ]
        },
        "background": [0.2906, 0.2094, 0.2094, 0.2906],
        "query_dbs": [
          {
            "source": "results/AHRpeaks_noAHREs.bed-399.fa/hocomoco/meme_out/meme.xml",
            "name": "meme",
            "loaded": 7,
            "excluded": 0,
            "last_modified": "Thu May 24 12:59:52 2018"
          }
        ],
        "target_dbs": [
          {
            "source": "/Users/filipov4/meme/db/motif_databases/HUMAN/HOCOMOCOv11_full_HUMAN_mono_meme_format.meme",
            "name": "HOCOMOCOv11 full HUMAN mono meme format",
            "loaded": 771,
            "excluded": 0,
            "last_modified": "Wed Dec  6 21:59:30 2017"
          }
        ],
        "queries": [
          {
            "db": 0,
            "id": "AAAAYTCTAGAAGATARCATYRGAAAAMCC",
            "alt": "MEME-7",
            "len": 30,
            "nsites": 6,
            "evalue": "3.3e-013",
            "pwm": [
              [0.98837, 0.00343279, 0.00343279, 0.00476393], 
              [0.98837, 0.00343279, 0.00343279, 0.00476393], 
              [0.98837, 0.00343279, 0.00343279, 0.00476393], 
              [0.98837, 0.00343279, 0.00343279, 0.00476393], 
              [0.00476393, 0.331301, 0.00343279, 0.660502], 
              [0.00476393, 0.167368, 0.00343279, 0.824436], 
              [0.00476393, 0.987039, 0.00343279, 0.00476393], 
              [0.00476393, 0.167368, 0.00343279, 0.824436], 
              [0.824436, 0.00343279, 0.167368, 0.00476393], 
              [0.00476393, 0.00343279, 0.823105, 0.168699], 
              [0.98837, 0.00343279, 0.00343279, 0.00476393], 
              [0.98837, 0.00343279, 0.00343279, 0.00476393], 
              [0.00476393, 0.00343279, 0.987039, 0.00476393], 
              [0.98837, 0.00343279, 0.00343279, 0.00476393], 
              [0.00476393, 0.00343279, 0.00343279, 0.98837], 
              [0.98837, 0.00343279, 0.00343279, 0.00476393], 
              [0.660502, 0.00343279, 0.331301, 0.00476393], 
              [0.00476393, 0.987039, 0.00343279, 0.00476393], 
              [0.824436, 0.167368, 0.00343279, 0.00476393], 
              [0.00476393, 0.00343279, 0.00343279, 0.98837], 
              [0.168699, 0.495236, 0.00343279, 0.332632], 
              [0.496567, 0.00343279, 0.495236, 0.00476393], 
              [0.168699, 0.00343279, 0.823105, 0.00476393], 
              [0.98837, 0.00343279, 0.00343279, 0.00476393], 
              [0.824436, 0.00343279, 0.167368, 0.00476393], 
              [0.98837, 0.00343279, 0.00343279, 0.00476393], 
              [0.824436, 0.00343279, 0.00343279, 0.168699], 
              [0.660502, 0.331301, 0.00343279, 0.00476393], 
              [0.00476393, 0.987039, 0.00343279, 0.00476393], 
              [0.00476393, 0.987039, 0.00343279, 0.00476393]
            ]
          }, {
            "db": 0,
            "id": "CAWGACCAAGARYYCAAARGCA",
            "alt": "MEME-5",
            "len": 22,
            "nsites": 12,
            "evalue": "3.3e-013",
            "pwm": [
              [0.00240165, 0.993466, 0.00173058, 0.00240165], 
              [0.746203, 0.249664, 0.00173058, 0.00240165], 
              [0.33298, 0.00173058, 0.00173058, 0.663559], 
              [0.0850459, 0.0843749, 0.828177, 0.00240165], 
              [0.911493, 0.0843749, 0.00173058, 0.00240165], 
              [0.00240165, 0.745532, 0.16702, 0.0850459], 
              [0.0850459, 0.910822, 0.00173058, 0.00240165], 
              [0.911493, 0.0843749, 0.00173058, 0.00240165], 
              [0.828848, 0.0843749, 0.0843749, 0.00240165], 
              [0.167691, 0.00173058, 0.745532, 0.0850459], 
              [0.828848, 0.00173058, 0.00173058, 0.167691], 
              [0.415625, 0.0843749, 0.497598, 0.00240165], 
              [0.00240165, 0.497598, 0.00173058, 0.498269], 
              [0.00240165, 0.580243, 0.0843749, 0.33298], 
              [0.00240165, 0.993466, 0.00173058, 0.00240165], 
              [0.828848, 0.00173058, 0.00173058, 0.167691], 
              [0.828848, 0.00173058, 0.16702, 0.00240165], 
              [0.911493, 0.00173058, 0.0843749, 0.00240165], 
              [0.580914, 0.00173058, 0.414954, 0.00240165], 
              [0.00240165, 0.0843749, 0.828177, 0.0850459], 
              [0.00240165, 0.910822, 0.0843749, 0.00240165], 
              [0.828848, 0.00173058, 0.00173058, 0.167691]
            ]
          }, {
            "db": 0,
            "id": "CCCYCAGGC",
            "alt": "MEME-6",
            "len": 9,
            "nsites": 52,
            "evalue": "6.7e-009",
            "pwm": [
              [0.000557773, 0.614606, 0.28831, 0.0965272], 
              [0.000557773, 0.998483, 0.00040192, 0.000557773], 
              [0.000557773, 0.998483, 0.00040192, 0.000557773], 
              [0.000557773, 0.422667, 0.00040192, 0.576373], 
              [0.192497, 0.595412, 0.211534, 0.000557773], 
              [0.998638, 0.00040192, 0.00040192, 0.000557773], 
              [0.000557773, 0.019596, 0.979288, 0.000557773], 
              [0.000557773, 0.173147, 0.825738, 0.000557773], 
              [0.000557773, 0.787351, 0.211534, 0.000557773]
            ]
          }, {
            "db": 0,
            "id": "MANAAARRYAAACADA",
            "alt": "MEME-1",
            "len": 16,
            "nsites": 130,
            "evalue": "2.8e-040",
            "pwm": [
              [0.407602, 0.330676, 0.092398, 0.169324], 
              [0.622821, 0.123143, 0.0616517, 0.192384], 
              [0.369171, 0.192321, 0.207693, 0.230815], 
              [0.56133, 0.176948, 0.200007, 0.0617141], 
              [0.914905, 0.0847109, 0.000160953, 0.000223367], 
              [0.776549, 0.0462795, 0.161575, 0.0155965], 
              [0.653567, 0.000160953, 0.346049, 0.000223367], 
              [0.576703, 0.0385934, 0.38448, 0.000223367], 
              [0.230815, 0.261498, 0.000160953, 0.507525], 
              [0.999455, 0.000160953, 0.000160953, 0.000223367], 
              [0.999455, 0.000160953, 0.000160953, 0.000223367], 
              [0.999455, 0.000160953, 0.000160953, 0.000223367], 
              [0.0770872, 0.607386, 0.0462795, 0.269247], 
              [0.937964, 0.0309063, 0.0309063, 0.000223367], 
              [0.315366, 0.123143, 0.346049, 0.215443], 
              [0.484466, 0.115457, 0.184634, 0.215443]
            ]
          }, {
            "db": 0,
            "id": "SBKGTGKGKGTGTGTGKGTGTG",
            "alt": "MEME-3",
            "len": 22,
            "nsites": 22,
            "evalue": "9.4e-015",
            "pwm": [
              [0.00131493, 0.453436, 0.408187, 0.137062], 
              [0.0465643, 0.31769, 0.408187, 0.22756], 
              [0.00131493, 0.136694, 0.362938, 0.499052], 
              [0.0465643, 0.0914452, 0.815427, 0.0465643], 
              [0.0918126, 0.0914452, 0.0461968, 0.770545], 
              [0.00131493, 0.000947512, 0.996423, 0.00131493], 
              [0.00131493, 0.0914452, 0.362938, 0.544302], 
              [0.18231, 0.000947512, 0.770178, 0.0465643], 
              [0.0918126, 0.181943, 0.31769, 0.408555], 
              [0.0918126, 0.181943, 0.543934, 0.18231], 
              [0.00131493, 0.000947512, 0.227192, 0.770545], 
              [0.00131493, 0.0461968, 0.951173, 0.00131493], 
              [0.18231, 0.000947512, 0.000947512, 0.815795], 
              [0.00131493, 0.000947512, 0.860676, 0.137062], 
              [0.18231, 0.0914452, 0.136694, 0.58955], 
              [0.22756, 0.000947512, 0.770178, 0.00131493], 
              [0.0465643, 0.000947512, 0.31769, 0.634799], 
              [0.00131493, 0.0914452, 0.860676, 0.0465643], 
              [0.18231, 0.0461968, 0.136694, 0.634799], 
              [0.0465643, 0.136694, 0.67968, 0.137062], 
              [0.00131493, 0.0914452, 0.0914452, 0.815795], 
              [0.00131493, 0.0461968, 0.905925, 0.0465643]
            ]
          }, {
            "db": 0,
            "id": "TSTRGTCAGACYGGTTCTCTGCTCTTGAAC",
            "alt": "MEME-4",
            "len": 30,
            "nsites": 5,
            "evalue": "4.3e-017",
            "pwm": [
              [0.00569804, 0.00410588, 0.00410588, 0.98609], 
              [0.00569804, 0.396263, 0.592341, 0.00569804], 
              [0.00569804, 0.00410588, 0.00410588, 0.98609], 
              [0.397855, 0.00410588, 0.592341, 0.00569804], 
              [0.00569804, 0.00410588, 0.984498, 0.00569804], 
              [0.00569804, 0.00410588, 0.00410588, 0.98609], 
              [0.00569804, 0.984498, 0.00410588, 0.00569804], 
              [0.98609, 0.00410588, 0.00410588, 0.00569804], 
              [0.00569804, 0.00410588, 0.984498, 0.00569804], 
              [0.98609, 0.00410588, 0.00410588, 0.00569804], 
              [0.00569804, 0.984498, 0.00410588, 0.00569804], 
              [0.00569804, 0.396263, 0.00410588, 0.593933], 
              [0.00569804, 0.00410588, 0.984498, 0.00569804], 
              [0.00569804, 0.00410588, 0.984498, 0.00569804], 
              [0.00569804, 0.00410588, 0.00410588, 0.98609], 
              [0.00569804, 0.00410588, 0.00410588, 0.98609], 
              [0.00569804, 0.78842, 0.200184, 0.00569804], 
              [0.00569804, 0.00410588, 0.00410588, 0.98609], 
              [0.00569804, 0.984498, 0.00410588, 0.00569804], 
              [0.00569804, 0.00410588, 0.00410588, 0.98609], 
              [0.00569804, 0.00410588, 0.984498, 0.00569804], 
              [0.00569804, 0.984498, 0.00410588, 0.00569804], 
              [0.00569804, 0.00410588, 0.00410588, 0.98609], 
              [0.00569804, 0.984498, 0.00410588, 0.00569804], 
              [0.00569804, 0.00410588, 0.00410588, 0.98609], 
              [0.00569804, 0.200184, 0.00410588, 0.790012], 
              [0.201776, 0.00410588, 0.78842, 0.00569804], 
              [0.98609, 0.00410588, 0.00410588, 0.00569804], 
              [0.98609, 0.00410588, 0.00410588, 0.00569804], 
              [0.00569804, 0.984498, 0.00410588, 0.00569804]
            ]
          }, {
            "db": 0,
            "id": "TWTTGYCKTGMWAAASMTCTTW",
            "alt": "MEME-2",
            "len": 22,
            "nsites": 14,
            "evalue": "6.7e-018",
            "pwm": [
              [0.00206099, 0.0724075, 0.00148511, 0.924046], 
              [0.356671, 0.00148511, 0.00148511, 0.640359], 
              [0.00206099, 0.00148511, 0.00148511, 0.994969], 
              [0.143905, 0.00148511, 0.00148511, 0.853125], 
              [0.00206099, 0.00148511, 0.994393, 0.00206099], 
              [0.00206099, 0.497939, 0.00148511, 0.498515], 
              [0.00206099, 0.710705, 0.00148511, 0.285749], 
              [0.0729834, 0.00148511, 0.427017, 0.498515], 
              [0.0729834, 0.00148511, 0.00148511, 0.924046], 
              [0.00206099, 0.00148511, 0.994393, 0.00206099], 
              [0.427592, 0.568861, 0.00148511, 0.00206099], 
              [0.640359, 0.00148511, 0.00148511, 0.356671], 
              [0.711281, 0.00148511, 0.285173, 0.00206099], 
              [0.924046, 0.0724075, 0.00148511, 0.00206099], 
              [0.853125, 0.0724075, 0.0724075, 0.00206099], 
              [0.0729834, 0.497939, 0.427017, 0.00206099], 
              [0.356671, 0.427017, 0.0724075, 0.143905], 
              [0.00206099, 0.0724075, 0.00148511, 0.924046], 
              [0.00206099, 0.710705, 0.00148511, 0.285749], 
              [0.00206099, 0.00148511, 0.00148511, 0.994969], 
              [0.00206099, 0.00148511, 0.00148511, 0.994969], 
              [0.498515, 0.00148511, 0.00148511, 0.498515]
            ]
          }
        ],
        "targets": [
          {
            "db": 0,
            "id": "AP2A_HUMAN.H11MO.0.A",
            "len": 15,
            "nsites": 500,
            "evalue": "1.0e+000",
            "url": "http://hocomoco.autosome.ru/motif/AP2A_HUMAN.H11MO.0.A",
            "pwm": [
              [0.416132, 0.185369, 0.19313, 0.20537], 
              [0.231129, 0.0911442, 0.134684, 0.543042], 
              [0.176784, 0.0944217, 0.470174, 0.25862], 
              [0.0108894, 0.520543, 0.431405, 0.037163], 
              [5.81084e-05, 0.999842, 4.18716e-05, 5.81084e-05], 
              [5.81084e-05, 0.900835, 4.18716e-05, 0.0990652], 
              [0.0509864, 0.111325, 0.012824, 0.824865], 
              [0.0018963, 4.18716e-05, 0.796449, 0.201613], 
              [0.535285, 0.0386217, 0.409196, 0.0168973], 
              [0.142189, 4.18716e-05, 0.855957, 0.00181283], 
              [5.81084e-05, 4.18716e-05, 0.999842, 5.81084e-05], 
              [0.0479133, 0.55605, 0.379963, 0.0160739], 
              [0.308251, 0.381602, 0.0917633, 0.218385], 
              [0.512997, 0.093444, 0.204259, 0.1893], 
              [0.238531, 0.148905, 0.208398, 0.404167]
            ]
          }, {
            "db": 0,
            "id": "AP2B_HUMAN.H11MO.0.B",
            "len": 10,
            "nsites": 28,
            "evalue": "1.0e+000",
            "url": "http://hocomoco.autosome.ru/motif/AP2B_HUMAN.H11MO.0.B",
            "pwm": [
              [0.0404192, 0.000745196, 0.780569, 0.178267], 
              [0.00103416, 0.64666, 0.244932, 0.107374], 
              [0.00103416, 0.96174, 0.000745196, 0.0364807], 
              [0.115251, 0.571828, 0.000745196, 0.312176], 
              [0.0758657, 0.0361917, 0.886908, 0.00103416], 
              [0.32793, 0.315825, 0.35521, 0.00103416], 
              [0.0719272, 0.0361917, 0.851462, 0.0404192], 
              [0.00103416, 0.000745196, 0.997186, 0.00103416], 
              [0.191067, 0.123823, 0.675214, 0.0098958], 
              [0.222575, 0.446781, 0.253794, 0.0768503]
            ]
          }, {
            "db": 0,
            "id": "AP2C_HUMAN.H11MO.0.A",
            "len": 14,
            "nsites": 500,
            "evalue": "1.0e+000",
            "url": "http://hocomoco.autosome.ru/motif/AP2C_HUMAN.H11MO.0.A",
            "pwm": [
              [0.387209, 0.201032, 0.269555, 0.142205], 
              [0.196094, 0.123616, 0.166409, 0.513882], 
              [0.184618, 0.099794, 0.518368, 0.19722], 
              [0.009591, 0.50698, 0.47184, 0.0115888], 
              [0.00386096, 0.988128, 0.00795338, 5.81084e-05], 
              [0.00192596, 0.951674, 0.00238625, 0.0440135], 
              [0.0500633, 0.131882, 0.0254139, 0.792641], 
              [0.0354153, 4.18716e-05, 0.917067, 0.0474756], 
              [0.554984, 0.0254355, 0.415796, 0.00378402], 
              [0.073484, 4.18716e-05, 0.924446, 0.00202852], 
              [5.81084e-05, 4.18716e-05, 0.997959, 0.00194121], 
              [0.0289839, 0.618166, 0.340991, 0.0118597], 
              [0.313921, 0.351511, 0.0971747, 0.237393], 
              [0.428248, 0.170528, 0.241662, 0.159562]
            ]
          }, {
            "db": 0,
            "id": "AP2D_HUMAN.H11MO.0.D",
            "len": 14,
            "nsites": 5,
            "evalue": "1.0e+000",
            "url": "http://hocomoco.autosome.ru/motif/AP2D_HUMAN.H11MO.0.D",
            "pwm": [
              [0.233696, 0.482902, 0.232104, 0.0512977], 
              [0.00569804, 0.00410588, 0.984498, 0.00569804], 
              [0.00569804, 0.619701, 0.186504, 0.188097], 
              [0.00569804, 0.984498, 0.00410588, 0.00569804], 
              [0.00569804, 0.596901, 0.00410588, 0.393295], 
              [0.00569804, 0.00410588, 0.984498, 0.00569804], 
              [0.393295, 0.232104, 0.368903, 0.00569804], 
              [0.00569804, 0.00410588, 0.984498, 0.00569804], 
              [0.00569804, 0.00410588, 0.984498, 0.00569804], 
              [0.00569804, 0.802099, 0.186504, 0.00569804], 
              [0.188097, 0.232104, 0.391703, 0.188097], 
              [0.00569804, 0.802099, 0.186504, 0.00569804], 
              [0.00569804, 0.186504, 0.802099, 0.00569804], 
              [0.0512977, 0.232104, 0.0497055, 0.666893]
            ]
          }, {
            "db": 0,
            "id": "CPEB1_HUMAN.H11MO.0.D",
            "len": 17,
            "nsites": 1803,
            "evalue": "1.0e+000",
            "url": "http://hocomoco.autosome.ru/motif/CPEB1_HUMAN.H11MO.0.D",
            "pwm": [
              [0.163623, 0.21797, 0.0893023, 0.529105], 
              [0.000570717, 0.000566214, 0.000566214, 0.998297], 
              [0.00473022, 0.00361652, 0.000288914, 0.991364], 
              [0.000709367, 0.00181406, 0.000150263, 0.997326], 
              [1.61167e-05, 0.00167541, 1.16133e-05, 0.998297], 
              [0.996633, 0.000566214, 0.00223001, 0.000570717], 
              [0.00223452, 0.0543625, 0.00333922, 0.940064], 
              [0.128129, 0.235717, 0.0282962, 0.607858], 
              [0.181925, 0.250691, 0.0732189, 0.494165], 
              [0.0926344, 0.223516, 0.0482618, 0.635588], 
              [0.0809878, 0.184139, 0.0343968, 0.700476], 
              [0.065459, 0.135889, 0.0260778, 0.772574], 
              [0.100399, 0.118142, 0.016095, 0.765365], 
              [0.181232, 0.0991464, 0.0115196, 0.708102], 
              [0.224075, 0.116478, 0.0233048, 0.636143], 
              [0.240297, 0.168749, 0.0345355, 0.556419], 
              [0.223659, 0.210344, 0.0700299, 0.495968]
            ]
          }, {
            "db": 0,
            "id": "CRX_HUMAN.H11MO.0.B",
            "len": 13,
            "nsites": 500,
            "evalue": "1.0e+000",
            "url": "http://hocomoco.autosome.ru/motif/CRX_HUMAN.H11MO.0.B",
            "pwm": [
              [0.248009, 0.164009, 0.152011, 0.435971], 
              [0.533951, 0.104021, 0.261989, 0.100038], 
              [0.573943, 0.0460327, 0.275987, 0.104037], 
              [0.172024, 0.0920235, 0.565929, 0.170024], 
              [0.497959, 0.164009, 0.261989, 0.0760429], 
              [0.19202, 0.00604067, 0.775887, 0.0260529], 
              [0.0320517, 0.0100399, 0.935855, 0.0220537], 
              [0.763905, 0.217998, 0.0160387, 0.00205771], 
              [5.81084e-05, 4.18716e-05, 4.18716e-05, 0.999858], 
              [0.0220537, 0.0580303, 0.0240371, 0.895879], 
              [0.879882, 0.00404107, 0.0340351, 0.0820417], 
              [0.270004, 0.0660287, 0.525937, 0.138031], 
              [0.234011, 0.323977, 0.343973, 0.0980385]
            ]
          }, {
            "db": 0,
            "id": "EGR2_HUMAN.H11MO.0.A",
            "len": 18,
            "nsites": 500,
            "evalue": "1.0e+000",
            "url": "http://hocomoco.autosome.ru/motif/EGR2_HUMAN.H11MO.0.A",
            "pwm": [
              [0.216015, 0.0740271, 0.611919, 0.0980385], 
              [0.293999, 0.0960227, 0.411959, 0.198019], 
              [0.228013, 0.0740271, 0.621917, 0.0760429], 
              [0.254007, 0.0680283, 0.501941, 0.176023], 
              [0.319994, 0.104021, 0.505941, 0.0700441], 
              [0.150028, 0.104021, 0.449952, 0.295999], 
              [0.0760429, 0.102021, 0.765889, 0.0560469], 
              [0.369984, 0.190004, 0.0440331, 0.395979], 
              [0.0340513, 0.0220375, 0.929856, 0.0140553], 
              [0.0400501, 0.0120395, 0.461949, 0.485961], 
              [0.182022, 0.00604067, 0.793883, 0.0180545], 
              [0.0360509, 0.0140391, 0.889864, 0.0600461], 
              [0.0240533, 0.0400339, 0.915859, 0.0200541], 
              [0.349988, 0.281985, 0.0220375, 0.345989], 
              [0.0580465, 0.00604067, 0.873867, 0.0620457], 
              [0.0760429, 0.0340351, 0.781886, 0.108037], 
              [0.34199, 0.0740271, 0.501941, 0.0820417], 
              [0.254007, 0.0480323, 0.561929, 0.136031]
            ]
          }, {
            "db": 0,
            "id": "EGR2_HUMAN.H11MO.1.A",
            "len": 16,
            "nsites": 498,
            "evalue": "1.0e+000",
            "url": "http://hocomoco.autosome.ru/motif/EGR2_HUMAN.H11MO.1.A",
            "pwm": [
              [0.194798, 0.144591, 0.457781, 0.202829], 
              [0.281126, 0.172698, 0.453766, 0.0924093], 
              [0.188775, 0.100423, 0.373461, 0.33734], 
              [0.0622948, 0.0662938, 0.849269, 0.0221423], 
              [0.244989, 0.365431, 0.0582633, 0.331317], 
              [0.00608123, 0.0181107, 0.969727, 0.00608123], 
              [0.0121041, 0.0100802, 0.347362, 0.630454], 
              [0.162676, 0.0040573, 0.813132, 0.0201346], 
              [0.0241499, 0.0100802, 0.923551, 0.0422186], 
              [0.0241499, 0.0181107, 0.953666, 0.0040736], 
              [0.321279, 0.3574, 0.0120878, 0.309233], 
              [0.0321804, 0.00606493, 0.911506, 0.0502491], 
              [0.0683177, 0.0281488, 0.71275, 0.190783], 
              [0.299195, 0.0944006, 0.459789, 0.146615], 
              [0.220898, 0.0803472, 0.524033, 0.174722], 
              [0.188775, 0.164668, 0.516003, 0.130554]
            ]
          }, {
            "db": 0,
            "id": "EGR3_HUMAN.H11MO.0.D",
            "len": 11,
            "nsites": 8,
            "evalue": "1.0e+000",
            "url": "http://hocomoco.autosome.ru/motif/EGR3_HUMAN.H11MO.0.D",
            "pwm": [
              [0.565406, 0.0204775, 0.0204775, 0.39364], 
              [0.261237, 0.00258519, 0.589452, 0.146726], 
              [0.633396, 0.217293, 0.00258519, 0.146726], 
              [0.118098, 0.00258519, 0.875729, 0.00358765], 
              [0.00358765, 0.0383698, 0.181508, 0.776535], 
              [0.00358765, 0.00258519, 0.99024, 0.00358765], 
              [0.00358765, 0.00258519, 0.875729, 0.118098], 
              [0.00358765, 0.00258519, 0.99024, 0.00358765], 
              [0.00358765, 0.474942, 0.00258519, 0.518886], 
              [0.00358765, 0.00258519, 0.875729, 0.118098], 
              [0.0214799, 0.163616, 0.163616, 0.651288]
            ]
          }, {
            "db": 0,
            "id": "EVI1_HUMAN.H11MO.0.B",
            "len": 16,
            "nsites": 141,
            "evalue": "1.0e+000",
            "url": "http://hocomoco.autosome.ru/motif/EVI1_HUMAN.H11MO.0.B",
            "pwm": [
              [0.418885, 0.152793, 0.189313, 0.239008], 
              [0.635767, 0.0373214, 0.0836381, 0.243274], 
              [0.0211058, 0.0295389, 0.906751, 0.0426039], 
              [0.972719, 0.0060265, 0.0060265, 0.0152277], 
              [0.0413526, 0.455695, 0.0060265, 0.496926], 
              [0.951819, 0.0060265, 0.0177827, 0.0243714], 
              [0.917558, 0.000148405, 0.0157959, 0.0664978], 
              [0.030685, 0.0060265, 0.961994, 0.00129449], 
              [0.966841, 0.000148405, 0.000148405, 0.032862], 
              [0.000205953, 0.124702, 0.00537338, 0.869718], 
              [0.90017, 0.0325318, 0.000148405, 0.0671499], 
              [0.771723, 0.00929211, 0.156733, 0.0622525], 
              [0.21089, 0.183456, 0.352285, 0.25337], 
              [0.743776, 0.0920463, 0.0765087, 0.0876693], 
              [0.129359, 0.15608, 0.308147, 0.406414], 
              [0.490354, 0.119192, 0.158434, 0.23202]
            ]
          }, {
            "db": 0,
            "id": "FOXA1_HUMAN.H11MO.0.A",
            "len": 12,
            "nsites": 500,
            "evalue": "1.0e+000",
            "url": "http://hocomoco.autosome.ru/motif/FOXA1_HUMAN.H11MO.0.A",
            "pwm": [
              [0.0160549, 4.18716e-05, 4.18716e-05, 0.983861], 
              [0.246009, 0.00404107, 0.749892, 5.81084e-05], 
              [0.00205771, 4.18716e-05, 4.18716e-05, 0.997859], 
              [0.00405731, 4.18716e-05, 0.0560307, 0.93987], 
              [5.81084e-05, 4.18716e-05, 0.144013, 0.855887], 
              [0.781902, 4.18716e-05, 0.206001, 0.0120557], 
              [0.00805651, 0.797882, 0.00804027, 0.186021], 
              [0.317995, 0.138014, 0.00404107, 0.53995], 
              [0.0320517, 0.313979, 0.10802, 0.545949], 
              [0.463965, 0.0200379, 0.0160387, 0.499958], 
              [0.218015, 0.0980223, 0.493943, 0.19002], 
              [0.108037, 0.25999, 0.393963, 0.238011]
            ]
          }, {
            "db": 0,
            "id": "FOXA3_HUMAN.H11MO.0.B",
            "len": 13,
            "nsites": 500,
            "evalue": "1.0e+000",
            "url": "http://hocomoco.autosome.ru/motif/FOXA3_HUMAN.H11MO.0.B",
            "pwm": [
              [0.158027, 0.465949, 0.215999, 0.160026], 
              [0.228013, 0.249992, 0.0780263, 0.443969], 
              [0.0120557, 4.18716e-05, 0.00604067, 0.981862], 
              [0.246009, 0.00804027, 0.737894, 0.00805651], 
              [0.00805651, 0.0220375, 0.0140391, 0.955867], 
              [0.00605691, 4.18716e-05, 0.0360347, 0.957867], 
              [0.00805651, 4.18716e-05, 0.271987, 0.719914], 
              [0.855887, 0.00604067, 0.114019, 0.0240533], 
              [0.00405731, 0.873867, 0.0220375, 0.100038], 
              [0.367985, 0.152011, 0.00804027, 0.471964], 
              [0.0940393, 0.231995, 0.106021, 0.567945], 
              [0.425973, 0.0140391, 0.0540311, 0.505957], 
              [0.154027, 0.116019, 0.577926, 0.152028]
            ]
          }, {
            "db": 0,
            "id": "FOXD3_HUMAN.H11MO.0.D",
            "len": 15,
            "nsites": 465,
            "evalue": "1.0e+000",
            "url": "http://hocomoco.autosome.ru/motif/FOXD3_HUMAN.H11MO.0.D",
            "pwm": [
              [0.157018, 0.176351, 0.298905, 0.367725], 
              [0.118317, 0.217203, 0.266654, 0.397826], 
              [0.135517, 0.00649525, 0.055947, 0.802041], 
              [0.0387638, 0.0688474, 0.872976, 0.0194132], 
              [0.0925157, 0.0516468, 0.0365963, 0.819241], 
              [0.0366138, 0.111849, 0.0494968, 0.802041], 
              [0.0538144, 4.50226e-05, 0.0946483, 0.851492], 
              [0.339774, 0.200002, 0.225803, 0.234421], 
              [0.0581145, 0.599916, 0.0623972, 0.279572], 
              [0.294623, 0.202152, 0.0408965, 0.462329], 
              [0.109716, 0.223653, 0.0709975, 0.595633], 
              [0.404277, 0.0473467, 0.14625, 0.402127], 
              [0.230121, 0.14195, 0.42791, 0.200019], 
              [0.101116, 0.363408, 0.348357, 0.187119], 
              [0.356975, 0.292455, 0.111849, 0.238721]
            ]
          }, {
            "db": 0,
            "id": "FOXF1_HUMAN.H11MO.0.D",
            "len": 11,
            "nsites": 8,
            "evalue": "1.0e+000",
            "url": "http://hocomoco.autosome.ru/motif/FOXF1_HUMAN.H11MO.0.D",
            "pwm": [
              [0.4139, 0.15146, 0.15146, 0.283181], 
              [0.00358765, 0.00258519, 0.00258519, 0.991242], 
              [0.134307, 0.00258519, 0.859521, 0.00358765], 
              [0.00358765, 0.00258519, 0.00258519, 0.991242], 
              [0.00358765, 0.00258519, 0.00258519, 0.991242], 
              [0.00358765, 0.00258519, 0.00258519, 0.991242], 
              [0.729804, 0.0679447, 0.198664, 0.00358765], 
              [0.00358765, 0.133304, 0.00258519, 0.860523], 
              [0.0217431, 0.15146, 0.15146, 0.675338], 
              [0.265026, 0.169615, 0.00258519, 0.562774], 
              [0.432055, 0.00258519, 0.038896, 0.526463]
            ]
          }, {
            "db": 0,
            "id": "FOXF2_HUMAN.H11MO.0.D",
            "len": 11,
            "nsites": 26,
            "evalue": "1.0e+000",
            "url": "http://hocomoco.autosome.ru/motif/FOXF2_HUMAN.H11MO.0.D",
            "pwm": [
              [0.0163068, 0.0159957, 0.0159957, 0.951702], 
              [0.146776, 0.000802299, 0.820921, 0.0315001], 
              [0.00111341, 0.000802299, 0.031189, 0.966895], 
              [0.12266, 0.000802299, 0.000802299, 0.875735], 
              [0.12266, 0.000802299, 0.031189, 0.845348], 
              [0.770695, 0.000802299, 0.227389, 0.00111341], 
              [0.00111341, 0.782442, 0.031189, 0.185255], 
              [0.284709, 0.255833, 0.059472, 0.399985], 
              [0.0416156, 0.0413045, 0.0109178, 0.906162], 
              [0.48103, 0.000802299, 0.031189, 0.486979], 
              [0.254323, 0.0109178, 0.35723, 0.37753]
            ]
          }, {
            "db": 0,
            "id": "FOXG1_HUMAN.H11MO.0.D",
            "len": 17,
            "nsites": 310,
            "evalue": "1.0e+000",
            "url": "http://hocomoco.autosome.ru/motif/FOXG1_HUMAN.H11MO.0.D",
            "pwm": [
              [0.358379, 0.15223, 0.184554, 0.304838], 
              [0.150408, 0.111037, 0.121198, 0.617357], 
              [0.0332516, 0.0359946, 0.029715, 0.901039], 
              [0.102429, 0.0200178, 0.857509, 0.020044], 
              [9.37117e-05, 0.00320729, 0.00948682, 0.987212], 
              [9.37117e-05, 6.75266e-05, 0.231864, 0.767974], 
              [0.00341876, 6.75266e-05, 0.092613, 0.903901], 
              [0.687432, 0.164262, 0.108497, 0.039809], 
              [0.0396237, 0.353224, 0.0255562, 0.581597], 
              [0.309128, 0.0957528, 0.292271, 0.302848], 
              [0.191094, 0.0709952, 0.118647, 0.619264], 
              [0.366395, 0.0569538, 0.178498, 0.398153], 
              [0.0616459, 0.0549696, 0.0200616, 0.863323], 
              [0.313884, 0.0397315, 0.316256, 0.330128], 
              [0.0491331, 0.0747809, 0.0882664, 0.78782], 
              [0.238743, 0.0549233, 0.0785692, 0.627764], 
              [0.0828906, 0.134398, 0.197018, 0.585694]
            ]
          }, {
            "db": 0,
            "id": "FOXJ2_HUMAN.H11MO.0.C",
            "len": 10,
            "nsites": 41,
            "evalue": "1.0e+000",
            "url": "http://hocomoco.autosome.ru/motif/FOXJ2_HUMAN.H11MO.0.C",
            "pwm": [
              [0.000707056, 0.0241984, 0.000509489, 0.974585], 
              [0.308663, 0.000509489, 0.642743, 0.0480849], 
              [0.000707056, 0.000509489, 0.0241984, 0.974585], 
              [0.000707056, 0.000509489, 0.000509489, 0.998274], 
              [0.000707056, 0.000509489, 0.000509489, 0.998274], 
              [0.548184, 0.000509489, 0.450599, 0.000707056], 
              [0.000707056, 0.192653, 0.000509489, 0.80613], 
              [0.119152, 0.216342, 0.000509489, 0.663997], 
              [0.000707056, 0.0241984, 0.237399, 0.737696], 
              [0.465273, 0.0834207, 0.130799, 0.320508]
            ]
          }, {
            "db": 0,
            "id": "FOXJ3_HUMAN.H11MO.0.A",
            "len": 13,
            "nsites": 626,
            "evalue": "1.0e+000",
            "url": "http://hocomoco.autosome.ru/motif/FOXJ3_HUMAN.H11MO.0.A",
            "pwm": [
              [0.194111, 0.146481, 0.164697, 0.49471], 
              [4.64143e-05, 3.34451e-05, 3.34451e-05, 0.999887], 
              [0.0829682, 3.34451e-05, 0.914268, 0.00273054], 
              [0.00112006, 3.34451e-05, 3.34451e-05, 0.998813], 
              [4.64143e-05, 3.34451e-05, 3.34451e-05, 0.999887], 
              [0.00887921, 3.34451e-05, 0.175698, 0.815389], 
              [0.818158, 3.34451e-05, 0.0369545, 0.144854], 
              [4.64143e-05, 0.0711347, 3.34451e-05, 0.928785], 
              [0.11331, 3.34451e-05, 0.430175, 0.456481], 
              [0.0440611, 3.34451e-05, 0.325661, 0.630245], 
              [0.0528196, 3.34451e-05, 0.0291502, 0.917997], 
              [0.00591112, 0.0101673, 0.0168383, 0.967083], 
              [0.35851, 0.070401, 0.138469, 0.43262]
            ]
          }, {
            "db": 0,
            "id": "FOXJ3_HUMAN.H11MO.1.B",
            "len": 13,
            "nsites": 613,
            "evalue": "1.0e+000",
            "url": "http://hocomoco.autosome.ru/motif/FOXJ3_HUMAN.H11MO.1.B",
            "pwm": [
              [0.126265, 0.100128, 0.122347, 0.65126], 
              [0.0348006, 3.41543e-05, 0.390458, 0.574707], 
              [0.0300392, 3.41543e-05, 0.51609, 0.453837], 
              [4.73985e-05, 3.41543e-05, 3.41543e-05, 0.999884], 
              [0.0547373, 3.41543e-05, 0.11534, 0.829889], 
              [0.396792, 3.41543e-05, 0.11535, 0.487824], 
              [0.356264, 0.0774996, 3.41543e-05, 0.566202], 
              [4.73985e-05, 3.41543e-05, 3.41543e-05, 0.999884], 
              [0.163665, 3.41543e-05, 0.836254, 4.73985e-05], 
              [4.73985e-05, 3.41543e-05, 3.41543e-05, 0.999884], 
              [4.73985e-05, 3.41543e-05, 3.41543e-05, 0.999884], 
              [4.73985e-05, 3.41543e-05, 0.0127091, 0.987209], 
              [0.645558, 0.104693, 0.11695, 0.132798]
            ]
          }, {
            "db": 0,
            "id": "FOXK1_HUMAN.H11MO.0.A",
            "len": 10,
            "nsites": 500,
            "evalue": "1.0e+000",
            "url": "http://hocomoco.autosome.ru/motif/FOXK1_HUMAN.H11MO.0.A",
            "pwm": [
              [0.0200541, 0.00804027, 0.0100399, 0.961866], 
              [0.0760429, 0.0200379, 0.895863, 0.00805651], 
              [0.00605691, 0.0860247, 0.0200379, 0.887881], 
              [0.00205771, 0.0100399, 0.100022, 0.887881], 
              [0.0200541, 0.0200379, 0.166009, 0.793899], 
              [0.49196, 0.251991, 0.0620295, 0.194019], 
              [0.0240533, 0.655911, 0.0400339, 0.280002], 
              [0.303997, 0.233995, 0.11002, 0.351988], 
              [0.154027, 0.211999, 0.150012, 0.483961], 
              [0.116035, 0.227996, 0.144013, 0.511956]
            ]
          }, {
            "db": 0,
            "id": "FOXL1_HUMAN.H11MO.0.D",
            "len": 19,
            "nsites": 1207,
            "evalue": "1.0e+000",
            "url": "http://hocomoco.autosome.ru/motif/FOXL1_HUMAN.H11MO.0.D",
            "pwm": [
              [0.160533, 0.16384, 0.222658, 0.452969], 
              [0.140236, 0.189107, 0.444264, 0.226393], 
              [0.191185, 0.0404034, 0.132359, 0.636053], 
              [0.0629849, 0.0240419, 0.0414389, 0.871534], 
              [0.000645398, 0.000638671, 0.000638671, 0.998077], 
              [0.0874236, 0.000431563, 0.905079, 0.00706574], 
              [0.00830839, 1.73474e-05, 1.73474e-05, 0.991657], 
              [2.40742e-05, 1.73474e-05, 1.73474e-05, 0.999941], 
              [2.40742e-05, 1.73474e-05, 1.73474e-05, 0.999941], 
              [0.470573, 1.73474e-05, 0.529385, 2.40742e-05], 
              [2.40742e-05, 1.73474e-05, 1.73474e-05, 0.999941], 
              [2.40742e-05, 1.73474e-05, 1.73474e-05, 0.999941], 
              [2.40742e-05, 1.73474e-05, 1.73474e-05, 0.999941], 
              [0.985858, 1.73474e-05, 0.0116154, 0.00250937], 
              [0.000852506, 0.511988, 0.000845779, 0.486314], 
              [0.414861, 0.0188642, 0.0213495, 0.544925], 
              [0.103992, 0.0145149, 0.0186571, 0.862836], 
              [0.226186, 0.0174144, 0.0149291, 0.741471], 
              [0.193256, 0.125318, 0.0838961, 0.59753]
            ]
          }, {
            "db": 0,
            "id": "FOXM1_HUMAN.H11MO.0.A",
            "len": 12,
            "nsites": 500,
            "evalue": "1.0e+000",
            "url": "http://hocomoco.autosome.ru/motif/FOXM1_HUMAN.H11MO.0.A",
            "pwm": [
              [0.0560469, 0.0240371, 0.0340351, 0.885881], 
              [0.252008, 0.0220375, 0.715899, 0.0100561], 
              [0.0260529, 0.0300359, 0.0560307, 0.887881], 
              [5.81084e-05, 0.0680283, 0.0620295, 0.869884], 
              [0.00205771, 0.00204147, 0.0720275, 0.923873], 
              [0.319994, 0.0540311, 0.587924, 0.0380505], 
              [0.0740433, 0.745893, 0.0180383, 0.162026], 
              [0.246009, 0.16001, 0.0380343, 0.555947], 
              [0.0480485, 0.289984, 0.142013, 0.519954], 
              [0.359986, 0.0380343, 0.0280363, 0.573943], 
              [0.108037, 0.16001, 0.445953, 0.286001], 
              [0.166025, 0.341973, 0.25799, 0.234011]
            ]
          }, {
            "db": 0,
            "id": "FOXO4_HUMAN.H11MO.0.C",
            "len": 9,
            "nsites": 28,
            "evalue": "1.0e+000",
            "url": "http://hocomoco.autosome.ru/motif/FOXO4_HUMAN.H11MO.0.C",
            "pwm": [
              [0.0370501, 0.108793, 0.108793, 0.745364], 
              [0.00103416, 0.000745196, 0.000745196, 0.997475], 
              [0.00103416, 0.000745196, 0.997186, 0.00103416], 
              [0.00103416, 0.000745196, 0.000745196, 0.997475], 
              [0.00103416, 0.000745196, 0.000745196, 0.997475], 
              [0.00103416, 0.000745196, 0.148811, 0.84941], 
              [0.709348, 0.000745196, 0.0367611, 0.253146], 
              [0.0370501, 0.348899, 0.180825, 0.433226], 
              [0.00103416, 0.108793, 0.360905, 0.529268]
            ]
          }, {
            "db": 0,
            "id": "FOXP1_HUMAN.H11MO.0.A",
            "len": 9,
            "nsites": 295,
            "evalue": "1.0e+000",
            "url": "http://hocomoco.autosome.ru/motif/FOXP1_HUMAN.H11MO.0.A",
            "pwm": [
              [0.0577061, 0.139007, 0.176282, 0.627005], 
              [0.0136532, 0.281332, 0.31183, 0.393186], 
              [0.00687584, 0.020403, 0.0305691, 0.942152], 
              [0.0204306, 0.0407351, 0.840464, 0.0983702], 
              [9.84751e-05, 0.0170144, 0.0576785, 0.925209], 
