<!DOCTYPE HTML>
<html>
  <head>
    <meta charset="UTF-8">
    <title>TOMTOM</title>
    <script>
      // @JSON_VAR data
      var data = {
        "program": "Tomtom",
        "version": "4.12.0",
        "release": "Tue Jun 27 16:22:50 2017 -0700",
        "cmd": [
          "tomtom", "-verbosity", "1", "-oc",
          "results/AHRpeaks_oneAHRE.bed.fa/hocomoco/dreme_tomtom_out",
          "-min-overlap", "5", "-dist", "pearson", "-evalue", "-thresh", "1",
          "-no-ssc", "-bfile",
          "results/AHRpeaks_oneAHRE.bed.fa/hocomoco/background",
          "results/AHRpeaks_oneAHRE.bed.fa/hocomoco/dreme_out/dreme.xml",
          "/Users/filipov4/meme/db/motif_databases/HUMAN/HOCOMOCOv11_full_HUMAN_mono_meme_format.meme"
        ],
        "options": {
          "strands": "both",
          "distance_measure": "pearson",
          "threshold_type": "evalue",
          "threshold_value": 1,
          "background_source": "file",
          "background_file": "results/AHRpeaks_oneAHRE.bed.fa/hocomoco/background"
        },
        "alphabet": {
          "name": "DNA",
          "like": "dna",
          "ncore": 4,
          "symbols": [
            {
              "symbol": "A",
              "name": "Adenine",
              "colour": "CC0000",
              "complement": "T"
            }, {
              "symbol": "C",
              "name": "Cytosine",
              "colour": "0000CC",
              "complement": "G"
            }, {
              "symbol": "G",
              "name": "Guanine",
              "colour": "FFB300",
              "complement": "C"
            }, {
              "symbol": "T",
              "aliases": "U",
              "name": "Thymine",
              "colour": "008000",
              "complement": "A"
            }, {
              "symbol": "N",
              "aliases": "X.",
              "name": "Any base",
              "equals": "ACGT"
            }, {
              "symbol": "V",
              "name": "Not T",
              "equals": "ACG"
            }, {
              "symbol": "H",
              "name": "Not G",
              "equals": "ACT"
            }, {
              "symbol": "D",
              "name": "Not C",
              "equals": "AGT"
            }, {
              "symbol": "B",
              "name": "Not A",
              "equals": "CGT"
            }, {
              "symbol": "M",
              "name": "Amino",
              "equals": "AC"
            }, {
              "symbol": "R",
              "name": "Purine",
              "equals": "AG"
            }, {
              "symbol": "W",
              "name": "Weak",
              "equals": "AT"
            }, {
              "symbol": "S",
              "name": "Strong",
              "equals": "CG"
            }, {
              "symbol": "Y",
              "name": "Pyrimidine",
              "equals": "CT"
            }, {
              "symbol": "K",
              "name": "Keto",
              "equals": "GT"
            }
          ]
        },
        "background": [0.2754, 0.2246, 0.2246, 0.2754],
        "query_dbs": [
          {
            "source": "results/AHRpeaks_oneAHRE.bed.fa/hocomoco/dreme_out/dreme.xml",
            "name": "dreme",
            "loaded": 7,
            "excluded": 0,
            "last_modified": "Thu May 24 17:08:39 2018"
          }
        ],
        "target_dbs": [
          {
            "source": "/Users/filipov4/meme/db/motif_databases/HUMAN/HOCOMOCOv11_full_HUMAN_mono_meme_format.meme",
            "name": "HOCOMOCOv11 full HUMAN mono meme format",
            "loaded": 771,
            "excluded": 0,
            "last_modified": "Wed Dec  6 21:59:30 2017"
          }
        ],
        "queries": [
          {
            "db": 0,
            "id": "ATCTYTC",
            "alt": "DREME-5",
            "len": 7,
            "nsites": 62,
            "evalue": "5.3e-004",
            "pwm": [
              [0.998833, 0.000361675, 0.000361675, 0.000443478], 
              [0.000443478, 0.000361675, 0.000361675, 0.998833], 
              [0.000443478, 0.998751, 0.000361675, 0.000443478], 
              [0.000443478, 0.000361675, 0.000361675, 0.998833], 
              [0.000443478, 0.547866, 0.000361675, 0.451329], 
              [0.000443478, 0.000361675, 0.000361675, 0.998833], 
              [0.000443478, 0.998751, 0.000361675, 0.000443478]
            ]
          }, {
            "db": 0,
            "id": "CACMCAC",
            "alt": "DREME-4",
            "len": 7,
            "nsites": 75,
            "evalue": "6.1e-005",
            "pwm": [
              [0.000366711, 0.998968, 0.000299068, 0.000366711], 
              [0.999035, 0.000299068, 0.000299068, 0.000366711], 
              [0.000366711, 0.998968, 0.000299068, 0.000366711], 
              [0.65283, 0.346504, 0.000299068, 0.000366711], 
              [0.000366711, 0.998968, 0.000299068, 0.000366711], 
              [0.999035, 0.000299068, 0.000299068, 0.000366711], 
              [0.000366711, 0.998968, 0.000299068, 0.000366711]
            ]
          }, {
            "db": 0,
            "id": "CCGCCYC",
            "alt": "DREME-7",
            "len": 7,
            "nsites": 20,
            "evalue": "2.7e-002",
            "pwm": [
              [0.00137015, 0.996142, 0.00111741, 0.00137015], 
              [0.00137015, 0.996142, 0.00111741, 0.00137015], 
              [0.00137015, 0.00111741, 0.996142, 0.00137015], 
              [0.00137015, 0.996142, 0.00111741, 0.00137015], 
              [0.00137015, 0.996142, 0.00111741, 0.00137015], 
              [0.00137015, 0.349376, 0.00111741, 0.648136], 
              [0.00137015, 0.996142, 0.00111741, 0.00137015]
            ]
          }, {
            "db": 0,
            "id": "DCACGC",
            "alt": "DREME-1",
            "len": 6,
            "nsites": 190,
            "evalue": "3.2e-025",
            "pwm": [
              [0.263164, 0.000118148, 0.42095, 0.315768], 
              [0.000144871, 0.999592, 0.000118148, 0.000144871], 
              [0.999619, 0.000118148, 0.000118148, 0.000144871], 
              [0.000144871, 0.999592, 0.000118148, 0.000144871], 
              [0.000144871, 0.000118148, 0.999592, 0.000144871], 
              [0.000144871, 0.999592, 0.000118148, 0.000144871]
            ]
          }, {
            "db": 0,
            "id": "TGACTCA",
            "alt": "DREME-3",
            "len": 7,
            "nsites": 66,
            "evalue": "3.8e-006",
            "pwm": [
              [0.000416641, 0.000339788, 0.000339788, 0.998904], 
              [0.000416641, 0.000339788, 0.998827, 0.000416641], 
              [0.998904, 0.000339788, 0.000339788, 0.000416641], 
              [0.000416641, 0.998827, 0.000339788, 0.000416641], 
              [0.000416641, 0.000339788, 0.000339788, 0.998904], 
              [0.000416641, 0.998827, 0.000339788, 0.000416641], 
              [0.998904, 0.000339788, 0.000339788, 0.000416641]
            ]
          }, {
            "db": 0,
            "id": "TRTTTR",
            "alt": "DREME-2",
            "len": 6,
            "nsites": 446,
            "evalue": "2.2e-011",
            "pwm": [
              [6.1735e-05, 5.03475e-05, 5.03475e-05, 0.999838], 
              [0.441667, 5.03475e-05, 0.558221, 6.1735e-05], 
              [6.1735e-05, 5.03475e-05, 5.03475e-05, 0.999838], 
              [6.1735e-05, 5.03475e-05, 5.03475e-05, 0.999838], 
              [6.1735e-05, 5.03475e-05, 5.03475e-05, 0.999838], 
              [0.475291, 5.03475e-05, 0.524597, 6.1735e-05]
            ]
          }, {
            "db": 0,
            "id": "TTATCW",
            "alt": "DREME-6",
            "len": 6,
            "nsites": 164,
            "evalue": "7.3e-003",
            "pwm": [
              [0.000167824, 0.000136868, 0.000136868, 0.999558], 
              [0.000167824, 0.000136868, 0.000136868, 0.999558], 
              [0.999558, 0.000136868, 0.000136868, 0.000167824], 
              [0.000167824, 0.000136868, 0.000136868, 0.999558], 
              [0.000167824, 0.999527, 0.000136868, 0.000167824], 
              [0.408456, 0.000136868, 0.000136868, 0.59127]
            ]
          }
        ],
        "targets": [
          {
            "db": 0,
            "id": "AHR_HUMAN.H11MO.0.B",
            "len": 9,
            "nsites": 154,
            "evalue": "1.0e+000",
            "url": "http://hocomoco.autosome.ru/motif/AHR_HUMAN.H11MO.0.B",
            "pwm": [
              [0.263153, 0.118666, 0.366321, 0.25186], 
              [0.0707847, 0.0772, 0.225145, 0.62687], 
              [0.141142, 0.284992, 0.134554, 0.439312], 
              [0.0167082, 0.00869549, 0.946952, 0.0276445], 
              [0.000178715, 0.976128, 0.00983546, 0.0138583], 
              [0.0225146, 0.00527559, 0.969751, 0.00245865], 
              [0.000178715, 0.0224817, 0.00470561, 0.972634], 
              [0.000178715, 0.00014575, 0.999497, 0.000178715], 
              [0.279807, 0.434237, 0.10504, 0.180915]
            ]
          }, {
            "db": 0,
            "id": "ANDR_HUMAN.H11MO.0.A",
            "len": 18,
            "nsites": 499,
            "evalue": "1.0e+000",
            "url": "http://hocomoco.autosome.ru/motif/ANDR_HUMAN.H11MO.0.A",
            "pwm": [
              [0.148322, 0.0701712, 0.0361099, 0.745397], 
              [0.062167, 0.0481316, 0.777444, 0.112257], 
              [0.0681778, 0.066164, 0.0140702, 0.851588], 
              [0.188394, 0.172355, 0.144305, 0.494946], 
              [0.0781958, 0.733365, 0.0361099, 0.152329], 
              [0.122275, 0.278546, 0.0321027, 0.567076], 
              [0.18038, 0.134287, 0.196398, 0.488935], 
              [0.198412, 0.178366, 0.216435, 0.406787], 
              [0.176373, 0.192391, 0.222445, 0.408791], 
              [0.200416, 0.256507, 0.120261, 0.422816], 
              [0.072185, 0.0140702, 0.0140702, 0.899674], 
              [0.254513, 0.0300991, 0.691289, 0.0240985], 
              [0.0281057, 0.0220847, 0.0200811, 0.929729], 
              [0.0180876, 0.00605582, 0.0982217, 0.877635], 
              [0.00806961, 0.00805943, 0.0641604, 0.919711], 
              [0.420813, 0.0280955, 0.494936, 0.0561562], 
              [0.0862103, 0.52499, 0.0481316, 0.340668], 
              [0.290578, 0.15833, 0.0541424, 0.49695]
            ]
          }, {
            "db": 0,
            "id": "BACH1_HUMAN.H11MO.0.A",
            "len": 13,
            "nsites": 500,
            "evalue": "1.0e+000",
            "url": "http://hocomoco.autosome.ru/motif/BACH1_HUMAN.H11MO.0.A",
            "pwm": [
              [0.0628565, 0.168176, 0.0975396, 0.671428], 
              [0.00921174, 0.0664199, 0.922331, 0.00203713], 
              [0.0209195, 0.967521, 0.00396936, 0.00759063], 
              [0.0362233, 0.0795781, 0.0801339, 0.804065], 
              [0.00390332, 0.0613514, 0.890882, 0.0438629], 
              [0.802826, 0.0206139, 0.124518, 0.0520429], 
              [0.0133166, 0.21486, 0.763218, 0.00860544], 
              [0.00625465, 0.0361743, 0.145873, 0.811698], 
              [0.0162462, 0.943687, 0.0343116, 0.00575501], 
              [0.786287, 0.0958325, 0.0824482, 0.0354327], 
              [0.00983239, 0.334257, 0.256601, 0.39931], 
              [0.151633, 0.265551, 0.394687, 0.188129], 
              [0.10527, 0.378559, 0.372595, 0.143576]
            ]
          }, {
            "db": 0,
            "id": "BACH2_HUMAN.H11MO.0.A",
            "len": 11,
            "nsites": 500,
            "evalue": "1.0e+000",
            "url": "http://hocomoco.autosome.ru/motif/BACH2_HUMAN.H11MO.0.A",
            "pwm": [
              [0.122031, 0.0960257, 0.0680313, 0.713912], 
              [0.0140523, 0.0780293, 0.893866, 0.0140523], 
              [0.0440463, 0.92386, 0.0120425, 0.0200511], 
              [0.0780395, 0.0380373, 0.00804331, 0.87588], 
              [0.0580435, 0.0600329, 0.793886, 0.0880375], 
              [0.757903, 0.0380373, 0.0560337, 0.148025], 
              [0.0440463, 0.224, 0.669911, 0.0620427], 
              [0.0100531, 0.0160417, 0.00804331, 0.965862], 
              [0.0600431, 0.919861, 0.0160417, 0.00405427], 
              [0.963862, 0.0120425, 0.00804331, 0.0160519], 
              [0.0560439, 0.319981, 0.212003, 0.411973]
            ]
          }, {
            "db": 0,
            "id": "BATF_HUMAN.H11MO.0.A",
            "len": 18,
            "nsites": 500,
            "evalue": "1.0e+000",
            "url": "http://hocomoco.autosome.ru/motif/BATF_HUMAN.H11MO.0.A",
            "pwm": [
              [0.451965, 0.0780293, 0.263992, 0.206014], 
              [0.0480455, 0.399965, 0.345976, 0.206014], 
              [0.0120527, 0.0180413, 0.0440361, 0.92587], 
              [0.134028, 0.327979, 0.0240401, 0.513952], 
              [0.0860379, 0.237997, 0.0520345, 0.62393], 
              [0.142027, 0.545936, 0.0460357, 0.266002], 
              [0.379979, 0.0860277, 0.395966, 0.138027], 
              [0.369981, 0.114022, 0.229999, 0.285998], 
              [0.337987, 0.0180413, 0.0840281, 0.559943], 
              [0.577939, 0.158013, 0.0220405, 0.242007], 
              [0.00205467, 0.00204451, 4.4911e-05, 0.995856], 
              [0.00405427, 0.0560337, 0.849875, 0.0900371], 
              [0.97786, 0.00804331, 0.0120425, 0.00205467], 
              [0.104034, 0.557933, 0.315982, 0.0220507], 
              [0.0720407, 0.0300389, 0.0200409, 0.87788], 
              [0.212013, 0.507943, 0.212003, 0.0680415], 
              [0.611933, 0.0840281, 0.110023, 0.194016], 
              [0.142027, 0.186008, 0.305984, 0.365982]
            ]
          }, {
            "db": 0,
            "id": "BATF_HUMAN.H11MO.1.A",
            "len": 11,
            "nsites": 500,
            "evalue": "1.0e+000",
            "url": "http://hocomoco.autosome.ru/motif/BATF_HUMAN.H11MO.1.A",
            "pwm": [
              [0.32399, 0.0680313, 0.391967, 0.216012], 
              [0.57394, 0.218001, 0.192007, 0.0160519], 
              [0.0140523, 0.00404411, 0.00404411, 0.97786], 
              [5.5069e-05, 0.0120425, 0.933858, 0.0540443], 
              [0.967862, 0.0100429, 0.00804331, 0.0140523], 
              [0.0100531, 0.513942, 0.0540341, 0.421971], 
              [0.0280495, 0.0280393, 0.431959, 0.511953], 
              [0.0940363, 0.87587, 0.0140421, 0.0160519], 
              [0.97586, 0.0180413, 4.4911e-05, 0.00605387], 
              [0.609933, 0.0560337, 0.144016, 0.190017], 
              [0.238007, 0.283988, 0.100025, 0.377979]
            ]
          }, {
            "db": 0,
            "id": "E2F1_HUMAN.H11MO.0.A",
            "len": 14,
            "nsites": 500,
            "evalue": "1.0e+000",
            "url": "http://hocomoco.autosome.ru/motif/E2F1_HUMAN.H11MO.0.A",
            "pwm": [
              [0.327989, 0.160013, 0.377969, 0.134028], 
              [0.236008, 0.200005, 0.451955, 0.112033], 
              [0.272001, 0.210003, 0.289987, 0.228009], 
              [0.190017, 0.102025, 0.465952, 0.242007], 
              [0.0820387, 0.200005, 0.703904, 0.0140523], 
              [0.0180515, 0.00604371, 0.965852, 0.0100531], 
              [0.0560439, 0.921861, 0.00404411, 0.0180515], 
              [0.0160519, 0.00804331, 0.957853, 0.0180515], 
              [0.0220507, 0.0820285, 0.889867, 0.00605387], 
              [0.0680415, 0.0340381, 0.889867, 0.00805347], 
              [0.855884, 0.0200409, 0.0900269, 0.0340483], 
              [0.653924, 0.0640321, 0.271991, 0.0100531], 
              [0.399975, 0.140017, 0.365972, 0.0940363], 
              [0.272001, 0.164012, 0.395966, 0.168021]
            ]
          }, {
            "db": 0,
            "id": "E2F4_HUMAN.H11MO.0.A",
            "len": 13,
            "nsites": 500,
            "evalue": "1.0e+000",
            "url": "http://hocomoco.autosome.ru/motif/E2F4_HUMAN.H11MO.0.A",
            "pwm": [
              [0.146026, 0.257993, 0.505944, 0.0900371], 
              [0.277999, 0.0960257, 0.461953, 0.164022], 
              [0.244006, 0.100025, 0.52594, 0.130029], 
              [0.100035, 0.188007, 0.695906, 0.0160519], 
              [0.00405427, 0.0360377, 0.957853, 0.00205467], 
              [0.0120527, 0.97385, 4.4911e-05, 0.0140523], 
              [0.0360479, 0.00204451, 0.945856, 0.0160519], 
              [0.00405427, 0.0380373, 0.949855, 0.00805347], 
              [0.0900371, 0.0140421, 0.893866, 0.00205467], 
              [0.715912, 0.0220405, 0.249995, 0.0120527], 
              [0.535948, 0.200005, 0.222001, 0.0420467], 
              [0.381979, 0.188007, 0.281989, 0.148025], 
              [0.254004, 0.114022, 0.305984, 0.32599]
            ]
          }, {
            "db": 0,
            "id": "E2F6_HUMAN.H11MO.0.A",
            "len": 13,
            "nsites": 500,
            "evalue": "1.0e+000",
            "url": "http://hocomoco.autosome.ru/motif/E2F6_HUMAN.H11MO.0.A",
            "pwm": [
              [0.337987, 0.148015, 0.341977, 0.172021], 
              [0.262003, 0.0340381, 0.555934, 0.148025], 
              [0.154024, 0.12602, 0.699905, 0.0200511], 
              [0.0100531, 0.0160417, 0.963852, 0.0100531], 
              [0.214012, 0.707903, 0.0120425, 0.0660419], 
              [0.0400471, 0.0180413, 0.893866, 0.0480455], 
              [0.0240503, 0.0480353, 0.895866, 0.0320487], 
              [0.0720407, 0.0440361, 0.871871, 0.0120527], 
              [0.941867, 0.0320385, 0.0140421, 0.0120527], 
              [0.511953, 0.0360377, 0.435958, 0.0160519], 
              [0.383978, 0.108023, 0.437957, 0.0700411], 
              [0.277999, 0.218001, 0.377969, 0.12603], 
              [0.276, 0.162013, 0.42596, 0.136028]
            ]
          }, {
            "db": 0,
            "id": "E2F7_HUMAN.H11MO.0.B",
            "len": 13,
            "nsites": 500,
            "evalue": "1.0e+000",
            "url": "http://hocomoco.autosome.ru/motif/E2F7_HUMAN.H11MO.0.B",
            "pwm": [
              [0.196016, 0.148015, 0.529939, 0.12603], 
              [0.337987, 0.0320385, 0.415962, 0.214012], 
              [0.142027, 0.0820285, 0.771891, 0.00405427], 
              [0.0440463, 0.00404411, 0.941857, 0.0100531], 
              [0.0840383, 0.853874, 0.00404411, 0.0580435], 
              [0.140027, 0.0160417, 0.813882, 0.0300491], 
              [0.0220507, 0.0120425, 0.957853, 0.00805347], 
              [0.204014, 0.00604371, 0.77589, 0.0140523], 
              [0.713912, 0.00404411, 0.27599, 0.00605387], 
              [0.603934, 0.138017, 0.239997, 0.0180515], 
              [0.427969, 0.192007, 0.224, 0.156024], 
              [0.343986, 0.0860277, 0.355974, 0.214012], 
              [0.260003, 0.152015, 0.485948, 0.102035]
            ]
          }, {
            "db": 0,
            "id": "EGR3_HUMAN.H11MO.0.D",
            "len": 11,
            "nsites": 8,
            "evalue": "1.0e+000",
            "url": "http://hocomoco.autosome.ru/motif/EGR3_HUMAN.H11MO.0.D",
            "pwm": [
              [0.565218, 0.0206651, 0.0206651, 0.393452], 
              [0.261049, 0.00277284, 0.58964, 0.146538], 
              [0.633209, 0.21748, 0.00277284, 0.146538], 
              [0.117911, 0.00277284, 0.875917, 0.0034], 
              [0.0034, 0.0385574, 0.181696, 0.776347], 
              [0.0034, 0.00277284, 0.990427, 0.0034], 
              [0.0034, 0.00277284, 0.875917, 0.117911], 
              [0.0034, 0.00277284, 0.990427, 0.0034], 
              [0.0034, 0.475129, 0.00277284, 0.518698], 
              [0.0034, 0.00277284, 0.875917, 0.117911], 
              [0.0212923, 0.163803, 0.163803, 0.651101]
            ]
          }, {
            "db": 0,
            "id": "EVI1_HUMAN.H11MO.0.B",
            "len": 16,
            "nsites": 141,
            "evalue": "1.0e+000",
            "url": "http://hocomoco.autosome.ru/motif/EVI1_HUMAN.H11MO.0.B",
            "pwm": [
              [0.418874, 0.152804, 0.189324, 0.238997], 
              [0.635756, 0.0373322, 0.0836489, 0.243263], 
              [0.0210951, 0.0295496, 0.906762, 0.0425931], 
              [0.972708, 0.00603727, 0.00603727, 0.015217], 
              [0.0413418, 0.455705, 0.00603727, 0.496916], 
              [0.951809, 0.00603727, 0.0177935, 0.0243607], 
              [0.917547, 0.000159178, 0.0158066, 0.066487], 
              [0.0306742, 0.00603727, 0.962005, 0.00128372], 
              [0.96683, 0.000159178, 0.000159178, 0.0328513], 
              [0.000195181, 0.124713, 0.00538415, 0.869708], 
              [0.900159, 0.0325426, 0.000159178, 0.0671391], 
              [0.771712, 0.00930288, 0.156744, 0.0622417], 
              [0.210879, 0.183467, 0.352295, 0.253359], 
              [0.743765, 0.0920571, 0.0765195, 0.0876585], 
              [0.129348, 0.15609, 0.308158, 0.406403], 
              [0.490343, 0.119203, 0.158445, 0.232009]
            ]
          }, {
            "db": 0,
            "id": "FOSB_HUMAN.H11MO.0.A",
            "len": 9,
            "nsites": 500,
            "evalue": "1.0e+000",
            "url": "http://hocomoco.autosome.ru/motif/FOSB_HUMAN.H11MO.0.A",
            "pwm": [
              [0.413972, 0.206004, 0.291987, 0.0880375], 
              [0.0100531, 0.0120425, 0.00204451, 0.97586], 
              [0.0120527, 0.0140421, 0.917861, 0.0560439], 
              [0.895876, 0.0120425, 0.0180413, 0.0740403], 
              [0.204014, 4.4911e-05, 0.795886, 5.5069e-05], 
              [0.0180515, 0.0300389, 0.106024, 0.845886], 
              [0.0540443, 0.903864, 0.0280393, 0.0140523], 
              [0.965862, 0.0100429, 0.00604371, 0.0180515], 
              [0.0720407, 0.329979, 0.229999, 0.367981]
            ]
          }, {
            "db": 0,
            "id": "FOSL1_HUMAN.H11MO.0.A",
            "len": 12,
            "nsites": 500,
            "evalue": "1.0e+000",
            "url": "http://hocomoco.autosome.ru/motif/FOSL1_HUMAN.H11MO.0.A",
            "pwm": [
              [0.198015, 0.186008, 0.405964, 0.210013], 
              [0.317991, 0.164012, 0.347975, 0.170021], 
              [0.429969, 0.269991, 0.281989, 0.0180515], 
              [5.5069e-05, 4.4911e-05, 0.00604371, 0.993856], 
              [5.5069e-05, 0.00404411, 0.941857, 0.0540443], 
              [0.987858, 0.00204451, 0.00204451, 0.00805347], 
              [0.0780395, 4.4911e-05, 0.921861, 5.5069e-05], 
              [5.5069e-05, 4.4911e-05, 4.4911e-05, 0.999855], 
              [0.0180515, 0.979849, 0.00204451, 5.5069e-05], 
              [0.995856, 0.00404411, 4.4911e-05, 5.5069e-05], 
              [0.0220507, 0.411963, 0.162013, 0.403974], 
              [0.210013, 0.401965, 0.154014, 0.234008]
            ]
          }, {
            "db": 0,
            "id": "FOSL2_HUMAN.H11MO.0.A",
            "len": 12,
            "nsites": 500,
            "evalue": "1.0e+000",
            "url": "http://hocomoco.autosome.ru/motif/FOSL2_HUMAN.H11MO.0.A",
            "pwm": [
              [0.194016, 0.190007, 0.37397, 0.242007], 
              [0.281999, 0.134018, 0.381969, 0.202015], 
              [0.519951, 0.158013, 0.297985, 0.0240503], 
              [5.5069e-05, 4.4911e-05, 0.00204451, 0.997856], 
              [5.5069e-05, 0.00204451, 0.957853, 0.0400471], 
              [0.985858, 0.00404411, 4.4911e-05, 0.0100531], 
              [0.102035, 4.4911e-05, 0.897865, 5.5069e-05], 
              [0.00405427, 0.00404411, 0.00404411, 0.987858], 
              [0.00605387, 0.991847, 0.00204451, 5.5069e-05], 
              [0.997856, 4.4911e-05, 4.4911e-05, 0.00205467], 
              [0.0240503, 0.351975, 0.114022, 0.509953], 
              [0.216012, 0.377969, 0.138017, 0.268001]
            ]
          }, {
            "db": 0,
            "id": "FOS_HUMAN.H11MO.0.A",
            "len": 9,
            "nsites": 500,
            "evalue": "1.0e+000",
            "url": "http://hocomoco.autosome.ru/motif/FOS_HUMAN.H11MO.0.A",
            "pwm": [
              [0.345986, 0.216002, 0.359973, 0.0780395], 
              [0.0100531, 0.0180413, 0.0100429, 0.961863], 
              [0.0160519, 0.0340381, 0.859873, 0.0900371], 
              [0.935868, 0.00804331, 0.0280393, 0.0280495], 
              [0.116032, 4.4911e-05, 0.883868, 5.5069e-05], 
              [0.0220507, 0.0260397, 0.0240401, 0.92787], 
              [0.0420467, 0.933858, 0.0240401, 5.5069e-05], 
              [0.959863, 0.0160417, 0.0120425, 0.0120527], 
              [0.0280495, 0.417961, 0.263992, 0.289997]
            ]
          }, {
            "db": 0,
            "id": "FOXA1_HUMAN.H11MO.0.A",
            "len": 12,
            "nsites": 500,
            "evalue": "1.0e+000",
            "url": "http://hocomoco.autosome.ru/motif/FOXA1_HUMAN.H11MO.0.A",
            "pwm": [
              [0.0160519, 4.4911e-05, 4.4911e-05, 0.983858], 
              [0.246006, 0.00404411, 0.749895, 5.5069e-05], 
              [0.00205467, 4.4911e-05, 4.4911e-05, 0.997856], 
              [0.00405427, 4.4911e-05, 0.0560337, 0.939867], 
              [5.5069e-05, 4.4911e-05, 0.144016, 0.855884], 
              [0.781899, 4.4911e-05, 0.206004, 0.0120527], 
              [0.00805347, 0.797885, 0.00804331, 0.186018], 
              [0.317991, 0.138017, 0.00404411, 0.539947], 
              [0.0320487, 0.313982, 0.108023, 0.545946], 
              [0.463962, 0.0200409, 0.0160417, 0.499955], 
              [0.218011, 0.0980253, 0.493946, 0.190017], 
              [0.108033, 0.259993, 0.393966, 0.238007]
            ]
          }, {
            "db": 0,
            "id": "FOXA2_HUMAN.H11MO.0.A",
            "len": 12,
            "nsites": 500,
            "evalue": "1.0e+000",
            "url": "http://hocomoco.autosome.ru/motif/FOXA2_HUMAN.H11MO.0.A",
            "pwm": [
              [0.0160519, 4.4911e-05, 0.00204451, 0.981859], 
              [0.196016, 0.00204451, 0.799885, 0.00205467], 
              [5.5069e-05, 0.00404411, 4.4911e-05, 0.995856], 
              [0.00205467, 4.4911e-05, 0.0440361, 0.953864], 
              [5.5069e-05, 4.4911e-05, 0.144016, 0.855884], 
              [0.757903, 4.4911e-05, 0.235998, 0.00605387], 
              [0.00805347, 0.887867, 0.00204451, 0.102035], 
              [0.401975, 0.122021, 4.4911e-05, 0.47596], 
              [0.0440463, 0.409963, 0.120021, 0.42597], 
              [0.563942, 0.00804331, 0.0400369, 0.387977], 
              [0.190017, 0.0960257, 0.549935, 0.164022], 
              [0.128029, 0.357973, 0.281989, 0.232009]
            ]
          }, {
            "db": 0,
            "id": "FOXA3_HUMAN.H11MO.0.B",
            "len": 13,
            "nsites": 500,
            "evalue": "1.0e+000",
            "url": "http://hocomoco.autosome.ru/motif/FOXA3_HUMAN.H11MO.0.B",
            "pwm": [
              [0.158023, 0.465952, 0.216002, 0.160023], 
              [0.228009, 0.249995, 0.0780293, 0.443966], 
              [0.0120527, 4.4911e-05, 0.00604371, 0.981859], 
              [0.246006, 0.00804331, 0.737897, 0.00805347], 
              [0.00805347, 0.0220405, 0.0140421, 0.955864], 
              [0.00605387, 4.4911e-05, 0.0360377, 0.957864], 
              [0.00805347, 4.4911e-05, 0.271991, 0.719911], 
              [0.855884, 0.00604371, 0.114022, 0.0240503], 
              [0.00405427, 0.87387, 0.0220405, 0.100035], 
              [0.367981, 0.152015, 0.00804331, 0.471961], 
              [0.0940363, 0.231999, 0.106024, 0.567941], 
              [0.42597, 0.0140421, 0.0540341, 0.505954], 
              [0.154024, 0.116022, 0.577929, 0.152025]
            ]
          }, {
            "db": 0,
            "id": "FOXF1_HUMAN.H11MO.0.D",
            "len": 11,
            "nsites": 8,
            "evalue": "1.0e+000",
            "url": "http://hocomoco.autosome.ru/motif/FOXF1_HUMAN.H11MO.0.D",
            "pwm": [
              [0.413712, 0.151647, 0.151647, 0.282993], 
              [0.0034, 0.00277284, 0.00277284, 0.991054], 
              [0.134119, 0.00277284, 0.859708, 0.0034], 
              [0.0034, 0.00277284, 0.00277284, 0.991054], 
              [0.0034, 0.00277284, 0.00277284, 0.991054], 
              [0.0034, 0.00277284, 0.00277284, 0.991054], 
              [0.729616, 0.0681323, 0.198851, 0.0034], 
              [0.0034, 0.133492, 0.00277284, 0.860335], 
              [0.0215554, 0.151647, 0.151647, 0.67515], 
              [0.264838, 0.169803, 0.00277284, 0.562587], 
              [0.431868, 0.00277284, 0.0390837, 0.526276]
            ]
          }, {
            "db": 0,
            "id": "FOXF2_HUMAN.H11MO.0.D",
            "len": 11,
            "nsites": 26,
            "evalue": "1.0e+000",
            "url": "http://hocomoco.autosome.ru/motif/FOXF2_HUMAN.H11MO.0.D",
            "pwm": [
              [0.0162485, 0.0160539, 0.0160539, 0.951644], 
              [0.146718, 0.000860537, 0.82098, 0.0314419], 
              [0.00105517, 0.000860537, 0.0312473, 0.966837], 
              [0.122602, 0.000860537, 0.000860537, 0.875677], 
              [0.122602, 0.000860537, 0.0312473, 0.84529], 
              [0.770637, 0.000860537, 0.227447, 0.00105517], 
              [0.00105517, 0.7825, 0.0312473, 0.185197], 
              [0.284651, 0.255891, 0.0595303, 0.399927], 
              [0.0415574, 0.0413627, 0.010976, 0.906104], 
              [0.480972, 0.000860537, 0.0312473, 0.48692], 
              [0.254264, 0.010976, 0.357288, 0.377472]
            ]
          }, {
            "db": 0,
            "id": "FOXJ2_HUMAN.H11MO.0.C",
            "len": 10,
            "nsites": 41,
            "evalue": "1.0e+000",
            "url": "http://hocomoco.autosome.ru/motif/FOXJ2_HUMAN.H11MO.0.C",
            "pwm": [
              [0.000670073, 0.0242354, 0.000546472, 0.974548], 
              [0.308626, 0.000546472, 0.64278, 0.0480479], 
              [0.000670073, 0.000546472, 0.0242354, 0.974548], 
              [0.000670073, 0.000546472, 0.000546472, 0.998237], 
              [0.000670073, 0.000546472, 0.000546472, 0.998237], 
              [0.548147, 0.000546472, 0.450636, 0.000670073], 
              [0.000670073, 0.19269, 0.000546472, 0.806093], 
              [0.119115, 0.216379, 0.000546472, 0.66396], 
              [0.000670073, 0.0242354, 0.237436, 0.737659], 
              [0.465236, 0.0834577, 0.130836, 0.320471]
            ]
          }, {
            "db": 0,
            "id": "FOXL1_HUMAN.H11MO.0.D",
            "len": 19,
            "nsites": 1207,
            "evalue": "1.0e+000",
            "url": "http://hocomoco.autosome.ru/motif/FOXL1_HUMAN.H11MO.0.D",
            "pwm": [
              [0.160531, 0.163841, 0.22266, 0.452968], 
              [0.140235, 0.189108, 0.444265, 0.226392], 
              [0.191183, 0.0404047, 0.132361, 0.636051], 
              [0.0629836, 0.0240431, 0.0414402, 0.871533], 
              [0.000644139, 0.00063993, 0.00063993, 0.998076], 
              [0.0874224, 0.000432822, 0.90508, 0.00706449], 
              [0.00830713, 1.86066e-05, 1.86066e-05, 0.991656], 
              [2.2815e-05, 1.86066e-05, 1.86066e-05, 0.99994], 
              [2.2815e-05, 1.86066e-05, 1.86066e-05, 0.99994], 
              [0.470572, 1.86066e-05, 0.529387, 2.2815e-05], 
              [2.2815e-05, 1.86066e-05, 1.86066e-05, 0.99994], 
              [2.2815e-05, 1.86066e-05, 1.86066e-05, 0.99994], 
              [2.2815e-05, 1.86066e-05, 1.86066e-05, 0.99994], 
              [0.985857, 1.86066e-05, 0.0116167, 0.00250811], 
              [0.000851247, 0.511989, 0.000847038, 0.486312], 
              [0.41486, 0.0188654, 0.0213507, 0.544924], 
              [0.103991, 0.0145162, 0.0186583, 0.862835], 
              [0.226185, 0.0174157, 0.0149304, 0.741469], 
              [0.193255, 0.125319, 0.0838973, 0.597529]
            ]
          }, {
            "db": 0,
            "id": "FOXM1_HUMAN.H11MO.0.A",
            "len": 12,
            "nsites": 500,
            "evalue": "1.0e+000",
            "url": "http://hocomoco.autosome.ru/motif/FOXM1_HUMAN.H11MO.0.A",
            "pwm": [
              [0.0560439, 0.0240401, 0.0340381, 0.885878], 
              [0.252005, 0.0220405, 0.715902, 0.0100531], 
              [0.0260499, 0.0300389, 0.0560337, 0.887878], 
              [5.5069e-05, 0.0680313, 0.0620325, 0.869881], 
              [0.00205467, 0.00204451, 0.0720305, 0.92387], 
              [0.319991, 0.0540341, 0.587927, 0.0380475], 
              [0.0740403, 0.745896, 0.0180413, 0.162023], 
              [0.246006, 0.160013, 0.0380373, 0.555944], 
              [0.0480455, 0.289987, 0.142017, 0.519951], 
              [0.359983, 0.0380373, 0.0280393, 0.57394], 
              [0.108033, 0.160013, 0.445956, 0.285998], 
              [0.166022, 0.341977, 0.257993, 0.234008]
            ]
          }, {
            "db": 0,
            "id": "GATA1_HUMAN.H11MO.0.A",
            "len": 19,
            "nsites": 500,
            "evalue": "1.0e+000",
            "url": "http://hocomoco.autosome.ru/motif/GATA1_HUMAN.H11MO.0.A",
            "pwm": [
              [0.192017, 0.403964, 0.206004, 0.198015], 
              [0.116032, 0.144016, 0.190007, 0.549945], 
              [0.0560439, 0.0780293, 0.639917, 0.22601], 
              [0.118031, 0.206004, 0.389967, 0.285998], 
              [0.194016, 0.313982, 0.281989, 0.210013], 
              [0.268001, 0.245996, 0.277989, 0.208013], 
              [0.22401, 0.210003, 0.367971, 0.198015], 
              [0.262003, 0.168011, 0.339977, 0.230009], 
              [0.214012, 0.224, 0.313982, 0.248005], 
              [0.331989, 0.188007, 0.32398, 0.156024], 
              [0.184018, 0.387967, 0.321981, 0.106034], 
              [0.719911, 0.0200409, 0.00804331, 0.252005], 
              [0.00605387, 4.4911e-05, 0.993846, 5.5069e-05], 
              [0.995856, 4.4911e-05, 4.4911e-05, 0.00405427], 
              [0.00205467, 4.4911e-05, 0.0120425, 0.985858], 
              [0.945866, 0.00404411, 0.0140421, 0.0360479], 
              [0.857884, 0.0160417, 0.0900269, 0.0360479], 
              [0.214012, 0.154014, 0.553934, 0.0780395], 
              [0.351985, 0.188007, 0.345976, 0.114032]
            ]
          }, {
            "db": 0,
            "id": "GATA1_HUMAN.H11MO.1.A",
            "len": 11,
            "nsites": 500,
            "evalue": "1.0e+000",
            "url": "http://hocomoco.autosome.ru/motif/GATA1_HUMAN.H11MO.1.A",
            "pwm": [
              [0.345986, 0.116022, 0.303984, 0.234008], 
              [0.152025, 0.441957, 0.305984, 0.100035], 
              [0.699915, 0.0140421, 0.00804331, 0.277999], 
              [5.5069e-05, 4.4911e-05, 0.997845, 0.00205467], 
              [0.999855, 4.4911e-05, 4.4911e-05, 5.5069e-05], 
              [0.00605387, 0.00804331, 4.4911e-05, 0.985858], 
              [0.969861, 0.00804331, 0.00604371, 0.0160519], 
              [0.921871, 0.00404411, 0.0580333, 0.0160519], 
              [0.140027, 0.17401, 0.663912, 0.0220507], 
              [0.371981, 0.200005, 0.339977, 0.0880375], 
              [0.339987, 0.216002, 0.321981, 0.122031]
            ]
          }, {
            "db": 0,
            "id": "GATA2_HUMAN.H11MO.0.A",
            "len": 19,
            "nsites": 500,
            "evalue": "1.0e+000",
            "url": "http://hocomoco.autosome.ru/motif/GATA2_HUMAN.H11MO.0.A",
            "pwm": [
              [0.132029, 0.451955, 0.226, 0.190017], 
              [0.12403, 0.104024, 0.158013, 0.613932], 
              [0.0800391, 0.0500349, 0.651915, 0.218011], 
              [0.132029, 0.222001, 0.413962, 0.232009], 
              [0.272001, 0.156014, 0.289987, 0.281999], 
              [0.303994, 0.158013, 0.305984, 0.232009], 
              [0.248005, 0.198005, 0.367971, 0.186018], 
              [0.270001, 0.196006, 0.27599, 0.258003], 
              [0.222011, 0.224, 0.267991, 0.285998], 
              [0.32599, 0.114022, 0.343976, 0.216012], 
              [0.192017, 0.337977, 0.371971, 0.0980355], 
              [0.7739, 0.00404411, 0.00804331, 0.214012], 
              [5.5069e-05, 4.4911e-05, 0.995846, 0.00405427], 
              [0.985858, 4.4911e-05, 0.00804331, 0.00605387], 
              [0.00605387, 0.00204451, 0.0160417, 0.97586], 
              [0.965862, 0.00604371, 4.4911e-05, 0.0280495], 
              [0.843886, 0.0100429, 0.114022, 0.0320487], 
              [0.140027, 0.168011, 0.627919, 0.0640423], 
              [0.343986, 0.192007, 0.389967, 0.0740403]
            ]
          }, {
            "db": 0,
            "id": "GATA2_HUMAN.H11MO.1.A",
            "len": 11,
            "nsites": 500,
            "evalue": "1.0e+000",
            "url": "http://hocomoco.autosome.ru/motif/GATA2_HUMAN.H11MO.1.A",
            "pwm": [
              [0.349985, 0.116022, 0.331979, 0.202015], 
              [0.164022, 0.435958, 0.347975, 0.0520447], 
              [0.751905, 0.0100429, 0.00604371, 0.232009], 
              [5.5069e-05, 0.00204451, 0.993846, 0.00405427], 
              [0.97786, 0.0140421, 0.00604371, 0.00205467], 
              [0.0160519, 0.0400369, 0.0480353, 0.895876], 
              [0.861883, 0.0500349, 0.0300389, 0.0580435], 
              [0.769901, 0.0220405, 0.186008, 0.0220507], 
              [0.148025, 0.239997, 0.567931, 0.0440463], 
              [0.417971, 0.17401, 0.369971, 0.0380475], 
              [0.417971, 0.144016, 0.27399, 0.164022]
            ]
          }, {
            "db": 0,
            "id": "GATA3_HUMAN.H11MO.0.A",
            "len": 11,
            "nsites": 500,
            "evalue": "1.0e+000",
            "url": "http://hocomoco.autosome.ru/motif/GATA3_HUMAN.H11MO.0.A",
            "pwm": [
              [0.447965, 0.0920265, 0.253994, 0.206014], 
              [0.347985, 0.303984, 0.261993, 0.0860379], 
              [0.7779, 0.00604371, 0.00804331, 0.208013], 
              [0.0100531, 0.00404411, 0.985848, 5.5069e-05], 
              [0.987858, 0.00404411, 0.00604371, 0.00205467], 
              [0.146026, 0.0100429, 0.0400369, 0.803894], 
              [0.921871, 0.0160417, 0.0420365, 0.0200511], 
              [0.867882, 0.00204451, 0.0940261, 0.0360479], 
              [0.329989, 0.224, 0.403964, 0.0420467], 
              [0.557943, 0.120021, 0.255994, 0.0660419], 
              [0.443966, 0.0800289, 0.224, 0.252005]
            ]
          }, {
            "db": 0,
            "id": "GATA4_HUMAN.H11MO.0.A",
            "len": 10,
            "nsites": 500,
            "evalue": "1.0e+000",
            "url": "http://hocomoco.autosome.ru/motif/GATA4_HUMAN.H11MO.0.A",
            "pwm": [
              [0.367981, 0.128019, 0.311983, 0.192017], 
              [0.188017, 0.429959, 0.283988, 0.0980355], 
              [0.663922, 0.00804331, 0.0160417, 0.311993], 
              [0.00405427, 4.4911e-05, 0.995846, 5.5069e-05], 
              [0.979859, 0.00404411, 0.00804331, 0.00805347], 
              [0.00805347, 0.0220405, 0.0400369, 0.929869], 
              [0.961863, 0.00404411, 0.00404411, 0.0300491], 
              [0.917872, 0.00204451, 0.0700309, 0.0100531], 
              [0.0940363, 0.182009, 0.697905, 0.0260499], 
              [0.569941, 0.142017, 0.255994, 0.0320487]
            ]
          }, {
            "db": 0,
            "id": "GATA5_HUMAN.H11MO.0.D",
            "len": 17,
            "nsites": 13,
            "evalue": "1.0e+000",
            "url": "http://hocomoco.autosome.ru/motif/GATA5_HUMAN.H11MO.0.D",
            "pwm": [
              [0.310078, 0.0787084, 0.0872633, 0.52395], 
              [0.395627, 0.292581, 0.232696, 0.0790962], 
              [0.703603, 0.138593, 0.0787084, 0.0790962], 
              [0.301523, 0.164257, 0.318245, 0.215974], 
              [0.52395, 0.0017145, 0.164257, 0.310078], 
              [0.00210229, 0.0017145, 0.994081, 0.00210229], 
              [0.994469, 0.0017145, 0.0017145, 0.00210229], 
              [0.00210229, 0.0017145, 0.0017145, 0.994469], 
              [0.686493, 0.0017145, 0.0017145, 0.310078], 
              [0.686493, 0.0017145, 0.147148, 0.164645], 
