<!DOCTYPE HTML>
<html>
  <head>
    <meta charset="UTF-8">
    <title>SpaMo - Spaced Motif Analysis</title>
    <script type="text/javascript">
      //@JSON_VAR data
      var data = {"program":"SpaMo","version":"4.12.0","revision":"aacc9c3eb8c7b460b344d5c8aa1458097dae704d","release":"Tue Jun 27 16:22:50 2017 -0700","host":"Sudins-iMac.local","when":"Thu May 24 12:45:03 2018","cmd":["spamo","-verbosity","1","-oc","results/AHRpeaks_noAHREs.bed-399.fa/jaspar/spamo_out_7","-bgfile","results/AHRpeaks_noAHREs.bed-399.fa/jaspar/background","-primary","CMCRG","results/AHRpeaks_noAHREs.bed-399.fa/jaspar/AHRpeaks_noAHREs.bed-399.fa","results/AHRpeaks_noAHREs.bed-399.fa/jaspar/dreme_out/dreme.xml","results/AHRpeaks_noAHREs.bed-399.fa/jaspar/meme_out/meme.xml","results/AHRpeaks_noAHREs.bed-399.fa/jaspar/dreme_out/dreme.xml","/Users/filipov4/meme/db/motif_databases/JASPAR/JASPAR2018_CORE_non-redundant.meme"],"options":{"seq_min_hit_score":7,"margin":150,"bin_size":1,"bin_pvalue_calc_range":150,"use_best_secondary":0,"seq_max_shared_fract":0.5,"seq_odds_ratio":20,"bin_pvalue_cutoff":0.05,"motif_evalue_cutoff":10,"redundant_overlap":2,"redundant_joint":0.5,"motif_pseudocount":0.1,"bgfile":"results/AHRpeaks_noAHREs.bed-399.fa/jaspar/background","motif_trim":0.25,"xalph":0,"seed":1,"bin_max":10},"alphabet":{"name":"DNA","like":"dna","ncore":4,"symbols":[{"symbol":"A","name":"Adenine","colour":"CC0000","complement":"T"},{"symbol":"C","name":"Cytosine","colour":"0000CC","complement":"G"},{"symbol":"G","name":"Guanine","colour":"FFB300","complement":"C"},{"symbol":"T","aliases":"U","name":"Thymine","colour":"008000","complement":"A"},{"symbol":"N","aliases":"X.","name":"Any base","equals":"ACGT"},{"symbol":"V","name":"Not T","equals":"ACG"},{"symbol":"H","name":"Not G","equals":"ACT"},{"symbol":"D","name":"Not C","equals":"AGT"},{"symbol":"B","name":"Not A","equals":"CGT"},{"symbol":"M","name":"Amino","equals":"AC"},{"symbol":"R","name":"Purine","equals":"AG"},{"symbol":"W","name":"Weak","equals":"AT"},{"symbol":"S","name":"Strong","equals":"CG"},{"symbol":"Y","name":"Pyrimidine","equals":"CT"},{"symbol":"K","name":"Keto","equals":"GT"}]},"background":[0.2906,0.2094,0.2094,0.2906],"sequence_dbs":[{"source":"results/AHRpeaks_noAHREs.bed-399.fa/jaspar/AHRpeaks_noAHREs.bed-399.fa","name":"AHRpeaks_noAHREs.bed-399","last_modified":"Thu May 24 11:14:35 2018","loaded":1181,"excluded_too_short":0,"excluded_no_match":519,"excluded_ambigs":0,"excluded_similar":4,"erased_primary_matches":1580}],"primary_dbs":[{"source":"results/AHRpeaks_noAHREs.bed-399.fa/jaspar/dreme_out/dreme.xml","name":"dreme.xml","last_modified":"Thu May 24 12:43:41 2018","loaded":6,"excluded":5}],"secondary_dbs":[{"source":"results/AHRpeaks_noAHREs.bed-399.fa/jaspar/meme_out/meme.xml","name":"meme.xml","last_modified":"Thu May 24 12:42:58 2018","loaded":7,"excluded":0},{"source":"results/AHRpeaks_noAHREs.bed-399.fa/jaspar/dreme_out/dreme.xml","name":"dreme.xml","last_modified":"Thu May 24 12:43:41 2018","loaded":7,"excluded":1},{"source":"/Users/filipov4/meme/db/motif_databases/JASPAR/JASPAR2018_CORE_non-redundant.meme","name":"JASPAR2018_CORE_non-redundant","last_modified":"Thu Dec  7 14:38:42 2017","loaded":1404,"excluded":0}],"secondary_motifs":[{"db":0,"id":"AAAAYTCTAGAAGATARCATYRGAAAAMCC","alt":"MEME-7","len":30,"ltrim":0,"rtrim":0,"nsites":6,"evalue":"3.3e-013","pwm":[[0.98837,0.00343279,0.00343279,0.00476393],[0.98837,0.00343279,0.00343279,0.00476393],[0.98837,0.00343279,0.00343279,0.00476393],[0.98837,0.00343279,0.00343279,0.00476393],[0.00476393,0.331301,0.00343279,0.660502],[0.00476393,0.167368,0.00343279,0.824436],[0.00476393,0.987039,0.00343279,0.00476393],[0.00476393,0.167368,0.00343279,0.824436],[0.824436,0.00343279,0.167368,0.00476393],[0.00476393,0.00343279,0.823105,0.168699],[0.98837,0.00343279,0.00343279,0.00476393],[0.98837,0.00343279,0.00343279,0.00476393],[0.00476393,0.00343279,0.987039,0.00476393],[0.98837,0.00343279,0.00343279,0.00476393],[0.00476393,0.00343279,0.00343279,0.98837],[0.98837,0.00343279,0.00343279,0.00476393],[0.660502,0.00343279,0.331301,0.00476393],[0.00476393,0.987039,0.00343279,0.00476393],[0.824436,0.167368,0.00343279,0.00476393],[0.00476393,0.00343279,0.00343279,0.98837],[0.168699,0.495236,0.00343279,0.332632],[0.496567,0.00343279,0.495236,0.00476393],[0.168699,0.00343279,0.823105,0.00476393],[0.98837,0.00343279,0.00343279,0.00476393],[0.824436,0.00343279,0.167368,0.00476393],[0.98837,0.00343279,0.00343279,0.00476393],[0.824436,0.00343279,0.00343279,0.168699],[0.660502,0.331301,0.00343279,0.00476393],[0.00476393,0.987039,0.00343279,0.00476393],[0.00476393,0.987039,0.00343279,0.00476393]]},{"db":0,"id":"CAWGACCAAGARYYCAAARGCA","alt":"MEME-5","len":22,"ltrim":0,"rtrim":0,"nsites":12,"evalue":"3.3e-013","pwm":[[0.00240165,0.993466,0.00173058,0.00240165],[0.746203,0.249664,0.00173058,0.00240165],[0.33298,0.00173058,0.00173058,0.663559],[0.0850459,0.0843749,0.828177,0.00240165],[0.911493,0.0843749,0.00173058,0.00240165],[0.00240165,0.745532,0.16702,0.0850459],[0.0850459,0.910822,0.00173058,0.00240165],[0.911493,0.0843749,0.00173058,0.00240165],[0.828848,0.0843749,0.0843749,0.00240165],[0.167691,0.00173058,0.745532,0.0850459],[0.828848,0.00173058,0.00173058,0.167691],[0.415625,0.0843749,0.497598,0.00240165],[0.00240165,0.497598,0.00173058,0.498269],[0.00240165,0.580243,0.0843749,0.33298],[0.00240165,0.993466,0.00173058,0.00240165],[0.828848,0.00173058,0.00173058,0.167691],[0.828848,0.00173058,0.16702,0.00240165],[0.911493,0.00173058,0.0843749,0.00240165],[0.580914,0.00173058,0.414954,0.00240165],[0.00240165,0.0843749,0.828177,0.0850459],[0.00240165,0.910822,0.0843749,0.00240165],[0.828848,0.00173058,0.00173058,0.167691]]},{"db":1,"id":"AGATAA","alt":"DREME-5","len":6,"ltrim":0,"rtrim":0,"nsites":103,"evalue":"2.1e-004","pwm":[[0.999312,0.000203104,0.000203104,0.000281862],[0.000281862,0.000203104,0.999233,0.000281862],[0.999312,0.000203104,0.000203104,0.000281862],[0.000281862,0.000203104,0.000203104,0.999312],[0.999312,0.000203104,0.000203104,0.000281862],[0.999312,0.000203104,0.000203104,0.000281862]]},{"db":2,"id":"MA0035.3","alt":"Gata1","len":11,"ltrim":0,"rtrim":0,"nsites":17955,"url":"http://jaspar2018.genereg.net/matrix/MA0035.3","pwm":[[0.11334,0.240657,0.140908,0.505095],[0.0281835,0.35678,0.1555,0.459537],[1.61848e-06,0.828123,0.02434,0.147537],[1.61848e-06,0.03882,1.16624e-06,0.961177],[1.61848e-06,1.16624e-06,1.16624e-06,0.999996],[0.999996,1.16624e-06,1.16624e-06,1.61848e-06],[1.61848e-06,1.16624e-06,1.16624e-06,0.999996],[1.61848e-06,0.999996,1.16624e-06,1.61848e-06],[0.120636,1.16624e-06,1.16624e-06,0.879362],[0.139349,0.343413,0.37243,0.144807],[0.105041,0.282484,0.0890007,0.523474]]},{"db":2,"id":"MA0205.1","alt":"Trl","len":10,"ltrim":0,"rtrim":1,"nsites":71,"url":"http://jaspar2018.genereg.net/matrix/MA0205.1","pwm":[[0.0566675,0.309718,0.126877,0.506738],[0.0847969,0.323783,0.155007,0.436415],[0.169185,0.0846827,0.422235,0.323897],[0.00040872,0.900435,0.0424891,0.0566675],[0.0426033,0.000294515,0.1972,0.759902],[0.0144739,0.984823,0.000294515,0.00040872],[0.18325,0.000294515,0.0284239,0.788031],[0.0707327,0.759788,0.0987478,0.0707327],[0.0988621,0.183136,0.155007,0.562996],[0.126991,0.46443,0.140941,0.267638]]},{"db":2,"id":"MA0216.2","alt":"cad","len":11,"ltrim":0,"rtrim":0,"nsites":2303,"url":"http://jaspar2018.genereg.net/matrix/MA0216.2","pwm":[[0.370818,9.0921e-06,0.496297,0.132877],[0.249676,0.148071,0.602241,1.26178e-05],[1.26178e-05,0.643055,9.0921e-06,0.356923],[0.32349,0.64045,9.0921e-06,0.0360511],[0.919209,9.0921e-06,0.0807696,1.26178e-05],[1.26178e-05,0.0412583,9.0921e-06,0.95872],[0.970878,9.0921e-06,9.0921e-06,0.0291034],[0.999969,9.0921e-06,9.0921e-06,1.26178e-05],[0.999969,9.0921e-06,9.0921e-06,1.26178e-05],[0.710794,0.0499419,0.0638363,0.175428],[0.454183,0.327828,9.0921e-06,0.21798]]},{"db":2,"id":"MA0264.1","alt":"ceh-22","len":11,"ltrim":1,"rtrim":0,"nsites":98,"url":"http://jaspar2018.genereg.net/matrix/MA0264.1","pwm":[[0.336688,0.153118,0.316218,0.193977],[0.081846,0.723965,0.193894,0.000296228],[0.000296228,0.907451,0.000213456,0.0920396],[0.938733,0.0103042,0.000213456,0.0507497],[0.0104898,0.989,0.000213456,0.000296228],[0.000296228,0.000213456,0.000213456,0.999277],[0.000296228,0.161665,0.000213456,0.837826],[0.0716524,0.275443,0.642415,0.0104898],[0.958914,0.000213456,0.000213456,0.040659],[0.469206,0.29583,0.204087,0.030877],[0.520174,0.204087,0.153118,0.12262]]},{"db":2,"id":"MA0336.1","alt":"MGA1","len":21,"ltrim":6,"rtrim":6,"nsites":998,"url":"http://jaspar2018.genereg.net/matrix/MA0336.1","pwm":[[0.384761,0.0911938,0.206413,0.317632],[0.305304,0.124133,0.376359,0.194204],[0.240486,0.268531,0.318626,0.172357],[0.367727,0.171347,0.306603,0.154323],[0.252256,0.280273,0.194196,0.273275],[0.116249,0.20441,0.230459,0.448882],[0.787738,0.00302368,0.198199,0.011039],[0.192202,0.11012,0.16617,0.531508],[0.702364,0.197396,0.0982071,0.00203291],[0.00503861,0.00202478,0.990904,0.00203291],[0.992909,0.00202678,0.00302968,0.00203491],[0.990921,0.00202278,0.00202278,0.00503361],[0.0120519,0.816572,0.0150495,0.156326],[0.846484,0.0391341,0.0822597,0.0321219],[0.0681583,0.505982,0.070154,0.355704],[0.20362,0.180545,0.195588,0.420248],[0.301602,0.353693,0.0841805,0.260524],[0.291583,0.268531,0.0972052,0.34268],[0.442312,0.0702249,0.229687,0.257776],[0.440867,0.168341,0.10522,0.285572],[0.343024,0.295879,0.216649,0.144448]]},{"db":2,"id":"MA0442.2","alt":"SOX10","len":11,"ltrim":2,"rtrim":2,"nsites":2055,"url":"http://jaspar2018.genereg.net/matrix/MA0442.2","pwm":[[0.332358,0.193188,0.256446,0.218009],[0.351822,0.137716,0.277856,0.232606],[0.544027,0.181023,0.154261,0.120689],[0.984394,0.00195609,0.00147012,0.0121785],[0.00147407,0.967846,0.00536293,0.0253169],[0.987314,0.00341602,0.00341602,0.00585286],[0.957632,0.0136345,0.00974172,0.0189912],[0.953253,0.0112016,0.00584891,0.0296967],[0.0048799,0.00633588,0.979038,0.00974567],[0.324086,0.26861,0.301213,0.106092],[0.310461,0.27007,0.24574,0.173729]]},{"db":2,"id":"MA0465.1","alt":"CDX2","len":11,"ltrim":1,"rtrim":0,"nsites":1597,"url":"http://jaspar2018.genereg.net/matrix/MA0465.1","pwm":[[0.383839,0.199751,0.300558,0.115853],[0.416398,0.0050218,0.314332,0.264247],[0.192868,0.0851678,0.721947,1.81955e-05],[1.81955e-05,0.656202,1.31113e-05,0.343767],[0.436434,0.520957,1.31113e-05,0.0425955],[0.999956,1.31113e-05,1.31113e-05,1.81955e-05],[1.81955e-05,1.31113e-05,1.31113e-05,0.999956],[0.999956,1.31113e-05,1.31113e-05,1.81955e-05],[0.999956,1.31113e-05,1.31113e-05,1.81955e-05],[0.999956,1.31113e-05,1.31113e-05,1.81955e-05],[0.634292,0.0939332,0.195993,0.0757805]]},{"db":2,"id":"MA0515.1","alt":"Sox6","len":10,"ltrim":0,"rtrim":0,"nsites":249,"url":"http://jaspar2018.genereg.net/matrix/MA0515.1","pwm":[[0.0161742,0.558093,0.200806,0.224926],[0.00011666,0.887278,8.40627e-05,0.112522],[0.646443,8.40627e-05,8.40627e-05,0.353389],[0.00011666,8.40627e-05,8.40627e-05,0.999715],[0.00011666,8.40627e-05,8.40627e-05,0.999715],[0.00011666,8.40627e-05,0.999683,0.00011666],[0.00011666,8.40627e-05,8.40627e-05,0.999715],[0.00011666,0.461746,0.020156,0.517981],[0.0161742,0.449702,8.40627e-05,0.534039],[0.0563191,0.305183,0.124532,0.513966]]},{"db":2,"id":"MA0715.1","alt":"PROP1","len":11,"ltrim":0,"rtrim":0,"nsites":660,"url":"http://jaspar2018.genereg.net/matrix/MA0715.1","pwm":[[0.0954846,0.018211,0.0151814,0.871124],[0.981124,3.17225e-05,3.17225e-05,0.0188122],[0.996427,3.17225e-05,0.0034972,4.40236e-05],[0.0609558,0.0579719,0.0267737,0.854298],[0.0449092,0.334917,0.0320779,0.588096],[0.317704,0.0989747,0.135428,0.447893],[0.890002,0.0588468,3.17225e-05,0.0511203],[0.912604,0.004793,0.0730367,0.00956658],[0.0035095,3.17225e-05,3.17225e-05,0.996427],[0.0212828,0.0294393,0.00983424,0.939444],[0.902576,3.17225e-05,0.0235762,0.0738158]]},{"db":2,"id":"MA0877.1","alt":"Barhl1","len":10,"ltrim":2,"rtrim":2,"nsites":6264,"url":"http://jaspar2018.genereg.net/matrix/MA0877.1","pwm":[[0.193808,0.259099,0.338919,0.208175],[0.17989,0.344611,0.178931,0.296568],[0.0855603,0.00594825,3.34286e-06,0.908488],[0.963983,3.34286e-06,0.00815821,0.0278542],[0.99333,3.34286e-06,0.00618724,0.000480632],[0.272949,0.0352058,0.164225,0.527619],[0.155457,0.166695,0.160084,0.517765],[0.194981,0.0372737,0.69287,0.0748764],[0.181356,0.327744,0.293581,0.197319],[0.157225,0.280925,0.190742,0.371108]]},{"db":2,"id":"MA0934.1","alt":"AHL25","len":8,"ltrim":0,"rtrim":0,"nsites":1000,"url":"http://jaspar2018.genereg.net/matrix/MA0934.1","pwm":[[0.871942,0.0260183,0.0530156,0.0490242],[0.615353,0.00401654,0.00601434,0.374617],[0.207008,0.00402054,0.00302064,0.78595],[0.225007,0.00302064,0.00202074,0.769952],[0.769952,0.00202074,0.00302064,0.225007],[0.78595,0.00302064,0.00402054,0.207008],[0.374617,0.00601434,0.00401654,0.615353],[0.0490242,0.0530156,0.0260183,0.871942]]},{"db":2,"id":"MA0946.1","alt":"ARR11","len":8,"ltrim":0,"rtrim":0,"nsites":1000,"url":"http://jaspar2018.genereg.net/matrix/MA0946.1","pwm":[[0.624967,0.0510158,0.0550154,0.269002],[0.927864,0.0110308,0.029047,0.0320579],[0.00502856,0.00202074,0.981923,0.011028],[0.98992,0.00202274,0.00402454,0.00403266],[0.00703536,0.00302364,0.00202274,0.987918],[0.731956,0.0220187,0.00402054,0.242005],[0.00302876,0.832938,0.00202074,0.162013],[0.0140277,0.00502044,0.967924,0.0130278]]},{"db":2,"id":"MA1159.1","alt":"SGR5","len":15,"ltrim":0,"rtrim":0,"nsites":600,"url":"http://jaspar2018.genereg.net/matrix/MA1159.1","pwm":[[0.4883,0.21,0.0666908,0.235009],[0.57162,0.0950191,0.266657,0.0667043],[0.566621,0.0800216,0.193336,0.160022],[0.721595,3.48942e-05,0.0733557,0.205014],[0.516629,0.0266975,0.0450274,0.411647],[0.809913,0.0366958,0.153342,4.84252e-05],[0.886568,0.00670078,0.0366958,0.0700368],[0.0550393,3.48942e-05,0.943211,0.00171515],[0.984884,0.0100332,3.48942e-05,0.00504759],[4.84252e-05,0.998202,0.00170162,4.84252e-05],[0.986551,0.00170162,0.0117,4.84252e-05],[0.996549,0.00170162,3.48942e-05,0.00171515],[0.933226,0.0166991,0.0183648,0.0317101],[0.713263,0.0566925,0.0350291,0.195016],[0.474969,0.138345,0.07169,0.314996]]},{"db":2,"id":"MA1189.1","alt":"AT5G61620","len":15,"ltrim":1,"rtrim":0,"nsites":599,"url":"http://jaspar2018.genereg.net/matrix/MA1189.1","pwm":[[0.342228,0.136907,0.248741,0.272123],[0.429025,0.0300799,0.113539,0.427356],[0.347236,0.0167262,0.0167262,0.619311],[0.292154,0.0501096,0.186982,0.470755],[0.190334,0.0968468,0.0100503,0.702769],[0.160289,3.49525e-05,0.839628,4.85061e-05],[4.85061e-05,3.49525e-05,0.999868,4.85061e-05],[0.999882,3.49525e-05,3.49525e-05,4.85061e-05],[4.85061e-05,3.49525e-05,3.49525e-05,0.999882],[0.933115,0.0267415,0.0150574,0.0250863],[0.854664,3.49525e-05,0.0885012,0.0568],[0.252093,0.0784859,0.517478,0.151943],[0.44071,0.0918396,0.318847,0.148605],[0.308845,0.118546,0.0584562,0.514153],[0.29883,0.0868315,0.103524,0.510814]]},{"db":2,"id":"MA1195.1","alt":"AT5G56840","len":15,"ltrim":0,"rtrim":1,"nsites":600,"url":"http://jaspar2018.genereg.net/matrix/MA1195.1","pwm":[[0.558288,0.0750224,0.0950191,0.27167],[0.628277,0.0333623,0.120015,0.218345],[0.0783684,0.539945,0.0616916,0.319995],[0.190017,0.596602,0.0983515,0.115029],[0.0183784,0.0400282,0.00336734,0.938225],[0.0217118,0.0316966,0.0117,0.934893],[0.989883,0.00503406,3.48942e-05,0.00504759],[4.84252e-05,0.00336734,0.00170162,0.994883],[4.84252e-05,0.999868,3.48942e-05,4.84252e-05],[0.0100468,0.801568,3.48942e-05,0.18835],[0.719928,0.0100332,0.0783548,0.191683],[0.373319,0.143344,0.0500266,0.433309],[0.554956,0.00670078,0.0166991,0.421645],[0.423311,0.113349,0.041695,0.421645],[0.328327,0.244994,0.146677,0.280002]]},{"db":2,"id":"MA1268.1","alt":"AT1G69570","len":27,"ltrim":1,"rtrim":2,"nsites":596,"url":"http://jaspar2018.genereg.net/matrix/MA1268.1","pwm":[[0.219811,0.201343,0.0956571,0.483189],[0.231554,0.142628,0.104045,0.521773],[0.152708,0.0855908,0.137596,0.624105],[0.125867,0.0704933,0.1896,0.61404],[0.114124,0.441236,0.0369419,0.407698],[0.583844,0.12082,0.135918,0.159418],[4.87502e-05,0.999867,3.51284e-05,4.87502e-05],[4.87502e-05,0.0402964,3.51284e-05,0.95962],[4.87502e-05,0.006745,3.51284e-05,0.993171],[4.87502e-05,3.51284e-05,3.51284e-05,0.999881],[0.149353,0.0352642,0.0134559,0.801927],[0.134254,0.172825,0.100689,0.592231],[0.164451,0.419428,0.0990115,0.31711],[0.134254,0.253349,0.0503627,0.562035],[0.10909,0.134241,0.0352642,0.721405],[0.110768,0.104045,0.0419741,0.743213],[0.140965,0.100689,0.0570726,0.701273],[0.162773,0.18289,0.060428,0.593909],[0.130899,0.23825,0.100689,0.530161],[0.191292,0.184568,0.0855908,0.538549],[0.122511,0.167792,0.11411,0.595587],[0.134254,0.137596,0.0939794,0.63417],[0.166128,0.127531,0.0872685,0.619073],[0.203035,0.166114,0.0990115,0.531839],[0.191292,0.149339,0.135918,0.523451],[0.224843,0.164438,0.122498,0.488222],[0.256717,0.204699,0.0805586,0.458026]]},{"db":2,"id":"MA1294.1","alt":"MYB62","len":15,"ltrim":4,"rtrim":1,"nsites":440,"url":"http://jaspar2018.genereg.net/matrix/MA1294.1","pwm":[[0.449964,0.136381,0.21818,0.195477],[0.386342,0.200002,0.168191,0.245465],[0.463597,0.109114,0.172735,0.254553],[0.484047,0.150013,0.138652,0.227287],[0.515858,0.0523087,0.136381,0.295454],[0.679457,0.0273144,0.131836,0.161393],[0.254553,0.0727581,0.597639,0.075049],[6.60304e-05,4.75801e-05,0.011409,0.988477],[6.60304e-05,4.75801e-05,4.75801e-05,0.999839],[0.933945,4.75801e-05,4.75801e-05,0.0659601],[6.60304e-05,4.75801e-05,0.99982,6.60304e-05],[6.60304e-05,4.75801e-05,0.99982,6.60304e-05],[0.0114274,0.427223,0.011409,0.549941],[0.51813,0.106841,0.161375,0.213653],[0.295454,0.150013,0.304523,0.250009]]},{"db":2,"id":"MA1398.1","alt":"At5g47390","len":15,"ltrim":3,"rtrim":0,"nsites":599,"url":"http://jaspar2018.genereg.net/matrix/MA1398.1","pwm":[[0.375612,0.198666,0.0868315,0.33889],[0.317191,0.203674,0.111869,0.367266],[0.462408,0.121885,0.105192,0.310515],[0.484108,0.0751474,0.153598,0.287146],[0.126905,0.475749,0.0801556,0.317191],[0.227056,0.500786,0.0951781,0.176981],[0.0184094,0.0734787,3.49525e-05,0.908077],[0.0184094,0.0100503,0.0250728,0.946469],[0.999882,3.49525e-05,3.49525e-05,4.85061e-05],[4.85061e-05,3.49525e-05,3.49525e-05,0.999882],[4.85061e-05,0.999868,3.49525e-05,4.85061e-05],[4.85061e-05,0.879688,3.49525e-05,0.120228],[0.736153,0.00671184,0.123553,0.133582],[0.357251,0.210351,0.0467721,0.385627],[0.509146,0.0267415,0.0150574,0.449056]]}],"sequence_names":["chr10:109508900-109509499","chr10:110212850-110213349","chr10:111946450-111946999","chr10:116105950-116106449","chr10:116579050-116579499","chr10:123019800-123020249","chr10:123271400-123271999","chr10:20911600-20912149","chr10:24122850-24123399","chr10:25110950-25111449","chr10:29393600-29394699","chr10:30971200-30971649","chr10:34716250-34716699","chr10:50022850-50023399","chr10:68874550-68875099","chr10:7275150-7275949","chr10:7353100-7353999","chr10:8767900-8768349","chr11:115175450-115175999","chr11:70651950-70652399","chr11:9927900-9928449","chr12:105071250-105071799","chr12:109554050-109554649","chr12:116864900-116865899","chr12:117353750-117354549","chr12:123547100-123547699","chr12:124672850-124673349","chr12:124723400-124723899","chr12:44917600-44918199","chr12:58704350-58705049","chr12:60130550-60131149","chr12:67479500-67479949","chr12:68319100-68319999","chr12:79941250-79941699","chr12:81262200-81262849","chr12:83076050-83077149","chr12:83302900-83303399","chr12:90156350-90156949","chr12:97962100-97962949","chr13:33919800-33920399","chr13:34253200-34253999","chr13:34263300-34263849","chr13:34698900-34699299","chr13:51218200-51218849","chr14:100525650-100526299","chr14:22764600-22765149","chr14:24134350-24135049","chr14:24865350-24865799","chr14:32603800-32604349","chr14:42661700-42662799","chr14:52840050-52840699","chr14:59721000-59721649","chr14:65340500-65340949","chr14:71938050-71939249","chr14:77770050-77770549","chr14:93439600-93440849","chr14:93477800-93478499","chr14:99372800-99373349","chr15:29362400-29362799","chr15:29474800-29475599","chr15:39960600-39961099","chr15:42219950-42220599","chr15:58622100-58622649","chr15:70616400-70616849","chr15:70983100-70983549","chr15:75054300-75054749","chr15:83879150-83880049","chr15:85473150-85473799","chr15:88063300-88064299","chr15:91974050-91974949","chr15:99411600-99412199","chr16:11085350-11086149","chr16:22243800-22244599","chr16:48743850-48744349","chr16:52598500-52599449","chr16:70170450-70170849","chr16:72969700-72970399","chr16:78330900-78331399","chr16:79711800-79712549","chr16:82170650-82171349","chr16:83847800-83848199","chr16:85924900-85925549","chr17:55978600-55979299","chr17:59632500-59633149","chr17:60780350-60780749","chr17:60878800-60879399","chr17:64948050-64948849","chr17:70712300-70712699","chr17:78690100-78690649","chr18:55937200-55937699","chr18:568350-569099","chr19:11007450-11007849","chr19:35809900-35810349","chr19:54523250-54523799","chr1:118175050-118175449","chr1:151521000-151521949","chr1:172076500-172077099","chr1:179368400-179369049","chr1:204534700-204535149","chr1:221785500-221785999","chr1:244883100-244883499","chr1:42333750-42334299","chr1:76525100-76525599","chr1:81632350-81633449","chr1:8963700-8964149","chr1:90355750-90356149","chr20:1396300-1396849","chr20:14859150-14860299","chr20:19110550-19111349","chr20:19916400-19916799","chr20:30181250-30181699","chr20:42052850-42053599","chr20:45768300-45769049","chr20:46093100-46093749","chr20:47321600-47322549","chr20:49294550-49295499","chr20:49306150-49306999","chr20:49380650-49381349","chr20:55880650-55881299","chr21:15249250-15249749","chr21:36604600-36605499","chr21:38128800-38129299","chr21:40159350-40159849","chr22:27290650-27291249","chr22:47856550-47857099","chr2:10367150-10367649","chr2:10626900-10627799","chr2:111504650-111505599","chr2:120818100-120818499","chr2:140465800-140466499","chr2:143631800-143632399","chr2:149925750-149926349","chr2:159058700-159059449","chr2:161488800-161489749","chr2:1635550-1636249","chr2:172420950-172421499","chr2:186678300-186678699","chr2:19172650-19173249","chr2:213770400-213771199","chr2:217622250-217623099","chr2:221089550-221090399","chr2:221547300-221547799","chr2:223843200-223843749","chr2:224540900-224541349","chr2:9165800-9166249","chr3:10018350-10018999","chr3:101899250-101899999","chr3:126792550-126793399","chr3:139634800-139635899","chr3:14309800-14310549","chr3:14864200-14864949","chr3:149104550-149105099","chr3:15675500-15676049","chr3:160746450-160746949","chr3:161129500-161130599","chr3:180576700-180577349","chr3:184837950-184838549","chr3:187753950-187754449","chr3:25732500-25733099","chr3:29982400-29982849","chr3:50187950-50188549","chr3:56425500-56426299","chr3:70852350-70853449","chr3:80048950-80049649","chr3:9140250-9140849","chr3:96850200-96850899","chr4:131057400-131058299","chr4:148900450-148901299","chr4:153199500-153200099","chr4:183672550-183673249","chr4:186190000-186191099","chr4:187684000-187684449","chr4:28261100-28261499","chr5:11724900-11725449","chr5:118873250-118874099","chr5:123149550-123150249","chr5:123430450-123431149","chr5:127270450-127271099","chr5:131725100-131726049","chr5:135389150-135389949","chr5:140325200-140326099","chr5:148508550-148509249","chr5:172879950-172881099","chr5:172899600-172900349","chr5:172990100-172990699","chr5:32887350-32887999","chr5:39712550-39713649","chr5:53039550-53040149","chr5:57365500-57366299","chr5:66502750-66503199","chr5:68625550-68626249","chr5:73025000-73025449","chr6:10230700-10231349","chr6:143163750-143164299","chr6:149382200-149382949","chr6:151953400-151954499","chr6:151954550-151955349","chr6:15817050-15817949","chr6:16964750-16965599","chr6:42106350-42106949","chr6:45413500-45413949","chr6:51086250-51086799","chr6:53191150-53191999","chr6:89440250-89440799","chr6:93875450-93876099","chr7:101132050-101132699","chr7:105470750-105471199","chr7:107939550-107940149","chr7:107981150-107981699","chr7:11300800-11301749","chr7:115913150-115913749","chr7:127899850-127900299","chr7:140675700-140676399","chr7:156925300-156926049","chr7:16707450-16708099","chr7:24531800-24532499","chr7:77616650-77617199","chr7:7950850-7951749","chr7:83652000-83652399","chr7:84165300-84166099","chr8:100717950-100718449","chr8:113639300-113639849","chr8:116879000-116880149","chr8:129188750-129189549","chr8:26165450-26166049","chr8:37160000-37160749","chr8:38440850-38441399","chr8:54644900-54645349","chr8:68624350-68625049","chr8:69765000-69767049","chr8:71368350-71369099","chr8:71405250-71406149","chr8:94080450-94081099","chr9:110005750-110006549","chr9:110893150-110893649","chr9:128263100-128263799","chr9:129564650-129565349","chr9:130336550-130337199","chr9:2235450-2236099","chr9:33328950-33329549","chr9:90885500-90886299","chrX:122722400-122723199","chrX:38665050-38665449","chrX:40377350-40377999","chrX:7077200-7077649","chrX:9384550-9385399"],"primaries":[{"motif":{"db":0,"id":"CMCRG","alt":"DREME-2","len":5,"ltrim":0,"rtrim":0,"nsites":968,"evalue":"4.8e-009","pwm":[[3.00176e-05,0.999918,2.163e-05,3.00176e-05],[0.572285,0.427663,2.163e-05,3.00176e-05],[3.00176e-05,0.999918,2.163e-05,3.00176e-05],[0.86461,2.163e-05,0.135339,3.00176e-05],[3.00176e-05,2.163e-05,0.999918,3.00176e-05]]},"secondaries":[[{"idx":1,"counts":[[0,0,0,0,0,0,0,0,0,0,0,0,0,0,0,0,0,0,0,0,0,0,0,0,0,0,0,0,0,0,0,0,0,0,0,0,0,0,0,1,0,0,0,0,0,1,0,0,0,0,0,1,0,0,0,0,0,1,0,0,0,0,0,0,0,0,0,0,0,0,0,0,0,0,0,0,0,0,0,1,0,0,0,0,0,0,0,0,0,0,1,0,0,0,0,1,0,0,0,0,0,0,0,0,0,0,0,0,0,0,0,0,0,0,0,0,0,0,0,0,0,0,0,0,0,0,0,0,0,0],[0,0,0,0,1,0,0,0,0,0,0,0,0,0,0,0,0,0,0,0,0,0,0,0,0,0,0,0,0,0,0,0,0,0,0,0,0,0,0,0,0,0,0,0,0,0,0,0,0,0,0,0,0,0,0,0,0,0,0,0,0,0,0,0,0,0,0,0,0,0,0,0,0,0,0,0,0,0,0,0,0,0,0,0,0,0,0,0,0,0,0,0,0,0,0,0,0,0,0,0,0,0,0,0,0,0,0,0,0,0,0,0,0,0,0,0,0,0,0,0,0,0,0,0,0,0,0,0,0,0],[0,0,0,0,0,0,0,0,0,0,0,0,0,0,0,0,0,0,0,0,0,0,0,0,0,0,0,0,1,0,0,0,0,0,0,0,0,0,0,0,0,0,0,0,0,0,0,0,0,0,0,0,0,0,0,0,0,0,0,0,0,0,0,0,0,0,0,0,0,0,0,0,0,0,0,0,0,0,0,0,0,0,0,0,0,0,0,0,0,0,0,0,0,0,0,0,0,0,0,0,0,0,0,0,0,0,0,0,0,0,0,0,0,0,0,0,0,0,0,0,0,0,0,0,0,0,0,0,0,0],[0,0,0,0,0,0,0,0,0,0,0,0,1,0,0,0,0,0,0,0,0,1,0,0,0,0,5,0,0,0,0,0,0,0,0,0,1,0,0,0,0,0,0,0,0,0,0,0,0,0,0,0,0,0,0,0,0,0,0,0,0,0,0,0,0,0,0,0,0,0,0,0,0,0,0,0,0,0,0,0,0,0,0,0,0,0,0,0,0,0,0,0,0,0,0,0,0,0,0,1,0,0,0,0,0,0,0,0,0,0,0,0,0,0,0,0,0,0,0,0,0,0,0,0,0,0,0,0,0,0]],"spacings":[{"orient":3,"bin":26,"pvalue":2.29355e-10,"inferred_pwm":[[0,1,0,0],[1,0,0,0],[0,0,0,1],[0,0,1,0],[1,0,0,0],[0,0.8,0.2,0],[0,1,0,0],[1,0,0,0],[1,0,0,0],[0,0,1,0],[1,0,0,0],[0.8,0,0.2,0],[0,1,0,0],[0,0.8,0,0.2],[0,1,0,0],[1,0,0,0],[1,0,0,0],[1,0,0,0],[1,0,0,0],[0,0.2,0.8,0],[0,1,0,0],[1,0,0,0]],"alignment_pwm":[null,null,null,[[0,0.8,0,0.2],[0,0.2,0,0.8],[0,0,0.6,0.4],[0,0.2,0.2,0.6],[0,0.2,0,0.8],[0,0,0,1],[0.6,0,0,0.4],[0.2,0.6,0,0.2],[0,0.2,0,0.8],[0,0.6,0.2,0.2],[0,0.25,0,0.75],[0,0,0.75,0.25],[0,0.75,0.25,0],[0,0.25,0,0.75],[0,0,0.75,0.25],[0.6,0.2,0.2,0],[0.4,0.6,0,0],[0.2,0.2,0,0.6],[0.2,0,0.6,0.2],[0.2,0,0.2,0.6],[0,0,0.2,0.8],[0,0.8,0,0.2],[0,0.8,0,0.2],[0,0.2,0.2,0.6],[0,0.2,0,0.8],[0,0,0,1],[0,0,0,1],[0.2,0,0.6,0.2],[0,0.333333,0.666667,0],[0,0.5,0,0.5],[0.5,0,0,0.5],[0,0,0,1],[0.5,0,0.5,0],[0.25,0.75,0,0],[0.6,0.2,0,0.2],[0.8,0,0,0.2],[1,0,0,0],[0.8,0.2,0,0],[0.4,0,0.6,0],[0,0.6,0.2,0.2],[0,0.2,0,0.8],[0,0.8,0,0.2],[0.2,0.2,0,0.6],[0.2,0,0.2,0.6],[0,0,0,1],[0.8,0,0,0.2],[0.2,0,0.8,0],[0,0,0.2,0.8],[0,0,0,1],[0.2,0,0,0.8],[0.8,0,0,0.2],[1,0,0,0],[0.2,0,0,0.8],[0,0,0,1],[0.8,0,0,0.2],[0.6,0,0.4,0],[0,0,1,0],[0,0,0,1],[0,1,0,0],[0,1,0,0],[0,1,0,0],[1,0,0,0],[0,0,1,0],[0.2,0.8,0,0],[0,0,0,1],[1,0,0,0],[0,0,0,1],[0.2,0,0,0.8],[0,0,0,1],[1,0,0,0],[0,0,0,1],[0,1,0,0],[0,0,0,1],[0,0,0,1],[0,0,0,1],[0,0,1,0],[0,0,0,1],[0,0,0,1],[0,0,0,1],[0,0,0,1],[0,0,0,1],[1,0,0,0],[0,0,0,1],[0,0,0,1],[0,0,1,0],[0,1,0,0],[0.8,0,0,0.2],[0,0,0,1],[0,0,0,1],[0,0,0,1],[0,0,1,0],[0,0.8,0.2,0],[0,0,0,1],[0,0,0,1],[0,0,0,1],[0,0,0,1],[0,0,1,0],[0.2,0,0.8,0],[0,0,1,0],[0,0.2,0,0.8],[0,0,0,1],[0,1,0,0],[0,0,0,1],[0,0,0,1],[0,0,1,0],[0,0.2,0.8,0],[0,0,0,1],[0,1,0,0],[1,0,0,0],[0,0,0,1],[0,0,1,0],[1,0,0,0],[0.8,0,0.2,0],[1,0,0,0],[0,0.2,0,0.8],[0,1,0,0],[0,1,0,0],[0,0,0,1],[0,0,0,1],[0,0,1,0],[0,1,0,0]]],"seqs":[88,97,176,187,216]},{"orient":5,"bin":26,"pvalue":7.18664e-09,"inferred_pwm":[[0,1,0,0],[1,0,0,0],[0,0,0,1],[0,0,1,0],[1,0,0,0],[0,0.8,0.2,0],[0,1,0,0],[1,0,0,0],[1,0,0,0],[0,0,1,0],[1,0,0,0],[0.8,0,0.2,0],[0,1,0,0],[0,0.8,0,0.2],[0,1,0,0],[1,0,0,0],[1,0,0,0],[1,0,0,0],[1,0,0,0],[0,0.2,0.8,0],[0,1,0,0],[1,0,0,0]],"alignment_pwm":[null,null,null,[[0,0.8,0,0.2],[0,0.2,0,0.8],[0,0,0.6,0.4],[0,0.2,0.2,0.6],[0,0.2,0,0.8],[0,0,0,1],[0.6,0,0,0.4],[0.2,0.6,0,0.2],[0,0.2,0,0.8],[0,0.6,0.2,0.2],[0,0.25,0,0.75],[0,0,0.75,0.25],[0,0.75,0.25,0],[0,0.25,0,0.75],[0,0,0.75,0.25],[0.6,0.2,0.2,0],[0.4,0.6,0,0],[0.2,0.2,0,0.6],[0.2,0,0.6,0.2],[0.2,0,0.2,0.6],[0,0,0.2,0.8],[0,0.8,0,0.2],[0,0.8,0,0.2],[0,0.2,0.2,0.6],[0,0.2,0,0.8],[0,0,0,1],[0,0,0,1],[0.2,0,0.6,0.2],[0,0.333333,0.666667,0],[0,0.5,0,0.5],[0.5,0,0,0.5],[0,0,0,1],[0.5,0,0.5,0],[0.25,0.75,0,0],[0.6,0.2,0,0.2],[0.8,0,0,0.2],[1,0,0,0],[0.8,0.2,0,0],[0.4,0,0.6,0],[0,0.6,0.2,0.2],[0,0.2,0,0.8],[0,0.8,0,0.2],[0.2,0.2,0,0.6],[0.2,0,0.2,0.6],[0,0,0,1],[0.8,0,0,0.2],[0.2,0,0.8,0],[0,0,0.2,0.8],[0,0,0,1],[0.2,0,0,0.8],[0.8,0,0,0.2],[1,0,0,0],[0.2,0,0,0.8],[0,0,0,1],[0.8,0,0,0.2],[0.6,0,0.4,0],[0,0,1,0],[0,0,0,1],[0,1,0,0],[0,1,0,0],[0,1,0,0],[1,0,0,0],[0,0,1,0],[0.2,0.8,0,0],[0,0,0,1],[1,0,0,0],[0,0,0,1],[0.2,0,0,0.8],[0,0,0,1],[1,0,0,0],[0,0,0,1],[0,1,0,0],[0,0,0,1],[0,0,0,1],[0,0,0,1],[0,0,1,0],[0,0,0,1],[0,0,0,1],[0,0,0,1],[0,0,0,1],[0,0,0,1],[1,0,0,0],[0,0,0,1],[0,0,0,1],[0,0,1,0],[0,1,0,0],[0.8,0,0,0.2],[0,0,0,1],[0,0,0,1],[0,0,0,1],[0,0,1,0],[0,0.8,0.2,0],[0,0,0,1],[0,0,0,1],[0,0,0,1],[0,0,0,1],[0,0,1,0],[0.2,0,0.8,0],[0,0,1,0],[0,0.2,0,0.8],[0,0,0,1],[0,1,0,0],[0,0,0,1],[0,0,0,1],[0,0,1,0],[0,0.2,0.8,0],[0,0,0,1],[0,1,0,0],[1,0,0,0],[0,0,0,1],[0,0,1,0],[1,0,0,0],[0.8,0,0.2,0],[1,0,0,0],[0,0.2,0,0.8],[0,1,0,0],[0,1,0,0],[0,0,0,1],[0,0,0,1],[0,0,1,0],[0,1,0,0]]],"seqs":[88,97,176,187,216]},{"orient":7,"bin":26,"pvalue":7.18664e-09,"inferred_pwm":[[0,1,0,0],[1,0,0,0],[0,0,0,1],[0,0,1,0],[1,0,0,0],[0,0.8,0.2,0],[0,1,0,0],[1,0,0,0],[1,0,0,0],[0,0,1,0],[1,0,0,0],[0.8,0,0.2,0],[0,1,0,0],[0,0.8,0,0.2],[0,1,0,0],[1,0,0,0],[1,0,0,0],[1,0,0,0],[1,0,0,0],[0,0.2,0.8,0],[0,1,0,0],[1,0,0,0]],"alignment_pwm":[null,null,null,[[0,0.8,0,0.2],[0,0.2,0,0.8],[0,0,0.6,0.4],[0,0.2,0.2,0.6],[0,0.2,0,0.8],[0,0,0,1],[0.6,0,0,0.4],[0.2,0.6,0,0.2],[0,0.2,0,0.8],[0,0.6,0.2,0.2],[0,0.25,0,0.75],[0,0,0.75,0.25],[0,0.75,0.25,0],[0,0.25,0,0.75],[0,0,0.75,0.25],[0.6,0.2,0.2,0],[0.4,0.6,0,0],[0.2,0.2,0,0.6],[0.2,0,0.6,0.2],[0.2,0,0.2,0.6],[0,0,0.2,0.8],[0,0.8,0,0.2],[0,0.8,0,0.2],[0,0.2,0.2,0.6],[0,0.2,0,0.8],[0,0,0,1],[0,0,0,1],[0.2,0,0.6,0.2],[0,0.333333,0.666667,0],[0,0.5,0,0.5],[0.5,0,0,0.5],[0,0,0,1],[0.5,0,0.5,0],[0.25,0.75,0,0],[0.6,0.2,0,0.2],[0.8,0,0,0.2],[1,0,0,0],[0.8,0.2,0,0],[0.4,0,0.6,0],[0,0.6,0.2,0.2],[0,0.2,0,0.8],[0,0.8,0,0.2],[0.2,0.2,0,0.6],[0.2,0,0.2,0.6],[0,0,0,1],[0.8,0,0,0.2],[0.2,0,0.8,0],[0,0,0.2,0.8],[0,0,0,1],[0.2,0,0,0.8],[0.8,0,0,0.2],[1,0,0,0],[0.2,0,0,0.8],[0,0,0,1],[0.8,0,0,0.2],[0.6,0,0.4,0],[0,0,1,0],[0,0,0,1],[0,1,0,0],[0,1,0,0],[0,1,0,0],[1,0,0,0],[0,0,1,0],[0.2,0.8,0,0],[0,0,0,1],[1,0,0,0],[0,0,0,1],[0.2,0,0,0.8],[0,0,0,1],[1,0,0,0],[0,0,0,1],[0,1,0,0],[0,0,0,1],[0,0,0,1],[0,0,0,1],[0,0,1,0],[0,0,0,1],[0,0,0,1],[0,0,0,1],[0,0,0,1],[0,0,0,1],[1,0,0,0],[0,0,0,1],[0,0,0,1],[0,0,1,0],[0,1,0,0],[0.8,0,0,0.2],[0,0,0,1],[0,0,0,1],[0,0,0,1],[0,0,1,0],[0,0.8,0.2,0],[0,0,0,1],[0,0,0,1],[0,0,0,1],[0,0,0,1],[0,0,1,0],[0.2,0,0.8,0],[0,0,1,0],[0,0.2,0,0.8],[0,0,0,1],[0,1,0,0],[0,0,0,1],[0,0,0,1],[0,0,1,0],[0,0.2,0.8,0],[0,0,0,1],[0,1,0,0],[1,0,0,0],[0,0,0,1],[0,0,1,0],[1,0,0,0],[0.8,0,0.2,0],[1,0,0,0],[0,0.2,0,0.8],[0,1,0,0],[0,1,0,0],[0,0,0,1],[0,0,0,1],[0,0,1,0],[0,1,0,0]]],"seqs":[88,97,176,187,216]},{"orient":8,"bin":26,"pvalue":2.20486e-07,"inferred_pwm":[[0,1,0,0],[1,0,0,0],[0,0,0,1],[0,0,1,0],[1,0,0,0],[0,0.8,0.2,0],[0,1,0,0],[1,0,0,0],[1,0,0,0],[0,0,1,0],[1,0,0,0],[0.8,0,0.2,0],[0,1,0,0],[0,0.8,0,0.2],[0,1,0,0],[1,0,0,0],[1,0,0,0],[1,0,0,0],[1,0,0,0],[0,0.2,0.8,0],[0,1,0,0],[1,0,0,0]],"alignment_pwm":[null,null,null,[[0,0.8,0,0.2],[0,0.2,0,0.8],[0,0,0.6,0.4],[0,0.2,0.2,0.6],[0,0.2,0,0.8],[0,0,0,1],[0.6,0,0,0.4],[0.2,0.6,0,0.2],[0,0.2,0,0.8],[0,0.6,0.2,0.2],[0,0.25,0,0.75],[0,0,0.75,0.25],[0,0.75,0.25,0],[0,0.25,0,0.75],[0,0,0.75,0.25],[0.6,0.2,0.2,0],[0.4,0.6,0,0],[0.2,0.2,0,0.6],[0.2,0,0.6,0.2],[0.2,0,0.2,0.6],[0,0,0.2,0.8],[0,0.8,0,0.2],[0,0.8,0,0.2],[0,0.2,0.2,0.6],[0,0.2,0,0.8],[0,0,0,1],[0,0,0,1],[0.2,0,0.6,0.2],[0,0.333333,0.666667,0],[0,0.5,0,0.5],[0.5,0,0,0.5],[0,0,0,1],[0.5,0,0.5,0],[0.25,0.75,0,0],[0.6,0.2,0,0.2],[0.8,0,0,0.2],[1,0,0,0],[0.8,0.2,0,0],[0.4,0,0.6,0],[0,0.6,0.2,0.2],[0,0.2,0,0.8],[0,0.8,0,0.2],[0.2,0.2,0,0.6],[0.2,0,0.2,0.6],[0,0,0,1],[0.8,0,0,0.2],[0.2,0,0.8,0],[0,0,0.2,0.8],[0,0,0,1],[0.2,0,0,0.8],[0.8,0,0,0.2],[1,0,0,0],[0.2,0,0,0.8],[0,0,0,1],[0.8,0,0,0.2],[0.6,0,0.4,0],[0,0,1,0],[0,0,0,1],[0,1,0,0],[0,1,0,0],[0,1,0,0],[1,0,0,0],[0,0,1,0],[0.2,0.8,0,0],[0,0,0,1],[1,0,0,0],[0,0,0,1],[0.2,0,0,0.8],[0,0,0,1],[1,0,0,0],[0,0,0,1],[0,1,0,0],[0,0,0,1],[0,0,0,1],[0,0,0,1],[0,0,1,0],[0,0,0,1],[0,0,0,1],[0,0,0,1],[0,0,0,1],[0,0,0,1],[1,0,0,0],[0,0,0,1],[0,0,0,1],[0,0,1,0],[0,1,0,0],[0.8,0,0,0.2],[0,0,0,1],[0,0,0,1],[0,0,0,1],[0,0,1,0],[0,0.8,0.2,0],[0,0,0,1],[0,0,0,1],[0,0,0,1],[0,0,0,1],[0,0,1,0],[0.2,0,0.8,0],[0,0,1,0],[0,0.2,0,0.8],[0,0,0,1],[0,1,0,0],[0,0,0,1],[0,0,0,1],[0,0,1,0],[0,0.2,0.8,0],[0,0,0,1],[0,1,0,0],[1,0,0,0],[0,0,0,1],[0,0,1,0],[1,0,0,0],[0.8,0,0.2,0],[1,0,0,0],[0,0.2,0,0.8],[0,1,0,0],[0,1,0,0],[0,0,0,1],[0,0,0,1],[0,0,1,0],[0,1,0,0]]],"seqs":[88,97,176,187,216]}]}],[{"idx":20,"counts":[[0,0,0,0,1,1,1,0,0,0,0,0,0,0,1,0,0,1,1,0,0,0,0,0,0,0,1,1,1,0,0,0,0,1,0,1,0,0,0,0,0,0,0,1,1,0,0,1,0,0,0,1,0,0,1,0,0,0,1,1,0,0,0,1,0,1,0,0,1,1,0,1,0,0,1,0,1,0,1,0,0,0,0,0,0,0,0,0,0,0,0,0,0,0,1,0,2,0,0,0,0,0,1,0,0,0,0,0,0,0,0,0,0,0,0,0,0,0,2,0,1,0,0,0,1,0,0,0,1,0,0,0,0,1,0,0,1,0,0,0],[0,0,1,0,2,1,0,0,0,0,1,0,0,0,0,0,0,0,0,0,0,0,0,0,0,0,0,0,0,0,1,0,1,1,0,0,1,0,0,0,0,1,0,1,1,0,0,1,0,0,1,1,1,0,0,0,0,0,0,0,0,0,0,0,0,0,0,0,0,1,0,0,0,1,1,0,0,0,0,0,0,1,0,1,0,0,1,4,0,0,0,0,0,1,0,0,0,0,0,2,0,0,1,0,1,0,0,0,1,0,0,0,0,0,1,0,1,0,1,1,0,0,0,0,0,0,1,1,1,0,1,0,0,0,1,0,0,0,0,0],[0,0,0,1,1,1,1,0,0,0,0,0,0,0,2,0,0,0,0,1,0,0,1,0,0,0,0,2,0,0,0,0,1,0,0,1,1,0,1,0,0,0,1,0,1,0,0,0,0,0,0,0,0,0,1,0,0,0,0,0,0,1,0,0,0,0,3,0,0,0,0,1,1,1,0,0,0,0,0,0,1,0,0,0,1,1,0,4,0,0,0,0,0,1,1,0,1,0,0,0,1,1,0,0,0,0,1,0,1,0,1,0,1,0,0,0,0,0,0,0,0,0,0,1,0,0,0,0,0,1,0,2,0,0,0,0,0,1,1,0],[0,0,1,1,0,0,0,0,1,0,0,0,0,0,0,0,0,0,0,0,0,0,0,0,0,1,0,0,1,0,0,0,0,1,0,0,1,0,0,0,0,0,0,0,1,1,0,0,0,0,0,1,1,0,0,0,0,0,0,1,0,1,0,0,1,0,0,0,0,1,0,0,0,0,0,0,0,0,0,0,0,0,0,0,0,0,0,0,0,0,0,1,1,0,0,0,1,2,0,0,1,0,0,0,0,0,0,0,0,0,0,0,0,1,0,1,3,0,0,0,0,0,1,0,0,0,0,0,0,0,1,0,0,0,0,0,0,1,0,0]],"spacings":[{"orient":6,"bin":87,"pvalue":1.09085e-07,"inferred_pwm":[[0.75,0,0.125,0.125],[0.25,0.125,0,0.625],[0.25,0.25,0.375,0.125],[0,0.125,0,0.875],[0,0.125,0,0.875],[1,0,0,0],[0,0,0,1],[0,1,0,0],[0,0.625,0,0.375],[0.25,0,0.25,0.5],[0.375,0.5,0,0.125],[0,0,0.125,0.875]],"alignment_pwm":[null,[[0,0.5,0.25,0.25],[0.25,0,0,0.75],[0,0.5,0,0.5],[0.25,0,0.25,0.5],[0,0,0,1],[0,0.25,0.25,0.5],[0,0.5,0,0.5],[0,0.5,0.25,0.25],[0.5,0,0,0.5],[0,0,0.25,0.75],[0.5,0,0.25,0.25],[0.25,0,0.25,0.5],[0.25,0,0.5,0.25],[0.25,0.25,0,0.5],[0,0,0.5,0.5],[0.25,0,0.25,0.5],[0.5,0,0,0.5],[0,0.25,0.25,0.5],[0.5,0,0.25,0.25],[0.25,0,0.5,0.25],[0.25,0.25,0.25,0.25],[0.25,0,0.25,0.5],[0,0,0,1],[0.333333,0,0.333333,0.333333],[0.5,0,0,0.5],[0.5,0,0.5,0],[0.5,0,0.5,0],[0.666667,0,0.333333,0],[0,0,0.666667,0.333333],[0.5,0,0,0.5],[0,0,0,1],[0,0,0.5,0.5],[0,0.5,0,0.5],[0.25,0.25,0,0.5],[0,0.5,0.25,0.25],[0,0,0.5,0.5],[0.25,0.5,0,0.25],[0.25,0.25,0.25,0.25],[0,0.5,0.25,0.25],[0.5,0,0.25,0.25],[0.333333,0.333333,0,0.333333],[0,0.333333,0,0.666667],[0,0.5,0,0.5],[0,0.5,0,0.5],[0,0.5,0.5,0],[0,0.333333,0.333333,0.333333],[0,0.333333,0.333333,0.333333],[0,0,0.5,0.5],[0.25,0,0,0.75],[0,0.5,0.25,0.25],[0,0.25,0.25,0.5],[0,0.5,0,0.5],[0,0.5,0,0.5],[0,0.25,0.25,0.5],[0,0.25,0.25,0.5],[0,0.5,0,0.5],[0,0.25,0,0.75],[0.25,0.25,0,0.5],[0.5,0.25,0,0.25],[0,0.25,0,0.75],[0,0.25,0.25,0.5],[0,0.5,0,0.5],[0,0,0.5,0.5],[0,0.5,0.5,0],[0,0.5,0,0.5],[0,0,0.5,0.5],[0.25,0.25,0.5,0],[0.5,0.5,0,0],[0.25,0.5,0,0.25],[0.25,0,0.25,0.5],[0.25,0,0.5,0.25],[0,0.25,0.25,0.5],[0,0.75,0,0.25],[0,0.5,0,0.5],[0.25,0.25,0.25,0.25],[0,0.25,0.25,0.5],[0.25,0,0,0.75],[0,0,0.25,0.75],[0.5,0,0.25,0.25],[0,0,0.666667,0.333333],[0,0,0,1],[0,0,0,1],[0,0,0.5,0.5],[0.5,0,0,0.5],[0.666667,0.333333,0,0],[0.5,0.25,0,0.25],[0.5,0,0.25,0.25],[0.75,0,0,0.25],[1,0,0,0],[0.25,0.25,0.5,0],[0.25,0.25,0.25,0.25],[0,0.25,0.25,0.5],[0.25,0.5,0,0.25],[0.25,0.5,0,0.25],[0.25,0,0,0.75],[0,0,0.25,0.75],[0.75,0,0,0.25],[0.25,0.25,0.5,0],[0,0,0.25,0.75],[0,0,0.25,0.75],[0.25,0,0.25,0.5],[0.5,0.25,0,0.25],[0.75,0,0,0.25],[0.25,0,0.25,0.5],[0,0,0,1],[0.5,0,0,0.5],[0.5,0,0.25,0.25],[0,0,0.75,0.25],[0,0,0,1],[0,1,0,0],[0,1,0,0],[0,1,0,0],[1,0,0,0],[0,0,1,0],[0,0.75,0,0.25],[0,0,0.25,0.75],[0.75,0,0,0.25],[0,0,0.25,0.75],[0,0,0,1],[0,0.25,0,0.75],[0.75,0,0,0.25],[0,0,0,1],[0,0.75,0.25,0],[0,0,0,1],[0,0.25,0,0.75],[0,0,0.25,0.75],[0,0,0.75,0.25],[0,0,0.25,0.75],[0.25,0,0,0.75],[0,0,0,1],[0.25,0,0,0.75],[0,0.25,0,0.75],[0.75,0,0,0.25],[0,0,0,1],[0,0,0,1],[0,0,0.75,0.25],[0.25,0.75,0,0],[1,0,0,0],[0,0,0.25,0.75],[0,0.25,0,0.75],[0,0,0,1],[0,0,1,0],[0,1,0,0],[0,0,0,1],[0,0,0,1],[0.25,0,0,0.75],[0,0,0,1],[0,0.25,0.75,0],[0,0.25,0.75,0],[0,0,1,0],[0,0.5,0,0.5],[0,0,0,1],[0,0.75,0,0.25],[0,0,0,1],[0,0,0.25,0.75],[0.25,0,0.75,0],[0.25,0.25,0.5,0],[0.25,0,0,0.75],[0.25,0.75,0,0],[0.75,0,0.25,0],[0.25,0,0,0.75],[0,0,0.75,0.25],[1,0,0,0],[0.5,0,0.25,0.25],[0.75,0,0.25,0],[0.25,0,0,0.75],[0,0.75,0,0.25],[0,1,0,0],[0,0,0,1],[0,0.25,0,0.75],[0,0.25,0.75,0],[0,1,0,0],[0,1,0,0],[0,0,0,1],[1,0,0,0],[1,0,0,0],[0.5,0,0.5,0],[0,0.75,0.25,0],[0,0.75,0.25,0],[0.75,0,0.25,0],[0.5,0,0.5,0],[0,0,0,1],[0.25,0.25,0.5,0],[0.25,0,0,0.75],[0,1,0,0],[0,0,0,1],[1,0,0,0],[0,0,0.75,0.25],[0.75,0,0,0.25],[1,0,0,0],[0,0,0.75,0.25],[0.25,0,0.75,0],[0.25,0,0.75,0],[0,0,0.25,0.75],[0.25,0,0,0.75],[0.25,0,0,0.75],[0,0.25,0,0.75],[0.25,0,0,0.75],[0.25,0.75,0,0],[0.25,0.75,0,0],[0.75,0,0,0.25],[1,0,0,0],[0,0.25,0,0.75],[0,0,0.75,0.25],[0,0.25,0,0.75],[0,0,0,1],[1,0,0,0],[0,0,0,1],[0,1,0,0],[0,0.5,0,0.5],[0.25,0,0,0.75],[0.25,0.75,0,0],[0,0,0.25,0.75],[0.75,0.25,0,0],[0.25,0,0.5,0.25],[0.75,0,0,0.25],[0.75,0.25,0,0],[0,0.25,0,0.75],[0.25,0,0,0.75],[0,0,0,1],[0,0,0,1],[0,0.25,0,0.75],[0.75,0,0,0.25]],[[0,0,0,1],[0.25,0,0.25,0.5],[0.25,0.25,0,0.5],[0.25,0,0.25,0.5],[0.25,0.25,0,0.5],[0,0.5,0.5,0],[0.25,0.25,0,0.5],[0.25,0,0.75,0],[0.75,0,0,0.25],[0.5,0.25,0.25,0],[1,0,0,0],[0.25,0,0.25,0.5],[0.25,0.5,0,0.25],[0.25,0,0.75,0],[0,0,1,0],[1,0,0,0],[0,0,0,1],[0.75,0,0.25,0],[1,0,0,0],[0,0,0.5,0.5],[0.5,0,0,0.5],[0.25,0.25,0,0.5],[0,0.25,0.25,0.5],[0,0.25,0.5,0.25],[0.25,0,0,0.75],[0.5,0,0,0.5],[0.5,0.25,0,0.25],[0.25,0,0,0.75],[0,0.5,0.5,0],[0.75,0.25,0,0],[0.25,0.25,0.25,0.25],[0.25,0.25,0.25,0.25],[0.75,0,0,0.25],[0.5,0.5,0,0],[0.25,0.25,0,0.5],[0,0,0,1],[0.5,0,0.25,0.25],[0.5,0,0.25,0.25],[0.25,0,0,0.75],[0,0.25,0.25,0.5],[0.5,0,0,0.5],[0.5,0.25,0,0.25],[0.25,0.25,0.25,0.25],[0.5,0.25,0.25,0],[0.75,0,0,0.25],[0.25,0,0.5,0.25],[0,0,0,1],[0.25,0,0.5,0.25],[0,0.5,0.5,0],[0.25,0.25,0,0.5],[0,0,0,1],[0.5,0,0.5,0],[0.25,0,0.25,0.5],[0.25,0.25,0.25,0.25],[0.25,0,0.5,0.25],[0.5,0,0.25,0.25],[0.25,0.25,0.25,0.25],[0.5,0,0.25,0.25],[0.5,0,0.25,0.25],[0.5,0.25,0,0.25],[0.5,0.25,0,0.25],[0.25,0,0.5,0.25],[0.25,0,0.75,0],[0,0.333333,0.666667,0],[0.333333,0.333333,0,0.333333],[0.333333,0,0.333333,0.333333],[0.333333,0,0.666667,0],[0.333333,0.333333,0,0.333333],[0.5,0.25,0,0.25],[0.25,0,0,0.75],[0,0,0.75,0.25],[0,0.75,0,0.25],[0.5,0.25,0,0.25],[0.25,0.25,0,0.5],[0.75,0,0,0.25],[0.25,0,0.5,0.25],[0.5,0,0,0.5],[0,0,0.5,0.5],[0.25,0.25,0,0.5],[0.75,0,0,0.25],[0.25,0.25,0,0.5],[0,0.5,0,0.5],[0.5,0,0.25,0.25],[0,0.25,0.25,0.5],[0.25,0.5,0,0.25],[0.25,0,0,0.75],[0.75,0.25,0,0],[0,0,0.5,0.5],[0,0.25,0.75,0],[0.25,0.25,0,0.5],[0.25,0.25,0.25,0.25],[0.25,0.25,0.25,0.25],[0