<!DOCTYPE HTML>
<html>
  <head>
    <meta charset="UTF-8">
    <title>TOMTOM</title>
    <script>
      // @JSON_VAR data
      var data = {
        "program": "Tomtom",
        "version": "4.12.0",
        "release": "Tue Jun 27 16:22:50 2017 -0700",
        "cmd": [
          "tomtom", "-verbosity", "1", "-oc",
          "results/AHRpeaks_not-in-DHSs.bed.fa/hocomoco/meme_tomtom_out",
          "-min-overlap", "5", "-dist", "pearson", "-evalue", "-thresh", "1",
          "-no-ssc", "-bfile",
          "results/AHRpeaks_not-in-DHSs.bed.fa/hocomoco/background",
          "results/AHRpeaks_not-in-DHSs.bed.fa/hocomoco/meme_out/meme.xml",
          "/Users/filipov4/meme/db/motif_databases/HUMAN/HOCOMOCOv11_full_HUMAN_mono_meme_format.meme"
        ],
        "options": {
          "strands": "both",
          "distance_measure": "pearson",
          "threshold_type": "evalue",
          "threshold_value": 1,
          "background_source": "file",
          "background_file": "results/AHRpeaks_not-in-DHSs.bed.fa/hocomoco/background"
        },
        "alphabet": {
          "name": "DNA",
          "like": "dna",
          "ncore": 4,
          "symbols": [
            {
              "symbol": "A",
              "name": "Adenine",
              "colour": "CC0000",
              "complement": "T"
            }, {
              "symbol": "C",
              "name": "Cytosine",
              "colour": "0000CC",
              "complement": "G"
            }, {
              "symbol": "G",
              "name": "Guanine",
              "colour": "FFB300",
              "complement": "C"
            }, {
              "symbol": "T",
              "aliases": "U",
              "name": "Thymine",
              "colour": "008000",
              "complement": "A"
            }, {
              "symbol": "N",
              "aliases": "X.",
              "name": "Any base",
              "equals": "ACGT"
            }, {
              "symbol": "V",
              "name": "Not T",
              "equals": "ACG"
            }, {
              "symbol": "H",
              "name": "Not G",
              "equals": "ACT"
            }, {
              "symbol": "D",
              "name": "Not C",
              "equals": "AGT"
            }, {
              "symbol": "B",
              "name": "Not A",
              "equals": "CGT"
            }, {
              "symbol": "M",
              "name": "Amino",
              "equals": "AC"
            }, {
              "symbol": "R",
              "name": "Purine",
              "equals": "AG"
            }, {
              "symbol": "W",
              "name": "Weak",
              "equals": "AT"
            }, {
              "symbol": "S",
              "name": "Strong",
              "equals": "CG"
            }, {
              "symbol": "Y",
              "name": "Pyrimidine",
              "equals": "CT"
            }, {
              "symbol": "K",
              "name": "Keto",
              "equals": "GT"
            }
          ]
        },
        "background": [0.2902, 0.2098, 0.2098, 0.2902],
        "query_dbs": [
          {
            "source": "results/AHRpeaks_not-in-DHSs.bed.fa/hocomoco/meme_out/meme.xml",
            "name": "meme",
            "loaded": 7,
            "excluded": 0,
            "last_modified": "Thu May 24 14:32:10 2018"
          }
        ],
        "target_dbs": [
          {
            "source": "/Users/filipov4/meme/db/motif_databases/HUMAN/HOCOMOCOv11_full_HUMAN_mono_meme_format.meme",
            "name": "HOCOMOCOv11 full HUMAN mono meme format",
            "loaded": 771,
            "excluded": 0,
            "last_modified": "Wed Dec  6 21:59:30 2017"
          }
        ],
        "queries": [
          {
            "db": 0,
            "id": "AAGCAAATRCAATARAAACAAASATAA",
            "alt": "MEME-1",
            "len": 27,
            "nsites": 7,
            "evalue": "4.1e-013",
            "pwm": [
              [0.849158, 0.00295493, 0.00295493, 0.144932], 
              [0.708313, 0.284645, 0.00295493, 0.00408732], 
              [0.144932, 0.00295493, 0.707181, 0.144932], 
              [0.00408732, 0.848025, 0.1438, 0.00408732], 
              [0.990003, 0.00295493, 0.00295493, 0.00408732], 
              [0.849158, 0.00295493, 0.1438, 0.00408732], 
              [0.849158, 0.00295493, 0.1438, 0.00408732], 
              [0.144932, 0.00295493, 0.00295493, 0.849158], 
              [0.426622, 0.00295493, 0.42549, 0.144932], 
              [0.144932, 0.848025, 0.00295493, 0.00408732], 
              [0.990003, 0.00295493, 0.00295493, 0.00408732], 
              [0.990003, 0.00295493, 0.00295493, 0.00408732], 
              [0.144932, 0.00295493, 0.00295493, 0.849158], 
              [0.849158, 0.1438, 0.00295493, 0.00408732], 
              [0.426622, 0.1438, 0.284645, 0.144932], 
              [0.990003, 0.00295493, 0.00295493, 0.00408732], 
              [0.849158, 0.00295493, 0.1438, 0.00408732], 
              [0.849158, 0.00295493, 0.1438, 0.00408732], 
              [0.00408732, 0.848025, 0.1438, 0.00408732], 
              [0.990003, 0.00295493, 0.00295493, 0.00408732], 
              [0.990003, 0.00295493, 0.00295493, 0.00408732], 
              [0.990003, 0.00295493, 0.00295493, 0.00408732], 
              [0.144932, 0.284645, 0.566336, 0.00408732], 
              [0.990003, 0.00295493, 0.00295493, 0.00408732], 
              [0.285777, 0.00295493, 0.00295493, 0.708313], 
              [0.990003, 0.00295493, 0.00295493, 0.00408732], 
              [0.990003, 0.00295493, 0.00295493, 0.00408732]
            ]
          }, {
            "db": 0,
            "id": "AGTTTAATTAAGTCCCAGCTAT",
            "alt": "MEME-2",
            "len": 22,
            "nsites": 5,
            "evalue": "1.2e-004",
            "pwm": [
              [0.790004, 0.00411373, 0.200192, 0.00569019], 
              [0.201769, 0.00411373, 0.788427, 0.00569019], 
              [0.00569019, 0.00411373, 0.00411373, 0.986082], 
              [0.201769, 0.00411373, 0.00411373, 0.790004], 
              [0.201769, 0.00411373, 0.200192, 0.593925], 
              [0.986082, 0.00411373, 0.00411373, 0.00569019], 
              [0.986082, 0.00411373, 0.00411373, 0.00569019], 
              [0.00569019, 0.00411373, 0.00411373, 0.986082], 
              [0.00569019, 0.200192, 0.00411373, 0.790004], 
              [0.790004, 0.00411373, 0.200192, 0.00569019], 
              [0.593925, 0.200192, 0.200192, 0.00569019], 
              [0.00569019, 0.00411373, 0.984506, 0.00569019], 
              [0.00569019, 0.00411373, 0.00411373, 0.986082], 
              [0.00569019, 0.788427, 0.200192, 0.00569019], 
              [0.00569019, 0.984506, 0.00411373, 0.00569019], 
              [0.00569019, 0.984506, 0.00411373, 0.00569019], 
              [0.986082, 0.00411373, 0.00411373, 0.00569019], 
              [0.00569019, 0.00411373, 0.984506, 0.00569019], 
              [0.00569019, 0.788427, 0.200192, 0.00569019], 
              [0.00569019, 0.00411373, 0.00411373, 0.986082], 
              [0.986082, 0.00411373, 0.00411373, 0.00569019], 
              [0.00569019, 0.00411373, 0.00411373, 0.986082]
            ]
          }, {
            "db": 0,
            "id": "CCAGMHKVGSCATCHGVSVBDCCCAGGC",
            "alt": "MEME-7",
            "len": 28,
            "nsites": 4,
            "evalue": "5.9e+003",
            "pwm": [
              [0.25098, 0.736824, 0.00511708, 0.00707805], 
              [0.00707805, 0.980727, 0.00511708, 0.00707805], 
              [0.982688, 0.00511708, 0.00511708, 0.00707805], 
              [0.00707805, 0.00511708, 0.980727, 0.00707805], 
              [0.494883, 0.492922, 0.00511708, 0.00707805], 
              [0.25098, 0.24902, 0.00511708, 0.494883], 
              [0.00707805, 0.00511708, 0.492922, 0.494883], 
              [0.25098, 0.492922, 0.24902, 0.00707805], 
              [0.25098, 0.00511708, 0.736824, 0.00707805], 
              [0.00707805, 0.492922, 0.492922, 0.00707805], 
              [0.00707805, 0.980727, 0.00511708, 0.00707805], 
              [0.738785, 0.00511708, 0.24902, 0.00707805], 
              [0.00707805, 0.24902, 0.00511708, 0.738785], 
              [0.00707805, 0.980727, 0.00511708, 0.00707805], 
              [0.25098, 0.492922, 0.00511708, 0.25098], 
              [0.00707805, 0.00511708, 0.980727, 0.00707805], 
              [0.25098, 0.492922, 0.24902, 0.00707805], 
              [0.00707805, 0.492922, 0.492922, 0.00707805], 
              [0.25098, 0.492922, 0.24902, 0.00707805], 
              [0.00707805, 0.492922, 0.24902, 0.25098], 
              [0.25098, 0.00511708, 0.24902, 0.494883], 
              [0.00707805, 0.736824, 0.24902, 0.00707805], 
              [0.00707805, 0.980727, 0.00511708, 0.00707805], 
              [0.25098, 0.736824, 0.00511708, 0.00707805], 
              [0.982688, 0.00511708, 0.00511708, 0.00707805], 
              [0.25098, 0.00511708, 0.736824, 0.00707805], 
              [0.00707805, 0.00511708, 0.980727, 0.00707805], 
              [0.00707805, 0.736824, 0.00511708, 0.25098]
            ]
          }, {
            "db": 0,
            "id": "GGGWGGGRG",
            "alt": "MEME-6",
            "len": 9,
            "nsites": 14,
            "evalue": "1.5e+002",
            "pwm": [
              [0.00205816, 0.0724104, 0.923473, 0.00205816], 
              [0.00205816, 0.00148794, 0.994396, 0.00205816], 
              [0.00205816, 0.00148794, 0.994396, 0.00205816], 
              [0.498512, 0.00148794, 0.00148794, 0.498512], 
              [0.0729806, 0.143332, 0.568864, 0.214824], 
              [0.00205816, 0.00148794, 0.994396, 0.00205816], 
              [0.0729806, 0.00148794, 0.923473, 0.00205816], 
              [0.42759, 0.00148794, 0.427019, 0.143902], 
              [0.143902, 0.00148794, 0.852552, 0.00205816]
            ]
          }, {
            "db": 0,
            "id": "GGRBTYTTGSWCRNGAMAWGSDDSMSTVAG",
            "alt": "MEME-3",
            "len": 30,
            "nsites": 12,
            "evalue": "8.2e-004",
            "pwm": [
              [0.00239835, 0.167023, 0.82818, 0.00239835], 
              [0.167688, 0.00173388, 0.745536, 0.0850426], 
              [0.332977, 0.0843782, 0.580246, 0.00239835], 
              [0.00239835, 0.249668, 0.332312, 0.415622], 
              [0.00239835, 0.249668, 0.00173388, 0.7462], 
              [0.00239835, 0.662891, 0.00173388, 0.332977], 
              [0.167688, 0.00173388, 0.0843782, 0.7462], 
              [0.00239835, 0.167023, 0.249668, 0.58091], 
              [0.167688, 0.00173388, 0.82818, 0.00239835], 
              [0.00239835, 0.662891, 0.332312, 0.00239835], 
              [0.415622, 0.00173388, 0.0843782, 0.498266], 
              [0.0850426, 0.662891, 0.0843782, 0.167688], 
              [0.332977, 0.0843782, 0.580246, 0.00239835], 
              [0.167688, 0.167023, 0.332312, 0.332977], 
              [0.0850426, 0.249668, 0.580246, 0.0850426], 
              [0.7462, 0.00173388, 0.167023, 0.0850426], 
              [0.663556, 0.332312, 0.00173388, 0.00239835], 
              [0.828844, 0.0843782, 0.0843782, 0.00239835], 
              [0.250332, 0.167023, 0.167023, 0.415622], 
              [0.00239835, 0.249668, 0.662891, 0.0850426], 
              [0.00239835, 0.414957, 0.414957, 0.167688], 
              [0.498266, 0.00173388, 0.249668, 0.250332], 
              [0.332977, 0.00173388, 0.249668, 0.415622], 
              [0.00239835, 0.332312, 0.662891, 0.00239835], 
              [0.332977, 0.497602, 0.0843782, 0.0850426], 
              [0.00239835, 0.497602, 0.414957, 0.0850426], 
              [0.00239835, 0.00173388, 0.0843782, 0.91149], 
              [0.250332, 0.332312, 0.414957, 0.00239835], 
              [0.58091, 0.167023, 0.0843782, 0.167688], 
              [0.167688, 0.00173388, 0.82818, 0.00239835]
            ]
          }, {
            "db": 0,
            "id": "HRKRAGRKRAMATYRGARRWA",
            "alt": "MEME-5",
            "len": 21,
            "nsites": 15,
            "evalue": "2.6e-002",
            "pwm": [
              [0.200597, 0.39874, 0.0013894, 0.399273], 
              [0.465498, 0.133839, 0.39874, 0.00192185], 
              [0.0681474, 0.0013894, 0.597416, 0.333047], 
              [0.465498, 0.0676149, 0.332515, 0.134372], 
              [0.995299, 0.0013894, 0.0013894, 0.00192185], 
              [0.00192185, 0.0013894, 0.994767, 0.00192185], 
              [0.597948, 0.0013894, 0.39874, 0.00192185], 
              [0.00192185, 0.0676149, 0.332515, 0.597948], 
              [0.597948, 0.0013894, 0.39874, 0.00192185], 
              [0.796624, 0.0013894, 0.200065, 0.00192185], 
              [0.531723, 0.332515, 0.133839, 0.00192185], 
              [0.730398, 0.0676149, 0.0013894, 0.200597], 
              [0.266823, 0.0013894, 0.133839, 0.597948], 
              [0.00192185, 0.464966, 0.200065, 0.333047], 
              [0.465498, 0.0013894, 0.53119, 0.00192185], 
              [0.00192185, 0.0676149, 0.729866, 0.200597], 
              [0.862849, 0.0013894, 0.133839, 0.00192185], 
              [0.465498, 0.0013894, 0.53119, 0.00192185], 
              [0.664174, 0.0013894, 0.332515, 0.00192185], 
              [0.664174, 0.0013894, 0.0013894, 0.333047], 
              [0.597948, 0.200065, 0.200065, 0.00192185]
            ]
          }, {
            "db": 0,
            "id": "SWSRCACGHACACAG",
            "alt": "MEME-4",
            "len": 15,
            "nsites": 9,
            "evalue": "8.8e-001",
            "pwm": [
              [0.00318901, 0.551756, 0.441865, 0.00318901], 
              [0.66253, 0.0023055, 0.0023055, 0.332859], 
              [0.00318901, 0.441865, 0.551756, 0.00318901], 
              [0.332859, 0.0023055, 0.551756, 0.113079], 
              [0.00318901, 0.991316, 0.0023055, 0.00318901], 
              [0.9922, 0.0023055, 0.0023055, 0.00318901], 
              [0.222969, 0.661646, 0.112195, 0.00318901], 
              [0.00318901, 0.0023055, 0.991316, 0.00318901], 
              [0.332859, 0.331975, 0.0023055, 0.332859], 
              [0.77242, 0.0023055, 0.222085, 0.00318901], 
              [0.00318901, 0.881426, 0.112195, 0.00318901], 
              [0.77242, 0.112195, 0.112195, 0.00318901], 
              [0.00318901, 0.771536, 0.0023055, 0.222969], 
              [0.9922, 0.0023055, 0.0023055, 0.00318901], 
              [0.00318901, 0.112195, 0.881426, 0.00318901]
            ]
          }
        ],
        "targets": [
          {
            "db": 0,
            "id": "ALX4_HUMAN.H11MO.0.D",
            "len": 12,
            "nsites": 23223,
            "evalue": "1.0e+000",
            "url": "http://hocomoco.autosome.ru/motif/ALX4_HUMAN.H11MO.0.D",
            "pwm": [
              [0.166685, 0.314129, 0.138493, 0.380693], 
              [0.00484364, 0.00162974, 0.00101777, 0.992509], 
              [0.995913, 0.000172042, 0.000838093, 0.00307711], 
              [0.999929, 1.44237e-05, 4.14643e-05, 1.47699e-05], 
              [1.24962e-06, 0.000342468, 5.49846e-05, 0.999601], 
              [0.000334275, 0.044124, 0.000685457, 0.954856], 
              [0.785114, 9.03411e-07, 0.214884, 1.24962e-06], 
              [0.591414, 0.0179943, 0.389556, 0.00103591], 
              [0.952457, 0.00913776, 0.0295192, 0.0088862], 
              [0.00264197, 0.00363074, 0.00249788, 0.991229], 
              [0.0153976, 0.00998491, 0.00386806, 0.970749], 
              [0.980307, 0.00494755, 0.00543285, 0.00931281]
            ]
          }, {
            "db": 0,
            "id": "ARI3A_HUMAN.H11MO.0.D",
            "len": 22,
            "nsites": 44,
            "evalue": "1.0e+000",
            "url": "http://hocomoco.autosome.ru/motif/ARI3A_HUMAN.H11MO.0.D",
            "pwm": [
              [0.390415, 0.0965676, 0.325565, 0.187453], 
              [0.68093, 0.0911787, 0.000475737, 0.227415], 
              [0.112917, 0.000475737, 0.000475737, 0.886132], 
              [0.158268, 0.000475737, 0.000475737, 0.84078], 
              [0.953039, 0.0458272, 0.000475737, 0.00065805], 
              [0.931483, 0.067383, 0.000475737, 0.00065805], 
              [0.475729, 0.000475737, 0.0242714, 0.499524], 
              [0.00065805, 0.408639, 0.227233, 0.36347], 
              [0.294323, 0.181882, 0.432435, 0.091361], 
              [0.499524, 0.0458272, 0.363288, 0.091361], 
              [0.454173, 0.0458272, 0.158086, 0.341914], 
              [0.728522, 0.000475737, 0.0911787, 0.179824], 
              [0.136712, 0.0458272, 0.0911787, 0.726282], 
              [0.160508, 0.568489, 0.0458272, 0.225176], 
              [0.726282, 0.000475737, 0.000475737, 0.272767], 
              [0.750077, 0.0458272, 0.000475737, 0.20362], 
              [0.953039, 0.000475737, 0.000475737, 0.0460095], 
              [0.408821, 0.000475737, 0.0458272, 0.544876], 
              [0.115157, 0.13653, 0.0911787, 0.657134], 
              [0.52108, 0.13653, 0.0242714, 0.318118], 
              [0.611783, 0.0696229, 0.000475737, 0.318118], 
              [0.664763, 0.00586469, 0.0750118, 0.25436]
            ]
          }, {
            "db": 0,
            "id": "ARNT2_HUMAN.H11MO.0.D",
            "len": 12,
            "nsites": 18,
            "evalue": "1.0e+000",
            "url": "http://hocomoco.autosome.ru/motif/ARNT2_HUMAN.H11MO.0.D",
            "pwm": [
              [0.193787, 0.0835236, 0.583812, 0.138877], 
              [0.166332, 0.281809, 0.330617, 0.221242], 
              [0.00160331, 0.660075, 0.220798, 0.117524], 
              [0.00160331, 0.0560688, 0.940725, 0.00160331], 
              [0.00160331, 0.00115912, 0.0560688, 0.941169], 
              [0.00160331, 0.0560688, 0.940725, 0.00160331], 
              [0.056513, 0.00115912, 0.879714, 0.0626141], 
              [0.166332, 0.330617, 0.391628, 0.111423], 
              [0.556801, 0.00115912, 0.275707, 0.166332], 
              [0.00160331, 0.330617, 0.556357, 0.111423], 
              [0.392072, 0.00115912, 0.495346, 0.111423], 
              [0.138877, 0.583812, 0.193343, 0.0839678]
            ]
          }, {
            "db": 0,
            "id": "ARNT_HUMAN.H11MO.0.B",
            "len": 9,
            "nsites": 500,
            "evalue": "1.0e+000",
            "url": "http://hocomoco.autosome.ru/motif/ARNT_HUMAN.H11MO.0.B",
            "pwm": [
              [0.152028, 0.283985, 0.429956, 0.134031], 
              [0.13803, 0.0740272, 0.241994, 0.545949], 
              [0.701918, 0.030036, 0.245993, 0.0220536], 
              [0.010056, 0.947852, 0.00204155, 0.04005], 
              [0.00605683, 0.00204155, 0.989844, 0.00205763], 
              [5.80284e-05, 4.19516e-05, 0.00204155, 0.997858], 
              [5.80284e-05, 0.00604075, 0.991844, 0.00205763], 
              [0.355987, 0.525937, 0.0240372, 0.0940392], 
              [0.154027, 0.501942, 0.144013, 0.200018]
            ]
          }, {
            "db": 0,
            "id": "BC11A_HUMAN.H11MO.0.A",
            "len": 17,
            "nsites": 500,
            "evalue": "1.0e+000",
            "url": "http://hocomoco.autosome.ru/motif/BC11A_HUMAN.H11MO.0.A",
            "pwm": [
              [0.375738, 0.184617, 0.286187, 0.153459], 
              [0.550588, 0.0994625, 0.224086, 0.125864], 
              [0.500172, 0.142355, 0.230706, 0.126767], 
              [0.58999, 0.0166083, 0.226043, 0.167359], 
              [0.187443, 0.160788, 0.580408, 0.0713601], 
              [0.664519, 0.0145736, 0.269369, 0.0515391], 
              [0.104045, 0.0144804, 0.828542, 0.0529319], 
              [0.200425, 0.0327636, 0.758538, 0.00827297], 
              [0.880106, 0.0431173, 0.0485894, 0.0281876], 
              [0.867872, 0.00583161, 0.0555361, 0.0707604], 
              [0.248407, 0.226039, 0.502133, 0.023422], 
              [0.150166, 0.154984, 0.0315505, 0.6633], 
              [0.11784, 0.0724843, 0.760181, 0.0494946], 
              [0.658757, 0.064405, 0.250655, 0.0261829], 
              [0.458793, 0.143445, 0.310158, 0.0876041], 
              [0.62271, 0.0788369, 0.157286, 0.141167], 
              [0.358993, 0.204692, 0.318068, 0.118246]
            ]
          }, {
            "db": 0,
            "id": "BHA15_HUMAN.H11MO.0.B",
            "len": 11,
            "nsites": 500,
            "evalue": "1.0e+000",
            "url": "http://hocomoco.autosome.ru/motif/BHA15_HUMAN.H11MO.0.B",
            "pwm": [
              [0.172024, 0.285985, 0.471948, 0.070044], 
              [0.152028, 0.449952, 0.295983, 0.102038], 
              [0.68792, 0.0680284, 0.200002, 0.0440492], 
              [0.280002, 0.10802, 0.60992, 0.00205763], 
              [0.0560468, 0.921858, 0.0160388, 0.00605683], 
              [0.983861, 0.00404115, 0.01004, 0.00205763], 
              [0.00605683, 0.00404115, 0.963849, 0.0260528], 
              [0.0540472, 0.877866, 0.0640292, 0.00405723], 
              [0.0260528, 0.0120396, 0.00404115, 0.957866], 
              [0.00405723, 0.00404115, 0.981846, 0.010056], 
              [0.00205763, 0.148012, 0.633915, 0.216015]
            ]
          }, {
            "db": 0,
            "id": "BHE41_HUMAN.H11MO.0.D",
            "len": 20,
            "nsites": 10,
            "evalue": "1.0e+000",
            "url": "http://hocomoco.autosome.ru/motif/BHE41_HUMAN.H11MO.0.D",
            "pwm": [
              [0.383092, 0.0760795, 0.167944, 0.372884], 
              [0.00287327, 0.583888, 0.410365, 0.00287327], 
              [0.298882, 0.308293, 0.298086, 0.0947381], 
              [0.400954, 0.104149, 0.492023, 0.00287327], 
              [0.104945, 0.104149, 0.410365, 0.38054], 
              [0.00287327, 0.400158, 0.492023, 0.104945], 
              [0.00287327, 0.492023, 0.00207723, 0.503026], 
              [0.00287327, 0.992176, 0.00207723, 0.00287327], 
              [0.707171, 0.00207723, 0.196014, 0.0947381], 
              [0.207017, 0.594095, 0.0939421, 0.104945], 
              [0.00287327, 0.104149, 0.798239, 0.0947381], 
              [0.00287327, 0.00207723, 0.00207723, 0.992972], 
              [0.00287327, 0.00207723, 0.992176, 0.00287327], 
              [0.309089, 0.594095, 0.0939421, 0.00287327], 
              [0.411162, 0.196014, 0.104149, 0.288675], 
              [0.00287327, 0.0939421, 0.706374, 0.19681], 
              [0.492819, 0.196014, 0.308293, 0.00287327], 
              [0.400954, 0.0939421, 0.400158, 0.104945], 
              [0.309089, 0.104149, 0.583888, 0.00287327], 
              [0.232535, 0.323604, 0.323604, 0.120256]
            ]
          }, {
            "db": 0,
            "id": "CDX2_HUMAN.H11MO.0.A",
            "len": 12,
            "nsites": 151,
            "evalue": "1.0e+000",
            "url": "http://hocomoco.autosome.ru/motif/CDX2_HUMAN.H11MO.0.A",
            "pwm": [
              [0.152409, 0.119265, 0.211919, 0.516406], 
              [0.0597553, 0.0729383, 0.0597021, 0.807604], 
              [0.106082, 0.000138848, 0.0663202, 0.827459], 
              [0.0862278, 0.24501, 0.17221, 0.496552], 
              [0.986294, 0.00675698, 0.00675698, 0.000192058], 
              [0.00681019, 0.0530839, 0.0133751, 0.926731], 
              [0.046519, 0.000138848, 0.311191, 0.642151], 
              [0.1855, 0.00675698, 0.807551, 0.000192058], 
              [0.0134283, 0.761224, 0.132502, 0.0928459], 
              [0.264917, 0.211919, 0.0861746, 0.436989], 
              [0.139173, 0.198683, 0.3509, 0.311244], 
              [0.0134283, 0.231774, 0.17221, 0.582588]
            ]
          }, {
            "db": 0,
            "id": "CLOCK_HUMAN.H11MO.0.C",
            "len": 14,
            "nsites": 252,
            "evalue": "1.0e+000",
            "url": "http://hocomoco.autosome.ru/motif/CLOCK_HUMAN.H11MO.0.C",
            "pwm": [
              [0.158782, 0.599052, 0.178584, 0.063582], 
              [0.42455, 0.115117, 0.190484, 0.269849], 
              [0.202416, 0.14685, 0.511785, 0.138949], 
              [0.337283, 0.321384, 0.166684, 0.174649], 
              [0.0953154, 0.848953, 0.0437167, 0.0120152], 
              [0.809318, 0.0635501, 0.0437167, 0.0834154], 
              [0.154816, 0.606985, 0.127017, 0.111182], 
              [0.253983, 0.0556167, 0.642685, 0.0477153], 
              [0.0953154, 0.119084, 0.0437167, 0.741884], 
              [0.0873821, 0.0238833, 0.860853, 0.0278819], 
              [0.40075, 0.313451, 0.178584, 0.107215], 
              [0.369016, 0.242051, 0.281717, 0.107215], 
              [0.222249, 0.388818, 0.289651, 0.0992821], 
              [0.491983, 0.297584, 0.0238833, 0.186549]
            ]
          }, {
            "db": 0,
            "id": "CPEB1_HUMAN.H11MO.0.D",
            "len": 17,
            "nsites": 1803,
            "evalue": "1.0e+000",
            "url": "http://hocomoco.autosome.ru/motif/CPEB1_HUMAN.H11MO.0.D",
            "pwm": [
              [0.163623, 0.21797, 0.0893023, 0.529105], 
              [0.000570695, 0.000566236, 0.000566236, 0.998297], 
              [0.0047302, 0.00361654, 0.000288936, 0.991364], 
              [0.000709345, 0.00181409, 0.000150286, 0.997326], 
              [1.60945e-05, 0.00167544, 1.16355e-05, 0.998297], 
              [0.996633, 0.000566236, 0.00223004, 0.000570695], 
              [0.0022345, 0.0543625, 0.00333924, 0.940064], 
              [0.128129, 0.235717, 0.0282963, 0.607858], 
              [0.181925, 0.250691, 0.0732189, 0.494165], 
              [0.0926344, 0.223516, 0.0482619, 0.635588], 
              [0.0809878, 0.184139, 0.0343969, 0.700476], 
              [0.0654589, 0.135889, 0.0260779, 0.772574], 
              [0.100399, 0.118142, 0.016095, 0.765365], 
              [0.181232, 0.0991465, 0.0115196, 0.708102], 
              [0.224075, 0.116478, 0.0233049, 0.636143], 
              [0.240297, 0.168749, 0.0345355, 0.556419], 
              [0.223659, 0.210344, 0.0700299, 0.495968]
            ]
          }, {
            "db": 0,
            "id": "E2F6_HUMAN.H11MO.0.A",
            "len": 13,
            "nsites": 500,
            "evalue": "1.0e+000",
            "url": "http://hocomoco.autosome.ru/motif/E2F6_HUMAN.H11MO.0.A",
            "pwm": [
              [0.33799, 0.148012, 0.341974, 0.172024], 
              [0.262006, 0.0340352, 0.555931, 0.148028], 
              [0.154027, 0.126017, 0.699902, 0.020054], 
              [0.010056, 0.0160388, 0.963849, 0.010056], 
              [0.214015, 0.7079, 0.0120396, 0.0660448], 
              [0.04005, 0.0180384, 0.893863, 0.0480484], 
              [0.0240532, 0.0480324, 0.895863, 0.0320516], 
              [0.0720436, 0.0440332, 0.871868, 0.0120556], 
              [0.94187, 0.0320356, 0.0140392, 0.0120556], 
              [0.511956, 0.0360348, 0.435955, 0.0160548], 
              [0.383981, 0.10802, 0.437954, 0.070044], 
              [0.278002, 0.217998, 0.377966, 0.126033], 
              [0.276003, 0.16201, 0.425957, 0.136031]
            ]
          }, {
            "db": 0,
            "id": "EGR1_HUMAN.H11MO.0.A",
            "len": 17,
            "nsites": 500,
            "evalue": "1.0e+000",
            "url": "http://hocomoco.autosome.ru/motif/EGR1_HUMAN.H11MO.0.A",
            "pwm": [
              [0.232012, 0.247992, 0.40996, 0.110036], 
              [0.319994, 0.128016, 0.317978, 0.234011], 
              [0.278002, 0.180006, 0.45995, 0.0820416], 
              [0.236011, 0.11202, 0.353971, 0.297998], 
              [0.112036, 0.030036, 0.80788, 0.050048], 
              [0.236011, 0.505941, 0.0460328, 0.212016], 
              [0.0560468, 0.0340352, 0.869868, 0.04005], 
              [0.0320516, 0.00404115, 0.40996, 0.553947], 
              [0.0920396, 0.00204155, 0.891864, 0.0140552], 
              [0.0160548, 0.00404115, 0.95785, 0.0220536], 
              [0.0240532, 0.0320356, 0.929856, 0.0140552], 
              [0.220014, 0.475947, 0.00404115, 0.299998], 
              [0.0880404, 0.01004, 0.841874, 0.060046], 
              [0.110036, 0.0220376, 0.695903, 0.172024], 
              [0.33799, 0.128016, 0.405961, 0.128032], 
              [0.311996, 0.0820256, 0.455951, 0.150028], 
              [0.264005, 0.182006, 0.435955, 0.118034]
            ]
          }, {
            "db": 0,
            "id": "EGR2_HUMAN.H11MO.0.A",
            "len": 18,
            "nsites": 500,
            "evalue": "1.0e+000",
            "url": "http://hocomoco.autosome.ru/motif/EGR2_HUMAN.H11MO.0.A",
            "pwm": [
              [0.216015, 0.0740272, 0.61192, 0.0980384], 
              [0.293999, 0.0960228, 0.41196, 0.198018], 
              [0.228012, 0.0740272, 0.621918, 0.0760428], 
              [0.254007, 0.0680284, 0.501942, 0.176023], 
              [0.319994, 0.104021, 0.505941, 0.070044], 
              [0.150028, 0.104021, 0.449952, 0.295999], 
              [0.0760428, 0.102022, 0.765889, 0.0560468], 
              [0.369984, 0.190004, 0.0440332, 0.395979], 
              [0.0340512, 0.0220376, 0.929856, 0.0140552], 
              [0.04005, 0.0120396, 0.46195, 0.485961], 
              [0.182022, 0.00604075, 0.793883, 0.0180544], 
              [0.0360508, 0.0140392, 0.889864, 0.060046], 
              [0.0240532, 0.040034, 0.915859, 0.020054], 
              [0.349988, 0.281986, 0.0220376, 0.345989], 
              [0.0580464, 0.00604075, 0.873867, 0.0620456], 
              [0.0760428, 0.0340352, 0.781886, 0.108036], 
              [0.34199, 0.0740272, 0.501942, 0.0820416], 
              [0.254007, 0.0480324, 0.56193, 0.136031]
            ]
          }, {
            "db": 0,
            "id": "EGR2_HUMAN.H11MO.1.A",
            "len": 16,
            "nsites": 498,
            "evalue": "1.0e+000",
            "url": "http://hocomoco.autosome.ru/motif/EGR2_HUMAN.H11MO.1.A",
            "pwm": [
              [0.194798, 0.144591, 0.457782, 0.202829], 
              [0.281126, 0.172698, 0.453766, 0.0924092], 
              [0.188775, 0.100424, 0.373461, 0.33734], 
              [0.0622948, 0.0662939, 0.849269, 0.0221422], 
              [0.244989, 0.365431, 0.0582634, 0.331317], 
              [0.00608115, 0.0181108, 0.969727, 0.00608115], 
              [0.012104, 0.0100803, 0.347362, 0.630454], 
              [0.162676, 0.00405738, 0.813132, 0.0201346], 
              [0.0241498, 0.0100803, 0.923551, 0.0422185], 
              [0.0241498, 0.0181108, 0.953666, 0.00407352], 
              [0.321279, 0.3574, 0.0120879, 0.309233], 
              [0.0321803, 0.00606501, 0.911506, 0.050249], 
              [0.0683176, 0.0281489, 0.71275, 0.190783], 
              [0.299195, 0.0944007, 0.459789, 0.146615], 
              [0.220897, 0.0803473, 0.524033, 0.174722], 
              [0.188775, 0.164668, 0.516003, 0.130554]
            ]
          }, {
            "db": 0,
            "id": "EPAS1_HUMAN.H11MO.0.B",
            "len": 9,
            "nsites": 500,
            "evalue": "1.0e+000",
            "url": "http://hocomoco.autosome.ru/motif/EPAS1_HUMAN.H11MO.0.B",
            "pwm": [
              [0.230012, 0.255991, 0.445953, 0.0680444], 
              [0.166025, 0.070028, 0.243993, 0.519954], 
              [0.865885, 0.020038, 0.10802, 0.00605683], 
              [0.020054, 0.91186, 0.0260368, 0.0420496], 
              [0.0160548, 0.01004, 0.969848, 0.00405723], 
              [5.80284e-05, 4.19516e-05, 0.00204155, 0.997858], 
              [5.80284e-05, 4.19516e-05, 0.997842, 0.00205763], 
              [0.373983, 0.469948, 0.06003, 0.0960388], 
              [0.160026, 0.489944, 0.134015, 0.216015]
            ]
          }, {
            "db": 0,
            "id": "EVI1_HUMAN.H11MO.0.B",
            "len": 16,
            "nsites": 141,
            "evalue": "1.0e+000",
            "url": "http://hocomoco.autosome.ru/motif/EVI1_HUMAN.H11MO.0.B",
            "pwm": [
              [0.418885, 0.152794, 0.189314, 0.239008], 
              [0.635766, 0.0373217, 0.0836384, 0.243274], 
              [0.0211056, 0.0295392, 0.906752, 0.0426036], 
              [0.972719, 0.00602678, 0.00602678, 0.0152275], 
              [0.0413523, 0.455695, 0.00602678, 0.496926], 
              [0.951819, 0.00602678, 0.017783, 0.0243712], 
              [0.917558, 0.000148689, 0.0157961, 0.0664975], 
              [0.0306847, 0.00602678, 0.961994, 0.00129421], 
              [0.966841, 0.000148689, 0.000148689, 0.0328617], 
              [0.00020567, 0.124703, 0.00537366, 0.869718], 
              [0.90017, 0.0325321, 0.000148689, 0.0671496], 
              [0.771722, 0.00929239, 0.156733, 0.0622522], 
              [0.210889, 0.183456, 0.352285, 0.25337], 
              [0.743775, 0.0920466, 0.076509, 0.087669], 
              [0.129359, 0.15608, 0.308147, 0.406414], 
              [0.490354, 0.119192, 0.158435, 0.23202]
            ]
          }, {
            "db": 0,
            "id": "EVX2_HUMAN.H11MO.0.A",
            "len": 13,
            "nsites": 500,
            "evalue": "1.0e+000",
            "url": "http://hocomoco.autosome.ru/motif/EVX2_HUMAN.H11MO.0.A",
            "pwm": [
              [0.164025, 0.176007, 0.36197, 0.297998], 
              [0.116035, 0.182006, 0.208, 0.493959], 
              [0.0120556, 0.01004, 0.0140392, 0.963865], 
              [0.0140552, 0.00804035, 4.19516e-05, 0.977862], 
              [0.0280524, 0.0220376, 0.0280364, 0.921874], 
              [0.983861, 0.01004, 0.00404115, 0.00205763], 
              [0.00405723, 0.0580304, 4.19516e-05, 0.93787], 
              [0.0460488, 0.00604075, 0.495943, 0.451968], 
              [0.385981, 4.19516e-05, 0.605921, 0.00805643], 
              [0.0460488, 0.735895, 0.106021, 0.112036], 
              [0.156027, 0.413959, 0.0480324, 0.381982], 
              [0.128032, 0.30798, 0.196003, 0.367984], 
              [0.14203, 0.249992, 0.190004, 0.417974]
            ]
          }, {
            "db": 0,
            "id": "FOXD3_HUMAN.H11MO.0.D",
            "len": 15,
            "nsites": 465,
            "evalue": "1.0e+000",
            "url": "http://hocomoco.autosome.ru/motif/FOXD3_HUMAN.H11MO.0.D",
            "pwm": [
              [0.157018, 0.176351, 0.298906, 0.367725], 
              [0.118317, 0.217203, 0.266654, 0.397826], 
              [0.135517, 0.00649533, 0.0559471, 0.80204], 
              [0.0387637, 0.0688475, 0.872976, 0.0194131], 
              [0.0925156, 0.0516469, 0.0365964, 0.819241], 
              [0.0366137, 0.111849, 0.0494968, 0.80204], 
              [0.0538143, 4.51086e-05, 0.0946484, 0.851492], 
              [0.339774, 0.200002, 0.225803, 0.234421], 
              [0.0581144, 0.599916, 0.0623973, 0.279572], 
              [0.294623, 0.202152, 0.0408965, 0.462329], 
              [0.109716, 0.223653, 0.0709976, 0.595633], 
              [0.404277, 0.0473468, 0.14625, 0.402126], 
              [0.23012, 0.14195, 0.42791, 0.200019], 
              [0.101116, 0.363408, 0.348357, 0.187119], 
              [0.356975, 0.292455, 0.111849, 0.238721]
            ]
          }, {
            "db": 0,
            "id": "FOXG1_HUMAN.H11MO.0.D",
            "len": 17,
            "nsites": 310,
            "evalue": "1.0e+000",
            "url": "http://hocomoco.autosome.ru/motif/FOXG1_HUMAN.H11MO.0.D",
            "pwm": [
              [0.358379, 0.15223, 0.184554, 0.304838], 
              [0.150408, 0.111037, 0.121198, 0.617357], 
              [0.0332514, 0.0359947, 0.0297152, 0.901039], 
              [0.102429, 0.0200179, 0.857509, 0.0200439], 
              [9.35827e-05, 0.00320742, 0.00948695, 0.987212], 
              [9.35827e-05, 6.76556e-05, 0.231864, 0.767974], 
              [0.00341863, 6.76556e-05, 0.0926132, 0.903901], 
              [0.687432, 0.164262, 0.108497, 0.0398089], 
              [0.0396236, 0.353224, 0.0255563, 0.581596], 
              [0.309128, 0.0957529, 0.292271, 0.302848], 
              [0.191094, 0.0709953, 0.118648, 0.619264], 
              [0.366395, 0.056954, 0.178498, 0.398153], 
              [0.0616457, 0.0549697, 0.0200617, 0.863323], 
              [0.313884, 0.0397316, 0.316256, 0.330128], 
              [0.049133, 0.074781, 0.0882665, 0.787819], 
              [0.238743, 0.0549234, 0.0785693, 0.627764], 
              [0.0828905, 0.134398, 0.197018, 0.585694]
            ]
          }, {
            "db": 0,
            "id": "FOXL1_HUMAN.H11MO.0.D",
            "len": 19,
            "nsites": 1207,
            "evalue": "1.0e+000",
            "url": "http://hocomoco.autosome.ru/motif/FOXL1_HUMAN.H11MO.0.D",
            "pwm": [
              [0.160533, 0.16384, 0.222658, 0.452969], 
              [0.140236, 0.189107, 0.444264, 0.226393], 
              [0.191185, 0.0404034, 0.132359, 0.636053], 
              [0.0629849, 0.0240419, 0.041439, 0.871534], 
              [0.000645365, 0.000638704, 0.000638704, 0.998077], 
              [0.0874236, 0.000431596, 0.905079, 0.00706571], 
              [0.00830836, 1.73805e-05, 1.73805e-05, 0.991657], 
              [2.40411e-05, 1.73805e-05, 1.73805e-05, 0.999941], 
              [2.40411e-05, 1.73805e-05, 1.73805e-05, 0.999941], 
              [0.470573, 1.73805e-05, 0.529385, 2.40411e-05], 
              [2.40411e-05, 1.73805e-05, 1.73805e-05, 0.999941], 
              [2.40411e-05, 1.73805e-05, 1.73805e-05, 0.999941], 
              [2.40411e-05, 1.73805e-05, 1.73805e-05, 0.999941], 
              [0.985858, 1.73805e-05, 0.0116154, 0.00250934], 
              [0.000852473, 0.511988, 0.000845812, 0.486313], 
              [0.414861, 0.0188642, 0.0213495, 0.544925], 
              [0.103992, 0.0145149, 0.0186571, 0.862836], 
              [0.226186, 0.0174144, 0.0149292, 0.74147], 
              [0.193256, 0.125318, 0.0838961, 0.59753]
            ]
          }, {
            "db": 0,
            "id": "GATA3_HUMAN.H11MO.0.A",
            "len": 11,
            "nsites": 500,
            "evalue": "1.0e+000",
            "url": "http://hocomoco.autosome.ru/motif/GATA3_HUMAN.H11MO.0.A",
            "pwm": [
              [0.447968, 0.0920236, 0.253991, 0.206017], 
              [0.347988, 0.303981, 0.26199, 0.0860408], 
              [0.777902, 0.00604075, 0.00804035, 0.208016], 
              [0.010056, 0.00404115, 0.985845, 5.80284e-05], 
              [0.98786, 0.00404115, 0.00604075, 0.00205763], 
              [0.146029, 0.01004, 0.040034, 0.803897], 
              [0.921874, 0.0160388, 0.0420336, 0.020054], 
              [0.867884, 0.00204155, 0.0940232, 0.0360508], 
              [0.329992, 0.223997, 0.403961, 0.0420496], 
              [0.557946, 0.120018, 0.255991, 0.0660448], 
              [0.443969, 0.080026, 0.223997, 0.252008]
            ]
          }, {
            "db": 0,
            "id": "HXC10_HUMAN.H11MO.0.D",
            "len": 19,
            "nsites": 8980,
            "evalue": "1.0e+000",
            "url": "http://hocomoco.autosome.ru/motif/HXC10_HUMAN.H11MO.0.D",
            "pwm": [
              [0.234694, 0.162725, 0.181709, 0.420873], 
              [0.310598, 0.114298, 0.119065, 0.456039], 
              [0.42012, 0.0660393, 0.0691725, 0.444668], 
              [0.39671, 0.0458537, 0.0488344, 0.508602], 
              [0.429141, 0.0408559, 0.0917168, 0.438286], 
              [0.471936, 0.0571732, 0.160059, 0.310831], 
              [0.410823, 0.163883, 0.195753, 0.229541], 
              [0.295695, 0.187922, 0.216996, 0.299387], 
              [0.253353, 0.193965, 0.216088, 0.336594], 
              [0.247208, 0.139666, 0.201695, 0.411431], 
              [0.0931921, 0.102039, 0.124499, 0.68027], 
              [0.0225633, 0.0133639, 0.0946815, 0.869391], 
              [0.000595202, 0.0131893, 0.00844104, 0.977774], 
              [0.370086, 0.0164389, 0.0142789, 0.599196], 
              [0.987532, 0.00460779, 0.00778392, 7.67078e-05], 
              [0.0401001, 0.172039, 0.0546656, 0.733195], 
              [0.115705, 0.0918093, 0.393456, 0.399029], 
              [0.471773, 0.0897988, 0.317193, 0.121235], 
              [0.167595, 0.426743, 0.202756, 0.202906]
            ]
