<!DOCTYPE HTML>
<html>
  <head>
    <meta charset="UTF-8">
    <title>SpaMo - Spaced Motif Analysis</title>
    <script type="text/javascript">
      //@JSON_VAR data
      var data = {"program":"SpaMo","version":"4.12.0","revision":"aacc9c3eb8c7b460b344d5c8aa1458097dae704d","release":"Tue Jun 27 16:22:50 2017 -0700","host":"Sudins-iMac.local","when":"Thu May 24 14:32:34 2018","cmd":["spamo","-verbosity","1","-oc","results/AHRpeaks_not-in-DHSs.bed.fa/hocomoco/spamo_out_3","-bgfile","results/AHRpeaks_not-in-DHSs.bed.fa/hocomoco/background","-primary","GGRBTYTTGSWCRNGAMAWGSDDSMSTVAG","results/AHRpeaks_not-in-DHSs.bed.fa/hocomoco/AHRpeaks_not-in-DHSs.bed.fa","results/AHRpeaks_not-in-DHSs.bed.fa/hocomoco/meme_out/meme.xml","results/AHRpeaks_not-in-DHSs.bed.fa/hocomoco/meme_out/meme.xml","/Users/filipov4/meme/db/motif_databases/HUMAN/HOCOMOCOv11_full_HUMAN_mono_meme_format.meme"],"options":{"seq_min_hit_score":7,"margin":150,"bin_size":1,"bin_pvalue_calc_range":150,"use_best_secondary":0,"seq_max_shared_fract":0.5,"seq_odds_ratio":20,"bin_pvalue_cutoff":0.05,"motif_evalue_cutoff":10,"redundant_overlap":2,"redundant_joint":0.5,"motif_pseudocount":0.1,"bgfile":"results/AHRpeaks_not-in-DHSs.bed.fa/hocomoco/background","motif_trim":0.25,"xalph":0,"seed":1,"bin_max":5},"alphabet":{"name":"DNA","like":"dna","ncore":4,"symbols":[{"symbol":"A","name":"Adenine","colour":"CC0000","complement":"T"},{"symbol":"C","name":"Cytosine","colour":"0000CC","complement":"G"},{"symbol":"G","name":"Guanine","colour":"FFB300","complement":"C"},{"symbol":"T","aliases":"U","name":"Thymine","colour":"008000","complement":"A"},{"symbol":"N","aliases":"X.","name":"Any base","equals":"ACGT"},{"symbol":"V","name":"Not T","equals":"ACG"},{"symbol":"H","name":"Not G","equals":"ACT"},{"symbol":"D","name":"Not C","equals":"AGT"},{"symbol":"B","name":"Not A","equals":"CGT"},{"symbol":"M","name":"Amino","equals":"AC"},{"symbol":"R","name":"Purine","equals":"AG"},{"symbol":"W","name":"Weak","equals":"AT"},{"symbol":"S","name":"Strong","equals":"CG"},{"symbol":"Y","name":"Pyrimidine","equals":"CT"},{"symbol":"K","name":"Keto","equals":"GT"}]},"background":[0.2902,0.2098,0.2098,0.2902],"sequence_dbs":[{"source":"results/AHRpeaks_not-in-DHSs.bed.fa/hocomoco/AHRpeaks_not-in-DHSs.bed.fa","name":"AHRpeaks_not-in-DHSs.bed","last_modified":"Thu May 24 11:14:28 2018","loaded":61,"excluded_too_short":1,"excluded_no_match":46,"excluded_ambigs":0,"excluded_similar":1,"erased_primary_matches":4}],"primary_dbs":[{"source":"results/AHRpeaks_not-in-DHSs.bed.fa/hocomoco/meme_out/meme.xml","name":"meme.xml","last_modified":"Thu May 24 14:32:10 2018","loaded":6,"excluded":5}],"secondary_dbs":[{"source":"results/AHRpeaks_not-in-DHSs.bed.fa/hocomoco/meme_out/meme.xml","name":"meme.xml","last_modified":"Thu May 24 14:32:10 2018","loaded":7,"excluded":1},{"source":"/Users/filipov4/meme/db/motif_databases/HUMAN/HOCOMOCOv11_full_HUMAN_mono_meme_format.meme","name":"HOCOMOCOv11_full_HUMAN_mono_meme_format","last_modified":"Wed Dec  6 21:59:30 2017","loaded":771,"excluded":0}],"secondary_motifs":[{"db":0,"id":"AAGCAAATRCAATARAAACAAASATAA","alt":"MEME-1","len":27,"ltrim":0,"rtrim":0,"nsites":7,"evalue":"4.1e-013","pwm":[[0.849158,0.00295493,0.00295493,0.144932],[0.708313,0.284645,0.00295493,0.00408732],[0.144932,0.00295493,0.707181,0.144932],[0.00408732,0.848025,0.1438,0.00408732],[0.990003,0.00295493,0.00295493,0.00408732],[0.849158,0.00295493,0.1438,0.00408732],[0.849158,0.00295493,0.1438,0.00408732],[0.144932,0.00295493,0.00295493,0.849158],[0.426622,0.00295493,0.42549,0.144932],[0.144932,0.848025,0.00295493,0.00408732],[0.990003,0.00295493,0.00295493,0.00408732],[0.990003,0.00295493,0.00295493,0.00408732],[0.144932,0.00295493,0.00295493,0.849158],[0.849158,0.1438,0.00295493,0.00408732],[0.426622,0.1438,0.284645,0.144932],[0.990003,0.00295493,0.00295493,0.00408732],[0.849158,0.00295493,0.1438,0.00408732],[0.849158,0.00295493,0.1438,0.00408732],[0.00408732,0.848025,0.1438,0.00408732],[0.990003,0.00295493,0.00295493,0.00408732],[0.990003,0.00295493,0.00295493,0.00408732],[0.990003,0.00295493,0.00295493,0.00408732],[0.144932,0.284645,0.566336,0.00408732],[0.990003,0.00295493,0.00295493,0.00408732],[0.285777,0.00295493,0.00295493,0.708313],[0.990003,0.00295493,0.00295493,0.00408732],[0.990003,0.00295493,0.00295493,0.00408732]]},{"db":0,"id":"AGTTTAATTAAGTCCCAGCTAT","alt":"MEME-2","len":22,"ltrim":0,"rtrim":0,"nsites":5,"evalue":"1.2e-004","pwm":[[0.790004,0.00411373,0.200192,0.00569019],[0.201769,0.00411373,0.788427,0.00569019],[0.00569019,0.00411373,0.00411373,0.986082],[0.201769,0.00411373,0.00411373,0.790004],[0.201769,0.00411373,0.200192,0.593925],[0.986082,0.00411373,0.00411373,0.00569019],[0.986082,0.00411373,0.00411373,0.00569019],[0.00569019,0.00411373,0.00411373,0.986082],[0.00569019,0.200192,0.00411373,0.790004],[0.790004,0.00411373,0.200192,0.00569019],[0.593925,0.200192,0.200192,0.00569019],[0.00569019,0.00411373,0.984506,0.00569019],[0.00569019,0.00411373,0.00411373,0.986082],[0.00569019,0.788427,0.200192,0.00569019],[0.00569019,0.984506,0.00411373,0.00569019],[0.00569019,0.984506,0.00411373,0.00569019],[0.986082,0.00411373,0.00411373,0.00569019],[0.00569019,0.00411373,0.984506,0.00569019],[0.00569019,0.788427,0.200192,0.00569019],[0.00569019,0.00411373,0.00411373,0.986082],[0.986082,0.00411373,0.00411373,0.00569019],[0.00569019,0.00411373,0.00411373,0.986082]]},{"db":1,"id":"ALX3_HUMAN.H11MO.0.D","len":11,"ltrim":0,"rtrim":0,"nsites":8236,"evalue":"1.0e+000","url":"http://hocomoco.autosome.ru/motif/ALX3_HUMAN.H11MO.0.D","pwm":[[0.0593556,0.0292877,0.0125403,0.898816],[0.935254,0.000883989,0.0127345,0.0511271],[0.99982,2.70318e-05,0.00012497,2.8008e-05],[0.000493213,0.004018,0.000198423,0.99529],[0.00685918,0.109791,0.016652,0.866698],[0.703233,0.00166749,0.295096,3.52351e-06],[0.476896,0.0894461,0.412179,0.0214781],[0.658444,0.158693,0.132124,0.0507388],[0.0224593,0.0203036,0.0188346,0.938403],[0.171225,0.0612189,0.0304664,0.73709],[0.800539,0.0456258,0.0573783,0.0964566]]},{"db":1,"id":"BSH_HUMAN.H11MO.0.D","len":14,"ltrim":0,"rtrim":0,"nsites":8213,"evalue":"1.0e+000","url":"http://hocomoco.autosome.ru/motif/BSH_HUMAN.H11MO.0.D","pwm":[[0.218526,0.0920202,0.0771659,0.612288],[0.659286,0.0634074,0.111988,0.165319],[0.68869,0.0620072,0.0914723,0.157831],[0.11969,0.187264,0.189091,0.503955],[0.148516,0.178224,0.366825,0.306435],[0.398939,0.209728,0.253196,0.138137],[0.0881858,0.22991,0.551226,0.130679],[0.240382,0.158925,0.119476,0.481216],[0.000734074,0.00134188,2.55446e-06,0.997921],[0.997921,2.55446e-06,0.00195066,0.00012529],[0.99853,0.000489581,0.000489581,0.00049056],[0.0529677,0.0775616,0.0651424,0.804328],[0.0935431,0.22857,0.267167,0.410719],[0.32619,0.0849887,0.477167,0.111654]]},{"db":1,"id":"DBP_HUMAN.H11MO.0.B","len":11,"ltrim":0,"rtrim":2,"nsites":25,"evalue":"1.0e+000","url":"http://hocomoco.autosome.ru/motif/DBP_HUMAN.H11MO.0.B","pwm":[[0.31273,0.230686,0.429889,0.026695],[0.072665,0.000835857,0.0468058,0.879693],[0.0930961,0.0468058,0.0978836,0.762215],[0.639628,0.0774525,0.164285,0.118635],[0.026695,0.131084,0.0927758,0.749445],[0.0930961,0.000835857,0.853834,0.0522339],[0.00115617,0.455428,0.000835857,0.54258],[0.900124,0.0519136,0.000835857,0.0471261],[0.951202,0.000835857,0.000835857,0.0471261],[0.0905422,0.330287,0.258778,0.320392],[0.394455,0.246009,0.184716,0.17482]]},{"db":1,"id":"FOXA2_HUMAN.H11MO.0.A","len":12,"ltrim":0,"rtrim":1,"nsites":500,"evalue":"1.0e+000","url":"http://hocomoco.autosome.ru/motif/FOXA2_HUMAN.H11MO.0.A","pwm":[[0.0160548,4.19516e-05,0.00204155,0.981862],[0.196019,0.00204155,0.799882,0.00205763],[5.80284e-05,0.00404115,4.19516e-05,0.995859],[0.00205763,4.19516e-05,0.0440332,0.953867],[5.80284e-05,4.19516e-05,0.144013,0.855887],[0.757906,4.19516e-05,0.235995,0.00605683],[0.00805643,0.887864,0.00204155,0.102038],[0.401978,0.122018,4.19516e-05,0.475963],[0.0440492,0.40996,0.120018,0.425973],[0.563945,0.00804035,0.040034,0.38798],[0.19002,0.0960228,0.549932,0.164025],[0.128032,0.35797,0.281986,0.232012]]},{"db":1,"id":"FOXJ2_HUMAN.H11MO.0.C","len":10,"ltrim":0,"rtrim":0,"nsites":41,"evalue":"1.0e+000","url":"http://hocomoco.autosome.ru/motif/FOXJ2_HUMAN.H11MO.0.C","pwm":[[0.000706082,0.0241994,0.000510463,0.974584],[0.308662,0.000510463,0.642744,0.0480839],[0.000706082,0.000510463,0.0241994,0.974584],[0.000706082,0.000510463,0.000510463,0.998273],[0.000706082,0.000510463,0.000510463,0.998273],[0.548183,0.000510463,0.4506,0.000706082],[0.000706082,0.192654,0.000510463,0.806129],[0.119151,0.216343,0.000510463,0.663996],[0.000706082,0.0241994,0.2374,0.737695],[0.465272,0.0834217,0.1308,0.320507]]},{"db":1,"id":"FOXM1_HUMAN.H11MO.0.A","len":12,"ltrim":0,"rtrim":2,"nsites":500,"evalue":"1.0e+000","url":"http://hocomoco.autosome.ru/motif/FOXM1_HUMAN.H11MO.0.A","pwm":[[0.0560468,0.0240372,0.0340352,0.885881],[0.252008,0.0220376,0.715899,0.010056],[0.0260528,0.030036,0.0560308,0.88788],[5.80284e-05,0.0680284,0.0620296,0.869884],[0.00205763,0.00204155,0.0720276,0.923873],[0.319994,0.0540312,0.587924,0.0380504],[0.0740432,0.745893,0.0180384,0.162026],[0.246009,0.16001,0.0380344,0.555947],[0.0480484,0.289984,0.142014,0.519954],[0.359986,0.0380344,0.0280364,0.573943],[0.108036,0.16001,0.445953,0.286001],[0.166025,0.341974,0.25799,0.234011]]},{"db":1,"id":"GATA1_HUMAN.H11MO.1.A","len":11,"ltrim":2,"rtrim":2,"nsites":500,"evalue":"1.0e+000","url":"http://hocomoco.autosome.ru/motif/GATA1_HUMAN.H11MO.1.A","pwm":[[0.345989,0.116019,0.303981,0.234011],[0.152028,0.441954,0.305981,0.100038],[0.699918,0.0140392,0.00804035,0.278002],[5.80284e-05,4.19516e-05,0.997842,0.00205763],[0.999858,4.19516e-05,4.19516e-05,5.80284e-05],[0.00605683,0.00804035,4.19516e-05,0.985861],[0.969864,0.00804035,0.00604075,0.0160548],[0.921874,0.00404115,0.0580304,0.0160548],[0.14003,0.174007,0.663909,0.0220536],[0.371984,0.200002,0.339974,0.0880404],[0.33999,0.215999,0.321978,0.122034]]},{"db":1,"id":"GATA2_HUMAN.H11MO.1.A","len":11,"ltrim":1,"rtrim":1,"nsites":500,"evalue":"1.0e+000","url":"http://hocomoco.autosome.ru/motif/GATA2_HUMAN.H11MO.1.A","pwm":[[0.349988,0.116019,0.331976,0.202018],[0.164025,0.435955,0.347972,0.0520476],[0.751908,0.01004,0.00604075,0.232012],[5.80284e-05,0.00204155,0.993843,0.00405723],[0.977862,0.0140392,0.00604075,0.00205763],[0.0160548,0.040034,0.0480324,0.895879],[0.861886,0.050032,0.030036,0.0580464],[0.769904,0.0220376,0.186005,0.0220536],[0.148028,0.239994,0.567928,0.0440492],[0.417974,0.174007,0.369968,0.0380504],[0.417974,0.144013,0.273987,0.164025]]},{"db":1,"id":"GATA3_HUMAN.H11MO.0.A","len":11,"ltrim":2,"rtrim":1,"nsites":500,"evalue":"1.0e+000","url":"http://hocomoco.autosome.ru/motif/GATA3_HUMAN.H11MO.0.A","pwm":[[0.447968,0.0920236,0.253991,0.206017],[0.347988,0.303981,0.26199,0.0860408],[0.777902,0.00604075,0.00804035,0.208016],[0.010056,0.00404115,0.985845,5.80284e-05],[0.98786,0.00404115,0.00604075,0.00205763],[0.146029,0.01004,0.040034,0.803897],[0.921874,0.0160388,0.0420336,0.020054],[0.867884,0.00204155,0.0940232,0.0360508],[0.329992,0.223997,0.403961,0.0420496],[0.557946,0.120018,0.255991,0.0660448],[0.443969,0.080026,0.223997,0.252008]]},{"db":1,"id":"GRHL1_HUMAN.H11MO.0.D","len":12,"ltrim":0,"rtrim":0,"nsites":500,"evalue":"1.0e+000","url":"http://hocomoco.autosome.ru/motif/GRHL1_HUMAN.H11MO.0.D","pwm":[[0.661926,0.06003,0.0920236,0.186021],[0.575943,0.0120396,0.142014,0.270004],[0.0120556,0.953851,0.030036,0.00405723],[0.0140552,0.829876,0.00404115,0.152028],[0.325993,0.0160388,0.184005,0.473963],[0.00405723,0.0460328,0.893863,0.0560468],[0.00805643,0.166009,0.0460328,0.779902],[0.0240532,0.227996,0.0420336,0.705917],[0.0540472,0.353971,0.0320356,0.559946],[0.0740432,0.196003,0.198002,0.531952],[0.228012,0.188004,0.237994,0.345989],[0.0440492,0.791884,0.0520316,0.112036]]},{"db":1,"id":"HMGA1_HUMAN.H11MO.0.D","len":7,"ltrim":1,"rtrim":0,"nsites":94,"evalue":"1.0e+000","url":"http://hocomoco.autosome.ru/motif/HMGA1_HUMAN.H11MO.0.D","pwm":[[0.260615,0.180523,0.354251,0.204611],[0.316905,0.0836582,0.000222954,0.599214],[0.847233,0.0402262,0.000222954,0.112317],[0.000308395,0.000222954,0.000222954,0.999246],[0.0208815,0.0105095,0.000222954,0.968386],[0.239185,0.0619422,0.0939448,0.604928],[0.205182,0.112518,0.117089,0.565211]]},{"db":1,"id":"HSF1_HUMAN.H11MO.1.A","len":9,"ltrim":0,"rtrim":1,"nsites":107,"evalue":"1.0e+000","url":"http://hocomoco.autosome.ru/motif/HSF1_HUMAN.H11MO.1.A","pwm":[[0.0562934,0.0935666,0.0935666,0.756573],[0.0562934,0.0748924,0.102904,0.765911],[0.0749675,0.87788,0.01887,0.0282822],[0.0189451,0.01887,0.0282071,0.933978],[0.233698,0.01887,0.747161,0.000270962],[0.0376192,0.000195892,0.961914,0.000270962],[0.859281,0.000195892,0.130915,0.00960803],[0.933978,0.000195892,0.0468812,0.0189451],[0.420439,0.112241,0.280308,0.187012]]},{"db":1,"id":"HSF2_HUMAN.H11MO.0.A","len":14,"ltrim":1,"rtrim":0,"nsites":1040,"evalue":"1.0e+000","url":"http://hocomoco.autosome.ru/motif/HSF2_HUMAN.H11MO.0.A","pwm":[[0.341387,0.261785,0.308825,0.0880025],[0.0672343,0.0841006,0.766426,0.0822389],[0.750252,0.0685783,0.11707,0.0640993],[0.69273,0.0605933,0.110655,0.136021],[0.120997,0.230398,0.280191,0.368414],[0.304403,0.189923,0.415798,0.0898759],[0.0960656,0.0361997,0.0787508,0.788984],[0.0645673,0.0485327,0.0926599,0.79424],[0.0443147,0.795039,0.120609,0.0400381],[0.0677216,0.137605,0.161989,0.632685],[0.581981,0.177809,0.174567,0.0656423],[0.0168898,0.119132,0.810071,0.0539073],[0.725264,0.0617264,0.114397,0.0986123],[0.550755,0.16244,0.138529,0.148277]]},{"db":1,"id":"HXA11_HUMAN.H11MO.0.D","len":13,"ltrim":0,"rtrim":3,"nsites":2642,"evalue":"1.0e+000","url":"http://hocomoco.autosome.ru/motif/HXA11_HUMAN.H11MO.0.D","pwm":[[0.263532,0.0682302,0.0500628,0.618175],[0.56547,0.0912233,0.0575379,0.285769],[0.663971,0.132194,0.0617959,0.142038],[0.555535,0.174396,0.101726,0.168343],[0.343677,0.165028,0.217638,0.273657],[0.112422,0.0526176,0.0715419,0.763419],[1.09837e-05,7.94066e-06,0.000764914,0.999216],[1.09837e-05,0.000386427,7.94066e-06,0.999595],[0.299016,7.94066e-06,0.0011434,0.699833],[0.982468,0.00559062,0.00634759,0.00559366],[0.142795,0.304784,0.114027,0.438393],[0.133144,0.13087,0.499516,0.236471],[0.403762,0.136169,0.288699,0.171371]]},{"db":1,"id":"HXB2_HUMAN.H11MO.0.D","len":15,"ltrim":1,"rtrim":1,"nsites":420,"evalue":"1.0e+000","url":"http://hocomoco.autosome.ru/motif/HXB2_HUMAN.H11MO.0.D","pwm":[[0.230966,0.180959,0.169057,0.419017],[0.538036,0.176198,0.233328,0.0524376],[0.067315,0.012547,0.89329,0.0268484],[0.926634,0.0196881,0.0149274,0.0387503],[0.906996,0.0167126,0.00957148,0.0667199],[0.145273,0.402335,0.1881,0.264292],[0.345225,0.240469,0.321402,0.0929041],[0.0548179,0.0143323,0.0143323,0.916518],[0.0214925,0.00481071,0.0333753,0.940321],[6.90788e-05,0.999812,4.99405e-05,6.90788e-05],[6.90788e-05,0.12621,0.12145,0.752271],[0.83856,0.0601547,0.0934801,0.00780533],[0.00780533,0.000645037,0.990885,0.000664175],[0.945677,0.0244489,0.00778619,0.0220876],[0.479717,0.165487,0.163106,0.19169]]},{"db":1,"id":"HXD4_HUMAN.H11MO.0.D","len":8,"ltrim":0,"rtrim":0,"nsites":8,"evalue":"1.0e+000","url":"http://hocomoco.autosome.ru/motif/HXD4_HUMAN.H11MO.0.D","pwm":[[0.0340241,0.0330315,0.276563,0.656382],[0.00358271,0.00259013,0.00259013,0.991237],[0.747706,0.124356,0.124356,0.00358271],[0.869471,0.00259013,0.124356,0.00358271],[0.00358271,0.00259013,0.00259013,0.991237],[0.00358271,0.00259013,0.00259013,0.991237],[0.125348,0.124356,0.503182,0.247114],[0.41285,0.0330315,0.154797,0.399321]]},{"db":1,"id":"HXD8_HUMAN.H11MO.0.D","len":11,"ltrim":1,"rtrim":3,"nsites":278,"evalue":"1.0e+000","url":"http://hocomoco.autosome.ru/motif/HXD8_HUMAN.H11MO.0.D","pwm":[[0.294962,0.154696,0.100759,0.449583],[0.55566,0.196048,0.0773858,0.170906],[0.726462,0.0288421,0.0252462,0.21945],[0.00280122,0.0207515,0.0243473,0.9521],[0.341708,7.54405e-05,0.0216504,0.636566],[0.309346,0.00367127,7.54405e-05,0.686908],[0.125958,0.0108629,0.765987,0.0971917],[0.0117908,0.964657,0.0117619,0.0117908],[0.44329,0.191553,0.184362,0.180795],[0.194279,0.215825,0.190654,0.399241],[0.343506,0.20324,0.196048,0.257206]]},{"db":1,"id":"IRF3_HUMAN.H11MO.0.B","len":20,"ltrim":0,"rtrim":0,"nsites":500,"evalue":"1.0e+000","url":"http://hocomoco.autosome.ru/motif/IRF3_HUMAN.H11MO.0.B","pwm":[[0.299998,0.0780264,0.513939,0.108036],[0.603937,0.0440332,0.299982,0.0520476],[0.677922,0.0660288,0.213999,0.0420496],[0.719914,0.0740272,0.11002,0.0960388],[0.305997,0.10802,0.455951,0.130032],[0.224013,0.0540312,0.55793,0.164025],[0.202018,0.0540312,0.731896,0.0120556],[0.819894,0.0180384,0.148012,0.0140552],[0.815895,0.0360348,0.126017,0.0220536],[0.899878,0.0160388,0.030036,0.0540472],[0.224013,0.26199,0.445953,0.0680444],[0.292,0.0880244,0.401962,0.218014],[0.200018,0.00604075,0.783885,0.010056],[0.673923,0.0240372,0.289984,0.0120556],[0.879882,0.0360348,0.0720276,0.0120556],[0.94187,0.00404115,0.040034,0.0140552],[0.0960388,0.313979,0.547932,0.0420496],[0.266005,0.142014,0.273987,0.317994],[0.228012,0.122018,0.585925,0.0640452],[0.681922,0.070028,0.178006,0.070044]]},{"db":1,"id":"IRF7_HUMAN.H11MO.0.C","len":10,"ltrim":0,"rtrim":0,"nsites":40,"evalue":"1.0e+000","url":"http://hocomoco.autosome.ru/motif/IRF7_HUMAN.H11MO.0.C","pwm":[[0.215287,0.0644659,0.658423,0.0618245],[0.895922,0.102832,0.000523192,0.00072369],[0.99823,0.000523192,0.000523192,0.00072369],[0.895922,0.0261003,0.000523192,0.0774549],[0.103032,0.352919,0.41544,0.128609],[0.0234589,0.401231,0.153986,0.421325],[0.245127,0.0488355,0.679737,0.0263008],[0.921499,0.000523192,0.0261003,0.0518779],[0.793613,0.20514,0.000523192,0.00072369],[0.66857,0.000523192,0.0772544,0.253653]]},{"db":1,"id":"NFAC1_HUMAN.H11MO.1.B","len":10,"ltrim":2,"rtrim":0,"nsites":500,"evalue":"1.0e+000","url":"http://hocomoco.autosome.ru/motif/NFAC1_HUMAN.H11MO.1.B","pwm":[[0.477962,0.182006,0.225997,0.114035],[0.477962,0.174007,0.194003,0.154027],[0.194019,0.0280364,0.0340352,0.743909],[0.00405723,4.19516e-05,0.993843,0.00205763],[0.00205763,4.19516e-05,0.993843,0.00405723],[0.971864,0.00404115,0.0220376,0.00205763],[0.98786,0.00404115,0.00204155,0.00605683],[0.947868,0.01004,0.0280364,0.0140552],[0.571944,0.184005,0.196003,0.0480484],[0.417974,0.0540312,0.11002,0.417974]]},{"db":1,"id":"NFAC2_HUMAN.H11MO.0.B","len":9,"ltrim":0,"rtrim":1,"nsites":86,"evalue":"1.0e+000","url":"http://hocomoco.autosome.ru/motif/NFAC2_HUMAN.H11MO.0.B","pwm":[[0.256361,0.056545,0.145365,0.541729],[0.00033705,0.00024367,0.999082,0.00033705],[0.00033705,0.00024367,0.999082,0.00033705],[0.999176,0.00024367,0.00024367,0.00033705],[0.97164,0.00024367,0.0277797,0.00033705],[0.951212,0.016962,0.0314892,0.00033705],[0.795071,0.058266,0.0612163,0.085447],[0.297195,0.133318,0.0988975,0.47059],[0.160007,0.235102,0.17118,0.433711]]},{"db":1,"id":"NFAC3_HUMAN.H11MO.0.B","len":9,"ltrim":0,"rtrim":0,"nsites":18,"evalue":"1.0e+000","url":"http://hocomoco.autosome.ru/motif/NFAC3_HUMAN.H11MO.0.B","pwm":[[0.137214,0.136769,0.0282812,0.697736],[0.00160331,0.00115912,0.995634,0.00160331],[0.00160331,0.00115912,0.995634,0.00160331],[0.92978,0.00115912,0.0674575,0.00160331],[0.88759,0.00115912,0.109647,0.00160331],[0.996078,0.00115912,0.00115912,0.00160331],[0.773075,0.169919,0.0554032,0.00160331],[0.327068,0.392922,0.0674575,0.212553],[0.116119,0.314569,0.0493761,0.519936]]},{"db":1,"id":"NFAT5_HUMAN.H11MO.0.D","len":11,"ltrim":2,"rtrim":2,"nsites":500,"evalue":"1.0e+000","url":"http://hocomoco.autosome.ru/motif/NFAT5_HUMAN.H11MO.0.D","pwm":[[0.363985,0.150012,0.353971,0.132032],[0.278002,0.208,0.449952,0.0640452],[0.431972,0.0440332,0.30998,0.214015],[0.0160548,0.0120396,0.963849,0.00805643],[0.0160548,0.00604075,0.973847,0.00405723],[0.963865,0.0120396,0.00404115,0.020054],[0.957866,0.01004,0.0320356,5.80284e-05],[0.611936,0.0220376,0.349972,0.0160548],[0.401978,0.0560308,0.367968,0.174023],[0.274003,0.122018,0.36197,0.24201],[0.24201,0.154011,0.30798,0.295999]]},{"db":1,"id":"NFIA_HUMAN.H11MO.1.D","len":7,"ltrim":1,"rtrim":1,"nsites":265,"evalue":"1.0e+000","url":"http://hocomoco.autosome.ru/motif/NFIA_HUMAN.H11MO.1.D","pwm":[[0.24937,0.39468,0.160606,0.195345],[0.0580598,0.171875,0.00896485,0.7611],[0.00744984,0.00278349,0.0526208,0.937146],[0.0132449,7.914e-05,0.963,0.0236759],[0.0290846,0.0128282,0.956046,0.00204115],[0.0530374,0.885153,0.0468257,0.0149834],[0.446255,0.125866,0.140617,0.287262]]},{"db":1,"id":"NKX23_HUMAN.H11MO.0.D","len":11,"ltrim":1,"rtrim":2,"nsites":1247,"evalue":"1.0e+000","url":"http://hocomoco.autosome.ru/motif/NKX23_HUMAN.H11MO.0.D","pwm":[[0.139543,0.253998,0.305275,0.301184],[0.152833,0.120392,0.127929,0.598846],[0.0856183,0.30334,0.132169,0.478873],[0.91577,0.00639667,0.0603715,0.0174615],[0.940645,0.00427005,0.0509001,0.00418503],[0.00597779,0.00502923,0.982165,0.00682844],[0.0259428,0.00275856,0.0290371,0.942262],[0.0214746,0.00573582,0.965346,0.00744356],[0.0259199,0.106514,0.740318,0.127247],[0.124135,0.197623,0.28094,0.397302],[0.219924,0.197929,0.180715,0.401432]]},{"db":1,"id":"NKX25_HUMAN.H11MO.0.B","len":8,"ltrim":1,"rtrim":0,"nsites":499,"evalue":"1.0e+000","url":"http://hocomoco.autosome.ru/motif/NKX25_HUMAN.H11MO.0.B","pwm":[[0.106249,0.164338,0.310601,0.418812],[0.0761952,0.114248,0.537009,0.272549],[0.422819,0.0341033,0.518976,0.0241014],[0.979822,0.0160709,4.20357e-05,0.00406536],[0.0361231,0.00404925,0.95977,5.81446e-05],[0.545039,0.0601502,0.0180745,0.376736],[0.198415,0.00204564,0.769427,0.0301122],[0.168361,0.302587,0.484915,0.0441375]]},{"db":1,"id":"PBX1_HUMAN.H11MO.1.C","len":15,"ltrim":3,"rtrim":3,"nsites":145,"evalue":"1.0e+000","url":"http://hocomoco.autosome.ru/motif/PBX1_HUMAN.H11MO.1.C","pwm":[[0.399615,0.13564,0.19898,0.265765],[0.447958,0.153438,0.213193,0.185411],[0.299817,0.163455,0.116563,0.420165],[0.269473,0.0706048,0.052584,0.607338],[0.154133,0.0113395,0.0782645,0.756263],[0.0320172,0.0160532,0.922269,0.0296603],[0.850341,0.0505718,0.0800321,0.0190546],[0.142643,0.0514056,0.00014459,0.805806],[0.0337848,0.0552854,0.154272,0.756658],[0.0720833,0.0113395,0.873365,0.0432121],[0.853632,0.0136964,0.0929947,0.0396769],[0.0486623,0.0872499,0.0268062,0.837282],[0.131251,0.132669,0.491846,0.244234],[0.254987,0.0817997,0.353674,0.309539],[0.148658,0.20993,0.398381,0.243031]]},{"db":1,"id":"PBX3_HUMAN.H11MO.0.A","len":11,"ltrim":0,"rtrim":1,"nsites":420,"evalue":"1.0e+000","url":"http://hocomoco.autosome.ru/motif/PBX3_HUMAN.H11MO.0.A","pwm":[[0.185739,0.0643204,0.150014,0.599926],[0.0405356,0.019093,0.933161,0.00721024],[0.949843,0.00957148,0.0214734,0.0191122],[0.0714806,0.261892,0.326163,0.340464],[0.116708,0.0905046,0.24523,0.547558],[0.0381552,0.0357557,0.890314,0.0357749],[0.580883,0.0524184,0.361869,0.00482985],[0.042916,0.880793,0.019093,0.0571983],[0.545177,0.0167126,0.340445,0.0976649],[0.0571983,0.104787,0.685601,0.152414],[0.0952845,0.342825,0.426139,0.135751]]},{"db":1,"id":"PDX1_HUMAN.H11MO.0.A","len":9,"ltrim":0,"rtrim":0,"nsites":494,"evalue":"1.0e+000","url":"http://hocomoco.autosome.ru/motif/PDX1_HUMAN.H11MO.0.A","pwm":[[0.192328,0.00409022,0.0304007,0.773182],[0.0769662,0.0263529,0.858168,0.0385125],[0.953307,0.0182574,0.00409022,0.0243453],[0.0283931,0.14981,0.0627828,0.759014],[0.180184,0.0142096,0.145762,0.659844],[0.161969,0.0648067,0.752926,0.0202976],[0.892591,0.0607589,0.0344485,0.012202],[0.0567274,0.0648067,0.155881,0.722585],[0.0688707,0.07695,0.562682,0.291498]]},{"db":1,"id":"PO5F1_HUMAN.H11MO.1.A","len":10,"ltrim":0,"rtrim":1,"nsites":484,"evalue":"1.0e+000","url":"http://hocomoco.autosome.ru/motif/PO5F1_HUMAN.H11MO.1.A","pwm":[[0.446249,0.0516856,0.173561,0.328504],[0.297519,0.297503,0.088868,0.31611],[0.908963,0.0578826,0.0062404,0.0269139],[0.0537679,0.0145032,0.0413571,0.890372],[0.0145198,0.0207002,0.958523,0.00625701],[0.0145198,0.871764,0.095065,0.0186511],[0.840795,0.0268973,0.0826709,0.0496365],[0.400804,0.283043,0.225203,0.0909503],[0.762299,0.0702768,0.0806052,0.0868189],[0.167381,0.177693,0.206612,0.448314]]},{"db":1,"id":"PPARG_HUMAN.H11MO.1.A","len":9,"ltrim":0,"rtrim":0,"nsites":500,"evalue":"1.0e+000","url":"http://hocomoco.autosome.ru/motif/PPARG_HUMAN.H11MO.1.A","pwm":[[0.0220536,0.775887,0.152012,0.050048],[0.953867,0.00804035,4.19516e-05,0.0380504],[0.573943,0.0140392,0.401962,0.010056],[0.873883,4.19516e-05,0.122018,0.00405723],[0.0520476,4.19516e-05,0.937854,0.010056],[0.060046,0.0120396,0.765889,0.162026],[0.0440492,0.0920236,0.293983,0.569944],[0.128032,0.617918,0.126017,0.128032],[0.885881,0.0420336,0.020038,0.0520476]]},{"db":1,"id":"RAX2_HUMAN.H11MO.0.D","len":12,"ltrim":1,"rtrim":0,"nsites":33576,"evalue":"1.0e+000","url":"http://hocomoco.autosome.ru/motif/RAX2_HUMAN.H11MO.0.D","pwm":[[0.165774,0.376697,0.155349,0.30218],[0.0542582,0.0609592,0.0443402,0.840442],[0.862348,0.0434914,0.0489119,0.0452488],[0.991324,0.00279279,0.00288214,0.00300151],[6.04305e-05,0.000328239,0.000596287,0.999015],[0.000447611,0.061741,0.00935252,0.928459],[0.682815,0.026515,0.290602,6.78763e-05],[0.520259,0.0897147,0.38007,0.00995586],[0.560854,0.119438,0.101658,0.21805],[0.0553378,0.0823509,0.0647788,0.797532],[0.271355,0.127711,0.0997144,0.50122],[0.701005,0.0913454,0.093043,0.114606]]},{"db":1,"id":"RHXF1_HUMAN.H11MO.0.D","len":11,"ltrim":2,"rtrim":2,"nsites":3568,"evalue":"1.0e+000","url":"http://hocomoco.autosome.ru/motif/RHXF1_HUMAN.H11MO.0.D","pwm":[[0.283981,0.31145,0.244272,0.160297],[0.323305,0.147688,0.406263,0.122743],[0.109098,0.11359,0.561314,0.215998],[0.0271736,0.0108285,0.95191,0.0100878],[0.00169201,0.00129376,0.992103,0.0049108],[0.780321,0.184111,0.0313001,0.00426778],[0.00748657,0.00451256,0.00654154,0.981459],[0.150195,0.367646,0.0546204,0.427539],[0.746569,0.0399392,0.062518,0.150974],[0.358025,0.111278,0.238391,0.292306],[0.16169,0.431666,0.284076,0.122567]]},{"db":1,"id":"SIX1_HUMAN.H11MO.0.A","len":14,"ltrim":0,"rtrim":1,"nsites":500,"evalue":"1.0e+000","url":"http://hocomoco.autosome.ru/motif/SIX1_HUMAN.H11MO.0.A","pwm":[[0.196019,0.0180384,0.206001,0.579942],[0.0160548,0.00404115,0.977846,0.00205763],[0.471964,0.0440332,0.0480324,0.435971],[0.901878,0.0480324,0.00204155,0.0480484],[0.99186,0.00404115,0.00204155,0.00205763],[0.0420496,0.493943,0.0480324,0.415975],[0.218014,0.391964,0.0460328,0.343989],[0.0880404,0.102022,0.11002,0.699918],[0.104037,0.0140392,0.845873,0.0360508],[0.995859,4.19516e-05,0.00204155,0.00205763],[0.0760428,0.148012,0.305981,0.469964],[0.509956,0.421958,0.0240372,0.0440492],[0.0840412,0.587924,0.040034,0.288],[0.13803,0.395963,0.190004,0.276003]]},{"db":1,"id":"SIX2_HUMAN.H11MO.0.A","len":13,"ltrim":0,"rtrim":0,"nsites":500,"evalue":"1.0e+000","url":"http://hocomoco.autosome.ru/motif/SIX2_HUMAN.H11MO.0.A","pwm":[[0.166025,0.0120396,0.31198,0.509956],[0.0260528,0.00404115,0.951852,0.0180544],[0.59194,0.040034,0.0860248,0.282002],[0.851888,0.06003,0.0220376,0.0660448],[0.983861,0.01004,0.00404115,0.00205763],[0.0560468,0.499942,0.0680284,0.375983],[0.224013,0.367968,0.0740272,0.333991],[0.160026,0.136015,0.11002,0.593939],[0.168024,0.0260368,0.737894,0.0680444],[0.99186,0.00204155,0.00204155,0.00405723],[0.0740432,0.16001,0.439954,0.325993],[0.551948,0.36197,0.0280364,0.0580464],[0.198018,0.531936,0.0660288,0.204017]]},{"db":1,"id":"SOX17_HUMAN.H11MO.0.C","len":11,"ltrim":1,"rtrim":3,"nsites":500,"evalue":"1.0e+000","url":"http://hocomoco.autosome.ru/motif/SOX17_HUMAN.H11MO.0.C","pwm":[[0.114035,0.283985,0.425957,0.176023],[0.0320516,0.805881,0.0920236,0.070044],[0.04005,0.799882,0.00404115,0.156027],[0.88788,0.0160388,0.00404115,0.0920396],[0.00405723,0.020038,0.01004,0.965865],[0.00805643,0.118018,0.11202,0.761906],[0.0225535,0.0665287,0.620418,0.2905],[0.0285523,0.0225375,0.0145391,0.934371],[0.134531,0.136515,0.276487,0.452468],[0.0745431,0.290484,0.228496,0.406477],[0.130532,0.236495,0.196503,0.436471]]},{"db":1,"id":"STAT2_HUMAN.H11MO.0.A","len":19,"ltrim":1,"rtrim":1,"nsites":500,"evalue":"1.0e+000","url":"http://hocomoco.autosome.ru/motif/STAT2_HUMAN.H11MO.0.A","pwm":[[0.419974,0.11002,0.341974,0.128032],[0.349988,0.134015,0.449952,0.0660448],[0.297998,0.01004,0.635915,0.0560468],[0.603937,0.00404115,0.369968,0.0220536],[0.98786,0.00404115,0.00404115,0.00405723],[0.943869,0.0160388,0.0180384,0.0220536],[0.479962,0.168008,0.130016,0.222014],[0.23801,0.227996,0.140014,0.393979],[0.0780424,0.00204155,0.915859,0.00405723],[0.971864,0.00604075,0.020038,0.00205763],[0.985861,4.19516e-05,0.0140392,5.80284e-05],[0.993859,4.19516e-05,0.00404115,0.00205763],[0.0880404,0.685905,0.213999,0.0120556],[0.104037,0.176007,0.0160388,0.703917],[0.182022,0.114019,0.543933,0.160026],[0.767904,0.0540312,0.11202,0.0660448],[0.64193,0.100022,0.148012,0.110036],[0.601938,0.106021,0.188004,0.104037],[0.204017,0.291984,0.371968,0.132032]]},{"db":1,"id":"TBP_HUMAN.H11MO.0.A","len":10,"ltrim":0,"rtrim":0,"nsites":149,"evalue":"1.0e+000","url":"http://hocomoco.autosome.ru/motif/TBP_HUMAN.H11MO.0.A","pwm":[[0.281885,0.5434,0.1544,0.0203154],[0.047143,0.0873305,0.0873305,0.778196],[0.811731,0.000140711,0.0470891,0.14104],[0.047143,0.0470891,0.0403822,0.865386],[0.858679,0.0605029,0.0403822,0.0404361],[0.711127,0.0336753,0.0269683,0.22823],[0.771489,0.0202614,0.194641,0.0136085],[0.597109,0.00684762,0.1544,0.241643],[0.395902,0.0336753,0.496452,0.0739706],[0.0739706,0.308658,0.570228,0.047143]]},{"db":1,"id":"TBX4_HUMAN.H11MO.0.D","len":20,"ltrim":1,"rtrim":1,"nsites":15714,"evalue":"1.0e+000","url":"http://hocomoco.autosome.ru/motif/TBX4_HUMAN.H11MO.0.D","pwm":[[0.432337,0.108678,0.271525,0.187461],[0.875696,0.0332676,0.051086,0.03995],[0.070989,0.0659612,0.830434,0.0326159],[0.0156407,0.0171674,0.951742,0.0154498],[0.0251544,0.0740908,0.0252812,0.875474],[0.0238339,0.0224334,0.931299,0.0224339],[0.078705,0.100532,0.0294494,0.791313],[0.0466797,0.158744,0.618204,0.176372],[0.863048,0.0287017,0.076175,0.032075],[0.428089,0.175576,0.156103,0.240232],[0.574852,0.0847819,0.0850364,0.25533],[0.347986,0.0924183,0.0772727,0.482323],[0.249253,0.220615,0.218324,0.311808],[0.122567,0.221522,0.0726749,0.583236],[0.310185,0.371276,0.246611,0.0719277],[0.617075,0.134705,0.132096,0.116124],[0.111255,0.78549,0.0555724,0.047682],[0.647509,0.146303,0.143821,0.0623662],[0.0674572,0.764347,0.0830478,0.0851483],[0.113515,0.482418,0.165124,0.238943]]},{"db":1,"id":"TEAD1_HUMAN.H11MO.0.A","len":12,"ltrim":0,"rtrim":3,"nsites":500,"evalue":"1.0e+000","url":"http://hocomoco.autosome.ru/motif/TEAD1_HUMAN.H11MO.0.A","pwm":[[0.483961,0.0280364,0.429956,0.0580464],[0.194019,0.75989,0.040034,0.00605683],[0.977862,0.0120396,0.00204155,0.00805643],[0.00405723,0.00804035,0.00204155,0.985861],[0.0480484,0.00604075,0.070028,0.875883],[0.00405723,0.931856,0.0360348,0.0280524],[0.00805643,0.899862,0.00404115,0.0880404],[0.533951,0.0420336,0.0140392,0.409976],[0.176023,0.136015,0.543933,0.144029],[0.162026,0.385965,0.337974,0.114035],[0.24001,0.485945,0.176007,0.0980384],[0.429972,0.194003,0.116019,0.260006]]},{"db":1,"id":"TEAD3_HUMAN.H11MO.0.D","len":15,"ltrim":1,"rtrim":1,"nsites":12,"evalue":"1.0e+000","url":"http://hocomoco.autosome.ru/motif/TEAD3_HUMAN.H11MO.0.D","pwm":[[0.146061,0.219545,0.488333,0.146061],[0.836568,0.159299,0.00173389,0.00239835],[0.326798,0.242716,0.00173389,0.428752],[0.910717,0.00173389,0.0851509,0.00239835],[0.00239835,0.00173389,0.0758823,0.919985],[0.252649,0.00173389,0.00173389,0.743883],[0.00239835,0.40955,0.159299,0.428752],[0.00239835,0.576384,0.00173389,0.419483],[0.336066,0.00173389,0.00173389,0.660466],[0.169232,0.00173389,0.826635,0.00239835],[0.169232,0.659801,0.00173389,0.169232],[0.159964,0.251985,0.0851509,0.5029],[0.0858154,0.335402,0.251985,0.326798],[0.0858154,0.335402,0.0851509,0.493632],[0.447289,0.177836,0.103688,0.271186]]},{"db":1,"id":"TEAD4_HUMAN.H11MO.0.A","len":13,"ltrim":0,"rtrim":5,"nsites":500,"evalue":"1.0e+000","url":"http://hocomoco.autosome.ru/motif/TEAD4_HUMAN.H11MO.0.A","pwm":[[0.519954,0.0180384,0.397962,0.0640452],[0.284001,0.649912,0.0560308,0.010056],[0.963865,0.01004,0.00604075,0.020054],[0.0160548,0.0180384,0.01004,0.955867],[0.0440492,0.0180384,0.070028,0.867884],[0.020054,0.933855,0.0180384,0.0280524],[0.00205763,0.843873,0.00604075,0.148028],[0.423973,0.0620296,0.0220376,0.49196],[0.156027,0.140014,0.513939,0.19002],[0.23801,0.192004,0.427956,0.14203],[0.282002,0.375967,0.233995,0.108036],[0.467964,0.202002,0.124017,0.206017],[0.160026,0.170008,0.263989,0.405977]]},{"db":1,"id":"TGIF1_HUMAN.H11MO.0.A","len":7,"ltrim":0,"rtrim":1,"nsites":500,"evalue":"1.0e+000","url":"http://hocomoco.autosome.ru/motif/TGIF1_HUMAN.H11MO.0.A","pwm":[[0.166025,0.0320356,0.0980224,0.703917],[0.00405723,0.00404115,0.987844,0.00405723],[0.911876,0.00204155,0.0860248,5.80284e-05],[0.0780424,0.813879,0.090024,0.0180544],[0.98786,0.00204155,0.00204155,0.00805643],[0.0880404,0.0760268,0.823877,0.0120556],[0.118034,0.445953,0.315979,0.120034]]},{"db":1,"id":"Z354A_HUMAN.H11MO.0.C","len":24,"ltrim":1,"rtrim":0,"nsites":496,"evalue":"1.0e+000","url":"http://hocomoco.autosome.ru/motif/Z354A_HUMAN.H11MO.0.C","pwm":[[0.471738,0.074624,0.262086,0.191552],[0.076656,0.114938,0.0584982,0.749907],[0.0323101,0.120986,0.0584982,0.788206],[0.0403729,0.233866,0.0645454,0.661216],[0.508021,0.199599,0.108891,0.183489],[0.256055,0.0907498,0.479784,0.173411],[0.250008,0.141143,0.169363,0.439486],[0.0685931,0.53824,0.0645454,0.328621],[0.0585145,0.792221,0.0262467,0.123018],[0.572524,0.151221,0.0766398,0.199615],[0.0726245,0.114938,0.0363253,0.776112],[0.0141686,0.0201995,0.0302781,0.935354],[0.0202157,0.120986,0.0484196,0.810379],[0.582602,0.252008,0.0927655,0.0726245],[0.0423887,0.628948,0.0262467,0.302417],[0.628964,0.100828,0.125017,0.145191],[0.0383572,0.0988127,0.0806712,0.782159],[0.0645616,0.0887341,0.0544668,0.792237],[0.0363415,0.195567,0.0524511,0.71564],[0.677341,0.0806712,0.135096,0.106892],[0.485848,0.100828,0.185489,0.227835],[0.0625459,0.0322939,0.0766398,0.82852],[0.118986,0.102844,0.681357,0.0968132],[0.153253,0.11897,0.0826869,0.64509]]},{"db":1,"id":"ZN384_HUMAN.H11MO.0.C","len":12,"ltrim":0,"rtrim":4,"nsites":39,"evalue":"1.0e+000","url":"http://hocomoco.autosome.ru/motif/ZN384_HUMAN.H11MO.0.C","pwm":[[0.138959,0.141603,0.654574,0.0648635],[0.000742199,0.410913,0.587603,0.000742199],[0.998185,0.000536573,0.000536573,0.000742199],[0.998185,0.000536573,0.000536573,0.000742199],[0.998185,0.000536573,0.000536573,0.000742199],[0.998185,0.000536573,0.000536573,0.000742199],[0.998185,0.000536573,0.000536573,0.000742199],[0.359821,0.257022,0.356766,0.0263907],[0.128985,0.308319,0.154428,0.408269],[0.231579,0.408063,0.180076,0.180282],[0.103336,0.205725,0.433712,0.257227],[0.161045,0.33753,0.391677,0.109748]]},{"db":1,"id":"ZN418_HUMAN.H11MO.1.D","len":12,"ltrim":2,"rtrim":0,"nsites":500,"evalue":"1.0e+000","url":"http://hocomoco.autosome.ru/motif/ZN418_HUMAN.H11MO.1.D","pwm":[[0.19002,0.122018,0.273987,0.413975],[0.208016,0.192004,0.40996,0.19002],[0.224013,0.164009,0.104021,0.507956],[0.124033,4.19516e-05,0.0920236,0.783901],[0.0340512,0.0240372,0.939854,0.00205763],[0.244009,0.647912,0.0180384,0.09004],[0.00605683,0.100022,4.19516e-05,0.893879],[0.00205763,0.0320356,0.0180384,0.947868],[0.020054,0.503941,0.0240372,0.451968],[0.0160548,0.323977,0.0240372,0.635931],[0.551948,0.00404115,0.393963,0.050048],[0.00605683,0.0160388,0.643913,0.333991]]},{"db":1,"id":"ZN549_HUMAN.H11MO.0.C","len":20,"ltrim":0,"rtrim":1,"nsites":500,"evalue":"1.0e+000","url":"http://hocomoco.autosome.ru/motif/ZN549_HUMAN.H11MO.0.C","pwm":[[0.578442,0.0605299,0.0625295,0.298498],[0.134531,0.118518,0.190504,0.556447],[0.0545471,0.134515,0.0665287,0.744409],[0.0445491,0.734395,0.0145391,0.206517],[0.956367,0.0105399,0.0125395,0.0205539],[0.0725435,0.0345351,0.236495,0.656427],[0.0585463,0.182505,0.616419,0.14253],[0.622434,0.124517,0.176507,0.0765427],[0.722414,0.0325355,0.180506,0.0645451],[0.104537,0.336475,0.0345351,0.524453],[0.18852,0.238494,0.0345351,0.53845],[0.182522,0.00254145,0.784385,0.0305519],[0.0245531,0.0125395,0.950352,0.0125555],[0.150528,0.0745271,0.764389,0.0105559],[0.0545471,0.924357,0.00654065,0.0145551],[0.84039,0.0205379,0.0525315,0.0865407],[0.0265527,0.0725275,0.884365,0.0165547],[0.0180544,0.839874,0.0980224,0.0440492],[0.625933,0.194003,0.0580304,0.122034],[0.14003,0.453951,0.154011,0.252008]]},{"db":1,"id":"ZSC22_HUMAN.H11MO.0.C","len":16,"ltrim":1,"rtrim":0,"nsites":476,"evalue":"1.0e+000","url":"http://hocomoco.autosome.ru/motif/ZSC22_HUMAN.H11MO.0.C","pwm":[[0.304619,0.100863,0.436927,0.157591],[0.189097,0.113466,0.642766,0.0546713],[0.134486,0.151273,0.262594,0.451647],[0.123984,0.632264,0.180678,0.0630729],[0.319322,0.180678,0.0924616,0.407538],[0.0609725,0.00844566,0.92632,0.00426175],[0.861225,0.0147469,0.100863,0.0231653],[0.136587,0.063056,0.546148,0.254209],[0.0840769,0.00424486,0.903216,0.00846255],[0.0252657,0.00844566,0.957826,0.00846255],[0.541964,0.310903,0.0882608,0.0588721],[0.119784,0.00844566,0.859107,0.0126633],[0.0189645,0.00424486,0.957826,0.0189645],[0.714197,0.235289,0.0210481,0.0294665],[0.0651733,0.00634526,0.915818,0.0126633],[0.0693741,0.0483532,0.846505,0.0357677]]}],"sequence_names":["chr13:111252450-111253099","chr16:78330900-78331399","chr17:78690100-78690649","chr19:28916200-28916699","chr2:223843200-223843749","chr2:43826650-43827199","chr3:100314500-100315199","chr3:197391550-197391999","chr4:131057400-131058299","chr6:164129450-164129999","chr6:473950-474699","chr7:117565150-117565649"],"primaries":[{"motif":{"db":0,"id":"GGRBTYTTGSWCRNGAMAWGSDDSMSTVAG","alt":"MEME-3","len":30,"ltrim":0,"rtrim":0,"nsites":12,"evalue":"8.2e-004","pwm":[[0.00239835,0.167023,0.82818,0.00239835],[0.167688,0.00173388,0.745536,0.0850426],[0.332977,0.0843782,0.580246,0.00239835],[0.00239835,0.249668,0.332312,0.415622],[0.00239835,0.249668,0.00173388,0.7462],[0.00239835,0.662891,0.00173388,0.332977],[0.167688,0.00173388,0.0843782,0.7462],[0.00239835,0.167023,0.249668,0.58091],[0.167688,0.00173388,0.82818,0.00239835],[0.00239835,0.662891,0.332312,0.00239835],[0.415622,0.00173388,0.0843782,0.498266],[0.0850426,0.662891,0.0843782,0.167688],[0.332977,0.0843782,0.580246,0.00239835],[0.167688,0.167023,0.332312,0.332977],[0.0850426,0.249668,0.580246,0.0850426],[0.7462,0.00173388,0.167023,0.0850426],[0.663556,0.332312,0.00173388,0.00239835],[0.828844,0.0843782,0.0843782,0.00239835],[0.250332,0.167023,0.167023,0.415622],[0.00239835,0.249668,0.662891,0.0850426],[0.00239835,0.414957,0.414957,0.167688],[0.498266,0.00173388,0.249668,0.250332],[0.332977,0.00173388,0.249668,0.415622],[0.00239835,0.332312,0.662891,0.00239835],[0.332977,0.497602,0.0843782,0.0850426],[0.00239835,0.497602,0.414957,0.0850426],[0.00239835,0.00173388,0.0843782,0.91149],[0.250332,0.332312,0.414957,0.00239835],[0.58091,0.167023,0.0843782,0.167688],[0.167688,0.00173388,0.82818,0.00239835]]},"secondaries":[[{"idx":18,"counts":[[0,0,0,0,4,0,0,0,0,0,0,0,0,0,0,0,0,0,0,0,0,0,0,0,0,0,0,0,0,0,0,0,0,0,0,0,0,0,0,0,0,0,0,0,0,0,0,0,0,0,0,0,0,0,0,0,0,0,0,0,0,0,0,0,0,0,0,0,0,0,0,0,0,0,0,0,0,0,0,0,0,0,0,0,0,0,0,0,0,0,0,0,0,0,0,0,0,0,0,0,0,0,0,0,0,0,0,0,0,0,0,0,0,0,0,0,0,0,0,0,0,0,0,0,0,0,0,0,0,0,0,0,0,0,0,0,0,0,0,0,0,0,0,0,0],[0,0,0,0,0,0,0,0,0,0,0,0,0,0,0,0,0,0,0,0,0,0,0,0,0,0,0,0,0,0,0,0,0,0,0,0,0,0,0,0,0,0,0,0,0,0,0,0,0,0,0,0,0,0,0,0,0,0,0,0,0,0,0,0,0,0,0,0,0,0,0,0,0,0,0,0,0,0,0,0,0,0,0,0,0,0,0,0,0,0,0,0,0,0,0,0,0,0,0,0,0,0,0,0,0,0,0,0,0,0,0,0,0,0,0,0,0,0,0,0,0,0,0,0,0,0,0,0,0,0,0,0,0,0,0,0,0,0,0,0,0,0,0,0,0],[0,0,0,0,0,0,0,0,0,0,0,0,0,0,0,0,0,0,0,0,0,0,0,0,0,0,0,0,0,0,0,0,0,0,0,0,0,0,0,0,0,0,0,1,0,0,0,0,0,0,0,0,0,0,0,0,0,1,0,0,0,0,0,0,0,0,0,0,0,0,0,0,0,0,0,0,0,0,0,0,0,0,0,0,0,0,0,0,0,0,0,0,0,0,1,0,0,0,0,0,0,0,0,0,0,0,0,0,0,0,0,0,0,0,0,0,0,0,0,0,0,0,0,0,0,0,0,0,0,0,0,0,0,0,0,0,0,0,0,0,0,0,0,0,0],[0,0,0,0,0,0,0,0,0,1,0,0,0,0,0,0,0,0,0,0,0,0,0,0,0,0,0,0,0,0,0,0,0,0,0,0,0,0,0,0,0,0,0,0,0,0,0,0,0,0,0,0,0,0,0,0,0,0,0,0,0,0,0,0,0,0,0,0,0,0,0,0,0,0,0,0,0,0,0,0,0,0,0,0,0,0,0,0,0,0,0,0,0,0,0,0,0,0,0,0,0,0,0,0,0,0,0,0,0,1,0,0,0,0,0,0,0,0,0,0,0,0,0,0,0,0,0,0,0,0,0,0,0,0,0,0,0,0,0,0,0,0,0,0,0]],"spacings":[{"orient":0,"bin":4,"pvalue":1.13674e-09,"inferred_pwm":[[0.5,0.25,0,0.25],[1,0,0,0],[0,0,0,1],[0,0,0,1],[0,0,0,1