<!DOCTYPE HTML>
<html>
  <head>
    <meta charset="UTF-8">
    <title>TOMTOM</title>
    <script>
      // @JSON_VAR data
      var data = {
        "program": "Tomtom",
        "version": "4.12.0",
        "release": "Tue Jun 27 16:22:50 2017 -0700",
        "cmd": [
          "tomtom", "-verbosity", "1", "-oc",
          "results/AHRpeaks_noAHREs.bed-299.fa/hocomoco/dreme_tomtom_out",
          "-min-overlap", "5", "-dist", "pearson", "-evalue", "-thresh", "1",
          "-no-ssc", "-bfile",
          "results/AHRpeaks_noAHREs.bed-299.fa/hocomoco/background",
          "results/AHRpeaks_noAHREs.bed-299.fa/hocomoco/dreme_out/dreme.xml",
          "/Users/filipov4/meme/db/motif_databases/HUMAN/HOCOMOCOv11_full_HUMAN_mono_meme_format.meme"
        ],
        "options": {
          "strands": "both",
          "distance_measure": "pearson",
          "threshold_type": "evalue",
          "threshold_value": 1,
          "background_source": "file",
          "background_file": "results/AHRpeaks_noAHREs.bed-299.fa/hocomoco/background"
        },
        "alphabet": {
          "name": "DNA",
          "like": "dna",
          "ncore": 4,
          "symbols": [
            {
              "symbol": "A",
              "name": "Adenine",
              "colour": "CC0000",
              "complement": "T"
            }, {
              "symbol": "C",
              "name": "Cytosine",
              "colour": "0000CC",
              "complement": "G"
            }, {
              "symbol": "G",
              "name": "Guanine",
              "colour": "FFB300",
              "complement": "C"
            }, {
              "symbol": "T",
              "aliases": "U",
              "name": "Thymine",
              "colour": "008000",
              "complement": "A"
            }, {
              "symbol": "N",
              "aliases": "X.",
              "name": "Any base",
              "equals": "ACGT"
            }, {
              "symbol": "V",
              "name": "Not T",
              "equals": "ACG"
            }, {
              "symbol": "H",
              "name": "Not G",
              "equals": "ACT"
            }, {
              "symbol": "D",
              "name": "Not C",
              "equals": "AGT"
            }, {
              "symbol": "B",
              "name": "Not A",
              "equals": "CGT"
            }, {
              "symbol": "M",
              "name": "Amino",
              "equals": "AC"
            }, {
              "symbol": "R",
              "name": "Purine",
              "equals": "AG"
            }, {
              "symbol": "W",
              "name": "Weak",
              "equals": "AT"
            }, {
              "symbol": "S",
              "name": "Strong",
              "equals": "CG"
            }, {
              "symbol": "Y",
              "name": "Pyrimidine",
              "equals": "CT"
            }, {
              "symbol": "K",
              "name": "Keto",
              "equals": "GT"
            }
          ]
        },
        "background": [0.2897, 0.2103, 0.2103, 0.2897],
        "query_dbs": [
          {
            "source": "results/AHRpeaks_noAHREs.bed-299.fa/hocomoco/dreme_out/dreme.xml",
            "name": "dreme",
            "loaded": 7,
            "excluded": 0,
            "last_modified": "Thu May 24 12:28:50 2018"
          }
        ],
        "target_dbs": [
          {
            "source": "/Users/filipov4/meme/db/motif_databases/HUMAN/HOCOMOCOv11_full_HUMAN_mono_meme_format.meme",
            "name": "HOCOMOCOv11 full HUMAN mono meme format",
            "loaded": 771,
            "excluded": 0,
            "last_modified": "Wed Dec  6 21:59:30 2017"
          }
        ],
        "queries": [
          {
            "db": 0,
            "id": "AGATAW",
            "alt": "DREME-3",
            "len": 6,
            "nsites": 278,
            "evalue": "6.6e-007",
            "pwm": [
              [0.999745, 7.56203e-05, 7.56203e-05, 0.000104171], 
              [0.000104171, 7.56203e-05, 0.999716, 0.000104171], 
              [0.999745, 7.56203e-05, 7.56203e-05, 0.000104171], 
              [0.000104171, 7.56203e-05, 7.56203e-05, 0.999745], 
              [0.999745, 7.56203e-05, 7.56203e-05, 0.000104171], 
              [0.661737, 7.56203e-05, 7.56203e-05, 0.338112]
            ]
          }, {
            "db": 0,
            "id": "AKGTCA",
            "alt": "DREME-6",
            "len": 6,
            "nsites": 247,
            "evalue": "7.1e-003",
            "pwm": [
              [0.999713, 8.51073e-05, 8.51073e-05, 0.00011724], 
              [0.00011724, 8.51073e-05, 0.518094, 0.481703], 
              [0.00011724, 8.51073e-05, 0.99968, 0.00011724], 
              [0.00011724, 8.51073e-05, 8.51073e-05, 0.999713], 
              [0.00011724, 0.99968, 8.51073e-05, 0.00011724], 
              [0.999713, 8.51073e-05, 8.51073e-05, 0.00011724]
            ]
          }, {
            "db": 0,
            "id": "CACGD",
            "alt": "DREME-2",
            "len": 5,
            "nsites": 264,
            "evalue": "3.2e-010",
            "pwm": [
              [0.000109693, 0.999701, 7.9629e-05, 0.000109693], 
              [0.999731, 7.9629e-05, 7.9629e-05, 0.000109693], 
              [0.000109693, 0.999701, 7.9629e-05, 0.000109693], 
              [0.000109693, 7.9629e-05, 0.999701, 0.000109693], 
              [0.382541, 7.9629e-05, 0.337073, 0.280307]
            ]
          }, {
            "db": 0,
            "id": "CATTCCW",
            "alt": "DREME-7",
            "len": 7,
            "nsites": 94,
            "evalue": "1.2e-002",
            "pwm": [
              [0.000307864, 0.999161, 0.000223486, 0.000307864], 
              [0.999245, 0.000223486, 0.000223486, 0.000307864], 
              [0.000307864, 0.000223486, 0.000223486, 0.999245], 
              [0.000307864, 0.000223486, 0.000223486, 0.999245], 
              [0.000307864, 0.999161, 0.000223486, 0.000307864], 
              [0.000307864, 0.999161, 0.000223486, 0.000307864], 
              [0.425388, 0.000223486, 0.000223486, 0.574165]
            ]
          }, {
            "db": 0,
            "id": "CMCAG",
            "alt": "DREME-5",
            "len": 5,
            "nsites": 854,
            "evalue": "1.3e-004",
            "pwm": [
              [3.39187e-05, 0.999908, 2.46224e-05, 3.39187e-05], 
              [0.553833, 0.446108, 2.46224e-05, 3.39187e-05], 
              [3.39187e-05, 0.999908, 2.46224e-05, 3.39187e-05], 
              [0.999917, 2.46224e-05, 2.46224e-05, 3.39187e-05], 
              [3.39187e-05, 2.46224e-05, 0.999908, 3.39187e-05]
            ]
          }, {
            "db": 0,
            "id": "RYAAAYA",
            "alt": "DREME-1",
            "len": 7,
            "nsites": 625,
            "evalue": "1.5e-045",
            "pwm": [
              [0.529562, 3.36426e-05, 0.470358, 4.63446e-05], 
              [4.63446e-05, 0.494355, 3.36426e-05, 0.505565], 
              [0.999886, 3.36426e-05, 3.36426e-05, 4.63446e-05], 
              [0.999886, 3.36426e-05, 3.36426e-05, 4.63446e-05], 
              [0.999886, 3.36426e-05, 3.36426e-05, 4.63446e-05], 
              [4.63446e-05, 0.571142, 3.36426e-05, 0.428778], 
              [0.999886, 3.36426e-05, 3.36426e-05, 4.63446e-05]
            ]
          }, {
            "db": 0,
            "id": "TGAGTCAB",
            "alt": "DREME-4",
            "len": 8,
            "nsites": 76,
            "evalue": "4.4e-005",
            "pwm": [
              [0.000380683, 0.000276347, 0.000276347, 0.999067], 
              [0.000380683, 0.000276347, 0.998962, 0.000380683], 
              [0.999067, 0.000276347, 0.000276347, 0.000380683], 
              [0.000380683, 0.000276347, 0.998962, 0.000380683], 
              [0.000380683, 0.000276347, 0.000276347, 0.999067], 
              [0.000380683, 0.998962, 0.000276347, 0.000380683], 
              [0.999067, 0.000276347, 0.000276347, 0.000380683], 
              [0.000380683, 0.31565, 0.276229, 0.40774]
            ]
          }
        ],
        "targets": [
          {
            "db": 0,
            "id": "ANDR_HUMAN.H11MO.0.A",
            "len": 18,
            "nsites": 499,
            "evalue": "1.0e+000",
            "url": "http://hocomoco.autosome.ru/motif/ANDR_HUMAN.H11MO.0.A",
            "pwm": [
              [0.148325, 0.0701684, 0.0361071, 0.7454], 
              [0.0621698, 0.0481287, 0.777441, 0.11226], 
              [0.0681807, 0.0661612, 0.0140674, 0.851591], 
              [0.188397, 0.172352, 0.144302, 0.494949], 
              [0.0781987, 0.733362, 0.0361071, 0.152332], 
              [0.122278, 0.278543, 0.0320998, 0.567079], 
              [0.180383, 0.134284, 0.196396, 0.488938], 
              [0.198415, 0.178363, 0.216432, 0.40679], 
              [0.176375, 0.192388, 0.222442, 0.408794], 
              [0.200419, 0.256504, 0.120259, 0.422819], 
              [0.0721879, 0.0140674, 0.0140674, 0.899677], 
              [0.254516, 0.0300962, 0.691286, 0.0241013], 
              [0.0281085, 0.0220818, 0.0200782, 0.929731], 
              [0.0180905, 0.00605296, 0.0982189, 0.877638], 
              [0.00807247, 0.00805656, 0.0641575, 0.919713], 
              [0.420815, 0.0280926, 0.494933, 0.056159], 
              [0.0862131, 0.524987, 0.0481287, 0.340671], 
              [0.290581, 0.158327, 0.0541395, 0.496952]
            ]
          }, {
            "db": 0,
            "id": "BACH1_HUMAN.H11MO.0.A",
            "len": 13,
            "nsites": 500,
            "evalue": "1.0e+000",
            "url": "http://hocomoco.autosome.ru/motif/BACH1_HUMAN.H11MO.0.A",
            "pwm": [
              [0.0628593, 0.168173, 0.0975368, 0.67143], 
              [0.0092146, 0.066417, 0.922328, 0.00203999], 
              [0.0209223, 0.967518, 0.0039665, 0.00759349], 
              [0.0362262, 0.0795753, 0.0801311, 0.804067], 
              [0.00390618, 0.0613485, 0.89088, 0.0438658], 
              [0.802828, 0.0206111, 0.124515, 0.0520457], 
              [0.0133195, 0.214857, 0.763215, 0.0086083], 
              [0.00625751, 0.0361715, 0.14587, 0.811701], 
              [0.0162491, 0.943684, 0.0343088, 0.00575787], 
              [0.786289, 0.0958297, 0.0824453, 0.0354356], 
              [0.00983525, 0.334254, 0.256598, 0.399313], 
              [0.151636, 0.265548, 0.394684, 0.188132], 
              [0.105273, 0.378556, 0.372593, 0.143579]
            ]
          }, {
            "db": 0,
            "id": "BACH2_HUMAN.H11MO.0.A",
            "len": 11,
            "nsites": 500,
            "evalue": "1.0e+000",
            "url": "http://hocomoco.autosome.ru/motif/BACH2_HUMAN.H11MO.0.A",
            "pwm": [
              [0.122034, 0.0960229, 0.0680285, 0.713915], 
              [0.0140551, 0.0780265, 0.893863, 0.0140551], 
              [0.0440491, 0.923857, 0.0120397, 0.0200539], 
              [0.0780423, 0.0380345, 0.00804045, 0.875883], 
              [0.0580463, 0.0600301, 0.793883, 0.0880403], 
              [0.757906, 0.0380345, 0.0560309, 0.148028], 
              [0.0440491, 0.223997, 0.669908, 0.0620455], 
              [0.0100559, 0.0160389, 0.00804045, 0.965865], 
              [0.0600459, 0.919858, 0.0160389, 0.00405713], 
              [0.963865, 0.0120397, 0.00804045, 0.0160547], 
              [0.0560467, 0.319978, 0.212, 0.411976]
            ]
          }, {
            "db": 0,
            "id": "BATF_HUMAN.H11MO.0.A",
            "len": 18,
            "nsites": 500,
            "evalue": "1.0e+000",
            "url": "http://hocomoco.autosome.ru/motif/BATF_HUMAN.H11MO.0.A",
            "pwm": [
              [0.451968, 0.0780265, 0.263989, 0.206017], 
              [0.0480483, 0.399962, 0.345973, 0.206017], 
              [0.0120555, 0.0180385, 0.0440333, 0.925873], 
              [0.134031, 0.327976, 0.0240373, 0.513955], 
              [0.0860407, 0.237994, 0.0520317, 0.623933], 
              [0.14203, 0.545933, 0.0460329, 0.266005], 
              [0.379982, 0.0860249, 0.395963, 0.13803], 
              [0.369984, 0.114019, 0.229996, 0.286001], 
              [0.33799, 0.0180385, 0.0840253, 0.559946], 
              [0.577942, 0.15801, 0.0220377, 0.24201], 
              [0.00205753, 0.00204165, 4.20516e-05, 0.995859], 
              [0.00405713, 0.0560309, 0.849872, 0.0900399], 
              [0.977862, 0.00804045, 0.0120397, 0.00205753], 
              [0.104037, 0.55793, 0.315979, 0.0220535], 
              [0.0720435, 0.0300361, 0.0200381, 0.877882], 
              [0.212016, 0.50794, 0.212, 0.0680443], 
              [0.611936, 0.0840253, 0.11002, 0.194019], 
              [0.14203, 0.186005, 0.305981, 0.365985]
            ]
          }, {
            "db": 0,
            "id": "BATF_HUMAN.H11MO.1.A",
            "len": 11,
            "nsites": 500,
            "evalue": "1.0e+000",
            "url": "http://hocomoco.autosome.ru/motif/BATF_HUMAN.H11MO.1.A",
            "pwm": [
              [0.323993, 0.0680285, 0.391964, 0.216015], 
              [0.573943, 0.217998, 0.192004, 0.0160547], 
              [0.0140551, 0.00404125, 0.00404125, 0.977862], 
              [5.79284e-05, 0.0120397, 0.933855, 0.0540471], 
              [0.967864, 0.0100401, 0.00804045, 0.0140551], 
              [0.0100559, 0.513939, 0.0540313, 0.421974], 
              [0.0280523, 0.0280365, 0.431956, 0.511956], 
              [0.0940391, 0.875867, 0.0140393, 0.0160547], 
              [0.975863, 0.0180385, 4.20516e-05, 0.00605673], 
              [0.609936, 0.0560309, 0.144013, 0.19002], 
              [0.23801, 0.283985, 0.100022, 0.377982]
            ]
          }, {
            "db": 0,
            "id": "COT1_HUMAN.H11MO.1.C",
            "len": 13,
            "nsites": 478,
            "evalue": "1.0e+000",
            "url": "http://hocomoco.autosome.ru/motif/COT1_HUMAN.H11MO.1.C",
            "pwm": [
              [0.0837251, 0.194564, 0.382809, 0.338902], 
              [0.125557, 0.502031, 0.284503, 0.0879083], 
              [0.591987, 0.108808, 0.167373, 0.131832], 
              [0.368184, 0.0335098, 0.59197, 0.00633543], 
              [0.719575, 4.39866e-05, 0.278228, 0.00215221], 
              [0.00842704, 0.0021356, 0.951728, 0.0377096], 
              [0.00633543, 4.39866e-05, 0.966369, 0.0272516], 
              [0.00842704, 0.0690672, 0.217572, 0.704934], 
              [0.0335264, 0.914079, 0.027235, 0.0251599], 
              [0.991485, 0.0021356, 0.00631882, 6.0594e-05], 
              [0.223863, 0.154823, 0.525039, 0.0962748], 
              [0.313802, 0.146457, 0.456016, 0.0837251], 
              [0.146473, 0.0962582, 0.635894, 0.121374]
            ]
          }, {
            "db": 0,
            "id": "COT2_HUMAN.H11MO.0.A",
            "len": 13,
            "nsites": 500,
            "evalue": "1.0e+000",
            "url": "http://hocomoco.autosome.ru/motif/COT2_HUMAN.H11MO.0.A",
            "pwm": [
              [0.188828, 0.470313, 0.185439, 0.15542], 
              [0.666721, 0.149232, 0.0850842, 0.0989625], 
              [0.531151, 0.0743059, 0.343915, 0.0506283], 
              [0.732766, 0.00213362, 0.259158, 0.00594225], 
              [0.00756555, 4.20516e-05, 0.981046, 0.0113463], 
              [0.0355244, 0.00746626, 0.903606, 0.0534031], 
              [0.00756603, 0.0501501, 0.0817597, 0.860524], 
              [0.00187674, 0.925657, 0.0217695, 0.0506971], 
              [0.988317, 4.20516e-05, 0.00798194, 0.00365899], 
              [0.373569, 0.120958, 0.377549, 0.127925], 
              [0.408915, 0.116643, 0.383312, 0.0911302], 
              [0.212837, 0.0575016, 0.564794, 0.164868], 
              [0.232583, 0.127381, 0.379905, 0.26013]
            ]
          }, {
            "db": 0,
            "id": "COT2_HUMAN.H11MO.1.A",
            "len": 17,
            "nsites": 500,
            "evalue": "1.0e+000",
            "url": "http://hocomoco.autosome.ru/motif/COT2_HUMAN.H11MO.1.A",
            "pwm": [
              [0.315995, 0.0860249, 0.429956, 0.168024], 
              [0.264005, 0.0460329, 0.563929, 0.126033], 
              [0.270004, 0.102022, 0.50794, 0.120034], 
              [0.182022, 0.184005, 0.51194, 0.122034], 
              [0.128032, 0.263989, 0.200002, 0.407976], 
              [0.198018, 0.543933, 0.124017, 0.134031], 
              [0.63793, 0.0760269, 0.118018, 0.168024], 
              [0.497958, 0.0240373, 0.45795, 0.0200539], 
              [0.731912, 0.00204165, 0.25799, 0.00805633], 
              [0.0260527, 0.00404125, 0.899862, 0.0700439], 
              [0.0280523, 0.0100401, 0.90986, 0.0520475], 
              [0.0120555, 0.0480325, 0.184005, 0.755907], 
              [0.0700439, 0.831876, 0.0480325, 0.0500479], 
              [0.957866, 0.0140393, 0.0160389, 0.0120555], 
              [0.226013, 0.180006, 0.415959, 0.178022], 
              [0.301998, 0.196003, 0.373967, 0.128032], 
              [0.260006, 0.154011, 0.463949, 0.122034]
            ]
          }, {
            "db": 0,
            "id": "ERR1_HUMAN.H11MO.0.A",
            "len": 15,
            "nsites": 284,
            "evalue": "1.0e+000",
            "url": "http://hocomoco.autosome.ru/motif/ERR1_HUMAN.H11MO.0.A",
            "pwm": [
              [0.102179, 0.408381, 0.228867, 0.260574], 
              [0.0775395, 0.390782, 0.0493524, 0.482327], 
              [0.102179, 0.682932, 0.183108, 0.031781], 
              [0.915273, 0.0071138, 0.0669519, 0.0106616], 
              [0.971591, 7.40233e-05, 0.0282331, 0.000101971], 
              [0.00362186, 7.40233e-05, 0.989162, 0.00714175], 
              [0.00714175, 0.00359391, 0.989162, 0.000101971], 
              [0.0634599, 0.00359391, 0.0458326, 0.887114], 
              [0.000101971, 0.922285, 0.0528723, 0.0247412], 
              [0.98567, 0.00359391, 0.0071138, 0.00362186], 
              [0.235934, 0.4295, 0.14087, 0.193696], 
              [0.418969, 0.197188, 0.183108, 0.200736], 
              [0.147937, 0.345023, 0.302784, 0.204255], 
              [0.411929, 0.172549, 0.193668, 0.221855], 
              [0.207775, 0.242946, 0.397821, 0.151457]
            ]
          }, {
            "db": 0,
            "id": "ERR2_HUMAN.H11MO.0.A",
            "len": 9,
            "nsites": 3662,
            "evalue": "1.0e+000",
            "url": "http://hocomoco.autosome.ru/motif/ERR2_HUMAN.H11MO.0.A",
            "pwm": [
              [0.0588147, 0.303121, 0.169216, 0.468848], 
              [0.0678236, 0.71133, 0.143209, 0.077637], 
              [0.934265, 0.00636173, 0.0541146, 0.00525851], 
              [0.986218, 0.000613707, 0.0116676, 0.00150019], 
              [0.00553486, 0.000447899, 0.988925, 0.0050927], 
              [0.00243977, 0.00155329, 0.993788, 0.00221869], 
              [0.0388624, 0.0402041, 0.0884502, 0.832483], 
              [0.00188707, 0.876693, 0.071763, 0.0496574], 
              [0.927726, 0.00492473, 0.0608749, 0.00647444]
            ]
          }, {
            "db": 0,
            "id": "ERR3_HUMAN.H11MO.0.B",
            "len": 9,
            "nsites": 14,
            "evalue": "1.0e+000",
            "url": "http://hocomoco.autosome.ru/motif/ERR3_HUMAN.H11MO.0.B",
            "pwm": [
              [0.0713272, 0.00149149, 0.147734, 0.779448], 
              [0.0713272, 0.709612, 0.0707641, 0.148297], 
              [0.787144, 0.00149149, 0.209309, 0.00205461], 
              [0.994962, 0.00149149, 0.00149149, 0.00205461], 
              [0.00205461, 0.0707641, 0.855854, 0.0713272], 
              [0.00205461, 0.0707641, 0.925127, 0.00205461], 
              [0.0713272, 0.00149149, 0.00149149, 0.92569], 
              [0.0713272, 0.786581, 0.00149149, 0.1406], 
              [0.821781, 0.0361278, 0.1054, 0.0366909]
            ]
          }, {
            "db": 0,
            "id": "ESR1_HUMAN.H11MO.0.A",
            "len": 15,
            "nsites": 500,
            "evalue": "1.0e+000",
            "url": "http://hocomoco.autosome.ru/motif/ESR1_HUMAN.H11MO.0.A",
            "pwm": [
              [0.63793, 0.0480325, 0.25999, 0.0540471], 
              [0.0740431, 0.00604085, 0.80788, 0.112036], 
              [0.0460487, 0.0180385, 0.90786, 0.0280523], 
              [0.0940391, 0.0720277, 0.178006, 0.655927], 
              [0.00205753, 0.887864, 0.0480325, 0.0620455], 
              [0.855887, 0.00604085, 0.11202, 0.0260527], 
              [0.108036, 0.441954, 0.31198, 0.13803], 
              [0.395979, 0.603921, 4.20516e-05, 5.79284e-05], 
              [0.182022, 0.375967, 0.285985, 0.156027], 
              [0.104037, 0.0780265, 0.0440333, 0.773903], 
              [0.0540471, 0.0340353, 0.90786, 0.00405713], 
              [0.617934, 0.198002, 0.0700281, 0.114035], 
              [0.0400499, 0.883865, 0.0140393, 0.0620455], 
              [0.0900399, 0.821878, 0.00804045, 0.0800419], 
              [0.0580463, 0.329976, 0.0660289, 0.545949]
            ]
          }, {
            "db": 0,
            "id": "ESR1_HUMAN.H11MO.1.A",
            "len": 10,
            "nsites": 500,
            "evalue": "1.0e+000",
            "url": "http://hocomoco.autosome.ru/motif/ESR1_HUMAN.H11MO.1.A",
            "pwm": [
              [0.122034, 0.545933, 0.120018, 0.212016], 
              [0.349988, 0.325977, 0.118018, 0.206017], 
              [0.631932, 0.0160389, 0.347972, 0.00405713], 
              [0.00605673, 4.20516e-05, 0.965849, 0.0280523], 
              [0.00605673, 4.20516e-05, 0.991844, 0.00205753], 
              [0.0380503, 0.00404125, 0.102022, 0.855887], 
              [0.00405713, 0.973847, 0.0200381, 0.00205753], 
              [0.993859, 0.00204165, 0.00404125, 5.79284e-05], 
              [0.0680443, 0.443953, 0.369968, 0.118034], 
              [0.317994, 0.335975, 0.245993, 0.100038]
            ]
          }, {
            "db": 0,
            "id": "ESR2_HUMAN.H11MO.1.A",
            "len": 7,
            "nsites": 500,
            "evalue": "1.0e+000",
            "url": "http://hocomoco.autosome.ru/motif/ESR2_HUMAN.H11MO.1.A",
            "pwm": [
              [0.693919, 0.0340353, 0.26199, 0.0100559], 
              [0.0160547, 0.00204165, 0.945853, 0.0360507], 
              [0.00205753, 0.0100401, 0.981846, 0.00605673], 
              [0.0180543, 0.0160389, 0.104021, 0.861886], 
              [0.00205753, 0.991844, 0.00204165, 0.00405713], 
              [0.949868, 0.00604085, 0.0400341, 0.00405713], 
              [0.0700439, 0.45995, 0.399962, 0.0700439]
            ]
          }, {
            "db": 0,
            "id": "EVI1_HUMAN.H11MO.0.B",
            "len": 16,
            "nsites": 141,
            "evalue": "1.0e+000",
            "url": "http://hocomoco.autosome.ru/motif/EVI1_HUMAN.H11MO.0.B",
            "pwm": [
              [0.418884, 0.152794, 0.189314, 0.239007], 
              [0.635766, 0.037322, 0.0836387, 0.243273], 
              [0.0211052, 0.0295395, 0.906752, 0.0426033], 
              [0.972719, 0.00602714, 0.00602714, 0.0152271], 
              [0.041352, 0.455695, 0.00602714, 0.496926], 
              [0.951819, 0.00602714, 0.0177833, 0.0243708], 
              [0.917557, 0.000149043, 0.0157965, 0.0664971], 
              [0.0306843, 0.00602714, 0.961995, 0.00129385], 
              [0.966841, 0.000149043, 0.000149043, 0.0328614], 
              [0.000205315, 0.124703, 0.00537401, 0.869718], 
              [0.900169, 0.0325325, 0.000149043, 0.0671493], 
              [0.771722, 0.00929274, 0.156733, 0.0622519], 
              [0.210889, 0.183456, 0.352285, 0.253369], 
              [0.743775, 0.0920469, 0.0765093, 0.0876687], 
              [0.129359, 0.15608, 0.308148, 0.406413], 
              [0.490353, 0.119193, 0.158435, 0.232019]
            ]
          }, {
            "db": 0,
            "id": "FOSB_HUMAN.H11MO.0.A",
            "len": 9,
            "nsites": 500,
            "evalue": "1.0e+000",
            "url": "http://hocomoco.autosome.ru/motif/FOSB_HUMAN.H11MO.0.A",
            "pwm": [
              [0.413975, 0.206001, 0.291984, 0.0880403], 
              [0.0100559, 0.0120397, 0.00204165, 0.975863], 
              [0.0120555, 0.0140393, 0.917858, 0.0560467], 
              [0.895879, 0.0120397, 0.0180385, 0.0740431], 
              [0.204017, 4.20516e-05, 0.795883, 5.79284e-05], 
              [0.0180543, 0.0300361, 0.106021, 0.845889], 
              [0.0540471, 0.903861, 0.0280365, 0.0140551], 
              [0.965865, 0.0100401, 0.00604085, 0.0180543], 
              [0.0720435, 0.329976, 0.229996, 0.367984]
            ]
          }, {
            "db": 0,
            "id": "FOSL1_HUMAN.H11MO.0.A",
            "len": 12,
            "nsites": 500,
            "evalue": "1.0e+000",
            "url": "http://hocomoco.autosome.ru/motif/FOSL1_HUMAN.H11MO.0.A",
            "pwm": [
              [0.198018, 0.186005, 0.405961, 0.210016], 
              [0.317994, 0.164009, 0.347972, 0.170024], 
              [0.429972, 0.269988, 0.281986, 0.0180543], 
              [5.79284e-05, 4.20516e-05, 0.00604085, 0.993859], 
              [5.79284e-05, 0.00404125, 0.941854, 0.0540471], 
              [0.98786, 0.00204165, 0.00204165, 0.00805633], 
              [0.0780423, 4.20516e-05, 0.921858, 5.79284e-05], 
              [5.79284e-05, 4.20516e-05, 4.20516e-05, 0.999858], 
              [0.0180543, 0.979846, 0.00204165, 5.79284e-05], 
              [0.995859, 0.00404125, 4.20516e-05, 5.79284e-05], 
              [0.0220535, 0.41196, 0.16201, 0.403977], 
              [0.210016, 0.401962, 0.154011, 0.234011]
            ]
          }, {
            "db": 0,
            "id": "FOSL2_HUMAN.H11MO.0.A",
            "len": 12,
            "nsites": 500,
            "evalue": "1.0e+000",
            "url": "http://hocomoco.autosome.ru/motif/FOSL2_HUMAN.H11MO.0.A",
            "pwm": [
              [0.194019, 0.190004, 0.373967, 0.24201], 
              [0.282002, 0.134015, 0.381966, 0.202018], 
              [0.519954, 0.15801, 0.297982, 0.0240531], 
              [5.79284e-05, 4.20516e-05, 0.00204165, 0.997858], 
              [5.79284e-05, 0.00204165, 0.95785, 0.0400499], 
              [0.985861, 0.00404125, 4.20516e-05, 0.0100559], 
              [0.102038, 4.20516e-05, 0.897862, 5.79284e-05], 
              [0.00405713, 0.00404125, 0.00404125, 0.98786], 
              [0.00605673, 0.991844, 0.00204165, 5.79284e-05], 
              [0.997858, 4.20516e-05, 4.20516e-05, 0.00205753], 
              [0.0240531, 0.351972, 0.114019, 0.509956], 
              [0.216015, 0.377966, 0.138014, 0.268004]
            ]
          }, {
            "db": 0,
            "id": "FOS_HUMAN.H11MO.0.A",
            "len": 9,
            "nsites": 500,
            "evalue": "1.0e+000",
            "url": "http://hocomoco.autosome.ru/motif/FOS_HUMAN.H11MO.0.A",
            "pwm": [
              [0.345989, 0.215999, 0.35997, 0.0780423], 
              [0.0100559, 0.0180385, 0.0100401, 0.961866], 
              [0.0160547, 0.0340353, 0.85987, 0.0900399], 
              [0.935871, 0.00804045, 0.0280365, 0.0280523], 
              [0.116035, 4.20516e-05, 0.883865, 5.79284e-05], 
              [0.0220535, 0.0260369, 0.0240373, 0.927872], 
              [0.0420495, 0.933855, 0.0240373, 5.79284e-05], 
              [0.959866, 0.0160389, 0.0120397, 0.0120555], 
              [0.0280523, 0.417958, 0.263989, 0.29]
            ]
          }, {
            "db": 0,
            "id": "FOXA1_HUMAN.H11MO.0.A",
            "len": 12,
            "nsites": 500,
            "evalue": "1.0e+000",
            "url": "http://hocomoco.autosome.ru/motif/FOXA1_HUMAN.H11MO.0.A",
            "pwm": [
              [0.0160547, 4.20516e-05, 4.20516e-05, 0.983861], 
              [0.246009, 0.00404125, 0.749892, 5.79284e-05], 
              [0.00205753, 4.20516e-05, 4.20516e-05, 0.997858], 
              [0.00405713, 4.20516e-05, 0.0560309, 0.93987], 
              [5.79284e-05, 4.20516e-05, 0.144013, 0.855887], 
              [0.781902, 4.20516e-05, 0.206001, 0.0120555], 
              [0.00805633, 0.797882, 0.00804045, 0.186021], 
              [0.317994, 0.138014, 0.00404125, 0.53995], 
              [0.0320515, 0.313979, 0.10802, 0.545949], 
              [0.463965, 0.0200381, 0.0160389, 0.499958], 
              [0.218014, 0.0980225, 0.493943, 0.19002], 
              [0.108036, 0.25999, 0.393963, 0.23801]
            ]
          }, {
            "db": 0,
            "id": "FOXA2_HUMAN.H11MO.0.A",
            "len": 12,
            "nsites": 500,
            "evalue": "1.0e+000",
            "url": "http://hocomoco.autosome.ru/motif/FOXA2_HUMAN.H11MO.0.A",
            "pwm": [
              [0.0160547, 4.20516e-05, 0.00204165, 0.981862], 
              [0.196019, 0.00204165, 0.799882, 0.00205753], 
              [5.79284e-05, 0.00404125, 4.20516e-05, 0.995859], 
              [0.00205753, 4.20516e-05, 0.0440333, 0.953867], 
              [5.79284e-05, 4.20516e-05, 0.144013, 0.855887], 
              [0.757906, 4.20516e-05, 0.235995, 0.00605673], 
              [0.00805633, 0.887864, 0.00204165, 0.102038], 
              [0.401978, 0.122018, 4.20516e-05, 0.475963], 
              [0.0440491, 0.40996, 0.120018, 0.425973], 
              [0.563945, 0.00804045, 0.0400341, 0.38798], 
              [0.19002, 0.0960229, 0.549932, 0.164025], 
              [0.128032, 0.35797, 0.281986, 0.232012]
            ]
          }, {
            "db": 0,
            "id": "FOXA3_HUMAN.H11MO.0.B",
            "len": 13,
            "nsites": 500,
            "evalue": "1.0e+000",
            "url": "http://hocomoco.autosome.ru/motif/FOXA3_HUMAN.H11MO.0.B",
            "pwm": [
              [0.158026, 0.465949, 0.215999, 0.160026], 
              [0.228012, 0.249992, 0.0780265, 0.443969], 
              [0.0120555, 4.20516e-05, 0.00604085, 0.981862], 
              [0.246009, 0.00804045, 0.737894, 0.00805633], 
              [0.00805633, 0.0220377, 0.0140393, 0.955867], 
              [0.00605673, 4.20516e-05, 0.0360349, 0.957866], 
              [0.00805633, 4.20516e-05, 0.271988, 0.719914], 
              [0.855887, 0.00604085, 0.114019, 0.0240531], 
              [0.00405713, 0.873867, 0.0220377, 0.100038], 
              [0.367984, 0.152012, 0.00804045, 0.471964], 
              [0.0940391, 0.231996, 0.106021, 0.567944], 
              [0.425973, 0.0140393, 0.0540313, 0.505957], 
              [0.154027, 0.116019, 0.577926, 0.152028]
            ]
          }, {
            "db": 0,
            "id": "FOXC1_HUMAN.H11MO.0.C",
            "len": 15,
            "nsites": 26,
            "evalue": "1.0e+000",
            "url": "http://hocomoco.autosome.ru/motif/FOXC1_HUMAN.H11MO.0.C",
            "pwm": [
              [0.13521, 0.479733, 0.17322, 0.211838], 
              [0.345938, 0.0774341, 0.345633, 0.230995], 
              [0.269309, 0.154062, 0.0774341, 0.499194], 
              [0.00110996, 0.000805747, 0.000805747, 0.997279], 
              [0.00110996, 0.000805747, 0.996974, 0.00110996], 
              [0.0394241, 0.000805747, 0.000805747, 0.958964], 
              [0.0394241, 0.000805747, 0.000805747, 0.958964], 
              [0.00110996, 0.000805747, 0.0391199, 0.958964], 
              [0.958964, 0.000805747, 0.000805747, 0.0394241], 
              [0.00110996, 0.728775, 0.000805747, 0.269309], 
              [0.230995, 0.115748, 0.000805747, 0.652451], 
              [0.00110996, 0.192377, 0.000805747, 0.805708], 
              [0.652451, 0.000805747, 0.000805747, 0.345938], 
              [0.46088, 0.192377, 0.269005, 0.0777383], 
              [0.0394241, 0.269005, 0.575518, 0.116052]
            ]
          }, {
            "db": 0,
            "id": "FOXD3_HUMAN.H11MO.0.D",
            "len": 15,
            "nsites": 465,
            "evalue": "1.0e+000",
            "url": "http://hocomoco.autosome.ru/motif/FOXD3_HUMAN.H11MO.0.D",
            "pwm": [
              [0.157018, 0.176351, 0.298906, 0.367725], 
              [0.118316, 0.217203, 0.266655, 0.397826], 
              [0.135517, 0.00649544, 0.0559472, 0.80204], 
              [0.0387636, 0.0688476, 0.872976, 0.019413], 
              [0.0925155, 0.051647, 0.0365965, 0.819241], 
              [0.0366136, 0.111849, 0.0494969, 0.80204], 
              [0.0538142, 4.52161e-05, 0.0946485, 0.851492], 
              [0.339774, 0.200002, 0.225803, 0.23442], 
              [0.0581143, 0.599916, 0.0623974, 0.279572], 
              [0.294623, 0.202152, 0.0408966, 0.462328], 
              [0.109716, 0.223653, 0.0709977, 0.595633], 
              [0.404276, 0.0473469, 0.14625, 0.402126], 
              [0.23012, 0.14195, 0.42791, 0.200019], 
              [0.101116, 0.363408, 0.348357, 0.187119], 
              [0.356975, 0.292455, 0.111849, 0.238721]
            ]
          }, {
            "db": 0,
            "id": "FOXF1_HUMAN.H11MO.0.D",
            "len": 11,
            "nsites": 8,
            "evalue": "1.0e+000",
            "url": "http://hocomoco.autosome.ru/motif/FOXF1_HUMAN.H11MO.0.D",
            "pwm": [
              [0.413889, 0.151471, 0.151471, 0.28317], 
              [0.00357654, 0.0025963, 0.0025963, 0.991231], 
              [0.134295, 0.0025963, 0.859532, 0.00357654], 
              [0.00357654, 0.0025963, 0.0025963, 0.991231], 
              [0.00357654, 0.0025963, 0.0025963, 0.991231], 
              [0.00357654, 0.0025963, 0.0025963, 0.991231], 
              [0.729793, 0.0679558, 0.198675, 0.00357654], 
              [0.00357654, 0.133315, 0.0025963, 0.860512], 
              [0.021732, 0.151471, 0.151471, 0.675327], 
              [0.265014, 0.169626, 0.0025963, 0.562763], 
              [0.432044, 0.0025963, 0.0389071, 0.526452]
            ]
          }, {
            "db": 0,
            "id": "FOXF2_HUMAN.H11MO.0.D",
            "len": 11,
            "nsites": 26,
            "evalue": "1.0e+000",
            "url": "http://hocomoco.autosome.ru/motif/FOXF2_HUMAN.H11MO.0.D",
            "pwm": [
              [0.0163033, 0.0159991, 0.0159991, 0.951698], 
              [0.146773, 0.000805747, 0.820925, 0.0314967], 
              [0.00110996, 0.000805747, 0.0311925, 0.966892], 
              [0.122657, 0.000805747, 0.000805747, 0.875732], 
              [0.122657, 0.000805747, 0.0311925, 0.845345], 
              [0.770692, 0.000805747, 0.227392, 0.00110996], 
              [0.00110996, 0.782446, 0.0311925, 0.185252], 
              [0.284706, 0.255837, 0.0594755, 0.399982], 
              [0.0416122, 0.0413079, 0.0109212, 0.906159], 
              [0.481027, 0.000805747, 0.0311925, 0.486975], 
              [0.254319, 0.0109212, 0.357233, 0.377526]
            ]
          }, {
            "db": 0,
            "id": "FOXG1_HUMAN.H11MO.0.D",
            "len": 17,
            "nsites": 310,
            "evalue": "1.0e+000",
            "url": "http://hocomoco.autosome.ru/motif/FOXG1_HUMAN.H11MO.0.D",
            "pwm": [
              [0.358378, 0.15223, 0.184554, 0.304837], 
              [0.150408, 0.111038, 0.121198, 0.617357], 
              [0.0332513, 0.0359949, 0.0297153, 0.901039], 
              [0.102429, 0.0200181, 0.857509, 0.0200437], 
              [9.34215e-05, 0.00320758, 0.00948711, 0.987212], 
              [9.34215e-05, 6.78169e-05, 0.231865, 0.767974], 
              [0.00341847, 6.78169e-05, 0.0926133, 0.9039], 
              [0.687432, 0.164262, 0.108497, 0.0398087], 
              [0.0396234, 0.353224, 0.0255565, 0.581596], 
              [0.309128, 0.0957531, 0.292271, 0.302848], 
              [0.191093, 0.0709955, 0.118648, 0.619263], 
              [0.366395, 0.0569541, 0.178499, 0.398153], 
              [0.0616456, 0.0549699, 0.0200619, 0.863323], 
              [0.313884, 0.0397318, 0.316257, 0.330128], 
              [0.0491328, 0.0747812, 0.0882667, 0.787819], 
              [0.238743, 0.0549236, 0.0785695, 0.627764], 
              [0.0828903, 0.134398, 0.197018, 0.585694]
            ]
          }, {
            "db": 0,
            "id": "FOXJ2_HUMAN.H11MO.0.C",
            "len": 10,
            "nsites": 41,
            "evalue": "1.0e+000",
            "url": "http://hocomoco.autosome.ru/motif/FOXJ2_HUMAN.H11MO.0.C",
            "pwm": [
              [0.000704866, 0.0242006, 0.000511679, 0.974583], 
              [0.308661, 0.000511679, 0.642745, 0.0480827], 
              [0.000704866, 0.000511679, 0.0242006, 0.974583], 
              [0.000704866, 0.000511679, 0.000511679, 0.998272], 
              [0.000704866, 0.000511679, 0.000511679, 0.998272], 
              [0.548182, 0.000511679, 0.450601, 0.000704866], 
              [0.000704866, 0.192655, 0.000511679, 0.806128], 
              [0.119149, 0.216344, 0.000511679, 0.663995], 
              [0.000704866, 0.0242006, 0.237401, 0.737694], 
              [0.465271, 0.0834229, 0.130801, 0.320505]
            ]
          }, {
            "db": 0,
            "id": "FOXJ3_HUMAN.H11MO.0.A",
            "len": 13,
            "nsites": 626,
            "evalue": "1.0e+000",
            "url": "http://hocomoco.autosome.ru/motif/FOXJ3_HUMAN.H11MO.0.A",
            "pwm": [
              [0.194111, 0.146481, 0.164697, 0.49471], 
              [4.62706e-05, 3.35889e-05, 3.35889e-05, 0.999887], 
              [0.0829681, 3.35889e-05, 0.914268, 0.00273039], 
              [0.00111992, 3.35889e-05, 3.35889e-05, 0.998813], 
              [4.62706e-05, 3.35889e-05, 3.35889e-05, 0.999887], 
              [0.00887907, 3.35889e-05, 0.175698, 0.815389], 
              [0.818158, 3.35889e-05, 0.0369546, 0.144854], 
              [4.62706e-05, 0.0711348, 3.35889e-05, 0.928785], 
              [0.11331, 3.35889e-05, 0.430175, 0.456481], 
              [0.044061, 3.35889e-05, 0.325661, 0.630245], 
              [0.0528195, 3.35889e-05, 0.0291504, 0.917997], 
              [0.00591098, 0.0101674, 0.0168385, 0.967083], 
              [0.35851, 0.0704011, 0.138469, 0.43262]
            ]
          }, {
            "db": 0,
            "id": "FOXL1_HUMAN.H11MO.0.D",
            "len": 19,
            "nsites": 1207,
            "evalue": "1.0e+000",
            "url": "http://hocomoco.autosome.ru/motif/FOXL1_HUMAN.H11MO.0.D",
            "pwm": [
              [0.160533, 0.16384, 0.222658, 0.452969], 
              [0.140236, 0.189107, 0.444264, 0.226393], 
              [0.191185, 0.0404035, 0.132359, 0.636052], 
              [0.0629848, 0.0240419, 0.041439, 0.871534], 
              [0.000645323, 0.000638746, 0.000638746, 0.998077], 
              [0.0874236, 0.000431638, 0.905079, 0.00706567], 
              [0.00830832, 1.74219e-05, 1.74219e-05, 0.991657], 
              [2.39997e-05, 1.74219e-05, 1.74219e-05, 0.999941], 
              [2.39997e-05, 1.74219e-05, 1.74219e-05, 0.999941], 
              [0.470573, 1.74219e-05, 0.529385, 2.39997e-05], 
              [2.39997e-05, 1.74219e-05, 1.74219e-05, 0.999941], 
              [2.39997e-05, 1.74219e-05, 1.74219e-05, 0.999941], 
              [2.39997e-05, 1.74219e-05, 1.74219e-05, 0.999941], 
              [0.985858, 1.74219e-05, 0.0116155, 0.00250929], 
              [0.000852431, 0.511988, 0.000845854, 0.486313], 
              [0.414861, 0.0188642, 0.0213495, 0.544925], 
              [0.103992, 0.014515, 0.0186571, 0.862836], 
              [0.226186, 0.0174145, 0.0149292, 0.74147], 
              [0.193256, 0.125318, 0.0838961, 0.59753]
            ]
          }, {
            "db": 0,
            "id": "FOXM1_HUMAN.H11MO.0.A",
            "len": 12,
            "nsites": 500,
            "evalue": "1.0e+000",
            "url": "http://hocomoco.autosome.ru/motif/FOXM1_HUMAN.H11MO.0.A",
            "pwm": [
              [0.0560467, 0.0240373, 0.0340353, 0.885881], 
              [0.252008, 0.0220377, 0.715899, 0.0100559], 
              [0.0260527, 0.0300361, 0.0560309, 0.88788], 
              [5.79284e-05, 0.0680285, 0.0620297, 0.869884], 
              [0.00205753, 0.00204165, 0.0720277, 0.923873], 
              [0.319994, 0.0540313, 0.587924, 0.0380503], 
