<!DOCTYPE HTML>
<html>
  <head>
    <meta charset="UTF-8">
    <title>SpaMo - Spaced Motif Analysis</title>
    <script type="text/javascript">
      //@JSON_VAR data
      var data = {"program":"SpaMo","version":"4.12.0","revision":"aacc9c3eb8c7b460b344d5c8aa1458097dae704d","release":"Tue Jun 27 16:22:50 2017 -0700","host":"Sudins-iMac.local","when":"Thu May 24 12:44:50 2018","cmd":["spamo","-verbosity","1","-oc","results/AHRpeaks_noAHREs.bed-399.fa/jaspar/spamo_out_2","-bgfile","results/AHRpeaks_noAHREs.bed-399.fa/jaspar/background","-primary","TWTTGYCKTGMWAAASMTCTTW","results/AHRpeaks_noAHREs.bed-399.fa/jaspar/AHRpeaks_noAHREs.bed-399.fa","results/AHRpeaks_noAHREs.bed-399.fa/jaspar/meme_out/meme.xml","results/AHRpeaks_noAHREs.bed-399.fa/jaspar/meme_out/meme.xml","results/AHRpeaks_noAHREs.bed-399.fa/jaspar/dreme_out/dreme.xml","/Users/filipov4/meme/db/motif_databases/JASPAR/JASPAR2018_CORE_non-redundant.meme"],"options":{"seq_min_hit_score":7,"margin":150,"bin_size":1,"bin_pvalue_calc_range":150,"use_best_secondary":0,"seq_max_shared_fract":0.5,"seq_odds_ratio":20,"bin_pvalue_cutoff":0.05,"motif_evalue_cutoff":10,"redundant_overlap":2,"redundant_joint":0.5,"motif_pseudocount":0.1,"bgfile":"results/AHRpeaks_noAHREs.bed-399.fa/jaspar/background","motif_trim":0.25,"xalph":0,"seed":1,"bin_max":7},"alphabet":{"name":"DNA","like":"dna","ncore":4,"symbols":[{"symbol":"A","name":"Adenine","colour":"CC0000","complement":"T"},{"symbol":"C","name":"Cytosine","colour":"0000CC","complement":"G"},{"symbol":"G","name":"Guanine","colour":"FFB300","complement":"C"},{"symbol":"T","aliases":"U","name":"Thymine","colour":"008000","complement":"A"},{"symbol":"N","aliases":"X.","name":"Any base","equals":"ACGT"},{"symbol":"V","name":"Not T","equals":"ACG"},{"symbol":"H","name":"Not G","equals":"ACT"},{"symbol":"D","name":"Not C","equals":"AGT"},{"symbol":"B","name":"Not A","equals":"CGT"},{"symbol":"M","name":"Amino","equals":"AC"},{"symbol":"R","name":"Purine","equals":"AG"},{"symbol":"W","name":"Weak","equals":"AT"},{"symbol":"S","name":"Strong","equals":"CG"},{"symbol":"Y","name":"Pyrimidine","equals":"CT"},{"symbol":"K","name":"Keto","equals":"GT"}]},"background":[0.2906,0.2094,0.2094,0.2906],"sequence_dbs":[{"source":"results/AHRpeaks_noAHREs.bed-399.fa/jaspar/AHRpeaks_noAHREs.bed-399.fa","name":"AHRpeaks_noAHREs.bed-399","last_modified":"Thu May 24 11:14:35 2018","loaded":1181,"excluded_too_short":0,"excluded_no_match":1158,"excluded_ambigs":0,"excluded_similar":6,"erased_primary_matches":0}],"primary_dbs":[{"source":"results/AHRpeaks_noAHREs.bed-399.fa/jaspar/meme_out/meme.xml","name":"meme.xml","last_modified":"Thu May 24 12:42:58 2018","loaded":6,"excluded":5}],"secondary_dbs":[{"source":"results/AHRpeaks_noAHREs.bed-399.fa/jaspar/meme_out/meme.xml","name":"meme.xml","last_modified":"Thu May 24 12:42:58 2018","loaded":7,"excluded":1},{"source":"results/AHRpeaks_noAHREs.bed-399.fa/jaspar/dreme_out/dreme.xml","name":"dreme.xml","last_modified":"Thu May 24 12:43:41 2018","loaded":7,"excluded":0},{"source":"/Users/filipov4/meme/db/motif_databases/JASPAR/JASPAR2018_CORE_non-redundant.meme","name":"JASPAR2018_CORE_non-redundant","last_modified":"Thu Dec  7 14:38:42 2017","loaded":1404,"excluded":0}],"secondary_motifs":[{"db":0,"id":"CAWGACCAAGARYYCAAARGCA","alt":"MEME-5","len":22,"ltrim":0,"rtrim":0,"nsites":12,"evalue":"3.3e-013","pwm":[[0.00240165,0.993466,0.00173058,0.00240165],[0.746203,0.249664,0.00173058,0.00240165],[0.33298,0.00173058,0.00173058,0.663559],[0.0850459,0.0843749,0.828177,0.00240165],[0.911493,0.0843749,0.00173058,0.00240165],[0.00240165,0.745532,0.16702,0.0850459],[0.0850459,0.910822,0.00173058,0.00240165],[0.911493,0.0843749,0.00173058,0.00240165],[0.828848,0.0843749,0.0843749,0.00240165],[0.167691,0.00173058,0.745532,0.0850459],[0.828848,0.00173058,0.00173058,0.167691],[0.415625,0.0843749,0.497598,0.00240165],[0.00240165,0.497598,0.00173058,0.498269],[0.00240165,0.580243,0.0843749,0.33298],[0.00240165,0.993466,0.00173058,0.00240165],[0.828848,0.00173058,0.00173058,0.167691],[0.828848,0.00173058,0.16702,0.00240165],[0.911493,0.00173058,0.0843749,0.00240165],[0.580914,0.00173058,0.414954,0.00240165],[0.00240165,0.0843749,0.828177,0.0850459],[0.00240165,0.910822,0.0843749,0.00240165],[0.828848,0.00173058,0.00173058,0.167691]]},{"db":0,"id":"MANAAARRYAAACADA","alt":"MEME-1","len":16,"ltrim":1,"rtrim":2,"nsites":130,"evalue":"2.8e-040","pwm":[[0.407602,0.330676,0.092398,0.169324],[0.622821,0.123143,0.0616517,0.192384],[0.369171,0.192321,0.207693,0.230815],[0.56133,0.176948,0.200007,0.0617141],[0.914905,0.0847109,0.000160953,0.000223367],[0.776549,0.0462795,0.161575,0.0155965],[0.653567,0.000160953,0.346049,0.000223367],[0.576703,0.0385934,0.38448,0.000223367],[0.230815,0.261498,0.000160953,0.507525],[0.999455,0.000160953,0.000160953,0.000223367],[0.999455,0.000160953,0.000160953,0.000223367],[0.999455,0.000160953,0.000160953,0.000223367],[0.0770872,0.607386,0.0462795,0.269247],[0.937964,0.0309063,0.0309063,0.000223367],[0.315366,0.123143,0.346049,0.215443],[0.484466,0.115457,0.184634,0.215443]]},{"db":0,"id":"TSTRGTCAGACYGGTTCTCTGCTCTTGAAC","alt":"MEME-4","len":30,"ltrim":0,"rtrim":0,"nsites":5,"evalue":"4.3e-017","pwm":[[0.00569804,0.00410589,0.00410589,0.98609],[0.00569804,0.396263,0.592341,0.00569804],[0.00569804,0.00410589,0.00410589,0.98609],[0.397855,0.00410589,0.592341,0.00569804],[0.00569804,0.00410589,0.984498,0.00569804],[0.00569804,0.00410589,0.00410589,0.98609],[0.00569804,0.984498,0.00410589,0.00569804],[0.98609,0.00410589,0.00410589,0.00569804],[0.00569804,0.00410589,0.984498,0.00569804],[0.98609,0.00410589,0.00410589,0.00569804],[0.00569804,0.984498,0.00410589,0.00569804],[0.00569804,0.396263,0.00410589,0.593933],[0.00569804,0.00410589,0.984498,0.00569804],[0.00569804,0.00410589,0.984498,0.00569804],[0.00569804,0.00410589,0.00410589,0.98609],[0.00569804,0.00410589,0.00410589,0.98609],[0.00569804,0.78842,0.200184,0.00569804],[0.00569804,0.00410589,0.00410589,0.98609],[0.00569804,0.984498,0.00410589,0.00569804],[0.00569804,0.00410589,0.00410589,0.98609],[0.00569804,0.00410589,0.984498,0.00569804],[0.00569804,0.984498,0.00410589,0.00569804],[0.00569804,0.00410589,0.00410589,0.98609],[0.00569804,0.984498,0.00410589,0.00569804],[0.00569804,0.00410589,0.00410589,0.98609],[0.00569804,0.200184,0.00410589,0.790012],[0.201776,0.00410589,0.78842,0.00569804],[0.98609,0.00410589,0.00410589,0.00569804],[0.98609,0.00410589,0.00410589,0.00569804],[0.00569804,0.984498,0.00410589,0.00569804]]},{"db":1,"id":"AGATAA","alt":"DREME-5","len":6,"ltrim":0,"rtrim":0,"nsites":103,"evalue":"2.1e-004","pwm":[[0.999312,0.000203104,0.000203104,0.000281862],[0.000281862,0.000203104,0.999233,0.000281862],[0.999312,0.000203104,0.000203104,0.000281862],[0.000281862,0.000203104,0.000203104,0.999312],[0.999312,0.000203104,0.000203104,0.000281862],[0.999312,0.000203104,0.000203104,0.000281862]]},{"db":1,"id":"CMCRG","alt":"DREME-2","len":5,"ltrim":0,"rtrim":0,"nsites":968,"evalue":"4.8e-009","pwm":[[3.00175e-05,0.999918,2.163e-05,3.00175e-05],[0.572285,0.427663,2.163e-05,3.00175e-05],[3.00175e-05,0.999918,2.163e-05,3.00175e-05],[0.86461,2.163e-05,0.135339,3.00175e-05],[3.00175e-05,2.163e-05,0.999918,3.00175e-05]]},{"db":1,"id":"RYAAAYA","alt":"DREME-1","len":7,"ltrim":0,"rtrim":0,"nsites":607,"evalue":"1.6e-044","pwm":[[0.528791,3.44919e-05,0.471127,4.78669e-05],[4.78669e-05,0.495834,3.44919e-05,0.504084],[0.999883,3.44919e-05,3.44919e-05,4.78669e-05],[0.999883,3.44919e-05,3.44919e-05,4.78669e-05],[0.999883,3.44919e-05,3.44919e-05,4.78669e-05],[4.78669e-05,0.573251,3.44919e-05,0.426667],[0.999883,3.44919e-05,3.44919e-05,4.78669e-05]]},{"db":2,"id":"MA0011.1","alt":"br(var.2)","len":8,"ltrim":0,"rtrim":0,"nsites":12,"url":"http://jaspar2018.genereg.net/matrix/MA0011.1","pwm":[[0.250336,0.0843749,0.0843749,0.580914],[0.415625,0.16702,0.0843749,0.33298],[0.00240165,0.828177,0.00173058,0.167691],[0.00240165,0.0843749,0.00173058,0.911493],[0.994137,0.00173058,0.00173058,0.00240165],[0.0850459,0.0843749,0.16702,0.663559],[0.167691,0.00173058,0.0843749,0.746203],[0.0850459,0.16702,0.0843749,0.663559]]},{"db":2,"id":"MA0012.1","alt":"br(var.3)","len":11,"ltrim":0,"rtrim":2,"nsites":12,"url":"http://jaspar2018.genereg.net/matrix/MA0012.1","pwm":[[0.250336,0.0843749,0.0843749,0.580914],[0.746203,0.16702,0.0843749,0.00240165],[0.828848,0.00173058,0.00173058,0.167691],[0.994137,0.00173058,0.00173058,0.00240165],[0.00240165,0.828177,0.0843749,0.0850459],[0.33298,0.00173058,0.00173058,0.663559],[0.828848,0.00173058,0.00173058,0.167691],[0.498269,0.00173058,0.332309,0.167691],[0.498269,0.0843749,0.16702,0.250336],[0.33298,0.249664,0.16702,0.250336],[0.167691,0.249664,0.414954,0.167691]]},{"db":2,"id":"MA0020.1","alt":"Dof2","len":6,"ltrim":0,"rtrim":1,"nsites":21,"url":"http://jaspar2018.genereg.net/matrix/MA0020.1","pwm":[[0.996638,0.000992418,0.000992418,0.00137725],[0.996638,0.000992418,0.000992418,0.00137725],[0.996638,0.000992418,0.000992418,0.00137725],[0.00137725,0.000992418,0.996253,0.00137725],[0.143557,0.6645,0.0957791,0.0961639],[0.33313,0.285352,0.143172,0.238344]]},{"db":2,"id":"MA0021.1","alt":"Dof3","len":6,"ltrim":0,"rtrim":0,"nsites":21,"url":"http://jaspar2018.genereg.net/matrix/MA0021.1","pwm":[[0.996638,0.000992418,0.000992418,0.00137725],[0.996638,0.000992418,0.000992418,0.00137725],[0.996638,0.000992418,0.000992418,0.00137725],[0.00137725,0.000992418,0.996253,0.00137725],[0.00137725,0.474926,0.143172,0.380524],[0.285737,0.285352,0.427532,0.00137725]]},{"db":2,"id":"MA0023.1","alt":"dl(var.2)","len":10,"ltrim":0,"rtrim":0,"nsites":9,"url":"http://jaspar2018.genereg.net/matrix/MA0023.1","pwm":[[0.0031934,0.112191,0.771532,0.113083],[0.0031934,0.0023011,0.771532,0.222973],[0.0031934,0.0023011,0.991312,0.0031934],[0.0031934,0.0023011,0.881422,0.113083],[0.442753,0.112191,0.0023011,0.442753],[0.222973,0.112191,0.0023011,0.662534],[0.0031934,0.0023011,0.0023011,0.992204],[0.0031934,0.112191,0.0023011,0.882314],[0.0031934,0.991312,0.0023011,0.0031934],[0.113083,0.881422,0.0023011,0.0031934]]},{"db":2,"id":"MA0027.2","alt":"EN1","len":8,"ltrim":1,"rtrim":1,"nsites":2891,"url":"http://jaspar2018.genereg.net/matrix/MA0027.2","pwm":[[0.147705,0.406081,0.264612,0.181602],[0.0346869,0.442806,0.00167419,0.520832],[0.94444,0.0323481,0.0232014,1.00515e-05],[0.990384,0.00959891,7.24292e-06,1.00515e-05],[1.00515e-05,7.24292e-06,7.24292e-06,0.999975],[0.0158735,0.134431,0.0450937,0.804602],[0.946914,7.24292e-06,0.0098329,0.0432446],[0.23841,0.236331,0.420754,0.104504]]},{"db":2,"id":"MA0030.1","alt":"FOXF2","len":14,"ltrim":0,"rtrim":1,"nsites":27,"url":"http://jaspar2018.genereg.net/matrix/MA0030.1","pwm":[[0.0379727,0.369776,0.259075,0.333175],[0.370076,0.259075,0.185274,0.185574],[0.628379,0.148374,0.0745734,0.148674],[0.463645,0.178685,0.178685,0.178984],[0.136933,0.498928,0.363067,0.00107232],[0.259375,0.000772694,0.73878,0.00107232],[0.00107232,0.000772694,0.000772694,0.997382],[0.997382,0.000772694,0.000772694,0.00107232],[0.997382,0.000772694,0.000772694,0.00107232],[0.997382,0.000772694,0.000772694,0.00107232],[0.00107232,0.923282,0.000772694,0.074873],[0.997382,0.000772694,0.000772694,0.00107232],[0.591479,0.148374,0.0745734,0.185574],[0.259375,0.148374,0.222175,0.370076]]},{"db":2,"id":"MA0031.1","alt":"FOXD1","len":8,"ltrim":0,"rtrim":1,"nsites":20,"url":"http://jaspar2018.genereg.net/matrix/MA0031.1","pwm":[[0.051197,0.050793,0.846813,0.051197],[0.00144577,0.00104179,0.00104179,0.996471],[0.946719,0.050793,0.00104179,0.00144577],[0.996471,0.00104179,0.00104179,0.00144577],[0.896968,0.050793,0.050793,0.00144577],[0.051197,0.896564,0.00104179,0.051197],[0.996471,0.00104179,0.00104179,0.00144577],[0.349704,0.100544,0.150296,0.399456]]},{"db":2,"id":"MA0032.2","alt":"FOXC1","len":11,"ltrim":0,"rtrim":0,"nsites":19566,"url":"http://jaspar2018.genereg.net/matrix/MA0032.2","pwm":[[0.329756,0.0394569,0.015538,0.615249],[0.695237,0.0353359,0.202155,0.0672731],[0.344387,0.0876136,0.105678,0.462323],[0.257364,0.017801,0.722131,0.00270347],[0.108395,0.0717427,0.016938,0.802924],[0.706923,0.289518,0.00113306,0.00242647],[0.991151,0.00579104,1.07022e-06,0.00305747],[0.983558,0.00298005,0.00750203,0.00595945],[0.00649845,0.467699,0.00878803,0.517014],[0.966338,0.00141206,0.022632,0.00961844],[0.31682,0.0736507,0.0523318,0.557199]]},{"db":2,"id":"MA0033.2","alt":"FOXL1","len":7,"ltrim":0,"rtrim":0,"nsites":4933,"url":"http://jaspar2018.genereg.net/matrix/MA0033.2","pwm":[[0.426107,0.00263919,0.542868,0.0283853],[0.00192685,0.0799106,4.2448e-06,0.918158],[0.874645,0.114915,0.010434,5.89082e-06],[0.98902,0.00786709,4.2448e-06,0.00310983],[0.973113,0.0166979,0.010183,5.89082e-06],[5.89082e-06,0.778858,4.2448e-06,0.221131],[0.98535,0.011136,4.2448e-06,0.00350982]]},{"db":2,"id":"MA0034.1","alt":"Gam1","len":10,"ltrim":2,"rtrim":0,"nsites":25,"url":"http://jaspar2018.genereg.net/matrix/MA0034.1","pwm":[[0.16052,0.239878,0.439081,0.16052],[0.399564,0.200037,0.279719,0.12068],[0.12068,0.518763,0.000834264,0.359724],[0.917492,0.0406749,0.0406749,0.00115777],[0.997174,0.000834264,0.000834264,0.00115777],[0.0409984,0.95701,0.000834264,0.00115777],[0.12068,0.558603,0.239878,0.080839],[0.240202,0.000834264,0.757806,0.00115777],[0.399564,0.439081,0.000834264,0.16052],[0.200361,0.757806,0.0406749,0.00115777]]},{"db":2,"id":"MA0035.3","alt":"Gata1","len":11,"ltrim":0,"rtrim":0,"nsites":17955,"url":"http://jaspar2018.genereg.net/matrix/MA0035.3","pwm":[[0.11334,0.240657,0.140908,0.505095],[0.0281835,0.35678,0.1555,0.459537],[1.61848e-06,0.828123,0.02434,0.147537],[1.61848e-06,0.03882,1.16624e-06,0.961177],[1.61848e-06,1.16624e-06,1.16624e-06,0.999996],[0.999996,1.16624e-06,1.16624e-06,1.61848e-06],[1.61848e-06,1.16624e-06,1.16624e-06,0.999996],[1.61848e-06,0.999996,1.16624e-06,1.61848e-06],[0.120636,1.16624e-06,1.16624e-06,0.879362],[0.139349,0.343413,0.37243,0.144807],[0.105041,0.282484,0.0890007,0.523474]]},{"db":2,"id":"MA0036.3","alt":"GATA2","len":11,"ltrim":2,"rtrim":2,"nsites":14213,"url":"http://jaspar2018.genereg.net/matrix/MA0036.3","pwm":[[0.232393,0.209526,0.225216,0.332864],[0.139732,0.288397,0.208682,0.363188],[0.0661386,0.746285,0.0860489,0.101528],[0.0312408,0.0182243,0.0105554,0.93998],[0.0293408,0.00239346,0.00147946,0.966786],[0.991904,0.000986466,0.00302645,0.00408302],[0.010204,0.00541944,0.00337845,0.980998],[0.006756,0.969952,0.00886641,0.0144249],[0.166961,0.0346172,0.0258223,0.7726],[0.204884,0.26131,0.257229,0.276578],[0.230634,0.272567,0.155914,0.340885]]},{"db":2,"id":"MA0037.3","alt":"GATA3","len":8,"ltrim":0,"rtrim":1,"nsites":1000,"url":"http://jaspar2018.genereg.net/matrix/MA0037.3","pwm":[[0.501979,0.225998,0.00102084,0.271002],[2.90571e-05,2.09379e-05,0.999921,2.90571e-05],[0.999929,2.09379e-05,2.09379e-05,2.90571e-05],[2.90571e-05,2.09379e-05,2.09379e-05,0.999929],[0.914853,0.00202274,2.09379e-05,0.0831037],[0.861943,0.0150194,0.0760133,0.0470244],[0.114018,0.300991,0.475973,0.109018],[0.422987,0.188002,0.320989,0.0680223]]},{"db":2,"id":"MA0041.1","alt":"Foxd3","len":12,"ltrim":0,"rtrim":0,"nsites":47,"url":"http://jaspar2018.genereg.net/matrix/MA0041.1","pwm":[[0.234163,0.0641391,0.552461,0.149237],[0.63756,0.0429072,0.000444586,0.319088],[0.510171,0.0216764,0.000444586,0.467708],[0.0218488,0.0853699,0.000444586,0.892337],[0.255394,0.000444586,0.722313,0.0218488],[0.000616985,0.000444586,0.000444586,0.998494],[0.0218488,0.000444586,0.000444586,0.977262],[0.106774,0.000444586,0.212759,0.680022],[0.297857,0.000444586,0.446305,0.255394],[0.128006,0.149064,0.000444586,0.722485],[0.0218488,0.0429072,0.0853699,0.849874],[0.000616985,0.255222,0.000444586,0.743717]]},{"db":2,"id":"MA0042.2","alt":"FOXI1","len":7,"ltrim":0,"rtrim":0,"nsites":5832,"url":"http://jaspar2018.genereg.net/matrix/MA0042.2","pwm":[[0.10597,0.00669048,0.887334,4.98277e-06],[0.0138517,0.0112314,0.00655248,0.968364],[0.899677,0.093882,0.00643648,4.98277e-06],[0.995563,0.00442851,3.59048e-06,4.98277e-06],[0.977694,0.00434852,0.0054825,0.0124738],[0.0253675,0.836015,0.00775746,0.130859],[0.992889,0.00230555,0.00480051,4.98277e-06]]},{"db":2,"id":"MA0047.2","alt":"Foxa2","len":12,"ltrim":0,"rtrim":1,"nsites":808,"url":"http://jaspar2018.genereg.net/matrix/MA0047.2","pwm":[[0.00127381,0.00126376,0.00126376,0.9962],[0.273179,0.00373345,0.719344,0.0037435],[0.00127181,0.00126176,0.00126176,0.996205],[0.00127181,0.00373345,0.0445194,0.950474],[0.00126881,0.00125876,0.215782,0.78169],[0.908566,0.0049633,0.0827317,0.0037395],[0.00250466,0.894977,0.00249461,0.100024],[0.417784,0.0951931,0.00373345,0.483289],[0.0618333,0.32755,0.07171,0.538906],[0.516701,0.00745999,0.0297622,0.446078],[0.162547,0.0657748,0.597967,0.173711],[0.160664,0.242835,0.361127,0.235374]]},{"db":2,"id":"MA0048.2","alt":"NHLH1","len":10,"ltrim":0,"rtrim":0,"nsites":3246,"url":"http://jaspar2018.genereg.net/matrix/MA0048.2","pwm":[[0.242761,0.667269,0.0557657,0.0342039],[0.156381,0.0607236,0.734719,0.0481755],[0.00139191,0.998593,6.45082e-06,8.95228e-06],[0.998135,0.00138841,0.000467437,8.95228e-06],[8.95228e-06,0.116624,0.839191,0.0441766],[0.0402427,0.907773,0.0519748,8.95228e-06],[8.95228e-06,0.00184639,0.00184639,0.996298],[0.000928924,0.00184739,0.996755,0.000468938],[0.101585,0.743292,0.0350084,0.120115],[0.0655529,0.156631,0.460941,0.316875]]},{"db":2,"id":"MA0049.1","alt":"hb","len":10,"ltrim":0,"rtrim":0,"nsites":16,"url":"http://jaspar2018.genereg.net/matrix/MA0049.1","pwm":[[0.0639168,0.31186,0.498195,0.126029],[0.374476,0.498195,0.125524,0.00180497],[0.560811,0.187636,0.249748,0.00180497],[0.250252,0.187636,0.0634124,0.498699],[0.809258,0.0634124,0.00130062,0.126029],[0.995594,0.00130062,0.00130062,0.00180497],[0.995594,0.00130062,0.00130062,0.00180497],[0.87137,0.00130062,0.125524,0.00180497],[0.933482,0.0634124,0.00130062,0.00180497],[0.560811,0.125524,0.125524,0.18814]]},{"db":2,"id":"MA0050.2","alt":"IRF1","len":21,"ltrim":3,"rtrim":0,"nsites":1362,"url":"http://jaspar2018.genereg.net/matrix/MA0050.2","pwm":[[0.232016,0.234947,0.195302,0.337736],[0.184296,0.208517,0.18429,0.422897],[0.127031,0.237883,0.155657,0.479428],[0.101336,0.315704,0.108671,0.474289],[0.53963,0.0741659,0.265047,0.121157],[0.017641,0.581471,0.3715,0.0293882],[0.00883169,1.53733e-05,1.53733e-05,0.991138],[2.13347e-05,0.0227747,1.53733e-05,0.977189],[2.13347e-05,0.0411284,0.00295216,0.955898],[2.13347e-05,0.916982,1.53733e-05,0.0829812],[0.67031,0.0286473,0.174746,0.126297],[0.0147043,0.5778,0.253301,0.154195],[0.0117675,0.000749319,1.53733e-05,0.987467],[0.00516096,0.0102936,0.0036861,0.980859],[0.00809674,0.0425962,1.53733e-05,0.949291],[0.0125024,0.751061,0.0205719,0.215864],[0.376646,0.179885,0.193099,0.25037],[0.160069,0.340665,0.213656,0.285609],[0.106475,0.136569,0.0837092,0.673247],[0.145385,0.141708,0.072697,0.640209],[0.121892,0.243023,0.110873,0.524212]]},{"db":2,"id":"MA0053.1","alt":"MNB1A","len":5,"ltrim":0,"rtrim":0,"nsites":15,"url":"http://jaspar2018.genereg.net/matrix/MA0053.1","pwm":[[0.995302,0.00138676,0.00138676,0.0019245],[0.995302,0.00138676,0.00138676,0.0019245],[0.995302,0.00138676,0.00138676,0.0019245],[0.0019245,0.00138676,0.994764,0.0019245],[0.2006,0.597413,0.00138676,0.2006]]},{"db":2,"id":"MA0065.2","alt":"Pparg::Rxra","len":15,"ltrim":1,"rtrim":0,"nsites":857,"url":"http://jaspar2018.genereg.net/matrix/MA0065.2","pwm":[[0.109706,0.369876,0.373377,0.147042],[0.117736,0.193475,0.148026,0.540764],[0.453469,0.0267653,0.427882,0.0918832],[0.116164,0.00350802,0.77926,0.101067],[0.161268,0.0174234,0.781836,0.0394723],[0.168227,0.149659,0.458208,0.223906],[0.0822953,0.633785,0.207416,0.076502],[0.948938,0.0243556,0.0174034,0.00930282],[0.60483,0.0556379,0.31285,0.0266818],[0.825169,0.00581076,0.158571,0.0104497],[0.0950398,0.00234116,0.888681,0.0139373],[0.0475374,0.0104522,0.802944,0.139068],[0.0255229,0.114727,0.30474,0.55501],[0.0626716,0.643801,0.167058,0.126469],[0.784165,0.0673016,0.0545421,0.0939909]]},{"db":2,"id":"MA0068.2","alt":"PAX4","len":8,"ltrim":0,"rtrim":0,"nsites":522,"url":"http://jaspar2018.genereg.net/matrix/MA0068.2","pwm":[[0.0709231,0.637849,0.0900609,0.201166],[0.107244,0.0554825,0.221809,0.615465],[0.985074,0.00595597,4.01073e-05,0.00892996],[0.999864,4.01073e-05,4.01073e-05,5.56598e-05],[5.56598e-05,4.01073e-05,0.0148303,0.985074],[0.0484334,0.0296044,0.026917,0.895045],[0.748227,0.200002,0.0247544,0.0270165],[0.243121,0.15074,0.539645,0.0664939]]},{"db":2,"id":"MA0075.2","alt":"Prrx2","len":8,"ltrim":1,"rtrim":1,"nsites":3850,"url":"http://jaspar2018.genereg.net/matrix/MA0075.2","pwm":[[0.167276,0.39532,0.185715,0.251689],[0.0903292,0.455387,0.055486,0.398799],[0.782304,0.0733775,0.0837433,0.060575],[0.900335,0.054273,0.0290107,0.0163811],[0.00334546,0.00565329,0.00282937,0.988172],[0.0921362,0.0996469,0.0472562,0.760961],[0.857988,0.0441413,0.00869921,0.0891712],[0.320602,0.228111,0.268899,0.182388]]},{"db":2,"id":"MA0078.1","alt":"Sox17","len":9,"ltrim":2,"rtrim":0,"nsites":31,"url":"http://jaspar2018.genereg.net/matrix/MA0078.1","pwm":[[0.226014,0.290063,0.193599,0.290324],[0.25817,0.257909,0.12929,0.354632],[0.0973972,0.579451,0.0328276,0.290324],[0.965565,0.000673312,0.000673312,0.0330887],[0.000934405,0.0328276,0.000673312,0.965565],[0.000934405,0.000673312,0.000673312,0.997719],[0.000934405,0.000673312,0.997458,0.000934405],[0.000934405,0.000673312,0.0649819,0.93341],[0.000934405,0.547297,0.322217,0.129552]]},{"db":2,"id":"MA0084.1","alt":"SRY","len":9,"ltrim":2,"rtrim":0,"nsites":28,"url":"http://jaspar2018.genereg.net/matrix/MA0084.1","pwm":[[0.17897,0.178681,0.356617,0.285731],[0.285731,0.107507,0.143094,0.463668],[0.534842,0.000745196,0.107507,0.356906],[0.641603,0.107507,0.107507,0.143383],[0.890714,0.000745196,0.000745196,0.107796],[0.00103416,0.926012,0.000745196,0.072209],[0.997475,0.000745196,0.000745196,0.00103416],[0.961889,0.000745196,0.0363321,0.00103416],[0.250144,0.000745196,0.07192,0.67719]]},{"db":2,"id":"MA0094.2","alt":"Ubx","len":8,"ltrim":1,"rtrim":0,"nsites":20,"url":"http://jaspar2018.genereg.net/matrix/MA0094.2","pwm":[[0.1507,0.249798,0.150296,0.449207],[0.00144577,0.00104179,0.00104179,0.996471],[0.00144577,0.00104179,0.00104179,0.996471],[0.847217,0.00104179,0.00104179,0.1507],[0.996471,0.00104179,0.00104179,0.00144577],[0.00144577,0.00104179,0.00104179,0.996471],[0.00144577,0.00104179,0.299549,0.697963],[0.697963,0.00104179,0.299549,0.00144577]]},{"db":2,"id":"MA0109.1","alt":"HLTF","len":10,"ltrim":2,"rtrim":2,"nsites":51,"url":"http://jaspar2018.genereg.net/matrix/MA0109.1","pwm":[[0.31368,0.196104,0.235243,0.254972],[0.377188,0.226382,0.0945652,0.301865],[0.440384,0.558637,0.000409785,0.000568689],[0.000568689,0.998453,0.000409785,0.000568689],[0.423468,0.000409785,0.000409785,0.575712],[0.000568689,0.000409785,0.000409785,0.998612],[0.406553,0.0849899,0.203402,0.305057],[0.000568689,0.000409785,0.372561,0.62646],[0.294111,0.274383,0.274383,0.157125],[0.244987,0.244829,0.204092,0.306092]]},{"db":2,"id":"MA0117.2","alt":"Mafb","len":12,"ltrim":0,"rtrim":1,"nsites":2183,"url":"http://jaspar2018.genereg.net/matrix/MA0117.2","pwm":[[0.566638,0.0797129,0.149339,0.20431],[0.578814,0.0554611,0.0728753,0.292851],[0.49495,0.0989971,0.0834158,0.322639],[0.34097,0.182402,0.19661,0.280018],[0.0853084,0.199677,0.0100251,0.704989],[0.00092127,0.0063643,0.990432,0.00228321],[0.118529,0.876626,0.0020185,0.00282518],[0.0137847,0.0160019,0.000897551,0.969316],[0.0186845,0.00540334,0.905362,0.0705491],[0.980642,0.00585232,0.00764924,0.00585604],[0.0582136,0.697771,0.156702,0.0873133],[0.266729,0.0632517,0.296055,0.373965]]},{"db":2,"id":"MA0121.1","alt":"ARR10","len":8,"ltrim":0,"rtrim":1,"nsites":15,"url":"http://jaspar2018.genereg.net/matrix/MA0121.1","pwm":[[0.929076,0.0676123,0.00138676,0.0019245],[0.0019245,0.00138676,0.994764,0.0019245],[0.929076,0.00138676,0.0676123,0.0019245],[0.0019245,0.00138676,0.00138676,0.995302],[0.266825,0.398738,0.00138676,0.33305],[0.06815,0.531188,0.00138676,0.399275],[0.0019245,0.00138676,0.597413,0.399275],[0.2006,0.398738,0.266288,0.134375]]},{"db":2,"id":"MA0127.1","alt":"PEND","len":10,"ltrim":0,"rtrim":0,"nsites":42,"url":"http://jaspar2018.genereg.net/matrix/MA0127.1","pwm":[[0.71328,0.0480033,0.190521,0.0481962],[0.143208,0.451804,0.166769,0.23822],[0.0244437,0.000497388,0.0480033,0.927056],[0.095702,0.000497388,0.0955092,0.808291],[0.0719496,0.784345,0.0480033,0.095702],[0.000690261,0.0480033,0.0480033,0.903303],[0.0481962,0.000497388,0.0242508,0.927056],[0.760786,0.166769,0.0480033,0.0244437],[0.095702,0.0717567,0.000497388,0.832044],[0.0481962,0.119263,0.333039,0.499503]]},{"db":2,"id":"MA0132.2","alt":"PDX1","len":8,"ltrim":1,"rtrim":1,"nsites":7129,"url":"http://jaspar2018.genereg.net/matrix/MA0132.2","pwm":[[0.208025,0.309439,0.342402,0.140134],[0.0393455,0.332658,2.93726e-06,0.627993],[0.654533,0.309887,0.0250266,0.0105549],[0.993718,0.00627485,2.93726e-06,4.07625e-06],[4.07625e-06,2.93726e-06,2.93726e-06,0.99999],[4.07625e-06,2.93726e-06,2.93726e-06,0.99999],[0.99999,2.93726e-06,2.93726e-06,4.07625e-06],[0.305891,0.170548,0.404064,0.119497]]},{"db":2,"id":"MA0143.3","alt":"Sox2","len":8,"ltrim":0,"rtrim":0,"nsites":1476,"url":"http://jaspar2018.genereg.net/matrix/MA0143.3","pwm":[[1.9687e-05,0.999946,1.4186e-05,1.9687e-05],[1.9687e-05,0.999946,1.4186e-05,1.9687e-05],[0.453241,1.4186e-05,1.4186e-05,0.546731],[1.9687e-05,1.4186e-05,1.4186e-05,0.999952],[1.9687e-05,1.4186e-05,1.4186e-05,0.999952],[1.9687e-05,1.4186e-05,0.999946,1.9687e-05],[1.9687e-05,1.4186e-05,1.4186e-05,0.999952],[1.9687e-05,0.28387,0.201221,0.51489]]},{"db":2,"id":"MA0145.3","alt":"TFCP2","len":10,"ltrim":0,"rtrim":0,"nsites":576,"url":"http://jaspar2018.genereg.net/matrix/MA0145.3","pwm":[[0.58849,0.105921,0.223955,0.0816333],[0.902563,0.00945371,0.0377068,0.0502767],[0.836877,0.00294684,0.0116793,0.148497],[0.00178014,0.994674,0.00349575,5.04426e-05],[0.0071922,0.821323,0.0014651,0.170021],[0.180691,0.00423762,0.805219,0.00985274],[0.00175615,0.0153917,0.981095,0.00175615],[0.236555,0.0438337,3.63479e-05,0.719576],[0.0656601,0.0856135,0.0285624,0.820165],[0.166978,0.340847,0.05394,0.438235]]},{"db":2,"id":"MA0148.3","alt":"FOXA1","len":15,"ltrim":4,"rtrim":1,"nsites":22008,"url":"http://jaspar2018.genereg.net/matrix/MA0148.3","pwm":[[0.196656,0.219329,0.187386,0.396628],[0.211696,0.311296,0.214967,0.262041],[0.139132,0.388858,0.241458,0.230553],[0.3242,0.196156,0.16544,0.314204],[0.00318231,9.51469e-07,0.000545949,0.996271],[0.267312,9.51469e-07,0.732686,1.32042e-06],[1.32042e-06,9.51469e-07,9.51469e-07,0.999997],[1.32042e-06,9.51469e-07,0.0587067,0.941291],[1.32042e-06,9.51469e-07,0.129907,0.87009],[0.829333,9.51469e-07,0.170665,1.32042e-06],[1.32042e-06,0.934021,9.51469e-07,0.065977],[0.417711,0.120638,9.51469e-07,0.461649],[0.0375781,0.331515,0.0632507,0.567656],[0.486277,4.59513e-05,0.00286394,0.510813],[0.218421,0.118275,0.427798,0.235505]]},{"db":2,"id":"MA0151.1","alt":"Arid3a","len":6,"ltrim":0,"rtrim":0,"nsites":27,"url":"http://jaspar2018.genereg.net/matrix/MA0151.1","pwm":[[0.997382,0.000772694,0.000772694,0.00107232],[0.00107232,0.000772694,0.000772694,0.997382],[0.0379727,0.332876,0.000772694,0.628379],[0.997382,0.000772694,0.000772694,0.00107232],[0.997382,0.000772694,0.000772694,0.00107232],[0.73908,0.000772694,0.037673,0.222474]]},{"db":2,"id":"MA0157.2","alt":"FOXO3","len":8,"ltrim":0,"rtrim":0,"nsites":553,"url":"http://jaspar2018.genereg.net/matrix/MA0157.2","pwm":[[0.0380207,3.78594e-05,0.961889,5.25402e-05],[5.25402e-05,3.78594e-05,0.0238865,0.976023],[0.960168,0.0289136,0.00906123,0.00185721],[0.997996,0.00191352,3.78594e-05,5.25402e-05],[0.981425,0.0184845,3.78594e-05,5.25402e-05],[0.0273206,0.967136,3.78594e-05,0.00550655],[0.979617,0.0202922,3.78594e-05,5.25402e-05],[0.546506,0.0207241,0.0620956,0.370676]]},{"db":2,"id":"MA0158.1","alt":"HOXA5","len":8,"ltrim":0,"rtrim":0,"nsites":15,"url":"http://jaspar2018.genereg.net/matrix/MA0158.1","pwm":[[0.134375,0.862314,0.00138676,0.0019245],[0.436527,0.00138676,0.311817,0.250269],[0.0019245,0.435989,0.311817,0.250269],[0.374441,0.00138676,0.0634728,0.560699],[0.87113,0.00138676,0.00138676,0.126097],[0.87113,0.00138676,0.125559,0.0019245],[0.0019245,0.00138676,0.00138676,0.995302],[0.0019245,0.0634728,0.373903,0.560699]]},{"db":2,"id":"MA0161.2","alt":"NFIC","len":11,"ltrim":2,"rtrim":2,"nsites":11607,"url":"http://jaspar2018.genereg.net/matrix/MA0161.2","pwm":[[0.225296,0.228052,0.213492,0.333161],[0.33566,0.184113,0.179719,0.300508],[0.0354982,0.908239,0.0283466,0.0279163],[0.0132704,0.0261066,0.0317925,0.928831],[0.0303292,0.0286916,0.0152507,0.925729],[0.0267103,0.0111157,0.955193,0.00698144],[0.0192153,0.0104267,0.945372,0.0249873],[0.0227473,0.924005,0.00758374,0.0456641],[0.875157,0.0342045,0.0411834,0.0494551],[0.226244,0.254243,0.274489,0.245025],[0.288102,0.233652,0.237788,0.240458]]},{"db":2,"id":"MA0165.1","alt":"Abd-B","len":7,"ltrim":0,"rtrim":0,"nsites":21,"url":"http://jaspar2018.genereg.net/matrix/MA0165.1","pwm":[[0.0487706,0.000992418,0.000992418,0.949245],[0.00137725,0.000992418,0.000992418,0.996638],[0.238344,0.000992418,0.000992418,0.759671],[0.996638,0.000992418,0.000992418,0.00137725],[0.00137725,0.143172,0.000992418,0.854458],[0.143557,0.000992418,0.52232,0.33313],[0.617491,0.000992418,0.237959,0.143557]]},{"db":2,"id":"MA0166.1","alt":"Antp","len":7,"ltrim":0,"rtrim":0,"nsites":16,"url":"http://jaspar2018.genereg.net/matrix/MA0166.1","pwm":[[0.0639168,0.0634124,0.00130062,0.87137],[0.00180497,0.00130062,0.00130062,0.995594],[0.995594,0.00130062,0.00130062,0.00180497],[0.995594,0.00130062,0.00130062,0.00180497],[0.00180497,0.00130062,0.00130062,0.995594],[0.00180497,0.00130062,0.560307,0.436588],[0.933482,0.00130062,0.0634124,0.00180497]]},{"db":2,"id":"MA0167.1","alt":"Awh","len":7,"ltrim":0,"rtrim":0,"nsites":40,"url":"http://jaspar2018.genereg.net/matrix/MA0167.1","pwm":[[0.0755377,0.399525,0.000522195,0.524415],[0.0256623,0.000522195,0.000522195,0.973293],[0.823667,0.000522195,0.175086,0.000724688],[0.998231,0.000522195,0.000522195,0.000724688],[0.000724688,0.000522195,0.0254599,0.973293],[0.000724688,0.000522195,0.200023,0.79873],[0.848605,0.000522195,0.100273,0.0506]]},{"db":2,"id":"MA0170.1","alt":"C15","len":7,"ltrim":0,"rtrim":0,"nsites":19,"url":"http://jaspar2018.genereg.net/matrix/MA0170.1","pwm":[[0.0538779,0.0534528,0.00109634,0.891574],[0.00152147,0.00109634,0.00109634,0.996286],[0.891574,0.00109634,0.00109634,0.106233],[0.996286,0.00109634,0.00109634,0.00152147],[0.315657,0.105808,0.00109634,0.577437],[0.00152147,0.158165,0.315232,0.525082],[0.525082,0.00109634,0.4723,0.00152147]]},{"db":2,"id":"MA0171.1","alt":"CG11085","len":7,"ltrim":0,"rtrim":0,"nsites":13,"url":"http://jaspar2018.genereg.net/matrix/MA0171.1","pwm":[[0.00221832,0.230606,0.00159847,0.765577],[0.00221832,0.00159847,0.00159847,0.994585],[0.994585,0.00159847,0.00159847,0.00221832],[0.994585,0.00159847,0.00159847,0.00221832],[0.0785541,0.00159847,0.00159847,0.918249],[0.15489,0.0779343,0.15427,0.612906],[0.0785541,0.00159847,0.917629,0.00221832]]},{"db":2,"id":"MA0172.1","alt":"CG11294","len":7,"ltrim":0,"rtrim":0,"nsites":15,"url":"http://jaspar2018.genereg.net/matrix/MA0172.1","pwm":[[0.0019245,0.200062,0.00138676,0.796626],[0.0019245,0.133837,0.00138676,0.862852],[0.995302,0.00138676,0.00138676,0.0019245],[0.995302,0.00138676,0.00138676,0.0019245],[0.0019245,0.00138676,0.00138676,0.995302],[0.0019245,0.00138676,0.00138676,0.995302],[0.995302,0.00138676,0.00138676,0.0019245]]},{"db":2,"id":"MA0174.1","alt":"Dbx","len":7,"ltrim":0,"rtrim":0,"nsites":16,"url":"http://jaspar2018.genereg.net/matrix/MA0174.1","pwm":[[0.126029,0.00130062,0.00130062,0.87137],[0.126029,0.00130062,0.00130062,0.87137],[0.374476,0.00130062,0.125524,0.498699],[0.995594,0.00130062,0.00130062,0.00180497],[0.00180497,0.00130062,0.00130062,0.995594],[0.00180497,0.125524,0.373971,0.498699],[0.809258,0.00130062,0.187636,0.00180497]]},{"db":2,"id":"MA0175.1","alt":"lms","len":7,"ltrim":0,"rtrim":0,"nsites":21,"url":"http://jaspar2018.genereg.net/matrix/MA0175.1","pwm":[[0.0961639,0.332746,0.0483857,0.522705],[0.00137725,0.000992418,0.000992418,0.996638],[0.996638,0.000992418,0.000992418,0.00137725],[0.996638,0.000992418,0.000992418,0.00137725],[0.00137725,0.000992418,0.000992418,0.996638],[0.143557,0.000992418,0.190566,0.664885],[0.380524,0.000992418,0.617107,0.00137725]]},{"db":2,"id":"MA0176.1","alt":"CG15696-RA","len":7,"ltrim":0,"rtrim":0,"nsites":32,"url":"http://jaspar2018.genereg.net/matrix/MA0176.1","pwm":[[0.0632106,0.0941103,0.0941103,0.748569],[0.0632106,0.0941103,0.000652337,0.842027],[0.655111,0.000652337,0.187568,0.156669],[0.99779,0.000652337,0.000652337,0.000905295],[0.000905295,0.000652337,0.000652337,0.99779],[0.000905295,0.000652337,0.0629576,0.935485],[0.499348,0.000652337,0.499095,0.000905295]]},{"db":2,"id":"MA0177.1","alt":"CG18599","len":7,"ltrim":0,"rtrim":0,"nsites":25,"url":"http://jaspar2018.genereg.net/matrix/MA0177.1","pwm":[[0.16052,0.399241,0.0406749,0.399564],[0.00115777,0.000834264,0.000834264,0.997174],[0.997174,0.000834264,0.000834264,0.00115777],[0.997174,0.000834264,0.000834264,0.00115777],[0.00115777,0.000834264,0.000834264,0.997174],[0.00115777,0.0406749,0.319559,0.638608],[0.917492,0.000834264,0.0805155,0.00115777]]},{"db":2,"id":"MA0178.1","alt":"CG32105","len":7,"ltrim":0,"rtrim":0,"nsites":19,"url":"http://jaspar2018.genereg.net/matrix/MA0178.1","pwm":[[0.106233,0.21052,0.00109634,0.68215],[0.106233,0.00109634,0.00109634,0.891574],[0.891574,0.00109634,0.00109634,0.106233],[0.996286,0.00109634,0.00109634,0.00152147],[0.00152147,0.00109634,0.0534528,0.943929],[0.00152147,0.00109634,0.0534528,0.943929],[0.786862,0.00109634,0.21052,0.00152147]]},{"db":2,"id":"MA0179.1","alt":"CG32532","len":7,"ltrim":0,"rtrim":0,"nsites":23,"url":"http://jaspar2018.genereg.net/matrix/MA0179.1","pwm":[[0.0878386,0.260647,0.0874871,0.564028],[0.00125801,0.000906494,0.000906494,0.996929],[0.996929,0.000906494,0.000906494,0.00125801],[0.996929,0.000906494,0.000906494,0.00125801],[0.00125801,0.000906494,0.000906494,0.996929],[0.00125801,0.000906494,0.0874871,0.910348],[0.520738,0.000906494,0.433807,0.0445478]]},{"db":2,"id":"MA0180.1","alt":"Vsx2","len":9,"ltrim":0,"rtrim":0,"nsites":13,"url":"http://jaspar2018.genereg.net/matrix/MA0180.1","pwm":[[0.0785541,0.0779343,0.383277,0.460233],[0.15489,0.15427,0.00159847,0.689242],[0.00221832,0.00159847,0.00159847,0.994585],[0.994585,0.00159847,0.00159847,0.00221832],[0.994585,0.00159847,0.00159847,0.00221832],[0.00221832,0.00159847,0.00159847,0.994585],[0.00221832,0.00159847,0.00159847,0.994585],[0.765577,0.00159847,0.230606,0.00221832],[0.0785541,0.15427,0.764957,0.00221832]]},{"db":2,"id":"MA0181.1","alt":"Vsx1","len":7,"ltrim":0,"rtrim":0,"nsites":22,"url":"http://jaspar2018.genereg.net/matrix/MA0181.1","pwm":[[0.0465643,0.362938,0.0461968,0.544302],[0.00131493,0.000947512,0.000947512,0.99679],[0.99679,0.000947512,0.000947512,0.00131493],[0.99679,0.000947512,0.000947512,0.00131493],[0.00131493,0.000947512,0.000947512,0.99679],[0.0918126,0.000947512,0.136694,0.770545],[0.680048,0.000947512,0.27244,0.0465643]]},{"db":2,"id":"MA0182.1","alt":"CG4328-RA","len":7,"ltrim":0,"rtrim":0,"nsites":30,"url":"http://jaspar2018.genereg.net/matrix/MA0182.1","pwm":[[0.399637,0.0671412,0.100363,0.432859],[0.233523,0.0339179,0.000695682,0.731862],[0.432859,0.000695682,0.000695682,0.56575],[0.997643,0.000695682,0.000695682,0.000965448],[0.000965448,0.000695682,0.000695682,0.997643],[0.000965448,0.000695682,0.200031,0.798308],[0.499304,0.000695682,0.499035,0.000965448]]},{"db":2,"id":"MA0183.1","alt":"HHEX","len":8,"ltrim":0,"rtrim":0,"nsites":26,"url":"http://jaspar2018.genereg.net/matrix/MA0183.1","pwm":[[0.269313,0.115745,0.0774306,0.537512],[0.00111341,0.269002,0.000802299,0.729083],[0.00111341,0.230687,0.269002,0.499198],[0.805711,0.000802299,0.0774306,0.116056],[0.997282,0.000802299,0.000802299,0.00111341],[0.00111341,0.115745,0.115745,0.767397],[0.269313,0.000802299,0.0391169,0.690769],[0.844025,0.000802299,0.154059,0.00111341]]},{"db":2,"id":"MA0184.1","alt":"CG9876","len":7,"ltrim":1,"rtrim":0,"nsites":20,"url":"http://jaspar2018.genereg.net/matrix/MA0184.1","pwm":[[0.100948,0.448803,0.150296,0.299953],[0.00144577,0.00104179,0.00104179,0.996471],[0.896968,0.00104179,0.00104179,0.100948],[0.996471,0.00104179,0.00104179,0.00144577],[0.00144577,0.00104179,0.00104179,0.996471],[0.00144577,0.00104179,0.050793,0.946719],[0.697963,0.00104179,0.299549,0.00144577]]},{"db":2,"id":"MA0186.1","alt":"Dfd","len":7,"ltrim":0,"rtrim":0,"nsites":24,"url":"http://jaspar2018.genereg.net/matrix/MA0186.1","pwm":[[0.0426999,0.166844,0.12535,0.665107],[0.00120581,0.00086888,0.00086888,0.997056],[0.997056,0.00086888,0.00086888,0.00120581],[0.997056,0.00086888,0.00086888,0.00120581],[0.00120581,0.00086888,0.00086888,0.997056],[0.0426999,0.00086888,0.789251,0.167181],[0.872575,0.00086888,0.12535,0.00120581]]},{"db":2,"id":"MA0189.1","alt":"E5","len":7,"ltrim":1,"rtrim":0,"nsites":43,"url":"http://jaspar2018.genereg.net/matrix/MA0189.1","pwm":[[0.116683,0.348513,0.139697,0.395106],[0.0702794,0.000485847,0.000485847,0.928749],[0.998354,0.000485847,0.000485847,0.000674246],[0.975152,0.000485847,0.000485847,0.0238763],[0.0238763,0.000485847,0.0236879,0.95195],[0.116683,0.000485847,0.371716,0.511115],[0.789538,0.000485847,0.209302,0.000674246]]},{"db":2,"id":"MA0191.1","alt":"HGTX","len":7,"ltrim":0,"rtrim":0,"nsites":20,"url":"http://jaspar2018.genereg.net/matrix/MA0191.1","pwm":[[0.200451,0.100544,0.150296,0.548709],[0.00144577,0.00104179,0.00104179,0.996471],[0.996471,0.00104179,0.00104179,0.00144577],[0.996471,0.00104179,0.00104179,0.00144577],[0.00144577,0.00104179,0.00104179,0.996471],[0.051197,0.00104179,0.299549,0.648212],[0.747714,0.00104179,0.249798,0.00144577]]},{"db":2,"id":"MA0192.1","alt":"Hmx","len":7,"ltrim":0,"rtrim":0,"nsites":20,"url":"http://jaspar2018.genereg.net/matrix/MA0192.1","pwm":[[0.051197,0.150296,0.00104179,0.797466],[0.00144577,0.00104179,0.00104179,0.996471],[0.996471,0.00104179,0.00104179,0.00144577],[0.996471,0.00104179,0.00104179,0.00144577],[0.051197,0.00104179,0.00104179,0.946719],[0.00144577,0.150296,0.00104179,0.847217],[0.200451,0.00104179,0.797062,0.00144577]]},{"db":2,"id":"MA0194.1","alt":"Lim1","len":7,"ltrim":0,"rtrim":0,"nsites":18,"url":"http://jaspar2018.genereg.net/matrix/MA0194.1","pwm":[[0.00160552,0.111654,0.00115691,0.885584],[0.00160552,0.00115691,0.00115691,0.996081],[0.996081,0.00115691,0.00115691,0.00160552],[0.996081,0.00115691,0.00115691,0.00160552],[0.00160552,0.00115691,0.00115691,0.996081],[0.00160552,0.00115691,0.00115691,0.996081],[0.940832,0.00115691,0.056406,0.00160552]]},{"db":2,"id":"MA0195.1","alt":"Lim3","len":7,"ltrim":1,"rtrim":0,"nsites":20,"url":"http://jaspar2018.genereg.net/matrix/MA0195.1","pwm":[[0.1507,0.3493,0.100544,0.399456],[0.200451,0.00104179,0.00104179,0.797466],[0.797466,0.00104179,0.150296,0.051197],[0.996471,0.00104179,0.00104179,0.00144577],[0.00144577,0.00104179,0.00104179,0.996471],[0.00144577,0.100544,0.200047,0.697963],[0.797466,0.00104179,0.200047,0.00144577]]},{"db":2,"id":"MA0196.1","alt":"NK7.1","len":7,"ltrim":0,"rtrim":0,"nsites":35,"url":"http://jaspar2018.genereg.net/matrix/MA0196.1","pwm":[[0.143278,0.143047,0.0290862,0.684588],[0.00082792,0.000596582,0.000596582,0.997979],[0.940999,0.000596582,0.0575768,0.00082792],[0.997979,0.000596582,0.000596582,0.00082792],[0.114788,0.000596582,0.143047,0.741569],[0.171769,0.000596582,0.200027,0.627608],[0.371199,0.000596582,0.627377,0.00082792]]},{"db":2,"id":"MA0198.1","alt":"OdsH","len":7,"ltrim":0,"rtrim":0,"nsites":22,"url":"http://jaspar2018.genereg.net/matrix/MA0198.1","pwm":[[0.00131493,0.498685,0.181943,0.318057],[0.00131493,0.000947512,0.000947512,0.99679],[0.99679,0.000947512,0.000947512,0.00131493],[0.99679,0.000947512,0.000947512,0.00131493],[0.00131493,0.000947512,0.000947512,0.99679],[0.00131493,0.000947512,0.000947512,0.99679],[0.58955,0.000947512,0.362938,0.0465643]]},{"db":2,"id":"MA0199.1","alt":"Optix","len":5,"ltrim