<!DOCTYPE HTML>
<html>
  <head>
    <meta charset="UTF-8">
    <title>SpaMo - Spaced Motif Analysis</title>
    <script type="text/javascript">
      //@JSON_VAR data
      var data = {"program":"SpaMo","version":"4.12.0","revision":"aacc9c3eb8c7b460b344d5c8aa1458097dae704d","release":"Tue Jun 27 16:22:50 2017 -0700","host":"Sudins-iMac.local","when":"Thu May 24 14:25:03 2018","cmd":["spamo","-verbosity","1","-oc","results/AHRpeaks_not-in-DHSs-withAHREs.bed.fa/hocomoco/spamo_out_2","-bgfile","results/AHRpeaks_not-in-DHSs-withAHREs.bed.fa/hocomoco/background","-primary","ATCTTTGTTTTTATTGCATTTGCTTTTGGG","results/AHRpeaks_not-in-DHSs-withAHREs.bed.fa/hocomoco/AHRpeaks_not-in-DHSs-withAHREs.bed.fa","results/AHRpeaks_not-in-DHSs-withAHREs.bed.fa/hocomoco/meme_out/meme.xml","results/AHRpeaks_not-in-DHSs-withAHREs.bed.fa/hocomoco/meme_out/meme.xml","/Users/filipov4/meme/db/motif_databases/HUMAN/HOCOMOCOv11_full_HUMAN_mono_meme_format.meme"],"options":{"seq_min_hit_score":7,"margin":150,"bin_size":1,"bin_pvalue_calc_range":150,"use_best_secondary":0,"seq_max_shared_fract":0.5,"seq_odds_ratio":20,"bin_pvalue_cutoff":0.05,"motif_evalue_cutoff":10,"redundant_overlap":2,"redundant_joint":0.5,"motif_pseudocount":0.1,"bgfile":"results/AHRpeaks_not-in-DHSs-withAHREs.bed.fa/hocomoco/background","motif_trim":0.25,"xalph":0,"seed":1,"bin_max":3},"alphabet":{"name":"DNA","like":"dna","ncore":4,"symbols":[{"symbol":"A","name":"Adenine","colour":"CC0000","complement":"T"},{"symbol":"C","name":"Cytosine","colour":"0000CC","complement":"G"},{"symbol":"G","name":"Guanine","colour":"FFB300","complement":"C"},{"symbol":"T","aliases":"U","name":"Thymine","colour":"008000","complement":"A"},{"symbol":"N","aliases":"X.","name":"Any base","equals":"ACGT"},{"symbol":"V","name":"Not T","equals":"ACG"},{"symbol":"H","name":"Not G","equals":"ACT"},{"symbol":"D","name":"Not C","equals":"AGT"},{"symbol":"B","name":"Not A","equals":"CGT"},{"symbol":"M","name":"Amino","equals":"AC"},{"symbol":"R","name":"Purine","equals":"AG"},{"symbol":"W","name":"Weak","equals":"AT"},{"symbol":"S","name":"Strong","equals":"CG"},{"symbol":"Y","name":"Pyrimidine","equals":"CT"},{"symbol":"K","name":"Keto","equals":"GT"}]},"background":[0.3065,0.1935,0.1935,0.3065],"sequence_dbs":[{"source":"results/AHRpeaks_not-in-DHSs-withAHREs.bed.fa/hocomoco/AHRpeaks_not-in-DHSs-withAHREs.bed.fa","name":"AHRpeaks_not-in-DHSs-withAHREs.bed","last_modified":"Thu May 24 11:14:31 2018","loaded":23,"excluded_too_short":1,"excluded_no_match":16,"excluded_ambigs":0,"excluded_similar":2,"erased_primary_matches":0}],"primary_dbs":[{"source":"results/AHRpeaks_not-in-DHSs-withAHREs.bed.fa/hocomoco/meme_out/meme.xml","name":"meme.xml","last_modified":"Thu May 24 14:24:38 2018","loaded":6,"excluded":5}],"secondary_dbs":[{"source":"results/AHRpeaks_not-in-DHSs-withAHREs.bed.fa/hocomoco/meme_out/meme.xml","name":"meme.xml","last_modified":"Thu May 24 14:24:38 2018","loaded":7,"excluded":1},{"source":"/Users/filipov4/meme/db/motif_databases/HUMAN/HOCOMOCOv11_full_HUMAN_mono_meme_format.meme","name":"HOCOMOCOv11_full_HUMAN_mono_meme_format","last_modified":"Wed Dec  6 21:59:30 2017","loaded":771,"excluded":0}],"secondary_motifs":[{"db":0,"id":"AAGSYCTTTAGTTHAATTAVGTCCCAGCTA","alt":"MEME-3","len":30,"ltrim":0,"rtrim":0,"nsites":4,"evalue":"8.6e-003","pwm":[[0.739183,0.00471952,0.248622,0.0074756],[0.983085,0.00471952,0.00471952,0.0074756],[0.251378,0.00471952,0.736427,0.0074756],[0.0074756,0.492524,0.492524,0.0074756],[0.0074756,0.492524,0.00471952,0.49528],[0.0074756,0.980329,0.00471952,0.0074756],[0.0074756,0.248622,0.00471952,0.739183],[0.0074756,0.00471952,0.00471952,0.983085],[0.251378,0.00471952,0.00471952,0.739183],[0.739183,0.00471952,0.248622,0.0074756],[0.0074756,0.248622,0.736427,0.0074756],[0.0074756,0.00471952,0.00471952,0.983085],[0.0074756,0.248622,0.00471952,0.739183],[0.251378,0.248622,0.00471952,0.49528],[0.739183,0.00471952,0.00471952,0.251378],[0.739183,0.00471952,0.248622,0.0074756],[0.0074756,0.00471952,0.00471952,0.983085],[0.0074756,0.00471952,0.00471952,0.983085],[0.983085,0.00471952,0.00471952,0.0074756],[0.49528,0.248622,0.248622,0.0074756],[0.0074756,0.00471952,0.736427,0.251378],[0.0074756,0.248622,0.00471952,0.739183],[0.0074756,0.980329,0.00471952,0.0074756],[0.0074756,0.980329,0.00471952,0.0074756],[0.0074756,0.980329,0.00471952,0.0074756],[0.983085,0.00471952,0.00471952,0.0074756],[0.0074756,0.00471952,0.980329,0.0074756],[0.0074756,0.980329,0.00471952,0.0074756],[0.0074756,0.00471952,0.248622,0.739183],[0.983085,0.00471952,0.00471952,0.0074756]]},{"db":0,"id":"SATGVARKBCTYBCCTMRGBCA","alt":"MEME-5","len":22,"ltrim":0,"rtrim":0,"nsites":5,"evalue":"2.0e+001","pwm":[[0.0060098,0.592029,0.395951,0.0060098],[0.790324,0.00379412,0.199873,0.0060098],[0.202088,0.00379412,0.00379412,0.790324],[0.202088,0.00379412,0.788108,0.0060098],[0.398167,0.199873,0.395951,0.0060098],[0.986402,0.00379412,0.00379412,0.0060098],[0.594245,0.00379412,0.395951,0.0060098],[0.0060098,0.00379412,0.395951,0.594245],[0.0060098,0.395951,0.199873,0.398167],[0.0060098,0.984186,0.00379412,0.0060098],[0.0060098,0.00379412,0.199873,0.790324],[0.0060098,0.592029,0.00379412,0.398167],[0.0060098,0.199873,0.395951,0.398167],[0.0060098,0.984186,0.00379412,0.0060098],[0.0060098,0.984186,0.00379412,0.0060098],[0.0060098,0.00379412,0.00379412,0.986402],[0.594245,0.395951,0.00379412,0.0060098],[0.594245,0.00379412,0.395951,0.0060098],[0.0060098,0.00379412,0.788108,0.202088],[0.0060098,0.395951,0.395951,0.202088],[0.0060098,0.984186,0.00379412,0.0060098],[0.986402,0.00379412,0.00379412,0.0060098]]},{"db":1,"id":"ARNT_HUMAN.H11MO.0.B","len":9,"ltrim":1,"rtrim":1,"nsites":500,"evalue":"1.0e+000","url":"http://hocomoco.autosome.ru/motif/ARNT_HUMAN.H11MO.0.B","pwm":[[0.152031,0.283982,0.429953,0.134034],[0.138034,0.0740239,0.24199,0.545952],[0.701921,0.0300327,0.24599,0.0220569],[0.0100593,0.947849,0.00203829,0.0400533],[0.00606009,0.00203829,0.989841,0.00206089],[6.12877e-05,3.86923e-05,0.00203829,0.997862],[6.12877e-05,0.00603749,0.99184,0.00206089],[0.35599,0.525934,0.0240339,0.0940425],[0.15403,0.501938,0.14401,0.200021]]},{"db":1,"id":"CDC5L_HUMAN.H11MO.0.D","len":15,"ltrim":0,"rtrim":0,"nsites":10,"evalue":"1.0e+000","url":"http://hocomoco.autosome.ru/motif/CDC5L_HUMAN.H11MO.0.D","pwm":[[0.15155,0.150431,0.64548,0.0525396],[0.00303465,0.199936,0.397955,0.399074],[0.201054,0.00191584,0.793995,0.00303465],[0.498084,0.100926,0.100926,0.300064],[0.00303465,0.100926,0.298946,0.597094],[0.201054,0.00191584,0.199936,0.597094],[0.102045,0.00191584,0.00191584,0.894124],[0.894124,0.00191584,0.100926,0.00303465],[0.795114,0.00191584,0.00191584,0.201054],[0.102045,0.595975,0.00191584,0.300064],[0.597094,0.00191584,0.298946,0.102045],[0.201054,0.100926,0.00191584,0.696104],[0.795114,0.100926,0.100926,0.00303465],[0.597094,0.00191584,0.100926,0.300064],[0.0772921,0.274193,0.175183,0.473332]]},{"db":1,"id":"CEBPD_HUMAN.H11MO.0.C","len":11,"ltrim":0,"rtrim":0,"nsites":500,"evalue":"1.0e+000","url":"http://hocomoco.autosome.ru/motif/CEBPD_HUMAN.H11MO.0.C","pwm":[[0.45447,0.232492,0.268485,0.0445524],[0.00256079,0.130513,0.0205346,0.846392],[0.00655999,0.028533,0.018535,0.946372],[0.0425528,0.0265334,0.812376,0.118538],[0.016558,0.960347,0.0105366,0.0125588],[0.45847,0.120515,0.278483,0.142533],[0.122537,0.580423,0.0265334,0.270507],[0.590443,0.382462,0.00453779,0.0225568],[0.828396,0.0645258,0.0445298,0.0625488],[0.0240565,0.481942,0.178003,0.315998],[0.20802,0.487941,0.0720243,0.232015]]},{"db":1,"id":"CRX_HUMAN.H11MO.0.B","len":13,"ltrim":1,"rtrim":1,"nsites":500,"evalue":"1.0e+000","url":"http://hocomoco.autosome.ru/motif/CRX_HUMAN.H11MO.0.B","pwm":[[0.248012,0.164006,0.152008,0.435974],[0.533955,0.104018,0.261986,0.100041],[0.573947,0.0460295,0.275984,0.10404],[0.172027,0.0920203,0.565926,0.170027],[0.497962,0.164006,0.261986,0.0760461],[0.192023,0.00603749,0.775884,0.0260561],[0.0320549,0.0100367,0.935852,0.0220569],[0.763909,0.217995,0.0160355,0.00206089],[6.12877e-05,3.86923e-05,3.86923e-05,0.999861],[0.0220569,0.0580271,0.0240339,0.895882],[0.879885,0.00403789,0.0340319,0.0820449],[0.270007,0.0660255,0.525934,0.138034],[0.234014,0.323974,0.34397,0.0980417]]},{"db":1,"id":"EOMES_HUMAN.H11MO.0.D","len":12,"ltrim":1,"rtrim":0,"nsites":375,"evalue":"1.0e+000","url":"http://hocomoco.autosome.ru/motif/EOMES_HUMAN.H11MO.0.D","pwm":[[0.460722,0.106739,0.287259,0.14528],[0.253937,0.0509273,0.465364,0.229772],[0.220247,0.188861,0.447193,0.143699],[0.834418,0.00814116,0.0691194,0.088321],[0.265752,5.15863e-05,0.678391,0.0558054],[0.0209363,0.0840106,0.884431,0.0106218],[0.0236203,0.00281194,0.0155188,0.958049],[8.17115e-05,0.00542712,0.991818,0.00267333],[0.363892,0.181089,0.0268461,0.428173],[0.0531071,0.168734,0.342985,0.435173],[0.898503,0.00820204,0.0321801,0.0611151],[0.65683,0.0351814,0.262841,0.0451471]]},{"db":1,"id":"ETV3_HUMAN.H11MO.0.D","len":14,"ltrim":0,"rtrim":0,"nsites":12,"evalue":"1.0e+000","url":"http://hocomoco.autosome.ru/motif/ETV3_HUMAN.H11MO.0.D","pwm":[[0.209145,0.0429215,0.290855,0.457079],[0.415756,0.166888,0.166888,0.250467],[0.250467,0.497467,0.0842438,0.167822],[0.415756,0.00159918,0.414822,0.167822],[0.167822,0.00159918,0.0842438,0.746335],[0.167822,0.00159918,0.166888,0.66369],[0.00253306,0.0842438,0.0842438,0.828979],[0.167822,0.0842438,0.745401,0.00253306],[0.00253306,0.828045,0.0842438,0.0851777],[0.828979,0.00159918,0.166888,0.00253306],[0.00253306,0.828045,0.0842438,0.0851777],[0.00253306,0.249533,0.166888,0.581045],[0.0851777,0.00159918,0.166888,0.746335],[0.00253306,0.580112,0.166888,0.250467]]},{"db":1,"id":"FOXC1_HUMAN.H11MO.0.C","len":15,"ltrim":2,"rtrim":0,"nsites":26,"evalue":"1.0e+000","url":"http://hocomoco.autosome.ru/motif/FOXC1_HUMAN.H11MO.0.C","pwm":[[0.135274,0.479669,0.173155,0.211902],[0.346002,0.0773697,0.345569,0.231059],[0.269374,0.153998,0.0773697,0.499259],[0.00117433,0.00074138,0.00074138,0.997343],[0.00117433,0.00074138,0.99691,0.00117433],[0.0394885,0.00074138,0.00074138,0.959029],[0.0394885,0.00074138,0.00074138,0.959029],[0.00117433,0.00074138,0.0390556,0.959029],[0.959029,0.00074138,0.00074138,0.0394885],[0.00117433,0.728711,0.00074138,0.269374],[0.231059,0.115684,0.00074138,0.652515],[0.00117433,0.192312,0.00074138,0.805772],[0.652515,0.00074138,0.00074138,0.346002],[0.460944,0.192312,0.268941,0.0778027],[0.0394885,0.268941,0.575454,0.116117]]},{"db":1,"id":"FOXC2_HUMAN.H11MO.0.D","len":15,"ltrim":0,"rtrim":0,"nsites":5,"evalue":"1.0e+000","url":"http://hocomoco.autosome.ru/motif/FOXC2_HUMAN.H11MO.0.D","pwm":[[0.0585308,0.0563151,0.616539,0.268615],[0.216094,0.213878,0.00379412,0.566234],[0.0060098,0.213878,0.00379412,0.776318],[0.0060098,0.00379412,0.00379412,0.986402],[0.216094,0.00379412,0.774102,0.0060098],[0.0060098,0.00379412,0.00379412,0.986402],[0.0060098,0.00379412,0.00379412,0.986402],[0.216094,0.00379412,0.213878,0.566234],[0.35615,0.00379412,0.00379412,0.636262],[0.0060098,0.353934,0.634046,0.0060098],[0.216094,0.423962,0.00379412,0.35615],[0.0060098,0.634046,0.00379412,0.35615],[0.986402,0.00379412,0.00379412,0.0060098],[0.0060098,0.14385,0.84413,0.0060098],[0.478699,0.0563151,0.266399,0.198587]]},{"db":1,"id":"FOXO6_HUMAN.H11MO.0.D","len":13,"ltrim":3,"rtrim":0,"nsites":3383,"evalue":"1.0e+000","url":"http://hocomoco.autosome.ru/motif/FOXO6_HUMAN.H11MO.0.D","pwm":[[0.448562,0.121344,0.161544,0.26855],[0.359147,0.17322,0.14839,0.319243],[0.117948,0.371263,0.361804,0.148985],[0.385824,0.0210663,0.0881645,0.504945],[0.000600234,0.000301307,0.00118807,0.99791],[0.00178258,5.71961e-06,0.998203,9.05973e-06],[9.05973e-06,0.000301307,0.000301307,0.999388],[0.00148699,0.000301307,0.0390232,0.959189],[9.05973e-06,0.000301307,0.104348,0.895342],[0.938276,0.0195884,0.00865164,0.0334843],[0.00481235,0.881815,0.00983398,0.103538],[0.271653,0.117649,0.46319,0.147507],[0.215122,0.16014,0.10457,0.520168]]},{"db":1,"id":"FUBP1_HUMAN.H11MO.0.D","len":12,"ltrim":0,"rtrim":0,"nsites":102,"evalue":"1.0e+000","url":"http://hocomoco.autosome.ru/motif/FUBP1_HUMAN.H11MO.0.D","pwm":[[0.00267882,0.163257,0.0311116,0.802952],[0.000300196,0.475914,0.0192185,0.504568],[0.000300196,0.00018952,0.980181,0.0193292],[0.000300196,0.00018952,0.0297901,0.96972],[0.285735,0.179908,0.30571,0.228648],[0.125046,0.219023,0.104849,0.551083],[0.076416,0.0752482,0.257081,0.591255],[0.0193292,0.0858199,0.0858199,0.809031],[0.0573871,0.0858199,0.0858199,0.770973],[0.0669016,0.104849,0.180965,0.647285],[0.104959,0.122821,0.17145,0.60077],[0.100202,0.0895199,0.119121,0.691157]]},{"db":1,"id":"GCM1_HUMAN.H11MO.0.D","len":14,"ltrim":1,"rtrim":3,"nsites":12,"evalue":"1.0e+000","url":"http://hocomoco.autosome.ru/motif/GCM1_HUMAN.H11MO.0.D","pwm":[[0.314746,0.350543,0.0842438,0.250467],[0.434122,0.0842438,0.0658783,0.415756],[0.250467,0.34136,0.24035,0.167822],[0.819797,0.176071,0.00159918,0.00253306],[0.00253306,0.00159918,0.00159918,0.994269],[0.00253306,0.00159918,0.993335,0.00253306],[0.177005,0.653573,0.00159918,0.167822],[0.00253306,0.0934265,0.580112,0.323929],[0.00253306,0.00159918,0.993335,0.00253306],[0.00253306,0.00159918,0.993335,0.00253306],[0.0851777,0.332178,0.0658783,0.516766],[0.397391,0.258716,0.166888,0.177005],[0.0851777,0.322995,0.258716,0.333112],[0.0851777,0.185254,0.332178,0.397391]]},{"db":1,"id":"GLI1_HUMAN.H11MO.0.D","len":12,"ltrim":1,"rtrim":0,"nsites":500,"evalue":"1.0e+000","url":"http://hocomoco.autosome.ru/motif/GLI1_HUMAN.H11MO.0.D","pwm":[[0.112039,0.39196,0.184002,0.311999],[0.0340545,0.471944,0.399959,0.0940425],[0.0700473,0.0760235,0.0120363,0.841893],[0.0200573,0.0280331,0.905858,0.0460521],[0.0100593,0.0120363,0.763886,0.214018],[0.0120589,0.0400307,0.947849,6.12877e-05],[0.0660481,0.0220343,0.0200347,0.891883],[0.0120589,0.00803709,0.973844,0.00606009],[0.0160581,0.00403789,0.937851,0.0420529],[0.0140585,0.237991,0.152008,0.595942],[0.0420529,0.879863,0.0420303,0.0360541],[0.116038,0.359967,0.0600267,0.463969]]},{"db":1,"id":"GLI3_HUMAN.H11MO.0.B","len":11,"ltrim":1,"rtrim":1,"nsites":15,"evalue":"1.0e+000","url":"http://hocomoco.autosome.ru/motif/GLI3_HUMAN.H11MO.0.B","pwm":[[0.10308,0.301007,0.294157,0.301756],[0.0020298,0.0697903,0.00128146,0.926898],[0.0020298,0.00128146,0.92615,0.0705386],[0.0020298,0.0697903,0.857641,0.0705386],[0.0020298,0.00128146,0.994659,0.0020298],[0.0020298,0.00128146,0.00128146,0.995407],[0.0020298,0.00128146,0.994659,0.0020298],[0.0020298,0.00128146,0.857641,0.139047],[0.0705386,0.00128146,0.0697903,0.85839],[0.0705386,0.652115,0.0697903,0.207556],[0.10308,0.369516,0.170841,0.356563]]},{"db":1,"id":"GLIS1_HUMAN.H11MO.0.D","len":13,"ltrim":1,"rtrim":1,"nsites":492,"evalue":"1.0e+000","url":"http://hocomoco.autosome.ru/motif/GLIS1_HUMAN.H11MO.0.D","pwm":[[0.186,0.183945,0.118918,0.511137],[0.108272,0.630501,0.0940243,0.167203],[0.0600094,0.0416975,0.850476,0.0478168],[0.0442606,0.190549,0.0422055,0.722984],[0.0310519,0.0269647,0.906867,0.0351161],[0.0310519,0.031029,0.912964,0.0249556],[0.012763,0.01274,0.925156,0.0493409],[0.0371482,0.0188363,0.910931,0.033084],[0.014287,0.0183283,0.949033,0.0183512],[0.0178432,0.0178203,0.944461,0.0198753],[0.0203834,0.0142641,0.0427136,0.922639],[0.302338,0.560393,0.0869119,0.0503569],[0.209877,0.108249,0.313492,0.368382]]},{"db":1,"id":"GLIS3_HUMAN.H11MO.0.D","len":10,"ltrim":0,"rtrim":0,"nsites":38,"evalue":"1.0e+000","url":"http://hocomoco.autosome.ru/motif/GLIS3_HUMAN.H11MO.0.D","pwm":[[0.0545988,0.196784,0.734727,0.0138896],[0.0269747,0.38143,0.0935575,0.498038],[0.0938541,0.000507875,0.852493,0.0531449],[0.000804461,0.000507875,0.800153,0.198535],[0.0269747,0.0266781,0.945543,0.000804461],[0.0531449,0.000507875,0.762351,0.183996],[0.000804461,0.000507875,0.997883,0.000804461],[0.0415137,0.0266781,0.852493,0.0793151],[0.0269747,0.224408,0.000507875,0.748109],[0.422435,0.419231,0.105189,0.0531449]]},{"db":1,"id":"HXB1_HUMAN.H11MO.0.D","len":10,"ltrim":0,"rtrim":0,"nsites":15,"evalue":"1.0e+000","url":"http://hocomoco.autosome.ru/motif/HXB1_HUMAN.H11MO.0.D","pwm":[[0.307975,0.00128146,0.0692693,0.621474],[0.0020298,0.00128146,0.994659,0.0020298],[0.995407,0.00128146,0.00128146,0.0020298],[0.0020298,0.00128146,0.00128146,0.995407],[0.0020298,0.00128146,0.620726,0.375963],[0.0020298,0.00128146,0.994659,0.0020298],[0.995407,0.00128146,0.00128146,0.0020298],[0.0020298,0.00128146,0.00128146,0.995407],[0.0020298,0.171251,0.824689,0.0020298],[0.0700176,0.0692693,0.858683,0.0020298]]},{"db":1,"id":"LEF1_HUMAN.H11MO.0.A","len":14,"ltrim":1,"rtrim":1,"nsites":456,"evalue":"1.0e+000","url":"http://hocomoco.autosome.ru/motif/LEF1_HUMAN.H11MO.0.A","pwm":[[0.0768048,0.26095,0.274105,0.38814],[0.0329547,0.635868,0.184213,0.146965],[0.0176072,0.70822,0.0131974,0.260975],[0.122847,0.046085,0.0197749,0.811293],[0.0022597,0.13817,0.0351225,0.824448],[0.0022597,0.0131974,0.0329299,0.951613],[0.0439172,0.425388,0.519665,0.0110297],[0.456108,0.13817,0.0153899,0.390332],[0.278515,0.166673,0.157903,0.39691],[0.285092,0.19079,0.201753,0.322365],[0.0417247,0.1294,0.149133,0.679743],[0.0395322,0.311378,0.38373,0.26536],[0.11627,0.460468,0.089935,0.333327],[0.313595,0.221485,0.10309,0.36183]]},{"db":1,"id":"MIXL1_HUMAN.H11MO.0.D","len":11,"ltrim":0,"rtrim":0,"nsites":220,"evalue":"1.0e+000","url":"http://hocomoco.autosome.ru/motif/MIXL1_HUMAN.H11MO.0.D","pwm":[[0.183011,0.132982,0.591864,0.0921429],[0.120539,0.265876,0.211356,0.402229],[0.0273996,0.0228049,0.0228049,0.926991],[0.950843,0.00122376,0.0375709,0.0103619],[0.981511,0.0137181,0.0046313,0.000139255],[0.000139255,8.79147e-05,0.0046313,0.995142],[0.00922603,0.0546086,0.0273483,0.908817],[0.524901,0.138661,0.220442,0.115996],[0.345437,0.13639,0.440797,0.0773769],[0.540803,0.127303,0.186367,0.145528],[0.0875995,0.182959,0.182959,0.546482]]},{"db":1,"id":"NANOG_HUMAN.H11MO.0.A","len":17,"ltrim":1,"rtrim":1,"nsites":499,"evalue":"1.0e+000","url":"http://hocomoco.autosome.ru/motif/NANOG_HUMAN.H11MO.0.A","pwm":[[0.128292,0.258504,0.280544,0.33266],[0.0441408,0.486915,0.17836,0.290584],[0.0882201,0.510958,0.070165,0.330656],[0.306613,0.0441181,0.060147,0.589122],[0.012083,0.060147,0.0421145,0.885655],[0.068184,0.0080532,0.0381073,0.885655],[0.11026,0.248486,0.589099,0.0521552],[0.376739,0.0421145,0.0361037,0.545042],[0.230476,0.260508,0.192385,0.316631],[0.807515,0.0341001,0.0401109,0.118274],[0.068184,0.014064,0.0300929,0.887659],[0.0261083,0.0180712,0.811499,0.144321],[0.0281119,0.635182,0.116248,0.220458],[0.681288,0.0320965,0.0160676,0.270548],[0.663255,0.0501289,0.240472,0.0461444],[0.805511,0.0481253,0.0681614,0.0782021],[0.140314,0.150309,0.200399,0.508977]]},{"db":1,"id":"NF2L1_HUMAN.H11MO.0.C","len":7,"ltrim":1,"rtrim":1,"nsites":112,"evalue":"1.0e+000","url":"http://hocomoco.autosome.ru/motif/NF2L1_HUMAN.H11MO.0.C","pwm":[[0.429195,0.248887,0.0801248,0.241793],[0.216053,0.0467147,0.709532,0.0277002],[0.000273416,0.000172614,0.00722522,0.992329],[0.0297717,0.891503,0.00193577,0.0767891],[0.94296,0.0213304,0.00722522,0.0284838],[0.013595,0.160173,0.0608199,0.765412],[0.173737,0.22628,0.291154,0.308828]]},{"db":1,"id":"NKX28_HUMAN.H11MO.0.C","len":9,"ltrim":0,"rtrim":0,"nsites":6,"evalue":"1.0e+000","url":"http://hocomoco.autosome.ru/motif/NKX28_HUMAN.H11MO.0.C","pwm":[[0.0291326,0.200858,0.200858,0.569152],[0.00502459,0.00317213,0.00317213,0.988631],[0.00502459,0.764985,0.224966,0.00502459],[0.940415,0.00317213,0.0513881,0.00502459],[0.988631,0.00317213,0.00317213,0.00502459],[0.00502459,0.00317213,0.986779,0.00502459],[0.00502459,0.00317213,0.591407,0.400396],[0.59326,0.00317213,0.398543,0.00502459],[0.0291326,0.567299,0.200858,0.20271]]},{"db":1,"id":"NR1I3_HUMAN.H11MO.0.C","len":18,"ltrim":0,"rtrim":1,"nsites":28,"evalue":"1.0e+000","url":"http://hocomoco.autosome.ru/motif/NR1I3_HUMAN.H11MO.0.C","pwm":[[0.323135,0.000688613,0.493226,0.182951],[0.455741,0.0764636,0.466705,0.00109075],[0.179162,0.000688613,0.747072,0.073077],[0.00109075,0.140872,0.72434,0.133697],[0.00109075,0.000688613,0.0347874,0.963433],[0.00109075,0.819059,0.0688861,0.110964],[0.925546,0.0726749,0.000688613,0.00109075],[0.319346,0.163605,0.356831,0.160218],[0.254937,0.193915,0.387141,0.164007],[0.39891,0.197704,0.265901,0.137486],[0.58077,0.0726749,0.311366,0.0351895],[0.902813,0.000688613,0.0954074,0.00109075],[0.0389782,0.000688613,0.959242,0.00109075],[0.00109075,0.0650974,0.212859,0.720953],[0.175373,0.106774,0.000688613,0.717165],[0.00109075,0.705396,0.0726749,0.220838],[0.709587,0.0726749,0.140872,0.0768657],[0.183898,0.14182,0.357778,0.316504]]},{"db":1,"id":"PITX2_HUMAN.H11MO.0.D","len":10,"ltrim":0,"rtrim":2,"nsites":17,"evalue":"1.0e+000","url":"http://hocomoco.autosome.ru/motif/PITX2_HUMAN.H11MO.0.D","pwm":[[0.0573661,0.235776,0.174028,0.53283],[0.11294,0.0567053,0.470421,0.359934],[0.119115,0.00113158,0.822388,0.0573661],[0.0017924,0.00113158,0.995284,0.0017924],[0.823048,0.174028,0.00113158,0.0017924],[0.0017924,0.00113158,0.00113158,0.995944],[0.0017924,0.00113158,0.0567053,0.940371],[0.699551,0.0567053,0.00113158,0.242612],[0.409333,0.3037,0.223426,0.063541],[0.361478,0.194096,0.126172,0.318254]]},{"db":1,"id":"PO3F2_HUMAN.H11MO.0.A","len":17,"ltrim":0,"rtrim":1,"nsites":496,"evalue":"1.0e+000","url":"http://hocomoco.autosome.ru/motif/PO3F2_HUMAN.H11MO.0.A","pwm":[[0.0464234,0.356822,0.102841,0.493914],[0.149225,0.362869,0.058495,0.429411],[0.0141718,0.935334,0.022212,0.0282819],[0.828524,0.102841,0.00407045,0.0645649],[0.0121561,0.00608617,0.0242277,0.95753],[0.0403762,0.036322,0.661196,0.262106],[0.276216,0.671275,0.0343063,0.0182033],[0.649124,0.2258,0.0967937,0.0282819],[0.250011,0.0322906,0.0322906,0.685407],[0.481819,0.058495,0.0504321,0.409253],[0.300404,0.0181805,0.0141491,0.667266],[0.0343291,0.266114,0.181454,0.518102],[0.0161876,0.665227,0.131061,0.187524],[0.653156,0.288287,0.0242277,0.0343291],[0.296373,0.0322906,0.0665579,0.604779],[0.141162,0.133077,0.175407,0.550354],[0.223807,0.429388,0.21169,0.135115]]},{"db":1,"id":"PO5F1_HUMAN.H11MO.0.A","len":16,"ltrim":0,"rtrim":0,"nsites":500,"evalue":"1.0e+000","url":"http://hocomoco.autosome.ru/motif/PO5F1_HUMAN.H11MO.0.A","pwm":[[0.0520509,0.519935,0.194,0.234014],[0.0740465,0.529933,0.0800227,0.315998],[0.389983,0.0440299,0.0400307,0.525956],[0.0200573,0.0640259,0.0240339,0.891883],[0.0720469,0.0220343,0.0280331,0.877886],[0.10404,0.313976,0.515936,0.0660481],[0.379985,0.0360315,0.0320323,0.551951],[0.176026,0.249989,0.100019,0.473967],[0.883885,0.0200347,0.0320323,0.0640485],[0.0140585,0.00203829,0.0160355,0.967868],[0.0120589,0.00803709,0.921854,0.0580497],[0.0140585,0.759887,0.0940199,0.132035],[0.789903,0.0200347,0.0300327,0.160029],[0.619937,0.0600267,0.253988,0.0660481],[0.829895,0.0360315,0.0680251,0.0660481],[0.160029,0.138011,0.122014,0.579945]]},{"db":1,"id":"RHXF1_HUMAN.H11MO.0.D","len":11,"ltrim":2,"rtrim":2,"nsites":3568,"evalue":"1.0e+000","url":"http://hocomoco.autosome.ru/motif/RHXF1_HUMAN.H11MO.0.D","pwm":[[0.283981,0.31145,0.244272,0.160297],[0.323306,0.147688,0.406263,0.122744],[0.109099,0.113589,0.561314,0.215998],[0.027174,0.010828,0.95191,0.0100882],[0.00169246,0.00129331,0.992103,0.00491126],[0.780322,0.18411,0.0312996,0.00426823],[0.00748703,0.0045121,0.00654109,0.98146],[0.150195,0.367645,0.0546199,0.42754],[0.74657,0.0399388,0.0625175,0.150974],[0.358025,0.111278,0.238391,0.292307],[0.161691,0.431666,0.284076,0.122567]]},{"db":1,"id":"RREB1_HUMAN.H11MO.0.D","len":22,"ltrim":2,"rtrim":1,"nsites":26,"evalue":"1.0e+000","url":"http://hocomoco.autosome.ru/motif/RREB1_HUMAN.H11MO.0.D","pwm":[[0.262575,0.119083,0.387849,0.230493],[0.080069,0.158531,0.412565,0.348835],[0.00117433,0.269507,0.617168,0.112151],[0.080069,0.00074138,0.570355,0.348835],[0.080069,0.111718,0.459378,0.348835],[0.158964,0.0328231,0.427297,0.380917],[0.00117433,0.0328231,0.774957,0.191045],[0.00117433,0.1438,0.506191,0.348835],[0.00117433,0.0328231,0.663981,0.302022],[0.00117433,0.0328231,0.885934,0.080069],[0.00117433,0.0969866,0.585086,0.316753],[0.00117433,0.00074138,0.0649049,0.933179],[0.0332561,0.00074138,0.932746,0.0332561],[0.080069,0.0969866,0.47411,0.348835],[0.00117433,0.0328231,0.237425,0.728577],[0.0653378,0.0328231,0.158531,0.743308],[0.00117433,0.0328231,0.31632,0.649682],[0.00117433,0.0649049,0.932746,0.00117433],[0.0653378,0.00074138,0.663981,0.26994],[0.00117433,0.0328231,0.853852,0.112151],[0.00117433,0.00074138,0.663981,0.334104],[0.151598,0.136434,0.197978,0.51399]]},{"db":1,"id":"SOX2_HUMAN.H11MO.1.A","len":16,"ltrim":1,"rtrim":0,"nsites":500,"evalue":"1.0e+000","url":"http://hocomoco.autosome.ru/motif/SOX2_HUMAN.H11MO.1.A","pwm":[[0.0780457,0.271984,0.267985,0.381985],[0.0280557,0.631912,0.150009,0.190023],[0.0340545,0.677903,0.0180351,0.270007],[0.381985,0.0440299,0.0140359,0.559949],[0.00206089,0.0160355,0.00603749,0.975866],[0.00805969,3.86923e-05,0.00403789,0.987864],[0.0520509,0.233992,0.6959,0.0180577],[0.198022,0.00803709,0.0180351,0.775906],[0.132035,0.279983,0.176003,0.411979],[0.50796,0.199999,0.0440299,0.248012],[0.0620489,0.0600267,0.0340319,0.843893],[0.0160581,0.190001,0.589921,0.20402],[0.0600493,0.533932,0.106017,0.300001],[0.525956,0.106017,0.0960195,0.272007],[0.421977,0.140011,0.24599,0.192023],[0.631935,0.116015,0.0620263,0.190023]]},{"db":1,"id":"STAT1_HUMAN.H11MO.1.A","len":19,"ltrim":1,"rtrim":1,"nsites":500,"evalue":"1.0e+000","url":"http://hocomoco.autosome.ru/motif/STAT1_HUMAN.H11MO.1.A","pwm":[[0.395982,0.154008,0.301978,0.148032],[0.435974,0.0920203,0.431952,0.0400533],[0.315998,0.0180351,0.623914,0.0420529],[0.649931,0.0140359,0.319975,0.0160581],[0.949871,0.0180351,0.0260335,0.00606009],[0.867888,0.0520283,0.0720243,0.00805969],[0.469967,0.215996,0.132012,0.182025],[0.282005,0.152008,0.197999,0.367988],[0.112039,0.0140359,0.855868,0.0180577],[0.921877,0.0120363,0.0620263,0.00406049],[0.925876,0.0120363,0.0580271,0.00406049],[0.945872,0.0240339,0.0200347,0.0100593],[0.0780457,0.539931,0.34197,0.0400533],[0.194022,0.194,0.0400307,0.571947],[0.246012,0.102018,0.487941,0.164028],[0.701921,0.0800227,0.126013,0.0920429],[0.617938,0.116015,0.174004,0.0920429],[0.571947,0.112016,0.178003,0.138034],[0.188024,0.297979,0.359967,0.15403]]},{"db":1,"id":"STAT2_HUMAN.H11MO.0.A","len":19,"ltrim":1,"rtrim":1,"nsites":500,"evalue":"1.0e+000","url":"http://hocomoco.autosome.ru/motif/STAT2_HUMAN.H11MO.0.A","pwm":[[0.419977,0.110017,0.34197,0.128036],[0.349991,0.134012,0.449949,0.0660481],[0.298002,0.0100367,0.635912,0.0560501],[0.603941,0.00403789,0.369965,0.0220569],[0.987864,0.00403789,0.00403789,0.00406049],[0.943873,0.0160355,0.0180351,0.0220569],[0.479965,0.168005,0.130013,0.222017],[0.238014,0.227993,0.140011,0.393983],[0.0780457,0.00203829,0.915856,0.00406049],[0.971867,0.00603749,0.0200347,0.00206089],[0.985864,3.86923e-05,0.0140359,6.12877e-05],[0.993863,3.86923e-05,0.00403789,0.00206089],[0.0880437,0.685902,0.213996,0.0120589],[0.10404,0.176003,0.0160355,0.703921],[0.182025,0.114016,0.54393,0.160029],[0.767908,0.0540279,0.112016,0.0660481],[0.641933,0.100019,0.148009,0.110039],[0.601941,0.106017,0.188001,0.10404],[0.20402,0.29198,0.371964,0.132035]]},{"db":1,"id":"SUH_HUMAN.H11MO.0.A","len":11,"ltrim":1,"rtrim":0,"nsites":500,"evalue":"1.0e+000","url":"http://hocomoco.autosome.ru/motif/SUH_HUMAN.H11MO.0.A","pwm":[[0.315998,0.180003,0.359967,0.144032],[0.0380537,0.29598,0.479943,0.186024],[0.0520509,0.485942,0.211996,0.250011],[0.0640485,0.313976,0.601918,0.0200573],[0.162029,0.0900207,0.0260335,0.721917],[0.0200573,0.00203829,0.957847,0.0200573],[0.210019,0.00803709,0.729893,0.0520509],[0.0540505,0.00403789,0.939851,0.00206089],[0.983865,0.00603749,0.00803709,0.00206089],[0.75791,0.0180351,0.211996,0.0120589],[0.415978,0.315976,0.221994,0.0460521]]},{"db":1,"id":"TEAD4_HUMAN.H11MO.0.A","len":13,"ltrim":0,"rtrim":5,"nsites":500,"evalue":"1.0e+000","url":"http://hocomoco.autosome.ru/motif/TEAD4_HUMAN.H11MO.0.A","pwm":[[0.519957,0.0180351,0.397959,0.0640485],[0.284004,0.649909,0.0560275,0.0100593],[0.963869,0.0100367,0.00603749,0.0200573],[0.0160581,0.0180351,0.0100367,0.95587],[0.0440525,0.0180351,0.0700247,0.867888],[0.0200573,0.933852,0.0180351,0.0280557],[0.00206089,0.84387,0.00603749,0.148032],[0.423977,0.0620263,0.0220343,0.491963],[0.15603,0.140011,0.513936,0.190023],[0.238014,0.192,0.427953,0.142033],[0.282005,0.375964,0.233992,0.10804],[0.467968,0.201998,0.124014,0.20602],[0.160029,0.170005,0.263986,0.40598]]},{"db":1,"id":"TYY1_HUMAN.H11MO.0.A","len":12,"ltrim":0,"rtrim":0,"nsites":453,"evalue":"1.0e+000","url":"http://hocomoco.autosome.ru/motif/TYY1_HUMAN.H11MO.0.A","pwm":[[0.209734,0.635664,0.0927375,0.0618642],[0.968949,4.27059e-05,0.030941,6.76451e-05],[0.957914,0.0154918,0.0110778,0.0155168],[0.298015,0.103773,0.54959,0.048622],[0.995433,4.27059e-05,0.00224972,0.00227466],[6.76451e-05,0.00224972,0.00666376,0.991019],[6.76451e-05,4.27059e-05,0.999822,6.76451e-05],[0.0111027,4.27059e-05,0.979959,0.00889572],[0.0243448,0.968924,4.27059e-05,0.0066887],[0.0309659,0.12805,0.708496,0.132489],[0.106005,0.119222,0.701875,0.0728992],[0.128075,0.743808,0.0508041,0.0773133]]},{"db":1,"id":"ZIC1_HUMAN.H11MO.0.B","len":9,"ltrim":0,"rtrim":1,"nsites":33,"evalue":"1.0e+000","url":"http://hocomoco.autosome.ru/motif/ZIC1_HUMAN.H11MO.0.B","pwm":[[0.0480146,0.132108,0.518559,0.301319],[0.0886082,0.0590394,0.851426,0.000925981],[0.000925981,0.029812,0.939109,0.0301534],[0.000925981,0.0590394,0.939109,0.000925981],[0.299695,0.029812,0.175949,0.494544],[0.117836,0.000584593,0.763744,0.117836],[0.0593808,0.234404,0.70529,0.000925981],[0.0334009,0.0882668,0.266879,0.611454],[0.216072,0.443055,0.274185,0.0666876]]},{"db":1,"id":"ZN257_HUMAN.H11MO.0.C","len":12,"ltrim":0,"rtrim":0,"nsites":432,"evalue":"1.0e+000","url":"http://hocomoco.autosome.ru/motif/ZN257_HUMAN.H11MO.0.C","pwm":[[0.0764421,0.0579018,0.682757,0.182899],[0.314813,0.425872,0.060216,0.199099],[0.0139566,0.280073,0.171301,0.534669],[0.0926421,0.884099,0.0116162,0.0116423],[0.00469949,0.0093019,0.00235906,0.98364],[0.00238521,0.115759,0.018559,0.863297],[0.025528,0.00467334,0.798471,0.171328],[7.09326e-05,0.995185,4.47814e-05,0.00469949],[0.00469949,0.972042,4.47814e-05,0.0232137],[0.212985,0.0093019,0.0532732,0.72444],[0.0486708,0.847071,0.0324447,0.0718136],[0.344899,0.152787,0.0671589,0.435155]]},{"db":1,"id":"ZN335_HUMAN.H11MO.1.A","len":7,"ltrim":0,"rtrim":0,"nsites":123,"evalue":"1.0e+000","url":"http://hocomoco.autosome.ru/motif/ZN335_HUMAN.H11MO.1.A","pwm":[[0.0814838,0.365714,0.000157189,0.552645],[0.0327429,0.000157189,0.89374,0.0733603],[0.00837246,0.991221,0.000157189,0.000248984],[0.00837246,0.974974,0.000157189,0.0164959],[0.00837246,0.000157189,0.000157189,0.991313],[0.0733603,0.00828067,0.853122,0.0652368],[0.495781,0.122009,0.0164041,0.365805]]},{"db":1,"id":"ZN589_HUMAN.H11MO.0.D","len":16,"ltrim":1,"rtrim":1,"nsites":15,"evalue":"1.0e+000","url":"http://hocomoco.autosome.ru/motif/ZN589_HUMAN.H11MO.0.D","pwm":[[0.172129,0.484362,0.17138,0.172129],[0.253776,0.613637,0.130557,0.0020298],[0.376247,0.49797,0.123753,0.0020298],[0.627994,0.0625171,0.184988,0.124501],[0.185737,0.436735,0.375499,0.0020298],[0.0020298,0.123753,0.688481,0.185737],[0.0020298,0.0625171,0.804148,0.131305],[0.0020298,0.191792,0.314263,0.491915],[0.430679,0.00128146,0.00128146,0.566758],[0.491915,0.00128146,0.130557,0.376247],[0.124501,0.491166,0.00128146,0.383051],[0.369443,0.184988,0.00128146,0.444287],[0.315012,0.184988,0.49797,0.0020298],[0.0020298,0.620441,0.123753,0.253776],[0.124501,0.620441,0.191792,0.0632654],[0.109192,0.305758,0.414622,0.170428]]},{"db":1,"id":"ZSC22_HUMAN.H11MO.0.C","len":16,"ltrim":1,"rtrim":0,"nsites":476,"evalue":"1.0e+000","url":"http://hocomoco.autosome.ru/motif/ZSC22_HUMAN.H11MO.0.C","pwm":[[0.304622,0.10086,0.436924,0.157594],[0.1891,0.113462,0.642763,0.0546748],[0.13449,0.151269,0.262591,0.45165],[0.123988,0.632261,0.180675,0.0630763],[0.319325,0.180675,0.0924582,0.407542],[0.060976,0.00844224,0.926317,0.00426518],[0.861228,0.0147434,0.10086,0.0231688],[0.13659,0.0630526,0.546144,0.254213],[0.0840803,0.00424144,0.903212,0.00846597],[0.0252692,0.00844224,0.957823,0.00846597],[0.541967,0.3109,0.0882574,0.0588756],[0.119787,0.00844224,0.859104,0.0126668],[0.018968,0.00424144,0.957823,0.018968],[0.7142,0.235285,0.0210446,0.02947],[0.0651767,0.00634184,0.915815,0.0126668],[0.0693775,0.0483498,0.846501,0.0357712]]}],"sequence_names":["chr17:78690100-78690649","chr2:43826650-43827199","chr3:30367300-30367849","chr4:24861800-24862399"],"primaries":[{"motif":{"db":0,"id":"ATCTTTGTTTTTATTGCATTTGCTTTTGGG","alt":"MEME-2","len":30,"ltrim":0,"rtrim":0,"nsites":4,"evalue":"1.6e-005","pwm":[[0.983085,0.00471951,0.00471951,0.00747561],[0.00747561,0.00471951,0.00471951,0.983085],[0.00747561,0.980329,0.00471951,0.00747561],[0.00747561,0.00471951,0.00471951,0.983085],[0.00747561,0.00471951,0.00471951,0.983085],[0.00747561,0.00471951,0.00471951,0.983085],[0.251378,0.00471951,0.736427,0.00747561],[0.00747561,0.00471951,0.00471951,0.983085],[0.00747561,0.00471951,0.00471951,0.983085],[0.00747561,0.00471951,0.00471951,0.983085],[0.00747561,0.248622,0.00471951,0.739183],[0.00747561,0.00471951,0.00471951,0.983085],[0.983085,0.00471951,0.00471951,0.00747561],[0.00747561,0.00471951,0.00471951,0.983085],[0.00747561,0.248622,0.00471951,0.739183],[0.00747561,0.00471951,0.736427,0.251378],[0.251378,0.736427,0.00471951,0.00747561],[0.983085,0.00471951,0.00471951,0.00747561],[0.00747561,0.00471951,0.00471951,0.983085],[0.00747561,0.00471951,0.00471951,0.983085],[0.00747561,0.00471951,0.00471951,0.983085],[0.00747561,0.00471951,0.736427,0.251378],[0.00747561,0.736427,0.248622,0.00747561],[0.00747561,0.248622,0.00471951,0.739183],[0.00747561,0.00471951,0.00471951,0.983085],[0.00747561,0.248622,0.00471951,0.739183],[0.00747561,0.00471951,0.248622,0.739183],[0.00747561,0.248622,0.736427,0.00747561],[0.00747561,0.00471951,0.736427,0.251378],[0.00747561,0.00471951,0.980329,0.00747561]]},"secondaries":[[{"idx":23,"counts":[[0,0,0,0,0,0,0,0,0,0,0,0,0,0,0,0,0,0,0,0,0,0,0,0,0,0,0,0,0,0,0,0,0,0,0,0,0,0,0,0,0,0,0,0,0,0,0,0,0,0,0,0,0,0,0,0,0,0,0,0,0,0,0,0,0,0,0,0,0,0,0,0,0,0,0,0,0,0,0,0,0,0,0,0,0,0,0,0,0,0,0,0,0,0,0,0,0,0,0,0,0,0,0,0,0,0,0,0,0,0,0,0,0,0,0,0,0,0,0,0,0,0,0,0,0,0,0,0,0,0,0,0,0,0,0],[0,0,0,0,0,0,0,0,0,0,0,0,0,0,0,0,0,0,0,0,0,0,0,0,0,0,0,0,0,0,0,0,0,0,0,0,0,0,0,0,0,0,0,0,0,0,0,0,0,0,0,0,0,0,0,0,0,0,0,0,0,0,0,0,0,0,0,0,0,0,0,0,0,0,0,0,0,0,0,0,0,0,0,0,0,0,0,0,0,0,0,0,0,0,0,0,0,0,0,0,0,0,0,0,0,0,0,0,0,0,0,0,0,0,0,0,0,0,0,0,0,0,0,0,0,0,0,0,0,0,0,0,0,0,0],[0,0,0,0,0,0,0,0,0,0,0,0,0,0,0,0,0,0,0,0,0,0,0,0,0,0,0,0,0,0,0,0,0,0,0,0,0,0,0,0,0,0,0,0,0,0,0,0,0,0,0,0,0,0,0,0,0,0,0,0,0,0,0,0,0,0,0,0,0,0,0,0,0,0,0,0,0,0,0,0,0,0,0,0,0,0,0,0,0,0,0,0,0,0,0,0,0,0,0,0,0,0,0,0,0,0,0,0,0,0,0,0,0,0,0,0,0,0,0,0,0,0,0,0,0,0,0,0,0,0,0,0,0,0,0],[0,0,0,0,0,0,0,0,0,0,0,0,0,3,0,0,0,0,0,0,0,0,0,0,0,0,0,0,0,0,0,0,0,0,0,0,0,0,0,0,0,0,0,0,0,0,0,0,0,0,0,0,0,0,0,0,0,0,0,0,0,0,0,0,0,0,0,0,0,0,0,0,0,0,0,0,0,0,0,0,0,0,0,0,0,0,0,0,0,0,0,0,0,0,0,0,0,0,0,0,0,0,0,0,0,0,0,0,0,0,0,0,0,0,0,0,0,0,0,0,0,0,0,0,0,0,0,0,0,0,0,0,0,0,0]],"spacings":[{"orient":3,"bin":13,"pvalue":6.4939e-09,"inferred_pwm":[[0,0,0,1],[0,0,1,0],[0,0,1,0],[0,0.666667,0,0.333333],[0,0,0,1],[0,0,0,1],[1,0,0,0],[0,0,1,0],[0,0,1,0],[0,1,0,0],[1,0,0,0],[1,0,0,0],[0.333333,0,0.666667,0],[0,0,0.666667,0.333333],[1,0,0,0],[0,0.333333,0,0.666667],[0.333333,0.333333,0,0.333333]],"alignment_pwm":[null,null,null,[[0,0.666667,0,0.333333],[0,0.333333,0.666667,0],[0,0,0,1],[0,0,1,0],[0,1,0,0],[1,0,0,0],[0.666667,0,0.333333,0],[1,0,0,0],[1,0,0,0],[0,0,1,0],[0,0.666667,0.333333,0],[0,0.333333,0,0.666667],[0,0.666667,0,0.333333],[0,0,0,1],[0,0,0,1],[0,0,0,1],[1,0,0,0],[0,0.333333,0.666667,0],[0,0,0,1],[0,0,0,1],[0.333333,0,0,0.666667],[1,0,0,0],[1,0,0,0],[0,0.333333,0,0.666667],[0,0,0,1],[1,0,0,0],[1,0,0,0],[0,0,1,0],[0,0,0,1],[0,1,0,0],[0,1,0,0],[0,1,0,0],[1,0,0,0],[0.333333,0,0.333333,0.333333],[0,1,0,0],[0,0,0,1],[1,0,0,0],[0,0,0,1],[0,0,0,1],[0,0,0,1],[1,0,0,0],[0,0,0,1],[0,1,0,0],[0,0,0,1],[0,0.333333,0,0.666667],[0,0,0,1],[0,0,1,0],[0,0,0,1],[0,0,0,1],[0,0,0,1],[0,0,0,1],[0,0,0,1],[0.666667,0,0.333333,0],[0,0,0,1],[0,0,0,1],[0,0,1,0],[0,0.666667,0,0.333333],[1,0,0,0],[0,0,0,1],[0.333333,0,0,0.666667],[0,0,0,1],[0,0,1,0],[0,1,0,0],[0,0,0,1],[0,0,0,1],[0,0,0,1],[0,0,0,1],[0,0,1,0],[0.333333,0,0.333333,0.333333],[0.333333,0,0.666667,0],[0,0,0,1],[0,0,0,1],[0,1,0,0],[0,0.333333,0,0.666667],[0,0,0,1],[0,0,1,0],[0,0.333333,0.666667,0],[0,0,0,1],[0,1,0,0],[1,0,0,0],[0,0,0,1],[0,0,1,0],[1,0,0,0],[0.333333,0,0.333333,0.333333],[0.666667,0,0.333333,0],[0,0,0,1],[0.333333,0.666667,0,0],[0,0.666667,0,0.333333],[0,0,0,1],[0,0,0,1],[0,0,1,0],[0,1,0,0],[0,1,0,0],[0,0,0,1],[1,0,0,0],[1,0,0,0],[0.333333,0,0.666667,0],[0,1,0,0],[0,1,0,0],[1,0,0,0],[0.666667,0,0.333333,0],[0,0.333333,0,0.666667],[0,0.333333,0.666667,0],[0,0,0,1],[0,1,0,0],[0.333333,0,0,0.666667],[0.666667,0,0.333333,0],[0,0,1,0],[0.666667,0,0.333333,0],[0.666667,0,0,0.333333]]],"seqs":[0,1,3]},{"orient":5,"bin":13,"pvalue":5.19512e-08,"inferred_pwm":[[0,0,0,1],[0,0,1,0],[0,0,1,0],[0,0.666667,0,0.333333],[0,0,0,1],[0,0,0,1],[1,0,0,0],[0,0,1,0],[0,0,1,0],[0,1,0,0],[1,0,0,0],[1,0,0,0],[0.333333,0,0.666667,0],[0,0,0.666667,0.333333],[1,0,0,0],[0,0.333333,0,0.666667],[0.333333,0.333333,0,0.333333]],"alignment_pwm":[null,null,null,[[0,0.666667,0,0.333333],[0,0.333333,0.666667,0],[0,0,0,1],[0,0,1,0],[0,1,0,0],[1,0,0,0],[0.666667,0,0.333333,0],[1,0,0,0],[1,0,0,0],[0,0,1,0],[0,0.666667,0.333333,0],[0,0.333333,0,0.666667],[0,0.666667,0,0.333333],[0,0,0,1],[0,0,0,1],[0,0,0,1],[1,0,0,0],[0,0.333333,0.666667,0],[0,0,0,1],[0,0,0,1],[0.333333,0,0,0.666667],[1,0,0,0],[1,0,0,0],[0,0.333333,0,0.666667],[0,0,0,1],[1,0,0,0],[1,0,0,0],[0,0,1,0],[0,0,0,1],[0,1,0,0],[0,1,0,0],[0,1,0,0],[1,0,0,0],[0.333333,0,0.333333,0.333333],[0,1,0,0],[0,0,0,1],[1,0,0,0],[0,0,0,1],[0,0,0,1],[0,0,0,1],[1,0,0,0],[0,0,0,1],[0,1,0,0],[0,0,0,1],[0,0.333333,0,0.666667],[0,0,0,1],[0,0,1,0],[0,0,0,1],[0,0,0,1],[0,0,0,1],[0,0,0,1],[0,0,0,1],[0.666667,0,0.333333,0],[0,0,0,1],[0,0,0,1],[0,0,1,0],[0,0.666667,0,0.333333],[1,0,0,0],[0,0,0,1],[0.333333,0,0,0.666667],[0,0,0,1],[0,0,1,0],[0,1,0,0],[0,0,0,1],[0,0,0,1],[0,0,0,1],[0,0,0,1],[0,0,1,0],[0.333333,0,0.333333,0.333333],[0.333333,0,0.666667,0],[0,0,0,1],[0,0,0,1],[0,1,0,0],[0,0.333333,0,0.666667],[0,0,0,1],[0,0,1,0],[0,0.333333,0.666667,0],[0,0,0,1],[0,1,0,0],[1,0,0,0],[0,0,0,1],[0,0,1,0],[1,0,0,0],[0.333333,0,0.333333,0.333333],[0.666667,0,0.333333,0],[0,0,0,1],[0.333333,0.666667,0,0],[0,0.666667,0,0.333333],[0,0,0,1],[0,0,0,1],[0,0,1,0],[0,1,0,0],[0,1,0,0],[0,0,0,1],[1,0,0,0],[1,0,0,0],[0.333333,0,0.666667,0],[0,1,0,0],[0,1,0,0],[1,0,0,0],[0.666667,0,0.333333,0],[0,0.333333,0,0.666667],[0,0.333333,0.666667,0],[0,0,0,1],[0,1,0,0],[0.333333,0,0,0.666667],[0.666667,0,0.333333,0],[0,0,1,0],[0.666667,0,0.333333,0],[0.666667,0,0,0.333333]]],"seqs":[0,1,3]},{"orient":7,"bin":13,"pvalue":5.19512e-08,"inferred_pwm":[[0,0,0,1],[0,0,1,0],[0,0,1,0],[0,0.666667,0,0.333333],[0,0,0,1],[0,0,0,1],[1,0,0,0],[0,0,1,0],[0,0,1,0],[0,1,0,0],[1,0,0,0],[1,0,0,0],[0.333333,0,0.666667,0],[0,0,0.666667,0.333333],[1,0,0,0],[0,0.333333,0,0.666667],[0.333333,0.333333,0,0.333333]],"alignment_pwm":[null,null,null,[[0,0.666667,0,0.333333],[0,0.333333,0.666667,0],[0,0,0,1],[0,0,1,0],[0,1,0,0],[1,0,0,0],[0.666667,0,0.333333,0],[1,0,0,0],[1,0,0,0],[0,0,1,0],[0,0.666667,0.333333,0],[0,0.333333,0,0.666667],[0,0.666667,0,0.333333],[0,0,0,1],[0,0,0,1],[0,0,0,1],[1,0,0,0],[0,0.333333,0.666667,0],[0,0,0,1],[0,0,0,1],[0.333333,0,0,0.666667],[1,0,0,0],[1,0,0,0],[0,0.333333,0,0.666667],[0,0,0,1],[1,0,0,0],[1,0,0,0],[0,0,1,0],[0,0,0,1],[0,1,0,0],[0,1,0,0],[0,1,0,0],[1,0,0,0],[0.333333,0,0.333333,0.333333],[0,1,0,0],[0,0,0,1],[1,0,0,0],[0,0,0,1],[0,0,0,1],[0,0,0,1],[1,0,0,0],[0,0,0,1],[0,1,0,0],[0,0,0,1],[0,0.333333,0,0.666667],[0,0,0,1],[0,0,1,0],[0,0,0,1],[0,0,0,1],[0,0,0,1],[0,0,0,1],[0,0,0,1],[0.666667,0,0.333333,0],[0,0,0,1],[0,0,0,1],[0,0,1,0],[0,0.666667,0,0.333333],[1,0,0,0],[0,0,0,1],[0.333333,0,0,0.666667],[0,0,0,1],[0,0,1,0],[0,1,0,0],[0,0,0,1],[0,0,0,1],[0,0,0,1],[0,0,0,1],[0,0,1,0],[0.333333,0,0.333333,0.333333],[0.333333,0,