<!DOCTYPE HTML>
<html>
  <head>
    <meta charset="UTF-8">
    <title>SpaMo - Spaced Motif Analysis</title>
    <script type="text/javascript">
      //@JSON_VAR data
      var data = {"program":"SpaMo","version":"4.12.0","revision":"aacc9c3eb8c7b460b344d5c8aa1458097dae704d","release":"Tue Jun 27 16:22:50 2017 -0700","host":"Sudins-iMac.local","when":"Thu May 24 14:30:54 2018","cmd":["spamo","-verbosity","1","-oc","results/AHRpeaks_not-in-DHSs.bed-499.fa/hocomoco/spamo_out_1","-bgfile","results/AHRpeaks_not-in-DHSs.bed-499.fa/hocomoco/background","-primary","CAAAAGCAAATRCAATARAAACAAAGATAA","results/AHRpeaks_not-in-DHSs.bed-499.fa/hocomoco/AHRpeaks_not-in-DHSs.bed-499.fa","results/AHRpeaks_not-in-DHSs.bed-499.fa/hocomoco/meme_out/meme.xml","results/AHRpeaks_not-in-DHSs.bed-499.fa/hocomoco/meme_out/meme.xml","/Users/filipov4/meme/db/motif_databases/HUMAN/HOCOMOCOv11_full_HUMAN_mono_meme_format.meme"],"options":{"seq_min_hit_score":7,"margin":150,"bin_size":1,"bin_pvalue_calc_range":150,"use_best_secondary":0,"seq_max_shared_fract":0.5,"seq_odds_ratio":20,"bin_pvalue_cutoff":0.05,"motif_evalue_cutoff":10,"redundant_overlap":2,"redundant_joint":0.5,"motif_pseudocount":0.1,"bgfile":"results/AHRpeaks_not-in-DHSs.bed-499.fa/hocomoco/background","motif_trim":0.25,"xalph":0,"seed":1,"bin_max":3},"alphabet":{"name":"DNA","like":"dna","ncore":4,"symbols":[{"symbol":"A","name":"Adenine","colour":"CC0000","complement":"T"},{"symbol":"C","name":"Cytosine","colour":"0000CC","complement":"G"},{"symbol":"G","name":"Guanine","colour":"FFB300","complement":"C"},{"symbol":"T","aliases":"U","name":"Thymine","colour":"008000","complement":"A"},{"symbol":"N","aliases":"X.","name":"Any base","equals":"ACGT"},{"symbol":"V","name":"Not T","equals":"ACG"},{"symbol":"H","name":"Not G","equals":"ACT"},{"symbol":"D","name":"Not C","equals":"AGT"},{"symbol":"B","name":"Not A","equals":"CGT"},{"symbol":"M","name":"Amino","equals":"AC"},{"symbol":"R","name":"Purine","equals":"AG"},{"symbol":"W","name":"Weak","equals":"AT"},{"symbol":"S","name":"Strong","equals":"CG"},{"symbol":"Y","name":"Pyrimidine","equals":"CT"},{"symbol":"K","name":"Keto","equals":"GT"}]},"background":[0.2976,0.2024,0.2024,0.2976],"sequence_dbs":[{"source":"results/AHRpeaks_not-in-DHSs.bed-499.fa/hocomoco/AHRpeaks_not-in-DHSs.bed-499.fa","name":"AHRpeaks_not-in-DHSs.bed-499","last_modified":"Thu May 24 11:14:35 2018","loaded":42,"excluded_too_short":0,"excluded_no_match":35,"excluded_ambigs":0,"excluded_similar":2,"erased_primary_matches":0}],"primary_dbs":[{"source":"results/AHRpeaks_not-in-DHSs.bed-499.fa/hocomoco/meme_out/meme.xml","name":"meme.xml","last_modified":"Thu May 24 14:30:32 2018","loaded":6,"excluded":5}],"secondary_dbs":[{"source":"results/AHRpeaks_not-in-DHSs.bed-499.fa/hocomoco/meme_out/meme.xml","name":"meme.xml","last_modified":"Thu May 24 14:30:32 2018","loaded":7,"excluded":1},{"source":"/Users/filipov4/meme/db/motif_databases/HUMAN/HOCOMOCOv11_full_HUMAN_mono_meme_format.meme","name":"HOCOMOCOv11_full_HUMAN_mono_meme_format","last_modified":"Wed Dec  6 21:59:30 2017","loaded":771,"excluded":0}],"secondary_motifs":[{"db":0,"id":"CTTGGTCATGAAATYCTTGCCTAAGSCAA","alt":"MEME-2","len":29,"ltrim":0,"rtrim":0,"nsites":4,"evalue":"1.2e-005","pwm":[[0.00725853,0.736644,0.00493659,0.251161],[0.00725853,0.00493659,0.00493659,0.982868],[0.00725853,0.00493659,0.00493659,0.982868],[0.251161,0.00493659,0.736644,0.00725853],[0.00725853,0.00493659,0.980546,0.00725853],[0.00725853,0.00493659,0.248839,0.738966],[0.00725853,0.980546,0.00493659,0.00725853],[0.982868,0.00493659,0.00493659,0.00725853],[0.251161,0.00493659,0.00493659,0.738966],[0.00725853,0.00493659,0.980546,0.00725853],[0.738966,0.248839,0.00493659,0.00725853],[0.982868,0.00493659,0.00493659,0.00725853],[0.982868,0.00493659,0.00493659,0.00725853],[0.00725853,0.00493659,0.248839,0.738966],[0.00725853,0.492741,0.00493659,0.495063],[0.00725853,0.980546,0.00493659,0.00725853],[0.00725853,0.00493659,0.00493659,0.982868],[0.00725853,0.248839,0.00493659,0.738966],[0.00725853,0.248839,0.736644,0.00725853],[0.00725853,0.980546,0.00493659,0.00725853],[0.00725853,0.980546,0.00493659,0.00725853],[0.00725853,0.00493659,0.00493659,0.982868],[0.738966,0.248839,0.00493659,0.00725853],[0.738966,0.00493659,0.248839,0.00725853],[0.00725853,0.00493659,0.980546,0.00725853],[0.00725853,0.492741,0.492741,0.00725853],[0.00725853,0.980546,0.00493659,0.00725853],[0.982868,0.00493659,0.00493659,0.00725853],[0.982868,0.00493659,0.00493659,0.00725853]]},{"db":0,"id":"TAGTTTAATTAAGTCCCAGCTA","alt":"MEME-4","len":22,"ltrim":0,"rtrim":0,"nsites":4,"evalue":"3.2e-005","pwm":[[0.00725853,0.00493659,0.00493659,0.982868],[0.738966,0.00493659,0.248839,0.00725853],[0.00725853,0.00493659,0.980546,0.00725853],[0.00725853,0.00493659,0.00493659,0.982868],[0.00725853,0.00493659,0.00493659,0.982868],[0.251161,0.00493659,0.00493659,0.738966],[0.982868,0.00493659,0.00493659,0.00725853],[0.982868,0.00493659,0.00493659,0.00725853],[0.00725853,0.00493659,0.00493659,0.982868],[0.00725853,0.00493659,0.00493659,0.982868],[0.982868,0.00493659,0.00493659,0.00725853],[0.738966,0.00493659,0.248839,0.00725853],[0.00725853,0.00493659,0.980546,0.00725853],[0.00725853,0.00493659,0.00493659,0.982868],[0.00725853,0.980546,0.00493659,0.00725853],[0.00725853,0.980546,0.00493659,0.00725853],[0.00725853,0.980546,0.00493659,0.00725853],[0.982868,0.00493659,0.00493659,0.00725853],[0.00725853,0.00493659,0.980546,0.00725853],[0.00725853,0.980546,0.00493659,0.00725853],[0.00725853,0.00493659,0.00493659,0.982868],[0.982868,0.00493659,0.00493659,0.00725853]]},{"db":0,"id":"WGYMRSGYACACASRC","alt":"MEME-6","len":16,"ltrim":0,"rtrim":0,"nsites":6,"evalue":"4.9e+003","pwm":[[0.660617,0.00331804,0.00331804,0.332747],[0.00487869,0.00331804,0.986925,0.00487869],[0.00487869,0.495121,0.167253,0.332747],[0.660617,0.331187,0.00331804,0.00487869],[0.332747,0.00331804,0.659056,0.00487869],[0.168813,0.331187,0.495121,0.00487869],[0.00487869,0.00331804,0.82299,0.168813],[0.00487869,0.331187,0.167253,0.496682],[0.988485,0.00331804,0.00331804,0.00487869],[0.168813,0.659056,0.167253,0.00487869],[0.988485,0.00331804,0.00331804,0.00487869],[0.00487869,0.986925,0.00331804,0.00487869],[0.988485,0.00331804,0.00331804,0.00487869],[0.00487869,0.331187,0.659056,0.00487869],[0.496682,0.00331804,0.495121,0.00487869],[0.00487869,0.986925,0.00331804,0.00487869]]},{"db":0,"id":"YTTGCRTGRCAAARGKAASAG","alt":"MEME-3","len":21,"ltrim":0,"rtrim":0,"nsites":7,"evalue":"1.9e-004","pwm":[[0.00419155,0.425385,0.00285071,0.567572],[0.00419155,0.143696,0.00285071,0.849262],[0.00419155,0.00285071,0.00285071,0.990107],[0.00419155,0.143696,0.847921,0.00419155],[0.00419155,0.988766,0.00285071,0.00419155],[0.567572,0.00285071,0.425385,0.00419155],[0.00419155,0.284541,0.00285071,0.708417],[0.00419155,0.00285071,0.988766,0.00419155],[0.567572,0.143696,0.284541,0.00419155],[0.00419155,0.847921,0.143696,0.00419155],[0.849262,0.00285071,0.143696,0.00419155],[0.708417,0.143696,0.143696,0.00419155],[0.849262,0.00285071,0.143696,0.00419155],[0.567572,0.00285071,0.425385,0.00419155],[0.00419155,0.143696,0.847921,0.00419155],[0.00419155,0.143696,0.425385,0.426726],[0.990107,0.00285071,0.00285071,0.00419155],[0.990107,0.00285071,0.00285071,0.00419155],[0.00419155,0.566231,0.425385,0.00419155],[0.849262,0.143696,0.00285071,0.00419155],[0.00419155,0.143696,0.707076,0.145036]]},{"db":1,"id":"ARNT_HUMAN.H11MO.0.B","len":9,"ltrim":1,"rtrim":1,"nsites":500,"evalue":"1.0e+000","url":"http://hocomoco.autosome.ru/motif/ARNT_HUMAN.H11MO.0.B","pwm":[[0.152029,0.283984,0.429954,0.134033],[0.138032,0.0740257,0.241992,0.54595],[0.701919,0.0300345,0.245991,0.0220551],[0.0100575,0.947851,0.00204007,0.0400515],[0.00605831,0.00204007,0.989843,0.00205911],[5.95081e-05,4.04719e-05,0.00204007,0.99786],[5.95081e-05,0.00603927,0.991842,0.00205911],[0.355988,0.525935,0.0240357,0.0940407],[0.154029,0.50194,0.144012,0.20002]]},{"db":1,"id":"CUX2_HUMAN.H11MO.0.D","len":11,"ltrim":1,"rtrim":1,"nsites":489,"evalue":"1.0e+000","url":"http://hocomoco.autosome.ru/motif/CUX2_HUMAN.H11MO.0.D","pwm":[[0.468268,0.190187,0.10227,0.239276],[0.572541,0.0347991,0.331262,0.061398],[0.717705,0.0838688,0.155429,0.0429969],[0.0777546,0.0511557,0.0470665,0.824023],[0.0102837,0.936455,0.045022,0.00823913],[0.832202,0.0654677,0.0797797,0.0225511],[0.79131,0.169741,0.0225317,0.0164174],[0.0736654,0.0061751,0.0961363,0.824023],[0.353772,0.182008,0.404867,0.0593534],[0.529605,0.167696,0.200409,0.102289],[0.441688,0.210632,0.190187,0.157493]]},{"db":1,"id":"EOMES_HUMAN.H11MO.0.D","len":12,"ltrim":1,"rtrim":0,"nsites":375,"evalue":"1.0e+000","url":"http://hocomoco.autosome.ru/motif/EOMES_HUMAN.H11MO.0.D","pwm":[[0.460719,0.106741,0.287262,0.145278],[0.253934,0.0509297,0.465366,0.22977],[0.220245,0.188863,0.447196,0.143696],[0.834416,0.00814354,0.0691218,0.0883186],[0.26575,5.3959e-05,0.678393,0.0558031],[0.0209339,0.084013,0.884434,0.0106194],[0.0236179,0.00281431,0.0155212,0.958047],[7.93388e-05,0.0054295,0.99182,0.00267096],[0.36389,0.181091,0.0268485,0.42817],[0.0531048,0.168737,0.342987,0.435171],[0.8985,0.00820441,0.0321825,0.0611127],[0.656828,0.0351838,0.262844,0.0451447]]},{"db":1,"id":"ETV3_HUMAN.H11MO.0.D","len":14,"ltrim":0,"rtrim":0,"nsites":12,"evalue":"1.0e+000","url":"http://hocomoco.autosome.ru/motif/ETV3_HUMAN.H11MO.0.D","pwm":[[0.209071,0.042995,0.290929,0.457005],[0.415683,0.166962,0.166962,0.250393],[0.250393,0.49754,0.0843174,0.167749],[0.415683,0.00167273,0.414896,0.167749],[0.167749,0.00167273,0.0843174,0.746261],[0.167749,0.00167273,0.166962,0.663617],[0.0024595,0.0843174,0.0843174,0.828906],[0.167749,0.0843174,0.745474,0.0024595],[0.0024595,0.828119,0.0843174,0.0851041],[0.828906,0.00167273,0.166962,0.0024595],[0.0024595,0.828119,0.0843174,0.0851041],[0.0024595,0.249607,0.166962,0.580972],[0.0851041,0.00167273,0.166962,0.746261],[0.0024595,0.580185,0.166962,0.250393]]},{"db":1,"id":"EVX2_HUMAN.H11MO.0.A","len":13,"ltrim":2,"rtrim":2,"nsites":500,"evalue":"1.0e+000","url":"http://hocomoco.autosome.ru/motif/EVX2_HUMAN.H11MO.0.A","pwm":[[0.164027,0.176005,0.361968,0.298],[0.116036,0.182004,0.207999,0.493961],[0.0120571,0.0100385,0.0140377,0.963867],[0.0140567,0.00803887,4.04719e-05,0.977864],[0.0280539,0.0220361,0.0280349,0.921875],[0.983863,0.0100385,0.00403967,0.00205911],[0.00405871,0.0580289,4.04719e-05,0.937872],[0.0460503,0.00603927,0.495941,0.451969],[0.385982,4.04719e-05,0.605919,0.00805791],[0.0460503,0.735893,0.106019,0.112037],[0.156028,0.413958,0.0480309,0.381983],[0.128034,0.307979,0.196001,0.367986],[0.142031,0.24999,0.190002,0.417976]]},{"db":1,"id":"FOXB1_HUMAN.H11MO.0.D","len":17,"ltrim":1,"rtrim":1,"nsites":7038,"evalue":"1.0e+000","url":"http://hocomoco.autosome.ru/motif/FOXB1_HUMAN.H11MO.0.D","pwm":[[0.219282,0.162615,0.422576,0.195527],[0.089277,0.143925,0.225753,0.541045],[0.353901,0.384066,0.161097,0.100935],[0.803095,0.0550287,0.056486,0.0853908],[0.724187,0.0823593,0.0299689,0.163485],[0.00346536,0.00334256,0.0160941,0.977098],[0.646658,0.000944059,0.349995,0.00240273],[0.0134237,0.000670813,0.00929327,0.976612],[0.013363,0.000245762,0.0268418,0.959549],[0.00294922,0.000519009,0.279352,0.71718],[0.960035,0.000488648,0.0383789,0.00109722],[0.00313139,0.897339,0.0107809,0.0887487],[0.774926,0.0141814,0.0334908,0.177402],[0.0308204,0.143761,0.0300904,0.795328],[0.717605,0.0169745,0.0435706,0.22185],[0.573755,0.0628193,0.2564,0.107026],[0.123906,0.357173,0.327128,0.191793]]},{"db":1,"id":"FOXC1_HUMAN.H11MO.0.C","len":15,"ltrim":2,"rtrim":0,"nsites":26,"evalue":"1.0e+000","url":"http://hocomoco.autosome.ru/motif/FOXC1_HUMAN.H11MO.0.C","pwm":[[0.13524,0.479703,0.173189,0.211868],[0.345968,0.0774038,0.345603,0.231025],[0.269339,0.154032,0.0774038,0.499225],[0.00114023,0.00077548,0.00077548,0.997309],[0.00114023,0.00077548,0.996944,0.00114023],[0.0394544,0.00077548,0.00077548,0.958995],[0.0394544,0.00077548,0.00077548,0.958995],[0.00114023,0.00077548,0.0390897,0.958995],[0.958995,0.00077548,0.00077548,0.0394544],[0.00114023,0.728745,0.00077548,0.269339],[0.231025,0.115718,0.00077548,0.652481],[0.00114023,0.192346,0.00077548,0.805738],[0.652481,0.00077548,0.00077548,0.345968],[0.46091,0.192346,0.268975,0.0777686],[0.0394544,0.268975,0.575488,0.116083]]},{"db":1,"id":"FOXC2_HUMAN.H11MO.0.D","len":15,"ltrim":0,"rtrim":0,"nsites":5,"evalue":"1.0e+000","url":"http://hocomoco.autosome.ru/motif/FOXC2_HUMAN.H11MO.0.D","pwm":[[0.0583563,0.0564896,0.616714,0.26844],[0.215919,0.214053,0.00396863,0.566059],[0.00583529,0.214053,0.00396863,0.776143],[0.00583529,0.00396863,0.00396863,0.986227],[0.215919,0.00396863,0.774277,0.00583529],[0.00583529,0.00396863,0.00396863,0.986227],[0.00583529,0.00396863,0.00396863,0.986227],[0.215919,0.00396863,0.214053,0.566059],[0.355975,0.00396863,0.00396863,0.636087],[0.00583529,0.354109,0.634221,0.00583529],[0.215919,0.424137,0.00396863,0.355975],[0.00583529,0.634221,0.00396863,0.355975],[0.986227,0.00396863,0.00396863,0.00583529],[0.00583529,0.144025,0.844305,0.00583529],[0.478524,0.0564896,0.266574,0.198412]]},{"db":1,"id":"FOXJ3_HUMAN.H11MO.1.B","len":13,"ltrim":0,"rtrim":0,"nsites":613,"evalue":"1.0e+000","url":"http://hocomoco.autosome.ru/motif/FOXJ3_HUMAN.H11MO.1.B","pwm":[[0.126266,0.100127,0.122346,0.651261],[0.0348017,3.30126e-05,0.390457,0.574708],[0.0300403,3.30126e-05,0.516089,0.453838],[4.85402e-05,3.30126e-05,3.30126e-05,0.999885],[0.0547385,3.30126e-05,0.115339,0.82989],[0.396793,3.30126e-05,0.115348,0.487825],[0.356265,0.0774985,3.30126e-05,0.566203],[4.85402e-05,3.30126e-05,3.30126e-05,0.999885],[0.163666,3.30126e-05,0.836253,4.85402e-05],[4.85402e-05,3.30126e-05,3.30126e-05,0.999885],[4.85402e-05,3.30126e-05,3.30126e-05,0.999885],[4.85402e-05,3.30126e-05,0.012708,0.98721],[0.645559,0.104692,0.116949,0.132799]]},{"db":1,"id":"GATA5_HUMAN.H11MO.0.D","len":17,"ltrim":0,"rtrim":2,"nsites":13,"evalue":"1.0e+000","url":"http://hocomoco.autosome.ru/motif/GATA5_HUMAN.H11MO.0.D","pwm":[[0.310248,0.078539,0.0870939,0.52412],[0.395796,0.292411,0.232527,0.0792657],[0.703772,0.138423,0.078539,0.0792657],[0.301693,0.164088,0.318076,0.216144],[0.52412,0.00154504,0.164088,0.310248],[0.00227175,0.00154504,0.993911,0.00227175],[0.994638,0.00154504,0.00154504,0.00227175],[0.00227175,0.00154504,0.00154504,0.994638],[0.686662,0.00154504,0.00154504,0.310248],[0.686662,0.00154504,0.146978,0.164815],[0.0792657,0.454954,0.223972,0.241808],[0.15626,0.215417,0.155533,0.47279],[0.15626,0.292411,0.146978,0.404351],[0.438571,0.078539,0.309521,0.173369],[0.387241,0.00154504,0.531948,0.0792657],[0.395796,0.309521,0.078539,0.216144],[0.194757,0.117036,0.271024,0.417184]]},{"db":1,"id":"GCM1_HUMAN.H11MO.0.D","len":14,"ltrim":1,"rtrim":3,"nsites":12,"evalue":"1.0e+000","url":"http://hocomoco.autosome.ru/motif/GCM1_HUMAN.H11MO.0.D","pwm":[[0.314673,0.350617,0.0843174,0.250393],[0.434048,0.0843174,0.0659519,0.415683],[0.250393,0.341434,0.240424,0.167749],[0.819723,0.176145,0.00167273,0.0024595],[0.0024595,0.00167273,0.00167273,0.994195],[0.0024595,0.00167273,0.993408,0.0024595],[0.176931,0.653647,0.00167273,0.167749],[0.0024595,0.0935001,0.580185,0.323855],[0.0024595,0.00167273,0.993408,0.0024595],[0.0024595,0.00167273,0.993408,0.0024595],[0.0851041,0.332251,0.0659519,0.516693],[0.397317,0.258789,0.166962,0.176931],[0.0851041,0.323069,0.258789,0.333038],[0.0851041,0.185327,0.332251,0.397317]]},{"db":1,"id":"GLI1_HUMAN.H11MO.0.D","len":12,"ltrim":1,"rtrim":0,"nsites":500,"evalue":"1.0e+000","url":"http://hocomoco.autosome.ru/motif/GLI1_HUMAN.H11MO.0.D","pwm":[[0.112037,0.391962,0.184004,0.311997],[0.0340527,0.471946,0.39996,0.0940407],[0.0700455,0.0760253,0.0120381,0.841891],[0.0200555,0.0280349,0.905859,0.0460503],[0.0100575,0.0120381,0.763888,0.214017],[0.0120571,0.0400325,0.947851,5.95081e-05],[0.0660463,0.0220361,0.0200365,0.891881],[0.0120571,0.00803887,0.973846,0.00605831],[0.0160563,0.00403967,0.937853,0.0420511],[0.0140567,0.237993,0.15201,0.59594],[0.0420511,0.879865,0.0420321,0.0360523],[0.116036,0.359968,0.0600285,0.463967]]},{"db":1,"id":"GLI3_HUMAN.H11MO.0.B","len":11,"ltrim":1,"rtrim":1,"nsites":15,"evalue":"1.0e+000","url":"http://hocomoco.autosome.ru/motif/GLI3_HUMAN.H11MO.0.B","pwm":[[0.103021,0.301066,0.294215,0.301697],[0.00197086,0.0698492,0.0013404,0.92684],[0.00197086,0.0013404,0.926209,0.0704797],[0.00197086,0.0698492,0.8577,0.0704797],[0.00197086,0.0013404,0.994718,0.00197086],[0.00197086,0.0013404,0.0013404,0.995348],[0.00197086,0.0013404,0.994718,0.00197086],[0.00197086,0.0013404,0.8577,0.138988],[0.0704797,0.0013404,0.0698492,0.858331],[0.0704797,0.652174,0.0698492,0.207497],[0.103021,0.369575,0.1709,0.356504]]},{"db":1,"id":"GLIS1_HUMAN.H11MO.0.D","len":13,"ltrim":1,"rtrim":1,"nsites":492,"evalue":"1.0e+000","url":"http://hocomoco.autosome.ru/motif/GLIS1_HUMAN.H11MO.0.D","pwm":[[0.185998,0.183947,0.118919,0.511135],[0.10827,0.630502,0.0940261,0.167201],[0.0600076,0.0416993,0.850478,0.047815],[0.0442588,0.190551,0.0422074,0.722983],[0.0310501,0.0269666,0.906869,0.0351143],[0.0310501,0.0310308,0.912965,0.0249538],[0.0127611,0.0127418,0.925158,0.0493391],[0.0371464,0.0188381,0.910933,0.0330822],[0.0142852,0.0183301,0.949035,0.0183494],[0.0178414,0.0178221,0.944463,0.0198735],[0.0203815,0.0142659,0.0427154,0.922637],[0.302336,0.560395,0.0869137,0.0503551],[0.209876,0.108251,0.313494,0.36838]]},{"db":1,"id":"GLIS3_HUMAN.H11MO.0.D","len":10,"ltrim":0,"rtrim":0,"nsites":38,"evalue":"1.0e+000","url":"http://hocomoco.autosome.ru/motif/GLIS3_HUMAN.H11MO.0.D","pwm":[[0.0545754,0.196808,0.734751,0.0138662],[0.0269513,0.381453,0.0935808,0.498015],[0.0938307,0.000531234,0.852517,0.0531215],[0.000781102,0.000531234,0.800176,0.198511],[0.0269513,0.0267014,0.945566,0.000781102],[0.0531215,0.000531234,0.762375,0.183972],[0.000781102,0.000531234,0.997907,0.000781102],[0.0414903,0.0267014,0.852517,0.0792917],[0.0269513,0.224432,0.000531234,0.748086],[0.422412,0.419254,0.105212,0.0531215]]},{"db":1,"id":"HXB13_HUMAN.H11MO.0.A","len":10,"ltrim":0,"rtrim":1,"nsites":500,"evalue":"1.0e+000","url":"http://hocomoco.autosome.ru/motif/HXB13_HUMAN.H11MO.0.A","pwm":[[0.0680459,0.108019,0.10002,0.723915],[0.0100575,0.00603927,0.0180369,0.965866],[5.95081e-05,0.00403967,0.00204007,0.993861],[0.0140567,0.0240357,0.0260353,0.935872],[0.943871,0.0220361,0.0340337,5.95081e-05],[0.0240547,0.10002,0.00204007,0.873885],[0.262007,0.0100385,0.323976,0.403979],[0.25001,0.00803887,0.655909,0.0860423],[0.102039,0.329974,0.49994,0.0680459],[0.192021,0.383964,0.168007,0.256008]]},{"db":1,"id":"HXB1_HUMAN.H11MO.0.D","len":10,"ltrim":0,"rtrim":0,"nsites":15,"evalue":"1.0e+000","url":"http://hocomoco.autosome.ru/motif/HXB1_HUMAN.H11MO.0.D","pwm":[[0.307916,0.0013404,0.0693282,0.621415],[0.00197086,0.0013404,0.994718,0.00197086],[0.995348,0.0013404,0.0013404,0.00197086],[0.00197086,0.0013404,0.0013404,0.995348],[0.00197086,0.0013404,0.620785,0.375904],[0.00197086,0.0013404,0.994718,0.00197086],[0.995348,0.0013404,0.0013404,0.00197086],[0.00197086,0.0013404,0.0013404,0.995348],[0.00197086,0.17131,0.824748,0.00197086],[0.0699587,0.0693282,0.858742,0.00197086]]},{"db":1,"id":"HXC11_HUMAN.H11MO.0.D","len":11,"ltrim":1,"rtrim":1,"nsites":320,"evalue":"1.0e+000","url":"http://hocomoco.autosome.ru/motif/HXC11_HUMAN.H11MO.0.D","pwm":[[0.313744,0.109318,0.253003,0.323935],[0.111538,0.0717386,0.140311,0.676413],[0.0299475,0.0638153,0.0450958,0.861141],[0.0558947,0.0151012,0.0176489,0.911355],[0.363647,0.0201967,0.0032479,0.612909],[0.971864,0.0102542,6.32303e-05,0.0178187],[0.00518844,0.634503,0.0245468,0.335762],[0.0310001,0.0410528,0.765892,0.162055],[0.74133,0.029308,0.145962,0.0834003],[0.0711856,0.554159,0.146269,0.228386],[0.173994,0.389094,0.156238,0.280674]]},{"db":1,"id":"HXD8_HUMAN.H11MO.0.D","len":11,"ltrim":1,"rtrim":3,"nsites":278,"evalue":"1.0e+000","url":"http://hocomoco.autosome.ru/motif/HXD8_HUMAN.H11MO.0.D","pwm":[[0.294965,0.154693,0.100756,0.449586],[0.555663,0.196045,0.0773831,0.170909],[0.726464,0.0288394,0.0252436,0.219453],[0.00280388,0.0207488,0.0243446,0.952103],[0.341711,7.27796e-05,0.0216478,0.636569],[0.309348,0.00366861,7.27796e-05,0.68691],[0.125961,0.0108603,0.765984,0.0971944],[0.0117935,0.964654,0.0117592,0.0117935],[0.443293,0.191551,0.184359,0.180797],[0.194282,0.215823,0.190652,0.399244],[0.343509,0.203237,0.196045,0.257209]]},{"db":1,"id":"LEF1_HUMAN.H11MO.0.A","len":14,"ltrim":1,"rtrim":1,"nsites":456,"evalue":"1.0e+000","url":"http://hocomoco.autosome.ru/motif/LEF1_HUMAN.H11MO.0.A","pwm":[[0.0768028,0.260952,0.274107,0.388138],[0.0329528,0.63587,0.184215,0.146963],[0.0176053,0.708222,0.0131994,0.260973],[0.122845,0.0460869,0.0197769,0.811291],[0.00225775,0.138172,0.0351244,0.824446],[0.00225775,0.0131994,0.0329319,0.951611],[0.0439153,0.42539,0.519667,0.0110278],[0.456106,0.138172,0.0153919,0.390331],[0.278513,0.166675,0.157904,0.396908],[0.28509,0.190792,0.201755,0.322363],[0.0417228,0.129402,0.149134,0.679741],[0.0395303,0.31138,0.383732,0.265358],[0.116268,0.46047,0.0899369,0.333325],[0.313593,0.221487,0.103092,0.361828]]},{"db":1,"id":"MAFA_HUMAN.H11MO.0.D","len":21,"ltrim":1,"rtrim":1,"nsites":27,"evalue":"1.0e+000","url":"http://hocomoco.autosome.ru/motif/MAFA_HUMAN.H11MO.0.D","pwm":[[0.101179,0.357214,0.368459,0.173147],[0.104552,0.000746864,0.279624,0.615077],[0.0325842,0.032233,0.774405,0.160778],[0.00109815,0.981314,0.0164899,0.00109815],[0.0933074,0.000746864,0.000746864,0.905199],[0.00109815,0.0997032,0.898101,0.00109815],[0.714033,0.104201,0.0164899,0.165276],[0.149533,0.592236,0.137936,0.120296],[0.00109815,0.380829,0.362837,0.255236],[0.324955,0.457295,0.036731,0.181019],[0.167525,0.376331,0.117695,0.338449],[0.0370823,0.153679,0.668702,0.140537],[0.0820624,0.614726,0.0682171,0.234995],[0.662306,0.0839601,0.0817111,0.172023],[0.24624,0.144683,0.506773,0.102303],[0.0843114,0.538259,0.0682171,0.309212],[0.252987,0.396572,0.000746864,0.349694],[0.149533,0.133438,0.104201,0.612828],[0.0843114,0.342596,0.0817111,0.491382],[0.113548,0.648461,0.0884581,0.149533],[0.250738,0.317857,0.322355,0.10905]]},{"db":1,"id":"MAFG_HUMAN.H11MO.0.A","len":18,"ltrim":1,"rtrim":0,"nsites":430,"evalue":"1.0e+000","url":"http://hocomoco.autosome.ru/motif/MAFG_HUMAN.H11MO.0.A","pwm":[[0.395326,0.127924,0.309277,0.167472],[0.492978,0.0488729,0.188375,0.269774],[0.597605,0.0116723,0.0860736,0.30465],[0.495303,0.0395728,0.0372477,0.427877],[0.255824,0.262777,0.209301,0.272099],[0.0581952,0.0721233,0.00934722,0.860334],[6.91932e-05,4.70589e-05,0.999815,6.91932e-05],[0.0302947,0.962614,0.0023721,0.00471927],[0.00471927,0.00934722,4.70589e-05,0.985886],[6.91932e-05,4.70589e-05,0.992839,0.00704432],[0.997512,4.70589e-05,0.0023721,6.91932e-05],[0.0209946,0.553407,0.413904,0.0116944],[0.048895,0.0302726,0.0139973,0.906835],[0.0837707,0.813811,0.051198,0.0512201],[0.813833,4.70589e-05,0.109324,0.0767955],[0.0302947,4.70589e-05,0.837062,0.132597],[0.0163445,0.899838,0.0721233,0.0116944],[0.709207,0.0442228,0.100024,0.146547]]},{"db":1,"id":"MAFG_HUMAN.H11MO.1.A","len":8,"ltrim":0,"rtrim":0,"nsites":498,"evalue":"1.0e+000","url":"http://hocomoco.autosome.ru/motif/MAFG_HUMAN.H11MO.1.A","pwm":[[0.0522581,0.036178,0.0984145,0.813149],[0.0100979,0.0341703,0.939611,0.0161208],[0.0321818,0.827184,0.128529,0.0121055],[0.0402123,0.00606352,0.0161017,0.937622],[0.0141131,0.0181093,0.903474,0.0643039],[0.73686,0.0201169,0.0803458,0.162678],[0.0602886,0.194781,0.658543,0.0863878],[0.0723344,0.0903839,0.124514,0.712768]]},{"db":1,"id":"MAFK_HUMAN.H11MO.0.A","len":18,"ltrim":1,"rtrim":0,"nsites":431,"evalue":"1.0e+000","url":"http://hocomoco.autosome.ru/motif/MAFK_HUMAN.H11MO.0.A","pwm":[[0.482556,0.11371,0.255208,0.148526],[0.508072,0.0742757,0.225053,0.1926],[0.58462,0.039481,0.0696364,0.306262],[0.51967,0.0487595,0.032522,0.399048],[0.296984,0.201856,0.157783,0.343377],[0.0511013,0.0371613,0.00700589,0.904732],[6.90327e-05,0.00932554,0.990536,6.90327e-05],[0.0626995,0.932545,4.69497e-05,0.00470833],[0.00702797,0.0116452,4.69497e-05,0.98128],[0.00934762,0.0023666,0.96502,0.0232655],[0.972001,0.0023666,0.0023666,0.0232655],[0.0325441,0.431501,0.480214,0.0557406],[0.085896,0.0209238,0.0162845,0.876896],[0.0951746,0.800325,0.0278827,0.0766174],[0.839781,0.00468624,0.0812346,0.0742977],[0.0255852,0.0487595,0.630991,0.294664],[0.0487816,0.742334,0.141545,0.0673388],[0.610136,0.139226,0.0997918,0.150846]]},{"db":1,"id":"NANOG_HUMAN.H11MO.0.A","len":17,"ltrim":1,"rtrim":1,"nsites":499,"evalue":"1.0e+000","url":"http://hocomoco.autosome.ru/motif/NANOG_HUMAN.H11MO.0.A","pwm":[[0.12829,0.258506,0.280545,0.332658],[0.044139,0.486917,0.178362,0.290583],[0.0882183,0.51096,0.0701668,0.330655],[0.306611,0.0441199,0.0601487,0.58912],[0.0120813,0.0601487,0.0421163,0.885654],[0.0681822,0.00805498,0.0381091,0.885654],[0.110258,0.248488,0.589101,0.0521534],[0.376738,0.0421163,0.0361055,0.545041],[0.230474,0.260509,0.192387,0.316629],[0.807513,0.0341019,0.0401127,0.118272],[0.0681822,0.0140658,0.0300947,0.887657],[0.0261065,0.018073,0.811501,0.144319],[0.0281101,0.635184,0.11625,0.220456],[0.681286,0.0320983,0.0160694,0.270547],[0.663253,0.0501307,0.240473,0.0461426],[0.805509,0.0481271,0.0681632,0.0782003],[0.140312,0.150311,0.200401,0.508976]]},{"db":1,"id":"NFAC1_HUMAN.H11MO.1.B","len":10,"ltrim":2,"rtrim":0,"nsites":500,"evalue":"1.0e+000","url":"http://hocomoco.autosome.ru/motif/NFAC1_HUMAN.H11MO.1.B","pwm":[[0.477964,0.182004,0.225995,0.114037],[0.477964,0.174006,0.194002,0.154029],[0.194021,0.0280349,0.0340337,0.743911],[0.00405871,4.04719e-05,0.993842,0.00205911],[0.00205911,4.04719e-05,0.993842,0.00405871],[0.971865,0.00403967,0.0220361,0.00205911],[0.987862,0.00403967,0.00204007,0.00605831],[0.94787,0.0100385,0.0280349,0.0140567],[0.571945,0.184004,0.196001,0.0480499],[0.417976,0.0540297,0.110018,0.417976]]},{"db":1,"id":"NFAC3_HUMAN.H11MO.0.B","len":9,"ltrim":0,"rtrim":0,"nsites":18,"evalue":"1.0e+000","url":"http://hocomoco.autosome.ru/motif/NFAC3_HUMAN.H11MO.0.B","pwm":[[0.137254,0.136728,0.0282403,0.697777],[0.0016442,0.00111823,0.995593,0.0016442],[0.0016442,0.00111823,0.995593,0.0016442],[0.929821,0.00111823,0.0674166,0.0016442],[0.887631,0.00111823,0.109606,0.0016442],[0.996119,0.00111823,0.00111823,0.0016442],[0.773116,0.169878,0.0553623,0.0016442],[0.327109,0.392881,0.0674166,0.212593],[0.11616,0.314529,0.0493352,0.519977]]},{"db":1,"id":"NKX22_HUMAN.H11MO.0.D","len":8,"ltrim":1,"rtrim":1,"nsites":500,"evalue":"1.0e+000","url":"http://hocomoco.autosome.ru/motif/NKX22_HUMAN.H11MO.0.D","pwm":[[0.303999,0.0700265,0.291982,0.333993],[0.208018,0.269986,0.517937,0.00405871],[0.977864,0.00204007,0.0120381,0.00805791],[0.280004,0.0120381,0.7019,0.00605831],[0.459968,4.04719e-05,0.0740257,0.465966],[0.00805791,4.04719e-05,0.989843,0.00205911],[0.0980399,0.295981,0.525935,0.0800435],[0.264007,0.389962,0.0680269,0.278004]]},{"db":1,"id":"NKX28_HUMAN.H11MO.0.C","len":9,"ltrim":0,"rtrim":0,"nsites":6,"evalue":"1.0e+000","url":"http://hocomoco.autosome.ru/motif/NKX28_HUMAN.H11MO.0.C","pwm":[[0.0289867,0.201004,0.201004,0.569006],[0.00487869,0.00331804,0.00331804,0.988485],[0.00487869,0.765131,0.225112,0.00487869],[0.940269,0.00331804,0.051534,0.00487869],[0.988485,0.00331804,0.00331804,0.00487869],[0.00487869,0.00331804,0.986925,0.00487869],[0.00487869,0.00331804,0.591553,0.40025],[0.593114,0.00331804,0.398689,0.00487869],[0.0289867,0.567445,0.201004,0.202564]]},{"db":1,"id":"NR0B1_HUMAN.H11MO.0.D","len":10,"ltrim":0,"rtrim":0,"nsites":9,"evalue":"1.0e+000","url":"http://hocomoco.autosome.ru/motif/NR0B1_HUMAN.H11MO.0.D","pwm":[[0.0260436,0.246224,0.610596,0.117137],[0.341616,0.652889,0.00222418,0.00327033],[0.107377,0.00222418,0.887129,0.00327033],[0.12039,0.00222418,0.353583,0.523802],[0.00327033,0.00222418,0.991235,0.00327033],[0.00327033,0.197424,0.796036,0.00327033],[0.211483,0.00222418,0.678916,0.107377],[0.758042,0.119344,0.119344,0.00327033],[0.19847,0.366597,0.431663,0.00327033],[0.562842,0.00222418,0.431663,0.00327033]]},{"db":1,"id":"NR1I3_HUMAN.H11MO.0.C","len":18,"ltrim":0,"rtrim":1,"nsites":28,"evalue":"1.0e+000","url":"http://hocomoco.autosome.ru/motif/NR1I3_HUMAN.H11MO.0.C","pwm":[[0.323103,0.000720285,0.493258,0.182919],[0.455709,0.0764953,0.466737,0.00105907],[0.17913,0.000720285,0.747104,0.0730453],[0.00105907,0.140904,0.724372,0.133665],[0.00105907,0.000720285,0.034819,0.963402],[0.00105907,0.81909,0.0689178,0.110933],[0.925514,0.0727065,0.000720285,0.00105907],[0.319314,0.163637,0.356863,0.160187],[0.254905,0.193947,0.387173,0.163975],[0.398878,0.197735,0.265933,0.137454],[0.580738,0.0727065,0.311398,0.0351578],[0.902782,0.000720285,0.095439,0.00105907],[0.0389466,0.000720285,0.959274,0.00105907],[0.00105907,0.065129,0.21289,0.720922],[0.175342,0.106805,0.000720285,0.717133],[0.00105907,0.705428,0.0727065,0.220807],[0.709555,0.0727065,0.140904,0.0768341],[0.183866,0.141851,0.35781,0.316473]]},{"db":1,"id":"NRL_HUMAN.H11MO.0.D","len":11,"ltrim":0,"rtrim":4,"nsites":805,"evalue":"1.0e+000","url":"http://hocomoco.autosome.ru/motif/NRL_HUMAN.H11MO.0.D","pwm":[[0.100025,0.160875,0.0639923,0.675108],[0.022705,0.0164827,0.95177,0.00904206],[0.0792197,0.877866,0.00716711,0.0357468],[0.0301574,0.0375981,0.00281982,0.929425],[0.0199103,0.00499347,0.855819,0.119277],[0.982524,0.0025093,0.00375138,0.0112157],[0.0174261,0.664539,0.136654,0.181381],[0.156539,0.130444,0.427301,0.285716],[0.16275,0.371408,0.124233,0.341609],[0.431971,0.168638,0.173606,0.225785],[0.265532,0.118954,0.41457,0.200944]]},{"db":1,"id":"PEBB_HUMAN.H11MO.0.C","len":11,"ltrim":0,"rtrim":1,"nsites":23,"evalue":"1.0e+000","url":"http://hocomoco.autosome.ru/motif/PEBB_HUMAN.H11MO.0.C","pwm":[[0.0163742,0.263371,0.17889,0.541364],[0.0435289,0.417248,0.133632,0.405591],[0.0314602,0.000876191,0.0491511,0.918513],[0.00128831,0.151735,0.809482,0.0374945],[0.00128831,0.248285,0.000876191,0.74955],[0.0737007,0.000876191,0.924135,0.00128831],[0.0374945,0.000876191,0.960341,0.00128831],[0.00128831,0.000876191,0.236217,0.761619],[0.0555976,0.423282,0.0491511,0.471969],[0.381454,0.0370824,0.187942,0.393522],[0.0555976,0.320698,0.338801,0.284904]]},{"db":1,"id":"PO5F1_HUMAN.H11MO.0.A","len":16,"ltrim":0,"rtrim":0,"nsites":500,"evalue":"1.0e+000","url":"http://hocomoco.autosome.ru/motif/PO5F1_HUMAN.H11MO.0.A","pwm":[[0.0520491,0.519936,0.194002,0.234013],[0.0740447,0.529934,0.0800245,0.315996],[0.389982,0.0440317,0.0400325,0.525954],[0.0200555,0.0640277,0.0240357,0.891881],[0.0720451,0.0220361,0.0280349,0.877884],[0.104039,0.313978,0.515937,0.0660463],[0.379984,0.0360333,0.0320341,0.551949],[0.176024,0.24999,0.10002,0.473965],[0.883883,0.0200365,0.0320341,0.0640467],[0.0140567,0.00204007,0.0160373,0.967866],[0.0120571,0.00803887,0.921856,0.0580479],[0.0140567,0.759889,0.0940217,0.132033],[0.789902,0.0200365,0.0300345,0.160028],[0.619936,0.0600285,0.25399,0.0660463],[0.829894,0.0360333,0.0680269,0.0660463],[0.160028,0.138013,0.122016,0.579944]]},{"db":1,"id":"RFX5_HUMAN.H11MO.0.A","len":20,"ltrim":2,"rtrim":0,"nsites":500,"evalue":"1.0e+000","url":"http://hocomoco.autosome.ru/motif/RFX5_HUMAN.H11MO.0.A","pwm":[[0.190022,0.217997,0.477945,0.114037],[0.128034,0.160008,0.229994,0.481963],[0.132033,0.533934,0.184004,0.15003],[0.489962,0.209998,0.196001,0.104039],[0.0900415,0.333974,0.34997,0.226014],[0.0800435,0.573926,0.114018,0.232013],[0.256008,0.0680269,0.209998,0.465966],[0.0200555,0.0120381,0.959849,0.00805791],[0.0100575,0.0800245,0.0540297,0.855888],[0.0900415,0.134014,0.0160373,0.759908],[0.15003,0.0440317,0.693902,0.112037],[0.0240547,0.905859,0.00803887,0.0620471],[0.0160563,0.433954,0.0200365,0.529954],[0.625934,0.0160373,0.333974,0.0240547],[0.128034,0.0360333,0.645911,0.190022],[0.0500495,0.0560293,0.869867,0.0240547],[0.142031,0.393962,0.313978,0.15003],[0.531953,0.156009,0.209998,0.102039],[0.307998,0.108019,0.519936,0.0640467],[0.54995,0.148011,0.219996,0.0820431]]},{"db":1,"id":"RFX5_HUMAN.H11MO.1.A","len":11,"ltrim":0,"rtrim":0,"nsites":167,"evalue":"1.0e+000","url":"http://hocomoco.autosome.ru/motif/RFX5_HUMAN.H11MO.1.A","pwm":[[0.0600225,0.640456,0.0958722,0.203649],[0.287431,0.0240589,0.149732,0.538778],[0.0181314,0.000121125,0.9696,0.012147],[0.000178097,0.01209,0.000121125,0.987611],[0.0779758,0.125794,0.01209,0.78414],[0.161758,0.0360278,0.640456,0.161758],[0.00616254,0.951647,0.01209,0.0301003],[0.0181314,0.323281,0.0240589,0.634529],[0.658467,0.0240589,0.28139,0.0360847],[0.155774,0.0300433,0.610534,0.203649],[0.0301003,0.0958722,0.867865,0.00616254]]},{"db":1,"id":"RREB1_HUMAN.H11MO.0.D","len":22,"ltrim":2,"rtrim":1,"nsites":26,"evalue":"1.0e+000","url":"http://hocomoco.autosome.ru/motif/RREB1_HUMAN.H11MO.0.D","pwm":[[0.26254,0.119118,0.387883,0.230459],[0.0800349,0.158565,0.412599,0.348801],[0.00114023,0.269541,0.617202,0.112117],[0.0800349,0.00077548,0.570389,0.348801],[0.0800349,0.111752,0.459412,0.348801],[0.15893,0.0328572,0.427331,0.380882],[0.00114023,0.0328572,0.774991,0.191011],[0.00114023,0.143834,0.506225,0.348801],[0.00114023,0.0328572,0.664015,0.301988],[0.00114023,0.0328572,0.885968,0.0800349],[0.00114023,0.0970207,0.58512,0.316719],[0.00114023,0.00077548,0.064939,0.933145],[0.033222,0.00077548,0.932781,0.033222],[0.0800349,0.0970207,0.474144,0.348801],[0.00114023,0.0328572,0.23746,0.728543],[0.0653037,0.0328572,0.158565,0.743274],[0.00114023,0.0328572,0.316354,0.649648],[0.00114023,0.064939,0.932781,0.00114023],[0.0653037,0.00077548,0.664015,0.269906],[0.00114023,0.0328572,0.853886,0.112117],[0.00114023,0.00077548,0.664015,0.33407],[0.151564,0.136468,0.198012,0.513956]]},{"db":1,"id":"RUNX1_HUMAN.H11MO.0.A","len":11,"ltrim":1,"rtrim":1,"nsites":500,"evalue":"1.0e+000","url":"http://hocomoco.autosome.ru/motif/RUNX1_HUMAN.H11MO.0.A","pwm":[[0.114037,0.211998,0.30198,0.371985],[0.15003,0.469946,0.0380329,0.341991],[0.0700455,0.00803887,0.0260353,0.89588],[0.00205911,0.00603927,0.975845,0.0160563],[0.0320531,0.0860233,0.0100385,0.871885],[5.95081e-05,4.04719e-05,0.993842,0.00605831],[0.00405871,0.00204007,0.989843,0.00405871],[0.00405871,0.0860233,0.0340337,0.875884],[0.0280539,0.156009,0.0400325,0.775904],[0.284003,0.0400325,0.112018,0.563947],[0.138032,0.35197,0.245991,0.264007]]},{"db":1,"id":"RUNX2_HUMAN.H11MO.0.A","len":14,"ltrim":1,"rtrim":2,"nsites":500,"evalue":"1.0e+000","url":"http://hocomoco.autosome.ru/motif/RUNX2_HUMAN.H11MO.0.A","pwm":[[0.172025,0.0760253,0.315977,0.435972],[0.0920411,0.130014,0.521936,0.256008],[0.114037,0.130014,0.291982,0.463967],[0.122035,0.397961,0.176005,0.303999],[0.0680459,0.0100385,0.0160373,0.905878],[0.00805791,0.0160373,0.923856,0.0520491],[0.0340527,0.0280349,0.0260353,0.911877],[0.00205911,4.04719e-05,0.997841,5.95081e-05],[0.00205911,0.00403967,0.973846,0.0200555],[0.0180559,0.146011,0.112018,0.723915],[0.0320531,0.138013,0.160008,0.669926],[0.176024,0.0260353,0.192002,0.605938],[0.114037,0.110018,0.387963,0.387982],[0.0980399,0.130014,0.379964,0.391981]]},{"db":1,"id":"RUNX3_HUMAN.H11MO.0.A","len":10,"ltrim":1,"rtrim":0,"nsites":500,"evalue":"1.0e+000","url":"http://hocomoco.autosome.ru/motif/RUNX3_HUMAN.H11MO.0.A","pwm":[[0.134033,0.211998,0.287983,0.365986],[0.128034,0.391962,0.0660273,0.413977],[0.0360523,0.0140377,0.0240357,0.925874],[0.00405871,0.00403967,0.985843,0.00605831],[0.0480499,0.172006,0.00803887,0.771905],[0.00205911,4.04719e-05,0.995841,0.00205911],[5.95081e-05,0.00403967,0.993842,0.00205911],[5.95081e-05,0.0540297,0.0360333,0.909878],[0.0180559,0.188003,0.0680269,0.725914],[0.280004,0.0360333,0.174006,0.509958]]},{"db":1,"id":"SOX2_HUMAN.H11MO.1.A","len":16,"ltrim":1,"rtrim":0,"nsites":500,"evalue":"1.0e+000","url":"http://hocomoco.autosome.ru/motif/SOX2_HUMAN.H11MO.1.A","pwm":[[0.0780439,0.271986,0.267987,0.381983],[0.0280539,0.631914,0.15001,0.190022],[0.0340527,0.677905,0.0180369,0.270006],[0.381983,0.0440317,0.0140377,0.559948],[0.00205911,0.0160373,0.00603927,0.975864],[0.00805791,4.04719e-05,0.00403967,0.987862],[0.0520491,0.233994,0.695901,0.0180559],[0.19802,0.00803887,0.0180369,0.775904],[0.132033,0.279984,0.176005,0.411977],[0.507958,0.2,0.0440317,0.24801],[0.0620471,0.0600285,0.0340337,0.843891],[0.0160563,0.190002,0.589922,0.204019],[0.0600475,0.533934,0.106019,0.3],[0.525954,0.106019,0.0960213,0.272005],[0.421975,0.140012,0.245991,0.192021],[0.631933,0.116017,0.0620281,0.190022]]},{"db":1,"id":"SPI1_HUMAN.H11MO.0.A","len":17,"ltrim":1,"rtrim":2,"nsites":500,"evalue":"1.0e+000","url":"http://hocomoco.autosome.ru/motif/SPI1_HUMAN.H11MO.0.A","pwm":[[0.423975,0.204,0.25399,0.118036],[0.491961,0.10002,0.329974,0.0780439],[0.685922,0.0440317,0.168007,0.102039],[0.771905,0.0280349,0.126015,0.0740447],[0.651929,0.0140377,0.118017,0.216016],[0.14803,0.0680269,0.75389,0.0300535],[0.721915,0.0480309,0.223996,0.00605831],[0.0580479,4.04719e-05,0.941852,5.95081e-05],[0.00205911,4.04719e-05,0.997841,5.95081e-05],[0.99986,4.04719e-05,4.04719e-05,5.95081e-05],[0.99786,4.04719e-05,4.04719e-05,0.00205911],[0.0360523,0.170006,0.793882,5.95081e-05],[0.0680459,0.0520301,0.0400325,0.839892],[0.0420511,0.122016,0.815877,0.0200555],[0.453969,0.122016,0.331974,0.0920411],[0.359988,0.182004,0.317977,0.140032],[0.39798,0.130014,0.257989,0.214017]]},{"db":1,"id":"STAT2_HUMAN.H11MO.0.A","len":19,"ltrim":1,"rtrim":1,"nsites":500,"evalue":"1.0e+000","url":"http://hocomoco.autosome.ru/motif/STAT2_HUMAN.H11MO.0.A","pwm":[[0.419976,0.110018,0.341972,0.128034],[0.34999,0.134014,0.44995,0.0660463],[0.298,0.0100385,0.635913,0.0560483],[0.603939,0.00403967,0.369966,0.0220551],[0.987862,0.00403967,0.00403967,0.00405871],[0.943871,0.0160373,0.0180369,0.0220551],[0.479964,0.168007,0.130014,0.222015],[0.238012,0.227995,0.140012,0.393981],[0.0780439,0.00204007,0.915857,0.00405871],[0.971865,0.00603927,0.0200365,0.00205911],[0.985862,4.04719e-05,0.0140377,5.95081e-05],[0.993861,4.04719e-05,0.00403967,0.00205911],[0.0880419,0.685903,0.213998,0.0120571],[0.104039,0.176005,0.0160373,0.703919],[0.182023,0.114018,0.543932,0.160028],[0.767906,0.0540297,0.112018,0.0660463],[0.641931,0.10002,0.148011,0.110038],[0.601939,0.106019,0.188003,0.104039],[0.204019,0.291982,0.371966,0.132033]]},{"db":1,"id":"TBX20_HUMAN.H11MO.0.D","len":14,"ltrim":1,"rtrim":1,"nsites":499,"evalue":"1.0e+000","url":"http://hocomoco.autosome.ru/motif/TBX20_HUMAN.H11MO.0.D","pwm":[[0.368723,0.126268,0.290563,0.214446],[0.276557,0.0962137,0.484913,0.142316],[0.0301137,0.264517,0.615148,0.0902219],[0.064175,0.104228,0.0220802,0.809517],[0.0281101,0.0120622,0.955761,0.00406684],[0.236485,0.362693,0.136286,0.264536],[0.044139,0.0120622,0.0601487,0.88365],[0.0281101,0.00605137,0.961772,0.00406684],[0.929733,0.0421163,0.0260874,0.00206323],[0.126287,0.783451,0.0701668,0.0200957],[0.935744,0.00204416,0.018073,0.044139],[0.140312,0.0200766,0.745382,0.0942291],[0.108254,0.336646,0.46087,0.0942291],[0.29459,0.23847,0.134282,0.332658]]},{"db":1,"id":"TEAD1_HUMAN.H11MO.0.A","len":12,"ltrim":0,"rtrim":3,"nsites":500,"evalue":"1.0e+000","url":"http://hocomoco.autosome.ru/motif/TEAD1_HUMAN.H11MO.0.A","pwm":[[0.483963,0.0280349,0.429954,0.0580479],[0.194021,0.759889,0.0400325,0.00605831],[0.977864,0.0120381,0.00204007,0.00805791],[0.00405871,0.00803887,0.00204007,0.985862],[0.0480499,0.00603927,0.0700265,0.875884],[0.00405871,0.931854,0.0360333,0.0280539],[0.00805791,0.899861,0.00403967,0.0880419],[0.533953,0.0420321,0.0140377,0.409978],[0.176024,0.136013,0.543932,0.144031],[0.162027,0.385963,0.337973,0.114037],[0.240012,0.485943,0.176005,0.0980399],[0.429974,0.194002,0.116017,0.260008]]},{"db":1,"id":"TYY1_HUMAN.H11MO.0.A","len":12,"ltrim":0,"rtrim":0,"nsites":453,"evalue":"1.0e+000","url":"http://hocomoco.autosome.ru/motif/TYY1_HUMAN.H11MO.0.A","pwm":[[0.209732,0.635666,0.0927394,0.0618622],[0.968947,4.46701e-05,0.0309429,6.56808e-05],[0.957912,0.0154938,0.0110798,0.0155148],[0.298013,0.103775,0.549592,0.0486201],[0.995431,4.46701e-05,0.00225169,0.0022727],[6.56808e-05,0.00225169,0.00666573,0.991017],[6.56808e-05,4.46701e-05,0.999824,6.56808e-05],[0.0111008,4.46701e-05,0.979961,0.00889375],[0.0243429,0.968926,4.46701e-05,0.00668674],[0.0309639,0.128052,0.708498,0.132487],[0.106003,0.119224,0.701876,0.0728973],[0.128