<!DOCTYPE HTML>
<html>
  <head>
    <meta charset="UTF-8">
    <title>SpaMo - Spaced Motif Analysis</title>
    <script type="text/javascript">
      //@JSON_VAR data
      var data = {"program":"SpaMo","version":"4.12.0","revision":"aacc9c3eb8c7b460b344d5c8aa1458097dae704d","release":"Tue Jun 27 16:22:50 2017 -0700","host":"Sudins-iMac.local","when":"Thu May 24 13:36:13 2018","cmd":["spamo","-verbosity","1","-oc","results/AHRpeaks_noAHREs.bed-499.fa/hocomoco/spamo_out_2","-bgfile","results/AHRpeaks_noAHREs.bed-499.fa/hocomoco/background","-primary","TGCAYGTATTGTCTTGATAAACATCTTAAA","results/AHRpeaks_noAHREs.bed-499.fa/hocomoco/AHRpeaks_noAHREs.bed-499.fa","results/AHRpeaks_noAHREs.bed-499.fa/hocomoco/meme_out/meme.xml","results/AHRpeaks_noAHREs.bed-499.fa/hocomoco/meme_out/meme.xml","results/AHRpeaks_noAHREs.bed-499.fa/hocomoco/dreme_out/dreme.xml","/Users/filipov4/meme/db/motif_databases/HUMAN/HOCOMOCOv11_full_HUMAN_mono_meme_format.meme"],"options":{"seq_min_hit_score":7,"margin":150,"bin_size":1,"bin_pvalue_calc_range":150,"use_best_secondary":0,"seq_max_shared_fract":0.5,"seq_odds_ratio":20,"bin_pvalue_cutoff":0.05,"motif_evalue_cutoff":10,"redundant_overlap":2,"redundant_joint":0.5,"motif_pseudocount":0.1,"bgfile":"results/AHRpeaks_noAHREs.bed-499.fa/hocomoco/background","motif_trim":0.25,"xalph":0,"seed":1,"bin_max":6},"alphabet":{"name":"DNA","like":"dna","ncore":4,"symbols":[{"symbol":"A","name":"Adenine","colour":"CC0000","complement":"T"},{"symbol":"C","name":"Cytosine","colour":"0000CC","complement":"G"},{"symbol":"G","name":"Guanine","colour":"FFB300","complement":"C"},{"symbol":"T","aliases":"U","name":"Thymine","colour":"008000","complement":"A"},{"symbol":"N","aliases":"X.","name":"Any base","equals":"ACGT"},{"symbol":"V","name":"Not T","equals":"ACG"},{"symbol":"H","name":"Not G","equals":"ACT"},{"symbol":"D","name":"Not C","equals":"AGT"},{"symbol":"B","name":"Not A","equals":"CGT"},{"symbol":"M","name":"Amino","equals":"AC"},{"symbol":"R","name":"Purine","equals":"AG"},{"symbol":"W","name":"Weak","equals":"AT"},{"symbol":"S","name":"Strong","equals":"CG"},{"symbol":"Y","name":"Pyrimidine","equals":"CT"},{"symbol":"K","name":"Keto","equals":"GT"}]},"background":[0.2918,0.2082,0.2082,0.2918],"sequence_dbs":[{"source":"results/AHRpeaks_noAHREs.bed-499.fa/hocomoco/AHRpeaks_noAHREs.bed-499.fa","name":"AHRpeaks_noAHREs.bed-499","last_modified":"Thu May 24 11:14:35 2018","loaded":959,"excluded_too_short":0,"excluded_no_match":949,"excluded_ambigs":0,"excluded_similar":4,"erased_primary_matches":0}],"primary_dbs":[{"source":"results/AHRpeaks_noAHREs.bed-499.fa/hocomoco/meme_out/meme.xml","name":"meme.xml","last_modified":"Thu May 24 13:35:02 2018","loaded":6,"excluded":5}],"secondary_dbs":[{"source":"results/AHRpeaks_noAHREs.bed-499.fa/hocomoco/meme_out/meme.xml","name":"meme.xml","last_modified":"Thu May 24 13:35:02 2018","loaded":7,"excluded":1},{"source":"results/AHRpeaks_noAHREs.bed-499.fa/hocomoco/dreme_out/dreme.xml","name":"dreme.xml","last_modified":"Thu May 24 13:35:29 2018","loaded":4,"excluded":0},{"source":"/Users/filipov4/meme/db/motif_databases/HUMAN/HOCOMOCOv11_full_HUMAN_mono_meme_format.meme","name":"HOCOMOCOv11_full_HUMAN_mono_meme_format","last_modified":"Wed Dec  6 21:59:30 2017","loaded":771,"excluded":0}],"secondary_motifs":[{"db":0,"id":"AAAAKYAGAAYYACTGATRAGGGTCTATGT","alt":"MEME-6","len":30,"ltrim":0,"rtrim":0,"nsites":5,"evalue":"4.4e-008","pwm":[[0.790035,0.00408236,0.200161,0.00572157],[0.986114,0.00408236,0.00408236,0.00572157],[0.986114,0.00408236,0.00408236,0.00572157],[0.986114,0.00408236,0.00408236,0.00572157],[0.00572157,0.00408236,0.396239,0.593957],[0.00572157,0.396239,0.00408236,0.593957],[0.986114,0.00408236,0.00408236,0.00572157],[0.00572157,0.00408236,0.984475,0.00572157],[0.986114,0.00408236,0.00408236,0.00572157],[0.986114,0.00408236,0.00408236,0.00572157],[0.00572157,0.396239,0.00408236,0.593957],[0.00572157,0.396239,0.00408236,0.593957],[0.986114,0.00408236,0.00408236,0.00572157],[0.00572157,0.984475,0.00408236,0.00572157],[0.00572157,0.00408236,0.00408236,0.986114],[0.00572157,0.00408236,0.984475,0.00572157],[0.986114,0.00408236,0.00408236,0.00572157],[0.00572157,0.00408236,0.00408236,0.986114],[0.397878,0.00408236,0.592318,0.00572157],[0.986114,0.00408236,0.00408236,0.00572157],[0.2018,0.00408236,0.592318,0.2018],[0.00572157,0.00408236,0.984475,0.00572157],[0.00572157,0.00408236,0.984475,0.00572157],[0.00572157,0.200161,0.00408236,0.790035],[0.00572157,0.984475,0.00408236,0.00572157],[0.00572157,0.200161,0.00408236,0.790035],[0.790035,0.00408236,0.200161,0.00572157],[0.00572157,0.00408236,0.00408236,0.986114],[0.00572157,0.00408236,0.984475,0.00572157],[0.00572157,0.00408236,0.00408236,0.986114]]},{"db":0,"id":"AGRAAACAGGGTTYRAGAGCAGAGAACCRG","alt":"MEME-5","len":30,"ltrim":0,"rtrim":0,"nsites":6,"evalue":"2.4e-019","pwm":[[0.824455,0.167348,0.00341312,0.0047836],[0.168718,0.00341312,0.823085,0.0047836],[0.496587,0.00341312,0.495216,0.0047836],[0.98839,0.00341312,0.00341312,0.0047836],[0.98839,0.00341312,0.00341312,0.0047836],[0.98839,0.00341312,0.00341312,0.0047836],[0.168718,0.659151,0.00341312,0.168718],[0.824455,0.167348,0.00341312,0.0047836],[0.168718,0.00341312,0.823085,0.0047836],[0.168718,0.00341312,0.823085,0.0047836],[0.0047836,0.00341312,0.98702,0.0047836],[0.0047836,0.00341312,0.00341312,0.98839],[0.0047836,0.00341312,0.00341312,0.98839],[0.0047836,0.659151,0.00341312,0.332652],[0.496587,0.00341312,0.495216,0.0047836],[0.98839,0.00341312,0.00341312,0.0047836],[0.0047836,0.00341312,0.98702,0.0047836],[0.98839,0.00341312,0.00341312,0.0047836],[0.0047836,0.00341312,0.98702,0.0047836],[0.0047836,0.98702,0.00341312,0.0047836],[0.98839,0.00341312,0.00341312,0.0047836],[0.0047836,0.00341312,0.98702,0.0047836],[0.98839,0.00341312,0.00341312,0.0047836],[0.0047836,0.00341312,0.98702,0.0047836],[0.98839,0.00341312,0.00341312,0.0047836],[0.98839,0.00341312,0.00341312,0.0047836],[0.0047836,0.98702,0.00341312,0.0047836],[0.0047836,0.823085,0.00341312,0.168718],[0.660522,0.00341312,0.331282,0.0047836],[0.0047836,0.00341312,0.98702,0.0047836]]},{"db":2,"id":"BARX1_HUMAN.H11MO.0.D","len":12,"ltrim":1,"rtrim":0,"nsites":461,"evalue":"1.0e+000","url":"http://hocomoco.autosome.ru/motif/BARX1_HUMAN.H11MO.0.D","pwm":[[0.0998247,0.362223,0.268967,0.268985],[0.364409,0.0130575,0.0434197,0.579113],[0.756949,0.184387,0.0455884,0.0130756],[0.958641,0.00221388,0.00872006,0.0304255],[0.0391004,0.0455884,0.297161,0.61815],[0.0651251,0.0217324,0.427284,0.485858],[0.0889811,0.147519,0.74175,0.0217506],[0.0456065,0.156193,0.0325761,0.765624],[0.0629564,0.041251,0.0325761,0.863217],[0.0174131,0.0217324,0.0434197,0.917435],[0.147537,0.329692,0.0716131,0.451158],[0.154043,0.260292,0.0781193,0.507545]]},{"db":2,"id":"BRCA1_HUMAN.H11MO.0.D","len":9,"ltrim":1,"rtrim":0,"nsites":73,"evalue":"1.0e+000","url":"http://hocomoco.autosome.ru/motif/BRCA1_HUMAN.H11MO.0.D","pwm":[[0.14424,0.197216,0.290357,0.368187],[0.189616,0.000284816,0.275401,0.534698],[0.0283924,0.125295,0.153288,0.693025],[0.0563857,0.344425,0.481494,0.117696],[0.0283924,0.14992,0.450603,0.371084],[0.000399179,0.000284816,0.869561,0.129755],[0.000399179,0.0282781,0.000284816,0.971038],[0.000399179,0.000284816,0.000284816,0.999031],[0.063384,0.0734096,0.827816,0.0353908]]},{"db":2,"id":"COT1_HUMAN.H11MO.0.C","len":17,"ltrim":0,"rtrim":2,"nsites":500,"evalue":"1.0e+000","url":"http://hocomoco.autosome.ru/motif/COT1_HUMAN.H11MO.0.C","pwm":[[0.180022,0.146012,0.539934,0.134032],[0.288001,0.0740268,0.549932,0.0880408],[0.248009,0.078026,0.591923,0.082042],[0.208017,0.118018,0.589924,0.0840416],[0.0860412,0.150012,0.361969,0.401978],[0.132032,0.475946,0.289984,0.102038],[0.631932,0.112019,0.194003,0.062046],[0.411976,0.048032,0.523937,0.0160551],[0.725913,4.16317e-05,0.269988,0.00405755],[0.0180547,4.16317e-05,0.911859,0.0700444],[0.0160551,0.0100396,0.961849,0.0120559],[0.0100563,0.078026,0.279986,0.631932],[0.0660452,0.863869,0.0420332,0.0280527],[0.959866,0.00404083,0.0160384,0.0200543],[0.204018,0.126016,0.517938,0.152028],[0.226013,0.184005,0.493943,0.0960392],[0.186021,0.168008,0.50594,0.14003]]},{"db":2,"id":"CUX1_HUMAN.H11MO.0.C","len":14,"ltrim":0,"rtrim":1,"nsites":97,"evalue":"1.0e+000","url":"http://hocomoco.autosome.ru/motif/CUX1_HUMAN.H11MO.0.C","pwm":[[0.469157,0.141578,0.320639,0.0686263],[0.125172,0.201658,0.376006,0.297164],[0.312479,0.139222,0.515014,0.0332854],[0.198504,0.243183,0.452873,0.10544],[0.157273,0.285592,0.319755,0.237379],[0.271248,0.0732523,0.351268,0.304232],[0.946259,0.0108167,0.0320213,0.0109028],[0.0109028,0.023775,0.000214418,0.965108],[0.000300515,0.674637,0.0426235,0.282439],[0.134596,0.0426235,0.758866,0.0639142],[0.688271,0.000214418,0.268805,0.0427096],[0.0120808,0.022597,0.000214418,0.965108],[0.0709824,0.259381,0.506768,0.162869],[0.128117,0.183398,0.389554,0.298931]]},{"db":2,"id":"DLX1_HUMAN.H11MO.0.D","len":16,"ltrim":1,"rtrim":0,"nsites":16252,"evalue":"1.0e+000","url":"http://hocomoco.autosome.ru/motif/DLX1_HUMAN.H11MO.0.D","pwm":[[0.356832,0.136115,0.136793,0.370259],[0.452964,0.0963248,0.0763796,0.374331],[0.532742,0.057905,0.0766993,0.332654],[0.46403,0.0493462,0.0743761,0.412248],[0.339625,0.0394754,0.110197,0.510702],[0.22041,0.0722776,0.11822,0.589093],[0.562225,0.08969,0.152019,0.196066],[0.164777,0.141951,0.203084,0.490189],[0.12521,0.153758,0.584949,0.136083],[0.101867,0.460239,0.302961,0.134932],[0.220662,0.128848,0.000135553,0.650354],[0.992561,0.00306549,0.0043523,2.09772e-05],[0.996768,0.000738968,0.000854058,0.0016394],[0.0116507,0.010656,0.00950832,0.968185],[0.0369358,0.0356758,0.0740186,0.85337],[0.594043,0.108977,0.168692,0.128288]]},{"db":2,"id":"ETS2_HUMAN.H11MO.0.B","len":13,"ltrim":3,"rtrim":0,"nsites":500,"evalue":"1.0e+000","url":"http://hocomoco.autosome.ru/motif/ETS2_HUMAN.H11MO.0.B","pwm":[[0.230012,0.140014,0.435954,0.19402],[0.317995,0.146012,0.345972,0.19002],[0.321994,0.279986,0.297982,0.100038],[0.473964,0.0760264,0.365968,0.0840416],[0.19202,0.00804003,0.751891,0.0480488],[0.00405755,0.0100396,0.967848,0.0180547],[0.981862,0.0160384,4.16317e-05,0.00205795],[0.953868,0.018038,0.0240368,0.00405755],[0.381982,0.0840248,0.519938,0.0140555],[0.39198,0.261989,0.198002,0.148029],[0.421974,0.048032,0.45995,0.0700444],[0.329992,0.0860244,0.495942,0.0880408],[0.495959,0.100022,0.319978,0.0840416]]},{"db":2,"id":"FOXD3_HUMAN.H11MO.0.D","len":15,"ltrim":2,"rtrim":3,"nsites":465,"evalue":"1.0e+000","url":"http://hocomoco.autosome.ru/motif/FOXD3_HUMAN.H11MO.0.D","pwm":[[0.157018,0.176351,0.298905,0.367726],[0.118317,0.217202,0.266654,0.397827],[0.135517,0.00649499,0.0559467,0.802041],[0.0387641,0.0688472,0.872975,0.0194134],[0.092516,0.0516466,0.036596,0.819241],[0.036614,0.111849,0.0494965,0.802041],[0.0538146,4.47646e-05,0.0946481,0.851493],[0.339775,0.200002,0.225803,0.234421],[0.0581148,0.599916,0.0623969,0.279573],[0.294623,0.202152,0.0408962,0.462329],[0.109717,0.223653,0.0709972,0.595634],[0.404277,0.0473464,0.14625,0.402127],[0.230121,0.14195,0.42791,0.20002],[0.101116,0.363407,0.348357,0.187119],[0.356975,0.292455,0.111849,0.238721]]},{"db":2,"id":"FOXJ3_HUMAN.H11MO.0.A","len":13,"ltrim":1,"rtrim":0,"nsites":626,"evalue":"1.0e+000","url":"http://hocomoco.autosome.ru/motif/FOXJ3_HUMAN.H11MO.0.A","pwm":[[0.194111,0.146481,0.164697,0.49471],[4.66059e-05,3.32535e-05,3.32535e-05,0.999887],[0.0829684,3.32535e-05,0.914268,0.00273073],[0.00112026,3.32535e-05,3.32535e-05,0.998813],[4.66059e-05,3.32535e-05,3.32535e-05,0.999887],[0.00887941,3.32535e-05,0.175698,0.815389],[0.818158,3.32535e-05,0.0369543,0.144855],[4.66059e-05,0.0711345,3.32535e-05,0.928786],[0.11331,3.32535e-05,0.430175,0.456482],[0.0440613,3.32535e-05,0.325661,0.630245],[0.0528198,3.32535e-05,0.02915,0.917997],[0.00591132,0.0101671,0.0168381,0.967083],[0.35851,0.0704008,0.138469,0.43262]]},{"db":2,"id":"FOXK1_HUMAN.H11MO.0.A","len":10,"ltrim":0,"rtrim":0,"nsites":500,"evalue":"1.0e+000","url":"http://hocomoco.autosome.ru/motif/FOXK1_HUMAN.H11MO.0.A","pwm":[[0.0200543,0.00804003,0.0100396,0.961866],[0.0760432,0.0200376,0.895862,0.00805675],[0.00605715,0.0860244,0.0200376,0.887881],[0.00205795,0.0100396,0.100022,0.887881],[0.0200543,0.0200376,0.166008,0.7939],[0.49196,0.251991,0.0620292,0.19402],[0.0240535,0.65591,0.0400336,0.280002],[0.303998,0.233995,0.11002,0.351988],[0.154028,0.211999,0.150012,0.483962],[0.116035,0.227996,0.144013,0.511956]]},{"db":2,"id":"FOXM1_HUMAN.H11MO.0.A","len":12,"ltrim":0,"rtrim":2,"nsites":500,"evalue":"1.0e+000","url":"http://hocomoco.autosome.ru/motif/FOXM1_HUMAN.H11MO.0.A","pwm":[[0.0560472,0.0240368,0.0340348,0.885881],[0.252008,0.0220372,0.715898,0.0100563],[0.0260531,0.0300356,0.0560304,0.887881],[5.83483e-05,0.068028,0.0620292,0.869884],[0.00205795,0.00204123,0.0720272,0.923874],[0.319994,0.0540308,0.587924,0.0380507],[0.0740436,0.745892,0.018038,0.162026],[0.246009,0.16001,0.038034,0.555947],[0.0480488,0.289984,0.142013,0.519954],[0.359986,0.038034,0.028036,0.573944],[0.108037,0.16001,0.445952,0.286001],[0.166025,0.341973,0.25799,0.234012]]},{"db":2,"id":"FOXO1_HUMAN.H11MO.0.A","len":12,"ltrim":3,"rtrim":1,"nsites":500,"evalue":"1.0e+000","url":"http://hocomoco.autosome.ru/motif/FOXO1_HUMAN.H11MO.0.A","pwm":[[0.186021,0.16001,0.25999,0.39398],[0.0960392,0.30998,0.25599,0.337991],[0.0600464,0.451951,0.253991,0.234012],[0.0400503,0.477946,0.170008,0.311996],[0.00605715,0.0120392,0.0140388,0.967865],[0.0320519,0.0340348,0.917858,0.0160551],[0.00405755,0.186004,0.0160384,0.7939],[0.0100563,0.0300356,0.0620292,0.897879],[0.0120559,0.0400336,0.221997,0.725913],[0.403978,0.223997,0.0520312,0.319994],[0.00605715,0.691903,0.0520312,0.250008],[0.226013,0.263989,0.176006,0.333992]]},{"db":2,"id":"FOXO3_HUMAN.H11MO.0.B","len":10,"ltrim":2,"rtrim":1,"nsites":500,"evalue":"1.0e+000","url":"http://hocomoco.autosome.ru/motif/FOXO3_HUMAN.H11MO.0.B","pwm":[[0.112036,0.393963,0.261989,0.232012],[0.0580468,0.365968,0.188004,0.387981],[0.0200543,0.00604043,4.16317e-05,0.973864],[0.052048,0.00404083,0.941853,0.00205795],[5.83483e-05,0.00604043,0.00604043,0.987861],[0.00405755,0.00204123,0.0300356,0.963866],[0.00205795,0.0100396,0.140014,0.847889],[0.779902,0.05803,0.0200376,0.14203],[0.00205795,0.861869,0.00804003,0.128033],[0.383982,0.25999,0.0460324,0.309996]]},{"db":2,"id":"FOXO4_HUMAN.H11MO.0.C","len":9,"ltrim":0,"rtrim":0,"nsites":28,"evalue":"1.0e+000","url":"http://hocomoco.autosome.ru/motif/FOXO4_HUMAN.H11MO.0.C","pwm":[[0.0370544,0.108789,0.108789,0.745368],[0.00103843,0.000740926,0.000740926,0.99748],[0.00103843,0.000740926,0.997182,0.00103843],[0.00103843,0.000740926,0.000740926,0.99748],[0.00103843,0.000740926,0.000740926,0.99748],[0.00103843,0.000740926,0.148806,0.849414],[0.709352,0.000740926,0.0367569,0.25315],[0.0370544,0.348895,0.180821,0.43323],[0.00103843,0.108789,0.3609,0.529272]]},{"db":2,"id":"FOXP1_HUMAN.H11MO.0.A","len":9,"ltrim":0,"rtrim":0,"nsites":295,"evalue":"1.0e+000","url":"http://hocomoco.autosome.ru/motif/FOXP1_HUMAN.H11MO.0.A","pwm":[[0.0577065,0.139007,0.176282,0.627005],[0.0136536,0.281331,0.311829,0.393186],[0.00687625,0.0204026,0.0305687,0.942152],[0.020431,0.0407347,0.840464,0.0983707],[9.88817e-05,0.017014,0.0576781,0.925209],[0.00687625,0.0949536,0.0407347,0.857435],[0.0102649,0.0136253,0.0813989,0.894711],[0.525345,0.345716,0.0373461,0.0915933],[0.0170423,0.484652,0.0102366,0.488069]]},{"db":2,"id":"FOXP2_HUMAN.H11MO.0.C","len":9,"ltrim":1,"rtrim":1,"nsites":500,"evalue":"1.0e+000","url":"http://hocomoco.autosome.ru/motif/FOXP2_HUMAN.H11MO.0.C","pwm":[[0.072044,0.399962,0.215998,0.311996],[0.00605715,0.00404083,0.0140388,0.975863],[0.0400503,0.00804003,0.947852,0.00405755],[0.00605715,0.0140388,0.0120392,0.967865],[0.00205795,0.0100396,0.088024,0.899878],[5.83483e-05,4.16317e-05,0.174007,0.825893],[0.787901,0.100022,0.0340348,0.0780428],[0.00805675,0.747892,0.0300356,0.214016],[0.33999,0.289984,0.104021,0.266005]]},{"db":2,"id":"FUBP1_HUMAN.H11MO.0.D","len":12,"ltrim":0,"rtrim":0,"nsites":102,"evalue":"1.0e+000","url":"http://hocomoco.autosome.ru/motif/FUBP1_HUMAN.H11MO.0.D","pwm":[[0.00266442,0.163272,0.031126,0.802938],[0.000285798,0.475928,0.0192329,0.504553],[0.000285798,0.000203918,0.980196,0.0193148],[0.000285798,0.000203918,0.0298045,0.969706],[0.28572,0.179922,0.305724,0.228633],[0.125031,0.219037,0.104863,0.551069],[0.0764017,0.0752626,0.257095,0.591241],[0.0193148,0.0858343,0.0858343,0.809017],[0.0573727,0.0858343,0.0858343,0.770959],[0.0668872,0.104863,0.180979,0.647271],[0.104945,0.122835,0.171465,0.600755],[0.100188,0.0895343,0.119135,0.691143]]},{"db":2,"id":"GATA1_HUMAN.H11MO.0.A","len":19,"ltrim":1,"rtrim":1,"nsites":500,"evalue":"1.0e+000","url":"http://hocomoco.autosome.ru/motif/GATA1_HUMAN.H11MO.0.A","pwm":[[0.19202,0.403961,0.206,0.198019],[0.116035,0.144013,0.190004,0.549948],[0.0560472,0.078026,0.639914,0.226013],[0.118035,0.206,0.389964,0.286001],[0.19402,0.313979,0.281985,0.210016],[0.268005,0.245992,0.277986,0.208017],[0.224014,0.21,0.367968,0.198019],[0.262006,0.168008,0.339974,0.230012],[0.214016,0.223997,0.313979,0.248009],[0.331992,0.188004,0.323977,0.156027],[0.184022,0.387964,0.321977,0.106037],[0.719914,0.0200376,0.00804003,0.252008],[0.00605715,4.16317e-05,0.993843,5.83483e-05],[0.995859,4.16317e-05,4.16317e-05,0.00405755],[0.00205795,4.16317e-05,0.0120392,0.985861],[0.945869,0.00404083,0.0140388,0.0360511],[0.857887,0.0160384,0.0900236,0.0360511],[0.214016,0.154011,0.553931,0.0780428],[0.351988,0.188004,0.345972,0.114036]]},{"db":2,"id":"GATA1_HUMAN.H11MO.1.A","len":11,"ltrim":2,"rtrim":2,"nsites":500,"evalue":"1.0e+000","url":"http://hocomoco.autosome.ru/motif/GATA1_HUMAN.H11MO.1.A","pwm":[[0.345989,0.116018,0.303981,0.234012],[0.152028,0.441953,0.30598,0.100038],[0.699918,0.0140388,0.00804003,0.278003],[5.83483e-05,4.16317e-05,0.997842,0.00205795],[0.999858,4.16317e-05,4.16317e-05,5.83483e-05],[0.00605715,0.00804003,4.16317e-05,0.985861],[0.969864,0.00804003,0.00604043,0.0160551],[0.921874,0.00404083,0.05803,0.0160551],[0.14003,0.174007,0.663909,0.0220539],[0.371984,0.200002,0.339974,0.0880408],[0.33999,0.215998,0.321977,0.122034]]},{"db":2,"id":"GATA2_HUMAN.H11MO.0.A","len":19,"ltrim":1,"rtrim":1,"nsites":500,"evalue":"1.0e+000","url":"http://hocomoco.autosome.ru/motif/GATA2_HUMAN.H11MO.0.A","pwm":[[0.132032,0.451951,0.225996,0.19002],[0.124034,0.104021,0.15801,0.613936],[0.0800424,0.0500316,0.651911,0.218015],[0.132032,0.221997,0.413959,0.232012],[0.272004,0.15601,0.289984,0.282002],[0.303998,0.15801,0.30598,0.232012],[0.248009,0.198002,0.367968,0.186021],[0.270004,0.196002,0.275986,0.258007],[0.222014,0.223997,0.267988,0.286001],[0.325993,0.114019,0.343973,0.216015],[0.19202,0.337974,0.371967,0.0980388],[0.773904,0.00404083,0.00804003,0.214016],[5.83483e-05,4.16317e-05,0.995842,0.00405755],[0.985861,4.16317e-05,0.00804003,0.00605715],[0.00605715,0.00204123,0.0160384,0.975863],[0.965865,0.00604043,4.16317e-05,0.0280527],[0.84389,0.0100396,0.114019,0.0320519],[0.14003,0.168008,0.627916,0.0640456],[0.34399,0.192003,0.389964,0.0740436]]},{"db":2,"id":"GATA2_HUMAN.H11MO.1.A","len":11,"ltrim":1,"rtrim":1,"nsites":500,"evalue":"1.0e+000","url":"http://hocomoco.autosome.ru/motif/GATA2_HUMAN.H11MO.1.A","pwm":[[0.349988,0.116018,0.331975,0.202018],[0.164026,0.435954,0.347972,0.052048],[0.751908,0.0100396,0.00604043,0.232012],[5.83483e-05,0.00204123,0.993843,0.00405755],[0.977863,0.0140388,0.00604043,0.00205795],[0.0160551,0.0400336,0.048032,0.895879],[0.861886,0.0500316,0.0300356,0.0580468],[0.769904,0.0220372,0.186004,0.0220539],[0.148029,0.239994,0.567928,0.0440496],[0.417975,0.174007,0.369968,0.0380507],[0.417975,0.144013,0.273987,0.164026]]},{"db":2,"id":"GATA3_HUMAN.H11MO.0.A","len":11,"ltrim":2,"rtrim":1,"nsites":500,"evalue":"1.0e+000","url":"http://hocomoco.autosome.ru/motif/GATA3_HUMAN.H11MO.0.A","pwm":[[0.447969,0.0920232,0.253991,0.206017],[0.347989,0.303981,0.261989,0.0860412],[0.777903,0.00604043,0.00804003,0.208017],[0.0100563,0.00404083,0.985844,5.83483e-05],[0.987861,0.00404083,0.00604043,0.00205795],[0.146029,0.0100396,0.0400336,0.803898],[0.921874,0.0160384,0.0420332,0.0200543],[0.867885,0.00204123,0.0940228,0.0360511],[0.329992,0.223997,0.403961,0.0420499],[0.557947,0.120018,0.25599,0.0660452],[0.44397,0.0800256,0.223997,0.252008]]},{"db":2,"id":"GATA4_HUMAN.H11MO.0.A","len":10,"ltrim":2,"rtrim":0,"nsites":500,"evalue":"1.0e+000","url":"http://hocomoco.autosome.ru/motif/GATA4_HUMAN.H11MO.0.A","pwm":[[0.367985,0.128016,0.311979,0.19202],[0.188021,0.429956,0.283985,0.0980388],[0.663926,0.00804003,0.0160384,0.311996],[0.00405755,4.16317e-05,0.995842,5.83483e-05],[0.979862,0.00404083,0.00804003,0.00805675],[0.00805675,0.0220372,0.0400336,0.929872],[0.961866,0.00404083,0.00404083,0.0300523],[0.917875,0.00204123,0.0700276,0.0100563],[0.0940396,0.182005,0.697902,0.0260531],[0.569944,0.142013,0.25599,0.0320519]]},{"db":2,"id":"GATA6_HUMAN.H11MO.0.A","len":13,"ltrim":2,"rtrim":1,"nsites":500,"evalue":"1.0e+000","url":"http://hocomoco.autosome.ru/motif/GATA6_HUMAN.H11MO.0.A","pwm":[[0.337991,0.154011,0.331975,0.176023],[0.246009,0.40796,0.265988,0.0800424],[0.727913,4.16317e-05,0.00604043,0.266005],[5.83483e-05,4.16317e-05,0.999842,5.83483e-05],[0.99386,4.16317e-05,4.16317e-05,0.00605715],[0.0100563,0.00204123,4.16317e-05,0.987861],[0.917875,0.0100396,0.00804003,0.0640456],[0.949868,0.00404083,0.028036,0.0180547],[0.0360511,0.10802,0.847872,0.00805675],[0.599938,0.102021,0.263989,0.0340515],[0.232012,0.144013,0.162009,0.461966],[0.521954,0.130016,0.144013,0.204018],[0.501958,0.130016,0.196002,0.172024]]},{"db":2,"id":"GFI1B_HUMAN.H11MO.0.A","len":10,"ltrim":0,"rtrim":0,"nsites":500,"evalue":"1.0e+000","url":"http://hocomoco.autosome.ru/motif/GFI1B_HUMAN.H11MO.0.A","pwm":[[0.156027,0.0520312,0.647912,0.14403],[0.0580468,0.747892,0.078026,0.116035],[0.299998,0.184005,0.018038,0.497959],[0.0160551,0.363969,0.517938,0.102038],[0.399978,0.0360344,0.0260364,0.537951],[0.00605715,0.00604043,0.983845,0.00405755],[0.833892,0.0560304,0.102021,0.00805675],[5.83483e-05,0.0100396,0.0160384,0.973864],[0.00405755,4.16317e-05,4.16317e-05,0.995859],[0.0360511,0.122017,0.198002,0.64393]]},{"db":2,"id":"GRHL1_HUMAN.H11MO.0.D","len":12,"ltrim":0,"rtrim":0,"nsites":500,"evalue":"1.0e+000","url":"http://hocomoco.autosome.ru/motif/GRHL1_HUMAN.H11MO.0.D","pwm":[[0.661926,0.0600296,0.0920232,0.186021],[0.575943,0.0120392,0.142013,0.270004],[0.0120559,0.953851,0.0300356,0.00405755],[0.0140555,0.829876,0.00404083,0.152028],[0.325993,0.0160384,0.184005,0.473964],[0.00405755,0.0460324,0.893863,0.0560472],[0.00805675,0.166008,0.0460324,0.779902],[0.0240535,0.227996,0.0420332,0.705917],[0.0540476,0.353971,0.0320352,0.559946],[0.0740436,0.196002,0.198002,0.531952],[0.228013,0.188004,0.237994,0.345989],[0.0440496,0.791883,0.0520312,0.112036]]},{"db":2,"id":"GRHL2_HUMAN.H11MO.0.A","len":12,"ltrim":0,"rtrim":0,"nsites":497,"evalue":"1.0e+000","url":"http://hocomoco.autosome.ru/motif/GRHL2_HUMAN.H11MO.0.A","pwm":[[0.740352,0.0282052,0.128789,0.102654],[0.778574,0.0161352,0.0885553,0.116735],[5.87004e-05,0.997829,0.00205355,5.87004e-05],[0.0443154,0.714184,0.00808855,0.233412],[0.225365,0.0342402,0.307827,0.432567],[0.00408204,0.00205355,0.993806,5.87004e-05],[0.0241987,0.253512,0.00406522,0.718224],[0.0141404,0.386282,0.0101002,0.589477],[0.12277,0.23943,0.14287,0.494929],[0.177085,0.0563686,0.462725,0.303821],[0.350089,0.0644152,0.33599,0.249505],[0.00207037,0.913339,0.0282052,0.0563854]]},{"db":2,"id":"GSX2_HUMAN.H11MO.0.D","len":16,"ltrim":1,"rtrim":0,"nsites":6133,"evalue":"1.0e+000","url":"http://hocomoco.autosome.ru/motif/GSX2_HUMAN.H11MO.0.D","pwm":[[0.153108,0.320559,0.156368,0.369964],[0.0662437,0.0577637,0.0207515,0.855241],[0.882348,0.0281295,0.0480215,0.0415009],[0.990898,0.0018377,0.0050987,0.00216517],[0.0257666,0.0534837,0.0192433,0.901506],[0.129629,0.0494074,0.248817,0.572146],[0.568233,0.057886,0.30083,0.073051],[0.199741,0.25322,0.413497,0.133542],[0.292679,0.197783,0.161423,0.348116],[0.312245,0.126693,0.153759,0.407303],[0.308169,0.0986485,0.0988115,0.494371],[0.189468,0.118541,0.0887024,0.603289],[0.154127,0.0569485,0.0641227,0.724801],[0.734014,0.0480623,0.107575,0.110349],[0.845295,0.0337954,0.0549919,0.0659176],[0.115525,0.118296,0.101991,0.664188]]},{"db":2,"id":"HAND1_HUMAN.H11MO.0.D","len":17,"ltrim":3,"rtrim":0,"nsites":500,"evalue":"1.0e+000","url":"http://hocomoco.autosome.ru/motif/HAND1_HUMAN.H11MO.0.D","pwm":[[0.24201,0.114019,0.439954,0.204018],[0.154028,0.132015,0.495942,0.218015],[0.136031,0.265988,0.451951,0.146029],[0.0380507,0.401961,0.0520312,0.507957],[0.0240535,0.947852,0.00604043,0.0220539],[0.0160551,4.16317e-05,4.16317e-05,0.983862],[0.00205795,0.00204123,0.987844,0.00805675],[0.00205795,0.223997,0.613919,0.160026],[0.182022,0.303981,0.126016,0.387981],[0.19202,0.251991,0.0940228,0.461966],[0.335991,0.102021,0.028036,0.533952],[0.178023,0.221997,0.291983,0.307997],[0.0500484,0.235994,0.0740268,0.63993],[0.170024,0.311979,0.397962,0.120034],[0.0240535,0.0260364,0.0340348,0.915875],[0.0200543,0.867868,0.0500316,0.062046],[0.611936,0.10802,0.0360344,0.24401]]},{"db":2,"id":"HNF4A_HUMAN.H11MO.0.A","len":14,"ltrim":1,"rtrim":0,"nsites":500,"evalue":"1.0e+000","url":"http://hocomoco.autosome.ru/motif/HNF4A_HUMAN.H11MO.0.A","pwm":[[0.29,0.176006,0.417958,0.116035],[0.459966,0.0340348,0.425956,0.0800424],[0.0740436,0.018038,0.85587,0.052048],[0.146029,0.0440328,0.401961,0.407977],[0.134032,0.325976,0.25999,0.280002],[0.00805675,0.903861,0.00804003,0.0800424],[0.947869,0.0140388,0.0320352,0.00605715],[0.903878,0.018038,0.0700276,0.00805675],[0.931872,4.16317e-05,0.0560304,0.0120559],[0.00605715,0.00404083,0.967848,0.0220539],[0.0280527,0.0100396,0.192003,0.769904],[0.0420499,0.639914,0.05803,0.260006],[0.0180547,0.893863,0.0100396,0.0780428],[0.763906,0.0700276,0.0840248,0.082042]]},{"db":2,"id":"HNF4G_HUMAN.H11MO.0.B","len":14,"ltrim":1,"rtrim":0,"nsites":500,"evalue":"1.0e+000","url":"http://hocomoco.autosome.ru/motif/HNF4G_HUMAN.H11MO.0.B","pwm":[[0.282002,0.253991,0.353971,0.110036],[0.455967,0.0320352,0.397962,0.114036],[0.072044,0.018038,0.847872,0.062046],[0.182022,0.0700276,0.325976,0.421974],[0.150028,0.30798,0.277986,0.264006],[0.00805675,0.925856,0.0100396,0.0560472],[0.949868,0.0220372,0.0160384,0.0120559],[0.845889,0.00804003,0.144013,0.00205795],[0.921874,4.16317e-05,0.068028,0.0100563],[0.00805675,0.00604043,0.967848,0.0180547],[0.0160551,0.00804003,0.381965,0.59394],[0.0420499,0.495942,0.128016,0.333992],[0.0180547,0.835874,0.0160384,0.130032],[0.701918,0.0640288,0.130016,0.104038]]},{"db":2,"id":"HSF1_HUMAN.H11MO.1.A","len":9,"ltrim":0,"rtrim":1,"nsites":107,"evalue":"1.0e+000","url":"http://hocomoco.autosome.ru/motif/HSF1_HUMAN.H11MO.1.A","pwm":[[0.0562949,0.0935651,0.0935651,0.756575],[0.0562949,0.0748909,0.102902,0.765912],[0.074969,0.877879,0.0188685,0.0282837],[0.0189466,0.0188685,0.0282056,0.933979],[0.233699,0.0188685,0.74716,0.000272455],[0.0376207,0.000194398,0.961912,0.000272455],[0.859283,0.000194398,0.130913,0.00960952],[0.933979,0.000194398,0.0468797,0.0189466],[0.420441,0.112239,0.280306,0.187014]]},{"db":2,"id":"HSF2_HUMAN.H11MO.0.A","len":14,"ltrim":1,"rtrim":0,"nsites":1040,"evalue":"1.0e+000","url":"http://hocomoco.autosome.ru/motif/HSF2_HUMAN.H11MO.0.A","pwm":[[0.341388,0.261785,0.308824,0.0880027],[0.0672344,0.0841004,0.766426,0.082239],[0.750253,0.0685782,0.11707,0.0640994],[0.69273,0.0605931,0.110655,0.136021],[0.120997,0.230398,0.280191,0.368414],[0.304403,0.189923,0.415798,0.0898761],[0.0960658,0.0361996,0.0787506,0.788984],[0.0645674,0.0485326,0.0926597,0.79424],[0.0443149,0.795038,0.120608,0.0400382],[0.0677217,0.137605,0.161988,0.632685],[0.581981,0.177809,0.174567,0.0656425],[0.01689,0.119132,0.810071,0.0539074],[0.725264,0.0617263,0.114397,0.0986124],[0.550755,0.162439,0.138529,0.148277]]},{"db":2,"id":"HXB4_HUMAN.H11MO.0.B","len":8,"ltrim":0,"rtrim":0,"nsites":500,"evalue":"1.0e+000","url":"http://hocomoco.autosome.ru/motif/HXB4_HUMAN.H11MO.0.B","pwm":[[0.0880408,0.383965,0.0900236,0.437971],[0.224014,0.00204123,0.0260364,0.747909],[0.771904,0.018038,0.202001,0.00805675],[0.99186,4.16317e-05,0.00604043,0.00205795],[5.83483e-05,0.0260364,4.16317e-05,0.973864],[0.0300523,0.0400336,0.7079,0.222014],[0.485961,4.16317e-05,0.503941,0.0100563],[0.0180547,0.7059,0.25799,0.0180547]]},{"db":2,"id":"HXD10_HUMAN.H11MO.0.D","len":10,"ltrim":0,"rtrim":0,"nsites":7,"evalue":"1.0e+000","url":"http://hocomoco.autosome.ru/motif/HXD10_HUMAN.H11MO.0.D","pwm":[[0.155561,0.0332226,0.0332226,0.777994],[0.246432,0.0029324,0.746526,0.00410986],[0.125271,0.504204,0.124093,0.246432],[0.125271,0.0029324,0.0029324,0.868864],[0.125271,0.261883,0.0029324,0.609914],[0.00410986,0.0029324,0.0029324,0.990025],[0.626543,0.0029324,0.124093,0.246432],[0.609914,0.0029324,0.261883,0.125271],[0.00410986,0.0029324,0.0029324,0.990025],[0.0344001,0.0332226,0.275544,0.656833]]},{"db":2,"id":"HXD4_HUMAN.H11MO.0.D","len":8,"ltrim":0,"rtrim":0,"nsites":8,"evalue":"1.0e+000","url":"http://hocomoco.autosome.ru/motif/HXD4_HUMAN.H11MO.0.D","pwm":[[0.0340439,0.0330118,0.276543,0.656401],[0.00360247,0.00257037,0.00257037,0.991257],[0.747726,0.124336,0.124336,0.00360247],[0.869491,0.00257037,0.124336,0.00360247],[0.00360247,0.00257037,0.00257037,0.991257],[0.00360247,0.00257037,0.00257037,0.991257],[0.125368,0.124336,0.503162,0.247134],[0.41287,0.0330118,0.154777,0.399341]]},{"db":2,"id":"HXD8_HUMAN.H11MO.0.D","len":11,"ltrim":1,"rtrim":3,"nsites":278,"evalue":"1.0e+000","url":"http://hocomoco.autosome.ru/motif/HXD8_HUMAN.H11MO.0.D","pwm":[[0.294963,0.154696,0.100758,0.449584],[0.55566,0.196048,0.0773852,0.170907],[0.726462,0.0288415,0.0252457,0.21945],[0.0028018,0.0207509,0.0243467,0.952101],[0.341709,7.48652e-05,0.0216498,0.636567],[0.309346,0.00367069,7.48652e-05,0.686908],[0.125959,0.0108624,0.765986,0.0971923],[0.0117914,0.964656,0.0117613,0.0117914],[0.443291,0.191553,0.184361,0.180795],[0.19428,0.215825,0.190654,0.399242],[0.343507,0.203239,0.196048,0.257207]]},{"db":2,"id":"ID4_HUMAN.H11MO.0.D","len":11,"ltrim":2,"rtrim":3,"nsites":210,"evalue":"1.0e+000","url":"http://hocomoco.autosome.ru/motif/ID4_HUMAN.H11MO.0.D","pwm":[[0.223842,0.161927,0.371351,0.24288],[0.320225,0.210713,0.305906,0.163156],[0.0703436,0.812807,0.0465056,0.0703436],[0.898521,0.00842846,0.0465056,0.0465454],[0.0429756,0.0619744,0.871113,0.0239371],[0.0286967,0.0810129,0.890151,0.000138886],[0.0263169,0.0167578,0.0691139,0.887811],[0.0322664,0.0179477,0.908,0.0417857],[0.145308,0.368971,0.0833928,0.402328],[0.282147,0.267829,0.24879,0.201234],[0.37377,0.221422,0.259499,0.145308]]},{"db":2,"id":"IRF7_HUMAN.H11MO.0.C","len":10,"ltrim":0,"rtrim":0,"nsites":40,"evalue":"1.0e+000","url":"http://hocomoco.autosome.ru/motif/IRF7_HUMAN.H11MO.0.C","pwm":[[0.215291,0.0644619,0.658419,0.0618285],[0.895926,0.102828,0.000519202,0.00072768],[0.998234,0.000519202,0.000519202,0.00072768],[0.895926,0.0260963,0.000519202,0.0774589],[0.103036,0.352915,0.415436,0.128613],[0.0234629,0.401227,0.153982,0.421329],[0.245131,0.0488315,0.679733,0.0263048],[0.921503,0.000519202,0.0260963,0.0518818],[0.793617,0.205136,0.000519202,0.00072768],[0.668574,0.000519202,0.0772505,0.253657]]},{"db":2,"id":"ISL1_HUMAN.H11MO.0.A","len":9,"ltrim":1,"rtrim":1,"nsites":500,"evalue":"1.0e+000","url":"http://hocomoco.autosome.ru/motif/ISL1_HUMAN.H11MO.0.A","pwm":[[0.184022,0.30798,0.363969,0.14403],[0.0460492,0.65791,0.048032,0.248009],[0.286001,0.0560304,0.0120392,0.645929],[0.711916,0.05803,0.223997,0.00605715],[0.977863,0.0120392,0.0100396,5.83483e-05],[0.0160551,0.00604043,0.30998,0.667925],[0.0500484,4.16317e-05,0.619918,0.329992],[0.164026,0.0400336,0.763889,0.0320519],[0.33999,0.293983,0.295982,0.0700444]]},{"db":2,"id":"LBX2_HUMAN.H11MO.0.D","len":11,"ltrim":1,"rtrim":2,"nsites":1412,"evalue":"1.0e+000","url":"http://hocomoco.autosome.ru/motif/LBX2_HUMAN.H11MO.0.D","pwm":[[0.257793,0.173515,0.458906,0.109786],[0.057205,0.364543,0.0515338,0.526718],[0.00143699,0.000722909,0.00992906,0.987911],[0.998002,0.00160812,0.000191785,0.000197706],[0.997117,1.4744e-05,0.00143107,0.00143699],[2.06642e-05,0.00780456,0.00213924,0.990036],[0.0226819,0.00426373,0.0368393,0.936215],[0.553629,0.0210827,0.413406,0.0118824],[0.0448121,0.0511797,0.871235,0.0327733],[0.132271,0.227159,0.346839,0.293732],[0.100757,0.337278,0.149615,0.41235]]},{"db":2,"id":"LEF1_HUMAN.H11MO.0.A","len":14,"ltrim":1,"rtrim":1,"nsites":456,"evalue":"1.0e+000","url":"http://hocomoco.autosome.ru/motif/LEF1_HUMAN.H11MO.0.A","pwm":[[0.0768015,0.260953,0.274108,0.388137],[0.0329515,0.635871,0.184216,0.146962],[0.017604,0.708224,0.0132007,0.260972],[0.122844,0.0460882,0.0197782,0.81129],[0.00225648,0.138173,0.0351257,0.824445],[0.00225648,0.0132007,0.0329332,0.95161],[0.043914,0.425391,0.519669,0.0110265],[0.456104,0.138173,0.0153932,0.390329],[0.278512,0.166676,0.157906,0.396907],[0.285089,0.190793,0.201756,0.322362],[0.0417215,0.129403,0.149136,0.679739],[0.039529,0.311381,0.383733,0.265357],[0.116267,0.460471,0.0899382,0.333324],[0.313592,0.221488,0.103093,0.361827]]},{"db":2,"id":"LHX6_HUMAN.H11MO.0.D","len":10,"ltrim":2,"rtrim":1,"nsites":444,"evalue":"1.0e+000","url":"http://hocomoco.autosome.ru/motif/LHX6_HUMAN.H11MO.0.D","pwm":[[0.186961,0.310788,0.247739,0.254513],[0.130667,0.268005,0.295025,0.306303],[0.0338419,0.538214,0.0856132,0.342331],[0.0045692,4.68814e-05,0.00229863,0.993085],[0.132919,0.00455037,0.862465,6.57059e-05],[0.997589,4.68814e-05,0.00229863,6.57059e-05],[0.00231745,0.00455037,0.00455037,0.988582],[6.57059e-05,4.68814e-05,0.0766062,0.923281],[0.544988,0.00455037,0.423375,0.0270866],[0.15994,0.407613,0.313039,0.119408]]},{"db":2,"id":"MEF2A_HUMAN.H11MO.0.A","len":13,"ltrim":1,"rtrim":1,"nsites":500,"evalue":"1.0e+000","url":"http://hocomoco.autosome.ru/motif/MEF2A_HUMAN.H11MO.0.A","pwm":[[0.274004,0.078026,0.243993,0.403978],[0.128033,0.0800256,0.387964,0.403978],[0.0280527,0.723897,0.0500316,0.198019],[0.00205795,0.0560304,4.16317e-05,0.94187],[0.927873,0.00604043,0.00804003,0.0580468],[0.0640456,0.00204123,0.00804003,0.925873],[0.102038,0.00204123,0.00404083,0.89188],[0.0140555,0.048032,0.0100396,0.927873],[0.134032,0.0820252,0.0120392,0.771904],[0.14003,0.0360344,0.116018,0.707917],[0.549948,0.00204123,0.435954,0.0120559],[0.160026,0.038034,0.65791,0.14403],[0.359986,0.383965,0.104021,0.152028]]},{"db":2,"id":"MEF2B_HUMAN.H11MO.0.A","len":14,"ltrim":2,"rtrim":0,"nsites":500,"evalue":"1.0e+000","url":"http://hocomoco.autosome.ru/motif/MEF2B_HUMAN.H11MO.0.A","pwm":[[0.254008,0.118018,0.413959,0.214016],[0.19402,0.11002,0.251991,0.44397],[0.204018,0.0360344,0.271987,0.487961],[0.168025,0.104021,0.373967,0.353988],[0.0480488,0.771887,0.0400336,0.14003],[0.00205795,0.088024,0.00204123,0.907877],[0.861886,0.0260364,0.0320352,0.0800424],[0.106037,0.0200376,0.00604043,0.867885],[0.0760432,0.00604043,0.00404083,0.913876],[0.0360511,0.048032,0.0140388,0.901878],[0.134032,0.118018,0.048032,0.699918],[0.170024,0.0560304,0.140014,0.633932],[0.471964,4.16317e-05,0.487944,0.0400503],[0.122034,0.0520312,0.695902,0.130032]]},{"db":2,"id":"MEF2C_HUMAN.H11MO.0.A","len":13,"ltrim":1,"rtrim":1,"nsites":500,"evalue":"1.0e+000","url":"http://hocomoco.autosome.ru/motif/MEF2C_HUMAN.H11MO.0.A","pwm":[[0.297999,0.0740268,0.283985,0.34399],[0.104038,0.0920232,0.419958,0.383982],[0.0300523,0.691903,0.0460324,0.232012],[0.00205795,0.0620292,4.16317e-05,0.935871],[0.947869,0.0160384,0.00604043,0.0300523],[0.0600464,0.00604043,0.00204123,0.931872],[0.0800424,0.0120392,0.00604043,0.901878],[0.0240535,0.038034,0.0100396,0.927873],[0.148029,0.0900236,0.0220372,0.73991],[0.138031,0.0420332,0.122017,0.697919],[0.565945,0.00404083,0.421957,0.00805675],[0.154028,0.0720272,0.633915,0.14003],[0.359986,0.363969,0.102021,0.174024]]},{"db":2,"id":"MYF6_HUMAN.H11MO.0.C","len":7,"ltrim":0,"rtrim":0,"nsites":7,"evalue":"1.0e+000","url":"http://hocomoco.autosome.ru/motif/MYF6_HUMAN.H11MO.0.C","pwm":[[0.00410986,0.988848,0.0029324,0.00410986],[0.990025,0.0029324,0.0029324,0.00410986],[0.00410986,0.432283,0.559498,0.00410986],[0.00410986,0.988848,0.0029324,0.00410986],[0.00410986,0.0029324,0.0029324,0.990025],[0.00410986,0.0029324,0.988848,0.00410986],[0.0359136,0.75032,0.0347361,0.17903]]},{"db":2,"id":"NKX21_HUMAN.H11MO.0.A","len":10,"ltrim":1,"rtrim":1,"nsites":500,"evalue":"1.0e+000","url":"http://hocomoco.autosome.ru/motif/NKX21_HUMAN.H11MO.0.A","pwm":[[0.0660452,0.421957,0.225996,0.286001],[0.132032,0.0920232,0.0240368,0.751908],[0.0760432,0.0220372,0.333975,0.567945],[0.0340515,0.00604043,0.95785,0.00205795],[0.995859,0.00204123,4.16317e-05,0.00205795],[0.0100563,0.00804003,0.981845,5.83483e-05],[0.282002,0.00204123,0.104021,0.611936],[0.108037,0.00204123,0.877866,0.0120559],[0.0320519,0.325976,0.443953,0.198019],[0.158027,0.347972,0.15601,0.337991]]},{"db":2,"id":"NKX22_HUMAN.H11MO.0.D","len":8,"ltrim":1,"rtrim":1,"nsites":500,"evalue":"1.0e+000","url":"http://hocomoco.autosome.ru/motif/NKX22_HUMAN.H11MO.0.D","pwm":[[0.303998,0.0700276,0.291983,0.333992],[0.208017,0.269988,0.517938,0.00405755],[0.977863,0.00204123,0.0120392,0.00805675],[0.280002,0.0120392,0.701901,0.00605715],[0.459966,4.16317e-05,0.0740268,0.465965],[0.00805675,4.16317e-05,0.989844,0.00205795],[0.0980388,0.295982,0.525936,0.0800424],[0.264006,0.389964,0.068028,0.278003]]},{"db":2,"id":"NKX25_HUMAN.H11MO.0.B","len":8,"ltrim":1,"rtrim":0,"nsites":499,"evalue":"1.0e+000","url":"http://hocomoco.autosome.ru/motif/NKX25_HUMAN.H11MO.0.B","pwm":[[0.10625,0.164337,0.310601,0.418812],[0.0761955,0.114247,0.537008,0.272549],[0.422819,0.034103,0.518976,0.0241017],[0.979822,0.0160706,4.17151e-05,0.00406568],[0.0361234,0.00404893,0.959769,5.84652e-05],[0.545039,0.0601499,0.0180742,0.376736],[0.198416,0.00204532,0.769427,0.0301126],[0.168361,0.302586,0.484914,0.0441378]]},{"db":2,"id":"NR2E3_HUMAN.H11MO.0.C","len":14,"ltrim":1,"rtrim":0,"nsites":23,"evalue":"1.0e+000","url":"http://hocomoco.autosome.ru/motif/NR2E3_HUMAN.H11MO.0.C","pwm":[[0.500487,0.154971,0.189209,0.155333],[0.825745,0.0693768,0.0693768,0.035501],[0.78318,0.0351391,0.14618,0.035501],[0.0697387,0.0693768,0.72267,0.138214],[0.0697387,0.000901299,0.103615,0.825745],[0.0697387,0.893859,0.0351391,0.0012632],[0.928459,0.000901299,0.0351391,0.035501],[0.791508,0.137852,0.0693768,0.0012632],[0.962696,0.000901299,0.000901299,0.035501],[0.817417,0.000901299,0.14618,0.035501],[0.249256,0.0693768,0.611629,0.0697387],[0.035501,0.0693768,0.206328,0.688794],[0.138214,0.688432,0.103615,0.0697387],[0.731592,0.146412,0.0779363,0.0440604]]},{"db":2,"id":"NR4A1_HUMAN.H11MO.0.A","len":9,"ltrim":0,"rtrim":1,"nsites":491,"evalue":"1.0e+000","url":"http://hocomoco.autosome.ru/motif/NR4A1_HUMAN.H11MO.0.A","pwm":[[0.794195,0.0366948,0.148688,0.0204219],[0.816594,0.0163324,0.14258,0.0244944],[0.908225,0.0265136,0.0529848,0.0122769],[0.126307,0.00818738,0.584445,0.281061],[0.071328,0.0570573,0.79825,0.0733642],[0.110017,0.144616,0.281044,0.464323],[0.0570743,0.788069,0.0692747,0.0855817],[0.855282,0.0142961,0.0407673,0.0896542],[0.240336,0.254573,0.338059,0.167032]]},{"db":2,"id":"PBX2_HUMAN.H11MO.0.C","len":15,"ltrim":0,"rtrim":1,"nsites":19,"evalue":"1.0e+000","url":"http://hocomoco.autosome.ru/motif/PBX2_HUMAN.H11MO.0.C","pwm":[[0.0408776,0.147472,0.348943,0.462708],[0.43595,0.101826,0.372553,0.0896714],[0.536686,0.208857,0.202561,0.0518956],[0.517798,0.164785,0.0577538,0.259663],[0.0581915,0.0514579,0.322185,0.568166],[0.0581915,0.0514579,0.00109005,0.889261],[0.0518956,0.00109005,0.813271,0.133743],[0.788525,0.00109005,0.158489,0.0518956],[0.00152775,0.164785,0.00109005,0.832597],[0.108559,0.00109005,0.00109005,0.889261],[0.00152775,0.00109005,0.781791,0.215591],[0.706677,0.0325699,0.108122,0.152631],[0.272255,0.114418,0.00109005,0.612238],[0.165223,0.00109005,0.435512,0.398174],[0.171519,0.234041,0.397737,0.196703]]},{"db":2,"id":"PDX1_HUMAN.H11MO.0.A","len":9,"ltrim":0,"rtrim":0,"nsites":494,"evalue":"1.0e+000","url":"http://hocomoco.autosome.ru/motif/PDX1_HUMAN.H11MO.0.A","pwm":[[0.192328,0.0040899,0.0304004,0.773182],[0.0769666,0.0263526,