<!DOCTYPE HTML>
<html>
  <head>
    <meta charset="UTF-8">
    <title>TOMTOM</title>
    <script>
      // @JSON_VAR data
      var data = {
        "program": "Tomtom",
        "version": "4.12.0",
        "release": "Tue Jun 27 16:22:50 2017 -0700",
        "cmd": [
          "tomtom", "-verbosity", "1", "-oc",
          "results/AHRpeaks_not-in-DHSs-withAHREs.bed.fa/hocomoco/meme_tomtom_out",
          "-min-overlap", "5", "-dist", "pearson", "-evalue", "-thresh", "1",
          "-no-ssc", "-bfile",
          "results/AHRpeaks_not-in-DHSs-withAHREs.bed.fa/hocomoco/background",
          "results/AHRpeaks_not-in-DHSs-withAHREs.bed.fa/hocomoco/meme_out/meme.xml",
          "/Users/filipov4/meme/db/motif_databases/HUMAN/HOCOMOCOv11_full_HUMAN_mono_meme_format.meme"
        ],
        "options": {
          "strands": "both",
          "distance_measure": "pearson",
          "threshold_type": "evalue",
          "threshold_value": 1,
          "background_source": "file",
          "background_file": "results/AHRpeaks_not-in-DHSs-withAHREs.bed.fa/hocomoco/background"
        },
        "alphabet": {
          "name": "DNA",
          "like": "dna",
          "ncore": 4,
          "symbols": [
            {
              "symbol": "A",
              "name": "Adenine",
              "colour": "CC0000",
              "complement": "T"
            }, {
              "symbol": "C",
              "name": "Cytosine",
              "colour": "0000CC",
              "complement": "G"
            }, {
              "symbol": "G",
              "name": "Guanine",
              "colour": "FFB300",
              "complement": "C"
            }, {
              "symbol": "T",
              "aliases": "U",
              "name": "Thymine",
              "colour": "008000",
              "complement": "A"
            }, {
              "symbol": "N",
              "aliases": "X.",
              "name": "Any base",
              "equals": "ACGT"
            }, {
              "symbol": "V",
              "name": "Not T",
              "equals": "ACG"
            }, {
              "symbol": "H",
              "name": "Not G",
              "equals": "ACT"
            }, {
              "symbol": "D",
              "name": "Not C",
              "equals": "AGT"
            }, {
              "symbol": "B",
              "name": "Not A",
              "equals": "CGT"
            }, {
              "symbol": "M",
              "name": "Amino",
              "equals": "AC"
            }, {
              "symbol": "R",
              "name": "Purine",
              "equals": "AG"
            }, {
              "symbol": "W",
              "name": "Weak",
              "equals": "AT"
            }, {
              "symbol": "S",
              "name": "Strong",
              "equals": "CG"
            }, {
              "symbol": "Y",
              "name": "Pyrimidine",
              "equals": "CT"
            }, {
              "symbol": "K",
              "name": "Keto",
              "equals": "GT"
            }
          ]
        },
        "background": [0.3065, 0.1935, 0.1935, 0.3065],
        "query_dbs": [
          {
            "source": "results/AHRpeaks_not-in-DHSs-withAHREs.bed.fa/hocomoco/meme_out/meme.xml",
            "name": "meme",
            "loaded": 7,
            "excluded": 0,
            "last_modified": "Thu May 24 14:24:38 2018"
          }
        ],
        "target_dbs": [
          {
            "source": "/Users/filipov4/meme/db/motif_databases/HUMAN/HOCOMOCOv11_full_HUMAN_mono_meme_format.meme",
            "name": "HOCOMOCOv11 full HUMAN mono meme format",
            "loaded": 771,
            "excluded": 0,
            "last_modified": "Wed Dec  6 21:59:30 2017"
          }
        ],
        "queries": [
          {
            "db": 0,
            "id": "AAGAWAACAKYRGAAAAACYCTTC",
            "alt": "MEME-4",
            "len": 24,
            "nsites": 7,
            "evalue": "1.3e-001",
            "pwm": [
              [0.849387, 0.14357, 0.00272535, 0.0043169], 
              [0.708543, 0.14357, 0.00272535, 0.145162], 
              [0.145162, 0.14357, 0.706951, 0.0043169], 
              [0.849387, 0.14357, 0.00272535, 0.0043169], 
              [0.286007, 0.00272535, 0.14357, 0.567698], 
              [0.708543, 0.284415, 0.00272535, 0.0043169], 
              [0.708543, 0.00272535, 0.284415, 0.0043169], 
              [0.0043169, 0.706951, 0.00272535, 0.286007], 
              [0.708543, 0.00272535, 0.00272535, 0.286007], 
              [0.0043169, 0.00272535, 0.42526, 0.567698], 
              [0.145162, 0.284415, 0.00272535, 0.567698], 
              [0.426852, 0.00272535, 0.42526, 0.145162], 
              [0.0043169, 0.284415, 0.706951, 0.0043169], 
              [0.708543, 0.284415, 0.00272535, 0.0043169], 
              [0.849387, 0.00272535, 0.14357, 0.0043169], 
              [0.990232, 0.00272535, 0.00272535, 0.0043169], 
              [0.990232, 0.00272535, 0.00272535, 0.0043169], 
              [0.708543, 0.00272535, 0.00272535, 0.286007], 
              [0.0043169, 0.988641, 0.00272535, 0.0043169], 
              [0.0043169, 0.566106, 0.00272535, 0.426852], 
              [0.145162, 0.847796, 0.00272535, 0.0043169], 
              [0.0043169, 0.14357, 0.00272535, 0.849387], 
              [0.0043169, 0.00272535, 0.284415, 0.708543], 
              [0.286007, 0.706951, 0.00272535, 0.0043169]
            ]
          }, {
            "db": 0,
            "id": "AAGSYCTTTAGTTHAATTAVGTCCCAGCTA",
            "alt": "MEME-3",
            "len": 30,
            "nsites": 4,
            "evalue": "8.6e-003",
            "pwm": [
              [0.739183, 0.00471951, 0.248622, 0.00747561], 
              [0.983085, 0.00471951, 0.00471951, 0.00747561], 
              [0.251378, 0.00471951, 0.736427, 0.00747561], 
              [0.00747561, 0.492524, 0.492524, 0.00747561], 
              [0.00747561, 0.492524, 0.00471951, 0.49528], 
              [0.00747561, 0.980329, 0.00471951, 0.00747561], 
              [0.00747561, 0.248622, 0.00471951, 0.739183], 
              [0.00747561, 0.00471951, 0.00471951, 0.983085], 
              [0.251378, 0.00471951, 0.00471951, 0.739183], 
              [0.739183, 0.00471951, 0.248622, 0.00747561], 
              [0.00747561, 0.248622, 0.736427, 0.00747561], 
              [0.00747561, 0.00471951, 0.00471951, 0.983085], 
              [0.00747561, 0.248622, 0.00471951, 0.739183], 
              [0.251378, 0.248622, 0.00471951, 0.49528], 
              [0.739183, 0.00471951, 0.00471951, 0.251378], 
              [0.739183, 0.00471951, 0.248622, 0.00747561], 
              [0.00747561, 0.00471951, 0.00471951, 0.983085], 
              [0.00747561, 0.00471951, 0.00471951, 0.983085], 
              [0.983085, 0.00471951, 0.00471951, 0.00747561], 
              [0.49528, 0.248622, 0.248622, 0.00747561], 
              [0.00747561, 0.00471951, 0.736427, 0.251378], 
              [0.00747561, 0.248622, 0.00471951, 0.739183], 
              [0.00747561, 0.980329, 0.00471951, 0.00747561], 
              [0.00747561, 0.980329, 0.00471951, 0.00747561], 
              [0.00747561, 0.980329, 0.00471951, 0.00747561], 
              [0.983085, 0.00471951, 0.00471951, 0.00747561], 
              [0.00747561, 0.00471951, 0.980329, 0.00747561], 
              [0.00747561, 0.980329, 0.00471951, 0.00747561], 
              [0.00747561, 0.00471951, 0.248622, 0.739183], 
              [0.983085, 0.00471951, 0.00471951, 0.00747561]
            ]
          }, {
            "db": 0,
            "id": "ATCTTTGTTTTTATTGCATTTGCTTTTGGG",
            "alt": "MEME-2",
            "len": 30,
            "nsites": 4,
            "evalue": "1.6e-005",
            "pwm": [
              [0.983085, 0.00471951, 0.00471951, 0.00747561], 
              [0.00747561, 0.00471951, 0.00471951, 0.983085], 
              [0.00747561, 0.980329, 0.00471951, 0.00747561], 
              [0.00747561, 0.00471951, 0.00471951, 0.983085], 
              [0.00747561, 0.00471951, 0.00471951, 0.983085], 
              [0.00747561, 0.00471951, 0.00471951, 0.983085], 
              [0.251378, 0.00471951, 0.736427, 0.00747561], 
              [0.00747561, 0.00471951, 0.00471951, 0.983085], 
              [0.00747561, 0.00471951, 0.00471951, 0.983085], 
              [0.00747561, 0.00471951, 0.00471951, 0.983085], 
              [0.00747561, 0.248622, 0.00471951, 0.739183], 
              [0.00747561, 0.00471951, 0.00471951, 0.983085], 
              [0.983085, 0.00471951, 0.00471951, 0.00747561], 
              [0.00747561, 0.00471951, 0.00471951, 0.983085], 
              [0.00747561, 0.248622, 0.00471951, 0.739183], 
              [0.00747561, 0.00471951, 0.736427, 0.251378], 
              [0.251378, 0.736427, 0.00471951, 0.00747561], 
              [0.983085, 0.00471951, 0.00471951, 0.00747561], 
              [0.00747561, 0.00471951, 0.00471951, 0.983085], 
              [0.00747561, 0.00471951, 0.00471951, 0.983085], 
              [0.00747561, 0.00471951, 0.00471951, 0.983085], 
              [0.00747561, 0.00471951, 0.736427, 0.251378], 
              [0.00747561, 0.736427, 0.248622, 0.00747561], 
              [0.00747561, 0.248622, 0.00471951, 0.739183], 
              [0.00747561, 0.00471951, 0.00471951, 0.983085], 
              [0.00747561, 0.248622, 0.00471951, 0.739183], 
              [0.00747561, 0.00471951, 0.248622, 0.739183], 
              [0.00747561, 0.248622, 0.736427, 0.00747561], 
              [0.00747561, 0.00471951, 0.736427, 0.251378], 
              [0.00747561, 0.00471951, 0.980329, 0.00747561]
            ]
          }, {
            "db": 0,
            "id": "GGCCTHAGDGCCAC",
            "alt": "MEME-6",
            "len": 14,
            "nsites": 4,
            "evalue": "1.1e+004",
            "pwm": [
              [0.00747561, 0.00471951, 0.736427, 0.251378], 
              [0.00747561, 0.00471951, 0.980329, 0.00747561], 
              [0.251378, 0.736427, 0.00471951, 0.00747561], 
              [0.00747561, 0.980329, 0.00471951, 0.00747561], 
              [0.00747561, 0.00471951, 0.00471951, 0.983085], 
              [0.251378, 0.248622, 0.00471951, 0.49528], 
              [0.739183, 0.00471951, 0.248622, 0.00747561], 
              [0.00747561, 0.248622, 0.736427, 0.00747561], 
              [0.49528, 0.00471951, 0.248622, 0.251378], 
              [0.00747561, 0.00471951, 0.980329, 0.00747561], 
              [0.00747561, 0.980329, 0.00471951, 0.00747561], 
              [0.251378, 0.736427, 0.00471951, 0.00747561], 
              [0.739183, 0.00471951, 0.248622, 0.00747561], 
              [0.00747561, 0.980329, 0.00471951, 0.00747561]
            ]
          }, {
            "db": 0,
            "id": "GGGTGGG",
            "alt": "MEME-7",
            "len": 7,
            "nsites": 2,
            "evalue": "2.0e+004",
            "pwm": [
              [0.0145952, 0.00921429, 0.961595, 0.0145952], 
              [0.0145952, 0.00921429, 0.961595, 0.0145952], 
              [0.0145952, 0.00921429, 0.961595, 0.0145952], 
              [0.0145952, 0.00921429, 0.00921429, 0.966976], 
              [0.0145952, 0.00921429, 0.961595, 0.0145952], 
              [0.0145952, 0.00921429, 0.961595, 0.0145952], 
              [0.0145952, 0.00921429, 0.961595, 0.0145952]
            ]
          }, {
            "db": 0,
            "id": "GMWYRRSAAAVGKAASAGKVAG",
            "alt": "MEME-1",
            "len": 22,
            "nsites": 9,
            "evalue": "2.8e-006",
            "pwm": [
              [0.00336813, 0.00212637, 0.991137, 0.00336813], 
              [0.333038, 0.551577, 0.112016, 0.00336813], 
              [0.442928, 0.112016, 0.112016, 0.333038], 
              [0.113258, 0.441686, 0.00212637, 0.442928], 
              [0.333038, 0.112016, 0.551577, 0.00336813], 
              [0.333038, 0.00212637, 0.551577, 0.113258], 
              [0.00336813, 0.661467, 0.331796, 0.00336813], 
              [0.772599, 0.00212637, 0.112016, 0.113258], 
              [0.552819, 0.221906, 0.221906, 0.00336813], 
              [0.992379, 0.00212637, 0.00212637, 0.00336813], 
              [0.333038, 0.221906, 0.331796, 0.113258], 
              [0.113258, 0.00212637, 0.881247, 0.00336813], 
              [0.00336813, 0.00212637, 0.661467, 0.333038], 
              [0.772599, 0.00212637, 0.221906, 0.00336813], 
              [0.882489, 0.00212637, 0.112016, 0.00336813], 
              [0.00336813, 0.661467, 0.331796, 0.00336813], 
              [0.882489, 0.00212637, 0.00212637, 0.113258], 
              [0.00336813, 0.00212637, 0.771357, 0.223148], 
              [0.113258, 0.00212637, 0.551577, 0.333038], 
              [0.223148, 0.441686, 0.331796, 0.00336813], 
              [0.992379, 0.00212637, 0.00212637, 0.00336813], 
              [0.113258, 0.00212637, 0.881247, 0.00336813]
            ]
          }, {
            "db": 0,
            "id": "SATGVARKBCTYBCCTMRGBCA",
            "alt": "MEME-5",
            "len": 22,
            "nsites": 5,
            "evalue": "2.0e+001",
            "pwm": [
              [0.0060098, 0.592029, 0.395951, 0.0060098], 
              [0.790324, 0.00379412, 0.199873, 0.0060098], 
              [0.202088, 0.00379412, 0.00379412, 0.790324], 
              [0.202088, 0.00379412, 0.788108, 0.0060098], 
              [0.398167, 0.199873, 0.395951, 0.0060098], 
              [0.986402, 0.00379412, 0.00379412, 0.0060098], 
              [0.594245, 0.00379412, 0.395951, 0.0060098], 
              [0.0060098, 0.00379412, 0.395951, 0.594245], 
              [0.0060098, 0.395951, 0.199873, 0.398167], 
              [0.0060098, 0.984186, 0.00379412, 0.0060098], 
              [0.0060098, 0.00379412, 0.199873, 0.790324], 
              [0.0060098, 0.592029, 0.00379412, 0.398167], 
              [0.0060098, 0.199873, 0.395951, 0.398167], 
              [0.0060098, 0.984186, 0.00379412, 0.0060098], 
              [0.0060098, 0.984186, 0.00379412, 0.0060098], 
              [0.0060098, 0.00379412, 0.00379412, 0.986402], 
              [0.594245, 0.395951, 0.00379412, 0.0060098], 
              [0.594245, 0.00379412, 0.395951, 0.0060098], 
              [0.0060098, 0.00379412, 0.788108, 0.202088], 
              [0.0060098, 0.395951, 0.395951, 0.202088], 
              [0.0060098, 0.984186, 0.00379412, 0.0060098], 
              [0.986402, 0.00379412, 0.00379412, 0.0060098]
            ]
          }
        ],
        "targets": [
          {
            "db": 0,
            "id": "ALX3_HUMAN.H11MO.0.D",
            "len": 11,
            "nsites": 8236,
            "evalue": "1.0e+000",
            "url": "http://hocomoco.autosome.ru/motif/ALX3_HUMAN.H11MO.0.D",
            "pwm": [
              [0.0593558, 0.0292875, 0.0125401, 0.898817], 
              [0.935255, 0.000883791, 0.0127343, 0.0511273], 
              [0.99982, 2.68339e-05, 0.000124772, 2.82059e-05], 
              [0.000493411, 0.00401781, 0.000198225, 0.995291], 
              [0.00685938, 0.109791, 0.0166518, 0.866698], 
              [0.703233, 0.00166729, 0.295096, 3.72142e-06], 
              [0.476897, 0.0894459, 0.412179, 0.0214783], 
              [0.658444, 0.158693, 0.132124, 0.050739], 
              [0.0224595, 0.0203034, 0.0188344, 0.938403], 
              [0.171225, 0.0612187, 0.0304662, 0.73709], 
              [0.80054, 0.0456256, 0.0573781, 0.0964568]
            ]
          }, {
            "db": 0,
            "id": "ALX4_HUMAN.H11MO.0.D",
            "len": 12,
            "nsites": 23223,
            "evalue": "1.0e+000",
            "url": "http://hocomoco.autosome.ru/motif/ALX4_HUMAN.H11MO.0.D",
            "pwm": [
              [0.166685, 0.314129, 0.138493, 0.380693], 
              [0.00484371, 0.00162967, 0.0010177, 0.992509], 
              [0.995913, 0.000171972, 0.000838023, 0.00307718], 
              [0.999929, 1.43535e-05, 4.13941e-05, 1.48401e-05], 
              [1.31981e-06, 0.000342398, 5.49144e-05, 0.999601], 
              [0.000334346, 0.0441239, 0.000685387, 0.954856], 
              [0.785114, 8.33223e-07, 0.214884, 1.31981e-06], 
              [0.591414, 0.0179942, 0.389556, 0.00103598], 
              [0.952457, 0.00913769, 0.0295191, 0.00888627], 
              [0.00264204, 0.00363067, 0.00249781, 0.991229], 
              [0.0153977, 0.00998484, 0.00386799, 0.970749], 
              [0.980307, 0.00494748, 0.00543278, 0.00931288]
            ]
          }, {
            "db": 0,
            "id": "ANDR_HUMAN.H11MO.2.A",
            "len": 12,
            "nsites": 500,
            "evalue": "1.0e+000",
            "url": "http://hocomoco.autosome.ru/motif/ANDR_HUMAN.H11MO.2.A",
            "pwm": [
              [0.140033, 0.323974, 0.24199, 0.294002], 
              [0.248012, 0.130013, 0.118015, 0.503961], 
              [0.138034, 0.389961, 0.317975, 0.15403], 
              [0.0460521, 0.0160355, 0.00203829, 0.935874], 
              [0.00606009, 0.0200347, 0.969845, 0.00406049], 
              [0.0100593, 0.0120363, 0.00203829, 0.975866], 
              [0.0540505, 0.120015, 0.188001, 0.637934], 
              [6.12877e-05, 0.983842, 0.00603749, 0.0100593], 
              [0.0280557, 0.405958, 0.00403789, 0.561949], 
              [0.172027, 0.237991, 0.114016, 0.475966], 
              [0.186024, 0.140011, 0.269985, 0.403981], 
              [0.122037, 0.217995, 0.24199, 0.417978]
            ]
          }, {
            "db": 0,
            "id": "ARI3A_HUMAN.H11MO.0.D",
            "len": 22,
            "nsites": 44,
            "evalue": "1.0e+000",
            "url": "http://hocomoco.autosome.ru/motif/ARI3A_HUMAN.H11MO.0.D",
            "pwm": [
              [0.390452, 0.0965307, 0.325528, 0.18749], 
              [0.680967, 0.0911417, 0.000438776, 0.227452], 
              [0.112954, 0.000438776, 0.000438776, 0.886169], 
              [0.158305, 0.000438776, 0.000438776, 0.840817], 
              [0.953076, 0.0457902, 0.000438776, 0.000695011], 
              [0.93152, 0.067346, 0.000438776, 0.000695011], 
              [0.475766, 0.000438776, 0.0242345, 0.499561], 
              [0.000695011, 0.408602, 0.227196, 0.363507], 
              [0.29436, 0.181845, 0.432398, 0.091398], 
              [0.499561, 0.0457902, 0.363251, 0.091398], 
              [0.45421, 0.0457902, 0.158049, 0.341951], 
              [0.728558, 0.000438776, 0.0911417, 0.179861], 
              [0.136749, 0.0457902, 0.0911417, 0.726319], 
              [0.160545, 0.568452, 0.0457902, 0.225212], 
              [0.726319, 0.000438776, 0.000438776, 0.272804], 
              [0.750114, 0.0457902, 0.000438776, 0.203657], 
              [0.953076, 0.000438776, 0.000438776, 0.0460465], 
              [0.408858, 0.000438776, 0.0457902, 0.544913], 
              [0.115194, 0.136493, 0.0911417, 0.657171], 
              [0.521117, 0.136493, 0.0242345, 0.318155], 
              [0.61182, 0.0695859, 0.000438776, 0.318155], 
              [0.6648, 0.00582772, 0.0749749, 0.254397]
            ]
          }, {
            "db": 0,
            "id": "ARX_HUMAN.H11MO.0.D",
            "len": 13,
            "nsites": 623,
            "evalue": "1.0e+000",
            "url": "http://hocomoco.autosome.ru/motif/ARX_HUMAN.H11MO.0.D",
            "pwm": [
              [0.154483, 0.281498, 0.154441, 0.409579], 
              [0.0597586, 0.0575853, 0.0565078, 0.826148], 
              [0.964916, 0.00488008, 0.0167094, 0.0134949], 
              [0.972728, 0.00407191, 0.0180326, 0.0051676], 
              [0.00409004, 0.0793583, 0.00622703, 0.910325], 
              [0.00031858, 0.406136, 0.0261143, 0.567431], 
              [0.00031858, 0.258558, 0.001378, 0.739746], 
              [0.942017, 0.001378, 0.0552084, 0.00139614], 
              [0.996925, 0.000300444, 0.000300444, 0.0024737], 
              [0.00085736, 0.000839225, 0.000839225, 0.997464], 
              [0.0172664, 0.00110861, 0.00110861, 0.980516], 
              [0.745833, 0.0825612, 0.0836388, 0.0879672], 
              [0.312981, 0.166534, 0.370073, 0.150412]
            ]
          }, {
            "db": 0,
            "id": "BC11A_HUMAN.H11MO.0.A",
            "len": 17,
            "nsites": 500,
            "evalue": "1.0e+000",
            "url": "http://hocomoco.autosome.ru/motif/BC11A_HUMAN.H11MO.0.A",
            "pwm": [
              [0.375741, 0.184613, 0.286183, 0.153462], 
              [0.550591, 0.0994592, 0.224083, 0.125867], 
              [0.500176, 0.142352, 0.230703, 0.12677], 
              [0.589993, 0.0166051, 0.22604, 0.167362], 
              [0.187446, 0.160785, 0.580405, 0.0713633], 
              [0.664522, 0.0145703, 0.269365, 0.0515423], 
              [0.104048, 0.0144771, 0.828539, 0.0529352], 
              [0.200428, 0.0327604, 0.758535, 0.00827623], 
              [0.880109, 0.043114, 0.0485862, 0.0281908], 
              [0.867875, 0.00582835, 0.0555329, 0.0707637], 
              [0.24841, 0.226035, 0.502129, 0.0234252], 
              [0.150169, 0.154981, 0.0315472, 0.663303], 
              [0.117844, 0.072481, 0.760177, 0.0494978], 
              [0.65876, 0.0644017, 0.250652, 0.0261861], 
              [0.458796, 0.143442, 0.310155, 0.0876074], 
              [0.622713, 0.0788337, 0.157283, 0.14117], 
              [0.358997, 0.204689, 0.318065, 0.11825]
            ]
          }, {
            "db": 0,
            "id": "CDX2_HUMAN.H11MO.0.A",
            "len": 12,
            "nsites": 151,
            "evalue": "1.0e+000",
            "url": "http://hocomoco.autosome.ru/motif/CDX2_HUMAN.H11MO.0.A",
            "pwm": [
              [0.15242, 0.119254, 0.211908, 0.516417], 
              [0.059766, 0.0729275, 0.0596913, 0.807615], 
              [0.106093, 0.000128061, 0.0663094, 0.82747], 
              [0.0862386, 0.244999, 0.1722, 0.496563], 
              [0.986305, 0.00674619, 0.00674619, 0.000202846], 
              [0.00682098, 0.0530731, 0.0133643, 0.926742], 
              [0.0465298, 0.000128061, 0.31118, 0.642162], 
              [0.185511, 0.00674619, 0.80754, 0.000202846], 
              [0.0134391, 0.761213, 0.132491, 0.0928567], 
              [0.264928, 0.211908, 0.0861638, 0.437], 
              [0.139184, 0.198672, 0.350889, 0.311255], 
              [0.0134391, 0.231763, 0.1722, 0.582599]
            ]
          }, {
            "db": 0,
            "id": "COT2_HUMAN.H11MO.0.A",
            "len": 13,
            "nsites": 500,
            "evalue": "1.0e+000",
            "url": "http://hocomoco.autosome.ru/motif/COT2_HUMAN.H11MO.0.A",
            "pwm": [
              [0.188831, 0.47031, 0.185436, 0.155423], 
              [0.666724, 0.149229, 0.0850809, 0.0989658], 
              [0.531154, 0.0743025, 0.343912, 0.0506317], 
              [0.732769, 0.00213026, 0.259155, 0.00594561], 
              [0.00756891, 3.86923e-05, 0.981043, 0.0113497], 
              [0.0355278, 0.0074629, 0.903603, 0.0534064], 
              [0.00756939, 0.0501467, 0.0817563, 0.860528], 
              [0.0018801, 0.925653, 0.0217661, 0.0507004], 
              [0.98832, 3.86923e-05, 0.00797858, 0.00366234], 
              [0.373572, 0.120955, 0.377545, 0.127928], 
              [0.408918, 0.11664, 0.383309, 0.0911335], 
              [0.21284, 0.0574982, 0.564791, 0.164871], 
              [0.232587, 0.127378, 0.379902, 0.260134]
            ]
          }, {
            "db": 0,
            "id": "DRGX_HUMAN.H11MO.0.D",
            "len": 11,
            "nsites": 10531,
            "evalue": "1.0e+000",
            "url": "http://hocomoco.autosome.ru/motif/DRGX_HUMAN.H11MO.0.D",
            "pwm": [
              [0.0552441, 0.0103284, 0.00292176, 0.931506], 
              [0.940313, 0.00213837, 0.0374623, 0.0200863], 
              [0.996884, 0.0010701, 0.00116506, 0.000881261], 
              [0.0122761, 0.105143, 0.010186, 0.872395], 
              [0.0104719, 0.314618, 0.091564, 0.583347], 
              [2.66496e-05, 0.320315, 2.55766e-05, 0.679633], 
              [0.827362, 0.010732, 0.158295, 0.00361127], 
              [0.997501, 0.000642796, 0.00111758, 0.000738826], 
              [0.000192824, 0.000286708, 0.000286708, 0.999234], 
              [0.0307927, 0.00904648, 0.000310447, 0.95985], 
              [0.949239, 0.0011888, 0.0103047, 0.0392676]
            ]
          }, {
            "db": 0,
            "id": "EGR2_HUMAN.H11MO.0.A",
            "len": 18,
            "nsites": 500,
            "evalue": "1.0e+000",
            "url": "http://hocomoco.autosome.ru/motif/EGR2_HUMAN.H11MO.0.A",
            "pwm": [
              [0.216018, 0.0740239, 0.611916, 0.0980417], 
              [0.294002, 0.0960195, 0.411956, 0.198022], 
              [0.228016, 0.0740239, 0.621914, 0.0760461], 
              [0.25401, 0.0680251, 0.501938, 0.176026], 
              [0.319997, 0.104018, 0.505938, 0.0700473], 
              [0.150031, 0.104018, 0.449949, 0.296002], 
              [0.0760461, 0.102018, 0.765886, 0.0560501], 
              [0.369987, 0.190001, 0.0440299, 0.395982], 
              [0.0340545, 0.0220343, 0.929853, 0.0140585], 
              [0.0400533, 0.0120363, 0.461946, 0.485964], 
              [0.182025, 0.00603749, 0.79388, 0.0180577], 
              [0.0360541, 0.0140359, 0.889861, 0.0600493], 
              [0.0240565, 0.0400307, 0.915856, 0.0200573], 
              [0.349991, 0.281982, 0.0220343, 0.345992], 
              [0.0580497, 0.00603749, 0.873864, 0.0620489], 
              [0.0760461, 0.0340319, 0.781882, 0.10804], 
              [0.341993, 0.0740239, 0.501938, 0.0820449], 
              [0.25401, 0.0480291, 0.561926, 0.136034]
            ]
          }, {
            "db": 0,
            "id": "EGR2_HUMAN.H11MO.1.A",
            "len": 16,
            "nsites": 498,
            "evalue": "1.0e+000",
            "url": "http://hocomoco.autosome.ru/motif/EGR2_HUMAN.H11MO.1.A",
            "pwm": [
              [0.194802, 0.144588, 0.457778, 0.202832], 
              [0.28113, 0.172695, 0.453763, 0.0924125], 
              [0.188779, 0.10042, 0.373458, 0.337343], 
              [0.062298, 0.0662906, 0.849266, 0.0221455], 
              [0.244992, 0.365427, 0.0582601, 0.33132], 
              [0.00608442, 0.0181075, 0.969724, 0.00608442], 
              [0.0121073, 0.010077, 0.347359, 0.630457], 
              [0.162679, 0.00405411, 0.813129, 0.0201378], 
              [0.0241531, 0.010077, 0.923548, 0.0422217], 
              [0.0241531, 0.0181075, 0.953663, 0.00407679], 
              [0.321282, 0.357397, 0.0120846, 0.309236], 
              [0.0321836, 0.00606173, 0.911502, 0.0502523], 
              [0.0683209, 0.0281457, 0.712747, 0.190786], 
              [0.299198, 0.0943974, 0.459786, 0.146618], 
              [0.220901, 0.080344, 0.52403, 0.174725], 
              [0.188779, 0.164664, 0.515999, 0.130557]
            ]
          }, {
            "db": 0,
            "id": "EVI1_HUMAN.H11MO.0.B",
            "len": 16,
            "nsites": 141,
            "evalue": "1.0e+000",
            "url": "http://hocomoco.autosome.ru/motif/EVI1_HUMAN.H11MO.0.B",
            "pwm": [
              [0.418896, 0.152782, 0.189302, 0.239019], 
              [0.635778, 0.0373101, 0.0836268, 0.243285], 
              [0.0211171, 0.0295276, 0.90674, 0.0426152], 
              [0.972731, 0.00601523, 0.00601523, 0.015239], 
              [0.0413639, 0.455683, 0.00601523, 0.496938], 
              [0.951831, 0.00601523, 0.0177714, 0.0243827], 
              [0.917569, 0.000137137, 0.0157846, 0.066509], 
              [0.0306962, 0.00601523, 0.961983, 0.00130576], 
              [0.966852, 0.000137137, 0.000137137, 0.0328733], 
              [0.000217222, 0.124691, 0.00536211, 0.86973], 
              [0.900181, 0.0325206, 0.000137137, 0.0671612], 
              [0.771734, 0.00928084, 0.156722, 0.0622638], 
              [0.210901, 0.183445, 0.352273, 0.253381], 
              [0.743787, 0.092035, 0.0764974, 0.0876806], 
              [0.12937, 0.156068, 0.308136, 0.406425], 
              [0.490365, 0.119181, 0.158423, 0.232031]
            ]
          }, {
            "db": 0,
            "id": "EVX2_HUMAN.H11MO.0.A",
            "len": 13,
            "nsites": 500,
            "evalue": "1.0e+000",
            "url": "http://hocomoco.autosome.ru/motif/EVX2_HUMAN.H11MO.0.A",
            "pwm": [
              [0.164028, 0.176003, 0.361966, 0.298002], 
              [0.116038, 0.182002, 0.207997, 0.493963], 
              [0.0120589, 0.0100367, 0.0140359, 0.963869], 
              [0.0140585, 0.00803709, 3.86923e-05, 0.977866], 
              [0.0280557, 0.0220343, 0.0280331, 0.921877], 
              [0.983865, 0.0100367, 0.00403789, 0.00206089], 
              [0.00406049, 0.0580271, 3.86923e-05, 0.937874], 
              [0.0460521, 0.00603749, 0.49594, 0.451971], 
              [0.385984, 3.86923e-05, 0.605918, 0.00805969], 
              [0.0460521, 0.735892, 0.106017, 0.112039], 
              [0.15603, 0.413956, 0.0480291, 0.381985], 
              [0.128036, 0.307977, 0.196, 0.367988], 
              [0.142033, 0.249989, 0.190001, 0.417978]
            ]
          }, {
            "db": 0,
            "id": "FOXD3_HUMAN.H11MO.0.D",
            "len": 15,
            "nsites": 465,
            "evalue": "1.0e+000",
            "url": "http://hocomoco.autosome.ru/motif/FOXD3_HUMAN.H11MO.0.D",
            "pwm": [
              [0.157021, 0.176348, 0.298902, 0.367729], 
              [0.11832, 0.217199, 0.266651, 0.39783], 
              [0.135521, 0.00649183, 0.0559436, 0.802044], 
              [0.0387673, 0.068844, 0.872972, 0.0194166], 
              [0.0925191, 0.0516434, 0.0365929, 0.819245], 
              [0.0366172, 0.111846, 0.0494933, 0.802044], 
              [0.0538178, 4.1604e-05, 0.0946449, 0.851496], 
              [0.339778, 0.199999, 0.2258, 0.234424], 
              [0.0581179, 0.599913, 0.0623938, 0.279576], 
              [0.294626, 0.202149, 0.040893, 0.462332], 
              [0.10972, 0.223649, 0.0709941, 0.595637], 
              [0.40428, 0.0473433, 0.146247, 0.40213], 
              [0.230124, 0.141947, 0.427907, 0.200023], 
              [0.101119, 0.363404, 0.348354, 0.187122], 
              [0.356978, 0.292452, 0.111846, 0.238724]
            ]
          }, {
            "db": 0,
            "id": "FOXF1_HUMAN.H11MO.0.D",
            "len": 11,
            "nsites": 8,
            "evalue": "1.0e+000",
            "url": "http://hocomoco.autosome.ru/motif/FOXF1_HUMAN.H11MO.0.D",
            "pwm": [
              [0.414096, 0.151263, 0.151263, 0.283377], 
              [0.00378395, 0.00238889, 0.00238889, 0.991438], 
              [0.134503, 0.00238889, 0.859324, 0.00378395], 
              [0.00378395, 0.00238889, 0.00238889, 0.991438], 
              [0.00378395, 0.00238889, 0.00238889, 0.991438], 
              [0.00378395, 0.00238889, 0.00238889, 0.991438], 
              [0.73, 0.0677484, 0.198467, 0.00378395], 
              [0.00378395, 0.133108, 0.00238889, 0.860719], 
              [0.0219394, 0.151263, 0.151263, 0.675534], 
              [0.265222, 0.169419, 0.00238889, 0.562971], 
              [0.432252, 0.00238889, 0.0386997, 0.52666]
            ]
          }, {
            "db": 0,
            "id": "GCR_HUMAN.H11MO.1.A",
            "len": 12,
            "nsites": 500,
            "evalue": "1.0e+000",
            "url": "http://hocomoco.autosome.ru/motif/GCR_HUMAN.H11MO.1.A",
            "pwm": [
              [0.383985, 0.305978, 0.110017, 0.200021], 
              [0.425976, 0.140011, 0.305978, 0.128036], 
              [0.493963, 0.00203829, 0.49194, 0.0120589], 
              [0.00406049, 0.00203829, 0.99384, 6.12877e-05], 
              [0.609939, 0.0440299, 0.196, 0.150031], 
              [0.987864, 0.00803709, 0.00403789, 6.12877e-05], 
              [0.00206089, 0.99384, 0.00403789, 6.12877e-05], 
              [0.981865, 3.86923e-05, 0.00203829, 0.0160581], 
              [0.122037, 0.188001, 0.533932, 0.15603], 
              [0.487964, 0.0820223, 0.178003, 0.252011], 
              [0.343993, 0.24399, 0.311976, 0.100041], 
              [0.286004, 0.209997, 0.0540279, 0.449971]
            ]
          }, {
            "db": 0,
            "id": "HXC9_HUMAN.H11MO.0.C",
            "len": 10,
            "nsites": 500,
            "evalue": "1.0e+000",
            "url": "http://hocomoco.autosome.ru/motif/HXC9_HUMAN.H11MO.0.C",
            "pwm": [
              [0.260009, 0.156007, 0.0740239, 0.509959], 
              [0.0400533, 0.0280331, 0.0460295, 0.885884], 
              [0.00805969, 0.0120363, 0.0160355, 0.963869], 
              [0.224016, 0.126013, 0.0320323, 0.617938], 
              [0.959869, 0.0240339, 0.0120363, 0.00406049], 
              [0.0120589, 0.0240339, 0.0180351, 0.945872], 
              [0.0520509, 0.00403789, 0.453948, 0.489963], 
              [0.15603, 0.0140359, 0.801878, 0.0280557], 
              [0.0220569, 0.773884, 0.134012, 0.0700473], 
              [0.288004, 0.399959, 0.0160355, 0.296002]
            ]
          }, {
            "db": 0,
            "id": "IRF1_HUMAN.H11MO.0.A",
            "len": 20,
            "nsites": 499,
            "evalue": "1.0e+000",
            "url": "http://hocomoco.autosome.ru/motif/IRF1_HUMAN.H11MO.0.A",
            "pwm": [
              [0.338671, 0.176356, 0.356681, 0.128292], 
              [0.605151, 0.0982155, 0.192385, 0.104249], 
              [0.657244, 0.0962119, 0.12827, 0.118274], 
              [0.735385, 0.0741722, 0.0781794, 0.112263], 
              [0.31062, 0.22845, 0.266518, 0.194411], 
              [0.298599, 0.138288, 0.152313, 0.410801], 
              [0.166361, 0.0080532, 0.821517, 0.00406862], 
              [0.933742, 0.0100568, 0.0461217, 0.0100794], 
              [0.987839, 0.00204238, 3.87698e-05, 0.0100794], 
              [0.983832, 0.00204238, 0.00604959, 0.00807584], 
              [0.136307, 0.364695, 0.468883, 0.0301155], 
              [0.200422, 0.100219, 0.0220784, 0.67728], 
              [0.106253, 0.00404598, 0.887636, 0.00206502], 
              [0.937749, 0.0160676, 0.0421145, 0.00406862], 
              [0.961793, 3.87698e-05, 0.0280893, 0.0100794], 
              [0.985836, 0.00404598, 0.00404598, 0.00607223], 
              [0.0441408, 0.360688, 0.547023, 0.048148], 
              [0.196415, 0.242475, 0.0761758, 0.484934], 
              [0.468905, 0.124262, 0.308594, 0.0982381], 
              [0.436848, 0.160327, 0.268522, 0.134303]
            ]
          }, {
            "db": 0,
            "id": "IRF3_HUMAN.H11MO.0.B",
            "len": 20,
            "nsites": 500,
            "evalue": "1.0e+000",
            "url": "http://hocomoco.autosome.ru/motif/IRF3_HUMAN.H11MO.0.B",
            "pwm": [
              [0.300001, 0.0780231, 0.513936, 0.10804], 
              [0.603941, 0.0440299, 0.299979, 0.0520509], 
              [0.677926, 0.0660255, 0.213996, 0.0420529], 
              [0.719917, 0.0740239, 0.110017, 0.0960421], 
              [0.306, 0.108017, 0.455948, 0.130035], 
              [0.224016, 0.0540279, 0.557927, 0.164028], 
              [0.202021, 0.0540279, 0.731892, 0.0120589], 
              [0.819897, 0.0180351, 0.148009, 0.0140585], 
              [0.815898, 0.0360315, 0.126013, 0.0220569], 
              [0.899881, 0.0160355, 0.0300327, 0.0540505], 
              [0.224016, 0.261986, 0.44595, 0.0680477], 
              [0.292003, 0.0880211, 0.401958, 0.218018], 
              [0.200021, 0.00603749, 0.783882, 0.0100593], 
              [0.673927, 0.0240339, 0.289981, 0.0120589], 
              [0.879885, 0.0360315, 0.0720243, 0.0120589], 
              [0.941873, 0.00403789, 0.0400307, 0.0140585], 
              [0.0960421, 0.313976, 0.547929, 0.0420529], 
              [0.266008, 0.14201, 0.273984, 0.317998], 
              [0.228016, 0.122014, 0.585922, 0.0640485], 
              [0.681925, 0.0700247, 0.178003, 0.0700473]
            ]
          }, {
            "db": 0,
            "id": "IRF4_HUMAN.H11MO.0.A",
            "len": 18,
            "nsites": 500,
            "evalue": "1.0e+000",
            "url": "http://hocomoco.autosome.ru/motif/IRF4_HUMAN.H11MO.0.A",
            "pwm": [
              [0.353991, 0.176003, 0.323974, 0.146032], 
              [0.529955, 0.112016, 0.192, 0.166028], 
              [0.651931, 0.0720243, 0.112016, 0.164028], 
              [0.487964, 0.0600267, 0.194, 0.25801], 
              [0.236014, 0.126013, 0.573924, 0.0640485], 
              [0.511959, 0.146009, 0.303978, 0.0380537], 
              [0.214018, 0.00403789, 0.759887, 0.0220569], 
              [0.0300553, 0.0160355, 0.951848, 0.00206089], 
              [0.969867, 0.0180351, 0.00403789, 0.00805969], 
              [0.959869, 0.00403789, 0.0100367, 0.0260561], 
              [0.0580497, 0.437951, 0.479943, 0.0240565], 
              [0.0680477, 0.0840219, 0.0220343, 0.825896], 
              [0.0360541, 0.0160355, 0.94385, 0.00406049], 
              [0.899881, 0.00403789, 0.0840219, 0.0120589], 
              [0.691923, 0.0280331, 0.259987, 0.0200573], 
              [0.935874, 0.0320323, 0.0180351, 0.0140585], 
              [0.168028, 0.44395, 0.349969, 0.0380537], 
              [0.20802, 0.275984, 0.0940199, 0.421977]
            ]
          }, {
            "db": 0,
            "id": "KLF16_HUMAN.H11MO.0.D",
            "len": 19,
            "nsites": 650,
            "evalue": "1.0e+000",
            "url": "http://hocomoco.autosome.ru/motif/KLF16_HUMAN.H11MO.0.D",
            "pwm": [
              [0.193094, 0.162312, 0.449961, 0.194633], 
              [0.0977244, 0.12078, 0.529948, 0.251547], 
              [0.0611916, 0.0334862, 0.859513, 0.0458093], 
              [0.00812283, 0.0219495, 0.949499, 0.0204286], 
              [0.0342727, 0.00810545, 0.920273, 0.0373491], 
              [0.12772, 0.484571, 0.0123356, 0.375374], 
              [0.0458093, 0.0134892, 0.891816, 0.0488858], 
              [0.0392719, 0.0300251, 0.565327, 0.365376], 
              [0.0665754, 0.005029, 0.872588, 0.0558078], 
              [0.155408, 0.049253, 0.524564, 0.270775], 
              [0.140026, 0.267681, 0.358436, 0.233857], 
              [0.189249, 0.0877086, 0.592246, 0.130796], 
              [0.0738819, 0.0323325, 0.809136, 0.0846495], 
              [0.0615761, 0.0646352, 0.787601, 0.0861877], 
              [0.0769584, 0.0692499, 0.676849, 0.176943], 
              [0.0719592, 0.108859, 0.697999, 0.121182], 
              [0.0584997, 0.126164, 0.71069, 0.104646], 
              [0.0415792, 0.104629, 0.713766, 0.140026], 
              [0.103108, 0.146161, 0.523026, 0.227704]
            ]
          }, {
            "db": 0,
            "id": "KLF1_HUMAN.H11MO.0.A",
            "len": 14,
            "nsites": 489,
            "evalue": "1.0e+000",
            "url": "http://hocomoco.autosome.ru/motif/KLF1_HUMAN.H11MO.0.A",
            "pwm": [
              [0.339462, 0.0327527, 0.386464, 0.241322], 
              [0.00415181, 0.00208413, 0.989612, 0.00415181], 
              [0.00210724, 0.00412871, 0.987568, 0.00619638], 
              [6.26661e-05, 3.95625e-05, 0.997791, 0.00210724], 
              [0.0920684, 0.527539, 3.95625e-05, 0.380353], 
              [0.0143747, 3.95625e-05, 0.977345, 0.00824095], 
              [0.0245975, 0.0102624, 0.535717, 0.429423], 
              [0.0389095, 0.00412871, 0.90374, 0.0532215], 
              [0.0245975, 0.0225299, 0.862849, 0.0900238], 
              [0.0613998, 0.684971, 0.167694, 0.0859347], 
              [0.167718, 0.458024, 0.0940899, 0.280169], 
              [0.143183, 0.198363, 0.472336, 0.186119], 
              [0.104336, 0.202452, 0.529584, 0.163628], 
              [0.112514, 0.161561, 0.623634, 0.102291]
            ]
          }, {
            "db": 0,
            "id": "KLF4_HUMAN.H11MO.0.A",
            "len": 10,
            "nsites": 500,
            "evalue": "1.0e+000",
            "url": "http://hocomoco.autosome.ru/motif/KLF4_HUMAN.H11MO.0.A",
            "pwm": [
