<!DOCTYPE HTML>
<html>
  <head>
    <meta charset="UTF-8">
    <title>TOMTOM</title>
    <script>
      // @JSON_VAR data
      var data = {
        "program": "Tomtom",
        "version": "4.12.0",
        "release": "Tue Jun 27 16:22:50 2017 -0700",
        "cmd": [
          "tomtom", "-verbosity", "1", "-oc",
          "results/AHRpeaks_noAHREs.bed-499.fa/jaspar/meme_tomtom_out",
          "-min-overlap", "5", "-dist", "pearson", "-evalue", "-thresh", "1",
          "-no-ssc", "-bfile",
          "results/AHRpeaks_noAHREs.bed-499.fa/jaspar/background",
          "results/AHRpeaks_noAHREs.bed-499.fa/jaspar/meme_out/meme.xml",
          "/Users/filipov4/meme/db/motif_databases/JASPAR/JASPAR2018_CORE_non-redundant.meme"
        ],
        "options": {
          "strands": "both",
          "distance_measure": "pearson",
          "threshold_type": "evalue",
          "threshold_value": 1,
          "background_source": "file",
          "background_file": "results/AHRpeaks_noAHREs.bed-499.fa/jaspar/background"
        },
        "alphabet": {
          "name": "DNA",
          "like": "dna",
          "ncore": 4,
          "symbols": [
            {
              "symbol": "A",
              "name": "Adenine",
              "colour": "CC0000",
              "complement": "T"
            }, {
              "symbol": "C",
              "name": "Cytosine",
              "colour": "0000CC",
              "complement": "G"
            }, {
              "symbol": "G",
              "name": "Guanine",
              "colour": "FFB300",
              "complement": "C"
            }, {
              "symbol": "T",
              "aliases": "U",
              "name": "Thymine",
              "colour": "008000",
              "complement": "A"
            }, {
              "symbol": "N",
              "aliases": "X.",
              "name": "Any base",
              "equals": "ACGT"
            }, {
              "symbol": "V",
              "name": "Not T",
              "equals": "ACG"
            }, {
              "symbol": "H",
              "name": "Not G",
              "equals": "ACT"
            }, {
              "symbol": "D",
              "name": "Not C",
              "equals": "AGT"
            }, {
              "symbol": "B",
              "name": "Not A",
              "equals": "CGT"
            }, {
              "symbol": "M",
              "name": "Amino",
              "equals": "AC"
            }, {
              "symbol": "R",
              "name": "Purine",
              "equals": "AG"
            }, {
              "symbol": "W",
              "name": "Weak",
              "equals": "AT"
            }, {
              "symbol": "S",
              "name": "Strong",
              "equals": "CG"
            }, {
              "symbol": "Y",
              "name": "Pyrimidine",
              "equals": "CT"
            }, {
              "symbol": "K",
              "name": "Keto",
              "equals": "GT"
            }
          ]
        },
        "background": [0.2918, 0.2082, 0.2082, 0.2918],
        "query_dbs": [
          {
            "source": "results/AHRpeaks_noAHREs.bed-499.fa/jaspar/meme_out/meme.xml",
            "name": "meme",
            "loaded": 7,
            "excluded": 0,
            "last_modified": "Thu May 24 13:16:56 2018"
          }
        ],
        "target_dbs": [
          {
            "source": "/Users/filipov4/meme/db/motif_databases/JASPAR/JASPAR2018_CORE_non-redundant.meme",
            "name": "JASPAR2018 CORE non-redundant",
            "loaded": 1404,
            "excluded": 0,
            "last_modified": "Thu Dec  7 14:38:42 2017"
          }
        ],
        "queries": [
          {
            "db": 0,
            "id": "AAAAKYAGAAYYACTGATRAGGGTCTATGT",
            "alt": "MEME-6",
            "len": 30,
            "nsites": 5,
            "evalue": "4.4e-008",
            "pwm": [
              [0.790035, 0.00408235, 0.200161, 0.00572157], 
              [0.986114, 0.00408235, 0.00408235, 0.00572157], 
              [0.986114, 0.00408235, 0.00408235, 0.00572157], 
              [0.986114, 0.00408235, 0.00408235, 0.00572157], 
              [0.00572157, 0.00408235, 0.396239, 0.593957], 
              [0.00572157, 0.396239, 0.00408235, 0.593957], 
              [0.986114, 0.00408235, 0.00408235, 0.00572157], 
              [0.00572157, 0.00408235, 0.984475, 0.00572157], 
              [0.986114, 0.00408235, 0.00408235, 0.00572157], 
              [0.986114, 0.00408235, 0.00408235, 0.00572157], 
              [0.00572157, 0.396239, 0.00408235, 0.593957], 
              [0.00572157, 0.396239, 0.00408235, 0.593957], 
              [0.986114, 0.00408235, 0.00408235, 0.00572157], 
              [0.00572157, 0.984475, 0.00408235, 0.00572157], 
              [0.00572157, 0.00408235, 0.00408235, 0.986114], 
              [0.00572157, 0.00408235, 0.984475, 0.00572157], 
              [0.986114, 0.00408235, 0.00408235, 0.00572157], 
              [0.00572157, 0.00408235, 0.00408235, 0.986114], 
              [0.397878, 0.00408235, 0.592318, 0.00572157], 
              [0.986114, 0.00408235, 0.00408235, 0.00572157], 
              [0.2018, 0.00408235, 0.592318, 0.2018], 
              [0.00572157, 0.00408235, 0.984475, 0.00572157], 
              [0.00572157, 0.00408235, 0.984475, 0.00572157], 
              [0.00572157, 0.200161, 0.00408235, 0.790035], 
              [0.00572157, 0.984475, 0.00408235, 0.00572157], 
              [0.00572157, 0.200161, 0.00408235, 0.790035], 
              [0.790035, 0.00408235, 0.200161, 0.00572157], 
              [0.00572157, 0.00408235, 0.00408235, 0.986114], 
              [0.00572157, 0.00408235, 0.984475, 0.00572157], 
              [0.00572157, 0.00408235, 0.00408235, 0.986114]
            ]
          }, {
            "db": 0,
            "id": "AGRAAACAGGGTTYRAGAGCAGAGAACCRG",
            "alt": "MEME-5",
            "len": 30,
            "nsites": 6,
            "evalue": "2.4e-019",
            "pwm": [
              [0.824455, 0.167348, 0.00341312, 0.00478361], 
              [0.168718, 0.00341312, 0.823085, 0.00478361], 
              [0.496587, 0.00341312, 0.495216, 0.00478361], 
              [0.98839, 0.00341312, 0.00341312, 0.00478361], 
              [0.98839, 0.00341312, 0.00341312, 0.00478361], 
              [0.98839, 0.00341312, 0.00341312, 0.00478361], 
              [0.168718, 0.659151, 0.00341312, 0.168718], 
              [0.824455, 0.167348, 0.00341312, 0.00478361], 
              [0.168718, 0.00341312, 0.823085, 0.00478361], 
              [0.168718, 0.00341312, 0.823085, 0.00478361], 
              [0.00478361, 0.00341312, 0.98702, 0.00478361], 
              [0.00478361, 0.00341312, 0.00341312, 0.98839], 
              [0.00478361, 0.00341312, 0.00341312, 0.98839], 
              [0.00478361, 0.659151, 0.00341312, 0.332652], 
              [0.496587, 0.00341312, 0.495216, 0.00478361], 
              [0.98839, 0.00341312, 0.00341312, 0.00478361], 
              [0.00478361, 0.00341312, 0.98702, 0.00478361], 
              [0.98839, 0.00341312, 0.00341312, 0.00478361], 
              [0.00478361, 0.00341312, 0.98702, 0.00478361], 
              [0.00478361, 0.98702, 0.00341312, 0.00478361], 
              [0.98839, 0.00341312, 0.00341312, 0.00478361], 
              [0.00478361, 0.00341312, 0.98702, 0.00478361], 
              [0.98839, 0.00341312, 0.00341312, 0.00478361], 
              [0.00478361, 0.00341312, 0.98702, 0.00478361], 
              [0.98839, 0.00341312, 0.00341312, 0.00478361], 
              [0.98839, 0.00341312, 0.00341312, 0.00478361], 
              [0.00478361, 0.98702, 0.00341312, 0.00478361], 
              [0.00478361, 0.823085, 0.00341312, 0.168718], 
              [0.660522, 0.00341312, 0.331282, 0.00478361], 
              [0.00478361, 0.00341312, 0.98702, 0.00478361]
            ]
          }, {
            "db": 0,
            "id": "KTWTYTTTGTTKTTATYKYATTKRVTTTTK",
            "alt": "MEME-1",
            "len": 30,
            "nsites": 22,
            "evalue": "5.1e-044",
            "pwm": [
              [0.182316, 0.000942082, 0.317684, 0.499058], 
              [0.137067, 0.000942082, 0.0461914, 0.8158], 
              [0.634805, 0.000942082, 0.0461914, 0.318063], 
              [0.00132036, 0.0461914, 0.000942082, 0.951546], 
              [0.0465697, 0.589177, 0.000942082, 0.363311], 
              [0.00132036, 0.000942082, 0.000942082, 0.996795], 
              [0.0465697, 0.272435, 0.000942082, 0.680053], 
              [0.00132036, 0.0914397, 0.0461914, 0.861049], 
              [0.137067, 0.136689, 0.589177, 0.137067], 
              [0.318063, 0.000942082, 0.000942082, 0.680053], 
              [0.00132036, 0.000942082, 0.0914397, 0.906298], 
              [0.00132036, 0.000942082, 0.408182, 0.589556], 
              [0.00132036, 0.136689, 0.0914397, 0.770551], 
              [0.00132036, 0.000942082, 0.000942082, 0.996795], 
              [0.8158, 0.000942082, 0.136689, 0.0465697], 
              [0.091818, 0.000942082, 0.000942082, 0.906298], 
              [0.00132036, 0.45343, 0.000942082, 0.544307], 
              [0.00132036, 0.0461914, 0.408182, 0.544307], 
              [0.091818, 0.317684, 0.000942082, 0.589556], 
              [0.725303, 0.227187, 0.0461914, 0.00132036], 
              [0.0465697, 0.0461914, 0.0461914, 0.861049], 
              [0.227565, 0.000942082, 0.136689, 0.634805], 
              [0.00132036, 0.0461914, 0.362933, 0.589556], 
              [0.363311, 0.000942082, 0.45343, 0.182316], 
              [0.363311, 0.408182, 0.227187, 0.00132036], 
              [0.0465697, 0.0914397, 0.000942082, 0.861049], 
              [0.00132036, 0.0914397, 0.000942082, 0.906298], 
              [0.0465697, 0.0461914, 0.0461914, 0.861049], 
              [0.00132036, 0.000942082, 0.0461914, 0.951546], 
              [0.00132036, 0.136689, 0.45343, 0.40856]
            ]
          }, {
            "db": 0,
            "id": "RKGDGTGWGKGTGKGKSTGKG",
            "alt": "MEME-7",
            "len": 21,
            "nsites": 18,
            "evalue": "9.7e-006",
            "pwm": [
              [0.443601, 0.00115028, 0.553637, 0.00161215], 
              [0.222606, 0.00115028, 0.277394, 0.49885], 
              [0.112109, 0.00115028, 0.885128, 0.00161215], 
              [0.277855, 0.00115028, 0.332642, 0.388353], 
              [0.222606, 0.00115028, 0.553637, 0.222606], 
              [0.112109, 0.00115028, 0.166896, 0.719844], 
              [0.00161215, 0.00115028, 0.995625, 0.00161215], 
              [0.333104, 0.0563993, 0.0563993, 0.554099], 
              [0.00161215, 0.00115028, 0.995625, 0.00161215], 
              [0.112109, 0.00115028, 0.498388, 0.388353], 
              [0.00161215, 0.277394, 0.664134, 0.0568612], 
              [0.167358, 0.222145, 0.00115028, 0.609347], 
              [0.00161215, 0.00115028, 0.940376, 0.0568612], 
              [0.167358, 0.00115028, 0.277394, 0.554099], 
              [0.00161215, 0.00115028, 0.885128, 0.112109], 
              [0.0568612, 0.00115028, 0.387891, 0.554099], 
              [0.00161215, 0.387891, 0.608885, 0.00161215], 
              [0.00161215, 0.0563993, 0.0563993, 0.88559], 
              [0.0568612, 0.0563993, 0.664134, 0.222606], 
              [0.00161215, 0.0563993, 0.387891, 0.554099], 
              [0.112109, 0.111647, 0.774631, 0.00161215]
            ]
          }, {
            "db": 0,
            "id": "TCYTTSCCTMAGSCARTGTYT",
            "alt": "MEME-4",
            "len": 21,
            "nsites": 23,
            "evalue": "2.6e-022",
            "pwm": [
              [0.044553, 0.000901299, 0.0874819, 0.867064], 
              [0.0878438, 0.650252, 0.000901299, 0.261004], 
              [0.174423, 0.347222, 0.000901299, 0.477454], 
              [0.0878438, 0.000901299, 0.217351, 0.693904], 
              [0.0878438, 0.0441911, 0.130772, 0.737194], 
              [0.0012632, 0.563671, 0.433802, 0.0012632], 
              [0.0012632, 0.996572, 0.000901299, 0.0012632], 
              [0.0012632, 0.996572, 0.000901299, 0.0012632], 
              [0.0012632, 0.0874819, 0.000901299, 0.910354], 
              [0.434164, 0.347222, 0.174061, 0.044553], 
              [0.910354, 0.000901299, 0.0874819, 0.0012632], 
              [0.044553, 0.000901299, 0.953283, 0.0012632], 
              [0.044553, 0.347222, 0.563671, 0.044553], 
              [0.0012632, 0.953283, 0.000901299, 0.044553], 
              [0.823774, 0.000901299, 0.000901299, 0.174423], 
              [0.390873, 0.174061, 0.347222, 0.0878438], 
              [0.0878438, 0.0441911, 0.0874819, 0.780484], 
              [0.261004, 0.0441911, 0.693542, 0.0012632], 
              [0.044553, 0.130772, 0.174061, 0.650614], 
              [0.131134, 0.477092, 0.0874819, 0.304294], 
              [0.044553, 0.000901299, 0.0874819, 0.867064]
            ]
          }, {
            "db": 0,
            "id": "TGCAYGTATTGTCTTGATAAACATCTTAAA",
            "alt": "MEME-2",
            "len": 30,
            "nsites": 7,
            "evalue": "3.6e-032",
            "pwm": [
              [0.00410986, 0.0029324, 0.0029324, 0.990025], 
              [0.00410986, 0.0029324, 0.988848, 0.00410986], 
              [0.00410986, 0.988848, 0.0029324, 0.00410986], 
              [0.990025, 0.0029324, 0.0029324, 0.00410986], 
              [0.00410986, 0.566313, 0.143777, 0.2858], 
              [0.2858, 0.0029324, 0.707158, 0.00410986], 
              [0.00410986, 0.143777, 0.0029324, 0.84918], 
              [0.990025, 0.0029324, 0.0029324, 0.00410986], 
              [0.00410986, 0.143777, 0.0029324, 0.84918], 
              [0.00410986, 0.0029324, 0.0029324, 0.990025], 
              [0.00410986, 0.0029324, 0.988848, 0.00410986], 
              [0.00410986, 0.0029324, 0.0029324, 0.990025], 
              [0.00410986, 0.988848, 0.0029324, 0.00410986], 
              [0.00410986, 0.0029324, 0.0029324, 0.990025], 
              [0.00410986, 0.0029324, 0.0029324, 0.990025], 
              [0.00410986, 0.0029324, 0.988848, 0.00410986], 
              [0.990025, 0.0029324, 0.0029324, 0.00410986], 
              [0.00410986, 0.0029324, 0.0029324, 0.990025], 
              [0.990025, 0.0029324, 0.0029324, 0.00410986], 
              [0.990025, 0.0029324, 0.0029324, 0.00410986], 
              [0.990025, 0.0029324, 0.0029324, 0.00410986], 
              [0.00410986, 0.988848, 0.0029324, 0.00410986], 
              [0.84918, 0.0029324, 0.143777, 0.00410986], 
              [0.00410986, 0.0029324, 0.0029324, 0.990025], 
              [0.00410986, 0.988848, 0.0029324, 0.00410986], 
              [0.00410986, 0.0029324, 0.0029324, 0.990025], 
              [0.00410986, 0.0029324, 0.0029324, 0.990025], 
              [0.990025, 0.0029324, 0.0029324, 0.00410986], 
              [0.990025, 0.0029324, 0.0029324, 0.00410986], 
              [0.708335, 0.284622, 0.0029324, 0.00410986]
            ]
          }, {
            "db": 0,
            "id": "TRTTTRYTTWK",
            "alt": "MEME-3",
            "len": 11,
            "nsites": 162,
            "evalue": "9.7e-031",
            "pwm": [
              [0.000180012, 0.000128439, 0.000128439, 0.999563], 
              [0.339477, 0.000128439, 0.660215, 0.000180012], 
              [0.000180012, 0.000128439, 0.000128439, 0.999563], 
              [0.000180012, 0.000128439, 0.123509, 0.876182], 
              [0.000180012, 0.000128439, 0.000128439, 0.999563], 
              [0.493702, 0.000128439, 0.505989, 0.000180012], 
              [0.000180012, 0.536834, 0.000128439, 0.462857], 
              [0.135898, 0.216044, 0.000128439, 0.647928], 
              [0.000180012, 0.197538, 0.0124668, 0.789816], 
              [0.271617, 0.0371426, 0.166693, 0.524547], 
              [0.166744, 0.166693, 0.253058, 0.413505]
            ]
          }
        ],
        "targets": [
          {
            "db": 0,
            "id": "MA0003.3",
            "alt": "TFAP2A",
            "len": 11,
            "nsites": 5308,
            "url": "http://jaspar2018.genereg.net/matrix/MA0003.3",
            "pwm": [
              [0.321401, 0.365295, 0.0521879, 0.261116], 
              [0.02495, 0.176257, 0.790229, 0.00856334], 
              [5.49726e-06, 0.974472, 0.0255174, 5.49726e-06], 
              [5.49726e-06, 0.947852, 0.00196789, 0.0501746], 
              [0.00622138, 0.310038, 0.123942, 0.559799], 
              [0.10833, 0.505269, 0.303879, 0.0825209], 
              [0.685621, 0.187418, 0.116408, 0.0105533], 
              [0.154625, 0.0342283, 0.811143, 5.49726e-06], 
              [5.49726e-06, 0.00580881, 0.99418, 5.49726e-06], 
              [0.00578939, 0.881703, 0.108584, 0.00392342], 
              [0.351355, 0.15034, 0.24397, 0.254334]
            ]
          }, {
            "db": 0,
            "id": "MA0030.1",
            "alt": "FOXF2",
            "len": 14,
            "nsites": 27,
            "url": "http://jaspar2018.genereg.net/matrix/MA0030.1",
            "pwm": [
              [0.0379771, 0.369772, 0.259071, 0.33318], 
              [0.37008, 0.259071, 0.18527, 0.185578], 
              [0.628383, 0.14837, 0.0745689, 0.148678], 
              [0.46365, 0.17868, 0.17868, 0.178989], 
              [0.136938, 0.498923, 0.363062, 0.00107675], 
              [0.259379, 0.000768266, 0.738776, 0.00107675], 
              [0.00107675, 0.000768266, 0.000768266, 0.997387], 
              [0.997387, 0.000768266, 0.000768266, 0.00107675], 
              [0.997387, 0.000768266, 0.000768266, 0.00107675], 
              [0.997387, 0.000768266, 0.000768266, 0.00107675], 
              [0.00107675, 0.923278, 0.000768266, 0.0748774], 
              [0.997387, 0.000768266, 0.000768266, 0.00107675], 
              [0.591483, 0.14837, 0.0745689, 0.185578], 
              [0.259379, 0.14837, 0.22217, 0.37008]
            ]
          }, {
            "db": 0,
            "id": "MA0032.2",
            "alt": "FOXC1",
            "len": 11,
            "nsites": 19566,
            "url": "http://jaspar2018.genereg.net/matrix/MA0032.2",
            "pwm": [
              [0.329756, 0.0394569, 0.015538, 0.615249], 
              [0.695237, 0.0353359, 0.202155, 0.0672731], 
              [0.344387, 0.0876136, 0.105678, 0.462323], 
              [0.257364, 0.017801, 0.722131, 0.00270348], 
              [0.108395, 0.0717427, 0.016938, 0.802924], 
              [0.706923, 0.289518, 0.00113306, 0.00242648], 
              [0.991151, 0.00579103, 1.06409e-06, 0.00305748], 
              [0.983558, 0.00298005, 0.00750203, 0.00595946], 
              [0.00649846, 0.467699, 0.00878802, 0.517014], 
              [0.966338, 0.00141206, 0.0226319, 0.00961844], 
              [0.31682, 0.0736507, 0.0523318, 0.557199]
            ]
          }, {
            "db": 0,
            "id": "MA0033.2",
            "alt": "FOXL1",
            "len": 7,
            "nsites": 4933,
            "url": "http://jaspar2018.genereg.net/matrix/MA0033.2",
            "pwm": [
              [0.426107, 0.00263917, 0.542868, 0.0283853], 
              [0.00192688, 0.0799106, 4.22047e-06, 0.918158], 
              [0.874645, 0.114915, 0.010434, 5.91514e-06], 
              [0.98902, 0.00786706, 4.22047e-06, 0.00310985], 
              [0.973113, 0.0166979, 0.010183, 5.91514e-06], 
              [5.91514e-06, 0.778858, 4.22047e-06, 0.221131], 
              [0.98535, 0.011136, 4.22047e-06, 0.00350984]
            ]
          }, {
            "db": 0,
            "id": "MA0039.3",
            "alt": "KLF4",
            "len": 11,
            "nsites": 969,
            "url": "http://jaspar2018.genereg.net/matrix/MA0039.3",
            "pwm": [
              [0.270384, 0.496358, 0.130039, 0.103218], 
              [0.120761, 0.668683, 0.108369, 0.102187], 
              [0.953492, 0.014468, 0.0185956, 0.0134447], 
              [0.00828526, 0.978249, 0.00621284, 0.00725336], 
              [0.856495, 0.00208527, 0.126943, 0.0144766], 
              [0.0134447, 0.943164, 0.0185956, 0.0247956], 
              [0.029955, 0.938005, 0.0175637, 0.0144766], 
              [0.0155085, 0.96277, 0.00414906, 0.0175723], 
              [0.267289, 0.0743168, 0.0402653, 0.618129], 
              [0.189897, 0.287918, 0.292045, 0.23014], 
              [0.237364, 0.304428, 0.208462, 0.249746]
            ]
          }, {
            "db": 0,
            "id": "MA0041.1",
            "alt": "Foxd3",
            "len": 12,
            "nsites": 47,
            "url": "http://jaspar2018.genereg.net/matrix/MA0041.1",
            "pwm": [
              [0.234166, 0.0641365, 0.552459, 0.149239], 
              [0.637562, 0.0429047, 0.000442038, 0.319091], 
              [0.510173, 0.0216739, 0.000442038, 0.467711], 
              [0.0218514, 0.0853673, 0.000442038, 0.892339], 
              [0.255396, 0.000442038, 0.72231, 0.0218514], 
              [0.000619533, 0.000442038, 0.000442038, 0.998496], 
              [0.0218514, 0.000442038, 0.000442038, 0.977265], 
              [0.106777, 0.000442038, 0.212756, 0.680025], 
              [0.297859, 0.000442038, 0.446302, 0.255396], 
              [0.128008, 0.149062, 0.000442038, 0.722488], 
              [0.0218514, 0.0429047, 0.0853673, 0.849877], 
              [0.000619533, 0.255219, 0.000442038, 0.743719]
            ]
          }, {
            "db": 0,
            "id": "MA0042.2",
            "alt": "FOXI1",
            "len": 7,
            "nsites": 5832,
            "url": "http://jaspar2018.genereg.net/matrix/MA0042.2",
            "pwm": [
              [0.10597, 0.00669046, 0.887334, 5.00334e-06], 
              [0.0138518, 0.0112314, 0.00655246, 0.968364], 
              [0.899677, 0.093882, 0.00643646, 5.00334e-06], 
              [0.995563, 0.00442849, 3.5699e-06, 5.00334e-06], 
              [0.977694, 0.0043485, 0.00548248, 0.0124738], 
              [0.0253676, 0.836015, 0.00775744, 0.130859], 
              [0.992889, 0.00230553, 0.00480049, 5.00334e-06]
            ]
          }, {
            "db": 0,
            "id": "MA0047.2",
            "alt": "Foxa2",
            "len": 12,
            "nsites": 808,
            "url": "http://jaspar2018.genereg.net/matrix/MA0047.2",
            "pwm": [
              [0.00127396, 0.00126361, 0.00126361, 0.9962], 
              [0.273179, 0.00373331, 0.719344, 0.00374365], 
              [0.00127196, 0.00126161, 0.00126161, 0.996205], 
              [0.00127196, 0.00373331, 0.0445193, 0.950474], 
              [0.00126896, 0.00125861, 0.215782, 0.78169], 
              [0.908566, 0.00496315, 0.0827315, 0.00373965], 
              [0.0025048, 0.894977, 0.00249446, 0.100024], 
              [0.417784, 0.095193, 0.00373331, 0.483289], 
              [0.0618335, 0.32755, 0.0717099, 0.538906], 
              [0.516701, 0.00745984, 0.0297621, 0.446078], 
              [0.162547, 0.0657746, 0.597967, 0.173712], 
              [0.160664, 0.242835, 0.361127, 0.235374]
            ]
          }, {
            "db": 0,
            "id": "MA0073.1",
            "alt": "RREB1",
            "len": 20,
            "nsites": 11,
            "url": "http://jaspar2018.genereg.net/matrix/MA0073.1",
            "pwm": [
              [0.272899, 0.722597, 0.00187568, 0.00262883], 
              [0.0927188, 0.902777, 0.00187568, 0.00262883], 
              [0.272899, 0.722597, 0.00187568, 0.00262883], 
              [0.00262883, 0.992867, 0.00187568, 0.00262883], 
              [0.63326, 0.362236, 0.00187568, 0.00262883], 
              [0.81344, 0.182056, 0.00187568, 0.00262883], 
              [0.72335, 0.272146, 0.00187568, 0.00262883], 
              [0.362989, 0.542417, 0.00187568, 0.0927188], 
              [0.00262883, 0.992867, 0.00187568, 0.00262883], 
              [0.99362, 0.00187568, 0.00187568, 0.00262883], 
              [0.362989, 0.632507, 0.00187568, 0.00262883], 
              [0.0927188, 0.902777, 0.00187568, 0.00262883], 
              [0.272899, 0.722597, 0.00187568, 0.00262883], 
              [0.362989, 0.542417, 0.0919657, 0.00262883], 
              [0.182809, 0.812687, 0.00187568, 0.00262883], 
              [0.362989, 0.452326, 0.00187568, 0.182809], 
              [0.362989, 0.452326, 0.0919657, 0.0927188], 
              [0.362989, 0.542417, 0.00187568, 0.0927188], 
              [0.0927188, 0.632507, 0.272146, 0.00262883], 
              [0.362989, 0.362236, 0.182056, 0.0927188]
            ]
          }, {
            "db": 0,
            "id": "MA0148.3",
            "alt": "FOXA1",
            "len": 15,
            "nsites": 22008,
            "url": "http://jaspar2018.genereg.net/matrix/MA0148.3",
            "pwm": [
              [0.196656, 0.219329, 0.187386, 0.396628], 
              [0.211696, 0.311296, 0.214967, 0.262041], 
              [0.139132, 0.388858, 0.241458, 0.230553], 
              [0.3242, 0.196156, 0.16544, 0.314204], 
              [0.00318231, 9.46016e-07, 0.000545944, 0.996271], 
              [0.267312, 9.46016e-07, 0.732686, 1.32588e-06], 
              [1.32588e-06, 9.46016e-07, 9.46016e-07, 0.999997], 
              [1.32588e-06, 9.46016e-07, 0.0587067, 0.941291], 
              [1.32588e-06, 9.46016e-07, 0.129907, 0.87009], 
              [0.829333, 9.46016e-07, 0.170665, 1.32588e-06], 
              [1.32588e-06, 0.934021, 9.46016e-07, 0.065977], 
              [0.417711, 0.120638, 9.46016e-07, 0.461649], 
              [0.0375782, 0.331515, 0.0632507, 0.567656], 
              [0.486277, 4.59458e-05, 0.00286393, 0.510813], 
              [0.218421, 0.118275, 0.427798, 0.235505]
            ]
          }, {
            "db": 0,
            "id": "MA0297.1",
            "alt": "FKH2",
            "len": 7,
            "nsites": 101,
            "url": "http://jaspar2018.genereg.net/matrix/MA0297.1",
            "pwm": [
              [0.128874, 0.000205935, 0.870631, 0.000288625], 
              [0.000288625, 0.000205935, 0.000205935, 0.9993], 
              [0.9993, 0.000205935, 0.000205935, 0.000288625], 
              [0.9993, 0.000205935, 0.000205935, 0.000288625], 
              [0.9993, 0.000205935, 0.000205935, 0.000288625], 
              [0.000288625, 0.999217, 0.000205935, 0.000288625], 
              [0.9993, 0.000205935, 0.000205935, 0.000288625]
            ]
          }, {
            "db": 0,
            "id": "MA0446.1",
            "alt": "fkh",
            "len": 11,
            "nsites": 27,
            "url": "http://jaspar2018.genereg.net/matrix/MA0446.1",
            "pwm": [
              [0.111778, 0.000768266, 0.000768266, 0.886686], 
              [0.185578, 0.000768266, 0.812577, 0.00107675], 
              [0.00107675, 0.000768266, 0.000768266, 0.997387], 
              [0.00107675, 0.000768266, 0.000768266, 0.997387], 
              [0.00107675, 0.000768266, 0.0376686, 0.960486], 
              [0.480781, 0.000768266, 0.517374, 0.00107675], 
              [0.148678, 0.480473, 0.0745689, 0.296279], 
              [0.222479, 0.259071, 0.111469, 0.40698], 
              [0.00107675, 0.406672, 0.0745689, 0.517682], 
              [0.849785, 0.000768266, 0.0376686, 0.111778], 
              [0.554583, 0.14837, 0.14837, 0.148678]
            ]
          }, {
            "db": 0,
            "id": "MA0481.2",
            "alt": "FOXP1",
            "len": 12,
            "nsites": 4266,
            "url": "http://jaspar2018.genereg.net/matrix/MA0481.2",
            "pwm": [
              [0.351382, 0.212846, 0.23277, 0.203002], 
              [0.35982, 0.0625914, 0.225738, 0.351851], 
              [0.0696252, 0.0117256, 0.904344, 0.0143055], 
              [0.0318861, 0.035635, 0.0241483, 0.908331], 
              [0.956618, 0.0304782, 0.00656873, 0.00633569], 
              [0.945602, 0.0332901, 0.00422378, 0.0168844], 
              [0.976308, 0.00469277, 0.0131316, 0.0058667], 
              [0.00891463, 0.932238, 0.00703672, 0.0518106], 
              [0.962244, 0.0032868, 0.00867768, 0.0257912], 
              [0.21191, 0.159166, 0.509135, 0.119788], 
              [0.353492, 0.202297, 0.219175, 0.225037], 
              [0.305438, 0.220581, 0.212377, 0.261604]
            ]
          }, {
            "db": 0,
            "id": "MA0493.1",
            "alt": "Klf1",
            "len": 11,
            "nsites": 526,
            "url": "http://jaspar2018.genereg.net/matrix/MA0493.1",
            "pwm": [
              [0.285172, 0.144499, 0.383997, 0.186332], 
              [0.317485, 0.0760711, 0.579777, 0.0266664], 
              [0.127407, 0.752748, 0.060865, 0.0589793], 
              [0.0247658, 0.876299, 3.95742e-05, 0.0988957], 
              [0.76797, 0.224332, 3.95742e-05, 0.00765902], 
              [5.54647e-05, 0.999849, 3.95742e-05, 5.54647e-05], 
              [0.760367, 3.95742e-05, 0.184416, 0.055178], 
              [5.54647e-05, 0.999849, 3.95742e-05, 5.54647e-05], 
              [5.54647e-05, 0.999849, 3.95742e-05, 5.54647e-05], 
              [5.54647e-05, 0.965635, 3.95742e-05, 0.03427], 
              [0.532273, 0.0665669, 3.95742e-05, 0.40112]
            ]
          }, {
            "db": 0,
            "id": "MA0524.2",
            "alt": "TFAP2C",
            "len": 12,
            "nsites": 5834,
            "url": "http://jaspar2018.genereg.net/matrix/MA0524.2",
            "pwm": [
              [0.220947, 0.2446, 0.0527967, 0.481656], 
              [0.102765, 0.198151, 0.68281, 0.0162737], 
              [0.0106498, 0.887153, 0.094436, 0.00775987], 
              [0.00401293, 0.974269, 0.00150654, 0.0202117], 
              [0.00634589, 0.615931, 0.0658124, 0.311911], 
              [0.0884505, 0.36407, 0.22746, 0.320021], 
              [0.412237, 0.248542, 0.291737, 0.0474842], 
              [0.379775, 0.0584426, 0.558863, 0.00291795], 
              [0.0270585, 0.00199553, 0.968286, 0.00266096], 
              [0.0165127, 0.110353, 0.867627, 0.00550791], 
              [0.0323244, 0.742325, 0.149129, 0.0762217], 
              [0.597355, 0.0666804, 0.177409, 0.158555]
            ]
          }, {
            "db": 0,
            "id": "MA0538.1",
            "alt": "daf-12",
            "len": 15,
            "nsites": 156,
            "url": "http://jaspar2018.genereg.net/matrix/MA0538.1",
            "pwm": [
              [0.141123, 0.128256, 0.724028, 0.00659283], 
              [0.455023, 0.000133376, 0.083413, 0.461429], 
              [0.211589, 0.000133376, 0.78809, 0.000186931], 
              [0.147528, 0.333253, 0.0385707, 0.480648], 
              [0.000186931, 0.000133376, 0.999493, 0.000186931], 
              [0.000186931, 0.333253, 0.000133376, 0.666427], 
              [0.000186931, 0.000133376, 0.999493, 0.000186931], 
              [0.0962793, 0.160287, 0.0898199, 0.653614], 
              [0.000186931, 0.128256, 0.62153, 0.250027], 
              [0.00659283, 0.000133376, 0.000133376, 0.99314], 
              [0.000186931, 0.00653927, 0.98668, 0.00659283], 
              [0.000186931, 0.506219, 0.102632, 0.390962], 
              [0.205184, 0.000133376, 0.53825, 0.256433], 
              [0.109091, 0.128256, 0.179505, 0.583146], 
              [0.109091, 0.275598, 0.358877, 0.256433]
            ]
          }, {
            "db": 0,
            "id": "MA0546.1",
            "alt": "pha-4",
            "len": 10,
            "nsites": 1010,
            "url": "http://jaspar2018.genereg.net/matrix/MA0546.1",
            "pwm": [
              [0.57918, 0.0703107, 2.06118e-05, 0.350489], 
              [0.52869, 2.06118e-05, 0.466311, 0.0049784], 
              [0.531659, 2.06118e-05, 0.0782309, 0.390089], 
              [0.0406189, 2.06118e-05, 0.959332, 2.88882e-05], 
              [2.88882e-05, 0.402951, 2.06118e-05, 0.597], 
              [0.853409, 0.146541, 2.06118e-05, 2.88882e-05], 
              [0.99993, 2.06118e-05, 2.06118e-05, 2.88882e-05], 
              [0.99993, 2.06118e-05, 2.06118e-05, 2.88882e-05], 
              [2.88882e-05, 0.616792, 2.06118e-05, 0.383159], 
              [0.99993, 2.06118e-05, 2.06118e-05, 2.88882e-05]
            ]
          }, {
            "db": 0,
            "id": "MA0593.1",
            "alt": "FOXP2",
            "len": 11,
            "nsites": 766,
            "url": "http://jaspar2018.genereg.net/matrix/MA0593.1",
            "pwm": [
              [0.430791, 0.147528, 0.248037, 0.173644], 
              [0.443844, 0.00916398, 0.185382, 0.36161], 
              [0.208888, 2.71766e-05, 0.791047, 3.8089e-05], 
              [0.077051, 2.71766e-05, 2.71766e-05, 0.922895], 
              [0.999908, 2.71766e-05, 2.71766e-05, 3.8089e-05], 
              [0.999908, 2.71766e-05, 2.71766e-05, 3.8089e-05], 
              [0.999908, 2.71766e-05, 2.71766e-05, 3.8089e-05], 
              [3.8089e-05, 0.988149, 2.71766e-05, 0.0117856], 
              [0.999908, 2.71766e-05, 2.71766e-05, 3.8089e-05], 
              [0.387715, 0.201045, 0.382484, 0.0287553], 
              [0.433402, 0.161886, 0.240205, 0.164508]
            ]
          }, {
            "db": 0,
            "id": "MA0613.1",
            "alt": "FOXG1",
            "len": 8,
            "nsites": 999,
            "url": "http://jaspar2018.genereg.net/matrix/MA0613.1",
            "pwm": [
              [0.374366, 0.00102174, 0.623582, 0.00103011], 
              [0.00102911, 0.00102074, 0.00102074, 0.996929], 
              [0.996929, 0.00102074, 0.00102074, 0.00102911], 
              [0.996929, 0.00102074, 0.00102074, 0.00102911], 
              [0.996929, 0.00102074, 0.00102074, 0.00102911], 
              [0.00102911, 0.996921, 0.00102074, 0.00102911], 
              [0.996929, 0.00102074, 0.00102074, 0.00102911], 
              [0.497979, 0.167004, 0.00202064, 0.332996]
            ]
          }, {
            "db": 0,
            "id": "MA0614.1",
            "alt": "Foxj2",
            "len": 8,
            "nsites": 999,
            "url": "http://jaspar2018.genereg.net/matrix/MA0614.1",
            "pwm": [
              [0.461444, 2.08388e-05, 0.538506, 2.92063e-05], 
              [0.0500742, 0.0250433, 2.08388e-05, 0.924862], 
              [0.79495, 0.205, 2.08388e-05, 2.92063e-05], 
              [0.977909, 2.08388e-05, 2.08388e-05, 0.022049], 
              [0.999929, 2.08388e-05, 2.08388e-05, 2.92063e-05], 
              [2.92063e-05, 0.953925, 2.08388e-05, 0.0460246], 
              [0.999929, 2.08388e-05, 2.08388e-05, 2.92063e-05], 
              [0.593564, 0.125133, 0.125133, 0.15617]
            ]
          }, {
            "db": 0,
            "id": "MA0741.1",
            "alt": "KLF16",
            "len": 11,
            "nsites": 3053,
            "url": "http://jaspar2018.genereg.net/matrix/MA0741.1",
            "pwm": [
              [0.218148, 0.175238, 0.527995, 0.078618], 
              [0.332963, 0.5957, 0.0284609, 0.0428762], 
              [0.0359504, 0.934469, 0.00348471, 0.0260957], 
              [0.699926, 0.280582, 0.0194832, 9.5575e-06], 
              [0.0385143, 0.940466, 0.00992449, 0.0110942], 
              [0.185105, 0.0644367, 0.600359, 0.150098], 
              [0.0049474, 0.995036, 6.8193e-06, 9.5575e-06], 
              [0.00124252, 0.993809, 0.00493866, 9.5575e-06], 
              [0.00926825, 0.932846, 0.00174276, 0.0561417], 
              [0.261521, 0.703156, 0.0113764, 0.0239468], 
              [0.015718, 0.791341, 0.0112974, 0.181644]
            ]
          }, {
            "db": 0,
            "id": "MA0746.1",
            "alt": "SP3",
            "len": 11,
            "nsites": 18576,
            "url": "http://jaspar2018.genereg.net/matrix/MA0746.1",
            "pwm": [
              [0.223999, 0.300549, 0.355781, 0.119672], 
              [0.176352, 0.709803, 0.0423169, 0.0715292], 
              [0.0855451, 0.838809, 0.0317309, 0.0439153], 
              [0.716824, 0.238364, 0.026743, 0.0180705], 
              [0.0225974, 0.933339, 0.0120051, 0.0320594], 
              [0.261176, 0.0389089, 0.555376, 0.144539], 
              [0.0206715, 0.962005, 0.00553209, 0.0117915], 
              [0.0259434, 0.957822, 0.00768208, 0.00855252], 
              [0.00957252, 0.810917, 0.015093, 0.164418], 
              [0.43348, 0.453751, 0.023494, 0.0892751], 
              [0.127549, 0.558993, 0.0905026, 0.222955]
            ]
          }, {
            "db": 0,
            "id": "MA0810.1",
            "alt": "TFAP2A(var.2)",
            "len": 12,
            "nsites": 4005,
            "url": "http://jaspar2018.genereg.net/matrix/MA0810.1",
            "pwm": [
              [0.169291, 0.295379, 0.0432001, 0.49213], 
              [0.121506, 0.27635, 0.580823, 0.0213208], 
              [0.0035362, 0.94257, 0.0538859, 7.28571e-06], 
              [7.28571e-06, 0.98936, 0.00247514, 0.00815708], 
              [0.00250322, 0.701935, 0.0551708, 0.24039], 
              [0.0491951, 0.412729, 0.207491, 0.330586], 
              [0.330503, 0.359207, 0.263104, 0.0471851], 
              [0.423717, 0.101626, 0.467659, 0.00699811], 
              [0.0451492, 0.008041, 0.946803, 7.28571e-06], 
              [0.00104726, 0.16386, 0.833005, 0.00208623], 
              [0.0210438, 0.834393, 0.0974828, 0.0470801], 
              [0.479775, 0.108339, 0.244382, 0.167502]
            ]
          }, {
            "db": 0,
            "id": "MA0811.1",
            "alt": "TFAP2B",
            "len": 12,
            "nsites": 3179,
            "url": "http://jaspar2018.genereg.net/matrix/MA0811.1",
            "pwm": [
              [0.22523, 0.240012, 0.0566268, 0.478132], 
              [0.135516, 0.202863, 0.641043, 0.0205775], 
              [0.00660697, 0.911911, 0.0748752, 0.00660697], 
              [0.000320169, 0.989085, 6.54903e-06, 0.0105878], 
              [0.00346807, 0.645898, 0.047804, 0.30283], 
              [0.0657511, 0.377158, 0.213589, 0.343502], 
              [0.407986, 0.256368, 0.279331, 0.0563144], 
              [0.400626, 0.0669854, 0.53238, 9.1787e-06], 
              [0.0253214, 0.00519139, 0.969479, 9.1787e-06], 
              [0.0101599, 0.114406, 0.872133, 0.00330108], 
              [0.0230435, 0.795926, 0.121185, 0.0598473], 
              [0.579236, 0.0594387, 0.210692, 0.150633]
            ]
          }, {
            "db": 0,
            "id": "MA0812.1",
            "alt": "TFAP2B(var.2)",
            "len": 11,
            "nsites": 4549,
            "url": "http://jaspar2018.genereg.net/matrix/MA0812.1",
            "pwm": [
              [0.392172, 0.310396, 0.0510035, 0.246429], 
              [0.00780724, 0.131963, 0.853724, 0.00650727], 
              [6.41445e-06, 0.999104, 0.000883557, 6.41445e-06], 
              [6.41445e-06, 0.966211, 0.000216572, 0.0335657], 
              [0.00352434, 0.264731, 0.134567, 0.597179], 
              [0.126653, 0.467452, 0.329373, 0.0765217], 
              [0.765162, 0.133687, 0.0980674, 0.00308435], 
              [0.0490663, 0.000839558, 0.949671, 0.000424405], 
              [0.00132039, 0.00219453, 0.99626, 0.00022541], 
              [0.0101772, 0.919698, 0.0647082, 0.0054163], 
              [0.400526, 0.0815588, 0.252582, 0.265334]
            ]
          }, {
            "db": 0,
            "id": "MA0814.1",
            "alt": "TFAP2C(var.2)",
            "len": 11,
            "nsites": 7758,
            "url": "http://jaspar2018.genereg.net/matrix/MA0814.1",
            "pwm": [
              [0.354472, 0.295436, 0.0729587, 0.277133], 
              [0.0199105, 0.104671, 0.866525, 0.00889265], 
              [3.76123e-06, 0.981268, 0.0187244, 3.76123e-06], 
              [0.000361757, 0.924764, 0.00393663, 0.0709378], 
              [0.0190855, 0.225761, 0.144019, 0.611136], 
              [0.144885, 0.37329, 0.370068, 0.111758], 
              [0.738037, 0.107904, 0.146836, 0.00722267], 
              [0.116671, 0.00955656, 0.871858, 0.00191474], 
              [3.76123e-06, 0.0137345, 0.986258, 3.76123e-06], 
              [0.0159146, 0.884982, 0.0869476, 0.0121556], 
