<!DOCTYPE HTML>
<html>
  <head>
    <meta charset="UTF-8">
    <title>SpaMo - Spaced Motif Analysis</title>
    <script type="text/javascript">
      //@JSON_VAR data
      var data = {"program":"SpaMo","version":"4.12.0","revision":"aacc9c3eb8c7b460b344d5c8aa1458097dae704d","release":"Tue Jun 27 16:22:50 2017 -0700","host":"Sudins-iMac.local","when":"Thu May 24 13:36:40 2018","cmd":["spamo","-verbosity","1","-oc","results/AHRpeaks_noAHREs.bed-499.fa/hocomoco/spamo_out_6","-bgfile","results/AHRpeaks_noAHREs.bed-499.fa/hocomoco/background","-primary","AAAAKYAGAAYYACTGATRAGGGTCTATGT","results/AHRpeaks_noAHREs.bed-499.fa/hocomoco/AHRpeaks_noAHREs.bed-499.fa","results/AHRpeaks_noAHREs.bed-499.fa/hocomoco/meme_out/meme.xml","results/AHRpeaks_noAHREs.bed-499.fa/hocomoco/meme_out/meme.xml","results/AHRpeaks_noAHREs.bed-499.fa/hocomoco/dreme_out/dreme.xml","/Users/filipov4/meme/db/motif_databases/HUMAN/HOCOMOCOv11_full_HUMAN_mono_meme_format.meme"],"options":{"seq_min_hit_score":7,"margin":150,"bin_size":1,"bin_pvalue_calc_range":150,"use_best_secondary":0,"seq_max_shared_fract":0.5,"seq_odds_ratio":20,"bin_pvalue_cutoff":0.05,"motif_evalue_cutoff":10,"redundant_overlap":2,"redundant_joint":0.5,"motif_pseudocount":0.1,"bgfile":"results/AHRpeaks_noAHREs.bed-499.fa/hocomoco/background","motif_trim":0.25,"xalph":0,"seed":1,"bin_max":6},"alphabet":{"name":"DNA","like":"dna","ncore":4,"symbols":[{"symbol":"A","name":"Adenine","colour":"CC0000","complement":"T"},{"symbol":"C","name":"Cytosine","colour":"0000CC","complement":"G"},{"symbol":"G","name":"Guanine","colour":"FFB300","complement":"C"},{"symbol":"T","aliases":"U","name":"Thymine","colour":"008000","complement":"A"},{"symbol":"N","aliases":"X.","name":"Any base","equals":"ACGT"},{"symbol":"V","name":"Not T","equals":"ACG"},{"symbol":"H","name":"Not G","equals":"ACT"},{"symbol":"D","name":"Not C","equals":"AGT"},{"symbol":"B","name":"Not A","equals":"CGT"},{"symbol":"M","name":"Amino","equals":"AC"},{"symbol":"R","name":"Purine","equals":"AG"},{"symbol":"W","name":"Weak","equals":"AT"},{"symbol":"S","name":"Strong","equals":"CG"},{"symbol":"Y","name":"Pyrimidine","equals":"CT"},{"symbol":"K","name":"Keto","equals":"GT"}]},"background":[0.2918,0.2082,0.2082,0.2918],"sequence_dbs":[{"source":"results/AHRpeaks_noAHREs.bed-499.fa/hocomoco/AHRpeaks_noAHREs.bed-499.fa","name":"AHRpeaks_noAHREs.bed-499","last_modified":"Thu May 24 11:14:35 2018","loaded":959,"excluded_too_short":0,"excluded_no_match":949,"excluded_ambigs":0,"excluded_similar":3,"erased_primary_matches":1}],"primary_dbs":[{"source":"results/AHRpeaks_noAHREs.bed-499.fa/hocomoco/meme_out/meme.xml","name":"meme.xml","last_modified":"Thu May 24 13:35:02 2018","loaded":6,"excluded":5}],"secondary_dbs":[{"source":"results/AHRpeaks_noAHREs.bed-499.fa/hocomoco/meme_out/meme.xml","name":"meme.xml","last_modified":"Thu May 24 13:35:02 2018","loaded":7,"excluded":1},{"source":"results/AHRpeaks_noAHREs.bed-499.fa/hocomoco/dreme_out/dreme.xml","name":"dreme.xml","last_modified":"Thu May 24 13:35:29 2018","loaded":4,"excluded":0},{"source":"/Users/filipov4/meme/db/motif_databases/HUMAN/HOCOMOCOv11_full_HUMAN_mono_meme_format.meme","name":"HOCOMOCOv11_full_HUMAN_mono_meme_format","last_modified":"Wed Dec  6 21:59:30 2017","loaded":771,"excluded":0}],"secondary_motifs":[{"db":0,"id":"AGRAAACAGGGTTYRAGAGCAGAGAACCRG","alt":"MEME-5","len":30,"ltrim":0,"rtrim":0,"nsites":6,"evalue":"2.4e-019","pwm":[[0.824455,0.167348,0.00341312,0.0047836],[0.168718,0.00341312,0.823085,0.0047836],[0.496587,0.00341312,0.495216,0.0047836],[0.98839,0.00341312,0.00341312,0.0047836],[0.98839,0.00341312,0.00341312,0.0047836],[0.98839,0.00341312,0.00341312,0.0047836],[0.168718,0.659151,0.00341312,0.168718],[0.824455,0.167348,0.00341312,0.0047836],[0.168718,0.00341312,0.823085,0.0047836],[0.168718,0.00341312,0.823085,0.0047836],[0.0047836,0.00341312,0.98702,0.0047836],[0.0047836,0.00341312,0.00341312,0.98839],[0.0047836,0.00341312,0.00341312,0.98839],[0.0047836,0.659151,0.00341312,0.332652],[0.496587,0.00341312,0.495216,0.0047836],[0.98839,0.00341312,0.00341312,0.0047836],[0.0047836,0.00341312,0.98702,0.0047836],[0.98839,0.00341312,0.00341312,0.0047836],[0.0047836,0.00341312,0.98702,0.0047836],[0.0047836,0.98702,0.00341312,0.0047836],[0.98839,0.00341312,0.00341312,0.0047836],[0.0047836,0.00341312,0.98702,0.0047836],[0.98839,0.00341312,0.00341312,0.0047836],[0.0047836,0.00341312,0.98702,0.0047836],[0.98839,0.00341312,0.00341312,0.0047836],[0.98839,0.00341312,0.00341312,0.0047836],[0.0047836,0.98702,0.00341312,0.0047836],[0.0047836,0.823085,0.00341312,0.168718],[0.660522,0.00341312,0.331282,0.0047836],[0.0047836,0.00341312,0.98702,0.0047836]]},{"db":0,"id":"TGCAYGTATTGTCTTGATAAACATCTTAAA","alt":"MEME-2","len":30,"ltrim":0,"rtrim":0,"nsites":7,"evalue":"3.6e-032","pwm":[[0.00410986,0.0029324,0.0029324,0.990025],[0.00410986,0.0029324,0.988848,0.00410986],[0.00410986,0.988848,0.0029324,0.00410986],[0.990025,0.0029324,0.0029324,0.00410986],[0.00410986,0.566313,0.143777,0.2858],[0.2858,0.0029324,0.707158,0.00410986],[0.00410986,0.143777,0.0029324,0.84918],[0.990025,0.0029324,0.0029324,0.00410986],[0.00410986,0.143777,0.0029324,0.84918],[0.00410986,0.0029324,0.0029324,0.990025],[0.00410986,0.0029324,0.988848,0.00410986],[0.00410986,0.0029324,0.0029324,0.990025],[0.00410986,0.988848,0.0029324,0.00410986],[0.00410986,0.0029324,0.0029324,0.990025],[0.00410986,0.0029324,0.0029324,0.990025],[0.00410986,0.0029324,0.988848,0.00410986],[0.990025,0.0029324,0.0029324,0.00410986],[0.00410986,0.0029324,0.0029324,0.990025],[0.990025,0.0029324,0.0029324,0.00410986],[0.990025,0.0029324,0.0029324,0.00410986],[0.990025,0.0029324,0.0029324,0.00410986],[0.00410986,0.988848,0.0029324,0.00410986],[0.84918,0.0029324,0.143777,0.00410986],[0.00410986,0.0029324,0.0029324,0.990025],[0.00410986,0.988848,0.0029324,0.00410986],[0.00410986,0.0029324,0.0029324,0.990025],[0.00410986,0.0029324,0.0029324,0.990025],[0.990025,0.0029324,0.0029324,0.00410986],[0.990025,0.0029324,0.0029324,0.00410986],[0.708335,0.284622,0.0029324,0.00410986]]},{"db":1,"id":"RYAAAYA","alt":"DREME-1","len":7,"ltrim":0,"rtrim":0,"nsites":482,"evalue":"7.7e-026","pwm":[[0.535219,4.31861e-05,0.464677,6.05268e-05],[6.05268e-05,0.502014,4.31861e-05,0.497882],[0.999853,4.31861e-05,4.31861e-05,6.05268e-05],[0.999853,4.31861e-05,4.31861e-05,6.05268e-05],[0.999853,4.31861e-05,4.31861e-05,6.05268e-05],[6.05268e-05,0.56839,4.31861e-05,0.431506],[0.999853,4.31861e-05,4.31861e-05,6.05268e-05]]},{"db":2,"id":"ANDR_HUMAN.H11MO.0.A","len":18,"ltrim":0,"rtrim":0,"nsites":499,"evalue":"1.0e+000","url":"http://hocomoco.autosome.ru/motif/ANDR_HUMAN.H11MO.0.A","pwm":[[0.148325,0.0701679,0.0361066,0.7454],[0.0621703,0.0481283,0.777441,0.11226],[0.0681811,0.0661607,0.014067,0.851591],[0.188397,0.172352,0.144301,0.494949],[0.0781991,0.733362,0.0361066,0.152333],[0.122278,0.278543,0.0320994,0.567079],[0.180383,0.134283,0.196395,0.488938],[0.198416,0.178363,0.216431,0.406791],[0.176376,0.192388,0.222442,0.408794],[0.200419,0.256503,0.120258,0.422819],[0.0721883,0.014067,0.014067,0.899678],[0.254516,0.0300958,0.691286,0.0241017],[0.028109,0.0220814,0.0200778,0.929732],[0.0180909,0.00605253,0.0982184,0.877638],[0.00807289,0.00805614,0.0641571,0.919714],[0.420816,0.0280922,0.494933,0.0561594],[0.0862135,0.524987,0.0481283,0.340672],[0.290581,0.158327,0.0541391,0.496953]]},{"db":2,"id":"ARNT_HUMAN.H11MO.0.B","len":9,"ltrim":1,"rtrim":1,"nsites":500,"evalue":"1.0e+000","url":"http://hocomoco.autosome.ru/motif/ARNT_HUMAN.H11MO.0.B","pwm":[[0.152028,0.283985,0.429956,0.134032],[0.138031,0.0740268,0.241993,0.545949],[0.701918,0.0300356,0.245992,0.0220539],[0.0100563,0.947852,0.00204123,0.0400503],[0.00605715,0.00204123,0.989844,0.00205795],[5.83483e-05,4.16317e-05,0.00204123,0.997859],[5.83483e-05,0.00604043,0.991843,0.00205795],[0.355987,0.525936,0.0240368,0.0940396],[0.154028,0.501941,0.144013,0.200018]]},{"db":2,"id":"BRCA1_HUMAN.H11MO.0.D","len":9,"ltrim":1,"rtrim":0,"nsites":73,"evalue":"1.0e+000","url":"http://hocomoco.autosome.ru/motif/BRCA1_HUMAN.H11MO.0.D","pwm":[[0.14424,0.197216,0.290357,0.368187],[0.189616,0.000284816,0.275401,0.534698],[0.0283924,0.125295,0.153288,0.693025],[0.0563857,0.344425,0.481494,0.117696],[0.0283924,0.14992,0.450603,0.371084],[0.000399179,0.000284816,0.869561,0.129755],[0.000399179,0.0282781,0.000284816,0.971038],[0.000399179,0.000284816,0.000284816,0.999031],[0.063384,0.0734096,0.827816,0.0353908]]},{"db":2,"id":"EHF_HUMAN.H11MO.0.B","len":15,"ltrim":2,"rtrim":3,"nsites":500,"evalue":"1.0e+000","url":"http://hocomoco.autosome.ru/motif/EHF_HUMAN.H11MO.0.B","pwm":[[0.250008,0.208,0.383965,0.158027],[0.445969,0.15601,0.166008,0.232012],[0.84389,0.00604043,0.00804003,0.14203],[0.14203,0.449952,0.192003,0.216015],[0.19402,0.511939,0.293983,5.83483e-05],[0.753908,0.227996,0.018038,5.83483e-05],[5.83483e-05,4.16317e-05,0.999842,5.83483e-05],[0.00205795,4.16317e-05,0.997842,5.83483e-05],[0.997859,4.16317e-05,0.00204123,5.83483e-05],[0.997859,4.16317e-05,4.16317e-05,0.00205795],[0.226013,0.00804003,0.765888,5.83483e-05],[0.0320519,0.184005,0.0420332,0.74191],[0.270004,0.102021,0.40596,0.222014],[0.250008,0.245992,0.40796,0.0960392],[0.168025,0.35997,0.353971,0.118035]]},{"db":2,"id":"ELF5_HUMAN.H11MO.0.A","len":15,"ltrim":3,"rtrim":2,"nsites":500,"evalue":"1.0e+000","url":"http://hocomoco.autosome.ru/motif/ELF5_HUMAN.H11MO.0.A","pwm":[[0.254008,0.221997,0.40596,0.118035],[0.216015,0.202001,0.491943,0.0900404],[0.467965,0.168008,0.263989,0.100038],[0.799898,0.0220372,0.0740268,0.104038],[0.14403,0.30798,0.369968,0.178023],[0.184022,0.365968,0.443953,0.00605715],[0.683922,0.25799,0.0500316,0.00805675],[5.83483e-05,4.16317e-05,0.999842,5.83483e-05],[0.00605715,0.00204123,0.991843,5.83483e-05],[0.99186,4.16317e-05,0.00604043,0.00205795],[0.981862,0.00604043,0.00604043,0.00605715],[0.150028,0.018038,0.827876,0.00405755],[0.158027,0.154011,0.124017,0.563946],[0.258007,0.120018,0.475946,0.146029],[0.280002,0.219998,0.395962,0.104038]]},{"db":2,"id":"EPAS1_HUMAN.H11MO.0.B","len":9,"ltrim":1,"rtrim":1,"nsites":500,"evalue":"1.0e+000","url":"http://hocomoco.autosome.ru/motif/EPAS1_HUMAN.H11MO.0.B","pwm":[[0.230012,0.25599,0.445952,0.0680448],[0.166025,0.0700276,0.243993,0.519954],[0.865885,0.0200376,0.10802,0.00605715],[0.0200543,0.911859,0.0260364,0.0420499],[0.0160551,0.0100396,0.969848,0.00405755],[5.83483e-05,4.16317e-05,0.00204123,0.997859],[5.83483e-05,4.16317e-05,0.997842,0.00205795],[0.373984,0.469948,0.0600296,0.0960392],[0.160026,0.489944,0.134015,0.216015]]},{"db":2,"id":"ETS1_HUMAN.H11MO.0.A","len":13,"ltrim":2,"rtrim":0,"nsites":500,"evalue":"1.0e+000","url":"http://hocomoco.autosome.ru/motif/ETS1_HUMAN.H11MO.0.A","pwm":[[0.367985,0.178006,0.341973,0.112036],[0.260006,0.182005,0.471947,0.0860412],[0.479962,0.068028,0.423957,0.0280527],[0.128033,0.637914,0.227996,0.00605715],[0.615935,0.349972,0.0340348,5.83483e-05],[0.00405755,4.16317e-05,0.993843,0.00205795],[0.0120559,0.00604043,0.979846,0.00205795],[0.99186,0.00604043,4.16317e-05,0.00205795],[0.827893,0.0100396,0.00404083,0.158027],[0.184022,0.0100396,0.80588,5.83483e-05],[0.0840416,0.188004,0.05803,0.669924],[0.130032,0.112019,0.633915,0.124034],[0.138031,0.126016,0.627916,0.108037]]},{"db":2,"id":"ETS2_HUMAN.H11MO.0.B","len":13,"ltrim":3,"rtrim":0,"nsites":500,"evalue":"1.0e+000","url":"http://hocomoco.autosome.ru/motif/ETS2_HUMAN.H11MO.0.B","pwm":[[0.230012,0.140014,0.435954,0.19402],[0.317995,0.146012,0.345972,0.19002],[0.321994,0.279986,0.297982,0.100038],[0.473964,0.0760264,0.365968,0.0840416],[0.19202,0.00804003,0.751891,0.0480488],[0.00405755,0.0100396,0.967848,0.0180547],[0.981862,0.0160384,4.16317e-05,0.00205795],[0.953868,0.018038,0.0240368,0.00405755],[0.381982,0.0840248,0.519938,0.0140555],[0.39198,0.261989,0.198002,0.148029],[0.421974,0.048032,0.45995,0.0700444],[0.329992,0.0860244,0.495942,0.0880408],[0.495959,0.100022,0.319978,0.0840416]]},{"db":2,"id":"FOXA2_HUMAN.H11MO.0.A","len":12,"ltrim":0,"rtrim":1,"nsites":500,"evalue":"1.0e+000","url":"http://hocomoco.autosome.ru/motif/FOXA2_HUMAN.H11MO.0.A","pwm":[[0.0160551,4.16317e-05,0.00204123,0.981862],[0.196019,0.00204123,0.799882,0.00205795],[5.83483e-05,0.00404083,4.16317e-05,0.995859],[0.00205795,4.16317e-05,0.0440328,0.953868],[5.83483e-05,4.16317e-05,0.144013,0.855887],[0.757907,4.16317e-05,0.235994,0.00605715],[0.00805675,0.887864,0.00204123,0.102038],[0.401978,0.122017,4.16317e-05,0.475963],[0.0440496,0.40996,0.120018,0.425973],[0.563946,0.00804003,0.0400336,0.387981],[0.19002,0.0960224,0.549932,0.164026],[0.128033,0.35797,0.281985,0.232012]]},{"db":2,"id":"FOXA3_HUMAN.H11MO.0.B","len":13,"ltrim":2,"rtrim":0,"nsites":500,"evalue":"1.0e+000","url":"http://hocomoco.autosome.ru/motif/FOXA3_HUMAN.H11MO.0.B","pwm":[[0.158027,0.465948,0.215998,0.160026],[0.228013,0.249992,0.078026,0.44397],[0.0120559,4.16317e-05,0.00604043,0.981862],[0.246009,0.00804003,0.737894,0.00805675],[0.00805675,0.0220372,0.0140388,0.955867],[0.00605715,4.16317e-05,0.0360344,0.957867],[0.00805675,4.16317e-05,0.271987,0.719914],[0.855887,0.00604043,0.114019,0.0240535],[0.00405755,0.873867,0.0220372,0.100038],[0.367985,0.152011,0.00804003,0.471964],[0.0940396,0.231995,0.10602,0.567945],[0.425973,0.0140388,0.0540308,0.505957],[0.154028,0.116018,0.577926,0.152028]]},{"db":2,"id":"FOXD3_HUMAN.H11MO.0.D","len":15,"ltrim":2,"rtrim":3,"nsites":465,"evalue":"1.0e+000","url":"http://hocomoco.autosome.ru/motif/FOXD3_HUMAN.H11MO.0.D","pwm":[[0.157018,0.176351,0.298905,0.367726],[0.118317,0.217202,0.266654,0.397827],[0.135517,0.00649499,0.0559467,0.802041],[0.0387641,0.0688472,0.872975,0.0194134],[0.092516,0.0516466,0.036596,0.819241],[0.036614,0.111849,0.0494965,0.802041],[0.0538146,4.47646e-05,0.0946481,0.851493],[0.339775,0.200002,0.225803,0.234421],[0.0581148,0.599916,0.0623969,0.279573],[0.294623,0.202152,0.0408962,0.462329],[0.109717,0.223653,0.0709972,0.595634],[0.404277,0.0473464,0.14625,0.402127],[0.230121,0.14195,0.42791,0.20002],[0.101116,0.363407,0.348357,0.187119],[0.356975,0.292455,0.111849,0.238721]]},{"db":2,"id":"FOXF1_HUMAN.H11MO.0.D","len":11,"ltrim":1,"rtrim":0,"nsites":8,"evalue":"1.0e+000","url":"http://hocomoco.autosome.ru/motif/FOXF1_HUMAN.H11MO.0.D","pwm":[[0.413915,0.151445,0.151445,0.283196],[0.00360247,0.00257037,0.00257037,0.991257],[0.134321,0.00257037,0.859506,0.00360247],[0.00360247,0.00257037,0.00257037,0.991257],[0.00360247,0.00257037,0.00257037,0.991257],[0.00360247,0.00257037,0.00257037,0.991257],[0.729819,0.0679298,0.198649,0.00360247],[0.00360247,0.133289,0.00257037,0.860538],[0.0217579,0.151445,0.151445,0.675353],[0.26504,0.1696,0.00257037,0.562789],[0.43207,0.00257037,0.0388812,0.526478]]},{"db":2,"id":"FOXF2_HUMAN.H11MO.0.D","len":11,"ltrim":0,"rtrim":0,"nsites":26,"evalue":"1.0e+000","url":"http://hocomoco.autosome.ru/motif/FOXF2_HUMAN.H11MO.0.D","pwm":[[0.0163114,0.0159911,0.0159911,0.951707],[0.146781,0.000797702,0.820917,0.0315047],[0.00111801,0.000797702,0.0311844,0.9669],[0.122665,0.000797702,0.000797702,0.87574],[0.122665,0.000797702,0.0311844,0.845353],[0.7707,0.000797702,0.227384,0.00111801],[0.00111801,0.782438,0.0311844,0.18526],[0.284714,0.255829,0.0594674,0.39999],[0.0416202,0.0412999,0.0109132,0.906167],[0.481035,0.000797702,0.0311844,0.486983],[0.254327,0.0109132,0.357225,0.377535]]},{"db":2,"id":"FOXG1_HUMAN.H11MO.0.D","len":17,"ltrim":1,"rtrim":0,"nsites":310,"evalue":"1.0e+000","url":"http://hocomoco.autosome.ru/motif/FOXG1_HUMAN.H11MO.0.D","pwm":[[0.358379,0.152229,0.184553,0.304838],[0.150409,0.111037,0.121197,0.617357],[0.0332519,0.0359942,0.0297146,0.901039],[0.102429,0.0200174,0.857509,0.0200444],[9.40986e-05,0.0032069,0.00948643,0.987213],[9.40986e-05,6.71397e-05,0.231864,0.767975],[0.00341915,6.71397e-05,0.0926126,0.903901],[0.687433,0.164261,0.108497,0.0398094],[0.0396241,0.353223,0.0255558,0.581597],[0.309128,0.0957524,0.292271,0.302849],[0.191094,0.0709948,0.118647,0.619264],[0.366395,0.0569535,0.178498,0.398153],[0.0616463,0.0549692,0.0200612,0.863323],[0.313884,0.0397311,0.316256,0.330129],[0.0491335,0.0747805,0.088266,0.78782],[0.238744,0.0549229,0.0785688,0.627764],[0.082891,0.134397,0.197017,0.585694]]},{"db":2,"id":"FOXJ3_HUMAN.H11MO.0.A","len":13,"ltrim":1,"rtrim":0,"nsites":626,"evalue":"1.0e+000","url":"http://hocomoco.autosome.ru/motif/FOXJ3_HUMAN.H11MO.0.A","pwm":[[0.194111,0.146481,0.164697,0.49471],[4.66059e-05,3.32535e-05,3.32535e-05,0.999887],[0.0829684,3.32535e-05,0.914268,0.00273073],[0.00112026,3.32535e-05,3.32535e-05,0.998813],[4.66059e-05,3.32535e-05,3.32535e-05,0.999887],[0.00887941,3.32535e-05,0.175698,0.815389],[0.818158,3.32535e-05,0.0369543,0.144855],[4.66059e-05,0.0711345,3.32535e-05,0.928786],[0.11331,3.32535e-05,0.430175,0.456482],[0.0440613,3.32535e-05,0.325661,0.630245],[0.0528198,3.32535e-05,0.02915,0.917997],[0.00591132,0.0101671,0.0168381,0.967083],[0.35851,0.0704008,0.138469,0.43262]]},{"db":2,"id":"FOXJ3_HUMAN.H11MO.1.B","len":13,"ltrim":0,"rtrim":0,"nsites":613,"evalue":"1.0e+000","url":"http://hocomoco.autosome.ru/motif/FOXJ3_HUMAN.H11MO.1.B","pwm":[[0.126266,0.100128,0.122347,0.65126],[0.0348008,3.39586e-05,0.390458,0.574707],[0.0300394,3.39586e-05,0.51609,0.453837],[4.75942e-05,3.39586e-05,3.39586e-05,0.999884],[0.0547375,3.39586e-05,0.11534,0.829889],[0.396792,3.39586e-05,0.115349,0.487824],[0.356264,0.0774994,3.39586e-05,0.566202],[4.75942e-05,3.39586e-05,3.39586e-05,0.999884],[0.163665,3.39586e-05,0.836254,4.75942e-05],[4.75942e-05,3.39586e-05,3.39586e-05,0.999884],[4.75942e-05,3.39586e-05,3.39586e-05,0.999884],[4.75942e-05,3.39586e-05,0.012709,0.987209],[0.645558,0.104693,0.11695,0.132798]]},{"db":2,"id":"FOXK1_HUMAN.H11MO.0.A","len":10,"ltrim":0,"rtrim":0,"nsites":500,"evalue":"1.0e+000","url":"http://hocomoco.autosome.ru/motif/FOXK1_HUMAN.H11MO.0.A","pwm":[[0.0200543,0.00804003,0.0100396,0.961866],[0.0760432,0.0200376,0.895862,0.00805675],[0.00605715,0.0860244,0.0200376,0.887881],[0.00205795,0.0100396,0.100022,0.887881],[0.0200543,0.0200376,0.166008,0.7939],[0.49196,0.251991,0.0620292,0.19402],[0.0240535,0.65591,0.0400336,0.280002],[0.303998,0.233995,0.11002,0.351988],[0.154028,0.211999,0.150012,0.483962],[0.116035,0.227996,0.144013,0.511956]]},{"db":2,"id":"FOXM1_HUMAN.H11MO.0.A","len":12,"ltrim":0,"rtrim":2,"nsites":500,"evalue":"1.0e+000","url":"http://hocomoco.autosome.ru/motif/FOXM1_HUMAN.H11MO.0.A","pwm":[[0.0560472,0.0240368,0.0340348,0.885881],[0.252008,0.0220372,0.715898,0.0100563],[0.0260531,0.0300356,0.0560304,0.887881],[5.83483e-05,0.068028,0.0620292,0.869884],[0.00205795,0.00204123,0.0720272,0.923874],[0.319994,0.0540308,0.587924,0.0380507],[0.0740436,0.745892,0.018038,0.162026],[0.246009,0.16001,0.038034,0.555947],[0.0480488,0.289984,0.142013,0.519954],[0.359986,0.038034,0.028036,0.573944],[0.108037,0.16001,0.445952,0.286001],[0.166025,0.341973,0.25799,0.234012]]},{"db":2,"id":"FOXO1_HUMAN.H11MO.0.A","len":12,"ltrim":3,"rtrim":1,"nsites":500,"evalue":"1.0e+000","url":"http://hocomoco.autosome.ru/motif/FOXO1_HUMAN.H11MO.0.A","pwm":[[0.186021,0.16001,0.25999,0.39398],[0.0960392,0.30998,0.25599,0.337991],[0.0600464,0.451951,0.253991,0.234012],[0.0400503,0.477946,0.170008,0.311996],[0.00605715,0.0120392,0.0140388,0.967865],[0.0320519,0.0340348,0.917858,0.0160551],[0.00405755,0.186004,0.0160384,0.7939],[0.0100563,0.0300356,0.0620292,0.897879],[0.0120559,0.0400336,0.221997,0.725913],[0.403978,0.223997,0.0520312,0.319994],[0.00605715,0.691903,0.0520312,0.250008],[0.226013,0.263989,0.176006,0.333992]]},{"db":2,"id":"FOXO3_HUMAN.H11MO.0.B","len":10,"ltrim":2,"rtrim":1,"nsites":500,"evalue":"1.0e+000","url":"http://hocomoco.autosome.ru/motif/FOXO3_HUMAN.H11MO.0.B","pwm":[[0.112036,0.393963,0.261989,0.232012],[0.0580468,0.365968,0.188004,0.387981],[0.0200543,0.00604043,4.16317e-05,0.973864],[0.052048,0.00404083,0.941853,0.00205795],[5.83483e-05,0.00604043,0.00604043,0.987861],[0.00405755,0.00204123,0.0300356,0.963866],[0.00205795,0.0100396,0.140014,0.847889],[0.779902,0.05803,0.0200376,0.14203],[0.00205795,0.861869,0.00804003,0.128033],[0.383982,0.25999,0.0460324,0.309996]]},{"db":2,"id":"FOXO4_HUMAN.H11MO.0.C","len":9,"ltrim":0,"rtrim":0,"nsites":28,"evalue":"1.0e+000","url":"http://hocomoco.autosome.ru/motif/FOXO4_HUMAN.H11MO.0.C","pwm":[[0.0370544,0.108789,0.108789,0.745368],[0.00103843,0.000740926,0.000740926,0.99748],[0.00103843,0.000740926,0.997182,0.00103843],[0.00103843,0.000740926,0.000740926,0.99748],[0.00103843,0.000740926,0.000740926,0.99748],[0.00103843,0.000740926,0.148806,0.849414],[0.709352,0.000740926,0.0367569,0.25315],[0.0370544,0.348895,0.180821,0.43323],[0.00103843,0.108789,0.3609,0.529272]]},{"db":2,"id":"FOXO6_HUMAN.H11MO.0.D","len":13,"ltrim":3,"rtrim":0,"nsites":3383,"evalue":"1.0e+000","url":"http://hocomoco.autosome.ru/motif/FOXO6_HUMAN.H11MO.0.D","pwm":[[0.448562,0.121345,0.161544,0.268549],[0.359147,0.17322,0.148391,0.319242],[0.117948,0.371263,0.361805,0.148984],[0.385823,0.0210667,0.0881649,0.504945],[0.000599799,0.000301741,0.0011885,0.99791],[0.00178215,6.15412e-06,0.998203,8.62522e-06],[8.62522e-06,0.000301741,0.000301741,0.999388],[0.00148656,0.000301741,0.0390236,0.959188],[8.62522e-06,0.000301741,0.104348,0.895341],[0.938275,0.0195888,0.00865207,0.0334838],[0.00481191,0.881816,0.00983442,0.103538],[0.271653,0.11765,0.463191,0.147506],[0.215122,0.16014,0.10457,0.520168]]},{"db":2,"id":"FOXP1_HUMAN.H11MO.0.A","len":9,"ltrim":0,"rtrim":0,"nsites":295,"evalue":"1.0e+000","url":"http://hocomoco.autosome.ru/motif/FOXP1_HUMAN.H11MO.0.A","pwm":[[0.0577065,0.139007,0.176282,0.627005],[0.0136536,0.281331,0.311829,0.393186],[0.00687625,0.0204026,0.0305687,0.942152],[0.020431,0.0407347,0.840464,0.0983707],[9.88817e-05,0.017014,0.0576781,0.925209],[0.00687625,0.0949536,0.0407347,0.857435],[0.0102649,0.0136253,0.0813989,0.894711],[0.525345,0.345716,0.0373461,0.0915933],[0.0170423,0.484652,0.0102366,0.488069]]},{"db":2,"id":"FOXP2_HUMAN.H11MO.0.C","len":9,"ltrim":1,"rtrim":1,"nsites":500,"evalue":"1.0e+000","url":"http://hocomoco.autosome.ru/motif/FOXP2_HUMAN.H11MO.0.C","pwm":[[0.072044,0.399962,0.215998,0.311996],[0.00605715,0.00404083,0.0140388,0.975863],[0.0400503,0.00804003,0.947852,0.00405755],[0.00605715,0.0140388,0.0120392,0.967865],[0.00205795,0.0100396,0.088024,0.899878],[5.83483e-05,4.16317e-05,0.174007,0.825893],[0.787901,0.100022,0.0340348,0.0780428],[0.00805675,0.747892,0.0300356,0.214016],[0.33999,0.289984,0.104021,0.266005]]},{"db":2,"id":"FUBP1_HUMAN.H11MO.0.D","len":12,"ltrim":0,"rtrim":0,"nsites":102,"evalue":"1.0e+000","url":"http://hocomoco.autosome.ru/motif/FUBP1_HUMAN.H11MO.0.D","pwm":[[0.00266442,0.163272,0.031126,0.802938],[0.000285798,0.475928,0.0192329,0.504553],[0.000285798,0.000203918,0.980196,0.0193148],[0.000285798,0.000203918,0.0298045,0.969706],[0.28572,0.179922,0.305724,0.228633],[0.125031,0.219037,0.104863,0.551069],[0.0764017,0.0752626,0.257095,0.591241],[0.0193148,0.0858343,0.0858343,0.809017],[0.0573727,0.0858343,0.0858343,0.770959],[0.0668872,0.104863,0.180979,0.647271],[0.104945,0.122835,0.171465,0.600755],[0.100188,0.0895343,0.119135,0.691143]]},{"db":2,"id":"GATA1_HUMAN.H11MO.0.A","len":19,"ltrim":1,"rtrim":1,"nsites":500,"evalue":"1.0e+000","url":"http://hocomoco.autosome.ru/motif/GATA1_HUMAN.H11MO.0.A","pwm":[[0.19202,0.403961,0.206,0.198019],[0.116035,0.144013,0.190004,0.549948],[0.0560472,0.078026,0.639914,0.226013],[0.118035,0.206,0.389964,0.286001],[0.19402,0.313979,0.281985,0.210016],[0.268005,0.245992,0.277986,0.208017],[0.224014,0.21,0.367968,0.198019],[0.262006,0.168008,0.339974,0.230012],[0.214016,0.223997,0.313979,0.248009],[0.331992,0.188004,0.323977,0.156027],[0.184022,0.387964,0.321977,0.106037],[0.719914,0.0200376,0.00804003,0.252008],[0.00605715,4.16317e-05,0.993843,5.83483e-05],[0.995859,4.16317e-05,4.16317e-05,0.00405755],[0.00205795,4.16317e-05,0.0120392,0.985861],[0.945869,0.00404083,0.0140388,0.0360511],[0.857887,0.0160384,0.0900236,0.0360511],[0.214016,0.154011,0.553931,0.0780428],[0.351988,0.188004,0.345972,0.114036]]},{"db":2,"id":"GATA1_HUMAN.H11MO.1.A","len":11,"ltrim":2,"rtrim":2,"nsites":500,"evalue":"1.0e+000","url":"http://hocomoco.autosome.ru/motif/GATA1_HUMAN.H11MO.1.A","pwm":[[0.345989,0.116018,0.303981,0.234012],[0.152028,0.441953,0.30598,0.100038],[0.699918,0.0140388,0.00804003,0.278003],[5.83483e-05,4.16317e-05,0.997842,0.00205795],[0.999858,4.16317e-05,4.16317e-05,5.83483e-05],[0.00605715,0.00804003,4.16317e-05,0.985861],[0.969864,0.00804003,0.00604043,0.0160551],[0.921874,0.00404083,0.05803,0.0160551],[0.14003,0.174007,0.663909,0.0220539],[0.371984,0.200002,0.339974,0.0880408],[0.33999,0.215998,0.321977,0.122034]]},{"db":2,"id":"GATA3_HUMAN.H11MO.0.A","len":11,"ltrim":2,"rtrim":1,"nsites":500,"evalue":"1.0e+000","url":"http://hocomoco.autosome.ru/motif/GATA3_HUMAN.H11MO.0.A","pwm":[[0.447969,0.0920232,0.253991,0.206017],[0.347989,0.303981,0.261989,0.0860412],[0.777903,0.00604043,0.00804003,0.208017],[0.0100563,0.00404083,0.985844,5.83483e-05],[0.987861,0.00404083,0.00604043,0.00205795],[0.146029,0.0100396,0.0400336,0.803898],[0.921874,0.0160384,0.0420332,0.0200543],[0.867885,0.00204123,0.0940228,0.0360511],[0.329992,0.223997,0.403961,0.0420499],[0.557947,0.120018,0.25599,0.0660452],[0.44397,0.0800256,0.223997,0.252008]]},{"db":2,"id":"GRHL1_HUMAN.H11MO.0.D","len":12,"ltrim":0,"rtrim":0,"nsites":500,"evalue":"1.0e+000","url":"http://hocomoco.autosome.ru/motif/GRHL1_HUMAN.H11MO.0.D","pwm":[[0.661926,0.0600296,0.0920232,0.186021],[0.575943,0.0120392,0.142013,0.270004],[0.0120559,0.953851,0.0300356,0.00405755],[0.0140555,0.829876,0.00404083,0.152028],[0.325993,0.0160384,0.184005,0.473964],[0.00405755,0.0460324,0.893863,0.0560472],[0.00805675,0.166008,0.0460324,0.779902],[0.0240535,0.227996,0.0420332,0.705917],[0.0540476,0.353971,0.0320352,0.559946],[0.0740436,0.196002,0.198002,0.531952],[0.228013,0.188004,0.237994,0.345989],[0.0440496,0.791883,0.0520312,0.112036]]},{"db":2,"id":"GRHL2_HUMAN.H11MO.0.A","len":12,"ltrim":0,"rtrim":0,"nsites":497,"evalue":"1.0e+000","url":"http://hocomoco.autosome.ru/motif/GRHL2_HUMAN.H11MO.0.A","pwm":[[0.740352,0.0282052,0.128789,0.102654],[0.778574,0.0161352,0.0885553,0.116735],[5.87004e-05,0.997829,0.00205355,5.87004e-05],[0.0443154,0.714184,0.00808855,0.233412],[0.225365,0.0342402,0.307827,0.432567],[0.00408204,0.00205355,0.993806,5.87004e-05],[0.0241987,0.253512,0.00406522,0.718224],[0.0141404,0.386282,0.0101002,0.589477],[0.12277,0.23943,0.14287,0.494929],[0.177085,0.0563686,0.462725,0.303821],[0.350089,0.0644152,0.33599,0.249505],[0.00207037,0.913339,0.0282052,0.0563854]]},{"db":2,"id":"HAND1_HUMAN.H11MO.0.D","len":17,"ltrim":3,"rtrim":0,"nsites":500,"evalue":"1.0e+000","url":"http://hocomoco.autosome.ru/motif/HAND1_HUMAN.H11MO.0.D","pwm":[[0.24201,0.114019,0.439954,0.204018],[0.154028,0.132015,0.495942,0.218015],[0.136031,0.265988,0.451951,0.146029],[0.0380507,0.401961,0.0520312,0.507957],[0.0240535,0.947852,0.00604043,0.0220539],[0.0160551,4.16317e-05,4.16317e-05,0.983862],[0.00205795,0.00204123,0.987844,0.00805675],[0.00205795,0.223997,0.613919,0.160026],[0.182022,0.303981,0.126016,0.387981],[0.19202,0.251991,0.0940228,0.461966],[0.335991,0.102021,0.028036,0.533952],[0.178023,0.221997,0.291983,0.307997],[0.0500484,0.235994,0.0740268,0.63993],[0.170024,0.311979,0.397962,0.120034],[0.0240535,0.0260364,0.0340348,0.915875],[0.0200543,0.867868,0.0500316,0.062046],[0.611936,0.10802,0.0360344,0.24401]]},{"db":2,"id":"HIF1A_HUMAN.H11MO.0.C","len":8,"ltrim":0,"rtrim":0,"nsites":500,"evalue":"1.0e+000","url":"http://hocomoco.autosome.ru/motif/HIF1A_HUMAN.H11MO.0.C","pwm":[[0.212016,0.164009,0.527936,0.0960392],[0.234012,0.0500316,0.417958,0.297999],[0.825893,0.0120392,0.15601,0.00605715],[0.134032,0.801881,0.0100396,0.0540476],[0.0280527,0.00204123,0.969848,5.83483e-05],[0.00805675,0.00804003,4.16317e-05,0.983862],[5.83483e-05,0.00404083,0.993843,0.00205795],[0.286001,0.521937,0.0860244,0.106037]]},{"db":2,"id":"HSF2_HUMAN.H11MO.0.A","len":14,"ltrim":1,"rtrim":0,"nsites":1040,"evalue":"1.0e+000","url":"http://hocomoco.autosome.ru/motif/HSF2_HUMAN.H11MO.0.A","pwm":[[0.341388,0.261785,0.308824,0.0880027],[0.0672344,0.0841004,0.766426,0.082239],[0.750253,0.0685782,0.11707,0.0640994],[0.69273,0.0605931,0.110655,0.136021],[0.120997,0.230398,0.280191,0.368414],[0.304403,0.189923,0.415798,0.0898761],[0.0960658,0.0361996,0.0787506,0.788984],[0.0645674,0.0485326,0.0926597,0.79424],[0.0443149,0.795038,0.120608,0.0400382],[0.0677217,0.137605,0.161988,0.632685],[0.581981,0.177809,0.174567,0.0656425],[0.01689,0.119132,0.810071,0.0539074],[0.725264,0.0617263,0.114397,0.0986124],[0.550755,0.162439,0.138529,0.148277]]},{"db":2,"id":"HTF4_HUMAN.H11MO.0.A","len":10,"ltrim":1,"rtrim":0,"nsites":500,"evalue":"1.0e+000","url":"http://hocomoco.autosome.ru/motif/HTF4_HUMAN.H11MO.0.A","pwm":[[0.295999,0.120018,0.261989,0.321994],[0.14203,0.339974,0.493943,0.0240535],[0.0220539,0.947852,0.0220372,0.00805675],[0.84389,0.0140388,0.00604043,0.136031],[0.0140555,0.120018,0.837874,0.0280527],[0.0560472,0.60992,0.317978,0.0160551],[0.0180547,4.16317e-05,0.0100396,0.971864],[0.00405755,0.00804003,0.939854,0.0480488],[0.0980388,0.0320352,0.317978,0.551948],[0.0180547,0.16001,0.673907,0.148029]]},{"db":2,"id":"HXC10_HUMAN.H11MO.0.D","len":19,"ltrim":2,"rtrim":1,"nsites":8980,"evalue":"1.0e+000","url":"http://hocomoco.autosome.ru/motif/HXC10_HUMAN.H11MO.0.D","pwm":[[0.234694,0.162724,0.181709,0.420873],[0.310598,0.114298,0.119065,0.456039],[0.42012,0.0660392,0.0691724,0.444668],[0.39671,0.0458537,0.0488343,0.508602],[0.429141,0.0408559,0.0917168,0.438286],[0.471936,0.0571732,0.160059,0.310831],[0.410823,0.163883,0.195753,0.229541],[0.295695,0.187922,0.216996,0.299387],[0.253353,0.193965,0.216088,0.336595],[0.247208,0.139666,0.201695,0.411431],[0.0931921,0.102039,0.124499,0.68027],[0.0225633,0.0133639,0.0946815,0.869391],[0.00059522,0.0131893,0.00844102,0.977774],[0.370086,0.0164389,0.0142789,0.599196],[0.987532,0.00460778,0.0077839,7.67256e-05],[0.0401002,0.172039,0.0546656,0.733195],[0.115705,0.0918093,0.393456,0.399029],[0.471773,0.0897987,0.317193,0.121235],[0.167595,0.426743,0.202756,0.202906]]},{"db":2,"id":"ISL1_HUMAN.H11MO.0.A","len":9,"ltrim":1,"rtrim":1,"nsites":500,"evalue":"1.0e+000","url":"http://hocomoco.autosome.ru/motif/ISL1_HUMAN.H11MO.0.A","pwm":[[0.184022,0.30798,0.363969,0.14403],[0.0460492,0.65791,0.048032,0.248009],[0.286001,0.0560304,0.0120392,0.645929],[0.711916,0.05803,0.223997,0.00605715],[0.977863,0.0120392,0.0100396,5.83483e-05],[0.0160551,0.00604043,0.30998,0.667925],[0.0500484,4.16317e-05,0.619918,0.329992],[0.164026,0.0400336,0.763889,0.0320519],[0.33999,0.293983,0.295982,0.0700444]]},{"db":2,"id":"LEF1_HUMAN.H11MO.0.A","len":14,"ltrim":1,"rtrim":1,"nsites":456,"evalue":"1.0e+000","url":"http://hocomoco.autosome.ru/motif/LEF1_HUMAN.H11MO.0.A","pwm":[[0.0768015,0.260953,0.274108,0.388137],[0.0329515,0.635871,0.184216,0.146962],[0.017604,0.708224,0.0132007,0.260972],[0.122844,0.0460882,0.0197782,0.81129],[0.00225648,0.138173,0.0351257,0.824445],[0.00225648,0.0132007,0.0329332,0.95161],[0.043914,0.425391,0.519669,0.0110265],[0.456104,0.138173,0.0153932,0.390329],[0.278512,0.166676,0.157906,0.396907],[0.285089,0.190793,0.201756,0.322362],[0.0417215,0.129403,0.149136,0.679739],[0.039529,0.311381,0.383733,0.265357],[0.116267,0.460471,0.0899382,0.333324],[0.313592,0.221488,0.103093,0.361827]]},{"db":2,"id":"MYOD1_HUMAN.H11MO.0.A","len":15,"ltrim":1,"rtrim":4,"nsites":500,"evalue":"1.0e+000","url":"http://hocomoco.autosome.ru/motif/MYOD1_HUMAN.H11MO.0.A","pwm":[[0.220014,0.237994,0.40796,0.134032],[0.00605715,0.991843,0.00204123,5.83483e-05],[0.99386,4.16317e-05,4.16317e-05,0.00605715],[0.00805675,0.227996,0.749892,0.0140555],[0.0100563,0.979846,4.16317e-05,0.0100563],[0.00205795,0.00404083,4.16317e-05,0.99386],[5.83483e-05,0.00404083,0.993843,0.00205795],[5.83483e-05,0.391963,0.038034,0.569944],[0.0120559,0.419958,0.0600296,0.507957],[0.166025,0.333975,0.291983,0.208017],[0.0660452,0.573927,0.10802,0.252008],[0.14403,0.233995,0.170008,0.451968],[0.130032,0.16001,0.495942,0.214016],[0.0480488,0.395962,0.221997,0.333992],[0.154028,0.513939,0.132015,0.200018]]},{"db":2,"id":"NANOG_HUMAN.H11MO.0.A","len":17,"ltrim":1,"rtrim":1,"nsites":499,"evalue":"1.0e+000","url":"http://hocomoco.autosome.ru/motif/NANOG_HUMAN.H11MO.0.A","pwm":[[0.128289,0.258507,0.280547,0.332657],[0.0441378,0.486918,0.178363,0.290581],[0.0882172,0.510961,0.0701679,0.330654],[0.30661,0.0441211,0.0601499,0.589119],[0.0120801,0.0601499,0.0421175,0.885653],[0.0681811,0.00805614,0.0381102,0.885653],[0.110257,0.248489,0.589102,0.0521522],[0.376736,0.0421175,0.0361066,0.545039],[0.230473,0.260511,0.192388,0.316628],[0.807512,0.034103,0.0401138,0.118271],[0.0681811,0.014067,0.0300958,0.887656],[0.0261053,0.0180742,0.811502,0.144318],[0.028109,0.635185,0.116251,0.220455],[0.681285,0.0320994,0.0160706,0.270545],[0.663252,0.0501319,0.240474,0.0461414],[0.805508,0.0481283,0.0681643,0.0781991],[0.140311,0.150312,0.200402,0.508975]]},{"db":2,"id":"NKX21_HUMAN.H11MO.0.A","len":10,"ltrim":1,"rtrim":1,"nsites":500,"evalue":"1.0e+000","url":"http://hocomoco.autosome.ru/motif/NKX21_HUMAN.H11MO.0.A","pwm":[[0.0660452,0.421957,0.225996,0.286001],[0.132032,0.0920232,0.0240368,0.751908],[0.0760432,0.0220372,0.333975,0.567945],[0.0340515,0.00604043,0.95785,0.00205795],[0.995859,0.00204123,4.16317e-05,0.00205795],[0.0100563,0.00804003,0.981845,5.83483e-05],[0.282002,0.00204123,0.104021,0.611936],[0.108037,0.00204123,0.877866,0.0120559],[0.0320519,0.325976,0.443953,0.198019],[0.158027,0.347972,0.15601,0.337991]]},{"db":2,"id":"NKX22_HUMAN.H11MO.0.D","len":8,"ltrim":1,"rtrim":1,"nsites":500,"evalue":"1.0e+000","url":"http://hocomoco.autosome.ru/motif/NKX22_HUMAN.H11MO.0.D","pwm":[[0.303998,0.0700276,0.291983,0.333992],[0.208017,0.269988,0.517938,0.00405755],[0.977863,0.00204123,0.0120392,0.00805675],[0.280002,0.0120392,0.701901,0.00605715],[0.459966,4.16317e-05,0.0740268,0.465965],[0.00805675,4.16317e-05,0.989844,0.00205795],[0.0980388,0.295982,0.525936,0.0800424],[0.264006,0.389964,0.068028,0.278003]]},{"db":2,"id":"NKX25_HUMAN.H11MO.0.B","len":8,"ltrim":1,"rtrim":0,"nsites":499,"evalue":"1.0e+000","url":"http://hocomoco.autosome.ru/motif/NKX25_HUMAN.H11MO.0.B","pwm":[[0.10625,0.164337,0.310601,0.418812],[0.0761955,0.114247,0.537008,0.272549],[0.422819,0.034103,0.518976,0.0241017],[0.979822,0.0160706,4.17151e-05,0.00406568],[0.0361234,0.00404893,0.959769,5.84652e-05],[0.545039,0.0601499,0.0180742,0.376736],[0.198416,0.00204532,0.769427,0.0301126],[0.168361,0.302586,0.484914,0.0441378]]},{"db":2,"id":"NKX31_HUMAN.H11MO.0.C","len":12,"ltrim":1,"rtrim":1,"nsites":500,"evalue":"1.0e+000","url":"http://hocomoco.autosome.ru/motif/NKX31_HUMAN.H11MO.0.C","pwm":[[0.19002,0.196002,0.321977,0.292],[0.0860412,0.251991,0.098022,0.563946],[0.252008,0.10802,0.152011,0.487961],[0.759906,0.0540308,0.172007,0.0140555],[0.959866,0.00204123,0.0200376,0.0180547],[0.00405755,0.00404083,0.985844,0.00605715],[0.0880408,0.00204123,0.018038,0.89188],[0.170024,0.0140388,0.803881,0.0120559],[0.0180547,0.451951,0.265988,0.264006],[0.14203,0.25599,0.038034,0.563946],[0.156027,0.0860244,0.10602,0.651928],[0.280002,0.0840248,0.295982,0.33999]]},{"db":2,"id":"NKX32_HUMAN.H11MO.0.C","len":10,"ltrim":0,"rtrim":0,"nsites":498,"evalue":"1.0e+000","url":"http://hocomoco.autosome.ru/motif/NKX32_HUMAN.H11MO.0.C","pwm":[[0.150631,0.0883775,0.080347,0.680645],[0.0341883,4.17989e-05,0.0241333,0.941637],[0.937621,0.00405706,0.0562554,0.00206621],[0.995843,4.17989e-05,0.00204943,0.00206621],[0.00206621,0.00204943,0.969727,0.0261578],[0.0181272,4.17989e-05,0.0140952,0.967736],[0.0863866,4.17989e-05,0.897452,0.0161196],[0.0522569,0.257018,0.303194,0.387531],[0.249005,0.132545,0.126522,0.491928],[0.200821,0.16266,0.0622783,0.57424]]},{"db":2,"id":"OLIG2_HUMAN.H11MO.1.B","len":10,"ltrim":0,"rtrim":1,"nsites":498,"evalue":"1.0e+000","url":"http://hocomoco.autosome.ru/motif/OLIG2_HUMAN.H11MO.1.B","pwm":[[0.174722,0.584262,0.116484,0.124532],[0.228928,0.732826,0.00606469,0.0321806],[0.660569,0.0642859,0.0683012,0.206844],[0.0281654,0.0542478,0.397552,0.520034],[0.172715,0.698697,0.0522402,0.0763485],[0.0161196,0.00807231,0.00807231,0.967736],[0.0100967,0.0241333,0.855292,0.110478],[0.0080891,0.321262,0.214858,0.45579],[0.0382035,0.327285,0.0783393,0.556172],[0.152638,0.250995,0.172698,0.423668]]},{"db":2,"id":"P63_HUMAN.H11MO.0.A","len":19,"ltrim":1,"rtrim":2,"nsites":500,"evalue":"1.0e+000","url":"http://hocomoco.autosome.ru/motif/P63_HUMAN.H11MO.0.A","pwm":[[0.292,0.0740268,0.417958,0.216015],[0.409976,0.0160384,0.483945,0.0900404],[5.83483e-05,0.983845,0.00404083,0.0120559],[0.757907,0.0900236,0.0960224,0.0560472],[0.371984,0.0140388,0.154011,0.459966],[0.00205795,0.00204123,0.993843,0.00205795],[0.082042,0.449952,0.0100396,0.457967],[0.134032,0.527936,0.10802,0.230012],[0.0200543,0.787884,0.142013,0.0500484],[0.557947,0.184005,0.038034,0.220014],[0.202018,0.0420332,0.643913,0.112036],[0.415975,0.00604043,0.479946,0.0980388],[0.00205795,0.993843,0.00404083,5.83483e-05],[0.525953,0.172007,0.0140388,0.288001],[0.09204,0.0960224,0.128016,0.683922],[0.0220539,0.0100396,0.961849,0.00605715],[0.0600464,0.519938,0.0220372,0.397979],[0.210016,0.431955,0.0900236,0.268005],[0.134032,0.399962,0.200002,0.266005]]},{"db":2,"id":"P73_HUMAN.H11MO.0.A","len":19,"ltrim":3,"rtrim":0,"nsites":500,"evalue":"1.0e+000","url":"http://hocomoco.autosome.ru/motif/P73_HUMAN.H11MO.0.A","pwm":[[0.355987,0.16001,0.319978,0.164026],[0.321994,0.0920232,0.399962,0.186021],[0.38998,0.0760264,0.379966,0.154028],[0.0340515,0.873867,0.0400336,0.052048],[0.609936,0.148012,0.068028,0.174024],[0.311996,0.0120392,0.078026,0.597939],[0.00805675,0.0100396,0.975846,0.00605715],[0.0680448,0.479946,0.0140388,0.437971],[0.136031,0.585924,0.0740268,0.204018],[0.122034,0.739894,0.0840248,0.0540476],[0.617935,0.211999,0.0100396,0.160026],[0.284002,0.0860244,0.513939,0.116035],[0.555947,0.038034,0.313979,0.09204],[0.0100563,0.953851,0.0240368,0.0120559],[0.501958,0.16001,0.0260364,0.311996],[0.110036,0.0960224,0.11002,0.683922],[0.0340515,0.0120392,0.939854,0.0140555],[0.0880408,0.499942,0.0420332,0.369984],[0.188021,0.50994,0.0820252,0.220014]]},{"db":2,"id":"PO2F2_HUMAN.H11MO.0.A","len":11,"ltrim":1,"rtrim":1,"nsites":500,"evalue":"1.0e+000","url":"http://hocomoco.autosome.ru/motif/PO2F2_HUMAN.H11MO.0.A","pwm":[[0.427973,0.152011,0.211999,0.208017],[0.122034,0.397962,0.0700276,0.409976],[0.901878,0.0640288,0.0260364,0.00805675],[0.0160551,0.018038,0.0420332,0.923874],[0.00805675,0.00404083,0.963849,0.0240535],[0.0760432,0.823877,0.0340348,0.0660452],[0.955867,0.0100396,0.00604043,0.0280527],[0.58994,0.0740268,0.0860244,0.250008],[0.913876,0.0260364,0.0500316,0.0100563],[0.0840416,0.098022,0.122017,0.695919],[0.196019,0.152011,0.397962,0.254008]]},{"db":2,"id":"PRDM6_HUMAN.H11MO.0.C","len":13,"ltrim":1,"rtrim":2,"nsites":500,"evalue":"1.0e+000","url":"http://hocomoco.autosome.ru/motif/PRDM6_HUMAN.H11MO.0.C","pwm":[[0.463966,0.166008,0.245992,0.124034],[0.529952,0.0700276,0.267988,0.132032],[0.433972,0.196002,0.329976,0.0400503],[0.615935,0.038034,0.202001,0.14403],[0.471964,0.0100396,0.451951,0.0660452],[0.00205795,0.0460324,0.941853,0.0100563],[0.977863,0.0160384,4.16317e-05,0.00605715],[0.983862,0.00404083,4.16317e-05,0.0120559],[0.937871,0.00804003,0.00804003,0.0460492],[0.759906,0.132015,0.068028,0.0400503],[0.603938,0.233995,0.112019,0.0500484],[0.49196,0.192003,0.126016,0.19002],[0.503958,0.15601,0.202001,0.138031]]},{"db":2,"id":"PRGR_HUMAN.H11MO.0.A","len":16,"ltrim":0,"rtrim":1,"nsites":315,"evalue":"1.0e+000","url":"http://hocomoco.autosome.ru/motif/PRGR_HUMAN.H11MO.0.A","pwm":[[0.422181,0.0222812,0.403113,0.152425],[0.0984741,0.00958686,0.844243,0.0476965],[0.498347,0.158746,0.187308,0.155599],[0.895047,0.0508436,0.0254548,0.028655],[0.00961339,0.875978,0.00958686,0.104821],[0.644333,0.0349756,0.114316,0.206376],[0.028655,0.180961,0.17144,0.618944],[0.0794325,0.219044,0.114316,0.587208],[0.0667381,0.466585,0.146051,0.320626],[0.0921269,0.063538,0.0413228,0.803012],[0.0