<!DOCTYPE HTML>
<html>
  <head>
    <meta charset="UTF-8">
    <title>TOMTOM</title>
    <script>
      // @JSON_VAR data
      var data = {
        "program": "Tomtom",
        "version": "4.12.0",
        "release": "Tue Jun 27 16:22:50 2017 -0700",
        "cmd": [
          "tomtom", "-verbosity", "1", "-oc",
          "results/AHRpeaks_withAHREs.bed-399.fa/jaspar/meme_tomtom_out",
          "-min-overlap", "5", "-dist", "pearson", "-evalue", "-thresh", "1",
          "-no-ssc", "-bfile",
          "results/AHRpeaks_withAHREs.bed-399.fa/jaspar/background",
          "results/AHRpeaks_withAHREs.bed-399.fa/jaspar/meme_out/meme.xml",
          "/Users/filipov4/meme/db/motif_databases/JASPAR/JASPAR2018_CORE_non-redundant.meme"
        ],
        "options": {
          "strands": "both",
          "distance_measure": "pearson",
          "threshold_type": "evalue",
          "threshold_value": 1,
          "background_source": "file",
          "background_file": "results/AHRpeaks_withAHREs.bed-399.fa/jaspar/background"
        },
        "alphabet": {
          "name": "DNA",
          "like": "dna",
          "ncore": 4,
          "symbols": [
            {
              "symbol": "A",
              "name": "Adenine",
              "colour": "CC0000",
              "complement": "T"
            }, {
              "symbol": "C",
              "name": "Cytosine",
              "colour": "0000CC",
              "complement": "G"
            }, {
              "symbol": "G",
              "name": "Guanine",
              "colour": "FFB300",
              "complement": "C"
            }, {
              "symbol": "T",
              "aliases": "U",
              "name": "Thymine",
              "colour": "008000",
              "complement": "A"
            }, {
              "symbol": "N",
              "aliases": "X.",
              "name": "Any base",
              "equals": "ACGT"
            }, {
              "symbol": "V",
              "name": "Not T",
              "equals": "ACG"
            }, {
              "symbol": "H",
              "name": "Not G",
              "equals": "ACT"
            }, {
              "symbol": "D",
              "name": "Not C",
              "equals": "AGT"
            }, {
              "symbol": "B",
              "name": "Not A",
              "equals": "CGT"
            }, {
              "symbol": "M",
              "name": "Amino",
              "equals": "AC"
            }, {
              "symbol": "R",
              "name": "Purine",
              "equals": "AG"
            }, {
              "symbol": "W",
              "name": "Weak",
              "equals": "AT"
            }, {
              "symbol": "S",
              "name": "Strong",
              "equals": "CG"
            }, {
              "symbol": "Y",
              "name": "Pyrimidine",
              "equals": "CT"
            }, {
              "symbol": "K",
              "name": "Keto",
              "equals": "GT"
            }
          ]
        },
        "background": [0.2648, 0.2352, 0.2352, 0.2648],
        "query_dbs": [
          {
            "source": "results/AHRpeaks_withAHREs.bed-399.fa/jaspar/meme_out/meme.xml",
            "name": "meme",
            "loaded": 7,
            "excluded": 0,
            "last_modified": "Thu May 24 18:27:45 2018"
          }
        ],
        "target_dbs": [
          {
            "source": "/Users/filipov4/meme/db/motif_databases/JASPAR/JASPAR2018_CORE_non-redundant.meme",
            "name": "JASPAR2018 CORE non-redundant",
            "loaded": 1404,
            "excluded": 0,
            "last_modified": "Thu Dec  7 14:38:42 2017"
          }
        ],
        "queries": [
          {
            "db": 0,
            "id": "CWGGGCWGDGCAGRGM",
            "alt": "MEME-5",
            "len": 16,
            "nsites": 35,
            "evalue": "2.1e-008",
            "pwm": [
              [0.114715, 0.741411, 0.11463, 0.029244], 
              [0.570555, 0.000670086, 0.0291597, 0.399615], 
              [0.0862242, 0.11463, 0.68443, 0.114715], 
              [0.114715, 0.000670086, 0.798391, 0.0862242], 
              [0.114715, 0.171611, 0.712921, 0.000754416], 
              [0.114715, 0.855371, 0.0291597, 0.000754416], 
              [0.599045, 0.000670086, 0.000670086, 0.399615], 
              [0.114715, 0.2001, 0.655941, 0.029244], 
              [0.314145, 0.000670086, 0.371041, 0.314145], 
              [0.029244, 0.0291597, 0.883861, 0.0577346], 
              [0.000754416, 0.997821, 0.000670086, 0.000754416], 
              [0.627535, 0.22859, 0.000670086, 0.143204], 
              [0.000754416, 0.000670086, 0.997821, 0.000754416], 
              [0.342635, 0.000670086, 0.655941, 0.000754416], 
              [0.000754416, 0.11463, 0.883861, 0.000754416], 
              [0.285654, 0.54198, 0.0861399, 0.0862242]
            ]
          }, {
            "db": 0,
            "id": "GTGACTCAY",
            "alt": "MEME-6",
            "len": 9,
            "nsites": 57,
            "evalue": "8.2e-007",
            "pwm": [
              [0.245648, 0.193056, 0.560833, 0.000463748], 
              [0.000463748, 0.000411909, 0.000411909, 0.998712], 
              [0.000463748, 0.000411909, 0.998661, 0.000463748], 
              [0.946173, 0.000411909, 0.0529517, 0.000463748], 
              [0.000463748, 0.998661, 0.000411909, 0.000463748], 
              [0.140569, 0.0179252, 0.000411909, 0.841094], 
              [0.000463748, 0.998661, 0.000411909, 0.000463748], 
              [0.963686, 0.000411909, 0.0354385, 0.000463748], 
              [0.000463748, 0.455753, 0.210569, 0.333213]
            ]
          }, {
            "db": 0,
            "id": "GTGTGTGTGYGTGTGT",
            "alt": "MEME-1",
            "len": 16,
            "nsites": 53,
            "evalue": "1.3e-039",
            "pwm": [
              [0.207655, 0.0192754, 0.753739, 0.0193311], 
              [0.0193311, 0.169934, 0.000442938, 0.810292], 
              [0.0193311, 0.0946053, 0.847901, 0.0381636], 
              [0.000498682, 0.0946053, 0.000442938, 0.904453], 
              [0.113493, 0.000442938, 0.866733, 0.0193311], 
              [0.0569961, 0.226432, 0.0381079, 0.678465], 
              [0.0193311, 0.151102, 0.829068, 0.000498682], 
              [0.094661, 0.132269, 0.0381079, 0.734962], 
              [0.000498682, 0.000442938, 0.99856, 0.000498682], 
              [0.0193311, 0.490085, 0.000442938, 0.490141], 
              [0.24532, 0.0192754, 0.60308, 0.132325], 
              [0.0381636, 0.245264, 0.151102, 0.565471], 
              [0.207655, 0.0757728, 0.565415, 0.151157], 
              [0.000498682, 0.151102, 0.000442938, 0.847957], 
              [0.132325, 0.000442938, 0.866733, 0.000498682], 
              [0.094661, 0.132269, 0.0192754, 0.753794]
            ]
          }, {
            "db": 0,
            "id": "RAAAAAAAMAAAMAAA",
            "alt": "MEME-2",
            "len": 16,
            "nsites": 52,
            "evalue": "5.5e-035",
            "pwm": [
              [0.480354, 0.00045144, 0.345941, 0.173253], 
              [0.960201, 0.00045144, 0.00045144, 0.0388964], 
              [0.787457, 0.00045144, 0.211583, 0.000508253], 
              [0.633905, 0.0772268, 0.0196455, 0.269222], 
              [0.55713, 0.269166, 0.00045144, 0.173253], 
              [0.941008, 0.00045144, 0.0580327, 0.000508253], 
              [0.691487, 0.0388396, 0.269166, 0.000508253], 
              [0.883425, 0.00045144, 0.0772268, 0.0388964], 
              [0.480354, 0.44191, 0.0772268, 0.000508253], 
              [0.941008, 0.0580327, 0.00045144, 0.000508253], 
              [0.633905, 0.00045144, 0.154002, 0.21164], 
              [0.998589, 0.00045144, 0.00045144, 0.000508253], 
              [0.365192, 0.326747, 0.173196, 0.134865], 
              [0.921814, 0.00045144, 0.0388396, 0.0388964], 
              [0.710681, 0.115615, 0.173196, 0.000508253], 
              [0.902619, 0.00045144, 0.0772268, 0.0197023]
            ]
          }, {
            "db": 0,
            "id": "RCAYTNDRYAAATRTTTRCTGA",
            "alt": "MEME-7",
            "len": 22,
            "nsites": 17,
            "evalue": "6.8e-005",
            "pwm": [
              [0.469385, 0.118334, 0.352252, 0.0600285], 
              [0.00154854, 0.995527, 0.00137544, 0.00154854], 
              [0.820262, 0.00137544, 0.00137544, 0.176988], 
              [0.00154854, 0.527691, 0.00137544, 0.469385], 
              [0.118508, 0.118334, 0.00137544, 0.761783], 
              [0.176988, 0.293773, 0.176814, 0.352426], 
              [0.410906, 0.0598554, 0.293773, 0.235467], 
              [0.352426, 0.0598554, 0.527691, 0.0600285], 
              [0.176988, 0.293773, 0.0598554, 0.469385], 
              [0.878742, 0.00137544, 0.118334, 0.00154854], 
              [0.878742, 0.118334, 0.00137544, 0.00154854], 
              [0.703303, 0.00137544, 0.00137544, 0.293947], 
              [0.00154854, 0.0598554, 0.00137544, 0.937221], 
              [0.586344, 0.00137544, 0.410732, 0.00154854], 
              [0.00154854, 0.00137544, 0.00137544, 0.995701], 
              [0.00154854, 0.0598554, 0.0598554, 0.878742], 
              [0.0600285, 0.00137544, 0.0598554, 0.878742], 
              [0.410906, 0.00137544, 0.58617, 0.00154854], 
              [0.0600285, 0.703129, 0.00137544, 0.235467], 
              [0.00154854, 0.176814, 0.00137544, 0.820262], 
              [0.00154854, 0.235293, 0.58617, 0.176988], 
              [0.820262, 0.0598554, 0.00137544, 0.118508]
            ]
          }, {
            "db": 0,
            "id": "RKCTCMCHGCMMHCYCCNCCHC",
            "alt": "MEME-3",
            "len": 22,
            "nsites": 48,
            "evalue": "4.5e-027",
            "pwm": [
              [0.291611, 0.125229, 0.582609, 0.00055052], 
              [0.0629206, 0.104439, 0.457869, 0.374771], 
              [0.00055052, 0.85288, 0.062859, 0.0837103], 
              [0.166871, 0.208389, 0.000488981, 0.624251], 
              [0.00055052, 0.72814, 0.166809, 0.104501], 
              [0.395561, 0.437079, 0.000488981, 0.166871], 
              [0.0837103, 0.91525, 0.000488981, 0.00055052], 
              [0.250031, 0.312339, 0.0212787, 0.416351], 
              [0.00055052, 0.249969, 0.66577, 0.0837103], 
              [0.0421309, 0.6034, 0.146019, 0.20845], 
              [0.520301, 0.395499, 0.000488981, 0.0837103], 
              [0.437141, 0.333129, 0.146019, 0.0837103], 
              [0.229241, 0.333129, 0.0420694, 0.395561], 
              [0.0213402, 0.87367, 0.000488981, 0.104501], 
              [0.0837103, 0.35392, 0.104439, 0.457931], 
              [0.0213402, 0.832089, 0.0212787, 0.125291], 
              [0.187661, 0.56182, 0.0420694, 0.20845], 
              [0.353981, 0.22918, 0.187599, 0.229241], 
              [0.0629206, 0.74893, 0.000488981, 0.187661], 
              [0.00055052, 0.97762, 0.000488981, 0.0213402], 
              [0.229241, 0.35392, 0.000488981, 0.416351], 
              [0.00055052, 0.95683, 0.0420694, 0.00055052]
            ]
          }, {
            "db": 0,
            "id": "TCCAGCCTGGGTSACAGAGYRASAYYCC",
            "alt": "MEME-4",
            "len": 28,
            "nsites": 8,
            "evalue": "1.1e-013",
            "pwm": [
              [0.00326914, 0.12636, 0.12636, 0.74401], 
              [0.00326914, 0.990558, 0.0029037, 0.00326914], 
              [0.00326914, 0.990558, 0.0029037, 0.00326914], 
              [0.867467, 0.12636, 0.0029037, 0.00326914], 
              [0.250183, 0.0029037, 0.743644, 0.00326914], 
              [0.00326914, 0.743644, 0.249817, 0.00326914], 
              [0.00326914, 0.867101, 0.0029037, 0.126726], 
              [0.00326914, 0.0029037, 0.0029037, 0.990923], 
              [0.00326914, 0.0029037, 0.990558, 0.00326914], 
              [0.00326914, 0.12636, 0.867101, 0.00326914], 
              [0.126726, 0.0029037, 0.867101, 0.00326914], 
              [0.00326914, 0.12636, 0.0029037, 0.867467], 
              [0.00326914, 0.373274, 0.620188, 0.00326914], 
              [0.990923, 0.0029037, 0.0029037, 0.00326914], 
              [0.00326914, 0.867101, 0.0029037, 0.126726], 
              [0.74401, 0.12636, 0.12636, 0.00326914], 
              [0.00326914, 0.12636, 0.867101, 0.00326914], 
              [0.74401, 0.0029037, 0.249817, 0.00326914], 
              [0.00326914, 0.0029037, 0.990558, 0.00326914], 
              [0.00326914, 0.496731, 0.0029037, 0.497096], 
              [0.497096, 0.12636, 0.373274, 0.00326914], 
              [0.990923, 0.0029037, 0.0029037, 0.00326914], 
              [0.00326914, 0.373274, 0.620188, 0.00326914], 
              [0.990923, 0.0029037, 0.0029037, 0.00326914], 
              [0.00326914, 0.373274, 0.12636, 0.497096], 
              [0.00326914, 0.373274, 0.12636, 0.497096], 
              [0.00326914, 0.743644, 0.12636, 0.126726], 
              [0.00326914, 0.620188, 0.12636, 0.250183]
            ]
          }
        ],
        "targets": [
          {
            "db": 0,
            "id": "MA0032.2",
            "alt": "FOXC1",
            "len": 11,
            "nsites": 19566,
            "url": "http://jaspar2018.genereg.net/matrix/MA0032.2",
            "pwm": [
              [0.329756, 0.039457, 0.0155381, 0.615249], 
              [0.695237, 0.035336, 0.202155, 0.067273], 
              [0.344387, 0.0876138, 0.105678, 0.462323], 
              [0.257364, 0.0178011, 0.722132, 0.00270334], 
              [0.108395, 0.0717428, 0.0169381, 0.802924], 
              [0.706923, 0.289518, 0.0011332, 0.00242634], 
              [0.991151, 0.00579117, 1.20208e-06, 0.00305734], 
              [0.983558, 0.00298019, 0.00750216, 0.00595932], 
              [0.00649832, 0.467699, 0.00878816, 0.517014], 
              [0.966337, 0.00141219, 0.0226321, 0.0096183], 
              [0.31682, 0.0736508, 0.0523319, 0.557199]
            ]
          }, {
            "db": 0,
            "id": "MA0041.1",
            "alt": "Foxd3",
            "len": 12,
            "nsites": 47,
            "url": "http://jaspar2018.genereg.net/matrix/MA0041.1",
            "pwm": [
              [0.234108, 0.0641938, 0.552516, 0.149182], 
              [0.637505, 0.042962, 0.000499363, 0.319034], 
              [0.510116, 0.0217312, 0.000499363, 0.467653], 
              [0.021794, 0.0854247, 0.000499363, 0.892282], 
              [0.255339, 0.000499363, 0.722367, 0.021794], 
              [0.000562208, 0.000499363, 0.000499363, 0.998439], 
              [0.021794, 0.000499363, 0.000499363, 0.977207], 
              [0.106719, 0.000499363, 0.212814, 0.679968], 
              [0.297802, 0.000499363, 0.44636, 0.255339], 
              [0.127951, 0.149119, 0.000499363, 0.72243], 
              [0.021794, 0.042962, 0.0854247, 0.849819], 
              [0.000562208, 0.255276, 0.000499363, 0.743662]
            ]
          }, {
            "db": 0,
            "id": "MA0099.3",
            "alt": "FOS::JUN",
            "len": 10,
            "nsites": 1000,
            "url": "http://jaspar2018.genereg.net/matrix/MA0099.3",
            "pwm": [
              [0.591967, 0.111012, 0.256998, 0.0400225], 
              [0.00302618, 0.00502302, 0.00202332, 0.989927], 
              [0.00702578, 0.00102342, 0.823941, 0.16801], 
              [0.819944, 0.13101, 0.00402312, 0.045022], 
              [0.0780187, 0.180006, 0.687955, 0.0540211], 
              [0.00502598, 0.00202332, 0.00202332, 0.990927], 
              [0.0300235, 0.962927, 0.00302322, 0.00402608], 
              [0.991927, 0.00202332, 0.00202332, 0.00402608], 
              [0.0240241, 0.312992, 0.095014, 0.56797], 
              [0.276999, 0.396984, 0.164007, 0.16201]
            ]
          }, {
            "db": 0,
            "id": "MA0150.2",
            "alt": "Nfe2l2",
            "len": 15,
            "nsites": 726,
            "url": "http://jaspar2018.genereg.net/matrix/MA0150.2",
            "pwm": [
              [0.228655, 0.465533, 0.15015, 0.155662], 
              [0.552302, 0.107456, 0.21901, 0.121232], 
              [0.162548, 0.329188, 0.378768, 0.129496], 
              [0.279612, 0.340206, 0.20937, 0.170812], 
              [0.67212, 0.0385941, 0.282363, 0.00692252], 
              [3.64688e-05, 3.23922e-05, 3.23922e-05, 0.999899], 
              [3.64688e-05, 3.23922e-05, 0.979237, 0.0206946], 
              [0.999899, 3.23922e-05, 3.23922e-05, 3.64688e-05], 
              [0.0275807, 0.734091, 0.162544, 0.075784], 
              [0.115723, 0.0275766, 0.0220684, 0.834633], 
              [0.0895561, 0.756126, 0.0633847, 0.0909329], 
              [0.794693, 0.00416382, 0.123982, 0.0771608], 
              [0.0138086, 0.0151823, 0.961333, 0.00967714], 
              [0.00554571, 0.96271, 0.0261998, 0.00554571], 
              [0.858045, 0.0358405, 0.0427265, 0.0633887]
            ]
          }, {
            "db": 0,
            "id": "MA0252.1",
            "alt": "vis",
            "len": 6,
            "nsites": 22,
            "url": "http://jaspar2018.genereg.net/matrix/MA0252.1",
            "pwm": [
              [0.00119819, 0.00106425, 0.00106425, 0.996673], 
              [0.00119819, 0.00106425, 0.996539, 0.00119819], 
              [0.996673, 0.00106425, 0.00106425, 0.00119819], 
              [0.00119819, 0.996539, 0.00106425, 0.00119819], 
              [0.996673, 0.00106425, 0.00106425, 0.00119819], 
              [0.125633, 0.249933, 0.498802, 0.125633]
            ]
          }, {
            "db": 0,
            "id": "MA0272.1",
            "alt": "ARG81",
            "len": 8,
            "nsites": 198,
            "url": "http://jaspar2018.genereg.net/matrix/MA0272.1",
            "pwm": [
              [0.297963, 0.0606941, 0.419099, 0.222243], 
              [0.0367002, 0.000118728, 0.0244964, 0.938684], 
              [0.0773147, 0.000118728, 0.922433, 0.00013367], 
              [0.999629, 0.000118728, 0.000118728, 0.00013367], 
              [0.00013367, 0.99594, 0.000118728, 0.00380781], 
              [0.00619161, 0.000118728, 0.000118728, 0.993571], 
              [0.00013367, 0.999614, 0.000118728, 0.00013367], 
              [0.317178, 0.317163, 0.0216129, 0.344046]
            ]
          }, {
            "db": 0,
            "id": "MA0277.1",
            "alt": "AZF1",
            "len": 9,
            "nsites": 102,
            "url": "http://jaspar2018.genereg.net/matrix/MA0277.1",
            "pwm": [
              [0.617301, 0.127557, 0.127557, 0.127586], 
              [0.99928, 0.000230362, 0.000230362, 0.000259354], 
              [0.99928, 0.000230362, 0.000230362, 0.000259354], 
              [0.870693, 0.128817, 0.000230362, 0.000259354], 
              [0.749525, 0.000230362, 0.249986, 0.000259354], 
              [0.000259354, 0.000230362, 0.999251, 0.000259354], 
              [0.779495, 0.160074, 0.030201, 0.03023], 
              [0.81764, 0.060777, 0.060777, 0.060806], 
              [0.617301, 0.127557, 0.127557, 0.127586]
            ]
          }, {
            "db": 0,
            "id": "MA0303.1",
            "alt": "GCN4",
            "len": 21,
            "nsites": 998,
            "url": "http://jaspar2018.genereg.net/matrix/MA0303.1",
            "pwm": [
              [0.218442, 0.295585, 0.24549, 0.240483], 
              [0.371732, 0.217437, 0.268534, 0.142297], 
              [0.362715, 0.213429, 0.15031, 0.273546], 
              [0.282563, 0.11925, 0.325642, 0.272544], 
              [0.27555, 0.177361, 0.316625, 0.230464], 
              [0.169179, 0.14015, 0.365352, 0.325319], 
              [0.536045, 0.0350901, 0.41381, 0.015055], 
              [0.0110474, 0.00803876, 0.00603496, 0.974879], 
              [0.00203033, 0.00503306, 0.935802, 0.0571348], 
              [0.969869, 0.0130483, 0.00403116, 0.0130512], 
              [0.00203033, 0.433848, 0.563093, 0.00102843], 
              [0.0130512, 0.00403116, 0.0130483, 0.969869], 
              [0.0571348, 0.935802, 0.00503306, 0.00203033], 
              [0.974879, 0.00603496, 0.00803876, 0.0110474], 
              [0.015055, 0.41381, 0.0350901, 0.536045], 
              [0.376365, 0.290284, 0.131141, 0.202208], 
              [0.207213, 0.354342, 0.194198, 0.244246], 
              [0.284567, 0.216435, 0.202408, 0.29659], 
              [0.226457, 0.234469, 0.177361, 0.361713], 
              [0.25451, 0.32965, 0.232465, 0.183375], 
              [0.337668, 0.169346, 0.195395, 0.297592]
            ]
          }, {
            "db": 0,
            "id": "MA0446.1",
            "alt": "fkh",
            "len": 11,
            "nsites": 27,
            "url": "http://jaspar2018.genereg.net/matrix/MA0446.1",
            "pwm": [
              [0.111678, 0.000867897, 0.000867897, 0.886586], 
              [0.185479, 0.000867897, 0.812676, 0.000977122], 
              [0.000977122, 0.000867897, 0.000867897, 0.997287], 
              [0.000977122, 0.000867897, 0.000867897, 0.997287], 
              [0.000977122, 0.000867897, 0.0377682, 0.960387], 
              [0.480681, 0.000867897, 0.517474, 0.000977122], 
              [0.148578, 0.480572, 0.0746686, 0.29618], 
              [0.222379, 0.25917, 0.111569, 0.406881], 
              [0.000977122, 0.406772, 0.0746686, 0.517583], 
              [0.849686, 0.000867897, 0.0377682, 0.111678], 
              [0.554483, 0.148469, 0.148469, 0.148578]
            ]
          }, {
            "db": 0,
            "id": "MA0476.1",
            "alt": "FOS",
            "len": 11,
            "nsites": 29396,
            "url": "http://jaspar2018.genereg.net/matrix/MA0476.1",
            "pwm": [
              [0.26803, 0.0242217, 0.329501, 0.378249], 
              [0.254286, 0.346204, 0.368792, 0.0307188], 
              [9.008e-07, 8.00106e-07, 8.00106e-07, 0.999997], 
              [9.008e-07, 8.00106e-07, 0.922164, 0.0778346], 
              [0.999997, 8.00106e-07, 8.00106e-07, 9.008e-07], 
              [0.0339508, 0.478942, 0.381208, 0.1059], 
              [9.008e-07, 8.00106e-07, 8.00106e-07, 0.999997], 
              [9.008e-07, 0.999997, 8.00106e-07, 9.008e-07], 
              [0.999997, 8.00106e-07, 8.00106e-07, 9.008e-07], 
              [0.00877787, 0.198088, 0.0523206, 0.740813], 
              [0.136277, 0.280174, 0.268642, 0.314907]
            ]
          }, {
            "db": 0,
            "id": "MA0477.1",
            "alt": "FOSL1",
            "len": 11,
            "nsites": 5272,
            "url": "http://jaspar2018.genereg.net/matrix/MA0477.1",
            "pwm": [
              [0.339718, 0.022576, 0.452196, 0.18551], 
              [0.297419, 0.0828939, 0.589712, 0.0299745], 
              [5.02267e-06, 4.46122e-06, 4.46122e-06, 0.999986], 
              [5.02267e-06, 4.46122e-06, 0.999985, 5.02267e-06], 
              [0.999986, 4.46122e-06, 4.46122e-06, 5.02267e-06], 
              [0.0235246, 0.591799, 0.384671, 5.02267e-06], 
              [5.02267e-06, 4.46122e-06, 4.46122e-06, 0.999986], 
              [0.0335784, 0.966412, 4.46122e-06, 5.02267e-06], 
              [0.999986, 4.46122e-06, 4.46122e-06, 5.02267e-06], 
              [0.00702289, 0.153834, 0.328905, 0.510238], 
              [0.224584, 0.319421, 0.355651, 0.100344]
            ]
          }, {
            "db": 0,
            "id": "MA0478.1",
            "alt": "FOSL2",
            "len": 11,
            "nsites": 5318,
            "url": "http://jaspar2018.genereg.net/matrix/MA0478.1",
            "pwm": [
              [0.15664, 0.186913, 0.39225, 0.264197], 
              [0.286762, 0.111322, 0.509021, 0.0928952], 
              [0.537979, 0.0103462, 0.437755, 0.0139197], 
              [4.97922e-06, 4.42263e-06, 4.42263e-06, 0.999986], 
              [4.97922e-06, 4.42263e-06, 0.999986, 4.97922e-06], 
              [0.954293, 0.00959424, 0.0361077, 4.97922e-06], 
              [4.97922e-06, 0.617894, 0.345617, 0.0364843], 
              [4.97922e-06, 4.42263e-06, 4.42263e-06, 0.999986], 
              [0.0385523, 0.961438, 4.42263e-06, 4.97922e-06], 
              [0.999986, 4.42263e-06, 4.42263e-06, 4.97922e-06], 
              [4.97922e-06, 0.263068, 0.363481, 0.373447]
            ]
          }, {
            "db": 0,
            "id": "MA0489.1",
            "alt": "JUN(var.2)",
            "len": 14,
            "nsites": 10956,
            "url": "http://jaspar2018.genereg.net/matrix/MA0489.1",
            "pwm": [
              [0.44286, 0.114094, 0.257211, 0.185835], 
              [0.358433, 0.120848, 0.375136, 0.145583], 
              [0.340087, 0.102867, 0.395216, 0.16183], 
              [0.40124, 0.102411, 0.315899, 0.18045], 
              [0.378422, 0.0541277, 0.384537, 0.182914], 
              [0.541253, 0.0906363, 0.368108, 2.41692e-06], 
              [2.41692e-06, 2.14675e-06, 2.14675e-06, 0.999993], 
              [2.41692e-06, 2.14675e-06, 0.999993, 2.41692e-06], 
              [0.999719, 2.14675e-06, 2.14675e-06, 0.000276414], 
              [0.0348691, 0.520625, 0.37331, 0.0711958], 
              [0.0181663, 2.14675e-06, 2.14675e-06, 0.981829], 
              [0.0872596, 0.912736, 2.14675e-06, 2.41692e-06], 
              [0.999993, 2.14675e-06, 2.14675e-06, 2.41692e-06], 
              [0.0343211, 0.229007, 0.24142, 0.495252]
            ]
          }, {
            "db": 0,
            "id": "MA0490.1",
            "alt": "JUNB",
            "len": 11,
            "nsites": 16992,
            "url": "http://jaspar2018.genereg.net/matrix/MA0490.1",
            "pwm": [
              [0.212159, 0.198093, 0.352106, 0.237641], 
              [0.297493, 0.062207, 0.495937, 0.144363], 
              [0.493408, 0.0342522, 0.472339, 1.55837e-06], 
              [1.55837e-06, 1.38417e-06, 1.38417e-06, 0.999996], 
              [1.55837e-06, 1.38417e-06, 0.999995, 1.55837e-06], 
              [0.999996, 1.38417e-06, 1.38417e-06, 1.55837e-06], 
              [1.55837e-06, 0.580212, 0.369644, 0.0501423], 
              [1.55837e-06, 1.38417e-06, 1.38417e-06, 0.999996], 
              [0.0739181, 0.926079, 1.38417e-06, 1.55837e-06], 
              [0.999996, 1.38417e-06, 1.38417e-06, 1.55837e-06], 
              [0.0433163, 0.174317, 0.359992, 0.422374]
            ]
          }, {
            "db": 0,
            "id": "MA0491.1",
            "alt": "JUND",
            "len": 11,
            "nsites": 38710,
            "url": "http://jaspar2018.genereg.net/matrix/MA0491.1",
            "pwm": [
              [0.320046, 0.0196076, 0.352364, 0.307982], 
              [0.391708, 0.124619, 0.483672, 6.84059e-07], 
              [6.84059e-07, 6.07593e-07, 6.07593e-07, 0.999998], 
              [6.84059e-07, 6.07593e-07, 0.999998, 6.84059e-07], 
              [0.999998, 6.07593e-07, 6.07593e-07, 6.84059e-07], 
              [6.84059e-07, 0.590467, 0.363679, 0.0458546], 
              [6.84059e-07, 6.07593e-07, 6.07593e-07, 0.999998], 
              [0.0399646, 0.960034, 6.07593e-07, 6.84059e-07], 
              [0.999998, 6.07593e-07, 6.07593e-07, 6.84059e-07], 
              [6.84059e-07, 0.132679, 0.0594425, 0.807878], 
              [0.14947, 0.38636, 0.32108, 0.14309]
            ]
          }, {
            "db": 0,
            "id": "MA0501.1",
            "alt": "MAF::NFE2",
            "len": 15,
            "nsites": 1090,
            "url": "http://jaspar2018.genereg.net/matrix/MA0501.1",
            "pwm": [
              [0.666018, 0.0238724, 0.306415, 0.00369395], 
              [2.42913e-05, 2.1576e-05, 2.1576e-05, 0.999933], 
              [2.42913e-05, 2.1576e-05, 0.992592, 0.00736262], 
              [0.999933, 2.1576e-05, 2.1576e-05, 2.42913e-05], 
              [0.0147019, 0.799031, 0.152302, 0.0339662], 
              [0.100932, 0.000938492, 0.0110296, 0.887099], 
              [0.0734116, 0.859576, 0.0202027, 0.046809], 
              [0.89719, 2.1576e-05, 0.0468063, 0.0559822], 
              [0.00736262, 0.00369124, 0.95498, 0.0339662], 
              [2.42913e-05, 0.975161, 0.0202027, 0.00461087], 
              [0.854074, 0.0156161, 0.0669874, 0.0633215], 
              [0.351368, 0.186243, 0.259631, 0.202758], 
              [0.331187, 0.0917562, 0.119277, 0.45778], 
              [0.26789, 0.093591, 0.0834999, 0.555019], 
              [0.193585, 0.259631, 0.0972607, 0.449524]
            ]
          }, {
            "db": 0,
            "id": "MA0528.1",
            "alt": "ZNF263",
            "len": 21,
            "nsites": 15235,
            "url": "http://jaspar2018.genereg.net/matrix/MA0528.1",
            "pwm": [
              [0.155301, 0.0192334, 0.727138, 0.0983271], 
              [0.301674, 1.5438e-06, 0.698323, 1.73809e-06], 
              [0.729764, 1.5438e-06, 0.183919, 0.0863152], 
              [0.0297355, 1.5438e-06, 0.907052, 0.0632113], 
              [0.0663613, 0.11408, 0.816799, 0.00275872], 
              [0.913616, 0.0361683, 0.00282353, 0.0473924], 
              [0.102988, 0.0554002, 0.73856, 0.103053], 
              [0.101872, 0.0936669, 0.751622, 0.0528404], 
              [0.532522, 0.0635391, 0.361863, 0.0420755], 
              [0.336856, 0.101281, 0.462224, 0.0996401], 
              [0.203216, 0.0701681, 0.621658, 0.104957], 
              [0.433081, 0.0387283, 0.441745, 0.0864472], 
              [0.27404, 0.0406973, 0.584376, 0.100887], 
              [0.269511, 0.106204, 0.5935, 0.0307855], 
              [0.521363, 0.0623571, 0.31375, 0.102528], 
              [0.250935, 6.75434e-05, 0.633998, 0.114999], 
              [0.205579, 1.5438e-06, 0.751162, 0.0432575], 
              [0.545124, 1.5438e-06, 0.38674, 0.0681343], 
              [0.343025, 0.0143764, 0.585689, 0.0569094], 
              [0.266951, 0.0426663, 0.6445, 0.0458824], 
              [0.476796, 0.0595352, 0.403084, 0.0605853]
            ]
          }, {
            "db": 0,
            "id": "MA0538.1",
            "alt": "daf-12",
            "len": 15,
            "nsites": 156,
            "url": "http://jaspar2018.genereg.net/matrix/MA0538.1",
            "pwm": [
              [0.141105, 0.128274, 0.724046, 0.00657553], 
              [0.455006, 0.000150673, 0.0834303, 0.461412], 
              [0.211572, 0.000150673, 0.788108, 0.000169635], 
              [0.147511, 0.33327, 0.038588, 0.480631], 
              [0.000169635, 0.000150673, 0.99951, 0.000169635], 
              [0.000169635, 0.33327, 0.000150673, 0.66641], 
              [0.000169635, 0.000150673, 0.99951, 0.000169635], 
              [0.096262, 0.160304, 0.0898372, 0.653597], 
              [0.000169635, 0.128274, 0.621547, 0.250009], 
              [0.00657553, 0.000150673, 0.000150673, 0.993123], 
              [0.000169635, 0.00655657, 0.986697, 0.00657553], 
              [0.000169635, 0.506236, 0.102649, 0.390945], 
              [0.205166, 0.000150673, 0.538268, 0.256415], 
              [0.109074, 0.128274, 0.179523, 0.583129], 
              [0.109074, 0.275615, 0.358895, 0.256415]
            ]
          }, {
            "db": 0,
            "id": "MA0546.1",
            "alt": "pha-4",
            "len": 10,
            "nsites": 1010,
            "url": "http://jaspar2018.genereg.net/matrix/MA0546.1",
            "pwm": [
              [0.579177, 0.0703133, 2.32848e-05, 0.350487], 
              [0.528687, 2.32848e-05, 0.466314, 0.00497573], 
              [0.531657, 2.32848e-05, 0.0782335, 0.390087], 
              [0.0406162, 2.32848e-05, 0.959334, 2.62152e-05], 
              [2.62152e-05, 0.402953, 2.32848e-05, 0.596997], 
              [0.853407, 0.146544, 2.32848e-05, 2.62152e-05], 
              [0.999927, 2.32848e-05, 2.32848e-05, 2.62152e-05], 
              [0.999927, 2.32848e-05, 2.32848e-05, 2.62152e-05], 
              [2.62152e-05, 0.616794, 2.32848e-05, 0.383156], 
              [0.999927, 2.32848e-05, 2.32848e-05, 2.62152e-05]
            ]
          }, {
            "db": 0,
            "id": "MA0580.1",
            "alt": "DYT1",
            "len": 14,
            "nsites": 11,
            "url": "http://jaspar2018.genereg.net/matrix/MA0580.1",
            "pwm": [
              [0.362746, 0.54266, 0.00211892, 0.0924756], 
              [0.272656, 0.0922089, 0.63275, 0.00238559], 
              [0.0924756, 0.182299, 0.0922089, 0.633017], 
              [0.182566, 0.182299, 0.54266, 0.0924756], 
              [0.903287, 0.0922089, 0.00211892, 0.00238559], 
              [0.272656, 0.00211892, 0.63275, 0.0924756], 
              [0.362746, 0.00211892, 0.00211892, 0.633017], 
              [0.00238559, 0.99311, 0.00211892, 0.00238559], 
              [0.993377, 0.00211892, 0.00211892, 0.00238559], 
              [0.00238559, 0.99311, 0.00211892, 0.00238559], 
              [0.0924756, 0.00211892, 0.90302, 0.00238559], 
              [0.00238559, 0.00211892, 0.00211892, 0.993377], 
              [0.00238559, 0.00211892, 0.99311, 0.00238559], 
              [0.993377, 0.00211892, 0.00211892, 0.00238559]
            ]
          }, {
            "db": 0,
            "id": "MA0591.1",
            "alt": "Bach1::Mafk",
            "len": 15,
            "nsites": 114,
            "url": "http://jaspar2018.genereg.net/matrix/MA0591.1",
            "pwm": [
              [0.394623, 0.122906, 0.35954, 0.122931], 
              [0.122931, 0.315718, 0.403361, 0.157989], 
              [0.131696, 0.35954, 0.473475, 0.0352893], 
              [0.578672, 0.140434, 0.280662, 0.000232077], 
              [0.0177607, 0.00897045, 0.000206135, 0.973063], 
              [0.000232077, 0.000206135, 0.93798, 0.0615823], 
              [0.990591, 0.000206135, 0.000206135, 0.00899639], 
              [0.000232077, 0.824044, 0.175491, 0.000232077], 
              [0.00899639, 0.000206135, 0.0352634, 0.955534], 
              [0.0440536, 0.93798, 0.0177348, 0.000232077], 
              [0.94677, 0.00897045, 0.0264991, 0.0177607], 
              [0.000232077, 0.00897045, 0.990565, 0.000232077], 
              [0.000232077, 0.99933, 0.000206135, 0.000232077], 
              [0.859128, 0.0352634, 0.052792, 0.0528179], 
              [0.105403, 0.368304, 0.333247, 0.193045]
            ]
          }, {
            "db": 0,
            "id": "MA0655.1",
            "alt": "JDP2",
            "len": 9,
            "nsites": 1801,
            "url": "http://jaspar2018.genereg.net/matrix/MA0655.1",
            "pwm": [
              [0.907238, 0.0105625, 0.0777437, 0.00445646], 
              [0.00305253, 0.00365786, 0.000621025, 0.99267], 
              [1.47021e-05, 0.00182096, 0.984889, 0.013275], 
              [0.983113, 0.000615025, 0.00121599, 0.0150559], 
              [0.00844323, 0.722429, 0.261287, 0.00784127], 
              [0.0036595, 1.30587e-05, 0.00365786, 0.99267], 
              [0.013203, 0.979575, 0.00181196, 0.0054104], 
              [0.995693, 1.30587e-05, 1.30587e-05, 0.00428047], 
              [0.0106681, 0.195644, 0.00243392, 0.791254]
            ]
          }, {
            "db": 0,
            "id": "MA0757.1",
            "alt": "ONECUT3",
            "len": 14,
            "nsites": 6080,
            "url": "http://jaspar2018.genereg.net/matrix/MA0757.1",
            "pwm": [
              [0.466938, 0.168093, 0.228289, 0.13668], 
              [0.633382, 0.0623388, 0.187665, 0.116614], 
              [0.786537, 0.0354493, 0.0644268, 0.113585], 
              [0.801467, 0.0228085, 0.0147676, 0.160956], 
              [0.970614, 0.00447379, 0.0162876, 0.00862521], 
              [0.9907, 0.000818855, 0.00668476, 0.00179633], 
              [0.00514127, 0.0165396, 0.00225183, 0.976068], 
              [0.00376829, 0.994915, 0.00049486, 0.000822342], 
              [0.646369, 0.00327681, 0.34855, 0.00180433], 
              [0.993939, 0.000984852, 0.00147484, 0.0036013], 
              [0.00701224, 0.000981852, 0.00114485, 0.990862], 
              [0.905155, 0.0156356, 0.0278434, 0.0513655], 
              [0.59539, 0.141614, 0.0685887, 0.194409], 
              [0.306199, 0.209012, 0.104097, 0.380692]
            ]
          }, {
            "db": 0,
            "id": "MA0841.1",
            "alt": "NFE2",
            "len": 11,
            "nsites": 18831,
            "url": "http://jaspar2018.genereg.net/matrix/MA0841.1",
            "pwm": [
              [0.296798, 0.382772, 0.28161, 0.0388202], 
              [0.934491, 0.000448247, 0.0648119, 0.000249405], 
              [0.000107406, 0.000426247, 1.249e-06, 0.999465], 
              [1.40618e-06, 1.249e-06, 0.99989, 0.000107406], 
              [0.9992, 0.000585246, 1.249e-06, 0.000213405], 
              [0.0019604, 0.760349, 0.236789, 0.000901401], 
              [1.40618e-06, 0.00106224, 0.000160248, 0.998776], 
              [5.44059e-05, 0.999784, 1.249e-06, 0.000160405], 
              [0.998617, 0.000690245, 0.000425247, 0.000266405], 
              [1.40618e-06, 0.124896, 0.000465247, 0.874637], 
              [0.0258633, 0.523603, 0.269078, 0.181456]
            ]
          }, {
            "db": 0,
            "id": "MA0846.1",
            "alt": "FOXC2",
            "len": 12,
            "nsites": 22189,
            "url": "http://jaspar2018.genereg.net/matrix/MA0846.1",
            "pwm": [
              [0.402856, 0.0576418, 0.020462, 0.51904], 
              [0.698608, 0.0564198, 0.173935, 0.0710369], 
              [0.417611, 0.128451, 0.115629, 0.33831], 
              [0.305154, 0.020922, 0.667457, 0.00646716], 
              [0.0755049, 0.142082, 0.012089, 0.770324], 
              [0.745914, 0.246463, 0.00317305, 0.00445017], 
              [0.974649, 0.016391, 0.00386004, 0.00509917], 
              [0.970303, 0.00498204, 0.013235, 0.0114801], 
              [0.00150919, 0.70226, 0.00330905, 0.292921], 
              [0.969476, 0.00478804, 0.015546, 0.0101911], 
              [0.54822, 0.0860517, 0.0705077, 0.295221], 
              [0.419896, 0.117626, 0.101166, 0.361314]
            ]
          }, {
            "db": 0,
            "id": "MA1101.1",
            "alt": "BACH2",
            "len": 14,
            "nsites": 1895,
            "url": "http://jaspar2018.genereg.net/matrix/MA1101.1",
            "pwm": [
              [0.190505, 0.25963, 0.359887, 0.189978], 
              [0.449594, 0.273877, 0.22322, 0.0533092], 
              [0.00581867, 0.0100379, 0.00528913, 0.978854], 
              [0.0116224, 0.00740002, 0.942971, 0.038007], 
              [0.971467, 0.0100379, 0.00792799, 0.0105674], 
              [0.0385339, 0.760394, 0.153566, 0.0475045], 
              [0.0580579, 0.00792799, 0.0158426, 0.918172], 
              [0.0322023, 0.949302, 0.00740002, 0.0110954], 
              [0.957219, 0.00687205, 0.0163705, 0.0195379], 
              [0.0237597, 0.0253411, 0.864875, 0.0860254], 
              [0.0417008, 0.88651, 0.045393, 0.0263976], 
              [0.703935, 0.084441, 0.0902446, 0.12138], 
              [0.270185, 0.213194, 0.264378, 0.252244], 
              [0.279682, 0.194725, 0.155149, 0.370443]
            ]
          }, {
            "db": 0,
            "id": "MA1125.1",
            "alt": "ZNF384",
            "len": 12,
            "nsites": 30433,
            "url": "http://jaspar2018.genereg.net/matrix/MA1125.1",
            "pwm": [
              [0.310847, 0.162488, 0.185654, 0.341011], 
              [0.299543, 0.230835, 0.168666, 0.300956], 
              [0.312884, 0.113561, 0.153715, 0.419839], 
              [0.431274, 0.252719, 0.155128, 0.160878], 
              [0.997402, 0.000230772, 0.000427771, 0.00193986], 
              [0.992046, 0.00115077, 0.000624771, 0.00617885], 
              [0.988136, 0.000690771, 0.00085477, 0.0103188], 
              [0.994051, 0.000427771, 0.000493771, 0.00502785], 
              [0.992408, 0.00085477, 0.000460771, 0.00627685], 
              [0.999111, 0.000197772, 7.72843e-07, 0.000690868], 
              [0.667761, 0.0955545, 0.0909215, 0.145763], 
              [0.621561, 0.13022, 0.0952265, 0.152992]
            ]
          }, {
