<!DOCTYPE HTML>
<html>
  <head>
    <meta charset="UTF-8">
    <title>TOMTOM</title>
    <script>
      // @JSON_VAR data
      var data = {
        "program": "Tomtom",
        "version": "4.12.0",
        "release": "Tue Jun 27 16:22:50 2017 -0700",
        "cmd": [
          "tomtom", "-verbosity", "1", "-oc",
          "results/AHRpeaks_oneAHRE.bed.fa/jaspar/dreme_tomtom_out",
          "-min-overlap", "5", "-dist", "pearson", "-evalue", "-thresh", "1",
          "-no-ssc", "-bfile",
          "results/AHRpeaks_oneAHRE.bed.fa/jaspar/background",
          "results/AHRpeaks_oneAHRE.bed.fa/jaspar/dreme_out/dreme.xml",
          "/Users/filipov4/meme/db/motif_databases/JASPAR/JASPAR2018_CORE_non-redundant.meme"
        ],
        "options": {
          "strands": "both",
          "distance_measure": "pearson",
          "threshold_type": "evalue",
          "threshold_value": 1,
          "background_source": "file",
          "background_file": "results/AHRpeaks_oneAHRE.bed.fa/jaspar/background"
        },
        "alphabet": {
          "name": "DNA",
          "like": "dna",
          "ncore": 4,
          "symbols": [
            {
              "symbol": "A",
              "name": "Adenine",
              "colour": "CC0000",
              "complement": "T"
            }, {
              "symbol": "C",
              "name": "Cytosine",
              "colour": "0000CC",
              "complement": "G"
            }, {
              "symbol": "G",
              "name": "Guanine",
              "colour": "FFB300",
              "complement": "C"
            }, {
              "symbol": "T",
              "aliases": "U",
              "name": "Thymine",
              "colour": "008000",
              "complement": "A"
            }, {
              "symbol": "N",
              "aliases": "X.",
              "name": "Any base",
              "equals": "ACGT"
            }, {
              "symbol": "V",
              "name": "Not T",
              "equals": "ACG"
            }, {
              "symbol": "H",
              "name": "Not G",
              "equals": "ACT"
            }, {
              "symbol": "D",
              "name": "Not C",
              "equals": "AGT"
            }, {
              "symbol": "B",
              "name": "Not A",
              "equals": "CGT"
            }, {
              "symbol": "M",
              "name": "Amino",
              "equals": "AC"
            }, {
              "symbol": "R",
              "name": "Purine",
              "equals": "AG"
            }, {
              "symbol": "W",
              "name": "Weak",
              "equals": "AT"
            }, {
              "symbol": "S",
              "name": "Strong",
              "equals": "CG"
            }, {
              "symbol": "Y",
              "name": "Pyrimidine",
              "equals": "CT"
            }, {
              "symbol": "K",
              "name": "Keto",
              "equals": "GT"
            }
          ]
        },
        "background": [0.2754, 0.2246, 0.2246, 0.2754],
        "query_dbs": [
          {
            "source": "results/AHRpeaks_oneAHRE.bed.fa/jaspar/dreme_out/dreme.xml",
            "name": "dreme",
            "loaded": 7,
            "excluded": 0,
            "last_modified": "Thu May 24 16:51:30 2018"
          }
        ],
        "target_dbs": [
          {
            "source": "/Users/filipov4/meme/db/motif_databases/JASPAR/JASPAR2018_CORE_non-redundant.meme",
            "name": "JASPAR2018 CORE non-redundant",
            "loaded": 1404,
            "excluded": 0,
            "last_modified": "Thu Dec  7 14:38:42 2017"
          }
        ],
        "queries": [
          {
            "db": 0,
            "id": "ATCTYTC",
            "alt": "DREME-5",
            "len": 7,
            "nsites": 62,
            "evalue": "5.3e-004",
            "pwm": [
              [0.998833, 0.000361675, 0.000361675, 0.000443478], 
              [0.000443478, 0.000361675, 0.000361675, 0.998833], 
              [0.000443478, 0.998751, 0.000361675, 0.000443478], 
              [0.000443478, 0.000361675, 0.000361675, 0.998833], 
              [0.000443478, 0.547866, 0.000361675, 0.451329], 
              [0.000443478, 0.000361675, 0.000361675, 0.998833], 
              [0.000443478, 0.998751, 0.000361675, 0.000443478]
            ]
          }, {
            "db": 0,
            "id": "CACMCAC",
            "alt": "DREME-4",
            "len": 7,
            "nsites": 75,
            "evalue": "6.1e-005",
            "pwm": [
              [0.000366711, 0.998968, 0.000299068, 0.000366711], 
              [0.999035, 0.000299068, 0.000299068, 0.000366711], 
              [0.000366711, 0.998968, 0.000299068, 0.000366711], 
              [0.65283, 0.346504, 0.000299068, 0.000366711], 
              [0.000366711, 0.998968, 0.000299068, 0.000366711], 
              [0.999035, 0.000299068, 0.000299068, 0.000366711], 
              [0.000366711, 0.998968, 0.000299068, 0.000366711]
            ]
          }, {
            "db": 0,
            "id": "CCGCCYC",
            "alt": "DREME-7",
            "len": 7,
            "nsites": 20,
            "evalue": "2.7e-002",
            "pwm": [
              [0.00137015, 0.996142, 0.00111741, 0.00137015], 
              [0.00137015, 0.996142, 0.00111741, 0.00137015], 
              [0.00137015, 0.00111741, 0.996142, 0.00137015], 
              [0.00137015, 0.996142, 0.00111741, 0.00137015], 
              [0.00137015, 0.996142, 0.00111741, 0.00137015], 
              [0.00137015, 0.349376, 0.00111741, 0.648136], 
              [0.00137015, 0.996142, 0.00111741, 0.00137015]
            ]
          }, {
            "db": 0,
            "id": "DCACGC",
            "alt": "DREME-1",
            "len": 6,
            "nsites": 190,
            "evalue": "3.2e-025",
            "pwm": [
              [0.263164, 0.000118148, 0.42095, 0.315768], 
              [0.000144871, 0.999592, 0.000118148, 0.000144871], 
              [0.999619, 0.000118148, 0.000118148, 0.000144871], 
              [0.000144871, 0.999592, 0.000118148, 0.000144871], 
              [0.000144871, 0.000118148, 0.999592, 0.000144871], 
              [0.000144871, 0.999592, 0.000118148, 0.000144871]
            ]
          }, {
            "db": 0,
            "id": "TGACTCA",
            "alt": "DREME-3",
            "len": 7,
            "nsites": 66,
            "evalue": "3.8e-006",
            "pwm": [
              [0.000416641, 0.000339788, 0.000339788, 0.998904], 
              [0.000416641, 0.000339788, 0.998827, 0.000416641], 
              [0.998904, 0.000339788, 0.000339788, 0.000416641], 
              [0.000416641, 0.998827, 0.000339788, 0.000416641], 
              [0.000416641, 0.000339788, 0.000339788, 0.998904], 
              [0.000416641, 0.998827, 0.000339788, 0.000416641], 
              [0.998904, 0.000339788, 0.000339788, 0.000416641]
            ]
          }, {
            "db": 0,
            "id": "TRTTTR",
            "alt": "DREME-2",
            "len": 6,
            "nsites": 446,
            "evalue": "2.2e-011",
            "pwm": [
              [6.1735e-05, 5.03475e-05, 5.03475e-05, 0.999838], 
              [0.441667, 5.03475e-05, 0.558221, 6.1735e-05], 
              [6.1735e-05, 5.03475e-05, 5.03475e-05, 0.999838], 
              [6.1735e-05, 5.03475e-05, 5.03475e-05, 0.999838], 
              [6.1735e-05, 5.03475e-05, 5.03475e-05, 0.999838], 
              [0.475291, 5.03475e-05, 0.524597, 6.1735e-05]
            ]
          }, {
            "db": 0,
            "id": "TTATCW",
            "alt": "DREME-6",
            "len": 6,
            "nsites": 164,
            "evalue": "7.3e-003",
            "pwm": [
              [0.000167824, 0.000136868, 0.000136868, 0.999558], 
              [0.000167824, 0.000136868, 0.000136868, 0.999558], 
              [0.999558, 0.000136868, 0.000136868, 0.000167824], 
              [0.000167824, 0.000136868, 0.000136868, 0.999558], 
              [0.000167824, 0.999527, 0.000136868, 0.000167824], 
              [0.408456, 0.000136868, 0.000136868, 0.59127]
            ]
          }
        ],
        "targets": [
          {
            "db": 0,
            "id": "MA0006.1",
            "alt": "Ahr::Arnt",
            "len": 6,
            "nsites": 24,
            "url": "http://jaspar2018.genereg.net/matrix/MA0006.1",
            "pwm": [
              [0.125624, 0.332882, 0.0839192, 0.457574], 
              [0.00114274, 0.00093195, 0.955288, 0.0426368], 
              [0.00114274, 0.955288, 0.00093195, 0.0426368], 
              [0.00114274, 0.00093195, 0.955288, 0.0426368], 
              [0.00114274, 0.00093195, 0.00093195, 0.996993], 
              [0.00114274, 0.00093195, 0.996783, 0.00114274]
            ]
          }, {
            "db": 0,
            "id": "MA0033.2",
            "alt": "FOXL1",
            "len": 7,
            "nsites": 4933,
            "url": "http://jaspar2018.genereg.net/matrix/MA0033.2",
            "pwm": [
              [0.426107, 0.0026395, 0.542869, 0.028385], 
              [0.00192654, 0.0799109, 4.55292e-06, 0.918158], 
              [0.874645, 0.114915, 0.0104343, 5.5827e-06], 
              [0.98902, 0.00786739, 4.55292e-06, 0.00310952], 
              [0.973113, 0.0166982, 0.0101833, 5.5827e-06], 
              [5.5827e-06, 0.778859, 4.55292e-06, 0.221131], 
              [0.98535, 0.0111363, 4.55292e-06, 0.00350951]
            ]
          }, {
            "db": 0,
            "id": "MA0035.3",
            "alt": "Gata1",
            "len": 11,
            "nsites": 17955,
            "url": "http://jaspar2018.genereg.net/matrix/MA0035.3",
            "pwm": [
              [0.11334, 0.240657, 0.140908, 0.505095], 
              [0.0281834, 0.35678, 0.1555, 0.459537], 
              [1.53383e-06, 0.828123, 0.0243401, 0.147537], 
              [1.53383e-06, 0.03882, 1.2509e-06, 0.961177], 
              [1.53383e-06, 1.2509e-06, 1.2509e-06, 0.999996], 
              [0.999996, 1.2509e-06, 1.2509e-06, 1.53383e-06], 
              [1.53383e-06, 1.2509e-06, 1.2509e-06, 0.999996], 
              [1.53383e-06, 0.999996, 1.2509e-06, 1.53383e-06], 
              [0.120636, 1.2509e-06, 1.2509e-06, 0.879362], 
              [0.139349, 0.343413, 0.37243, 0.144807], 
              [0.105041, 0.282484, 0.0890008, 0.523474]
            ]
          }, {
            "db": 0,
            "id": "MA0036.3",
            "alt": "GATA2",
            "len": 11,
            "nsites": 14213,
            "url": "http://jaspar2018.genereg.net/matrix/MA0036.3",
            "pwm": [
              [0.232393, 0.209526, 0.225216, 0.332864], 
              [0.139732, 0.288398, 0.208682, 0.363188], 
              [0.0661385, 0.746285, 0.086049, 0.101528], 
              [0.0312407, 0.0182245, 0.0105555, 0.93998], 
              [0.0293407, 0.00239356, 0.00147957, 0.966786], 
              [0.991904, 0.000986573, 0.00302656, 0.00408291], 
              [0.0102039, 0.00541954, 0.00337856, 0.980998], 
              [0.00675589, 0.969952, 0.00886652, 0.0144248], 
              [0.166961, 0.0346173, 0.0258224, 0.7726], 
              [0.204883, 0.26131, 0.257229, 0.276578], 
              [0.230634, 0.272567, 0.155914, 0.340885]
            ]
          }, {
            "db": 0,
            "id": "MA0037.3",
            "alt": "GATA3",
            "len": 8,
            "nsites": 1000,
            "url": "http://jaspar2018.genereg.net/matrix/MA0037.3",
            "pwm": [
              [0.501977, 0.226, 0.00102236, 0.271], 
              [2.75372e-05, 2.24578e-05, 0.999922, 2.75372e-05], 
              [0.999928, 2.24578e-05, 2.24578e-05, 2.75372e-05], 
              [2.75372e-05, 2.24578e-05, 2.24578e-05, 0.999928], 
              [0.914851, 0.00202426, 2.24578e-05, 0.0831022], 
              [0.861941, 0.015021, 0.0760149, 0.0470228], 
              [0.114016, 0.300992, 0.475975, 0.109017], 
              [0.422985, 0.188004, 0.32099, 0.0680207]
            ]
          }, {
            "db": 0,
            "id": "MA0041.1",
            "alt": "Foxd3",
            "len": 12,
            "nsites": 47,
            "url": "http://jaspar2018.genereg.net/matrix/MA0041.1",
            "pwm": [
              [0.234131, 0.0641713, 0.552493, 0.149205], 
              [0.637528, 0.0429395, 0.000476858, 0.319056], 
              [0.510139, 0.0217087, 0.000476858, 0.467676], 
              [0.0218165, 0.0854022, 0.000476858, 0.892304], 
              [0.255362, 0.000476858, 0.722345, 0.0218165], 
              [0.000584713, 0.000476858, 0.000476858, 0.998462], 
              [0.0218165, 0.000476858, 0.000476858, 0.97723], 
              [0.106742, 0.000476858, 0.212791, 0.67999], 
              [0.297824, 0.000476858, 0.446337, 0.255362], 
              [0.127974, 0.149097, 0.000476858, 0.722453], 
              [0.0218165, 0.0429395, 0.0854022, 0.849842], 
              [0.000584713, 0.255254, 0.000476858, 0.743685]
            ]
          }, {
            "db": 0,
            "id": "MA0042.2",
            "alt": "FOXI1",
            "len": 7,
            "nsites": 5832,
            "url": "http://jaspar2018.genereg.net/matrix/MA0042.2",
            "pwm": [
              [0.10597, 0.00669074, 0.887335, 4.72214e-06], 
              [0.0138515, 0.0112317, 0.00655274, 0.968364], 
              [0.899676, 0.0938822, 0.00643674, 4.72214e-06], 
              [0.995563, 0.00442878, 3.8511e-06, 4.72214e-06], 
              [0.977694, 0.00434878, 0.00548276, 0.0124735], 
              [0.0253673, 0.836016, 0.00775772, 0.130858], 
              [0.992889, 0.00230581, 0.00480077, 4.72214e-06]
            ]
          }, {
            "db": 0,
            "id": "MA0079.3",
            "alt": "SP1",
            "len": 11,
            "nsites": 8734,
            "url": "http://jaspar2018.genereg.net/matrix/MA0079.3",
            "pwm": [
              [0.098124, 0.204488, 0.489005, 0.208382], 
              [3.15316e-06, 0.711581, 0.0735077, 0.214908], 
              [0.011338, 0.767454, 2.57153e-06, 0.221205], 
              [3.15316e-06, 0.999991, 2.57153e-06, 3.15316e-06], 
              [3.15316e-06, 0.991633, 2.57153e-06, 0.00836106], 
              [0.1556, 2.57153e-06, 0.529422, 0.314976], 
              [3.15316e-06, 0.999991, 2.57153e-06, 3.15316e-06], 
              [3.15316e-06, 0.999991, 2.57153e-06, 3.15316e-06], 
              [3.15316e-06, 0.764707, 2.57153e-06, 0.235287], 
              [0.12068, 0.727839, 2.57153e-06, 0.151478], 
              [0.0746533, 0.568922, 0.0840406, 0.272384]
            ]
          }, {
            "db": 0,
            "id": "MA0099.3",
            "alt": "FOS::JUN",
            "len": 10,
            "nsites": 1000,
            "url": "http://jaspar2018.genereg.net/matrix/MA0099.3",
            "pwm": [
              [0.591968, 0.111011, 0.256997, 0.0400235], 
              [0.00302724, 0.00502196, 0.00202226, 0.989929], 
              [0.00702684, 0.00102236, 0.82394, 0.168011], 
              [0.819946, 0.131009, 0.00402206, 0.045023], 
              [0.0780197, 0.180004, 0.687954, 0.0540221], 
              [0.00502704, 0.00202226, 0.00202226, 0.990928], 
              [0.0300245, 0.962926, 0.00302216, 0.00402714], 
              [0.991928, 0.00202226, 0.00202226, 0.00402714], 
              [0.0240251, 0.312991, 0.095013, 0.567971], 
              [0.277, 0.396983, 0.164006, 0.162011]
            ]
          }, {
            "db": 0,
            "id": "MA0140.2",
            "alt": "GATA1::TAL1",
            "len": 18,
            "nsites": 4955,
            "url": "http://jaspar2018.genereg.net/matrix/MA0140.2",
            "pwm": [
              [0.224824, 0.411298, 0.195157, 0.16872], 
              [0.0415787, 0.162867, 0.0320929, 0.763461], 
              [0.0641823, 4.5327e-06, 4.5327e-06, 0.935809], 
              [0.999985, 4.5327e-06, 4.5327e-06, 5.55791e-06], 
              [5.55791e-06, 4.5327e-06, 4.5327e-06, 0.999985], 
              [5.55791e-06, 0.999984, 4.5327e-06, 5.55791e-06], 
              [0.413519, 0.0127183, 0.0111043, 0.562658], 
              [0.132798, 0.268617, 0.446817, 0.151768], 
              [0.194351, 0.245005, 0.251059, 0.309585], 
              [0.240364, 0.227447, 0.306759, 0.22543], 
              [0.358827, 0.228052, 0.199799, 0.213321], 
              [0.209486, 0.249646, 0.345508, 0.19536], 
              [0.272856, 0.230474, 0.295862, 0.200809], 
              [0.380422, 0.208476, 0.16549, 0.245611], 
              [0.278708, 0.249646, 0.380219, 0.0914267], 
              [0.0222051, 0.973143, 0.00464644, 5.55791e-06], 
              [0.940249, 4.5327e-06, 4.5327e-06, 0.0597424], 
              [0.0322959, 0.179618, 0.715227, 0.0728601]
            ]
          }, {
            "db": 0,
            "id": "MA0148.3",
            "alt": "FOXA1",
            "len": 15,
            "nsites": 22008,
            "url": "http://jaspar2018.genereg.net/matrix/MA0148.3",
            "pwm": [
              [0.196656, 0.219329, 0.187386, 0.396627], 
              [0.211696, 0.311296, 0.214967, 0.262041], 
              [0.139132, 0.388858, 0.241458, 0.230553], 
              [0.3242, 0.196156, 0.16544, 0.314204], 
              [0.00318224, 1.02053e-06, 0.000546018, 0.996271], 
              [0.267312, 1.02053e-06, 0.732686, 1.25136e-06], 
              [1.25136e-06, 1.02053e-06, 1.02053e-06, 0.999997], 
              [1.25136e-06, 1.02053e-06, 0.0587068, 0.941291], 
              [1.25136e-06, 1.02053e-06, 0.129907, 0.87009], 
              [0.829332, 1.02053e-06, 0.170665, 1.25136e-06], 
              [1.25136e-06, 0.934021, 1.02053e-06, 0.065977], 
              [0.417711, 0.120638, 1.02053e-06, 0.461649], 
              [0.0375781, 0.331516, 0.0632507, 0.567656], 
              [0.486277, 4.60203e-05, 0.00286401, 0.510813], 
              [0.218421, 0.118275, 0.427798, 0.235505]
            ]
          }, {
            "db": 0,
            "id": "MA0150.2",
            "alt": "Nfe2l2",
            "len": 15,
            "nsites": 726,
            "url": "http://jaspar2018.genereg.net/matrix/MA0150.2",
            "pwm": [
              [0.228656, 0.465532, 0.150148, 0.155663], 
              [0.552304, 0.107454, 0.219009, 0.121233], 
              [0.16255, 0.329187, 0.378767, 0.129497], 
              [0.279613, 0.340204, 0.209368, 0.170813], 
              [0.672121, 0.0385926, 0.282361, 0.00692398], 
              [3.79287e-05, 3.09324e-05, 3.09324e-05, 0.9999], 
              [3.79287e-05, 3.09324e-05, 0.979235, 0.0206961], 
              [0.9999, 3.09324e-05, 3.09324e-05, 3.79287e-05], 
              [0.0275821, 0.73409, 0.162543, 0.0757855], 
              [0.115724, 0.0275751, 0.0220669, 0.834634], 
              [0.0895576, 0.756125, 0.0633832, 0.0909344], 
              [0.794694, 0.00416236, 0.123981, 0.0771623], 
              [0.01381, 0.0151808, 0.961332, 0.0096786], 
              [0.00554717, 0.962708, 0.0261983, 0.00554717], 
              [0.858047, 0.035839, 0.0427251, 0.0633902]
            ]
          }, {
            "db": 0,
            "id": "MA0272.1",
            "alt": "ARG81",
            "len": 8,
            "nsites": 198,
            "url": "http://jaspar2018.genereg.net/matrix/MA0272.1",
            "pwm": [
              [0.297969, 0.0606888, 0.419094, 0.222249], 
              [0.0367056, 0.000113377, 0.0244911, 0.938689], 
              [0.07732, 0.000113377, 0.922428, 0.000139021], 
              [0.999634, 0.000113377, 0.000113377, 0.000139021], 
              [0.000139021, 0.995934, 0.000113377, 0.00381317], 
              [0.00619696, 0.000113377, 0.000113377, 0.993576], 
              [0.000139021, 0.999609, 0.000113377, 0.000139021], 
              [0.317183, 0.317157, 0.0216075, 0.344051]
            ]
          }, {
            "db": 0,
            "id": "MA0303.1",
            "alt": "GCN4",
            "len": 21,
            "nsites": 998,
            "url": "http://jaspar2018.genereg.net/matrix/MA0303.1",
            "pwm": [
              [0.218443, 0.295584, 0.245489, 0.240484], 
              [0.371733, 0.217436, 0.268533, 0.142298], 
              [0.362716, 0.213428, 0.150308, 0.273547], 
              [0.282564, 0.119249, 0.325641, 0.272545], 
              [0.275551, 0.17736, 0.316624, 0.230466], 
              [0.16918, 0.140148, 0.365351, 0.32532], 
              [0.536046, 0.035089, 0.413809, 0.0150561], 
              [0.0110485, 0.0080377, 0.0060339, 0.97488], 
              [0.00203139, 0.005032, 0.935801, 0.0571359], 
              [0.96987, 0.0130472, 0.0040301, 0.0130523], 
              [0.00203139, 0.433847, 0.563092, 0.00102949], 
              [0.0130523, 0.0040301, 0.0130472, 0.96987], 
              [0.0571359, 0.935801, 0.005032, 0.00203139], 
              [0.97488, 0.0060339, 0.0080377, 0.0110485], 
              [0.0150561, 0.413809, 0.035089, 0.536046], 
              [0.376366, 0.290283, 0.13114, 0.202209], 
              [0.207214, 0.354341, 0.194197, 0.244247], 
              [0.284568, 0.216434, 0.202407, 0.296591], 
              [0.226458, 0.234468, 0.17736, 0.361714], 
              [0.254511, 0.329648, 0.232464, 0.183376], 
              [0.337669, 0.169345, 0.195394, 0.297593]
            ]
          }, {
            "db": 0,
            "id": "MA0443.1",
            "alt": "btd",
            "len": 10,
            "nsites": 30,
            "url": "http://jaspar2018.genereg.net/matrix/MA0443.1",
            "pwm": [
              [0.466032, 0.100414, 0.233304, 0.20025], 
              [0.333141, 0.00074618, 0.665198, 0.00091495], 
              [0.133805, 0.00074618, 0.598753, 0.266696], 
              [0.0673605, 0.00074618, 0.930978, 0.00091495], 
              [0.00091495, 0.00074618, 0.997424, 0.00091495], 
              [0.00091495, 0.00074618, 0.997424, 0.00091495], 
              [0.0673605, 0.930978, 0.00074618, 0.00091495], 
              [0.00091495, 0.00074618, 0.997424, 0.00091495], 
              [0.00091495, 0.00074618, 0.665198, 0.333141], 
              [0.499254, 0.0339684, 0.332972, 0.133805]
            ]
          }, {
            "db": 0,
            "id": "MA0446.1",
            "alt": "fkh",
            "len": 11,
            "nsites": 27,
            "url": "http://jaspar2018.genereg.net/matrix/MA0446.1",
            "pwm": [
              [0.111717, 0.000828782, 0.000828782, 0.886625], 
              [0.185518, 0.000828782, 0.812637, 0.00101624], 
              [0.00101624, 0.000828782, 0.000828782, 0.997326], 
              [0.00101624, 0.000828782, 0.000828782, 0.997326], 
              [0.00101624, 0.000828782, 0.0377291, 0.960426], 
              [0.480721, 0.000828782, 0.517434, 0.00101624], 
              [0.148618, 0.480533, 0.0746294, 0.296219], 
              [0.222418, 0.259131, 0.11153, 0.40692], 
              [0.00101624, 0.406732, 0.0746294, 0.517622], 
              [0.849725, 0.000828782, 0.0377291, 0.111717], 
              [0.554522, 0.14843, 0.14843, 0.148618]
            ]
          }, {
            "db": 0,
            "id": "MA0462.1",
            "alt": "BATF::JUN",
            "len": 11,
            "nsites": 10522,
            "url": "http://jaspar2018.genereg.net/matrix/MA0462.1",
            "pwm": [
              [0.29291, 0.0457157, 0.488117, 0.173257], 
              [0.454474, 0.0525586, 0.274568, 0.218401], 
              [0.42948, 0.016159, 0.210891, 0.34347], 
              [0.784827, 0.140469, 2.13456e-06, 0.0747029], 
              [2.61735e-06, 2.13456e-06, 2.13456e-06, 0.999993], 
              [2.61735e-06, 2.13456e-06, 0.985927, 0.0140685], 
              [0.999993, 2.13456e-06, 2.13456e-06, 2.61735e-06], 
              [0.0556951, 0.477664, 0.466639, 2.61735e-06], 
              [2.61735e-06, 2.13456e-06, 2.13456e-06, 0.999993], 
              [0.122696, 0.816379, 0.0609216, 2.61735e-06], 
              [0.975473, 2.13456e-06, 2.13456e-06, 0.0245224]
            ]
          }, {
            "db": 0,
            "id": "MA0476.1",
            "alt": "FOS",
            "len": 11,
            "nsites": 29396,
            "url": "http://jaspar2018.genereg.net/matrix/MA0476.1",
            "pwm": [
              [0.26803, 0.0242217, 0.329501, 0.378249], 
              [0.254286, 0.346204, 0.368792, 0.0307188], 
              [9.36859e-07, 7.64047e-07, 7.64047e-07, 0.999998], 
              [9.36859e-07, 7.64047e-07, 0.922164, 0.0778347], 
              [0.999998, 7.64047e-07, 7.64047e-07, 9.36859e-07], 
              [0.0339508, 0.478942, 0.381207, 0.1059], 
              [9.36859e-07, 7.64047e-07, 7.64047e-07, 0.999998], 
              [9.36859e-07, 0.999997, 7.64047e-07, 9.36859e-07], 
              [0.999998, 7.64047e-07, 7.64047e-07, 9.36859e-07], 
              [0.00877791, 0.198088, 0.0523206, 0.740813], 
              [0.136277, 0.280174, 0.268642, 0.314907]
            ]
          }, {
            "db": 0,
            "id": "MA0477.1",
            "alt": "FOSL1",
            "len": 11,
            "nsites": 5272,
            "url": "http://jaspar2018.genereg.net/matrix/MA0477.1",
            "pwm": [
              [0.339718, 0.0225758, 0.452196, 0.18551], 
              [0.29742, 0.0828937, 0.589712, 0.0299747], 
              [5.22372e-06, 4.26016e-06, 4.26016e-06, 0.999986], 
              [5.22372e-06, 4.26016e-06, 0.999985, 5.22372e-06], 
              [0.999986, 4.26016e-06, 4.26016e-06, 5.22372e-06], 
              [0.0235248, 0.591799, 0.384671, 5.22372e-06], 
              [5.22372e-06, 4.26016e-06, 4.26016e-06, 0.999986], 
              [0.0335786, 0.966412, 4.26016e-06, 5.22372e-06], 
              [0.999986, 4.26016e-06, 4.26016e-06, 5.22372e-06], 
              [0.00702309, 0.153833, 0.328905, 0.510239], 
              [0.224584, 0.319421, 0.355651, 0.100344]
            ]
          }, {
            "db": 0,
            "id": "MA0478.1",
            "alt": "FOSL2",
            "len": 11,
            "nsites": 5318,
            "url": "http://jaspar2018.genereg.net/matrix/MA0478.1",
            "pwm": [
              [0.15664, 0.186913, 0.39225, 0.264197], 
              [0.286762, 0.111322, 0.509021, 0.0928954], 
              [0.537979, 0.010346, 0.437755, 0.0139199], 
              [5.17854e-06, 4.22331e-06, 4.22331e-06, 0.999986], 
              [5.17854e-06, 4.22331e-06, 0.999985, 5.17854e-06], 
              [0.954293, 0.00959404, 0.0361075, 5.17854e-06], 
              [5.17854e-06, 0.617894, 0.345617, 0.0364845], 
              [5.17854e-06, 4.22331e-06, 4.22331e-06, 0.999986], 
              [0.0385525, 0.961438, 4.22331e-06, 5.17854e-06], 
              [0.999986, 4.22331e-06, 4.22331e-06, 5.17854e-06], 
              [5.17854e-06, 0.263068, 0.36348, 0.373447]
            ]
          }, {
            "db": 0,
            "id": "MA0482.1",
            "alt": "Gata4",
            "len": 11,
            "nsites": 2746,
            "url": "http://jaspar2018.genereg.net/matrix/MA0482.1",
            "pwm": [
              [0.0036519, 0.378363, 0.136201, 0.481784], 
              [1.00288e-05, 0.788399, 0.111439, 0.100152], 
              [1.00288e-05, 0.032418, 8.17887e-06, 0.967564], 
              [1.00288e-05, 8.17887e-06, 8.17887e-06, 0.999974], 
              [0.985772, 0.0142097, 8.17887e-06, 1.00288e-05], 
              [1.00288e-05, 8.17887e-06, 8.17887e-06, 0.999974], 
              [1.00288e-05, 0.999972, 8.17887e-06, 1.00288e-05], 
              [0.199202, 8.17887e-06, 8.17887e-06, 0.800782], 
              [1.00288e-05, 0.451558, 0.342312, 0.206121], 
              [0.218866, 0.365618, 0.0571801, 0.358336], 
              [0.140573, 0.338306, 0.24836, 0.27276]
            ]
          }, {
            "db": 0,
            "id": "MA0489.1",
            "alt": "JUN(var.2)",
            "len": 14,
            "nsites": 10956,
            "url": "http://jaspar2018.genereg.net/matrix/MA0489.1",
            "pwm": [
              [0.44286, 0.114094, 0.257211, 0.185835], 
              [0.358433, 0.120848, 0.375136, 0.145583], 
              [0.340087, 0.102867, 0.395215, 0.16183], 
              [0.40124, 0.102411, 0.315899, 0.18045], 
              [0.378422, 0.0541276, 0.384537, 0.182914], 
              [0.541254, 0.0906362, 0.368108, 2.51367e-06], 
              [2.51367e-06, 2.05e-06, 2.05e-06, 0.999993], 
              [2.51367e-06, 2.05e-06, 0.999993, 2.51367e-06], 
              [0.999719, 2.05e-06, 2.05e-06, 0.000276511], 
              [0.0348692, 0.520625, 0.37331, 0.0711959], 
              [0.0181663, 2.05e-06, 2.05e-06, 0.98183], 
              [0.0872597, 0.912736, 2.05e-06, 2.51367e-06], 
              [0.999993, 2.05e-06, 2.05e-06, 2.51367e-06], 
              [0.0343212, 0.229007, 0.24142, 0.495252]
            ]
          }, {
            "db": 0,
            "id": "MA0490.1",
            "alt": "JUNB",
            "len": 11,
            "nsites": 16992,
            "url": "http://jaspar2018.genereg.net/matrix/MA0490.1",
            "pwm": [
              [0.212159, 0.198093, 0.352106, 0.237641], 
              [0.297493, 0.062207, 0.495937, 0.144363], 
              [0.493408, 0.0342521, 0.472339, 1.62075e-06], 
              [1.62075e-06, 1.32179e-06, 1.32179e-06, 0.999996], 
              [1.62075e-06, 1.32179e-06, 0.999995, 1.62075e-06], 
              [0.999996, 1.32179e-06, 1.32179e-06, 1.62075e-06], 
              [1.62075e-06, 0.580212, 0.369644, 0.0501423], 
              [1.62075e-06, 1.32179e-06, 1.32179e-06, 0.999996], 
              [0.0739182, 0.926079, 1.32179e-06, 1.62075e-06], 
              [0.999996, 1.32179e-06, 1.32179e-06, 1.62075e-06], 
              [0.0433164, 0.174317, 0.359992, 0.422374]
            ]
          }, {
            "db": 0,
            "id": "MA0491.1",
            "alt": "JUND",
            "len": 11,
            "nsites": 38710,
            "url": "http://jaspar2018.genereg.net/matrix/MA0491.1",
            "pwm": [
              [0.320046, 0.0196075, 0.352364, 0.307982], 
              [0.391708, 0.124619, 0.483672, 7.11442e-07], 
              [7.11442e-07, 5.8021e-07, 5.8021e-07, 0.999998], 
              [7.11442e-07, 5.8021e-07, 0.999998, 7.11442e-07], 
              [0.999998, 5.8021e-07, 5.8021e-07, 7.11442e-07], 
              [7.11442e-07, 0.590467, 0.363679, 0.0458546], 
              [7.11442e-07, 5.8021e-07, 5.8021e-07, 0.999998], 
              [0.0399646, 0.960034, 5.8021e-07, 7.11442e-07], 
              [0.999998, 5.8021e-07, 5.8021e-07, 7.11442e-07], 
              [7.11442e-07, 0.132679, 0.0594424, 0.807878], 
              [0.14947, 0.38636, 0.32108, 0.14309]
            ]
          }, {
            "db": 0,
            "id": "MA0495.2",
            "alt": "MAFF",
            "len": 21,
            "nsites": 12296,
            "url": "http://jaspar2018.genereg.net/matrix/MA0495.2",
            "pwm": [
              [0.383132, 0.119064, 0.197219, 0.300586], 
              [0.437702, 0.09613, 0.104913, 0.361255], 
              [0.324577, 0.102311, 0.100928, 0.472184], 
              [0.2169, 0.163305, 0.132971, 0.486823], 
              [0.0955615, 0.0465204, 0.0499364, 0.807982], 
              [0.0431869, 0.0503434, 0.867432, 0.0390389], 
              [0.110362, 0.817822, 0.0302556, 0.0415599], 
              [0.0671777, 0.0356225, 0.00854076, 0.888658], 
              [0.0573378, 0.0255386, 0.832217, 0.0849075], 
              [0.881501, 0.0227736, 0.0200897, 0.0756356], 
              [0.0906005, 0.228855, 0.590026, 0.0905185], 
              [0.0383879, 0.0196827, 0.0227736, 0.919156], 
              [0.0821426, 0.850353, 0.0196017, 0.0479039], 
              [0.915903, 0.00439379, 0.0306616, 0.0490418], 
              [0.0374939, 0.0444065, 0.77415, 0.14395], 
              [0.0553048, 0.836202, 0.0567674, 0.0517258], 
              [0.779111, 0.0592893, 0.0579064, 0.103693], 
              [0.4756, 0.131019, 0.167778, 0.225602], 
              [0.474543, 0.104832, 0.114184, 0.306441], 
              [0.353854, 0.108492, 0.105889, 0.431765], 
              [0.307498, 0.184532, 0.131751, 0.376219]
            ]
          }, {
            "db": 0,
            "id": "MA0496.2",
            "alt": "MAFK",
            "len": 19,
            "nsites": 7790,
            "url": "http://jaspar2018.genereg.net/matrix/MA0496.2",
            "pwm": [
              [0.468419, 0.0875498, 0.107319, 0.336713], 
              [0.397944, 0.0955087, 0.111426, 0.39512], 
              [0.25122, 0.179719, 0.150707, 0.418355], 
              [0.0940973, 0.0590521, 0.0422363, 0.804614], 
              [0.0356901, 0.0490393, 0.886256, 0.0290152], 
              [0.107576, 0.845948, 0.0116847, 0.0347911], 
              [0.0647007, 0.0477563, 0.00808978, 0.879453], 
              [0.0576408, 0.0256766, 0.832084, 0.0845984], 
              [0.891263, 0.0184876, 0.0190016, 0.0712476], 
              [0.0824155, 0.282797, 0.552242, 0.0825445], 
              [0.038771, 0.0195146, 0.0197716, 0.921943], 
              [0.0831865, 0.857117, 0.0163057, 0.043392], 
              [0.913342, 0.00372584, 0.0392834, 0.043649], 
              [0.0294002, 0.0124547, 0.831699, 0.126446], 
              [0.0360751, 0.880095, 0.0508362, 0.0329941], 
              [0.791007, 0.0462153, 0.0614911, 0.101286], 
              [0.408599, 0.144032, 0.183441, 0.263928], 
              [0.39589, 0.109885, 0.104752, 0.389473], 
              [0.335301, 0.105265, 0.0881918, 0.471242]
            ]
          }, {
            "db": 0,
            "id": "MA0501.1",
            "alt": "MAF::NFE2",
            "len": 15,
            "nsites": 1090,
            "url": "http://jaspar2018.genereg.net/matrix/MA0501.1",
            "pwm": [
              [0.666019, 0.0238714, 0.306414, 0.00369493], 
              [2.52637e-05, 2.06036e-05, 2.06036e-05, 0.999934], 
              [2.52637e-05, 2.06036e-05, 0.992591, 0.00736359], 
              [0.999934, 2.06036e-05, 2.06036e-05, 2.52637e-05], 
              [0.0147029, 0.79903, 0.152301, 0.0339671], 
              [0.100933, 0.000937519, 0.0110286, 0.8871], 
              [0.0734125, 0.859575, 0.0202018, 0.04681], 
              [0.897191, 2.06036e-05, 0.0468053, 0.0559831], 
              [0.00736359, 0.00369027, 0.954979, 0.0339671], 
              [2.52637e-05, 0.97516, 0.0202018, 0.00461184], 
              [0.854075, 0.0156152, 0.0669865, 0.0633225], 
              [0.351369, 0.186243, 0.25963, 0.202759], 
              [0.331188, 0.0917552, 0.119276, 0.457781], 
              [0.267891, 0.09359, 0.0834989, 0.55502], 
              [0.193586, 0.25963, 0.0972597, 0.449525]
            ]
          }, {
            "db": 0,
            "id": "MA0516.1",
            "alt": "SP2",
            "len": 15,
            "nsites": 1686,
            "url": "http://jaspar2018.genereg.net/matrix/MA0516.1",
            "pwm": [
              [0.0949097, 0.150063, 0.609704, 0.145322], 
              [0.023147, 0.481005, 0.152436, 0.343412], 
              [0.0308565, 0.822029, 0.000606286, 0.146509], 
              [1.63335e-05, 0.995802, 0.00416507, 1.63335e-05], 
              [1.63335e-05, 0.974452, 1.33207e-05, 0.0255188], 
              [0.103213, 1.33207e-05, 0.759161, 0.137612], 
              [1.63335e-05, 0.999954, 1.33207e-05, 1.63335e-05], 
              [1.63335e-05, 0.982161, 1.33207e-05, 0.0178093], 
              [1.63335e-05, 0.657151, 1.33207e-05, 0.342819], 
              [0.122192, 0.709342, 1.33207e-05, 0.168452], 
              [0.0682213, 0.575898, 0.0587288, 0.297152], 
              [0.110923, 0.328582, 0.192766, 0.367729], 
              [0.134053, 0.425255, 0.23784, 0.202851], 
              [0.135239, 0.470922, 0.241992, 0.151846], 
              [0.120412, 0.441861, 0.250295, 0.187431]
            ]
          }, {
            "db": 0,
            "id": "MA0538.1",
            "alt": "daf-12",
            "len": 15,
            "nsites": 156,
            "url": "http://jaspar2018.genereg.net/matrix/MA0538.1",
            "pwm": [
              [0.141112, 0.128267, 0.724039, 0.00658232], 
              [0.455013, 0.000143882, 0.0834235, 0.461419], 
              [0.211579, 0.000143882, 0.788101, 0.000176425], 
              [0.147518, 0.333263, 0.0385812, 0.480637], 
              [0.000176425, 0.000143882, 0.999503, 0.000176425], 
              [0.000176425, 0.333263, 0.000143882, 0.666416], 
              [0.000176425, 0.000143882, 0.999503, 0.000176425], 
              [0.0962688, 0.160297, 0.0898304, 0.653604], 
              [0.000176425, 0.128267, 0.621541, 0.250016], 
              [0.00658232, 0.000143882, 0.000143882, 0.99313], 
              [0.000176425, 0.00654978, 0.98669, 0.00658232], 
              [0.000176425, 0.506229, 0.102642, 0.390952], 
              [0.205173, 0.000143882, 0.538261, 0.256422], 
              [0.109081, 0.128267, 0.179516, 0.583136], 
              [0.109081, 0.275608, 0.358888, 0.256422]
            ]
          }, {
            "db": 0,
            "id": "MA0546.1",
            "alt": "pha-4",
            "len": 10,
            "nsites": 1010,
            "url": "http://jaspar2018.genereg.net/matrix/MA0546.1",
            "pwm": [
              [0.579178, 0.0703123, 2.22354e-05, 0.350488], 
              [0.528688, 2.22354e-05, 0.466313, 0.00497677], 
              [0.531658, 2.22354e-05, 0.0782325, 0.390088], 
              [0.0406172, 2.22354e-05, 0.959333, 2.72646e-05], 
              [2.72646e-05, 0.402952, 2.22354e-05, 0.596998], 
              [0.853408, 0.146543, 2.22354e-05, 2.72646e-05], 
              [0.999928, 2.22354e-05, 2.22354e-05, 2.72646e-05], 
              [0.999928, 2.22354e-05, 2.22354e-05, 2.72646e-05], 
              [2.72646e-05, 0.616793, 2.22354e-05, 0.383157], 
              [0.999928, 2.22354e-05, 2.22354e-05, 2.72646e-05]
            ]
          }, {
            "db": 0,
            "id": "MA0580.1",
            "alt": "DYT1",
            "len": 14,
            "nsites": 11,
            "url": "http://jaspar2018.genereg.net/matrix/MA0580.1",
            "pwm": [
              [0.362841, 0.542564, 0.00202342, 0.0925711], 
              [0.272751, 0.0921134, 0.632654, 0.00248108], 
              [0.0925711, 0.182203, 0.0921134, 0.633112], 
              [0.182661, 0.182203, 0.542564, 0.0925711], 
              [0.903382, 0.0921134, 0.00202342, 0.00248108], 
              [0.272751, 0.00202342, 0.632654, 0.0925711], 
              [0.362841, 0.00202342, 0.00202342, 0.633112], 
              [0.00248108, 0.993014, 0.00202342, 0.00248108], 
              [0.993472, 0.00202342, 0.00202342, 0.00248108], 
              [0.00248108, 0.993014, 0.00202342, 0.00248108], 
              [0.0925711, 0.00202342, 0.902924, 0.00248108], 
              [0.00248108, 0.00202342, 0.00202342, 0.993472], 
              [0.00248108, 0.00202342, 0.993014, 0.00248108], 
              [0.993472, 0.00202342, 0.00202342, 0.00248108]
            ]
          }, {
            "db": 0,
            "id": "MA0591.1",
            "alt": "Bach1::Mafk",
            "len": 15,
            "nsites": 114,
            "url": "http://jaspar2018.genereg.net/matrix/MA0591.1",
            "pwm": [
              [0.394632, 0.122896, 0.359531, 0.122941], 
              [0.122941, 0.315709, 0.403352, 0.157998], 
              [0.131705, 0.359531, 0.473466, 0.0352986], 
              [0.578681, 0.140425, 0.280653, 0.000241367], 
              [0.01777, 0.00896116, 0.000196845, 0.973072], 
              [0.000241367, 0.000196845, 0.93797, 0.0615916], 
              [0.990601, 0.000196845, 0.000196845, 0.00900568], 
              [0.000241367, 0.824035, 0.175482, 0.000241367], 
              [0.00900568, 0.000196845, 0.0352541, 0.955543], 
              [0.0440629, 0.93797, 0.0177255, 0.000241367], 
              [0.946779, 0.00896116, 0.0264898, 0.01777], 
              [0.000241367, 0.00896116, 0.990556, 0.000241367], 
              [0.000241367, 0.99932, 0.000196845, 0.000241367], 
              [0.859137, 0.0352541, 0.0527827, 0.0528272], 
