<!DOCTYPE HTML>
<html>
  <head>
    <meta charset="UTF-8">
    <title>TOMTOM</title>
    <script>
      // @JSON_VAR data
      var data = {
        "program": "Tomtom",
        "version": "4.12.0",
        "release": "Tue Jun 27 16:22:50 2017 -0700",
        "cmd": [
          "tomtom", "-verbosity", "1", "-oc",
          "results/AHRpeaks_oneAHRE.bed-199.fa/hocomoco/meme_tomtom_out",
          "-min-overlap", "5", "-dist", "pearson", "-evalue", "-thresh", "1",
          "-no-ssc", "-bfile",
          "results/AHRpeaks_oneAHRE.bed-199.fa/hocomoco/background",
          "results/AHRpeaks_oneAHRE.bed-199.fa/hocomoco/meme_out/meme.xml",
          "/Users/filipov4/meme/db/motif_databases/HUMAN/HOCOMOCOv11_full_HUMAN_mono_meme_format.meme"
        ],
        "options": {
          "strands": "both",
          "distance_measure": "pearson",
          "threshold_type": "evalue",
          "threshold_value": 1,
          "background_source": "file",
          "background_file": "results/AHRpeaks_oneAHRE.bed-199.fa/hocomoco/background"
        },
        "alphabet": {
          "name": "DNA",
          "like": "dna",
          "ncore": 4,
          "symbols": [
            {
              "symbol": "A",
              "name": "Adenine",
              "colour": "CC0000",
              "complement": "T"
            }, {
              "symbol": "C",
              "name": "Cytosine",
              "colour": "0000CC",
              "complement": "G"
            }, {
              "symbol": "G",
              "name": "Guanine",
              "colour": "FFB300",
              "complement": "C"
            }, {
              "symbol": "T",
              "aliases": "U",
              "name": "Thymine",
              "colour": "008000",
              "complement": "A"
            }, {
              "symbol": "N",
              "aliases": "X.",
              "name": "Any base",
              "equals": "ACGT"
            }, {
              "symbol": "V",
              "name": "Not T",
              "equals": "ACG"
            }, {
              "symbol": "H",
              "name": "Not G",
              "equals": "ACT"
            }, {
              "symbol": "D",
              "name": "Not C",
              "equals": "AGT"
            }, {
              "symbol": "B",
              "name": "Not A",
              "equals": "CGT"
            }, {
              "symbol": "M",
              "name": "Amino",
              "equals": "AC"
            }, {
              "symbol": "R",
              "name": "Purine",
              "equals": "AG"
            }, {
              "symbol": "W",
              "name": "Weak",
              "equals": "AT"
            }, {
              "symbol": "S",
              "name": "Strong",
              "equals": "CG"
            }, {
              "symbol": "Y",
              "name": "Pyrimidine",
              "equals": "CT"
            }, {
              "symbol": "K",
              "name": "Keto",
              "equals": "GT"
            }
          ]
        },
        "background": [0.2727, 0.2273, 0.2273, 0.2727],
        "query_dbs": [
          {
            "source": "results/AHRpeaks_oneAHRE.bed-199.fa/hocomoco/meme_out/meme.xml",
            "name": "meme",
            "loaded": 7,
            "excluded": 0,
            "last_modified": "Thu May 24 15:01:29 2018"
          }
        ],
        "target_dbs": [
          {
            "source": "/Users/filipov4/meme/db/motif_databases/HUMAN/HOCOMOCOv11_full_HUMAN_mono_meme_format.meme",
            "name": "HOCOMOCOv11 full HUMAN mono meme format",
            "loaded": 771,
            "excluded": 0,
            "last_modified": "Wed Dec  6 21:59:30 2017"
          }
        ],
        "queries": [
          {
            "db": 0,
            "id": "GKCCYSAGGGCW",
            "alt": "MEME-5",
            "len": 12,
            "nsites": 53,
            "evalue": "1.3e-008",
            "pwm": [
              [0.188837, 0.151087, 0.508903, 0.151172], 
              [0.113508, 0.188752, 0.395908, 0.301832], 
              [0.000513559, 0.829054, 0.169919, 0.000513559], 
              [0.000513559, 0.88555, 0.0569255, 0.057011], 
              [0.000513559, 0.377075, 0.00042806, 0.621983], 
              [0.000513559, 0.640729, 0.358244, 0.000513559], 
              [0.697312, 0.00042806, 0.113423, 0.188837], 
              [0.000513559, 0.00042806, 0.998545, 0.000513559], 
              [0.13234, 0.038093, 0.829054, 0.000513559], 
              [0.000513559, 0.0945904, 0.904382, 0.000513559], 
              [0.000513559, 0.998545, 0.00042806, 0.000513559], 
              [0.339497, 0.00042806, 0.00042806, 0.659647]
            ]
          }, {
            "db": 0,
            "id": "GTDTRTGTGYGTGTKT",
            "alt": "MEME-2",
            "len": 16,
            "nsites": 29,
            "evalue": "1.9e-012",
            "pwm": [
              [0.0696661, 0.0007811, 0.928616, 0.000937113], 
              [0.0696661, 0.103874, 0.0007811, 0.825679], 
              [0.310216, 0.0695101, 0.344424, 0.275851], 
              [0.172759, 0.138238, 0.0695101, 0.619494], 
              [0.275851, 0.206967, 0.516245, 0.000937113], 
              [0.000937113, 0.0007811, 0.0007811, 0.997501], 
              [0.10403, 0.0695101, 0.756795, 0.0696661], 
              [0.000937113, 0.0007811, 0.0007811, 0.997501], 
              [0.000937113, 0.0007811, 0.928616, 0.0696661], 
              [0.138394, 0.378788, 0.0007811, 0.482037], 
              [0.0353016, 0.138238, 0.688066, 0.138394], 
              [0.000937113, 0.0007811, 0.0007811, 0.997501], 
              [0.000937113, 0.0007811, 0.96298, 0.0353016], 
              [0.0696661, 0.0351456, 0.0007811, 0.894408], 
              [0.000937113, 0.103874, 0.550609, 0.34458], 
              [0.138394, 0.103874, 0.0007811, 0.756951]
            ]
          }, {
            "db": 0,
            "id": "MARAGTVAAANWMAATHWMAAAAAAAAAAA",
            "alt": "MEME-3",
            "len": 30,
            "nsites": 27,
            "evalue": "2.0e-015",
            "pwm": [
              [0.37001, 0.591245, 0.000838746, 0.0379066], 
              [0.849715, 0.000838746, 0.11154, 0.0379066], 
              [0.480711, 0.14844, 0.296041, 0.0748069], 
              [0.665213, 0.000838746, 0.14844, 0.185508], 
              [0.185508, 0.14844, 0.628145, 0.0379066], 
              [0.222408, 0.11154, 0.0377391, 0.628313], 
              [0.333109, 0.296041, 0.369842, 0.00100627], 
              [0.997316, 0.000838746, 0.000838746, 0.00100627], 
              [0.591413, 0.18534, 0.222241, 0.00100627], 
              [0.923516, 0.0377391, 0.0377391, 0.00100627], 
              [0.185508, 0.369842, 0.222241, 0.222408], 
              [0.44381, 0.0377391, 0.11154, 0.40691], 
              [0.296209, 0.591245, 0.000838746, 0.111707], 
              [0.591413, 0.222241, 0.000838746, 0.185508], 
              [0.702114, 0.0377391, 0.259141, 0.00100627], 
              [0.222408, 0.18534, 0.000838746, 0.591413], 
              [0.44381, 0.332942, 0.000838746, 0.222408], 
              [0.40691, 0.0746394, 0.0746394, 0.44381], 
              [0.591413, 0.332942, 0.000838746, 0.0748069], 
              [0.739014, 0.11154, 0.0377391, 0.111707], 
              [0.960416, 0.0377391, 0.000838746, 0.00100627], 
              [0.702114, 0.18534, 0.11154, 0.00100627], 
              [0.812815, 0.0746394, 0.000838746, 0.111707], 
              [0.739014, 0.0377391, 0.0377391, 0.185508], 
              [0.812815, 0.0746394, 0.0377391, 0.0748069], 
              [0.591413, 0.0746394, 0.18534, 0.148608], 
              [0.775914, 0.222241, 0.000838746, 0.00100627], 
              [0.739014, 0.0377391, 0.000838746, 0.222408], 
              [0.702114, 0.000838746, 0.18534, 0.111707], 
              [0.628313, 0.222241, 0.11154, 0.0379066]
            ]
          }, {
            "db": 0,
            "id": "RGGAGGGDGRGRGGRWGNKSMGGGMDGSKG",
            "alt": "MEME-4",
            "len": 30,
            "nsites": 44,
            "evalue": "6.3e-008",
            "pwm": [
              [0.408782, 0.00051542, 0.499382, 0.0913212], 
              [0.136673, 0.00051542, 0.862193, 0.000618367], 
              [0.227376, 0.0912183, 0.680787, 0.000618367], 
              [0.862296, 0.00051542, 0.0231909, 0.113997], 
              [0.250051, 0.0458673, 0.658112, 0.0459703], 
              [0.113997, 0.159246, 0.61276, 0.113997], 
              [0.0913212, 0.113894, 0.680787, 0.113997], 
              [0.386106, 0.0231909, 0.2953, 0.295403], 
              [0.272727, 0.0458673, 0.635436, 0.0459703], 
              [0.454133, 0.0685428, 0.408679, 0.0686458], 
              [0.000618367, 0.113894, 0.635436, 0.250051], 
              [0.454133, 0.13657, 0.363327, 0.0459703], 
              [0.227376, 0.13657, 0.522057, 0.113997], 
              [0.227376, 0.159246, 0.590084, 0.0232938], 
              [0.499485, 0.204597, 0.2953, 0.000618367], 
              [0.408782, 0.0912183, 0.13657, 0.36343], 
              [0.0913212, 0.204597, 0.590084, 0.113997], 
              [0.318079, 0.227273, 0.2953, 0.159349], 
              [0.0232938, 0.0231909, 0.61276, 0.340754], 
              [0.000618367, 0.431354, 0.499382, 0.0686458], 
              [0.36343, 0.45403, 0.13657, 0.0459703], 
              [0.000618367, 0.181921, 0.703463, 0.113997], 
              [0.113997, 0.00051542, 0.61276, 0.272727], 
              [0.136673, 0.13657, 0.703463, 0.0232938], 
              [0.295403, 0.522057, 0.181921, 0.000618367], 
              [0.295403, 0.113894, 0.227273, 0.36343], 
              [0.0686458, 0.181921, 0.658112, 0.0913212], 
              [0.000618367, 0.2953, 0.499382, 0.2047], 
              [0.159349, 0.0685428, 0.340651, 0.431457], 
              [0.136673, 0.113894, 0.567409, 0.182024]
            ]
          }, {
            "db": 0,
            "id": "SARCCCAGGHRRSBGHGKRDGSWSTGAGCC",
            "alt": "MEME-1",
            "len": 30,
            "nsites": 29,
            "evalue": "1.2e-012",
            "pwm": [
              [0.10403, 0.344424, 0.550609, 0.000937113], 
              [0.619494, 0.0695101, 0.275695, 0.0353016], 
              [0.310216, 0.103874, 0.584974, 0.000937113], 
              [0.000937113, 0.756795, 0.241331, 0.000937113], 
              [0.275851, 0.619338, 0.103874, 0.000937113], 
              [0.000937113, 0.859888, 0.0695101, 0.0696661], 
              [0.619494, 0.103874, 0.275695, 0.000937113], 
              [0.000937113, 0.0007811, 0.825523, 0.172759], 
              [0.172759, 0.172603, 0.653702, 0.000937113], 
              [0.413308, 0.241331, 0.103874, 0.241487], 
              [0.275851, 0.138238, 0.481881, 0.10403], 
              [0.378944, 0.0007811, 0.619338, 0.000937113], 
              [0.0696661, 0.413152, 0.413152, 0.10403], 
              [0.172759, 0.206967, 0.378788, 0.241487], 
              [0.0696661, 0.103874, 0.791159, 0.0353016], 
              [0.34458, 0.172603, 0.138238, 0.34458], 
              [0.172759, 0.0351456, 0.722431, 0.0696661], 
              [0.138394, 0.0695101, 0.516245, 0.275851], 
              [0.413308, 0.138238, 0.344424, 0.10403], 
              [0.207123, 0.0695101, 0.378788, 0.34458], 
              [0.000937113, 0.241331, 0.619338, 0.138394], 
              [0.138394, 0.550609, 0.31006, 0.000937113], 
              [0.482037, 0.206967, 0.0695101, 0.241487], 
              [0.000937113, 0.481881, 0.516245, 0.000937113], 
              [0.172759, 0.241331, 0.0695101, 0.516401], 
              [0.000937113, 0.138238, 0.756795, 0.10403], 
              [0.688222, 0.0007811, 0.172603, 0.138394], 
              [0.000937113, 0.0007811, 0.928616, 0.0696661], 
              [0.10403, 0.653702, 0.241331, 0.000937113], 
              [0.138394, 0.584974, 0.103874, 0.172759]
            ]
          }, {
            "db": 0,
            "id": "WRNWRARYAAACA",
            "alt": "MEME-7",
            "len": 13,
            "nsites": 44,
            "evalue": "1.4e-001",
            "pwm": [
              [0.544837, 0.00051542, 0.0231909, 0.431457], 
              [0.295403, 0.0912183, 0.499382, 0.113997], 
              [0.250051, 0.272624, 0.227273, 0.250051], 
              [0.52216, 0.0458673, 0.00051542, 0.431457], 
              [0.454133, 0.0231909, 0.522057, 0.000618367], 
              [0.975675, 0.00051542, 0.00051542, 0.0232938], 
              [0.408782, 0.00051542, 0.544734, 0.0459703], 
              [0.000618367, 0.45403, 0.00051542, 0.544837], 
              [0.998351, 0.00051542, 0.00051542, 0.000618367], 
              [0.998351, 0.00051542, 0.00051542, 0.000618367], 
              [0.998351, 0.00051542, 0.00051542, 0.000618367], 
              [0.000618367, 0.726139, 0.00051542, 0.272727], 
              [0.998351, 0.00051542, 0.00051542, 0.000618367]
            ]
          }, {
            "db": 0,
            "id": "YGGTRGCWCAYGMYTGTARTCYCAGCWMYT",
            "alt": "MEME-6",
            "len": 30,
            "nsites": 6,
            "evalue": "6.6e-004",
            "pwm": [
              [0.00447049, 0.331595, 0.00372623, 0.660209], 
              [0.00447049, 0.00372623, 0.987333, 0.00447049], 
              [0.00447049, 0.00372623, 0.987333, 0.00447049], 
              [0.168405, 0.167661, 0.00372623, 0.660209], 
              [0.496274, 0.00372623, 0.49553, 0.00447049], 
              [0.00447049, 0.00372623, 0.987333, 0.00447049], 
              [0.00447049, 0.823398, 0.167661, 0.00447049], 
              [0.496274, 0.00372623, 0.00372623, 0.496274], 
              [0.00447049, 0.987333, 0.00372623, 0.00447049], 
              [0.824142, 0.167661, 0.00372623, 0.00447049], 
              [0.00447049, 0.331595, 0.167661, 0.496274], 
              [0.00447049, 0.00372623, 0.987333, 0.00447049], 
              [0.496274, 0.49553, 0.00372623, 0.00447049], 
              [0.00447049, 0.659464, 0.00372623, 0.332339], 
              [0.168405, 0.167661, 0.00372623, 0.660209], 
              [0.00447049, 0.00372623, 0.987333, 0.00447049], 
              [0.00447049, 0.00372623, 0.00372623, 0.988077], 
              [0.660209, 0.167661, 0.00372623, 0.168405], 
              [0.660209, 0.00372623, 0.331595, 0.00447049], 
              [0.00447049, 0.00372623, 0.00372623, 0.988077], 
              [0.00447049, 0.987333, 0.00372623, 0.00447049], 
              [0.00447049, 0.49553, 0.00372623, 0.496274], 
              [0.00447049, 0.987333, 0.00372623, 0.00447049], 
              [0.824142, 0.00372623, 0.00372623, 0.168405], 
              [0.168405, 0.167661, 0.659464, 0.00447049], 
              [0.00447049, 0.987333, 0.00372623, 0.00447049], 
              [0.332339, 0.00372623, 0.00372623, 0.660209], 
              [0.332339, 0.659464, 0.00372623, 0.00447049], 
              [0.00447049, 0.331595, 0.00372623, 0.660209], 
              [0.00447049, 0.167661, 0.00372623, 0.824142]
            ]
          }
        ],
        "targets": [
          {
            "db": 0,
            "id": "ANDR_HUMAN.H11MO.0.A",
            "len": 18,
            "nsites": 499,
            "evalue": "1.0e+000",
            "url": "http://hocomoco.autosome.ru/motif/ANDR_HUMAN.H11MO.0.A",
            "pwm": [
              [0.148322, 0.0701718, 0.0361105, 0.745396], 
              [0.0621664, 0.0481321, 0.777445, 0.112257], 
              [0.0681773, 0.0661646, 0.0140708, 0.851587], 
              [0.188394, 0.172356, 0.144305, 0.494945], 
              [0.0781953, 0.733366, 0.0361105, 0.152329], 
              [0.122275, 0.278547, 0.0321032, 0.567075], 
              [0.180379, 0.134287, 0.196399, 0.488935], 
              [0.198412, 0.178367, 0.216435, 0.406787], 
              [0.176372, 0.192392, 0.222446, 0.40879], 
              [0.200415, 0.256507, 0.120262, 0.422816], 
              [0.0721845, 0.0140708, 0.0140708, 0.899674], 
              [0.254513, 0.0300996, 0.69129, 0.0240979], 
              [0.0281051, 0.0220852, 0.0200816, 0.929728], 
              [0.0180871, 0.00605636, 0.0982223, 0.877634], 
              [0.00806906, 0.00805997, 0.0641609, 0.91971], 
              [0.420812, 0.028096, 0.494936, 0.0561556], 
              [0.0862097, 0.52499, 0.0481321, 0.340668], 
              [0.290578, 0.15833, 0.0541429, 0.496949]
            ]
          }, {
            "db": 0,
            "id": "AP2A_HUMAN.H11MO.0.A",
            "len": 15,
            "nsites": 500,
            "evalue": "1.0e+000",
            "url": "http://hocomoco.autosome.ru/motif/AP2A_HUMAN.H11MO.0.A",
            "pwm": [
              [0.416128, 0.185372, 0.193133, 0.205366], 
              [0.231126, 0.0911478, 0.134688, 0.543039], 
              [0.17678, 0.0944253, 0.470178, 0.258617], 
              [0.0108859, 0.520546, 0.431408, 0.0371594], 
              [5.45291e-05, 0.999845, 4.54509e-05, 5.45291e-05], 
              [5.45291e-05, 0.900838, 4.54509e-05, 0.0990616], 
              [0.0509829, 0.111329, 0.0128276, 0.824861], 
              [0.00189272, 4.54509e-05, 0.796453, 0.201609], 
              [0.535281, 0.0386252, 0.4092, 0.0168937], 
              [0.142185, 4.54509e-05, 0.85596, 0.00180925], 
              [5.45291e-05, 4.54509e-05, 0.999845, 5.45291e-05], 
              [0.0479097, 0.556053, 0.379967, 0.0160703], 
              [0.308247, 0.381605, 0.0917669, 0.218381], 
              [0.512993, 0.0934476, 0.204263, 0.189297], 
              [0.238527, 0.148909, 0.208401, 0.404163]
            ]
          }, {
            "db": 0,
            "id": "AP2B_HUMAN.H11MO.0.B",
            "len": 10,
            "nsites": 28,
            "evalue": "1.0e+000",
            "url": "http://hocomoco.autosome.ru/motif/AP2B_HUMAN.H11MO.0.B",
            "pwm": [
              [0.0403555, 0.000808897, 0.780633, 0.178203], 
              [0.000970462, 0.646723, 0.244996, 0.10731], 
              [0.000970462, 0.961804, 0.000808897, 0.036417], 
              [0.115187, 0.571892, 0.000808897, 0.312112], 
              [0.075802, 0.0362554, 0.886972, 0.000970462], 
              [0.327866, 0.315889, 0.355274, 0.000970462], 
              [0.0718635, 0.0362554, 0.851526, 0.0403555], 
              [0.000970462, 0.000808897, 0.99725, 0.000970462], 
              [0.191003, 0.123887, 0.675278, 0.00983209], 
              [0.222511, 0.446844, 0.253858, 0.0767866]
            ]
          }, {
            "db": 0,
            "id": "AP2C_HUMAN.H11MO.0.A",
            "len": 14,
            "nsites": 500,
            "evalue": "1.0e+000",
            "url": "http://hocomoco.autosome.ru/motif/AP2C_HUMAN.H11MO.0.A",
            "pwm": [
              [0.387205, 0.201035, 0.269558, 0.142201], 
              [0.19609, 0.123619, 0.166413, 0.513878], 
              [0.184614, 0.0997976, 0.518372, 0.197217], 
              [0.00958742, 0.506984, 0.471844, 0.0115852], 
              [0.00385738, 0.988131, 0.00795696, 5.45291e-05], 
              [0.00192238, 0.951678, 0.00238983, 0.04401], 
              [0.0500598, 0.131885, 0.0254175, 0.792638], 
              [0.0354117, 4.54509e-05, 0.917071, 0.047472], 
              [0.554981, 0.025439, 0.4158, 0.00378044], 
              [0.0734805, 4.54509e-05, 0.924449, 0.00202494], 
              [5.45291e-05, 4.54509e-05, 0.997962, 0.00193763], 
              [0.0289803, 0.618169, 0.340994, 0.0118562], 
              [0.313918, 0.351514, 0.0971783, 0.237389], 
              [0.428245, 0.170532, 0.241665, 0.159559]
            ]
          }, {
            "db": 0,
            "id": "ARI3A_HUMAN.H11MO.0.D",
            "len": 22,
            "nsites": 44,
            "evalue": "1.0e+000",
            "url": "http://hocomoco.autosome.ru/motif/ARI3A_HUMAN.H11MO.0.D",
            "pwm": [
              [0.390375, 0.0966073, 0.325605, 0.187413], 
              [0.68089, 0.0912184, 0.00051542, 0.227376], 
              [0.112877, 0.00051542, 0.00051542, 0.886092], 
              [0.158229, 0.00051542, 0.00051542, 0.840741], 
              [0.952999, 0.0458669, 0.00051542, 0.000618367], 
              [0.931444, 0.0674227, 0.00051542, 0.000618367], 
              [0.475689, 0.00051542, 0.0243111, 0.499485], 
              [0.000618367, 0.408679, 0.227273, 0.36343], 
              [0.294283, 0.181921, 0.432474, 0.0913213], 
              [0.499485, 0.0458669, 0.363327, 0.0913213], 
              [0.454133, 0.0458669, 0.158126, 0.341874], 
              [0.728482, 0.00051542, 0.0912184, 0.179784], 
              [0.136673, 0.0458669, 0.0912184, 0.726242], 
              [0.160468, 0.568529, 0.0458669, 0.225136], 
              [0.726242, 0.00051542, 0.00051542, 0.272727], 
              [0.750038, 0.0458669, 0.00051542, 0.20358], 
              [0.952999, 0.00051542, 0.00051542, 0.0459698], 
              [0.408782, 0.00051542, 0.0458669, 0.544836], 
              [0.115117, 0.13657, 0.0912184, 0.657095], 
              [0.52104, 0.13657, 0.0243111, 0.318079], 
              [0.611743, 0.0696626, 0.00051542, 0.318079], 
              [0.664724, 0.00590437, 0.0750515, 0.25432]
            ]
          }, {
            "db": 0,
            "id": "CPEB1_HUMAN.H11MO.0.D",
            "len": 17,
            "nsites": 1803,
            "evalue": "1.0e+000",
            "url": "http://hocomoco.autosome.ru/motif/CPEB1_HUMAN.H11MO.0.D",
            "pwm": [
              [0.163622, 0.217971, 0.0893033, 0.529104], 
              [0.000569724, 0.000567206, 0.000567206, 0.998296], 
              [0.00472923, 0.00361751, 0.000289906, 0.991363], 
              [0.000708374, 0.00181506, 0.000151256, 0.997325], 
              [1.5124e-05, 0.00167641, 1.26061e-05, 0.998296], 
              [0.996632, 0.000567206, 0.00223101, 0.000569724], 
              [0.00223353, 0.0543634, 0.00334021, 0.940063], 
              [0.128128, 0.235718, 0.0282972, 0.607857], 
              [0.181924, 0.250692, 0.0732199, 0.494164], 
              [0.0926334, 0.223517, 0.0482628, 0.635587], 
              [0.0809868, 0.18414, 0.0343978, 0.700475], 
              [0.065458, 0.13589, 0.0260788, 0.772573], 
              [0.100398, 0.118142, 0.016096, 0.765364], 
              [0.181231, 0.0991474, 0.0115206, 0.708101], 
              [0.224074, 0.116479, 0.0233058, 0.636142], 
              [0.240296, 0.16875, 0.0345365, 0.556418], 
              [0.223658, 0.210345, 0.0700309, 0.495967]
            ]
          }, {
            "db": 0,
            "id": "E2F1_HUMAN.H11MO.0.A",
            "len": 14,
            "nsites": 500,
            "evalue": "1.0e+000",
            "url": "http://hocomoco.autosome.ru/motif/E2F1_HUMAN.H11MO.0.A",
            "pwm": [
              [0.327989, 0.160013, 0.37797, 0.134028], 
              [0.236007, 0.200005, 0.451955, 0.112032], 
              [0.272, 0.210003, 0.289987, 0.228009], 
              [0.190017, 0.102025, 0.465952, 0.242006], 
              [0.0820381, 0.200005, 0.703905, 0.0140517], 
              [0.0180509, 0.00604425, 0.965852, 0.0100525], 
              [0.0560433, 0.921861, 0.00404465, 0.0180509], 
              [0.0160513, 0.00804385, 0.957854, 0.0180509], 
              [0.0220501, 0.0820291, 0.889867, 0.00605333], 
              [0.0680409, 0.0340387, 0.889867, 0.00805293], 
              [0.855883, 0.0200415, 0.0900275, 0.0340477], 
              [0.653924, 0.0640327, 0.271991, 0.0100525], 
              [0.399975, 0.140017, 0.365972, 0.0940357], 
              [0.272, 0.164013, 0.395966, 0.168021]
            ]
          }, {
            "db": 0,
            "id": "E2F6_HUMAN.H11MO.0.A",
            "len": 13,
            "nsites": 500,
            "evalue": "1.0e+000",
            "url": "http://hocomoco.autosome.ru/motif/E2F6_HUMAN.H11MO.0.A",
            "pwm": [
              [0.337987, 0.148016, 0.341977, 0.17202], 
              [0.262002, 0.0340387, 0.555934, 0.148025], 
              [0.154024, 0.12602, 0.699905, 0.0200505], 
              [0.0100525, 0.0160423, 0.963853, 0.0100525], 
              [0.214012, 0.707904, 0.0120431, 0.0660413], 
              [0.0400465, 0.0180419, 0.893867, 0.0480449], 
              [0.0240497, 0.0480359, 0.895866, 0.0320481], 
              [0.0720401, 0.0440367, 0.871871, 0.0120521], 
              [0.941866, 0.0320391, 0.0140427, 0.0120521], 
              [0.511952, 0.0360383, 0.435958, 0.0160513], 
              [0.383978, 0.108024, 0.437958, 0.0700405], 
              [0.277999, 0.218002, 0.37797, 0.126029], 
              [0.275999, 0.162013, 0.42596, 0.136027]
            ]
          }, {
            "db": 0,
            "id": "E2F7_HUMAN.H11MO.0.B",
            "len": 13,
            "nsites": 500,
            "evalue": "1.0e+000",
            "url": "http://hocomoco.autosome.ru/motif/E2F7_HUMAN.H11MO.0.B",
            "pwm": [
              [0.196015, 0.148016, 0.529939, 0.126029], 
              [0.337987, 0.0320391, 0.415962, 0.214012], 
              [0.142026, 0.0820291, 0.771891, 0.00405373], 
              [0.0440457, 0.00404465, 0.941857, 0.0100525], 
              [0.0840377, 0.853875, 0.00404465, 0.0580429], 
              [0.140027, 0.0160423, 0.813883, 0.0300485], 
              [0.0220501, 0.0120431, 0.957854, 0.00805293], 
              [0.204014, 0.00604425, 0.77589, 0.0140517], 
              [0.713912, 0.00404465, 0.27599, 0.00605333], 
              [0.603934, 0.138018, 0.239997, 0.0180509], 
              [0.427969, 0.192007, 0.224001, 0.156023], 
              [0.343986, 0.0860283, 0.355974, 0.214012], 
              [0.260003, 0.152015, 0.485948, 0.102034]
            ]
          }, {
            "db": 0,
            "id": "EGR1_HUMAN.H11MO.0.A",
            "len": 17,
            "nsites": 500,
            "evalue": "1.0e+000",
            "url": "http://hocomoco.autosome.ru/motif/EGR1_HUMAN.H11MO.0.A",
            "pwm": [
              [0.232008, 0.247996, 0.409963, 0.110033], 
              [0.319991, 0.12802, 0.317982, 0.234008], 
              [0.277999, 0.180009, 0.459953, 0.0820381], 
              [0.236007, 0.112023, 0.353975, 0.297995], 
              [0.112032, 0.0300395, 0.807884, 0.0500445], 
              [0.236007, 0.505944, 0.0460363, 0.212012], 
              [0.0560433, 0.0340387, 0.869871, 0.0400465], 
              [0.0320481, 0.00404465, 0.409963, 0.553944], 
              [0.0920361, 0.00204505, 0.891867, 0.0140517], 
              [0.0160513, 0.00404465, 0.957854, 0.0220501], 
              [0.0240497, 0.0320391, 0.929859, 0.0140517], 
              [0.220011, 0.47595, 0.00404465, 0.299995], 
              [0.0880369, 0.0100435, 0.841877, 0.0600425], 
              [0.110033, 0.0220411, 0.695906, 0.17202], 
              [0.337987, 0.12802, 0.405964, 0.128029], 
              [0.311992, 0.0820291, 0.455954, 0.150025], 
              [0.264002, 0.182009, 0.435958, 0.118031]
            ]
          }, {
            "db": 0,
            "id": "EGR2_HUMAN.H11MO.0.A",
            "len": 18,
            "nsites": 500,
            "evalue": "1.0e+000",
            "url": "http://hocomoco.autosome.ru/motif/EGR2_HUMAN.H11MO.0.A",
            "pwm": [
              [0.216011, 0.0740307, 0.611923, 0.0980349], 
              [0.293996, 0.0960263, 0.411963, 0.198015], 
              [0.228009, 0.0740307, 0.621921, 0.0760393], 
              [0.254004, 0.0680319, 0.501945, 0.176019], 
              [0.319991, 0.104025, 0.505944, 0.0700405], 
              [0.150025, 0.104025, 0.449955, 0.295995], 
              [0.0760393, 0.102025, 0.765892, 0.0560433], 
              [0.369981, 0.190007, 0.0440367, 0.395975], 
              [0.0340477, 0.0220411, 0.929859, 0.0140517], 
              [0.0400465, 0.0120431, 0.461953, 0.485957], 
              [0.182018, 0.00604425, 0.793887, 0.0180509], 
              [0.0360473, 0.0140427, 0.889867, 0.0600425], 
              [0.0240497, 0.0400375, 0.915862, 0.0200505], 
              [0.349985, 0.281989, 0.0220411, 0.345985], 
              [0.0580429, 0.00604425, 0.873871, 0.0620421], 
              [0.0760393, 0.0340387, 0.781889, 0.108033], 
              [0.341986, 0.0740307, 0.501945, 0.0820381], 
              [0.254004, 0.0480359, 0.561933, 0.136027]
            ]
          }, {
            "db": 0,
            "id": "EGR2_HUMAN.H11MO.1.A",
            "len": 16,
            "nsites": 498,
            "evalue": "1.0e+000",
            "url": "http://hocomoco.autosome.ru/motif/EGR2_HUMAN.H11MO.1.A",
            "pwm": [
              [0.194795, 0.144595, 0.457785, 0.202825], 
              [0.281123, 0.172702, 0.45377, 0.0924057], 
              [0.188772, 0.100427, 0.373465, 0.337336], 
              [0.0622912, 0.0662974, 0.849273, 0.0221387], 
              [0.244985, 0.365434, 0.0582669, 0.331314], 
              [0.00607764, 0.0181143, 0.96973, 0.00607764], 
              [0.0121005, 0.0100838, 0.347365, 0.63045], 
              [0.162673, 0.00406089, 0.813135, 0.020131], 
              [0.0241463, 0.0100838, 0.923555, 0.042215], 
              [0.0241463, 0.0181143, 0.953669, 0.00407001], 
              [0.321275, 0.357404, 0.0120914, 0.30923], 
              [0.0321768, 0.00606852, 0.911509, 0.0502455], 
              [0.0683141, 0.0281524, 0.712754, 0.19078], 
              [0.299191, 0.0944042, 0.459793, 0.146612], 
              [0.220894, 0.0803508, 0.524037, 0.174718], 
              [0.188772, 0.164671, 0.516006, 0.130551]
            ]
          }, {
            "db": 0,
            "id": "EGR4_HUMAN.H11MO.0.D",
            "len": 11,
            "nsites": 6,
            "evalue": "1.0e+000",
            "url": "http://hocomoco.autosome.ru/motif/EGR4_HUMAN.H11MO.0.D",
            "pwm": [
              [0.0250878, 0.0243436, 0.925481, 0.0250878], 
              [0.00447049, 0.00372623, 0.987333, 0.00447049], 
              [0.00447049, 0.509011, 0.333604, 0.152915], 
              [0.00447049, 0.00372623, 0.987333, 0.00447049], 
              [0.00447049, 0.00372623, 0.987333, 0.00447049], 
              [0.00447049, 0.59148, 0.0861956, 0.317854], 
              [0.57573, 0.00372623, 0.416073, 0.00447049], 
              [0.00447049, 0.00372623, 0.838888, 0.152915], 
              [0.00447049, 0.0861956, 0.904863, 0.00447049], 
              [0.00447049, 0.00372623, 0.987333, 0.00447049], 
              [0.268372, 0.525504, 0.102689, 0.103434]
            ]
          }, {
            "db": 0,
            "id": "ERG_HUMAN.H11MO.0.A",
            "len": 13,
            "nsites": 500,
            "evalue": "1.0e+000",
            "url": "http://hocomoco.autosome.ru/motif/ERG_HUMAN.H11MO.0.A",
            "pwm": [
              [0.337987, 0.152015, 0.359973, 0.150025], 
              [0.307993, 0.156014, 0.457954, 0.0780389], 
              [0.435967, 0.0520351, 0.455954, 0.0560433], 
              [0.102034, 0.559933, 0.333979, 0.00405373], 
              [0.865881, 0.116022, 0.0160423, 0.00205413], 
              [0.00405373, 0.00404465, 0.985848, 0.00605333], 
              [0.00605333, 0.00404465, 0.989847, 5.45291e-05], 
              [0.975859, 0.0100435, 0.0100435, 0.00405373], 
              [0.935867, 0.00204505, 0.0220411, 0.0400465], 
              [0.204014, 0.0160423, 0.77789, 0.00205413], 
              [0.102034, 0.309983, 0.174011, 0.413972], 
              [0.22401, 0.160013, 0.513943, 0.102034], 
              [0.262002, 0.134019, 0.539937, 0.0640417]
            ]
          }, {
            "db": 0,
            "id": "ETS2_HUMAN.H11MO.0.B",
            "len": 13,
            "nsites": 500,
            "evalue": "1.0e+000",
            "url": "http://hocomoco.autosome.ru/motif/ETS2_HUMAN.H11MO.0.B",
            "pwm": [
              [0.230009, 0.140017, 0.435958, 0.194016], 
              [0.317991, 0.146016, 0.345976, 0.190017], 
              [0.32199, 0.279989, 0.297986, 0.100035], 
              [0.47396, 0.0760303, 0.365972, 0.0840377], 
              [0.192016, 0.00804385, 0.751895, 0.0480449], 
              [0.00405373, 0.0100435, 0.967852, 0.0180509], 
              [0.981858, 0.0160423, 4.54509e-05, 0.00205413], 
              [0.953864, 0.0180419, 0.0240407, 0.00405373], 
              [0.381978, 0.0840287, 0.519941, 0.0140517], 
              [0.391976, 0.261993, 0.198006, 0.148025], 
              [0.42197, 0.0480359, 0.459953, 0.0700405], 
              [0.329989, 0.0860283, 0.495946, 0.0880369], 
              [0.495955, 0.100025, 0.319981, 0.0840377]
            ]
          }, {
            "db": 0,
            "id": "ETV5_HUMAN.H11MO.0.C",
            "len": 14,
            "nsites": 500,
            "evalue": "1.0e+000",
            "url": "http://hocomoco.autosome.ru/motif/ETV5_HUMAN.H11MO.0.C",
            "pwm": [
              [0.327989, 0.180009, 0.381969, 0.110033], 
              [0.455963, 0.0880279, 0.32798, 0.128029], 
              [0.297995, 0.0980259, 0.493947, 0.110033], 
              [0.200015, 0.417962, 0.345976, 0.0360473], 
              [0.839887, 0.0360383, 0.0840287, 0.0400465], 
              [0.0160513, 0.00604425, 0.961853, 0.0160513], 
              [0.0440457, 0.0160423, 0.935858, 0.00405373], 
              [0.793896, 0.0680319, 0.102025, 0.0360473], 
              [0.945865, 0.00604425, 0.0120431, 0.0360473], 
              [0.37198, 0.0620331, 0.547936, 0.0180509], 
              [0.228009, 0.100025, 0.231999, 0.439967], 
              [0.218011, 0.106024, 0.537938, 0.138027], 
              [0.405973, 0.120021, 0.385968, 0.0880369], 
              [0.272, 0.216002, 0.373971, 0.138027]
            ]
          }, {
            "db": 0,
            "id": "FLI1_HUMAN.H11MO.0.A",
            "len": 18,
            "nsites": 497,
            "evalue": "1.0e+000",
            "url": "http://hocomoco.autosome.ru/motif/FLI1_HUMAN.H11MO.0.A",
            "pwm": [
              [0.209268, 0.227364, 0.440601, 0.122767], 
              [0.315887, 0.148909, 0.432554, 0.10265], 
              [0.446645, 0.0865474, 0.374216, 0.0925916], 
              [0.201222, 0.0543608, 0.653838, 0.0905799], 
              [0.299793, 0.0362557, 0.635733, 0.0282182], 
              [0.422505, 0.388298, 0.183107, 0.00608986], 
              [0.915364, 0.0342441, 0.0402791, 0.0101132], 
              [0.00407819, 0.00406906, 0.98174, 0.0101132], 
              [0.00206653, 0.0121157, 0.985763, 5.48582e-05], 
              [0.937492, 0.0181507, 0.0443024, 5.48582e-05], 
              [0.957609, 0.00205739, 0.0261974, 0.0141365], 
              [0.146907, 0.0282091, 0.822818, 0.00206653], 
              [0.134837, 0.171037, 0.500951, 0.193175], 
              [0.410435, 0.124769, 0.402379, 0.0624166], 
              [0.394342, 0.0764891, 0.474799, 0.0543699], 
              [0.301805, 0.120746, 0.508998, 0.0684516], 
              [0.241455, 0.150921, 0.529114, 0.0785099], 
              [0.388307, 0.130804, 0.364158, 0.116732]
            ]
          }, {
            "db": 0,
            "id": "FOXA1_HUMAN.H11MO.0.A",
            "len": 12,
            "nsites": 500,
            "evalue": "1.0e+000",
            "url": "http://hocomoco.autosome.ru/motif/FOXA1_HUMAN.H11MO.0.A",
            "pwm": [
              [0.0160513, 4.54509e-05, 4.54509e-05, 0.983858], 
              [0.246005, 0.00404465, 0.749895, 5.45291e-05], 
              [0.00205413, 4.54509e-05, 4.54509e-05, 0.997855], 
              [0.00405373, 4.54509e-05, 0.0560343, 0.939867], 
              [5.45291e-05, 4.54509e-05, 0.144017, 0.855883], 
              [0.781898, 4.54509e-05, 0.206004, 0.0120521], 
              [0.00805293, 0.797886, 0.00804385, 0.186017], 
              [0.317991, 0.138018, 0.00404465, 0.539947], 
              [0.0320481, 0.313983, 0.108024, 0.545945], 
              [0.463962, 0.0200415, 0.0160423, 0.499955], 
              [0.218011, 0.0980259, 0.493947, 0.190017], 
              [0.108033, 0.259993, 0.393967, 0.238007]
            ]
          }, {
            "db": 0,
            "id": "FOXA2_HUMAN.H11MO.0.A",
            "len": 12,
            "nsites": 500,
            "evalue": "1.0e+000",
            "url": "http://hocomoco.autosome.ru/motif/FOXA2_HUMAN.H11MO.0.A",
            "pwm": [
              [0.0160513, 4.54509e-05, 0.00204505, 0.981858], 
              [0.196015, 0.00204505, 0.799885, 0.00205413], 
              [5.45291e-05, 0.00404465, 4.54509e-05, 0.995855], 
              [0.00205413, 4.54509e-05, 0.0440367, 0.953864], 
              [5.45291e-05, 4.54509e-05, 0.144017, 0.855883], 
              [0.757903, 4.54509e-05, 0.235998, 0.00605333], 
              [0.00805293, 0.887868, 0.00204505, 0.102034], 
              [0.401974, 0.122021, 4.54509e-05, 0.475959], 
              [0.0440457, 0.409963, 0.120021, 0.425969], 
              [0.563942, 0.00804385, 0.0400375, 0.387977], 
              [0.190017, 0.0960263, 0.549935, 0.164022], 
              [0.128029, 0.357974, 0.281989, 0.232008]
            ]
          }, {
            "db": 0,
            "id": "FOXA3_HUMAN.H11MO.0.B",
            "len": 13,
            "nsites": 500,
            "evalue": "1.0e+000",
            "url": "http://hocomoco.autosome.ru/motif/FOXA3_HUMAN.H11MO.0.B",
            "pwm": [
              [0.158023, 0.465952, 0.216002, 0.160023], 
              [0.228009, 0.249995, 0.0780299, 0.443966], 
              [0.0120521, 4.54509e-05, 0.00604425, 0.981858], 
              [0.246005, 0.00804385, 0.737898, 0.00805293], 
              [0.00805293, 0.0220411, 0.0140427, 0.955863], 
              [0.00605333, 4.54509e-05, 0.0360383, 0.957863], 
              [0.00805293, 4.54509e-05, 0.271991, 0.719911], 
              [0.855883, 0.00604425, 0.114023, 0.0240497], 
              [0.00405373, 0.873871, 0.0220411, 0.100035], 
              [0.367981, 0.152015, 0.00804385, 0.47196], 
              [0.0940357, 0.231999, 0.106024, 0.567941], 
              [0.425969, 0.0140427, 0.0540347, 0.505953], 
              [0.154024, 0.116022, 0.57793, 0.152024]
            ]
          }, {
            "db": 0,
            "id": "FOXB1_HUMAN.H11MO.0.D",
            "len": 17,
            "nsites": 7038,
            "evalue": "1.0e+000",
            "url": "http://hocomoco.autosome.ru/motif/FOXB1_HUMAN.H11MO.0.D",
            "pwm": [
              [0.219281, 0.162615, 0.422576, 0.195527], 
              [0.0892766, 0.143925, 0.225753, 0.541045], 
              [0.353901, 0.384067, 0.161097, 0.100935], 
              [0.803094, 0.055029, 0.0564863, 0.0853904], 
              [0.724187, 0.0823596, 0.0299693, 0.163484], 
              [0.003465, 0.00334291, 0.0160944, 0.977098], 
              [0.646658, 0.000944413, 0.349995, 0.00240237], 
              [0.0134233, 0.000671166, 0.00929362, 0.976612], 
              [0.0133626, 0.000246116, 0.0268421, 0.959549], 
              [0.00294887, 0.000519363, 0.279353, 0.717179], 
              [0.960035, 0.000489002, 0.0383792, 0.00109686], 
              [0.00313103, 0.897339, 0.0107813, 0.0887484], 
              [0.774925, 0.0141817, 0.0334911, 0.177402], 
              [0.03082, 0.143761, 0.0300907, 0.795328], 
              [0.717604, 0.0169749, 0.0435709, 0.22185], 
              [0.573755, 0.0628196, 0.2564, 0.107026], 
              [0.123906, 0.357173, 0.327128, 0.191793]
            ]
          }, {
            "db": 0,
            "id": "FOXC1_HUMAN.H11MO.0.C",
            "len": 15,
            "nsites": 26,
            "evalue": "1.0e+000",
            "url": "http://hocomoco.autosome.ru/motif/FOXC1_HUMAN.H11MO.0.C",
            "pwm": [
              [0.135144, 0.479798, 0.173285, 0.211773], 
              [0.345872, 0.0774992, 0.345698, 0.23093], 
              [0.269244, 0.154128, 0.0774992, 0.499129], 
              [0.00104483, 0.000870881, 0.000870881, 0.997213], 
              [0.00104483, 0.000870881, 0.997039, 0.00104483], 
              [0.039359, 0.000870881, 0.000870881, 0.958899], 
              [0.039359, 0.000870881, 0.000870881, 0.958899], 
              [0.00104483, 0.000870881, 0.0391851, 0.958899], 
              [0.958899, 0.000870881, 0.000870881, 0.039359], 
              [0.00104483, 0.72884, 0.000870881, 0.269244], 
