<!DOCTYPE HTML>
<html>
  <head>
    <meta charset="UTF-8">
    <title>SpaMo - Spaced Motif Analysis</title>
    <script type="text/javascript">
      //@JSON_VAR data
      var data = {"program":"SpaMo","version":"4.12.0","revision":"aacc9c3eb8c7b460b344d5c8aa1458097dae704d","release":"Tue Jun 27 16:22:50 2017 -0700","host":"Sudins-iMac.local","when":"Thu May 24 19:03:45 2018","cmd":["spamo","-verbosity","1","-oc","results/AHRpeaks_withAHREs.bed-499.fa/jaspar/spamo_out_4","-bgfile","results/AHRpeaks_withAHREs.bed-499.fa/jaspar/background","-primary","AYTCCAGCCTGGGTGACAGRGYVASACBYC","results/AHRpeaks_withAHREs.bed-499.fa/jaspar/AHRpeaks_withAHREs.bed-499.fa","results/AHRpeaks_withAHREs.bed-499.fa/jaspar/meme_out/meme.xml","results/AHRpeaks_withAHREs.bed-499.fa/jaspar/meme_out/meme.xml","results/AHRpeaks_withAHREs.bed-499.fa/jaspar/dreme_out/dreme.xml","/Users/filipov4/meme/db/motif_databases/JASPAR/JASPAR2018_CORE_non-redundant.meme"],"options":{"seq_min_hit_score":7,"margin":150,"bin_size":1,"bin_pvalue_calc_range":150,"use_best_secondary":0,"seq_max_shared_fract":0.5,"seq_odds_ratio":20,"bin_pvalue_cutoff":0.05,"motif_evalue_cutoff":10,"redundant_overlap":2,"redundant_joint":0.5,"motif_pseudocount":0.1,"bgfile":"results/AHRpeaks_withAHREs.bed-499.fa/jaspar/background","motif_trim":0.25,"xalph":0,"seed":1,"bin_max":13},"alphabet":{"name":"DNA","like":"dna","ncore":4,"symbols":[{"symbol":"A","name":"Adenine","colour":"CC0000","complement":"T"},{"symbol":"C","name":"Cytosine","colour":"0000CC","complement":"G"},{"symbol":"G","name":"Guanine","colour":"FFB300","complement":"C"},{"symbol":"T","aliases":"U","name":"Thymine","colour":"008000","complement":"A"},{"symbol":"N","aliases":"X.","name":"Any base","equals":"ACGT"},{"symbol":"V","name":"Not T","equals":"ACG"},{"symbol":"H","name":"Not G","equals":"ACT"},{"symbol":"D","name":"Not C","equals":"AGT"},{"symbol":"B","name":"Not A","equals":"CGT"},{"symbol":"M","name":"Amino","equals":"AC"},{"symbol":"R","name":"Purine","equals":"AG"},{"symbol":"W","name":"Weak","equals":"AT"},{"symbol":"S","name":"Strong","equals":"CG"},{"symbol":"Y","name":"Pyrimidine","equals":"CT"},{"symbol":"K","name":"Keto","equals":"GT"}]},"background":[0.2658,0.2342,0.2342,0.2658],"sequence_dbs":[{"source":"results/AHRpeaks_withAHREs.bed-499.fa/jaspar/AHRpeaks_withAHREs.bed-499.fa","name":"AHRpeaks_withAHREs.bed-499","last_modified":"Thu May 24 11:14:35 2018","loaded":1224,"excluded_too_short":0,"excluded_no_match":1195,"excluded_ambigs":0,"excluded_similar":3,"erased_primary_matches":0}],"primary_dbs":[{"source":"results/AHRpeaks_withAHREs.bed-499.fa/jaspar/meme_out/meme.xml","name":"meme.xml","last_modified":"Thu May 24 19:01:16 2018","loaded":6,"excluded":5}],"secondary_dbs":[{"source":"results/AHRpeaks_withAHREs.bed-499.fa/jaspar/meme_out/meme.xml","name":"meme.xml","last_modified":"Thu May 24 19:01:16 2018","loaded":7,"excluded":1},{"source":"results/AHRpeaks_withAHREs.bed-499.fa/jaspar/dreme_out/dreme.xml","name":"dreme.xml","last_modified":"Thu May 24 19:02:05 2018","loaded":7,"excluded":0},{"source":"/Users/filipov4/meme/db/motif_databases/JASPAR/JASPAR2018_CORE_non-redundant.meme","name":"JASPAR2018_CORE_non-redundant","last_modified":"Thu Dec  7 14:38:42 2017","loaded":1404,"excluded":0}],"secondary_motifs":[{"db":0,"id":"AAMAAARHAAACAAAR","alt":"MEME-2","len":16,"ltrim":0,"rtrim":1,"nsites":90,"evalue":"2.1e-028","pwm":[[0.854901,0.0557543,0.000259933,0.0890853],[0.666222,0.000259933,0.27773,0.0557893],[0.41095,0.27773,0.111248,0.200073],[0.666222,0.0668529,0.000259933,0.266666],[0.799407,0.000259933,0.188939,0.0113937],[0.854901,0.000259933,0.0557543,0.0890853],[0.655123,0.000259933,0.344322,0.000295005],[0.266666,0.444211,0.000259933,0.288863],[0.932592,0.0557543,0.000259933,0.0113937],[0.843802,0.0446546,0.000259933,0.111283],[0.999185,0.000259933,0.000259933,0.000295005],[0.200073,0.477508,0.111248,0.211172],[0.721715,0.100149,0.000259933,0.177876],[0.699518,0.0890503,0.133445,0.0779867],[0.77721,0.000259933,0.111248,0.111283],[0.444246,0.144544,0.299927,0.111283]]},{"db":1,"id":"CCCAGS","alt":"DREME-6","len":6,"ltrim":0,"rtrim":0,"nsites":279,"evalue":"3.6e-002","pwm":[[9.52347e-05,0.999726,8.39126e-05,9.52347e-05],[9.52347e-05,0.999726,8.39126e-05,9.52347e-05],[9.52347e-05,0.999726,8.39126e-05,9.52347e-05],[0.999737,8.39126e-05,8.39126e-05,9.52347e-05],[9.52347e-05,8.39126e-05,0.999726,9.52347e-05],[9.52347e-05,0.473032,0.526777,9.52347e-05]]},{"db":1,"id":"GGARR","alt":"DREME-4","len":5,"ltrim":0,"rtrim":0,"nsites":1535,"evalue":"6.4e-005","pwm":[[1.73148e-05,1.52563e-05,0.99995,1.73148e-05],[1.73148e-05,1.52563e-05,0.99995,1.73148e-05],[0.999952,1.52563e-05,1.52563e-05,1.73148e-05],[0.484025,1.52563e-05,0.515943,1.73148e-05],[0.508127,1.52563e-05,0.49184,1.73148e-05]]},{"db":2,"id":"MA0010.1","alt":"br","len":14,"ltrim":1,"rtrim":1,"nsites":9,"url":"http://jaspar2018.genereg.net/matrix/MA0010.1","pwm":[[0.332591,0.112464,0.442134,0.112811],[0.112811,0.112464,0.112464,0.662262],[0.552372,0.222354,0.112464,0.112811],[0.772152,0.00257363,0.112464,0.112811],[0.332591,0.00257363,0.00257363,0.662262],[0.662262,0.00257363,0.00257363,0.332591],[0.442481,0.112464,0.442134,0.00292088],[0.772152,0.00257363,0.112464,0.112811],[0.112811,0.881695,0.00257363,0.00292088],[0.991932,0.00257363,0.00257363,0.00292088],[0.882042,0.00257363,0.112464,0.00292088],[0.552372,0.00257363,0.332244,0.112811],[0.442481,0.00257363,0.00257363,0.552372],[0.222701,0.332244,0.222354,0.222701]]},{"db":2,"id":"MA0012.1","alt":"br(var.3)","len":11,"ltrim":0,"rtrim":2,"nsites":12,"url":"http://jaspar2018.genereg.net/matrix/MA0012.1","pwm":[[0.250131,0.0845798,0.0845798,0.580709],[0.745998,0.167225,0.0845798,0.00219669],[0.828643,0.00193554,0.00193554,0.167486],[0.993932,0.00193554,0.00193554,0.00219669],[0.00219669,0.828381,0.0845798,0.084841],[0.332775,0.00193554,0.00193554,0.663354],[0.828643,0.00193554,0.00193554,0.167486],[0.498064,0.00193554,0.332514,0.167486],[0.498064,0.0845798,0.167225,0.250131],[0.332775,0.249869,0.167225,0.250131],[0.167486,0.249869,0.415159,0.167486]]},{"db":2,"id":"MA0013.1","alt":"br(var.4)","len":11,"ltrim":0,"rtrim":0,"nsites":6,"url":"http://jaspar2018.genereg.net/matrix/MA0013.1","pwm":[[0.168292,0.167774,0.00383935,0.660095],[0.660095,0.00383935,0.00383935,0.332226],[0.332226,0.00383935,0.659577,0.00435738],[0.168292,0.00383935,0.00383935,0.824029],[0.824029,0.00383935,0.167774,0.00435738],[0.987964,0.00383935,0.00383935,0.00435738],[0.824029,0.00383935,0.167774,0.00435738],[0.168292,0.495643,0.167774,0.168292],[0.496161,0.00383935,0.167774,0.332226],[0.824029,0.00383935,0.00383935,0.168292],[0.496161,0.167774,0.00383935,0.332226]]},{"db":2,"id":"MA0017.2","alt":"NR2F1","len":13,"ltrim":1,"rtrim":0,"nsites":23504,"url":"http://jaspar2018.genereg.net/matrix/MA0017.2","pwm":[[0.204306,0.48698,0.139381,0.169333],[0.602537,0.14031,0.0956136,0.161539],[0.52521,0.0320959,0.403797,0.038896],[0.691461,9.96422e-07,0.308537,1.13087e-06],[1.13087e-06,0.00248299,0.997515,1.13087e-06],[1.13087e-06,9.96422e-07,0.999997,1.13087e-06],[1.13087e-06,9.96422e-07,9.96422e-07,0.999997],[1.13087e-06,0.999997,9.96422e-07,1.13087e-06],[0.992507,9.96422e-07,0.00749096,1.13087e-06],[0.424246,0.253338,0.134174,0.188241],[0.267767,0.245957,0.364457,0.121819],[0.271664,0.204826,0.322249,0.20126],[0.116125,0.0595237,0.753504,0.0708478]]},{"db":2,"id":"MA0019.1","alt":"Ddit3::Cebpa","len":12,"ltrim":2,"rtrim":0,"nsites":39,"url":"http://jaspar2018.genereg.net/matrix/MA0019.1","pwm":[[0.358736,0.179627,0.307504,0.154132],[0.282009,0.179627,0.358655,0.179708],[0.461037,0.0773252,0.38423,0.0774061],[0.000679795,0.0261744,0.000598977,0.972547],[0.000679795,0.000598977,0.972466,0.0262552],[0.102981,0.844589,0.000598977,0.0518306],[0.972547,0.0261744,0.000598977,0.000679795],[0.921396,0.0517498,0.0261744,0.000679795],[0.000679795,0.154052,0.000598977,0.84467],[0.358736,0.435381,0.128476,0.0774061],[0.102981,0.588835,0.230778,0.0774061],[0.000679795,0.665561,0.154052,0.179708]]},{"db":2,"id":"MA0041.1","alt":"Foxd3","len":12,"ltrim":0,"rtrim":0,"nsites":47,"url":"http://jaspar2018.genereg.net/matrix/MA0041.1","pwm":[[0.23411,0.0641917,0.552514,0.149184],[0.637507,0.0429599,0.00049724,0.319036],[0.510118,0.0217291,0.00049724,0.467656],[0.0217962,0.0854225,0.00049724,0.892284],[0.255341,0.00049724,0.722365,0.0217962],[0.000564331,0.00049724,0.00049724,0.998441],[0.0217962,0.00049724,0.00049724,0.977209],[0.106721,0.00049724,0.212812,0.67997],[0.297804,0.00049724,0.446358,0.255341],[0.127953,0.149117,0.00049724,0.722432],[0.0217962,0.0429599,0.0854225,0.849821],[0.000564331,0.255274,0.00049724,0.743664]]},{"db":2,"id":"MA0045.1","alt":"HMG-I/Y","len":16,"ltrim":1,"rtrim":0,"nsites":14,"url":"http://jaspar2018.genereg.net/matrix/MA0045.1","pwm":[[0.214651,0.356271,0.285349,0.143729],[0.498339,0.00166099,0.214427,0.285573],[0.640183,0.0725834,0.0725834,0.214651],[0.214651,0.427192,0.285349,0.0728075],[0.782027,0.00166099,0.214427,0.00188511],[0.782027,0.00166099,0.143505,0.0728075],[0.782027,0.00166099,0.143505,0.0728075],[0.214651,0.214427,0.143505,0.427417],[0.285573,0.0725834,0.569037,0.0728075],[0.214651,0.285349,0.427192,0.0728075],[0.569261,0.356271,0.0725834,0.00188511],[0.569261,0.0725834,0.285349,0.0728075],[0.640183,0.00166099,0.143505,0.214651],[0.640183,0.356271,0.00166099,0.00188511],[0.782027,0.00166099,0.214427,0.00188511],[0.143729,0.498115,0.00166099,0.356495]]},{"db":2,"id":"MA0049.1","alt":"hb","len":10,"ltrim":0,"rtrim":0,"nsites":16,"url":"http://jaspar2018.genereg.net/matrix/MA0049.1","pwm":[[0.0637627,0.312014,0.498349,0.125875],[0.374322,0.498349,0.125678,0.00165093],[0.560657,0.18779,0.249902,0.00165093],[0.250098,0.18779,0.0635665,0.498545],[0.809104,0.0635665,0.00145466,0.125875],[0.99544,0.00145466,0.00145466,0.00165093],[0.99544,0.00145466,0.00145466,0.00165093],[0.871216,0.00145466,0.125678,0.00165093],[0.933328,0.0635665,0.00145466,0.00165093],[0.560657,0.125678,0.125678,0.187986]]},{"db":2,"id":"MA0052.3","alt":"MEF2A","len":12,"ltrim":0,"rtrim":0,"nsites":1223,"url":"http://jaspar2018.genereg.net/matrix/MA0052.3","pwm":[[0.135743,0.0703324,0.388376,0.405549],[0.0474159,0.902361,0.00280692,0.0474159],[2.17317e-05,0.0092024,1.91481e-05,0.990757],[0.992784,0.0030859,1.91481e-05,0.0041114],[0.531324,1.91481e-05,0.00207398,0.466582],[0.860767,0.001792,1.91481e-05,0.137421],[0.950042,1.91481e-05,1.91481e-05,0.0499197],[0.957537,0.00396383,1.91481e-05,0.0384806],[2.17317e-05,0.00207398,1.91481e-05,0.997885],[0.99686,0.00207198,1.91481e-05,0.00104865],[0.143115,0.00435579,0.842101,0.0104289],[0.544692,0.332422,0.0370531,0.0858327]]},{"db":2,"id":"MA0057.1","alt":"MZF1(var.2)","len":10,"ltrim":1,"rtrim":1,"nsites":16,"url":"http://jaspar2018.genereg.net/matrix/MA0057.1","pwm":[[0.0637627,0.249902,0.436237,0.250098],[0.125875,0.00145466,0.436237,0.436434],[0.933328,0.0635665,0.00145466,0.00165093],[0.00165093,0.00145466,0.684684,0.31221],[0.00165093,0.00145466,0.933132,0.0637627],[0.00165093,0.125678,0.87102,0.00165093],[0.00165093,0.00145466,0.87102,0.125875],[0.187986,0.0635665,0.498349,0.250098],[0.622769,0.00145466,0.249902,0.125875],[0.498545,0.125678,0.249902,0.125875]]},{"db":2,"id":"MA0059.1","alt":"MAX::MYC","len":11,"ltrim":0,"rtrim":0,"nsites":21,"url":"http://jaspar2018.genereg.net/matrix/MA0059.1","pwm":[[0.333013,0.0485033,0.42765,0.190833],[0.71216,0.0485033,0.190683,0.048653],[0.0960464,0.42765,0.42765,0.048653],[0.048653,0.948977,0.00110995,0.00125972],[0.99652,0.00110995,0.00110995,0.00125972],[0.00125972,0.948977,0.00110995,0.048653],[0.048653,0.00110995,0.948977,0.00125972],[0.00125972,0.0485033,0.00110995,0.949127],[0.00125972,0.00110995,0.996371,0.00125972],[0.048653,0.0485033,0.854191,0.048653],[0.14344,0.238077,0.00110995,0.617374]]},{"db":2,"id":"MA0067.1","alt":"Pax2","len":8,"ltrim":1,"rtrim":0,"nsites":31,"url":"http://jaspar2018.genereg.net/matrix/MA0067.1","pwm":[[0.322398,0.225833,0.161524,0.290244],[0.225935,0.0329073,0.675994,0.0651632],[0.0973175,0.0650616,0.000753055,0.836868],[0.000854662,0.901075,0.0329073,0.0651632],[0.836868,0.0329073,0.0972159,0.0330089],[0.0651632,0.547377,0.0329073,0.354553],[0.0651632,0.000753055,0.611685,0.322398],[0.0330089,0.354451,0.354451,0.25809]]},{"db":2,"id":"MA0079.3","alt":"SP1","len":11,"ltrim":1,"rtrim":0,"nsites":8734,"url":"http://jaspar2018.genereg.net/matrix/MA0079.3","pwm":[[0.0981239,0.204488,0.489005,0.208382],[3.04324e-06,0.711582,0.0735078,0.214908],[0.0113379,0.767454,2.68144e-06,0.221205],[3.04324e-06,0.999991,2.68144e-06,3.04324e-06],[3.04324e-06,0.991633,2.68144e-06,0.00836095],[0.1556,2.68144e-06,0.529422,0.314975],[3.04324e-06,0.999991,2.68144e-06,3.04324e-06],[3.04324e-06,0.999991,2.68144e-06,3.04324e-06],[3.04324e-06,0.764707,2.68144e-06,0.235287],[0.12068,0.727839,2.68144e-06,0.151478],[0.0746532,0.568922,0.0840407,0.272384]]},{"db":2,"id":"MA0082.1","alt":"squamosa","len":14,"ltrim":0,"rtrim":1,"nsites":30,"url":"http://jaspar2018.genereg.net/matrix/MA0082.1","pwm":[[0.366332,0.465895,0.0340003,0.133773],[0.000883056,0.731675,0.000778073,0.266664],[0.798225,0.000778073,0.133668,0.0673286],[0.532444,0.0672236,0.0340003,0.366332],[0.765003,0.000778073,0.000778073,0.233441],[0.565667,0.000778073,0.000778073,0.432776],[0.798225,0.0340003,0.000778073,0.166996],[0.266664,0.000778073,0.0340003,0.698557],[0.466,0.0340003,0.499117,0.000883056],[0.0341053,0.0340003,0.93101,0.000883056],[0.466,0.166891,0.0340003,0.333109],[0.831448,0.166891,0.000778073,0.000883056],[0.698557,0.0672236,0.100446,0.133773],[0.233441,0.166891,0.266559,0.333109]]},{"db":2,"id":"MA0087.1","alt":"Sox5","len":7,"ltrim":0,"rtrim":1,"nsites":23,"url":"http://jaspar2018.genereg.net/matrix/MA0087.1","pwm":[[0.996822,0.00101385,0.00101385,0.00115065],[0.00115065,0.00101385,0.0443036,0.953532],[0.00115065,0.00101385,0.00101385,0.996822],[0.0444404,0.00101385,0.953395,0.00115065],[0.00115065,0.0443036,0.00101385,0.953532],[0.0444404,0.0443036,0.00101385,0.910241],[0.347471,0.130884,0.174174,0.347471]]},{"db":2,"id":"MA0120.1","alt":"id1","len":12,"ltrim":0,"rtrim":0,"nsites":24,"url":"http://jaspar2018.genereg.net/matrix/MA0120.1","pwm":[[0.042597,0.0424659,0.083959,0.830978],[0.125584,0.125453,0.166947,0.582015],[0.042597,0.083959,0.374416,0.499028],[0.0011029,0.374416,0.125453,0.499028],[0.0011029,0.540391,0.166947,0.29156],[0.0840901,0.457403,0.166947,0.29156],[0.125584,0.332922,0.083959,0.457534],[0.042597,0.0424659,0.0424659,0.872472],[0.333053,0.20844,0.0424659,0.416041],[0.0011029,0.249934,0.291429,0.457534],[0.0011029,0.706366,0.000971784,0.29156],[0.0840901,0.000971784,0.74786,0.167078]]},{"db":2,"id":"MA0130.1","alt":"ZNF354C","len":6,"ltrim":0,"rtrim":0,"nsites":16,"url":"http://jaspar2018.genereg.net/matrix/MA0130.1","pwm":[[0.436434,0.374125,0.18779,0.00165093],[0.187986,0.125678,0.00145466,0.684881],[0.00165093,0.995243,0.00145466,0.00165093],[0.00165093,0.995243,0.00145466,0.00165093],[0.99544,0.00145466,0.00145466,0.00165093],[0.00165093,0.933132,0.0635665,0.00165093]]},{"db":2,"id":"MA0131.2","alt":"HINFP","len":12,"ltrim":0,"rtrim":2,"nsites":569,"url":"http://jaspar2018.genereg.net/matrix/MA0131.2","pwm":[[0.0404616,0.597476,0.1863,0.175763],[0.489652,0.225088,0.194165,0.0910957],[0.497256,0.0811079,0.390963,0.0306723],[0.00207435,0.786921,0.196762,0.0142432],[4.67053e-05,0.0275953,0.95263,0.0197282],[4.67053e-05,4.11527e-05,4.11527e-05,0.999871],[4.67053e-05,0.968696,0.0312107,4.67053e-05],[4.67053e-05,0.992655,4.11527e-05,0.00725744],[4.67053e-05,0.0591908,0.900646,0.0401157],[0.00241029,0.933683,0.0354959,0.0284107],[0.200012,0.12943,0.442316,0.228242],[0.182479,0.199058,0.364906,0.253557]]},{"db":2,"id":"MA0146.2","alt":"Zfx","len":14,"ltrim":3,"rtrim":1,"nsites":477,"url":"http://jaspar2018.genereg.net/matrix/MA0146.2","pwm":[[0.104856,0.373137,0.375232,0.146776],[0.12372,0.356368,0.362656,0.157256],[0.190393,0.315883,0.41628,0.0774455],[0.150337,0.102324,0.619961,0.127378],[0.0208414,0.617384,0.299362,0.0624126],[0.0125271,0.750412,0.00420622,0.232855],[0.0624126,0.257791,0.380426,0.299369],[0.397061,0.318069,0.253634,0.0312342],[0.0166842,0.00420622,0.976975,0.00213428],[5.57116e-05,0.00628478,0.991525,0.00213428],[5.57116e-05,0.999839,4.90883e-05,5.57116e-05],[5.57116e-05,0.997761,4.90883e-05,0.00213428],[5.57116e-05,0.00212765,4.90883e-05,0.997768],[0.175019,0.254163,0.454121,0.116698]]},{"db":2,"id":"MA0167.1","alt":"Awh","len":7,"ltrim":0,"rtrim":0,"nsites":40,"url":"http://jaspar2018.genereg.net/matrix/MA0167.1","pwm":[[0.0754758,0.399587,0.00058404,0.524354],[0.0256005,0.00058404,0.00058404,0.973231],[0.823605,0.00058404,0.175148,0.000662843],[0.998169,0.00058404,0.00058404,0.000662843],[0.000662843,0.00058404,0.0255217,0.973231],[0.000662843,0.00058404,0.200085,0.798668],[0.848543,0.00058404,0.100335,0.0505382]]},{"db":2,"id":"MA0181.1","alt":"Vsx1","len":7,"ltrim":0,"rtrim":0,"nsites":22,"url":"http://jaspar2018.genereg.net/matrix/MA0181.1","pwm":[[0.046452,0.36305,0.0463091,0.54419],[0.00120271,0.00105973,0.00105973,0.996678],[0.996678,0.00105973,0.00105973,0.00120271],[0.996678,0.00105973,0.00105973,0.00120271],[0.00120271,0.00105973,0.00105973,0.996678],[0.0917004,0.00105973,0.136807,0.770433],[0.679936,0.00105973,0.272553,0.046452]]},{"db":2,"id":"MA0182.1","alt":"CG4328-RA","len":7,"ltrim":0,"rtrim":0,"nsites":30,"url":"http://jaspar2018.genereg.net/matrix/MA0182.1","pwm":[[0.399554,0.0672236,0.100446,0.432776],[0.233441,0.0340003,0.000778073,0.73178],[0.432776,0.000778073,0.000778073,0.565667],[0.997561,0.000778073,0.000778073,0.000883056],[0.000883056,0.000778073,0.000778073,0.997561],[0.000883056,0.000778073,0.200114,0.798225],[0.499222,0.000778073,0.499117,0.000883056]]},{"db":2,"id":"MA0185.1","alt":"Deaf1","len":6,"ltrim":0,"rtrim":1,"nsites":10,"url":"http://jaspar2018.genereg.net/matrix/MA0185.1","pwm":[[0.00263168,0.299349,0.00231881,0.695701],[0.00263168,0.00231881,0.00231881,0.992731],[0.00263168,0.992418,0.00231881,0.00263168],[0.00263168,0.00231881,0.992418,0.00263168],[0.00263168,0.00231881,0.497368,0.497681],[0.101642,0.299349,0.398358,0.200651]]},{"db":2,"id":"MA0187.1","alt":"Dll","len":7,"ltrim":0,"rtrim":0,"nsites":23,"url":"http://jaspar2018.genereg.net/matrix/MA0187.1","pwm":[[0.0444404,0.00101385,0.00101385,0.953532],[0.953532,0.00101385,0.0443036,0.00115065],[0.996822,0.00101385,0.00101385,0.00115065],[0.00115065,0.00101385,0.00101385,0.996822],[0.131021,0.00101385,0.130884,0.737081],[0.434051,0.00101385,0.390624,0.174311],[0.0444404,0.520494,0.174174,0.260891]]},{"db":2,"id":"MA0190.1","alt":"Gsc","len":6,"ltrim":0,"rtrim":0,"nsites":22,"url":"http://jaspar2018.genereg.net/matrix/MA0190.1","pwm":[[0.00120271,0.00105973,0.00105973,0.996678],[0.996678,0.00105973,0.00105973,0.00120271],[0.996678,0.00105973,0.00105973,0.00120271],[0.00120271,0.00105973,0.00105973,0.996678],[0.00120271,0.996535,0.00105973,0.00120271],[0.00120271,0.634544,0.0915574,0.272696]]},{"db":2,"id":"MA0193.1","alt":"schlank","len":7,"ltrim":0,"rtrim":0,"nsites":19,"url":"http://jaspar2018.genereg.net/matrix/MA0193.1","pwm":[[0.00139162,0.995991,0.00122618,0.00139162],[0.00139162,0.47243,0.00122618,0.524952],[0.891444,0.105938,0.00122618,0.00139162],[0.0537481,0.943634,0.00122618,0.00139162],[0.00139162,0.629498,0.00122618,0.367884],[0.9438,0.00122618,0.0535826,0.00139162],[0.629664,0.00122618,0.21065,0.15846]]},{"db":2,"id":"MA0195.1","alt":"Lim3","len":7,"ltrim":1,"rtrim":0,"nsites":20,"url":"http://jaspar2018.genereg.net/matrix/MA0195.1","pwm":[[0.150576,0.349424,0.100668,0.399332],[0.200327,0.00116517,0.00116517,0.797342],[0.797342,0.00116517,0.150419,0.0510736],[0.996347,0.00116517,0.00116517,0.00132239],[0.00132239,0.00116517,0.00116517,0.996347],[0.00132239,0.100668,0.20017,0.69784],[0.797342,0.00116517,0.20017,0.00132239]]},{"db":2,"id":"MA0198.1","alt":"OdsH","len":7,"ltrim":0,"rtrim":0,"nsites":22,"url":"http://jaspar2018.genereg.net/matrix/MA0198.1","pwm":[[0.00120271,0.498797,0.182055,0.317945],[0.00120271,0.00105973,0.00105973,0.996678],[0.996678,0.00105973,0.00105973,0.00120271],[0.996678,0.00105973,0.00105973,0.00120271],[0.00120271,0.00105973,0.00105973,0.996678],[0.00120271,0.00105973,0.00105973,0.996678],[0.589438,0.00105973,0.36305,0.046452]]},{"db":2,"id":"MA0200.1","alt":"Pph13","len":7,"ltrim":1,"rtrim":0,"nsites":21,"url":"http://jaspar2018.genereg.net/matrix/MA0200.1","pwm":[[0.28562,0.380256,0.14329,0.190833],[0.00125972,0.00110995,0.00110995,0.99652],[0.99652,0.00110995,0.00110995,0.00125972],[0.99652,0.00110995,0.00110995,0.00125972],[0.00125972,0.00110995,0.00110995,0.99652],[0.00125972,0.0485033,0.00110995,0.949127],[0.617374,0.0485033,0.28547,0.048653]]},{"db":2,"id":"MA0201.1","alt":"Ptx1","len":7,"ltrim":0,"rtrim":0,"nsites":20,"url":"http://jaspar2018.genereg.net/matrix/MA0201.1","pwm":[[0.00132239,0.249921,0.0509164,0.69784],[0.00132239,0.00116517,0.00116517,0.996347],[0.996347,0.00116517,0.00116517,0.00132239],[0.996347,0.00116517,0.00116517,0.00132239],[0.00132239,0.00116517,0.00116517,0.996347],[0.00132239,0.99619,0.00116517,0.00132239],[0.00132239,0.946439,0.00116517,0.0510736]]},{"db":2,"id":"MA0204.1","alt":"Six4","len":6,"ltrim":0,"rtrim":0,"nsites":20,"url":"http://jaspar2018.genereg.net/matrix/MA0204.1","pwm":[[0.00132239,0.00116517,0.00116517,0.996347],[0.00132239,0.00116517,0.99619,0.00132239],[0.996347,0.00116517,0.00116517,0.00132239],[0.00132239,0.349424,0.20017,0.449084],[0.996347,0.00116517,0.00116517,0.00132239],[0.0510736,0.946439,0.00116517,0.00132239]]},{"db":2,"id":"MA0205.1","alt":"Trl","len":10,"ltrim":0,"rtrim":1,"nsites":71,"url":"http://jaspar2018.genereg.net/matrix/MA0205.1","pwm":[[0.0566326,0.309753,0.126912,0.506703],[0.084762,0.323818,0.155041,0.43638],[0.16915,0.0847175,0.42227,0.323862],[0.00037384,0.90047,0.042524,0.0566326],[0.0425684,0.000329395,0.197235,0.759867],[0.014439,0.984858,0.000329395,0.00037384],[0.183215,0.000329395,0.0284588,0.787997],[0.0706978,0.759823,0.0987827,0.0706978],[0.0988272,0.183171,0.155041,0.562961],[0.126957,0.464465,0.140976,0.267603]]},{"db":2,"id":"MA0212.1","alt":"bcd","len":6,"ltrim":0,"rtrim":0,"nsites":22,"url":"http://jaspar2018.genereg.net/matrix/MA0212.1","pwm":[[0.00120271,0.00105973,0.00105973,0.996678],[0.90618,0.00105973,0.00105973,0.0917004],[0.996678,0.00105973,0.00105973,0.00120271],[0.00120271,0.00105973,0.0463091,0.951429],[0.00120271,0.996535,0.00105973,0.00120271],[0.00120271,0.951286,0.00105973,0.046452]]},{"db":2,"id":"MA0213.1","alt":"brk","len":8,"ltrim":0,"rtrim":0,"nsites":10,"url":"http://jaspar2018.genereg.net/matrix/MA0213.1","pwm":[[0.101642,0.497368,0.398358,0.00263168],[0.00263168,0.398358,0.00231881,0.596691],[0.00263168,0.00231881,0.992418,0.00263168],[0.00263168,0.00231881,0.992418,0.00263168],[0.00263168,0.992418,0.00231881,0.00263168],[0.101642,0.00231881,0.893408,0.00263168],[0.101642,0.794398,0.00231881,0.101642],[0.00263168,0.497368,0.101329,0.398671]]},{"db":2,"id":"MA0218.1","alt":"ct","len":6,"ltrim":0,"rtrim":0,"nsites":20,"url":"http://jaspar2018.genereg.net/matrix/MA0218.1","pwm":[[0.00132239,0.299673,0.00116517,0.69784],[0.0510736,0.100668,0.00116517,0.847094],[0.449084,0.00116517,0.548429,0.00132239],[0.996347,0.00116517,0.00116517,0.00132239],[0.847094,0.00116517,0.0509164,0.100825],[0.00132239,0.946439,0.0509164,0.00132239]]},{"db":2,"id":"MA0234.1","alt":"oc","len":6,"ltrim":0,"rtrim":0,"nsites":19,"url":"http://jaspar2018.genereg.net/matrix/MA0234.1","pwm":[[0.00139162,0.00122618,0.00122618,0.996156],[0.996156,0.00122618,0.00122618,0.00139162],[0.996156,0.00122618,0.00122618,0.00139162],[0.00139162,0.00122618,0.105938,0.891444],[0.00139162,0.995991,0.00122618,0.00139162],[0.00139162,0.891279,0.0535826,0.0537481]]},{"db":2,"id":"MA0236.1","alt":"otp","len":7,"ltrim":0,"rtrim":0,"nsites":20,"url":"http://jaspar2018.genereg.net/matrix/MA0236.1","pwm":[[0.0510736,0.299673,0.100668,0.548586],[0.00132239,0.0509164,0.00116517,0.946596],[0.996347,0.00116517,0.00116517,0.00132239],[0.996347,0.00116517,0.00116517,0.00132239],[0.00132239,0.00116517,0.00116517,0.996347],[0.00132239,0.0509164,0.20017,0.747591],[0.747591,0.00116517,0.150419,0.100825]]},{"db":2,"id":"MA0260.1","alt":"che-1","len":6,"ltrim":0,"rtrim":0,"nsites":37,"url":"http://jaspar2018.genereg.net/matrix/MA0260.1","pwm":[[0.000716442,0.000631267,0.997936,0.000716442],[0.998021,0.000631267,0.000631267,0.000716442],[0.998021,0.000631267,0.000631267,0.000716442],[0.512846,0.000631267,0.485806,0.000716442],[0.000716442,0.997936,0.000631267,0.000716442],[0.000716442,0.70144,0.297127,0.000716442]]},{"db":2,"id":"MA0267.1","alt":"ACE2","len":7,"ltrim":0,"rtrim":1,"nsites":99,"url":"http://jaspar2018.genereg.net/matrix/MA0267.1","pwm":[[0.454355,0.282779,0.212143,0.0507223],[0.0102581,0.919308,0.0601758,0.0102581],[0.000268214,0.999227,0.000236327,0.000268214],[0.89936,0.100135,0.000236327,0.000268214],[0.000268214,0.000236327,0.999227,0.000268214],[0.000268214,0.999227,0.000236327,0.000268214],[0.489774,0.200035,0.170065,0.140127]]},{"db":2,"id":"MA0273.1","alt":"ARO80","len":21,"ltrim":0,"rtrim":6,"nsites":998,"url":"http://jaspar2018.genereg.net/matrix/MA0273.1","pwm":[[0.10222,0.155319,0.532034,0.210427],[0.330655,0.193391,0.301596,0.174358],[0.126267,0.232465,0.317627,0.323641],[0.407393,0.253251,0.203206,0.136149],[0.390769,0.193391,0.229459,0.186381],[0.310617,0.198401,0.135281,0.355702],[0.0831013,0.154162,0.336326,0.42641],[0.0400626,0.744694,0.0300505,0.185193],[0.00504113,0.231695,0.00804666,0.755217],[0.00503613,0.988902,0.00102536,0.00503613],[0.00102753,0.0220433,0.975902,0.00102753],[0.00102853,0.00503296,0.991908,0.00203043],[0.0150551,0.359706,0.295585,0.329653],[0.671302,0.00403106,0.00603486,0.318632],[0.690648,0.0680846,0.0600774,0.181189],[0.105226,0.222446,0.372731,0.299596],[0.269269,0.119131,0.193197,0.418403],[0.353698,0.210423,0.205414,0.230465],[0.257258,0.217219,0.178184,0.347339],[0.236476,0.103219,0.349687,0.310617],[0.278556,0.252503,0.170347,0.298594]]},{"db":2,"id":"MA0275.1","alt":"ASG1","len":6,"ltrim":0,"rtrim":0,"nsites":100,"url":"http://jaspar2018.genereg.net/matrix/MA0275.1","pwm":[[0.000265534,0.759475,0.000233966,0.240026],[0.000265534,0.999235,0.000233966,0.000265534],[0.000265534,0.000233966,0.999235,0.000265534],[0.000265534,0.000233966,0.999235,0.000265534],[0.726812,0.111234,0.161689,0.000265534],[0.529736,0.000233966,0.000233966,0.469796]]},{"db":2,"id":"MA0283.1","alt":"CHA4","len":8,"ltrim":0,"rtrim":0,"nsites":100,"url":"http://jaspar2018.genereg.net/matrix/MA0283.1","pwm":[[0.220046,0.050184,0.679555,0.0502156],[0.000265534,0.000233966,0.999235,0.000265534],[0.000265534,0.999235,0.000233966,0.000265534],[0.000265534,0.000233966,0.999235,0.000265534],[0.000265534,0.000233966,0.999235,0.000265534],[0.716721,0.000233966,0.282779,0.000265534],[0.220046,0.010224,0.759475,0.0102555],[0.484629,0.101143,0.101143,0.313084]]},{"db":2,"id":"MA0285.1","alt":"CRZ1","len":9,"ltrim":3,"rtrim":0,"nsites":100,"url":"http://jaspar2018.genereg.net/matrix/MA0285.1","pwm":[[0.200066,0.479754,0.180054,0.140126],[0.282811,0.222234,0.171779,0.323175],[0.369896,0.299934,0.220014,0.110156],[0.623404,0.356314,0.0101251,0.0101566],[0.000265534,0.000233966,0.999235,0.000265534],[0.000265534,0.999235,0.000233966,0.000265534],[0.000265534,0.999235,0.000233966,0.000265534],[0.419846,0.299934,0.070164,0.210056],[0.0709019,0.767144,0.0809612,0.0809928]]},{"db":2,"id":"MA0292.1","alt":"ECM22","len":7,"ltrim":1,"rtrim":0,"nsites":99,"url":"http://jaspar2018.genereg.net/matrix/MA0292.1","pwm":[[0.282811,0.363505,0.070872,0.282811],[0.14154,0.070872,0.070872,0.716717],[0.000268214,0.999227,0.000236327,0.000268214],[0.000268214,0.999227,0.000236327,0.000268214],[0.000268214,0.140095,0.859369,0.000268214],[0.000268214,0.000236327,0.859369,0.140127],[0.92933,0.000236327,0.0701657,0.000268214]]},{"db":2,"id":"MA0293.1","alt":"ECM23","len":11,"ltrim":2,"rtrim":3,"nsites":100,"url":"http://jaspar2018.genereg.net/matrix/MA0293.1","pwm":[[0.309956,0.249984,0.230004,0.210056],[0.329936,0.249984,0.220014,0.200066],[0.719546,0.110124,0.100134,0.0701956],[0.100166,0.020214,0.859375,0.0202456],[0.999267,0.000233966,0.000233966,0.000265534],[0.0302356,0.000233966,0.000233966,0.969297],[0.0101566,0.890433,0.0299073,0.0695033],[0.140126,0.190044,0.140094,0.529736],[0.299966,0.230004,0.210024,0.260006],[0.316781,0.247512,0.247512,0.188197],[0.302993,0.262598,0.222234,0.212175]]},{"db":2,"id":"MA0301.1","alt":"GAT3","len":9,"ltrim":0,"rtrim":3,"nsites":100,"url":"http://jaspar2018.genereg.net/matrix/MA0301.1","pwm":[[0.649616,0.0901441,0.200034,0.0602056],[0.0809928,0.0204158,0.888235,0.0103564],[0.919346,0.000233966,0.000233966,0.0801856],[0.120146,0.000233966,0.010224,0.869396],[0.0302356,0.939295,0.010224,0.0202456],[0.0602056,0.269964,0.040194,0.629636],[0.509756,0.190044,0.180054,0.120146],[0.282811,0.333234,0.212143,0.171811],[0.323175,0.252507,0.212143,0.212175]]},{"db":2,"id":"MA0302.1","alt":"GAT4","len":11,"ltrim":2,"rtrim":3,"nsites":101,"url":"http://jaspar2018.genereg.net/matrix/MA0302.1","pwm":[[0.356346,0.207947,0.237621,0.198087],[0.30689,0.257403,0.178273,0.257434],[0.799472,0.0401921,0.120113,0.0402233],[0.0305359,0.000231652,0.96897,0.000262908],[0.979294,0.000231652,0.000231652,0.0202431],[0.000262908,0.000231652,0.000231652,0.999274],[0.000262908,0.999243,0.000231652,0.000262908],[0.0502135,0.279955,0.030202,0.63963],[0.399867,0.200034,0.230004,0.170095],[0.282811,0.262598,0.232325,0.222265],[0.333266,0.242416,0.212143,0.212174]]},{"db":2,"id":"MA0305.1","alt":"GCR2","len":7,"ltrim":0,"rtrim":0,"nsites":231,"url":"http://jaspar2018.genereg.net/matrix/MA0305.1","pwm":[[0.14291,0.142897,0.644844,0.069349],[0.000115015,0.999669,0.000101341,0.000115015],[0.067159,0.000101341,0.0061967,0.926543],[0.000115015,0.000101341,0.000101341,0.999682],[0.000115015,0.969831,0.000101341,0.0299531],[0.000115015,0.995966,0.00380374,0.000115015],[0.333304,0.284131,0.0328742,0.349691]]},{"db":2,"id":"MA0307.1","alt":"GLN3","len":5,"ltrim":0,"rtrim":0,"nsites":100,"url":"http://jaspar2018.genereg.net/matrix/MA0307.1","pwm":[[0.000265534,0.000233966,0.999235,0.000265534],[0.999267,0.000233966,0.000233966,0.000265534],[0.000265534,0.000233966,0.000233966,0.999267],[0.739526,0.000233966,0.000233966,0.260006],[0.609656,0.000233966,0.269964,0.120146]]},{"db":2,"id":"MA0311.1","alt":"HAL9","len":5,"ltrim":0,"rtrim":0,"nsites":99,"url":"http://jaspar2018.genereg.net/matrix/MA0311.1","pwm":[[0.000268214,0.999227,0.000236327,0.000268214],[0.000268214,0.000236327,0.999227,0.000268214],[0.000268214,0.000236327,0.999227,0.000268214],[0.999259,0.000236327,0.000236327,0.000268214],[0.625899,0.000236327,0.373596,0.000268214]]},{"db":2,"id":"MA0317.1","alt":"HCM1","len":8,"ltrim":0,"rtrim":0,"nsites":100,"url":"http://jaspar2018.genereg.net/matrix/MA0317.1","pwm":[[0.509756,0.160074,0.249984,0.0801856],[0.269996,0.080154,0.040194,0.609656],[0.662969,0.316749,0.0101251,0.0101566],[0.949316,0.050184,0.000233966,0.000265534],[0.999267,0.000233966,0.000233966,0.000265534],[0.0102555,0.859375,0.000233966,0.130136],[0.93992,0.0200162,0.0200162,0.0200478],[0.575448,0.171779,0.111234,0.141538]]},{"db":2,"id":"MA0333.1","alt":"MET31","len":9,"ltrim":2,"rtrim":0,"nsites":101,"url":"http://jaspar2018.genereg.net/matrix/MA0333.1","pwm":[[0.376129,0.0991437,0.376098,0.148631],[0.204143,0.285663,0.306051,0.204143],[0.13874,0.138709,0.178273,0.544278],[0.000262908,0.000231652,0.999243,0.000262908],[0.000262908,0.000231652,0.000231652,0.999274],[0.000262908,0.000231652,0.999243,0.000262908],[0.000262908,0.000231652,0.999243,0.000262908],[0.000262908,0.999243,0.000231652,0.000262908],[0.101173,0.000231652,0.696512,0.202083]]},{"db":2,"id":"MA0337.1","alt":"MIG1","len":7,"ltrim":1,"rtrim":0,"nsites":100,"url":"http://jaspar2018.genereg.net/matrix/MA0337.1","pwm":[[0.319946,0.349884,0.150084,0.180086],[0.0102555,0.969265,0.010224,0.0102555],[0.000265534,0.999235,0.000233966,0.000265534],[0.000265534,0.999235,0.000233966,0.000265534],[0.000265534,0.999235,0.000233966,0.000265534],[0.459806,0.030204,0.499734,0.0102555],[0.0507201,0.575417,0.302961,0.0709019]]},{"db":2,"id":"MA0339.1","alt":"MIG3","len":7,"ltrim":0,"rtrim":1,"nsites":101,"url":"http://jaspar2018.genereg.net/matrix/MA0339.1","pwm":[[0.0101541,0.969569,0.0101229,0.0101541],[0.000262908,0.939302,0.000231652,0.0602036],[0.000262908,0.999243,0.000231652,0.000262908],[0.000262908,0.999243,0.000231652,0.000262908],[0.413994,0.0204137,0.555238,0.0103539],[0.0502135,0.689549,0.170064,0.0901739],[0.409857,0.220014,0.230004,0.140124]]},{"db":2,"id":"MA0346.1","alt":"NHP6B","len":20,"ltrim":2,"rtrim":3,"nsites":999,"url":"http://jaspar2018.genereg.net/matrix/MA0346.1","pwm":[[0.18219,0.304297,0.0991125,0.414399],[0.217222,0.225226,0.216218,0.341333],[0.135419,0.108338,0.107335,0.648909],[0.37712,0.208629,0.0772477,0.337004],[0.195398,0.316625,0.111234,0.376743],[0.15432,0.317627,0.143296,0.384758],[0.393775,0.0691545,0.0260728,0.510997],[0.579708,0.0892825,0.0511713,0.279839],[0.169179,0.0650819,0.0160378,0.749702],[0.808563,0.0320842,0.0671507,0.0922014],[0.0922014,0.0671507,0.0320842,0.808563],[0.749702,0.0160378,0.0650819,0.169179],[0.279839,0.0511713,0.0892825,0.579708],[0.510997,0.0260728,0.0691545,0.393775],[0.461904,0.0962058,0.121253,0.320636],[0.372734,0.106225,0.111234,0.409806],[0.465912,0.084183,0.336663,0.113241],[0.202411,0.160328,0.302598,0.334662],[0.287573,0.120251,0.339668,0.252506],[0.287573,0.257513,0.252503,0.202411]]},{"db":2,"id":"MA0349.1","alt":"OPI1","len":7,"ltrim":1,"rtrim":1,"nsites":219,"url":"http://jaspar2018.genereg.net/matrix/MA0349.1","pwm":[[0.155301,0.497597,0.1918,0.155301],[0.000121314,0.000106892,0.99965,0.000121314],[0.987765,0.0120065,0.000106892,0.000121314],[0.999665,0.000106892,0.000106892,0.000121314],[0.000121314,0.99965,0.000106892,0.000121314],[0.000121314,0.99965,0.000106892,0.000121314],[0.271886,0.267266,0.405452,0.0553961]]},{"db":2,"id":"MA0355.1","alt":"PHD1","len":10,"ltrim":1,"rtrim":3,"nsites":100,"url":"http://jaspar2018.genereg.net/matrix/MA0355.1","pwm":[[0.359906,0.269964,0.190044,0.180086],[0.0910837,0.434143,0.393779,0.0809928],[0.373629,0.444234,0.151598,0.0305383],[0.000265534,0.101143,0.000233966,0.898357],[0.000265534,0.000233966,0.999235,0.000265534],[0.000265534,0.989245,0.000233966,0.0102555],[0.909356,0.010224,0.070164,0.0102555],[0.0801856,0.220014,0.359874,0.339926],[0.220046,0.419814,0.220014,0.140126],[0.319946,0.279954,0.210024,0.190076]]},{"db":2,"id":"MA0358.1","alt":"PUT3","len":8,"ltrim":0,"rtrim":2,"nsites":99,"url":"http://jaspar2018.genereg.net/matrix/MA0358.1","pwm":[[0.0910855,0.726775,0.0910536,0.0910855],[0.020248,0.899328,0.0202161,0.0602077],[0.000268214,0.999227,0.000236327,0.000268214],[0.000268214,0.000236327,0.999227,0.000268214],[0.000268214,0.000236327,0.999227,0.000268214],[0.000268214,0.000236327,0.999227,0.000268214],[0.5146,0.148601,0.188165,0.148633],[0.455255,0.128819,0.168383,0.247543]]},{"db":2,"id":"MA0362.1","alt":"RDS2","len":7,"ltrim":1,"rtrim":0,"nsites":99,"url":"http://jaspar2018.genereg.net/matrix/MA0362.1","pwm":[[0.343356,0.393778,0.181871,0.0809947],[0.000268214,0.000236327,0.000236327,0.999259],[0.000268214,0.999227,0.000236327,0.000268214],[0.000268214,0.000236327,0.999227,0.000268214],[0.000268214,0.000236327,0.999227,0.000268214],[0.120147,0.0102262,0.859369,0.0102581],[0.168415,0.0694734,0.692606,0.0695053]]},{"db":2,"id":"MA0367.1","alt":"RGT1","len":11,"ltrim":2,"rtrim":1,"nsites":100,"url":"http://jaspar2018.genereg.net/matrix/MA0367.1","pwm":[[0.419846,0.130104,0.230004,0.220046],[0.339926,0.100134,0.339894,0.220046],[0.369896,0.000233966,0.000233966,0.629636],[0.21787,0.0200162,0.000233966,0.76188],[0.269996,0.150084,0.170064,0.409856],[0.299966,0.180054,0.040194,0.479786],[0.000265534,0.120114,0.000233966,0.879386],[0.000265534,0.999235,0.000233966,0.000265534],[0.000265534,0.999235,0.000233966,0.000265534],[0.03983,0.000233966,0.880542,0.0793944],[0.319946,0.130104,0.329904,0.220046]]},{"db":2,"id":"MA0373.1","alt":"RPN4","len":7,"ltrim":0,"rtrim":0,"nsites":99,"url":"http://jaspar2018.genereg.net/matrix/MA0373.1","pwm":[[0.232357,0.000236327,0.676321,0.0910855],[0.000268214,0.000236327,0.999227,0.000268214],[0.000268214,0.000236327,0.120115,0.87938],[0.000268214,0.000236327,0.999227,0.000268214],[0.000268214,0.000236327,0.999227,0.000268214],[0.000268214,0.999227,0.000236327,0.000268214],[0.130137,0.000236327,0.869358,0.000268214]]},{"db":2,"id":"MA0385.1","alt":"SOK2","len":11,"ltrim":2,"rtrim":2,"nsites":101,"url":"http://jaspar2018.genereg.net/matrix/MA0385.1","pwm":[[0.494823,0.188165,0.158491,0.158522],[0.150115,0.489747,0.180054,0.180085],[0.409857,0.469767,0.0901426,0.0302332],[0.0402233,0.0102218,0.0401921,0.909363],[0.0402233,0.0102218,0.939302,0.010253],[0.0402233,0.909332,0.0102218,0.0402233],[0.969303,0.0102218,0.0102218,0.010253],[0.0502135,0.0501822,0.499737,0.399867],[0.170095,0.210024,0.519717,0.100164],[0.279986,0.319915,0.220014,0.180085],[0.302993,0.232325,0.232325,0.232356]]},{"db":2,"id":"MA0389.1","alt":"SRD1","len":8,"ltrim":0,"rtrim":2,"nsites":100,"url":"http://jaspar2018.genereg.net/matrix/MA0389.1","pwm":[[0.659606,0.0901441,0.190044,0.0602056],[0.0602056,0.020214,0.899335,0.0202456],[0.969297,0.000233966,0.000233966,0.0302356],[0.130136,0.000233966,0.020214,0.849416],[0.000265534,0.999235,0.000233966,0.000265534],[0.0402256,0.190044,0.030204,0.739526],[0.459806,0.299934,0.130104,0.110156],[0.240026,0.419814,0.180054,0.160106]]},{"db":2,"id":"MA0398.1","alt":"SUM1","len":9,"ltrim":1,"rtrim":0,"nsites":100,"url":"http://jaspar2018.genereg.net/matrix/MA0398.1","pwm":[[0.499766,0.140094,0.140094,0.220046],[0.519746,0.080154,0.080154,0.319946],[0.619646,0.020214,0.020214,0.339926],[0.999267,0.000233966,0.000233966,0.000265534],[0.000265534,0.000233966,0.000233966,0.999267],[0.0801856,0.000233966,0.000233966,0.919346],[0.240026,0.000233966,0.000233966,0.759506],[0.282811,0.0506885,0.0506885,0.615812],[0.150116,0.150084,0.110124,0.589676]]},{"db":2,"id":"MA0402.1","alt":"SWI5","len":8,"ltrim":0,"rtrim":1,"nsites":101,"url":"http://jaspar2018.genereg.net/matrix/MA0402.1","pwm":[[0.0793926,0.0793613,0.227729,0.613517],[0.000262908,0.000231652,0.999243,0.000262908],[0.000262908,0.999243,0.000231652,0.000262908],[0.000262908,0.000231652,0.000231652,0.999274],[0.000262908,0.000231652,0.999243,0.000262908],[0.000262908,0.000231652,0.999243,0.000262908],[0.0402233,0.0401921,0.269965,0.64962],[0.250016,0.249984,0.100133,0.399867]]},{"db":2,"id":"MA0428.1","alt":"YKL222C","len":9,"ltrim":1,"rtrim":0,"nsites":101,"url":"http://jaspar2018.genereg.net/matrix/MA0428.1","pwm":[[0.475041,0.227729,0.1486,0.148631],[0.68958,0.100133,0.190044,0.0202431],[0.000262908,0.999243,0.000231652,0.000262908],[0.000262908,0.000231652,0.999243,0.000262908],[0.000262908,0.000231652,0.999243,0.000262908],[0.919353,0.000231652,0.0801525,0.000262908],[0.519749,0.0202119,0.439796,0.0202431],[0.64962,0.0601723,0.0601723,0.230035],[0.101173,0.101142,0.101142,0.696544]]},{"db":2,"id":"MA0433.1","alt":"YOX1","len":8,"ltrim":0,"rtrim":0,"nsites":99,"url":"http://jaspar2018.genereg.net/matrix/MA0433.1","pwm":[[0.010359,0.252507,0.070872,0.666262],[0.000268214,0.000236327,0.000236327,0.999259],[0.999259,0.000236327,0.000236327,0.000268214],[0.999259,0.000236327,0.000236327,0.000268214],[0.000268214,0.000236327,0.000236327,0.999259],[0.000268214,0.000236327,0.000236327,0.999259],[0.61351,0.0299094,0.148601,0.207979],[0.545173,0.131417,0.131417,0.191994]]},{"db":2,"id":"MA0437.1","alt":"YPR196W","len":9,"ltrim":0,"rtrim":0,"nsites":100,"url":"http://jaspar2018.genereg.net/matrix/MA0437.1","pwm":[[0.609656,0.000233966,0.259974,0.130136],[0.319946,0.000233966,0.000233966,0.679586],[0.170096,0.000233966,0.000233966,0.829436],[0.242447,0.0405976,0.0204158,0.696539],[0.170096,0.439794,0.110124,0.279986],[0.120146,0.319914,0.070164,0.489776],[0.000265534,0.929305,0.070164,0.000265534],[0.000265534,0.999235,0.000233966,0.0002