<!DOCTYPE HTML>
<html>
  <head>
    <meta charset="UTF-8">
    <title>SpaMo - Spaced Motif Analysis</title>
    <script type="text/javascript">
      //@JSON_VAR data
      var data = {"program":"SpaMo","version":"4.12.0","revision":"aacc9c3eb8c7b460b344d5c8aa1458097dae704d","release":"Tue Jun 27 16:22:50 2017 -0700","host":"Sudins-iMac.local","when":"Thu May 24 13:19:08 2018","cmd":["spamo","-verbosity","1","-oc","results/AHRpeaks_noAHREs.bed-499.fa/jaspar/spamo_out_6","-bgfile","results/AHRpeaks_noAHREs.bed-499.fa/jaspar/background","-primary","AAAAKYAGAAYYACTGATRAGGGTCTATGT","results/AHRpeaks_noAHREs.bed-499.fa/jaspar/AHRpeaks_noAHREs.bed-499.fa","results/AHRpeaks_noAHREs.bed-499.fa/jaspar/meme_out/meme.xml","results/AHRpeaks_noAHREs.bed-499.fa/jaspar/meme_out/meme.xml","results/AHRpeaks_noAHREs.bed-499.fa/jaspar/dreme_out/dreme.xml","/Users/filipov4/meme/db/motif_databases/JASPAR/JASPAR2018_CORE_non-redundant.meme"],"options":{"seq_min_hit_score":7,"margin":150,"bin_size":1,"bin_pvalue_calc_range":150,"use_best_secondary":0,"seq_max_shared_fract":0.5,"seq_odds_ratio":20,"bin_pvalue_cutoff":0.05,"motif_evalue_cutoff":10,"redundant_overlap":2,"redundant_joint":0.5,"motif_pseudocount":0.1,"bgfile":"results/AHRpeaks_noAHREs.bed-499.fa/jaspar/background","motif_trim":0.25,"xalph":0,"seed":1,"bin_max":6},"alphabet":{"name":"DNA","like":"dna","ncore":4,"symbols":[{"symbol":"A","name":"Adenine","colour":"CC0000","complement":"T"},{"symbol":"C","name":"Cytosine","colour":"0000CC","complement":"G"},{"symbol":"G","name":"Guanine","colour":"FFB300","complement":"C"},{"symbol":"T","aliases":"U","name":"Thymine","colour":"008000","complement":"A"},{"symbol":"N","aliases":"X.","name":"Any base","equals":"ACGT"},{"symbol":"V","name":"Not T","equals":"ACG"},{"symbol":"H","name":"Not G","equals":"ACT"},{"symbol":"D","name":"Not C","equals":"AGT"},{"symbol":"B","name":"Not A","equals":"CGT"},{"symbol":"M","name":"Amino","equals":"AC"},{"symbol":"R","name":"Purine","equals":"AG"},{"symbol":"W","name":"Weak","equals":"AT"},{"symbol":"S","name":"Strong","equals":"CG"},{"symbol":"Y","name":"Pyrimidine","equals":"CT"},{"symbol":"K","name":"Keto","equals":"GT"}]},"background":[0.2918,0.2082,0.2082,0.2918],"sequence_dbs":[{"source":"results/AHRpeaks_noAHREs.bed-499.fa/jaspar/AHRpeaks_noAHREs.bed-499.fa","name":"AHRpeaks_noAHREs.bed-499","last_modified":"Thu May 24 11:14:35 2018","loaded":959,"excluded_too_short":0,"excluded_no_match":949,"excluded_ambigs":0,"excluded_similar":3,"erased_primary_matches":1}],"primary_dbs":[{"source":"results/AHRpeaks_noAHREs.bed-499.fa/jaspar/meme_out/meme.xml","name":"meme.xml","last_modified":"Thu May 24 13:16:56 2018","loaded":6,"excluded":5}],"secondary_dbs":[{"source":"results/AHRpeaks_noAHREs.bed-499.fa/jaspar/meme_out/meme.xml","name":"meme.xml","last_modified":"Thu May 24 13:16:56 2018","loaded":7,"excluded":1},{"source":"results/AHRpeaks_noAHREs.bed-499.fa/jaspar/dreme_out/dreme.xml","name":"dreme.xml","last_modified":"Thu May 24 13:17:23 2018","loaded":4,"excluded":0},{"source":"/Users/filipov4/meme/db/motif_databases/JASPAR/JASPAR2018_CORE_non-redundant.meme","name":"JASPAR2018_CORE_non-redundant","last_modified":"Thu Dec  7 14:38:42 2017","loaded":1404,"excluded":0}],"secondary_motifs":[{"db":0,"id":"AGRAAACAGGGTTYRAGAGCAGAGAACCRG","alt":"MEME-5","len":30,"ltrim":0,"rtrim":0,"nsites":6,"evalue":"2.4e-019","pwm":[[0.824455,0.167348,0.00341312,0.0047836],[0.168718,0.00341312,0.823085,0.0047836],[0.496587,0.00341312,0.495216,0.0047836],[0.98839,0.00341312,0.00341312,0.0047836],[0.98839,0.00341312,0.00341312,0.0047836],[0.98839,0.00341312,0.00341312,0.0047836],[0.168718,0.659151,0.00341312,0.168718],[0.824455,0.167348,0.00341312,0.0047836],[0.168718,0.00341312,0.823085,0.0047836],[0.168718,0.00341312,0.823085,0.0047836],[0.0047836,0.00341312,0.98702,0.0047836],[0.0047836,0.00341312,0.00341312,0.98839],[0.0047836,0.00341312,0.00341312,0.98839],[0.0047836,0.659151,0.00341312,0.332652],[0.496587,0.00341312,0.495216,0.0047836],[0.98839,0.00341312,0.00341312,0.0047836],[0.0047836,0.00341312,0.98702,0.0047836],[0.98839,0.00341312,0.00341312,0.0047836],[0.0047836,0.00341312,0.98702,0.0047836],[0.0047836,0.98702,0.00341312,0.0047836],[0.98839,0.00341312,0.00341312,0.0047836],[0.0047836,0.00341312,0.98702,0.0047836],[0.98839,0.00341312,0.00341312,0.0047836],[0.0047836,0.00341312,0.98702,0.0047836],[0.98839,0.00341312,0.00341312,0.0047836],[0.98839,0.00341312,0.00341312,0.0047836],[0.0047836,0.98702,0.00341312,0.0047836],[0.0047836,0.823085,0.00341312,0.168718],[0.660522,0.00341312,0.331282,0.0047836],[0.0047836,0.00341312,0.98702,0.0047836]]},{"db":0,"id":"TGCAYGTATTGTCTTGATAAACATCTTAAA","alt":"MEME-2","len":30,"ltrim":0,"rtrim":0,"nsites":7,"evalue":"3.6e-032","pwm":[[0.00410986,0.0029324,0.0029324,0.990025],[0.00410986,0.0029324,0.988848,0.00410986],[0.00410986,0.988848,0.0029324,0.00410986],[0.990025,0.0029324,0.0029324,0.00410986],[0.00410986,0.566313,0.143777,0.2858],[0.2858,0.0029324,0.707158,0.00410986],[0.00410986,0.143777,0.0029324,0.84918],[0.990025,0.0029324,0.0029324,0.00410986],[0.00410986,0.143777,0.0029324,0.84918],[0.00410986,0.0029324,0.0029324,0.990025],[0.00410986,0.0029324,0.988848,0.00410986],[0.00410986,0.0029324,0.0029324,0.990025],[0.00410986,0.988848,0.0029324,0.00410986],[0.00410986,0.0029324,0.0029324,0.990025],[0.00410986,0.0029324,0.0029324,0.990025],[0.00410986,0.0029324,0.988848,0.00410986],[0.990025,0.0029324,0.0029324,0.00410986],[0.00410986,0.0029324,0.0029324,0.990025],[0.990025,0.0029324,0.0029324,0.00410986],[0.990025,0.0029324,0.0029324,0.00410986],[0.990025,0.0029324,0.0029324,0.00410986],[0.00410986,0.988848,0.0029324,0.00410986],[0.84918,0.0029324,0.143777,0.00410986],[0.00410986,0.0029324,0.0029324,0.990025],[0.00410986,0.988848,0.0029324,0.00410986],[0.00410986,0.0029324,0.0029324,0.990025],[0.00410986,0.0029324,0.0029324,0.990025],[0.990025,0.0029324,0.0029324,0.00410986],[0.990025,0.0029324,0.0029324,0.00410986],[0.708335,0.284622,0.0029324,0.00410986]]},{"db":1,"id":"RYAAAYA","alt":"DREME-1","len":7,"ltrim":0,"rtrim":0,"nsites":482,"evalue":"7.7e-026","pwm":[[0.535219,4.31861e-05,0.464677,6.05268e-05],[6.05268e-05,0.502014,4.31861e-05,0.497882],[0.999853,4.31861e-05,4.31861e-05,6.05268e-05],[0.999853,4.31861e-05,4.31861e-05,6.05268e-05],[0.999853,4.31861e-05,4.31861e-05,6.05268e-05],[6.05268e-05,0.56839,4.31861e-05,0.431506],[0.999853,4.31861e-05,4.31861e-05,6.05268e-05]]},{"db":2,"id":"MA0030.1","alt":"FOXF2","len":14,"ltrim":0,"rtrim":1,"nsites":27,"url":"http://jaspar2018.genereg.net/matrix/MA0030.1","pwm":[[0.0379771,0.369772,0.259071,0.33318],[0.37008,0.259071,0.18527,0.185578],[0.628383,0.14837,0.0745689,0.148678],[0.46365,0.17868,0.17868,0.178989],[0.136938,0.498923,0.363062,0.00107675],[0.259379,0.000768266,0.738776,0.00107675],[0.00107675,0.000768266,0.000768266,0.997387],[0.997387,0.000768266,0.000768266,0.00107675],[0.997387,0.000768266,0.000768266,0.00107675],[0.997387,0.000768266,0.000768266,0.00107675],[0.00107675,0.923278,0.000768266,0.0748774],[0.997387,0.000768266,0.000768266,0.00107675],[0.591483,0.14837,0.0745689,0.185578],[0.259379,0.14837,0.22217,0.37008]]},{"db":2,"id":"MA0031.1","alt":"FOXD1","len":8,"ltrim":0,"rtrim":1,"nsites":20,"url":"http://jaspar2018.genereg.net/matrix/MA0031.1","pwm":[[0.051203,0.0507871,0.846807,0.051203],[0.00145174,0.00103582,0.00103582,0.996477],[0.946725,0.0507871,0.00103582,0.00145174],[0.996477,0.00103582,0.00103582,0.00145174],[0.896974,0.0507871,0.0507871,0.00145174],[0.051203,0.896558,0.00103582,0.051203],[0.996477,0.00103582,0.00103582,0.00145174],[0.34971,0.100538,0.15029,0.399462]]},{"db":2,"id":"MA0032.2","alt":"FOXC1","len":11,"ltrim":0,"rtrim":0,"nsites":19566,"url":"http://jaspar2018.genereg.net/matrix/MA0032.2","pwm":[[0.329756,0.0394569,0.015538,0.615249],[0.695237,0.0353359,0.202155,0.0672731],[0.344387,0.0876136,0.105678,0.462323],[0.257364,0.017801,0.722131,0.00270348],[0.108395,0.0717427,0.016938,0.802924],[0.706923,0.289518,0.00113306,0.00242648],[0.991151,0.00579103,1.06409e-06,0.00305748],[0.983558,0.00298005,0.00750203,0.00595946],[0.00649846,0.467699,0.00878802,0.517014],[0.966338,0.00141206,0.0226319,0.00961844],[0.31682,0.0736507,0.0523318,0.557199]]},{"db":2,"id":"MA0033.2","alt":"FOXL1","len":7,"ltrim":0,"rtrim":0,"nsites":4933,"url":"http://jaspar2018.genereg.net/matrix/MA0033.2","pwm":[[0.426107,0.00263917,0.542868,0.0283853],[0.00192688,0.0799106,4.22047e-06,0.918158],[0.874645,0.114915,0.010434,5.91514e-06],[0.98902,0.00786706,4.22047e-06,0.00310985],[0.973113,0.0166979,0.010183,5.91514e-06],[5.91514e-06,0.778858,4.22047e-06,0.221131],[0.98535,0.011136,4.22047e-06,0.00350984]]},{"db":2,"id":"MA0034.1","alt":"Gam1","len":10,"ltrim":2,"rtrim":0,"nsites":25,"url":"http://jaspar2018.genereg.net/matrix/MA0034.1","pwm":[[0.160525,0.239873,0.439076,0.160525],[0.399569,0.200033,0.279714,0.120684],[0.120684,0.518758,0.000829483,0.359728],[0.917497,0.0406701,0.0406701,0.00116255],[0.997178,0.000829483,0.000829483,0.00116255],[0.0410032,0.957005,0.000829483,0.00116255],[0.120684,0.558598,0.239873,0.0808438],[0.240206,0.000829483,0.757802,0.00116255],[0.399569,0.439076,0.000829483,0.160525],[0.200366,0.757802,0.0406701,0.00116255]]},{"db":2,"id":"MA0037.3","alt":"GATA3","len":8,"ltrim":0,"rtrim":1,"nsites":1000,"url":"http://jaspar2018.genereg.net/matrix/MA0037.3","pwm":[[0.501979,0.225998,0.00102072,0.271002],[2.91771e-05,2.08179e-05,0.999921,2.91771e-05],[0.999929,2.08179e-05,2.08179e-05,2.91771e-05],[2.91771e-05,2.08179e-05,2.08179e-05,0.999929],[0.914853,0.00202262,2.08179e-05,0.0831039],[0.861943,0.0150193,0.0760132,0.0470245],[0.114018,0.300991,0.475973,0.109018],[0.422987,0.188002,0.320989,0.0680224]]},{"db":2,"id":"MA0042.2","alt":"FOXI1","len":7,"ltrim":0,"rtrim":0,"nsites":5832,"url":"http://jaspar2018.genereg.net/matrix/MA0042.2","pwm":[[0.10597,0.00669046,0.887334,5.00334e-06],[0.0138518,0.0112314,0.00655246,0.968364],[0.899677,0.093882,0.00643646,5.00334e-06],[0.995563,0.00442849,3.5699e-06,5.00334e-06],[0.977694,0.0043485,0.00548248,0.0124738],[0.0253676,0.836015,0.00775744,0.130859],[0.992889,0.00230553,0.00480049,5.00334e-06]]},{"db":2,"id":"MA0047.2","alt":"Foxa2","len":12,"ltrim":0,"rtrim":1,"nsites":808,"url":"http://jaspar2018.genereg.net/matrix/MA0047.2","pwm":[[0.00127396,0.00126361,0.00126361,0.9962],[0.273179,0.00373331,0.719344,0.00374365],[0.00127196,0.00126161,0.00126161,0.996205],[0.00127196,0.00373331,0.0445193,0.950474],[0.00126896,0.00125861,0.215782,0.78169],[0.908566,0.00496315,0.0827315,0.00373965],[0.0025048,0.894977,0.00249446,0.100024],[0.417784,0.095193,0.00373331,0.483289],[0.0618335,0.32755,0.0717099,0.538906],[0.516701,0.00745984,0.0297621,0.446078],[0.162547,0.0657746,0.597967,0.173712],[0.160664,0.242835,0.361127,0.235374]]},{"db":2,"id":"MA0057.1","alt":"MZF1(var.2)","len":10,"ltrim":1,"rtrim":1,"nsites":16,"url":"http://jaspar2018.genereg.net/matrix/MA0057.1","pwm":[[0.0639242,0.24974,0.436076,0.25026],[0.126036,0.00129317,0.436076,0.436595],[0.933489,0.063405,0.00129317,0.00181242],[0.00181242,0.00129317,0.684523,0.312371],[0.00181242,0.00129317,0.93297,0.0639242],[0.00181242,0.125517,0.870858,0.00181242],[0.00181242,0.00129317,0.870858,0.126036],[0.188148,0.063405,0.498188,0.25026],[0.62293,0.00129317,0.24974,0.126036],[0.498707,0.125517,0.24974,0.126036]]},{"db":2,"id":"MA0078.1","alt":"Sox17","len":9,"ltrim":2,"rtrim":0,"nsites":31,"url":"http://jaspar2018.genereg.net/matrix/MA0078.1","pwm":[[0.226018,0.290059,0.193595,0.290328],[0.258173,0.257905,0.129287,0.354636],[0.0974011,0.579447,0.0328237,0.290328],[0.965569,0.000669454,0.000669454,0.0330925],[0.000938263,0.0328237,0.000669454,0.965569],[0.000938263,0.000669454,0.000669454,0.997723],[0.000938263,0.000669454,0.997454,0.000938263],[0.000938263,0.000669454,0.064978,0.933414],[0.000938263,0.547293,0.322213,0.129555]]},{"db":2,"id":"MA0084.1","alt":"SRY","len":9,"ltrim":2,"rtrim":0,"nsites":28,"url":"http://jaspar2018.genereg.net/matrix/MA0084.1","pwm":[[0.178974,0.178676,0.356613,0.285736],[0.285736,0.107503,0.14309,0.463672],[0.534846,0.000740926,0.107503,0.35691],[0.641608,0.107503,0.107503,0.143387],[0.890718,0.000740926,0.000740926,0.1078],[0.00103843,0.926007,0.000740926,0.0722132],[0.99748,0.000740926,0.000740926,0.00103843],[0.961893,0.000740926,0.0363278,0.00103843],[0.250149,0.000740926,0.0719157,0.677195]]},{"db":2,"id":"MA0101.1","alt":"REL","len":10,"ltrim":0,"rtrim":0,"nsites":17,"url":"http://jaspar2018.genereg.net/matrix/MA0101.1","pwm":[[0.00170643,0.293616,0.469054,0.235624],[0.00170643,0.0596975,0.878411,0.0601864],[0.0601864,0.00121754,0.878411,0.0601864],[0.294104,0.0596975,0.527534,0.118665],[0.352583,0.293616,0.176657,0.177145],[0.294104,0.0596975,0.0596975,0.586501],[0.0601864,0.00121754,0.00121754,0.937378],[0.118665,0.00121754,0.00121754,0.878899],[0.00170643,0.878411,0.00121754,0.118665],[0.0601864,0.93689,0.00121754,0.00170643]]},{"db":2,"id":"MA0109.1","alt":"HLTF","len":10,"ltrim":2,"rtrim":2,"nsites":51,"url":"http://jaspar2018.genereg.net/matrix/MA0109.1","pwm":[[0.313682,0.196102,0.235241,0.254974],[0.377191,0.226379,0.0945628,0.301867],[0.440387,0.558635,0.000407437,0.000571037],[0.000571037,0.99845,0.000407437,0.000571037],[0.423471,0.000407437,0.000407437,0.575714],[0.000571037,0.000407437,0.000407437,0.998614],[0.406555,0.0849876,0.203399,0.305059],[0.000571037,0.000407437,0.372559,0.626463],[0.294113,0.27438,0.27438,0.157127],[0.24499,0.244826,0.20409,0.306094]]},{"db":2,"id":"MA0128.1","alt":"EmBP-1","len":8,"ltrim":0,"rtrim":0,"nsites":13,"url":"http://jaspar2018.genereg.net/matrix/MA0128.1","pwm":[[0.689251,0.00158931,0.00158931,0.307571],[0.0785633,0.535941,0.306933,0.0785633],[0.994594,0.00158931,0.00158931,0.00222748],[0.00222748,0.91762,0.00158931,0.0785633],[0.00222748,0.00158931,0.993956,0.00222748],[0.00222748,0.00158931,0.00158931,0.994594],[0.00222748,0.0779251,0.91762,0.00222748],[0.00222748,0.0779251,0.91762,0.00222748]]},{"db":2,"id":"MA0140.2","alt":"GATA1::TAL1","len":18,"ltrim":1,"rtrim":0,"nsites":4955,"url":"http://jaspar2018.genereg.net/matrix/MA0140.2","pwm":[[0.224824,0.411298,0.195156,0.16872],[0.041579,0.162867,0.0320926,0.763461],[0.0641826,4.20173e-06,4.20173e-06,0.935809],[0.999986,4.20173e-06,4.20173e-06,5.88888e-06],[5.88888e-06,4.20173e-06,4.20173e-06,0.999986],[5.88888e-06,0.999984,4.20173e-06,5.88888e-06],[0.41352,0.0127179,0.011104,0.562659],[0.132798,0.268617,0.446816,0.151769],[0.194351,0.245004,0.251059,0.309586],[0.240364,0.227447,0.306759,0.22543],[0.358828,0.228052,0.199798,0.213322],[0.209487,0.249646,0.345507,0.19536],[0.272856,0.230474,0.295861,0.200809],[0.380422,0.208476,0.16549,0.245611],[0.278708,0.249646,0.380219,0.091427],[0.0222054,0.973143,0.00464611,5.88888e-06],[0.940249,4.20173e-06,4.20173e-06,0.0597427],[0.0322962,0.179618,0.715227,0.0728604]]},{"db":2,"id":"MA0143.3","alt":"Sox2","len":8,"ltrim":0,"rtrim":0,"nsites":1476,"url":"http://jaspar2018.genereg.net/matrix/MA0143.3","pwm":[[1.97683e-05,0.999946,1.41047e-05,1.97683e-05],[1.97683e-05,0.999946,1.41047e-05,1.97683e-05],[0.453241,1.41047e-05,1.41047e-05,0.546731],[1.97683e-05,1.41047e-05,1.41047e-05,0.999952],[1.97683e-05,1.41047e-05,1.41047e-05,0.999952],[1.97683e-05,1.41047e-05,0.999946,1.97683e-05],[1.97683e-05,1.41047e-05,1.41047e-05,0.999952],[1.97683e-05,0.28387,0.20122,0.51489]]},{"db":2,"id":"MA0145.3","alt":"TFCP2","len":10,"ltrim":0,"rtrim":0,"nsites":576,"url":"http://jaspar2018.genereg.net/matrix/MA0145.3","pwm":[[0.58849,0.105921,0.223955,0.0816335],[0.902563,0.0094535,0.0377066,0.0502769],[0.836877,0.00294663,0.0116791,0.148497],[0.00178035,0.994673,0.00349554,5.06509e-05],[0.00719241,0.821323,0.00146489,0.170021],[0.180691,0.00423741,0.805218,0.00985295],[0.00175635,0.0153915,0.981095,0.00175635],[0.236556,0.0438335,3.61396e-05,0.719576],[0.0656603,0.0856133,0.0285622,0.820165],[0.166979,0.340847,0.0539398,0.438236]]},{"db":2,"id":"MA0152.1","alt":"NFATC2","len":7,"ltrim":0,"rtrim":0,"nsites":26,"url":"http://jaspar2018.genereg.net/matrix/MA0152.1","pwm":[[0.116061,0.0391123,0.077426,0.767402],[0.0394326,0.077426,0.077426,0.805715],[0.0394326,0.0391123,0.000797702,0.920658],[0.00111801,0.000797702,0.000797702,0.997287],[0.0394326,0.958652,0.000797702,0.00111801],[0.00111801,0.996966,0.000797702,0.00111801],[0.690773,0.115741,0.0391123,0.154375]]},{"db":2,"id":"MA0157.2","alt":"FOXO3","len":8,"ltrim":0,"rtrim":0,"nsites":553,"url":"http://jaspar2018.genereg.net/matrix/MA0157.2","pwm":[[0.0380209,3.76424e-05,0.961889,5.27572e-05],[5.27572e-05,3.76424e-05,0.0238863,0.976023],[0.960168,0.0289134,0.00906101,0.00185743],[0.997996,0.0019133,3.76424e-05,5.27572e-05],[0.981425,0.0184843,3.76424e-05,5.27572e-05],[0.0273208,0.967136,3.76424e-05,0.00550677],[0.979618,0.020292,3.76424e-05,5.27572e-05],[0.546506,0.0207239,0.0620954,0.370676]]},{"db":2,"id":"MA0170.1","alt":"C15","len":7,"ltrim":0,"rtrim":0,"nsites":19,"url":"http://jaspar2018.genereg.net/matrix/MA0170.1","pwm":[[0.0538842,0.0534465,0.00109005,0.89158],[0.00152775,0.00109005,0.00109005,0.996292],[0.89158,0.00109005,0.00109005,0.10624],[0.996292,0.00109005,0.00109005,0.00152775],[0.315663,0.105802,0.00109005,0.577444],[0.00152775,0.158158,0.315226,0.525088],[0.525088,0.00109005,0.472294,0.00152775]]},{"db":2,"id":"MA0174.1","alt":"Dbx","len":7,"ltrim":0,"rtrim":0,"nsites":16,"url":"http://jaspar2018.genereg.net/matrix/MA0174.1","pwm":[[0.126036,0.00129317,0.00129317,0.871378],[0.126036,0.00129317,0.00129317,0.871378],[0.374483,0.00129317,0.125517,0.498707],[0.995601,0.00129317,0.00129317,0.00181242],[0.00181242,0.00129317,0.00129317,0.995601],[0.00181242,0.125517,0.373964,0.498707],[0.809266,0.00129317,0.187629,0.00181242]]},{"db":2,"id":"MA0199.1","alt":"Optix","len":5,"ltrim":0,"rtrim":0,"nsites":27,"url":"http://jaspar2018.genereg.net/matrix/MA0199.1","pwm":[[0.00107675,0.18527,0.000768266,0.812885],[0.00107675,0.000768266,0.997078,0.00107675],[0.997387,0.000768266,0.000768266,0.00107675],[0.00107675,0.000768266,0.000768266,0.997387],[0.960486,0.000768266,0.0376686,0.00107675]]},{"db":2,"id":"MA0205.1","alt":"Trl","len":10,"ltrim":0,"rtrim":1,"nsites":71,"url":"http://jaspar2018.genereg.net/matrix/MA0205.1","pwm":[[0.0566692,0.309716,0.126876,0.506739],[0.0847986,0.323781,0.155005,0.436416],[0.169187,0.084681,0.422234,0.323899],[0.000410408,0.900433,0.0424874,0.0566692],[0.042605,0.000292827,0.197198,0.759904],[0.0144756,0.984821,0.000292827,0.000410408],[0.183252,0.000292827,0.0284222,0.788033],[0.0707344,0.759786,0.0987462,0.0707344],[0.0988637,0.183134,0.155005,0.562998],[0.126993,0.464428,0.14094,0.26764]]},{"db":2,"id":"MA0210.1","alt":"ara","len":5,"ltrim":0,"rtrim":0,"nsites":34,"url":"http://jaspar2018.genereg.net/matrix/MA0210.1","pwm":[[0.411413,0.000610558,0.147238,0.440738],[0.675343,0.000610558,0.000610558,0.323436],[0.997923,0.000610558,0.000610558,0.000855718],[0.000855718,0.997678,0.000610558,0.000855718],[0.997923,0.000610558,0.000610558,0.000855718]]},{"db":2,"id":"MA0218.1","alt":"ct","len":6,"ltrim":0,"rtrim":0,"nsites":20,"url":"http://jaspar2018.genereg.net/matrix/MA0218.1","pwm":[[0.00145174,0.299543,0.00103582,0.697969],[0.051203,0.100538,0.00103582,0.847223],[0.449213,0.00103582,0.5483,0.00145174],[0.996477,0.00103582,0.00103582,0.00145174],[0.847223,0.00103582,0.0507871,0.100954],[0.00145174,0.946309,0.0507871,0.00145174]]},{"db":2,"id":"MA0233.1","alt":"mirr","len":5,"ltrim":0,"rtrim":0,"nsites":41,"url":"http://jaspar2018.genereg.net/matrix/MA0233.1","pwm":[[0.487328,0.0248372,0.0248372,0.462997],[0.706306,0.00050657,0.0491679,0.244019],[0.998277,0.00050657,0.00050657,0.000709975],[0.000709975,0.998073,0.00050657,0.000709975],[0.998277,0.00050657,0.00050657,0.000709975]]},{"db":2,"id":"MA0277.1","alt":"AZF1","len":9,"ltrim":0,"rtrim":0,"nsites":102,"url":"http://jaspar2018.genereg.net/matrix/MA0277.1","pwm":[[0.617328,0.12753,0.12753,0.127612],[0.999306,0.000203918,0.000203918,0.000285798],[0.999306,0.000203918,0.000203918,0.000285798],[0.870719,0.128791,0.000203918,0.000285798],[0.749551,0.000203918,0.249959,0.000285798],[0.000285798,0.000203918,0.999224,0.000285798],[0.779522,0.160047,0.0301745,0.0302564],[0.817666,0.0607506,0.0607506,0.0608324],[0.617328,0.12753,0.12753,0.127612]]},{"db":2,"id":"MA0297.1","alt":"FKH2","len":7,"ltrim":0,"rtrim":0,"nsites":101,"url":"http://jaspar2018.genereg.net/matrix/MA0297.1","pwm":[[0.128874,0.000205935,0.870631,0.000288625],[0.000288625,0.000205935,0.000205935,0.9993],[0.9993,0.000205935,0.000205935,0.000288625],[0.9993,0.000205935,0.000205935,0.000288625],[0.9993,0.000205935,0.000205935,0.000288625],[0.000288625,0.999217,0.000205935,0.000288625],[0.9993,0.000205935,0.000205935,0.000288625]]},{"db":2,"id":"MA0307.1","alt":"GLN3","len":5,"ltrim":0,"rtrim":0,"nsites":100,"url":"http://jaspar2018.genereg.net/matrix/MA0307.1","pwm":[[0.000291508,0.000207992,0.999209,0.000291508],[0.999293,0.000207992,0.000207992,0.000291508],[0.000291508,0.000207992,0.000207992,0.999293],[0.739552,0.000207992,0.000207992,0.260032],[0.609682,0.000207992,0.269938,0.120172]]},{"db":2,"id":"MA0317.1","alt":"HCM1","len":8,"ltrim":0,"rtrim":0,"nsites":100,"url":"http://jaspar2018.genereg.net/matrix/MA0317.1","pwm":[[0.509782,0.160048,0.249958,0.0802116],[0.270022,0.0801281,0.040168,0.609682],[0.662995,0.316723,0.0100991,0.0101826],[0.949342,0.050158,0.000207992,0.000291508],[0.999293,0.000207992,0.000207992,0.000291508],[0.0102815,0.859349,0.000207992,0.130162],[0.939946,0.0199902,0.0199902,0.0200737],[0.575474,0.171753,0.111208,0.141564]]},{"db":2,"id":"MA0328.2","alt":"MATALPHA2","len":8,"ltrim":0,"rtrim":0,"nsites":999,"url":"http://jaspar2018.genereg.net/matrix/MA0328.2","pwm":[[2.92063e-05,0.815755,2.08388e-05,0.184195],[0.454984,2.08388e-05,0.534967,0.0100282],[2.92063e-05,0.0620146,2.08388e-05,0.937935],[0.0260526,2.08388e-05,0.973897,2.92063e-05],[2.92063e-05,2.08388e-05,2.08388e-05,0.999929],[0.910849,2.08388e-05,0.00902894,0.0801012],[0.639605,0.0720856,0.0410577,0.247251],[0.394384,0.028046,2.08388e-05,0.577549]]},{"db":2,"id":"MA0355.1","alt":"PHD1","len":10,"ltrim":1,"rtrim":3,"nsites":100,"url":"http://jaspar2018.genereg.net/matrix/MA0355.1","pwm":[[0.359932,0.269938,0.190018,0.180112],[0.0911097,0.434117,0.393753,0.0810188],[0.373655,0.444208,0.151572,0.0305642],[0.000291508,0.101117,0.000207992,0.898383],[0.000291508,0.000207992,0.999209,0.000291508],[0.000291508,0.989219,0.000207992,0.0102815],[0.909382,0.010198,0.0701381,0.0102815],[0.0802116,0.219988,0.359848,0.339952],[0.220072,0.419788,0.219988,0.140152],[0.319972,0.279928,0.209998,0.190102]]},{"db":2,"id":"MA0366.1","alt":"RGM1","len":5,"ltrim":0,"rtrim":0,"nsites":100,"url":"http://jaspar2018.genereg.net/matrix/MA0366.1","pwm":[[0.999293,0.000207992,0.000207992,0.000291508],[0.000291508,0.000207992,0.999209,0.000291508],[0.000291508,0.000207992,0.999209,0.000291508],[0.000291508,0.000207992,0.999209,0.000291508],[0.110182,0.120088,0.769439,0.000291508]]},{"db":2,"id":"MA0385.1","alt":"SOK2","len":11,"ltrim":2,"rtrim":2,"nsites":101,"url":"http://jaspar2018.genereg.net/matrix/MA0385.1","pwm":[[0.494849,0.188139,0.158465,0.158548],[0.15014,0.489721,0.180028,0.180111],[0.409883,0.469741,0.0901169,0.030259],[0.0402491,0.010196,0.0401664,0.909389],[0.0402491,0.010196,0.939276,0.0102787],[0.0402491,0.909306,0.010196,0.0402491],[0.969329,0.010196,0.010196,0.0102787],[0.0502392,0.0501565,0.499711,0.399893],[0.17012,0.209998,0.519692,0.10019],[0.280012,0.319889,0.219988,0.180111],[0.303019,0.232299,0.232299,0.232382]]},{"db":2,"id":"MA0403.1","alt":"TBF1","len":8,"ltrim":0,"rtrim":1,"nsites":100,"url":"http://jaspar2018.genereg.net/matrix/MA0403.1","pwm":[[0.609682,0.110098,0.120088,0.160132],[0.459832,0.110098,0.349858,0.0802116],[0.148658,0.83106,0.0100991,0.0101826],[0.000291508,0.999209,0.000207992,0.000291508],[0.000291508,0.999209,0.000207992,0.000291508],[0.000291508,0.010198,0.000207992,0.989302],[0.757111,0.0809353,0.111208,0.0507461],[0.376154,0.188139,0.267268,0.16844]]},{"db":2,"id":"MA0414.1","alt":"XBP1","len":7,"ltrim":0,"rtrim":1,"nsites":101,"url":"http://jaspar2018.genereg.net/matrix/MA0414.1","pwm":[[0.118983,0.504656,0.0694444,0.306916],[0.000288625,0.000205935,0.000205935,0.9993],[0.000288625,0.999217,0.000205935,0.000288625],[0.000288625,0.000205935,0.999217,0.000288625],[0.9993,0.000205935,0.000205935,0.000288625],[0.395937,0.0793356,0.494766,0.0299622],[0.31311,0.222208,0.313027,0.151654]]},{"db":2,"id":"MA0417.1","alt":"YAP5","len":6,"ltrim":0,"rtrim":0,"nsites":156,"url":"http://jaspar2018.genereg.net/matrix/MA0417.1","pwm":[[0.781737,0.000133376,0.000133376,0.217996],[0.648986,0.000133376,0.350694,0.000186931],[0.387326,0.000133376,0.612354,0.000186931],[0.000186931,0.939034,0.000133376,0.0606462],[0.999546,0.000133376,0.000133376,0.000186931],[0.121904,0.000133376,0.000133376,0.877829]]},{"db":2,"id":"MA0442.2","alt":"SOX10","len":11,"ltrim":2,"rtrim":2,"nsites":2055,"url":"http://jaspar2018.genereg.net/matrix/MA0442.2","pwm":[[0.332358,0.193188,0.256446,0.218009],[0.351822,0.137716,0.277856,0.232606],[0.544027,0.181023,0.154261,0.120689],[0.984394,0.00195604,0.00147006,0.0121786],[0.00147413,0.967846,0.00536287,0.025317],[0.987314,0.00341597,0.00341597,0.00585291],[0.957632,0.0136345,0.00974166,0.0189913],[0.953253,0.0112016,0.00584885,0.0296968],[0.00487996,0.00633582,0.979037,0.00974573],[0.324086,0.26861,0.301212,0.106092],[0.310461,0.27007,0.24574,0.173729]]},{"db":2,"id":"MA0445.1","alt":"D","len":11,"ltrim":0,"rtrim":0,"nsites":29,"url":"http://jaspar2018.genereg.net/matrix/MA0445.1","pwm":[[0.0353673,0.275629,0.241265,0.447738],[0.00100275,0.859822,0.000715464,0.13846],[0.00100275,0.584908,0.000715464,0.413374],[0.688288,0.000715464,0.000715464,0.310281],[0.00100275,0.000715464,0.000715464,0.997566],[0.00100275,0.000715464,0.103808,0.894474],[0.0697318,0.000715464,0.92855,0.00100275],[0.00100275,0.000715464,0.000715464,0.997566],[0.0353673,0.0694445,0.138172,0.757017],[0.13846,0.344358,0.206901,0.310281],[0.207189,0.03508,0.03508,0.722652]]},{"db":2,"id":"MA0458.1","alt":"slp1","len":11,"ltrim":1,"rtrim":0,"nsites":41,"url":"http://jaspar2018.genereg.net/matrix/MA0458.1","pwm":[[0.195357,0.0734995,0.341139,0.390004],[0.000709975,0.00050657,0.00050657,0.998277],[0.0737029,0.00050657,0.925081,0.000709975],[0.000709975,0.00050657,0.00050657,0.998277],[0.000709975,0.00050657,0.0248372,0.973946],[0.000709975,0.00050657,0.0491679,0.949616],[0.657645,0.00050657,0.0978302,0.244019],[0.0250406,0.535786,0.170823,0.26835],[0.414335,0.195154,0.36547,0.0250406],[0.0980336,0.316808,0.0734995,0.511659],[0.365674,0.0734995,0.0978302,0.462997]]},{"db":2,"id":"MA0480.1","alt":"Foxo1","len":11,"ltrim":1,"rtrim":0,"nsites":2490,"url":"http://jaspar2018.genereg.net/matrix/MA0480.1","pwm":[[0.187956,0.111249,0.191969,0.508826],[0.0510137,0.513643,0.302004,0.133339],[0.0349503,0.564645,0.083941,0.316465],[1.17184e-05,8.36112e-06,8.36112e-06,0.999972],[1.17184e-05,8.36112e-06,0.999968,1.17184e-05],[1.17184e-05,8.36112e-06,8.36112e-06,0.999972],[1.17184e-05,8.36112e-06,8.36112e-06,0.999972],[1.17184e-05,8.36112e-06,0.115265,0.884715],[0.751388,0.0630578,8.36112e-06,0.185546],[1.17184e-05,0.806,8.36112e-06,0.19398],[0.430516,0.230119,0.0285212,0.310842]]},{"db":2,"id":"MA0481.2","alt":"FOXP1","len":12,"ltrim":2,"rtrim":3,"nsites":4266,"url":"http://jaspar2018.genereg.net/matrix/MA0481.2","pwm":[[0.351382,0.212846,0.23277,0.203002],[0.35982,0.0625914,0.225738,0.351851],[0.0696252,0.0117256,0.904344,0.0143055],[0.0318861,0.035635,0.0241483,0.908331],[0.956618,0.0304782,0.00656873,0.00633569],[0.945602,0.0332901,0.00422378,0.0168844],[0.976308,0.00469277,0.0131316,0.0058667],[0.00891463,0.932238,0.00703672,0.0518106],[0.962244,0.0032868,0.00867768,0.0257912],[0.21191,0.159166,0.509135,0.119788],[0.353492,0.202297,0.219175,0.225037],[0.305438,0.220581,0.212377,0.261604]]},{"db":2,"id":"MA0499.1","alt":"Myod1","len":13,"ltrim":2,"rtrim":1,"nsites":24514,"url":"http://jaspar2018.genereg.net/matrix/MA0499.1","pwm":[[0.279922,0.227992,0.204087,0.287999],[0.168966,0.265685,0.448722,0.116628],[1.19033e-06,0.999997,8.49308e-07,1.19033e-06],[0.993429,8.49308e-07,8.49308e-07,0.00656916],[1.19033e-06,0.262014,0.737209,0.000776187],[1.19033e-06,0.999997,8.49308e-07,1.19033e-06],[1.19033e-06,8.49308e-07,8.49308e-07,0.999997],[1.19033e-06,8.49308e-07,0.999997,1.19033e-06],[0.000368189,0.370685,0.0266797,0.602267],[0.000654188,0.44913,0.118504,0.431711],[0.239088,0.30966,0.242514,0.208738],[0.0780379,0.474095,0.176185,0.271681],[0.168435,0.312352,0.180428,0.338786]]},{"db":2,"id":"MA0500.1","alt":"Myog","len":11,"ltrim":0,"rtrim":3,"nsites":19356,"url":"http://jaspar2018.genereg.net/matrix/MA0500.1","pwm":[[0.404938,0.148274,0.446786,1.50753e-06],[0.597849,0.017102,0.385048,1.50753e-06],[1.50753e-06,0.999996,1.07563e-06,1.50753e-06],[0.999996,1.07563e-06,1.07563e-06,1.50753e-06],[1.50753e-06,1.07563e-06,0.999996,1.50753e-06],[0.00346249,0.840098,0.156437,1.50753e-06],[1.50753e-06,1.07563e-06,1.07563e-06,0.999996],[1.50753e-06,1.07563e-06,0.999996,1.50753e-06],[0.146312,0.440379,0.303833,0.109476],[0.276038,0.194462,0.266997,0.262503],[0.210219,0.246435,0.388457,0.154888]]},{"db":2,"id":"MA0514.1","alt":"Sox3","len":10,"ltrim":0,"rtrim":0,"nsites":2067,"url":"http://jaspar2018.genereg.net/matrix/MA0514.1","pwm":[[1.41164e-05,0.719375,0.159654,0.120956],[1.41164e-05,0.750821,1.00721e-05,0.249155],[0.126762,1.00721e-05,1.00721e-05,0.873218],[1.41164e-05,1.00721e-05,1.00721e-05,0.999966],[1.41164e-05,1.00721e-05,1.00721e-05,0.999966],[1.41164e-05,0.0696727,0.930299,1.41164e-05],[1.41164e-05,1.00721e-05,1.00721e-05,0.999966],[1.41164e-05,0.337681,0.122887,0.539417],[0.00920567,0.412665,0.0106526,0.567476],[0.0203321,0.316396,0.18481,0.478462]]},{"db":2,"id":"MA0515.1","alt":"Sox6","len":10,"ltrim":0,"rtrim":0,"nsites":249,"url":"http://jaspar2018.genereg.net/matrix/MA0515.1","pwm":[[0.0161747,0.558092,0.200806,0.224927],[0.000117142,0.887277,8.3581e-05,0.112522],[0.646444,8.3581e-05,8.3581e-05,0.353389],[0.000117142,8.3581e-05,8.3581e-05,0.999716],[0.000117142,8.3581e-05,8.3581e-05,0.999716],[0.000117142,8.3581e-05,0.999682,0.000117142],[0.000117142,8.3581e-05,8.3581e-05,0.999716],[0.000117142,0.461745,0.0201555,0.517981],[0.0161747,0.449702,8.3581e-05,0.53404],[0.0563196,0.305182,0.124532,0.513967]]},{"db":2,"id":"MA0582.1","alt":"RAV1","len":12,"ltrim":2,"rtrim":1,"nsites":49,"url":"http://jaspar2018.genereg.net/matrix/MA0582.1","pwm":[[0.285726,0.346656,0.244823,0.122794],[0.31368,0.215671,0.196103,0.274545],[0.123151,0.245538,0.613208,0.0181026],[0.000594297,0.998387,0.000424033,0.000594297],[0.690363,0.176536,0.132507,0.000594297],[0.897315,0.058277,0.0438135,0.000594297],[0.000594297,0.998387,0.000424033,0.000594297],[0.998558,0.000424033,0.000424033,0.000594297],[0.130764,0.101666,0.463247,0.304322],[0.593587,0.058277,0.058277,0.289859],[0.492345,0.0872039,0.145057,0.275395],[0.391101,0.130593,0.246299,0.232006]]},{"db":2,"id":"MA0593.1","alt":"FOXP2","len":11,"ltrim":1,"rtrim":1,"nsites":766,"url":"http://jaspar2018.genereg.net/matrix/MA0593.1","pwm":[[0.430791,0.147528,0.248037,0.173644],[0.443844,0.00916398,0.185382,0.36161],[0.208888,2.71766e-05,0.791047,3.8089e-05],[0.077051,2.71766e-05,2.71766e-05,0.922895],[0.999908,2.71766e-05,2.71766e-05,3.8089e-05],[0.999908,2.71766e-05,2.71766e-05,3.8089e-05],[0.999908,2.71766e-05,2.71766e-05,3.8089e-05],[3.8089e-05,0.988149,2.71766e-05,0.0117856],[0.999908,2.71766e-05,2.71766e-05,3.8089e-05],[0.387715,0.201045,0.382484,0.0287553],[0.433402,0.161886,0.240205,0.164508]]},{"db":2,"id":"MA0613.1","alt":"FOXG1","len":8,"ltrim":0,"rtrim":0,"nsites":999,"url":"http://jaspar2018.genereg.net/matrix/MA0613.1","pwm":[[0.374366,0.00102174,0.623582,0.00103011],[0.00102911,0.00102074,0.00102074,0.996929],[0.996929,0.00102074,0.00102074,0.00102911],[0.996929,0.00102074,0.00102074,0.00102911],[0.996929,0.00102074,0.00102074,0.00102911],[0.00102911,0.996921,0.00102074,0.00102911],[0.996929,0.00102074,0.00102074,0.00102911],[0.497979,0.167004,0.00202064,0.332996]]},{"db":2,"id":"MA0614.1","alt":"Foxj2","len":8,"ltrim":0,"rtrim":0,"nsites":999,"url":"http://jaspar2018.genereg.net/matrix/MA0614.1","pwm":[[0.461444,2.08388e-05,0.538506,2.92063e-05],[0.0500742,0.0250433,2.08388e-05,0.924862],[0.79495,0.205,2.08388e-05,2.92063e-05],[0.977909,2.08388e-05,2.08388e-05,0.022049],[0.999929,2.08388e-05,2.08388e-05,2.92063e-05],[2.92063e-05,0.953925,2.08388e-05,0.0460246],[0.999929,2.08388e-05,2.08388e-05,2.92063e-05],[0.593564,0.125133,0.125133,0.15617]]},{"db":2,"id":"MA0647.1","alt":"GRHL1","len":12,"ltrim":0,"rtrim":1,"nsites":2491,"url":"http://jaspar2018.genereg.net/matrix/MA0647.1","pwm":[[0.539934,0.189483,0.0991614,0.171422],[0.726858,0.0318131,0.11935,0.12198],[0.933632,0.00113231,0.0419857,0.0232488],[0.985726,0.000404342,0.00277825,0.0110913],[1.17137e-05,0.999968,8.35776e-06,1.17137e-05],[0.118386,0.794807,0.0162807,0.0705259],[0.107974,0.0169187,0.810057,0.0650501],[1.17137e-05,0.000409342,0.999567,1.17137e-05],[0.0295485,0.0015633,0.000785327,0.968104],[0.0451089,0.0660567,0.00426919,0.884564],[0.188697,0.133155,0.0605069,0.617641],[0.274991,0.116022,0.262945,0.346044]]},{"db":2,"id":"MA0738.1","alt":"HIC2","len":9,"ltrim":0,"rtrim":2,"nsites":5652,"url":"http://jaspar2018.genereg.net/matrix/MA0738.1","pwm":[[0.461073,0.0697125,0.404279,0.064937],[5.16268e-06,0.0233663,3.68359e-06,0.976625],[0.0838747,0.0601046,0.830379,0.0256417],[0.00467208,0.992478,0.00284463,5.16268e-06],[0.0807837,0.908252,3.68359e-06,0.010961],[0.299734,0.700257,3.68359e-06,5.16268e-06],[0.509604,0.145136,0.263695,0.0815657],[0.157434,0.449802,0.252913,0.139852],[0.155389,0.354117,0.204662,0.285831]]},{"db":2,"id":"MA0766.1","alt":"GATA5","len":8,"ltrim":0,"rtrim":2,"nsites":5288,"url":"http://jaspar2018.genereg.net/matrix/MA0766.1","pwm":[[0.446101,0.19289,0.0313953,0.329613],[5.51805e-06,3.93715e-06,0.999985,5.51805e-06],[0.997872,3.93715e-06,0.0021189,5.51805e-06],[5.51805e-06,3.93715e-06,3.93715e-06,0.999987],[0.759244,0.0589018,0.00965975,0.172194],[0.719858,0.0640857,0.108638,0.107418],[0.169989,0.300125,0.419241,0.110643],[0.413309,0.18101,0.320049,0.0856339]]},{"db":2,"id":"MA0846.1","alt":"FOXC2","len":12,"ltrim":0,"rtrim":1,"nsites":22189,"url":"http://jaspar2018.genereg.net/matrix/MA0846.1","pwm":[[0.402856,0.0576417,0.0204618,0.51904],[0.698608,0.0564197,0.173935,0.071037],[0.417611,0.128451,0.115628,0.33831],[0.305154,0.0209218,0.667457,0.00646729],[0.075505,0.142082,0.0120889,0.770324],[0.745914,0.246463,0.00317292,0.0044503],[0.974649,0.0163909,0.00385992,0.00509929],[0.970303,0.00498192,0.0132349,0.0114803],[0.00150931,0.70226,0.00330892,0.292921],[0.969476,0.00478792,0.0155459,0.0101913],[0.54822,0.0860516,0.0705076,0.295221],[0.419896,0.117625,0.101165,0.361314]]},{"db":2,"id":"MA0847.1","alt":"FOXD2","len":7,"ltrim":0,"rtrim":0,"nsites":1949,"url":"http://jaspar2018.genereg.net/matrix/MA0847.1","pwm":[[0.310415,0.0272023,0.646975,0.0154072],[0.103953,0.15293,1.06819e-05,0.743107],[0.823087,0.123956,1.06819e-05,0.0529453],[0.943821,0.0298522,0.0101262,0.0162001],[0.981554,1.06819e-05,1.06819e-05,0.018425],[1.4971e-05,0.718559,0.0147939,0.266632],[0.823814,1.06819e-05,0.0984606,0.077715]]},{"db":2,"id":"MA0848.1","alt":"FOXO4","len":7,"ltrim":0,"rtrim":0,"nsites":7060,"url":"http://jaspar2018.genereg.net/matrix/MA0848.1","pwm":[[0.236403,0.00184392,0.761748,4.13308e-06],[0.0583293,0.0116678,0.0207977,0.909205],[0.804,0.188219,0.00478688,0.00299409],[0.966735,0.0262476,0.0034179,0.00359908],[0.981735,2.94897e-06,0.0164317,0.00182911],[0.00902801,0.836773,0.00513788,0.149061],[0.988957,0.00184192,0.00184192,0.00736003]]},{"db":2,"id":"MA0849.1","alt":"FOXO6","len":7,"ltrim":0,"rtrim":0,"nsites":8470,"url":"http://jaspar2018.genereg.net/matrix/MA0849.1","pwm":[[0.170603,2.45806e-06,0.829391,3.44506e-06],[0.0213592,2.45806e-06,0.00444041,0.974198],[0.8589,0.140238,0.000858448,3.44506e-06],[0.969492,0.0269131,2.45806e-06,0.0035914],[0.999992,2.45806e-06,2.45806e-06,3.44506e-06],[3.44506e-06,0.944085,0.00416841,0.0517428],[0.998145,2.45806e-06,0.00184944,3.44506e-06]]},{"db":2,"id":"MA0850.1","alt":"FOXP3","len":7,"ltrim":0,"rtrim":0,"nsites":211,"url":"http://jaspar2018.genereg.net/matrix/MA0850.1","pwm":[[0.350683,9.86263e-05,0.64908,0.000138228],[0.0707758,0.183758,9.86263e-05,0.745368],[0.871626,9.86263e-05,9.86263e-05,0.128177],[0.925139,9.86263e-05,0.0395539,0.0352096],[0.767048,0.0546178,0.178196,0.000138228],[0.000138228,0.747971,0.11352,0.138371],[0.921099,9.86263e-05,0.0786644,0.000138228]]},{"db":2,"id":"MA0851.1","alt":"Foxj3","len":17,"ltrim":5,"rtrim":3,"nsites":100,"url":"http://jaspar2018.genereg.net/matrix/MA0851.1","pwm":[[0.270022,0.259948,0.209998,0.260032],[0.339952,0.130078,0.309898,0.220072],[0.479812,0.190018,0.160048,0.170122],[0.509782,0.130078,0.170038,0.190102],[0.34648,0.128792,0.326615,0.198114],[0.303019,0.0102989,0.686391,0.000291508],[0.0102815,0.020188,0.000207992,0.969322],[0.918565,0.0809353,0.000207992,0.000291508],[0.949837,0.0199902,0.000207992,0.0299648],[0.989302,0.000207992,0.000207992,0.0102815],[0.000291508,0.817573,0.000207992,0.181928],[0.989302,0.000207992,0.000207992,0.0102815],[0.781688,0.0694458,0.0595546,0.0893115],[0.569722,0.0901181,0.0701381,0.270022],[0.220072,0.339868,0.259948,0.180112],[0.270022,0.269938,0.239968,0.220072],[0.242473,0.393753,0.171753,0.192019]]},{"db":2,"id":"MA0852.2","alt":"FOXK1","len":14,"ltrim":3,"rtrim":2,"nsites":1056,"url":"http://jaspar2018.genereg.net/matrix/MA0852.2","pwm":[[0.311551,0.174245,0.244315,0.269888],[0.393929,0.165724,0.255678,0.184669],[0.233907,0.134477,0.257571,0.374045],[0.135432,0.0265322,0.821912,0.0161241],[0.0568402,0.00475427,0.0416828,0.896723],[0.949749,0.0350544,0.00948882,0.00570909],[0.945961,0.0350544,0.0104357,0.00854982],[0.967739,0.0123295,0.00948882,0.0104436],[0.00949673,0.907131,0.0113826,0.0719908],[0.961111,0.0151703,0.0113826,0.0123375],[0.48483,0.188449,0.193183,0.133538],[0.1752,0.190343,0.537848,0.0966095],[0.229173,0.254731,0.34279,0.173306],[0.267994,0.272721,0.255678,0.203606]]},{"db":2,"id":"MA0920.1","alt":"fkh-2","len":8,"ltrim":0,"rtrim":1,"nsites":999,"url":"http://jaspar2018.genereg.net/matrix/MA0920.1","pwm":[[0.416404,2.08388e-05,0.541509,0.042067],[0.0290263,2.08388e-05,2.08388e-05,0.970932],[0.827946,0.172004,2.08388e-05,2.92063e-05],[0.942878,2.08388e-05,2.08388e-05,0.0570805],[0.999929,2.08388e-05,2.08388e-05,2.92063e-05],[0.0570235,0.913929,2.08388e-05,0.0290263],[0.999929,2.08388e-05,2.08388e-05,2.92063e-05],[0.43442,0.217216,0.131139,0.217224]]},{"db":2,"id":"MA0929.1","alt":"NCU00019","len":12,"ltrim":3,"rtrim":2,"nsites":1001,"url":"http://jaspar2018.genereg.net/matrix/MA0929.1","pwm":[[0.325671,0.224773,0.224773,0.224782],[0.224782,0.224773,0.224773,0.325671],[0.319997,0.127008,0.229998,0.322997],[0.149864,0.0549603,0.740207,0.0549687],[0.111018,2.07971e-05,2.07971e-05,0.88894],[0.802949,0.101011,2.07971e-05,0.0960196],[0.999929,2.07971e-05,2.07971e-05,2.91479e-05],[0.898838,2.07971e-05,2.07971e-05,0.10112],[0.0260006,0.520449,0.0259922,0.427558],[0.922015,0.0259922,0.0259922,0.0260006],[0.437985,0.218999,0.124008,0.219007],[0.412575,0.195805,0.195805,0.195814]]},{"db":2,"id":"MA0984.1","alt":"DOF5.7","len":8,"ltrim":1,"rtrim":2,"nsites":999,"url":"http://jaspar2018.genereg.net/matrix/MA0984.1","pwm":[[0.448432,0.0860982,0.224222,0.241246],[0.683961,0.0120196,0.0610147,0.243005],[0.969932,0.00402044,0.0100198,0.0160276],[0.898939,0.00302054,0.0790129,0.0190273],[0.362993,0.0420166,0.588962,0.00602861],[0.484981,0.0610147,0.442976,0.0110281],[0.102019,0.191002,0.459975,0.247004],[0.173838,0.214784,0.407572,0.203805]]},{"db":2,"id":"MA1030.1","alt":"P0510F09.23","len":10,"ltrim":0,"rtrim":3,"nsites":1000,"url":"http://jaspar2018.genereg.net/matrix/MA1030.1","pwm":[[0.415988,0.11301,0.0600148,0.410988],[0.534976,0.0240184,0.368984,0.072022],[0.415988,0.561965,0.00702012,0.0150277],[0.0260266,0.961925,0.00102072,0.0110281],[0.041025