<!DOCTYPE HTML>
<html>
  <head>
    <meta charset="UTF-8">
    <title>SpaMo - Spaced Motif Analysis</title>
    <script type="text/javascript">
      //@JSON_VAR data
      var data = {"program":"SpaMo","version":"4.12.0","revision":"aacc9c3eb8c7b460b344d5c8aa1458097dae704d","release":"Tue Jun 27 16:22:50 2017 -0700","host":"Sudins-iMac.local","when":"Thu May 24 14:31:49 2018","cmd":["spamo","-verbosity","1","-oc","results/AHRpeaks_not-in-DHSs.bed.fa/jaspar/spamo_out_2","-bgfile","results/AHRpeaks_not-in-DHSs.bed.fa/jaspar/background","-primary","AGTTTAATTAAGTCCCAGCTAT","results/AHRpeaks_not-in-DHSs.bed.fa/jaspar/AHRpeaks_not-in-DHSs.bed.fa","results/AHRpeaks_not-in-DHSs.bed.fa/jaspar/meme_out/meme.xml","results/AHRpeaks_not-in-DHSs.bed.fa/jaspar/meme_out/meme.xml","/Users/filipov4/meme/db/motif_databases/JASPAR/JASPAR2018_CORE_non-redundant.meme"],"options":{"seq_min_hit_score":7,"margin":150,"bin_size":1,"bin_pvalue_calc_range":150,"use_best_secondary":0,"seq_max_shared_fract":0.5,"seq_odds_ratio":20,"bin_pvalue_cutoff":0.05,"motif_evalue_cutoff":10,"redundant_overlap":2,"redundant_joint":0.5,"motif_pseudocount":0.1,"bgfile":"results/AHRpeaks_not-in-DHSs.bed.fa/jaspar/background","motif_trim":0.25,"xalph":0,"seed":1,"bin_max":4},"alphabet":{"name":"DNA","like":"dna","ncore":4,"symbols":[{"symbol":"A","name":"Adenine","colour":"CC0000","complement":"T"},{"symbol":"C","name":"Cytosine","colour":"0000CC","complement":"G"},{"symbol":"G","name":"Guanine","colour":"FFB300","complement":"C"},{"symbol":"T","aliases":"U","name":"Thymine","colour":"008000","complement":"A"},{"symbol":"N","aliases":"X.","name":"Any base","equals":"ACGT"},{"symbol":"V","name":"Not T","equals":"ACG"},{"symbol":"H","name":"Not G","equals":"ACT"},{"symbol":"D","name":"Not C","equals":"AGT"},{"symbol":"B","name":"Not A","equals":"CGT"},{"symbol":"M","name":"Amino","equals":"AC"},{"symbol":"R","name":"Purine","equals":"AG"},{"symbol":"W","name":"Weak","equals":"AT"},{"symbol":"S","name":"Strong","equals":"CG"},{"symbol":"Y","name":"Pyrimidine","equals":"CT"},{"symbol":"K","name":"Keto","equals":"GT"}]},"background":[0.2902,0.2098,0.2098,0.2902],"sequence_dbs":[{"source":"results/AHRpeaks_not-in-DHSs.bed.fa/jaspar/AHRpeaks_not-in-DHSs.bed.fa","name":"AHRpeaks_not-in-DHSs.bed","last_modified":"Thu May 24 11:14:28 2018","loaded":61,"excluded_too_short":1,"excluded_no_match":52,"excluded_ambigs":0,"excluded_similar":3,"erased_primary_matches":0}],"primary_dbs":[{"source":"results/AHRpeaks_not-in-DHSs.bed.fa/jaspar/meme_out/meme.xml","name":"meme.xml","last_modified":"Thu May 24 14:31:14 2018","loaded":6,"excluded":5}],"secondary_dbs":[{"source":"results/AHRpeaks_not-in-DHSs.bed.fa/jaspar/meme_out/meme.xml","name":"meme.xml","last_modified":"Thu May 24 14:31:14 2018","loaded":7,"excluded":1},{"source":"/Users/filipov4/meme/db/motif_databases/JASPAR/JASPAR2018_CORE_non-redundant.meme","name":"JASPAR2018_CORE_non-redundant","last_modified":"Thu Dec  7 14:38:42 2017","loaded":1404,"excluded":0}],"secondary_motifs":[{"db":0,"id":"AAGCAAATRCAATARAAACAAASATAA","alt":"MEME-1","len":27,"ltrim":0,"rtrim":0,"nsites":7,"evalue":"4.1e-013","pwm":[[0.849158,0.00295493,0.00295493,0.144932],[0.708313,0.284645,0.00295493,0.00408732],[0.144932,0.00295493,0.707181,0.144932],[0.00408732,0.848025,0.1438,0.00408732],[0.990003,0.00295493,0.00295493,0.00408732],[0.849158,0.00295493,0.1438,0.00408732],[0.849158,0.00295493,0.1438,0.00408732],[0.144932,0.00295493,0.00295493,0.849158],[0.426622,0.00295493,0.42549,0.144932],[0.144932,0.848025,0.00295493,0.00408732],[0.990003,0.00295493,0.00295493,0.00408732],[0.990003,0.00295493,0.00295493,0.00408732],[0.144932,0.00295493,0.00295493,0.849158],[0.849158,0.1438,0.00295493,0.00408732],[0.426622,0.1438,0.284645,0.144932],[0.990003,0.00295493,0.00295493,0.00408732],[0.849158,0.00295493,0.1438,0.00408732],[0.849158,0.00295493,0.1438,0.00408732],[0.00408732,0.848025,0.1438,0.00408732],[0.990003,0.00295493,0.00295493,0.00408732],[0.990003,0.00295493,0.00295493,0.00408732],[0.990003,0.00295493,0.00295493,0.00408732],[0.144932,0.284645,0.566336,0.00408732],[0.990003,0.00295493,0.00295493,0.00408732],[0.285777,0.00295493,0.00295493,0.708313],[0.990003,0.00295493,0.00295493,0.00408732],[0.990003,0.00295493,0.00295493,0.00408732]]},{"db":1,"id":"MA0012.1","alt":"br(var.3)","len":11,"ltrim":0,"rtrim":2,"nsites":12,"url":"http://jaspar2018.genereg.net/matrix/MA0012.1","pwm":[[0.250332,0.0843782,0.0843782,0.58091],[0.7462,0.167023,0.0843782,0.00239835],[0.828844,0.00173389,0.00173389,0.167688],[0.994134,0.00173389,0.00173389,0.00239835],[0.00239835,0.82818,0.0843782,0.0850426],[0.332977,0.00173389,0.00173389,0.663556],[0.828844,0.00173389,0.00173389,0.167688],[0.498266,0.00173389,0.332312,0.167688],[0.498266,0.0843782,0.167023,0.250332],[0.332977,0.249668,0.167023,0.250332],[0.167688,0.249668,0.414957,0.167688]]},{"db":1,"id":"MA0013.1","alt":"br(var.4)","len":11,"ltrim":0,"rtrim":0,"nsites":6,"url":"http://jaspar2018.genereg.net/matrix/MA0013.1","pwm":[[0.168692,0.167374,0.00343935,0.660495],[0.660495,0.00343935,0.00343935,0.332626],[0.332626,0.00343935,0.659177,0.00475737],[0.168692,0.00343935,0.00343935,0.824429],[0.824429,0.00343935,0.167374,0.00475737],[0.988364,0.00343935,0.00343935,0.00475737],[0.824429,0.00343935,0.167374,0.00475737],[0.168692,0.495243,0.167374,0.168692],[0.496561,0.00343935,0.167374,0.332626],[0.824429,0.00343935,0.00343935,0.168692],[0.496561,0.167374,0.00343935,0.332626]]},{"db":1,"id":"MA0020.1","alt":"Dof2","len":6,"ltrim":0,"rtrim":1,"nsites":21,"url":"http://jaspar2018.genereg.net/matrix/MA0020.1","pwm":[[0.996636,0.000994314,0.000994314,0.00137535],[0.996636,0.000994314,0.000994314,0.00137535],[0.996636,0.000994314,0.000994314,0.00137535],[0.00137535,0.000994314,0.996255,0.00137535],[0.143555,0.664502,0.0957809,0.096162],[0.333129,0.285354,0.143174,0.238342]]},{"db":1,"id":"MA0021.1","alt":"Dof3","len":6,"ltrim":0,"rtrim":0,"nsites":21,"url":"http://jaspar2018.genereg.net/matrix/MA0021.1","pwm":[[0.996636,0.000994314,0.000994314,0.00137535],[0.996636,0.000994314,0.000994314,0.00137535],[0.996636,0.000994314,0.000994314,0.00137535],[0.00137535,0.000994314,0.996255,0.00137535],[0.00137535,0.474927,0.143174,0.380522],[0.285735,0.285354,0.427534,0.00137535]]},{"db":1,"id":"MA0030.1","alt":"FOXF2","len":14,"ltrim":0,"rtrim":1,"nsites":27,"url":"http://jaspar2018.genereg.net/matrix/MA0030.1","pwm":[[0.0379712,0.369777,0.259076,0.333174],[0.370074,0.259076,0.185276,0.185573],[0.628377,0.148375,0.0745748,0.148672],[0.463644,0.178686,0.178686,0.178983],[0.136932,0.498929,0.363068,0.00107085],[0.259373,0.00077417,0.738782,0.00107085],[0.00107085,0.00077417,0.00077417,0.997381],[0.997381,0.00077417,0.00077417,0.00107085],[0.997381,0.00077417,0.00077417,0.00107085],[0.997381,0.00077417,0.00077417,0.00107085],[0.00107085,0.923283,0.00077417,0.0748715],[0.997381,0.00077417,0.00077417,0.00107085],[0.591477,0.148375,0.0745748,0.185573],[0.259373,0.148375,0.222176,0.370074]]},{"db":1,"id":"MA0031.1","alt":"FOXD1","len":8,"ltrim":0,"rtrim":1,"nsites":20,"url":"http://jaspar2018.genereg.net/matrix/MA0031.1","pwm":[[0.051195,0.050795,0.846815,0.051195],[0.00144378,0.00104378,0.00104378,0.996469],[0.946717,0.050795,0.00104378,0.00144378],[0.996469,0.00104378,0.00104378,0.00144378],[0.896966,0.050795,0.050795,0.00144378],[0.051195,0.896566,0.00104378,0.051195],[0.996469,0.00104378,0.00104378,0.00144378],[0.349702,0.100546,0.150298,0.399454]]},{"db":1,"id":"MA0032.2","alt":"FOXC1","len":11,"ltrim":0,"rtrim":0,"nsites":19566,"url":"http://jaspar2018.genereg.net/matrix/MA0032.2","pwm":[[0.329756,0.0394569,0.015538,0.615249],[0.695237,0.0353359,0.202155,0.0672731],[0.344387,0.0876136,0.105678,0.462323],[0.257364,0.017801,0.722131,0.00270347],[0.108395,0.0717427,0.016938,0.802924],[0.706923,0.289518,0.00113307,0.00242647],[0.991151,0.00579104,1.07226e-06,0.00305747],[0.983558,0.00298006,0.00750203,0.00595945],[0.00649845,0.467699,0.00878803,0.517014],[0.966338,0.00141207,0.022632,0.00961843],[0.31682,0.0736507,0.0523318,0.557199]]},{"db":1,"id":"MA0033.2","alt":"FOXL1","len":7,"ltrim":0,"rtrim":0,"nsites":4933,"url":"http://jaspar2018.genereg.net/matrix/MA0033.2","pwm":[[0.426107,0.0026392,0.542868,0.0283853],[0.00192684,0.0799106,4.25291e-06,0.918158],[0.874645,0.114915,0.010434,5.88271e-06],[0.98902,0.00786709,4.25291e-06,0.00310982],[0.973113,0.0166979,0.010183,5.88271e-06],[5.88271e-06,0.778858,4.25291e-06,0.221131],[0.98535,0.011136,4.25291e-06,0.00350981]]},{"db":1,"id":"MA0034.1","alt":"Gam1","len":10,"ltrim":2,"rtrim":0,"nsites":25,"url":"http://jaspar2018.genereg.net/matrix/MA0034.1","pwm":[[0.160519,0.23988,0.439083,0.160519],[0.399563,0.200039,0.27972,0.120678],[0.120678,0.518764,0.000835857,0.359722],[0.917491,0.0406765,0.0406765,0.00115617],[0.997172,0.000835857,0.000835857,0.00115617],[0.0409968,0.957011,0.000835857,0.00115617],[0.120678,0.558605,0.23988,0.0808374],[0.2402,0.000835857,0.757808,0.00115617],[0.399563,0.439083,0.000835857,0.160519],[0.200359,0.757808,0.0406765,0.00115617]]},{"db":1,"id":"MA0041.1","alt":"Foxd3","len":12,"ltrim":0,"rtrim":0,"nsites":47,"url":"http://jaspar2018.genereg.net/matrix/MA0041.1","pwm":[[0.234162,0.0641399,0.552462,0.149236],[0.637559,0.0429081,0.000445436,0.319088],[0.51017,0.0216773,0.000445436,0.467707],[0.021848,0.0853707,0.000445436,0.892336],[0.255393,0.000445436,0.722314,0.021848],[0.000616136,0.000445436,0.000445436,0.998493],[0.021848,0.000445436,0.000445436,0.977261],[0.106773,0.000445436,0.21276,0.680022],[0.297856,0.000445436,0.446306,0.255393],[0.128005,0.149065,0.000445436,0.722484],[0.021848,0.0429081,0.0853707,0.849873],[0.000616136,0.255222,0.000445436,0.743716]]},{"db":1,"id":"MA0042.2","alt":"FOXI1","len":7,"ltrim":0,"rtrim":0,"nsites":5832,"url":"http://jaspar2018.genereg.net/matrix/MA0042.2","pwm":[[0.10597,0.00669048,0.887334,4.97591e-06],[0.0138517,0.0112314,0.00655249,0.968364],[0.899677,0.093882,0.00643649,4.97591e-06],[0.995563,0.00442852,3.59733e-06,4.97591e-06],[0.977694,0.00434852,0.0054825,0.0124738],[0.0253675,0.836015,0.00775746,0.130859],[0.992889,0.00230556,0.00480052,4.97591e-06]]},{"db":1,"id":"MA0047.2","alt":"Foxa2","len":12,"ltrim":0,"rtrim":1,"nsites":808,"url":"http://jaspar2018.genereg.net/matrix/MA0047.2","pwm":[[0.00127376,0.00126381,0.00126381,0.9962],[0.273179,0.0037335,0.719344,0.00374345],[0.00127176,0.00126181,0.00126181,0.996205],[0.00127176,0.0037335,0.0445195,0.950474],[0.00126876,0.00125881,0.215782,0.78169],[0.908565,0.00496335,0.0827317,0.00373945],[0.00250461,0.894977,0.00249466,0.100024],[0.417784,0.0951932,0.0037335,0.483289],[0.0618333,0.32755,0.0717101,0.538906],[0.516701,0.00746004,0.0297623,0.446078],[0.162547,0.0657748,0.597967,0.173711],[0.160664,0.242835,0.361127,0.235374]]},{"db":1,"id":"MA0053.1","alt":"MNB1A","len":5,"ltrim":0,"rtrim":0,"nsites":15,"url":"http://jaspar2018.genereg.net/matrix/MA0053.1","pwm":[[0.995299,0.00138941,0.00138941,0.00192185],[0.995299,0.00138941,0.00138941,0.00192185],[0.995299,0.00138941,0.00138941,0.00192185],[0.00192185,0.00138941,0.994767,0.00192185],[0.200597,0.597416,0.00138941,0.200597]]},{"db":1,"id":"MA0064.1","alt":"PBF","len":5,"ltrim":0,"rtrim":0,"nsites":16,"url":"http://jaspar2018.genereg.net/matrix/MA0064.1","pwm":[[0.995591,0.00130311,0.00130311,0.00180248],[0.995591,0.00130311,0.00130311,0.00180248],[0.995591,0.00130311,0.00130311,0.00180248],[0.00180248,0.00130311,0.995092,0.00180248],[0.0639143,0.560309,0.0634149,0.312361]]},{"db":1,"id":"MA0084.1","alt":"SRY","len":9,"ltrim":2,"rtrim":0,"nsites":28,"url":"http://jaspar2018.genereg.net/matrix/MA0084.1","pwm":[[0.178968,0.178682,0.356619,0.28573],[0.28573,0.107508,0.143095,0.463666],[0.53484,0.00074662,0.107508,0.356905],[0.641602,0.107508,0.107508,0.143381],[0.890712,0.00074662,0.00074662,0.107794],[0.00103274,0.926013,0.00074662,0.0722075],[0.997474,0.00074662,0.00074662,0.00103274],[0.961887,0.00074662,0.0363335,0.00103274],[0.250143,0.00074662,0.0719214,0.677189]]},{"db":1,"id":"MA0117.2","alt":"Mafb","len":12,"ltrim":0,"rtrim":1,"nsites":2183,"url":"http://jaspar2018.genereg.net/matrix/MA0117.2","pwm":[[0.566638,0.079713,0.149339,0.20431],[0.578814,0.0554611,0.0728753,0.292851],[0.49495,0.0989971,0.0834158,0.322639],[0.34097,0.182402,0.19661,0.280018],[0.0853084,0.199677,0.0100252,0.704989],[0.000921251,0.00636432,0.990432,0.00228319],[0.118529,0.876626,0.00201852,0.00282516],[0.0137847,0.0160019,0.00089757,0.969316],[0.0186844,0.00540336,0.905362,0.0705491],[0.980642,0.00585234,0.00764926,0.00585603],[0.0582136,0.697771,0.156702,0.0873133],[0.266729,0.0632517,0.296055,0.373965]]},{"db":1,"id":"MA0142.1","alt":"Pou5f1::Sox2","len":15,"ltrim":0,"rtrim":0,"nsites":1364,"url":"http://jaspar2018.genereg.net/matrix/MA0142.1","pwm":[[0.0462059,0.620205,0.0483988,0.285191],[0.423855,0.0424723,0.0205119,0.513161],[0.00806768,0.0365887,0.0263484,0.928995],[0.0343508,0.00878074,0.0577171,0.899151],[0.086209,0.265153,0.602601,0.0460369],[0.30314,0.0131624,0.0211968,0.6625],[0.150485,0.266614,0.135871,0.447031],[0.902073,0.0219278,0.0175451,0.058454],[0.0124384,0.00366711,0.0109716,0.972923],[0.00732574,0.0117015,0.904989,0.0759837],[0.0102545,0.752153,0.0943065,0.143286],[0.769196,0.0117365,0.0219918,0.197077],[0.651222,0.0499387,0.231276,0.0675643],[0.881662,0.0242606,0.0551183,0.0389604],[0.145492,0.087445,0.152098,0.614965]]},{"db":1,"id":"MA0148.3","alt":"FOXA1","len":15,"ltrim":4,"rtrim":1,"nsites":22008,"url":"http://jaspar2018.genereg.net/matrix/MA0148.3","pwm":[[0.196656,0.219329,0.187386,0.396628],[0.211696,0.311296,0.214967,0.262041],[0.139132,0.388858,0.241458,0.230553],[0.3242,0.196156,0.16544,0.314204],[0.0031823,9.53286e-07,0.000545951,0.996271],[0.267312,9.53286e-07,0.732686,1.3186e-06],[1.3186e-06,9.53286e-07,9.53286e-07,0.999997],[1.3186e-06,9.53286e-07,0.0587067,0.941291],[1.3186e-06,9.53286e-07,0.129907,0.87009],[0.829333,9.53286e-07,0.170665,1.3186e-06],[1.3186e-06,0.934021,9.53286e-07,0.065977],[0.417711,0.120638,9.53286e-07,0.461649],[0.0375781,0.331515,0.0632507,0.567656],[0.486277,4.59531e-05,0.00286394,0.510813],[0.218421,0.118275,0.427798,0.235505]]},{"db":1,"id":"MA0157.2","alt":"FOXO3","len":8,"ltrim":0,"rtrim":0,"nsites":553,"url":"http://jaspar2018.genereg.net/matrix/MA0157.2","pwm":[[0.0380206,3.79317e-05,0.961889,5.24679e-05],[5.24679e-05,3.79317e-05,0.0238866,0.976023],[0.960168,0.0289137,0.0090613,0.00185714],[0.997996,0.00191359,3.79317e-05,5.24679e-05],[0.981425,0.0184846,3.79317e-05,5.24679e-05],[0.0273205,0.967136,3.79317e-05,0.00550648],[0.979617,0.0202923,3.79317e-05,5.24679e-05],[0.546506,0.0207242,0.0620957,0.370675]]},{"db":1,"id":"MA0210.1","alt":"ara","len":5,"ltrim":0,"rtrim":0,"nsites":34,"url":"http://jaspar2018.genereg.net/matrix/MA0210.1","pwm":[[0.411409,0.00061525,0.147243,0.440733],[0.675338,0.00061525,0.00061525,0.323431],[0.997918,0.00061525,0.00061525,0.000851026],[0.000851026,0.997683,0.00061525,0.000851026],[0.997918,0.00061525,0.00061525,0.000851026]]},{"db":1,"id":"MA0216.2","alt":"cad","len":11,"ltrim":0,"rtrim":0,"nsites":2303,"url":"http://jaspar2018.genereg.net/matrix/MA0216.2","pwm":[[0.370817,9.10947e-06,0.496297,0.132877],[0.249676,0.148071,0.602241,1.26004e-05],[1.26004e-05,0.643055,9.10947e-06,0.356923],[0.32349,0.64045,9.10947e-06,0.036051],[0.919209,9.10947e-06,0.0807696,1.26004e-05],[1.26004e-05,0.0412583,9.10947e-06,0.95872],[0.970878,9.10947e-06,9.10947e-06,0.0291033],[0.999969,9.10947e-06,9.10947e-06,1.26004e-05],[0.999969,9.10947e-06,9.10947e-06,1.26004e-05],[0.710794,0.0499419,0.0638363,0.175428],[0.454183,0.327828,9.10947e-06,0.21798]]},{"db":1,"id":"MA0233.1","alt":"mirr","len":5,"ltrim":0,"rtrim":0,"nsites":41,"url":"http://jaspar2018.genereg.net/matrix/MA0233.1","pwm":[[0.487324,0.0248411,0.0248411,0.462994],[0.706302,0.000510463,0.0491718,0.244015],[0.998273,0.000510463,0.000510463,0.000706082],[0.000706082,0.998077,0.000510463,0.000706082],[0.998273,0.000510463,0.000510463,0.000706082]]},{"db":1,"id":"MA0244.1","alt":"slbo","len":8,"ltrim":0,"rtrim":0,"nsites":12,"url":"http://jaspar2018.genereg.net/matrix/MA0244.1","pwm":[[0.7462,0.0843782,0.0843782,0.0850426],[0.00239835,0.0843782,0.00173389,0.91149],[0.00239835,0.00173389,0.249668,0.7462],[0.250332,0.167023,0.580246,0.00239835],[0.167688,0.82818,0.00173389,0.00239835],[0.58091,0.167023,0.167023,0.0850426],[0.498266,0.414957,0.0843782,0.00239835],[0.91149,0.0843782,0.00173389,0.00239835]]},{"db":1,"id":"MA0277.1","alt":"AZF1","len":9,"ltrim":0,"rtrim":0,"nsites":102,"url":"http://jaspar2018.genereg.net/matrix/MA0277.1","pwm":[[0.617326,0.127532,0.127532,0.12761],[0.999305,0.000205485,0.000205485,0.000284231],[0.999305,0.000205485,0.000205485,0.000284231],[0.870718,0.128792,0.000205485,0.000284231],[0.74955,0.000205485,0.249961,0.000284231],[0.000284231,0.000205485,0.999226,0.000284231],[0.77952,0.160049,0.0301761,0.0302548],[0.817665,0.0607521,0.0607521,0.0608309],[0.617326,0.127532,0.127532,0.12761]]},{"db":1,"id":"MA0296.1","alt":"FKH1","len":20,"ltrim":2,"rtrim":5,"nsites":997,"url":"http://jaspar2018.genereg.net/matrix/MA0296.1","pwm":[[0.177544,0.287856,0.207623,0.326977],[0.247499,0.192387,0.334656,0.225457],[0.520498,0.0840966,0.0981092,0.297296],[0.52703,0.0761654,0.129267,0.267537],[0.365357,0.0730867,0.150156,0.411399],[0.119255,0.146299,0.133275,0.601171],[0.146307,0.00402864,0.848633,0.001031],[0.0070494,0.00302974,2.1041e-05,0.9899],[0.961819,0.0371283,2.1041e-05,0.001032],[0.978889,0.0110419,0.00102294,0.0090462],[0.991914,0.00102294,0.00202484,0.0050386],[0.001031,0.926782,0.00102294,0.071164],[0.991914,0.00102294,0.00302674,0.0040367],[0.875693,0.0390951,0.0160514,0.0691602],[0.672307,0.0491141,0.070154,0.208425],[0.248501,0.191385,0.407796,0.152319],[0.374741,0.158322,0.296584,0.170353],[0.28457,0.184372,0.330649,0.20041],[0.20542,0.116241,0.452882,0.225457],[0.421831,0.192387,0.248493,0.13729]]},{"db":1,"id":"MA0297.1","alt":"FKH2","len":7,"ltrim":0,"rtrim":0,"nsites":101,"url":"http://jaspar2018.genereg.net/matrix/MA0297.1","pwm":[[0.128873,0.000207517,0.870633,0.000287042],[0.000287042,0.000207517,0.000207517,0.999298],[0.999298,0.000207517,0.000207517,0.000287042],[0.999298,0.000207517,0.000207517,0.000287042],[0.999298,0.000207517,0.000207517,0.000287042],[0.000287042,0.999218,0.000207517,0.000287042],[0.999298,0.000207517,0.000207517,0.000287042]]},{"db":1,"id":"MA0307.1","alt":"GLN3","len":5,"ltrim":0,"rtrim":0,"nsites":100,"url":"http://jaspar2018.genereg.net/matrix/MA0307.1","pwm":[[0.00028991,0.000209591,0.999211,0.00028991],[0.999291,0.000209591,0.000209591,0.00028991],[0.00028991,0.000209591,0.000209591,0.999291],[0.739551,0.000209591,0.000209591,0.26003],[0.609681,0.000209591,0.26994,0.12017]]},{"db":1,"id":"MA0317.1","alt":"HCM1","len":8,"ltrim":0,"rtrim":0,"nsites":100,"url":"http://jaspar2018.genereg.net/matrix/MA0317.1","pwm":[[0.50978,0.16005,0.24996,0.08021],[0.27002,0.0801297,0.0401696,0.609681],[0.662993,0.316725,0.0101007,0.010181],[0.949341,0.0501596,0.000209591,0.00028991],[0.999291,0.000209591,0.000209591,0.00028991],[0.0102799,0.85935,0.000209591,0.13016],[0.939944,0.0199918,0.0199918,0.0200721],[0.575473,0.171755,0.11121,0.141563]]},{"db":1,"id":"MA0321.1","alt":"INO2","len":9,"ltrim":0,"rtrim":0,"nsites":249,"url":"http://jaspar2018.genereg.net/matrix/MA0321.1","pwm":[[0.0723765,0.116503,0.794946,0.0161741],[0.000116499,0.999683,8.42233e-05,0.000116499],[0.933477,0.0422363,8.42233e-05,0.0242028],[0.000116499,0.142884,8.42233e-05,0.856915],[0.0265209,8.42233e-05,0.973278,0.000116499],[0.0482902,8.42233e-05,0.0663226,0.885303],[0.000116499,0.123671,0.876096,0.000116499],[0.783135,0.0889375,0.127811,0.000116499],[0.811911,0.0122004,0.0303751,0.145513]]},{"db":1,"id":"MA0326.1","alt":"MAC1","len":8,"ltrim":0,"rtrim":0,"nsites":1740,"url":"http://jaspar2018.genereg.net/matrix/MA0326.1","pwm":[[0.0620821,1.20568e-05,1.20568e-05,0.937894],[0.0506108,1.20568e-05,0.124508,0.82487],[1.66772e-05,1.20568e-05,1.20568e-05,0.999959],[0.0671078,1.20568e-05,0.932863,1.66772e-05],[1.66772e-05,0.999955,1.20568e-05,1.66772e-05],[1.66772e-05,1.20568e-05,1.20568e-05,0.999959],[1.66772e-05,0.999955,1.20568e-05,1.66772e-05],[0.555026,1.20568e-05,0.37948,0.0654819]]},{"db":1,"id":"MA0340.1","alt":"MOT3","len":6,"ltrim":0,"rtrim":0,"nsites":201,"url":"http://jaspar2018.genereg.net/matrix/MA0340.1","pwm":[[0.333312,0.333272,0.000104326,0.333312],[0.999647,0.000104326,0.000104326,0.000144306],[0.000144306,0.000104326,0.999607,0.000144306],[0.000144306,0.000104326,0.999607,0.000144306],[0.000144306,0.499856,0.000104326,0.499896],[0.999647,0.000104326,0.000104326,0.000144306]]},{"db":1,"id":"MA0355.1","alt":"PHD1","len":10,"ltrim":1,"rtrim":3,"nsites":100,"url":"http://jaspar2018.genereg.net/matrix/MA0355.1","pwm":[[0.35993,0.26994,0.19002,0.18011],[0.0911081,0.434119,0.393755,0.0810172],[0.373654,0.44421,0.151573,0.0305626],[0.00028991,0.101119,0.000209591,0.898382],[0.00028991,0.000209591,0.999211,0.00028991],[0.00028991,0.989221,0.000209591,0.0102799],[0.909381,0.0101996,0.0701397,0.0102799],[0.08021,0.21999,0.35985,0.33995],[0.22007,0.41979,0.21999,0.14015],[0.31997,0.27993,0.21,0.1901]]},{"db":1,"id":"MA0442.2","alt":"SOX10","len":11,"ltrim":2,"rtrim":2,"nsites":2055,"url":"http://jaspar2018.genereg.net/matrix/MA0442.2","pwm":[[0.332358,0.193188,0.256446,0.218009],[0.351822,0.137717,0.277856,0.232606],[0.544027,0.181023,0.154261,0.120689],[0.984394,0.00195611,0.00147014,0.0121785],[0.00147405,0.967846,0.00536295,0.0253169],[0.987314,0.00341604,0.00341604,0.00585284],[0.957632,0.0136345,0.00974174,0.0189912],[0.953253,0.0112017,0.00584892,0.0296967],[0.00487988,0.0063359,0.979038,0.00974565],[0.324086,0.26861,0.301213,0.106092],[0.310461,0.27007,0.24574,0.173729]]},{"db":1,"id":"MA0445.1","alt":"D","len":11,"ltrim":0,"rtrim":0,"nsites":29,"url":"http://jaspar2018.genereg.net/matrix/MA0445.1","pwm":[[0.0353618,0.275635,0.24127,0.447733],[0.00099725,0.859828,0.000720963,0.138454],[0.00099725,0.584914,0.000720963,0.413368],[0.688282,0.000720963,0.000720963,0.310276],[0.00099725,0.000720963,0.000720963,0.997561],[0.00099725,0.000720963,0.103813,0.894468],[0.0697263,0.000720963,0.928556,0.00099725],[0.00099725,0.000720963,0.000720963,0.997561],[0.0353618,0.06945,0.138178,0.757011],[0.138454,0.344364,0.206907,0.310276],[0.207183,0.0350855,0.0350855,0.722647]]},{"db":1,"id":"MA0446.1","alt":"fkh","len":11,"ltrim":0,"rtrim":0,"nsites":27,"url":"http://jaspar2018.genereg.net/matrix/MA0446.1","pwm":[[0.111772,0.00077417,0.00077417,0.88668],[0.185573,0.00077417,0.812582,0.00107085],[0.00107085,0.00077417,0.00077417,0.997381],[0.00107085,0.00077417,0.00077417,0.997381],[0.00107085,0.00077417,0.0376745,0.96048],[0.480775,0.00077417,0.51738,0.00107085],[0.148672,0.480478,0.0745748,0.296274],[0.222473,0.259076,0.111475,0.406975],[0.00107085,0.406678,0.0745748,0.517676],[0.849779,0.00077417,0.0376745,0.111772],[0.554577,0.148375,0.148375,0.148672]]},{"db":1,"id":"MA0452.2","alt":"Kr","len":14,"ltrim":1,"rtrim":3,"nsites":1296,"url":"http://jaspar2018.genereg.net/matrix/MA0452.2","pwm":[[0.138129,0.325608,0.183644,0.352618],[0.158189,0.145838,0.168213,0.52776],[0.116525,0.297833,0.0563388,0.529303],[0.962911,1.6187e-05,1.6187e-05,0.0370565],[0.833291,0.16667,1.6187e-05,2.23902e-05],[0.00850974,0.902725,1.6187e-05,0.0887505],[2.23902e-05,0.908125,1.6187e-05,0.0918363],[2.23902e-05,0.999939,1.6187e-05,2.23902e-05],[2.23902e-05,0.155868,1.6187e-05,0.844093],[2.23902e-05,1.6187e-05,1.6187e-05,0.999945],[2.23902e-05,0.0872005,1.6187e-05,0.912761],[0.0872067,0.307862,0.178243,0.426687],[0.245373,0.248454,0.219906,0.286265],[0.162819,0.334867,0.168984,0.33333]]},{"db":1,"id":"MA0458.1","alt":"slp1","len":11,"ltrim":1,"rtrim":0,"nsites":41,"url":"http://jaspar2018.genereg.net/matrix/MA0458.1","pwm":[[0.195353,0.0735034,0.341143,0.390001],[0.000706082,0.000510463,0.000510463,0.998273],[0.0736991,0.000510463,0.925084,0.000706082],[0.000706082,0.000510463,0.000510463,0.998273],[0.000706082,0.000510463,0.0248411,0.973942],[0.000706082,0.000510463,0.0491718,0.949612],[0.657641,0.000510463,0.0978341,0.244015],[0.0250367,0.53579,0.170827,0.268346],[0.414331,0.195158,0.365474,0.0250367],[0.0980297,0.316812,0.0735034,0.511655],[0.36567,0.0735034,0.0978341,0.462994]]},{"db":1,"id":"MA0480.1","alt":"Foxo1","len":11,"ltrim":1,"rtrim":0,"nsites":2490,"url":"http://jaspar2018.genereg.net/matrix/MA0480.1","pwm":[[0.187956,0.111249,0.191969,0.508826],[0.0510136,0.513643,0.302004,0.133339],[0.0349503,0.564645,0.0839411,0.316465],[1.16541e-05,8.42537e-06,8.42537e-06,0.999971],[1.16541e-05,8.42537e-06,0.999968,1.16541e-05],[1.16541e-05,8.42537e-06,8.42537e-06,0.999971],[1.16541e-05,8.42537e-06,8.42537e-06,0.999971],[1.16541e-05,8.42537e-06,0.115265,0.884715],[0.751387,0.0630579,8.42537e-06,0.185546],[1.16541e-05,0.806,8.42537e-06,0.19398],[0.430516,0.230119,0.0285213,0.310842]]},{"db":1,"id":"MA0481.2","alt":"FOXP1","len":12,"ltrim":2,"rtrim":3,"nsites":4266,"url":"http://jaspar2018.genereg.net/matrix/MA0481.2","pwm":[[0.351382,0.212846,0.23277,0.203002],[0.35982,0.0625915,0.225738,0.351851],[0.0696252,0.0117256,0.904344,0.0143055],[0.0318861,0.0356351,0.0241484,0.908331],[0.956618,0.0304782,0.00656876,0.00633565],[0.945602,0.0332901,0.00422382,0.0168844],[0.976308,0.00469281,0.0131316,0.00586667],[0.00891459,0.932238,0.00703675,0.0518106],[0.962244,0.00328684,0.00867771,0.0257912],[0.21191,0.159166,0.509135,0.119788],[0.353492,0.202297,0.219175,0.225037],[0.305438,0.220581,0.212377,0.261604]]},{"db":1,"id":"MA0514.1","alt":"Sox3","len":10,"ltrim":0,"rtrim":0,"nsites":2067,"url":"http://jaspar2018.genereg.net/matrix/MA0514.1","pwm":[[1.4039e-05,0.719375,0.159654,0.120956],[1.4039e-05,0.750821,1.01495e-05,0.249155],[0.126762,1.01495e-05,1.01495e-05,0.873218],[1.4039e-05,1.01495e-05,1.01495e-05,0.999966],[1.4039e-05,1.01495e-05,1.01495e-05,0.999966],[1.4039e-05,0.0696728,0.930299,1.4039e-05],[1.4039e-05,1.01495e-05,1.01495e-05,0.999966],[1.4039e-05,0.337681,0.122887,0.539417],[0.00920559,0.412665,0.0106526,0.567476],[0.0203321,0.316396,0.18481,0.478462]]},{"db":1,"id":"MA0515.1","alt":"Sox6","len":10,"ltrim":0,"rtrim":0,"nsites":249,"url":"http://jaspar2018.genereg.net/matrix/MA0515.1","pwm":[[0.0161741,0.558093,0.200807,0.224926],[0.000116499,0.887278,8.42233e-05,0.112521],[0.646443,8.42233e-05,8.42233e-05,0.353389],[0.000116499,8.42233e-05,8.42233e-05,0.999715],[0.000116499,8.42233e-05,8.42233e-05,0.999715],[0.000116499,8.42233e-05,0.999683,0.000116499],[0.000116499,8.42233e-05,8.42233e-05,0.999715],[0.000116499,0.461746,0.0201562,0.517981],[0.0161741,0.449703,8.42233e-05,0.534039],[0.0563189,0.305183,0.124532,0.513966]]},{"db":1,"id":"MA0541.1","alt":"efl-1","len":15,"ltrim":4,"rtrim":1,"nsites":2206,"url":"http://jaspar2018.genereg.net/matrix/MA0541.1","pwm":[[0.300091,0.334536,0.0879475,0.277426],[0.267,0.177245,0.367627,0.188128],[0.26292,0.362187,0.0752551,0.299637],[0.159571,0.142342,0.396638,0.30145],[0.0417153,0.521292,0.404796,0.0321967],[0.0276639,0.00998206,0.962341,1.31544e-05],[0.00499893,0.993618,0.00136945,1.31544e-05],[1.31544e-05,9.51e-06,0.999964,1.31544e-05],[1.31544e-05,0.561634,0.43834,1.31544e-05],[0.0603004,0.284675,0.655012,1.31544e-05],[0.950106,0.0249404,0.00816914,0.0167844],[0.911577,0.011795,0.0707223,0.00590589],[0.645496,0.0621097,0.0802419,0.212153],[0.315502,0.0970131,0.077522,0.509963],[0.144613,0.176339,0.159567,0.519482]]},{"db":1,"id":"MA0546.1","alt":"pha-4","len":10,"ltrim":0,"rtrim":0,"nsites":1010,"url":"http://jaspar2018.genereg.net/matrix/MA0546.1","pwm":[[0.579179,0.0703108,2.07702e-05,0.350489],[0.528689,2.07702e-05,0.466312,0.00497824],[0.531659,2.07702e-05,0.078231,0.390089],[0.0406187,2.07702e-05,0.959332,2.87298e-05],[2.87298e-05,0.402951,2.07702e-05,0.597],[0.853409,0.146541,2.07702e-05,2.87298e-05],[0.99993,2.07702e-05,2.07702e-05,2.87298e-05],[0.99993,2.07702e-05,2.07702e-05,2.87298e-05],[2.87298e-05,0.616792,2.07702e-05,0.383159],[0.99993,2.07702e-05,2.07702e-05,2.87298e-05]]},{"db":1,"id":"MA0593.1","alt":"FOXP2","len":11,"ltrim":1,"rtrim":1,"nsites":766,"url":"http://jaspar2018.genereg.net/matrix/MA0593.1","pwm":[[0.430791,0.147528,0.248037,0.173644],[0.443844,0.00916419,0.185382,0.36161],[0.208888,2.73855e-05,0.791047,3.78802e-05],[0.0770508,2.73855e-05,2.73855e-05,0.922894],[0.999907,2.73855e-05,2.73855e-05,3.78802e-05],[0.999907,2.73855e-05,2.73855e-05,3.78802e-05],[0.999907,2.73855e-05,2.73855e-05,3.78802e-05],[3.78802e-05,0.988149,2.73855e-05,0.0117853],[0.999907,2.73855e-05,2.73855e-05,3.78802e-05],[0.387715,0.201045,0.382484,0.0287551],[0.433401,0.161886,0.240205,0.164507]]},{"db":1,"id":"MA0614.1","alt":"Foxj2","len":8,"ltrim":0,"rtrim":0,"nsites":999,"url":"http://jaspar2018.genereg.net/matrix/MA0614.1","pwm":[[0.461444,2.09989e-05,0.538506,2.90461e-05],[0.050074,0.0250435,2.09989e-05,0.924861],[0.794949,0.205,2.09989e-05,2.90461e-05],[0.977909,2.09989e-05,2.09989e-05,0.0220488],[0.999929,2.09989e-05,2.09989e-05,2.90461e-05],[2.90461e-05,0.953926,2.09989e-05,0.0460244],[0.999929,2.09989e-05,2.09989e-05,2.90461e-05],[0.593564,0.125133,0.125133,0.156169]]},{"db":1,"id":"MA0665.1","alt":"MSC","len":10,"ltrim":0,"rtrim":0,"nsites":94,"url":"http://jaspar2018.genereg.net/matrix/MA0665.1","pwm":[[0.733571,0.000222954,0.191508,0.0746973],[0.820864,0.142928,0.035899,0.000308395],[0.000308395,0.944423,0.0412753,0.0139928],[0.999246,0.000222954,0.000222954,0.000308395],[0.000308395,0.148214,0.85117,0.000308395],[0.000308395,0.957538,0.0418457,0.000308395],[0.000308395,0.000222954,0.000222954,0.999246],[0.000308395,0.000222954,0.944423,0.0550452],[0.0351553,0.116378,0.0466855,0.801782],[0.000308395,0.109862,0.0489511,0.840877]]},{"db":1,"id":"MA0697.1","alt":"ZIC3","len":15,"ltrim":0,"rtrim":1,"nsites":302,"url":"http://jaspar2018.genereg.net/matrix/MA0697.1","pwm":[[0.0662991,0.165578,0.539626,0.228497],[0.684743,0.134479,0.180682,9.60609e-05],[0.0327952,0.948353,6.94473e-05,0.0187819],[0.0317596,0.922841,0.01364,0.0317596],[0.0961343,0.820759,6.94473e-05,0.0830376],[9.60609e-05,0.999738,6.94473e-05,9.60609e-05],[9.60609e-05,0.999738,6.94473e-05,9.60609e-05],[9.60609e-05,0.699345,6.94473e-05,0.30049],[0.0894975,0.0203877,0.881891,0.00822337],[0.018523,0.820074,0.0277103,0.133693],[0.0693041,0.100036,0.203848,0.626812],[0.0130788,6.94473e-05,0.973773,0.0130788],[0.120056,0.444922,0.0650479,0.369974],[0.012489,0.00833071,0.884075,0.0951056],[0.278611,0.392974,0.064725,0.263691]]},{"db":1,"id":"MA0751.1","alt":"ZIC4","len":15,"ltrim":0,"rtrim":1,"nsites":7525,"url":"http://jaspar2018.genereg.net/matrix/MA0751.1","pwm":[[0.0768138,0.124121,0.548302,0.250765],[0.558062,0.150399,0.287645,0.0038938],[0.0944556,0.860561,0.0155946,0.0293885],[0.062076,0.858322,0.0359393,0.0436623],[0.158617,0.712212,0.058127,0.0710439],[0.00266382,0.996998,2.788e-06,0.000335852],[0.0366594,0.959797,2.788e-06,0.00354081],[0.00721076,0.667261,0.00180476,0.323724],[0.181683,0.0112856,0.795579,0.0114517],[0.00672277,0.638012,0.0705509,0.284714],[0.143954,0.118364,0.260399,0.477283],[0.0475262,0.00331874,0.936811,0.0123447],[0.185215,0.274664,0.157591,0.38253],[0.0119317,0.0728578,0.728878,0.186332],[0.302008,0.341325,0.101228,0.255438]]},{"db":1,"id":"MA0766.1","alt":"GATA5","len":8,"ltrim":0,"rtrim":2,"nsites":5288,"url":"http://jaspar2018.genereg.net/matrix/MA0766.1","pwm":[[0.446101,0.19289,0.0313954,0.329613],[5.48779e-06,3.9674e-06,0.999985,5.48779e-06],[0.997872,3.9674e-06,0.00211893,5.48779e-06],[5.48779e-06,3.9674e-06,3.9674e-06,0.999987],[0.759244,0.0589019,0.00965978,0.172194],[0.719858,0.0640858,0.108638,0.107418],[0.169989,0.300125,0.419241,0.110643],[0.413309,0.18101,0.320049,0.0856339]]},{"db":1,"id":"MA0842.1","alt":"NRL","len":11,"ltrim":4,"rtrim":0,"nsites":5786,"url":"http://jaspar2018.genereg.net/matrix/MA0842.1","pwm":[[0.389041,0.133427,0.212236,0.265296],[0.439085,0.105065,0.151202,0.304648],[0.34497,0.153993,0.102836,0.398201],[0.241577,0.23812,0.213582,0.306722],[0.0906804,0.199953,0.036739,0.672627],[0.00853887,0.00392956,0.987528,5.01547e-06],[0.136914,0.839148,3.62593e-06,0.0239346],[0.0681378,0.0412779,0.0125984,0.877987],[0.0513061,0.0130264,0.761105,0.174561],[0.868628,0.0481938,0.0222222,0.060956],[0.0470142,0.5712,0.158141,0.223644]]},{"db":1,"id":"MA0845.1","alt":"FOXB1","len":11,"ltrim":0,"rtrim":0,"nsites":7303,"url":"http://jaspar2018.genereg.net/matrix/MA0845.1","pwm":[[0.327673,0.0372474,0.0260195,0.609061],[0.697059,0.0343144,0.195434,0.073193],[0.265533,0.0291935,0.0547691,0.650504],[0.141724,0.00660578,0.836504,0.0151668],[0.0244136,0.0325494,0.0153267,0.92771],[0.699808,0.279009,0.0107337,0.0104488],[0.920099,0.0286505,2.87275e-06,0.0512473],[0.95664,0.00657578,0.00657578,0.0302096],[0.00401892,0.322958,0.0149177,0.658105],[0.957444,2.87275e-06,0.0219756,0.0205777],[0.249087,0.0837617,0.0812768,0.585875]]},{"db":1,"id":"MA0846.1","alt":"FOXC2","len":12,"ltrim":0,"rtrim":1,"nsites":22189,"url":"http://jaspar2018.genereg.net/matrix/MA0846.1","pwm":[[0.402856,0.0576417,0.0204619,0.51904],[0.698608,0.0564197,0.173935,0.071037],[0.417611,0.128451,0.115628,0.33831],[0.305154,0.0209219,0.667457,0.00646728],[0.075505,0.142082,0.0120889,0.770324],[0.745914,0.246463,0.00317293,0.00445029],[0.974649,0.0163909,0.00385993,0.00509928],[0.970303,0.00498192,0.0132349,0.0114803],[0.0015093,0.70226,0.00330893,0.292921],[0.969476,0.00478792,0.0155459,0.0101913],[0.54822,0.0860516,0.0705076,0.295221],[0.419896,0.117625,0.101165,0.361314]]},{"db":1,"id":"MA0847.1","alt":"FOXD2","len":7,"ltrim":0,"rtrim":0,"nsites":1949,"url":"http://jaspar2018.genereg.net/matrix/MA0847.1","pwm":[[0.310415,0.0272024,0.646976,0.0154071],[0.103953,0.15293,1.0764e-05,0.743107],[0.823087,0.123956,1.0764e-05,0.0529452],[0.94382,0.0298522,0.0101262,0.0162001],[0.981554,1.0764e-05,1.0764e-05,0.0184249],[1.48889e-05,0.718559,0.014794,0.266632],[0.823814,1.0764e-05,0.0984607,0.0777149]]},{"db":1,"id":"MA0848.1","alt":"FOXO4","len":7,"ltrim":0,"rtrim":0,"nsites":7060,"url":"http://jaspar2018.genereg.net/matrix/MA0848.1","pwm":[[0.236403,0.00184395,0.761748,4.11042e-06],[0.0583293,0.0116678,0.0207977,0.909205],[0.804,0.188219,0.0047869,0.00299407],[0.966735,0.0262476,0.00341792,0.00359906],[0.981735,2.97163e-06,0.0164317,0.00182908],[0.00902798,0.836773,0.0051379,0.149061],[0.988957,0.00184195,0.00184195,0.00736001]]},{"db":1,"id":"MA0849.1","alt":"FOXO6","len":7,"ltrim":0,"rtrim":0,"nsites":8470,"url":"http://jaspar2018.genereg.net/matrix/MA0849.1","pwm":[[0.170603,2.47695e-06,0.829391,3.42617e-06],[0.0213592,2.47695e-06,0.00444042,0.974198],[0.8589,0.140238,0.000858467,3.42617e-06],[0.969492,0.0269132,2.47695e-06,0.00359138],[0.999992,2.47695e-06,2.47695e-06,3.42617e-06],[3.42617e-06,0.944085,0.00416843,0.0517428],[0.998145,2.47695e-06,0.00184946,3.42617e-06]]},{"db":1,"id":"MA0850.1","alt":"FOXP3","len":7,"ltrim":0,"rtrim":0,"nsites":211,"url":"http://jaspar2018.genereg.net/matrix/MA0850.1","pwm":[[0.350682,9.93843e-05,0.649081,0.00013747],[0.070775,0.183758,9.93843e-05,0.745367],[0.871625,9.93843e-05,9.93843e-05,0.128176],[0.925138,9.93843e-05,0.0395547,0.0352088],[0.767047,0.0546185,0.178197,0.00013747],[0.00013747,0.747972,0.113521,0.13837],[0.921098,9.93843e-05,0.0786651,0.00013747]]},{"db":1,"id":"MA0851.1","alt":"Foxj3","len":17,"ltrim":5,"rtrim":3,"nsites":100,"url":"http://jaspar2018.genereg.net/matrix/MA0851.1","pwm":[[0.27002,0.25995,0.21,0.26003],[0.33995,0.13008,0.3099,0.22007],[0.47981,0.19002,0.16005,0.17012],[0.50978,0.13008,0.17004,0.1901],[0.346479,0.128794,0.326616,0.198112],[0.303017,0.0103005,0.686392,0.00028991],[0.0102799,0.0201896,0.000209591,0.969321],[0.918564,0.0809369,0.000209591,0.00028991],[0.949835,0.0199918,0.000209591,0.0299632],[0.989301,0.000209591,0.000209591,0.0102799],[0.00028991,0.817574,0.000209591,0.181926],[0.989301,0.000209591,0.000209591,0.0102799],[0.781687,0.0694474,0.0595562,0.0893099],[0.56972,0.0901197,0.0701397,0.27002],[0.22007,0.33987,0.25995,0.18011],[0.27002,0.26994,0.23997,0.22007],[0.242472,0.393755,0.171755,0.192017]]},{"db":1,"id":"MA0852.2","alt":"FOXK1","len":14,"ltrim":3,"rtrim":2,"nsites":1056,"url":"http://jaspar2018.genereg.net/matrix/MA0852.2","pwm":[[0.311551,0.174245,0.244315,0.269888],[0.393929,0.165724,0.255678,0.184669],[0.233907,0.134477,0.257571,0.374045],[0.135432,0.0265324,0.821912,0.016124],[0.0568401,0.00475442,0.0416829,0.896723],[0.949749,0.0350545,0.00948897,0.00570894],[0.945961,0.0350545,0.0104359,0.00854967],[0.967739,0.0123297,0.00948897,0.0104435],[0.00949658,0.907131,0.0113828,0.0719907],[0.96111,0.0151704,0.0113828,0.0123373],[0.48483,0.188449,0.193184,0.133538],[0.1752,0.190343,0.537848,0.0966093],[0.229173,0.254731,0.34279,0.173306],[0.267994,0.272721,0.255678,0.203606]]},{"db":1,"id":"MA0913.1","alt":"Hoxd9","len":10,"ltrim":0,"rtrim":1,"nsites":322,"url":"http://jaspar2018.genereg.net/matrix/MA0913.1","pwm":[[0.232937,0.136669,0.602362,0.0280314],[0.0476003,0.54445,0.0238198,0.384129],[0.631816,0.250801,0.117293,9.00962e-05],[0.836037,0.00868346,0.133645,0.0216354],[0.0588958,0.0317293,0.0317293,0.877646],[0.502472,0.0152884,6.51351e-05,0.482174],[0.910605,0.00945222,6.51351e-05,0.0798773],[0.932493,0.0337087,6.51351e-05,0.0337336],[0.63805,0.0855646,0.131603,0.144782],[0.425599,0.143611,0.0974709,0.33332]]},{"db":1,"id":"MA0920.1","alt":"fkh-2","len":8,"ltrim":0,"rtrim":1,"nsites":999,"url":"http://jaspar2018.genereg.net/matrix/MA0920.1","pwm":[[0.416403,2.09989e-05,0.541509,0.0420668],[0.0290261,2.09989e-05,2.09989e-05,0.970932],[0.827946,0.172004,2.09989e-05,2.90461e-05],[0.942878,2.09989e-05,2.09989e-05,0.0570803],[0.999929,2.09989e-05,2.09989e-05,2.90461e-05],[0.0570233,0.91393,2.09989e-05,0.0290261],[0.999929,2.09989e-05,2.09989e-05,2.90461e-05],[0.43442,0.217216,0.131139,0.217224]]},{"db":1,"id":"MA0925.1","alt":"sma-4","len":11,"ltrim":2,"rtrim":2,"nsites":1000,"url":"http://jaspar2018.genereg.net/matrix/MA0925.1","pwm":[[0.330996,0.222999,0.222999,0.223007],[0.273002,0.227998,0.299991,0.199009],[0.0330257,0.0330177,0.0330177,0.900939],[2.90171e-05,2.09779e-05,0.916929,0.0830207],[0.0830207,2.09779e-05,2.09779e-05,0.916937],[2.90171e-05,0.999921,2.09779e-05,2.90171e-05],[2.90171e-05,2.09779e-05,2.09779e-05,0.999929],[0.215008,2.09779e-05,0.784942,2.90171e-05],[0.0270263,0.0270183,0.835937,0.110018],[0.359993,0.241997,0.255995,0.142015],[0.217007,0.348986,0.216999,0.217007]]},{"db":1,"id":"MA0929.1","alt":"NCU00019","len":12,"ltrim":3,"rtrim":2,"nsites":1001,"url":"http://jaspar2018.genereg.net/matrix/MA0929.1","pwm":[[0.32567,0.224774,0.224774,0.224782],[0.224782,0.224774,0.224774,0.32567],[0.319997,0.127008,0.229998,0.322997],[0.149864,0.0549605,0.740207,0.0549685],[0.111018,2.0957e-05,2.0957e-05,0.88894],[0.802949,0.101011,2.0957e-05,0.0960194],[0.999929,2.0957e-05,2.0957e-05,2.89881e-05],[0.898838,2.0957e-05,2.0957e-05,0.10112],[0.0260004,0.520449,0.0259924,0.427558],[0.922015,0.0259924,0.0259924,0.0260004],[0.437985,0.218999,0.124009,0.219007],[0.412575,0.195805,0.195805,0.195813]]},{"db":1,"id":"MA0943.1","alt":"ARF5","len":8,"ltrim":0,"rtrim":1,"nsites":999,"url":"http://jaspar2018.genereg.net/matrix/MA0943.1","pwm":[[0.303302,0.160165,0.47745,0.0590821],[0.00901915,0.967956,0.0150045,0.00802025],[0.0969223,0.897034,0.0040166,0.00202685],[0.0120278,0.0010209,0.984922,0.00202885],[0.951934,0.0010209,0.0460164,0.00102895],[0.00202885,0.991922,0.0030207,0.00302875],[0.77218,0.223775,0.0020188,0.00202685],[0.49098,0.0980112,0.217999,0.19301]]},{"db":1,"id":"MA0944.1","alt":"ARF8","len":9,"ltrim":2,"rtrim":1,"nsites":1000,"url":"http://jaspar2018.genereg.net/matrix/MA0944.1","pwm":[[0.270002,0.232998,0.204001,0.293],[0.225007,0.258995,0.10601,0.409988],[0.00402862,2.09779e-05,0.090012,0.905938],[0.0380632,0.00102188,0.900832,0.060083],[2.90171e-05,0.0130197,2.09779e-05,0.98693],[0.0539696,0.862073,0.00201878,0.0819388],[0.0610229,0.0270183,0.797941,0.114018],[0.121138,0.138145,0.651608,0.0891091],[0.227778,0.33665,0.216782,0.218788]]},{"db":1,"id":"MA0973.1","alt":"CDF2","len":10,"ltrim":1,"rtrim":2,"nsites":1001,