<!DOCTYPE HTML>
<html>
  <head>
    <meta charset="UTF-8">
    <title>SpaMo - Spaced Motif Analysis</title>
    <script type="text/javascript">
      //@JSON_VAR data
      var data = {"program":"SpaMo","version":"4.12.0","revision":"aacc9c3eb8c7b460b344d5c8aa1458097dae704d","release":"Tue Jun 27 16:22:50 2017 -0700","host":"Sudins-iMac.local","when":"Thu May 24 14:32:33 2018","cmd":["spamo","-verbosity","1","-oc","results/AHRpeaks_not-in-DHSs.bed.fa/hocomoco/spamo_out_2","-bgfile","results/AHRpeaks_not-in-DHSs.bed.fa/hocomoco/background","-primary","AGTTTAATTAAGTCCCAGCTAT","results/AHRpeaks_not-in-DHSs.bed.fa/hocomoco/AHRpeaks_not-in-DHSs.bed.fa","results/AHRpeaks_not-in-DHSs.bed.fa/hocomoco/meme_out/meme.xml","results/AHRpeaks_not-in-DHSs.bed.fa/hocomoco/meme_out/meme.xml","/Users/filipov4/meme/db/motif_databases/HUMAN/HOCOMOCOv11_full_HUMAN_mono_meme_format.meme"],"options":{"seq_min_hit_score":7,"margin":150,"bin_size":1,"bin_pvalue_calc_range":150,"use_best_secondary":0,"seq_max_shared_fract":0.5,"seq_odds_ratio":20,"bin_pvalue_cutoff":0.05,"motif_evalue_cutoff":10,"redundant_overlap":2,"redundant_joint":0.5,"motif_pseudocount":0.1,"bgfile":"results/AHRpeaks_not-in-DHSs.bed.fa/hocomoco/background","motif_trim":0.25,"xalph":0,"seed":1,"bin_max":4},"alphabet":{"name":"DNA","like":"dna","ncore":4,"symbols":[{"symbol":"A","name":"Adenine","colour":"CC0000","complement":"T"},{"symbol":"C","name":"Cytosine","colour":"0000CC","complement":"G"},{"symbol":"G","name":"Guanine","colour":"FFB300","complement":"C"},{"symbol":"T","aliases":"U","name":"Thymine","colour":"008000","complement":"A"},{"symbol":"N","aliases":"X.","name":"Any base","equals":"ACGT"},{"symbol":"V","name":"Not T","equals":"ACG"},{"symbol":"H","name":"Not G","equals":"ACT"},{"symbol":"D","name":"Not C","equals":"AGT"},{"symbol":"B","name":"Not A","equals":"CGT"},{"symbol":"M","name":"Amino","equals":"AC"},{"symbol":"R","name":"Purine","equals":"AG"},{"symbol":"W","name":"Weak","equals":"AT"},{"symbol":"S","name":"Strong","equals":"CG"},{"symbol":"Y","name":"Pyrimidine","equals":"CT"},{"symbol":"K","name":"Keto","equals":"GT"}]},"background":[0.2902,0.2098,0.2098,0.2902],"sequence_dbs":[{"source":"results/AHRpeaks_not-in-DHSs.bed.fa/hocomoco/AHRpeaks_not-in-DHSs.bed.fa","name":"AHRpeaks_not-in-DHSs.bed","last_modified":"Thu May 24 11:14:28 2018","loaded":61,"excluded_too_short":1,"excluded_no_match":52,"excluded_ambigs":0,"excluded_similar":3,"erased_primary_matches":0}],"primary_dbs":[{"source":"results/AHRpeaks_not-in-DHSs.bed.fa/hocomoco/meme_out/meme.xml","name":"meme.xml","last_modified":"Thu May 24 14:32:10 2018","loaded":6,"excluded":5}],"secondary_dbs":[{"source":"results/AHRpeaks_not-in-DHSs.bed.fa/hocomoco/meme_out/meme.xml","name":"meme.xml","last_modified":"Thu May 24 14:32:10 2018","loaded":7,"excluded":1},{"source":"/Users/filipov4/meme/db/motif_databases/HUMAN/HOCOMOCOv11_full_HUMAN_mono_meme_format.meme","name":"HOCOMOCOv11_full_HUMAN_mono_meme_format","last_modified":"Wed Dec  6 21:59:30 2017","loaded":771,"excluded":0}],"secondary_motifs":[{"db":0,"id":"AAGCAAATRCAATARAAACAAASATAA","alt":"MEME-1","len":27,"ltrim":0,"rtrim":0,"nsites":7,"evalue":"4.1e-013","pwm":[[0.849158,0.00295493,0.00295493,0.144932],[0.708313,0.284645,0.00295493,0.00408732],[0.144932,0.00295493,0.707181,0.144932],[0.00408732,0.848025,0.1438,0.00408732],[0.990003,0.00295493,0.00295493,0.00408732],[0.849158,0.00295493,0.1438,0.00408732],[0.849158,0.00295493,0.1438,0.00408732],[0.144932,0.00295493,0.00295493,0.849158],[0.426622,0.00295493,0.42549,0.144932],[0.144932,0.848025,0.00295493,0.00408732],[0.990003,0.00295493,0.00295493,0.00408732],[0.990003,0.00295493,0.00295493,0.00408732],[0.144932,0.00295493,0.00295493,0.849158],[0.849158,0.1438,0.00295493,0.00408732],[0.426622,0.1438,0.284645,0.144932],[0.990003,0.00295493,0.00295493,0.00408732],[0.849158,0.00295493,0.1438,0.00408732],[0.849158,0.00295493,0.1438,0.00408732],[0.00408732,0.848025,0.1438,0.00408732],[0.990003,0.00295493,0.00295493,0.00408732],[0.990003,0.00295493,0.00295493,0.00408732],[0.990003,0.00295493,0.00295493,0.00408732],[0.144932,0.284645,0.566336,0.00408732],[0.990003,0.00295493,0.00295493,0.00408732],[0.285777,0.00295493,0.00295493,0.708313],[0.990003,0.00295493,0.00295493,0.00408732],[0.990003,0.00295493,0.00295493,0.00408732]]},{"db":1,"id":"AIRE_HUMAN.H11MO.0.C","len":18,"ltrim":2,"rtrim":1,"nsites":41,"evalue":"1.0e+000","url":"http://hocomoco.autosome.ru/motif/AIRE_HUMAN.H11MO.0.C","pwm":[[0.397466,0.261238,0.125206,0.21609],[0.182082,0.181886,0.136542,0.49949],[0.136738,0.136542,0.204558,0.522162],[0.04605,0.000510463,0.884717,0.068722],[0.000706082,0.000510463,0.816702,0.182082],[0.318114,0.0458544,0.0231824,0.612849],[0.38613,0.0911984,0.0231824,0.49949],[0.363458,0.136542,0.136542,0.363458],[0.340786,0.0685264,0.136542,0.454146],[0.522162,0.0911984,0.136542,0.250098],[0.38613,0.0458544,0.0685264,0.49949],[0.227426,0.136542,0.0685264,0.567505],[0.000706082,0.0231824,0.884717,0.091394],[0.000706082,0.000510463,0.975405,0.0233781],[0.227426,0.0911984,0.249902,0.431474],[0.068722,0.181886,0.181886,0.567505],[0.454146,0.0231824,0.159214,0.363458],[0.403134,0.266906,0.108202,0.221758]]},{"db":1,"id":"ARNT_HUMAN.H11MO.0.B","len":9,"ltrim":1,"rtrim":1,"nsites":500,"evalue":"1.0e+000","url":"http://hocomoco.autosome.ru/motif/ARNT_HUMAN.H11MO.0.B","pwm":[[0.152028,0.283985,0.429956,0.134031],[0.13803,0.0740272,0.241994,0.545949],[0.701918,0.030036,0.245993,0.0220536],[0.010056,0.947852,0.00204155,0.04005],[0.00605683,0.00204155,0.989844,0.00205763],[5.80284e-05,4.19516e-05,0.00204155,0.997858],[5.80284e-05,0.00604075,0.991844,0.00205763],[0.355987,0.525937,0.0240372,0.0940392],[0.154027,0.501942,0.144013,0.200018]]},{"db":1,"id":"BACH2_HUMAN.H11MO.0.A","len":11,"ltrim":0,"rtrim":1,"nsites":500,"evalue":"1.0e+000","url":"http://hocomoco.autosome.ru/motif/BACH2_HUMAN.H11MO.0.A","pwm":[[0.122034,0.0960228,0.0680284,0.713915],[0.0140552,0.0780264,0.893863,0.0140552],[0.0440492,0.923857,0.0120396,0.020054],[0.0780424,0.0380344,0.00804035,0.875883],[0.0580464,0.06003,0.793883,0.0880404],[0.757906,0.0380344,0.0560308,0.148028],[0.0440492,0.223997,0.669908,0.0620456],[0.010056,0.0160388,0.00804035,0.965865],[0.060046,0.919858,0.0160388,0.00405723],[0.963865,0.0120396,0.00804035,0.0160548],[0.0560468,0.319978,0.212,0.411976]]},{"db":1,"id":"BARX1_HUMAN.H11MO.0.D","len":12,"ltrim":1,"rtrim":0,"nsites":461,"evalue":"1.0e+000","url":"http://hocomoco.autosome.ru/motif/BARX1_HUMAN.H11MO.0.D","pwm":[[0.0998244,0.362223,0.268968,0.268985],[0.364409,0.0130579,0.04342,0.579113],[0.756949,0.184387,0.0455888,0.0130753],[0.95864,0.00221423,0.00872041,0.0304251],[0.0391,0.0455888,0.297161,0.61815],[0.0651247,0.0217328,0.427285,0.485858],[0.0889807,0.147519,0.74175,0.0217502],[0.0456062,0.156194,0.0325764,0.765624],[0.062956,0.0412513,0.0325764,0.863216],[0.0174128,0.0217328,0.04342,0.917434],[0.147536,0.329692,0.0716135,0.451158],[0.154043,0.260293,0.0781197,0.507545]]},{"db":1,"id":"BRCA1_HUMAN.H11MO.0.D","len":9,"ltrim":1,"rtrim":0,"nsites":73,"evalue":"1.0e+000","url":"http://hocomoco.autosome.ru/motif/BRCA1_HUMAN.H11MO.0.D","pwm":[[0.144238,0.197218,0.29036,0.368184],[0.189614,0.000287004,0.275403,0.534695],[0.0283903,0.125297,0.15329,0.693022],[0.0563835,0.344427,0.481496,0.117694],[0.0283903,0.149923,0.450606,0.371082],[0.00039699,0.000287004,0.869563,0.129753],[0.00039699,0.0282803,0.000287004,0.971036],[0.00039699,0.000287004,0.000287004,0.999029],[0.0633818,0.0734117,0.827818,0.0353886]]},{"db":1,"id":"CDX2_HUMAN.H11MO.0.A","len":12,"ltrim":0,"rtrim":0,"nsites":151,"evalue":"1.0e+000","url":"http://hocomoco.autosome.ru/motif/CDX2_HUMAN.H11MO.0.A","pwm":[[0.152409,0.119265,0.211919,0.516406],[0.0597553,0.0729383,0.0597021,0.807604],[0.106082,0.000138849,0.0663202,0.827459],[0.0862278,0.24501,0.17221,0.496552],[0.986294,0.00675698,0.00675698,0.000192058],[0.00681019,0.0530839,0.0133751,0.926731],[0.046519,0.000138849,0.311191,0.642151],[0.1855,0.00675698,0.807551,0.000192058],[0.0134283,0.761224,0.132502,0.0928459],[0.264917,0.211919,0.0861746,0.436989],[0.139173,0.198683,0.3509,0.311244],[0.0134283,0.231774,0.17221,0.582588]]},{"db":1,"id":"CPEB1_HUMAN.H11MO.0.D","len":17,"ltrim":0,"rtrim":0,"nsites":1803,"evalue":"1.0e+000","url":"http://hocomoco.autosome.ru/motif/CPEB1_HUMAN.H11MO.0.D","pwm":[[0.163623,0.21797,0.0893023,0.529105],[0.000570695,0.000566236,0.000566236,0.998297],[0.0047302,0.00361654,0.000288936,0.991364],[0.000709345,0.00181409,0.000150286,0.997326],[1.60945e-05,0.00167544,1.16355e-05,0.998297],[0.996633,0.000566236,0.00223004,0.000570695],[0.0022345,0.0543625,0.00333924,0.940064],[0.128129,0.235717,0.0282963,0.607858],[0.181925,0.250691,0.0732189,0.494165],[0.0926344,0.223516,0.0482619,0.635588],[0.0809878,0.184139,0.0343969,0.700476],[0.0654589,0.135889,0.0260779,0.772574],[0.100399,0.118142,0.016095,0.765365],[0.181232,0.0991465,0.0115196,0.708102],[0.224075,0.116478,0.0233049,0.636143],[0.240297,0.168749,0.0345355,0.556419],[0.223659,0.210344,0.0700299,0.495968]]},{"db":1,"id":"ETV3_HUMAN.H11MO.0.D","len":14,"ltrim":0,"rtrim":0,"nsites":12,"evalue":"1.0e+000","url":"http://hocomoco.autosome.ru/motif/ETV3_HUMAN.H11MO.0.D","pwm":[[0.20901,0.0430562,0.29099,0.456944],[0.415621,0.167023,0.167023,0.250332],[0.250332,0.497602,0.0843785,0.167688],[0.415621,0.00173389,0.414957,0.167688],[0.167688,0.00173389,0.0843785,0.7462],[0.167688,0.00173389,0.167023,0.663555],[0.00239835,0.0843785,0.0843785,0.828845],[0.167688,0.0843785,0.745536,0.00239835],[0.00239835,0.82818,0.0843785,0.085043],[0.828845,0.00173389,0.167023,0.00239835],[0.00239835,0.82818,0.0843785,0.085043],[0.00239835,0.249668,0.167023,0.580911],[0.085043,0.00173389,0.167023,0.7462],[0.00239835,0.580246,0.167023,0.250332]]},{"db":1,"id":"EVX2_HUMAN.H11MO.0.A","len":13,"ltrim":2,"rtrim":2,"nsites":500,"evalue":"1.0e+000","url":"http://hocomoco.autosome.ru/motif/EVX2_HUMAN.H11MO.0.A","pwm":[[0.164025,0.176007,0.36197,0.297998],[0.116035,0.182006,0.208,0.493959],[0.0120556,0.01004,0.0140392,0.963865],[0.0140552,0.00804035,4.19516e-05,0.977862],[0.0280524,0.0220376,0.0280364,0.921874],[0.983861,0.01004,0.00404115,0.00205763],[0.00405723,0.0580304,4.19516e-05,0.93787],[0.0460488,0.00604075,0.495943,0.451968],[0.385981,4.19516e-05,0.605921,0.00805643],[0.0460488,0.735895,0.106021,0.112036],[0.156027,0.413959,0.0480324,0.381982],[0.128032,0.30798,0.196003,0.367984],[0.14203,0.249992,0.190004,0.417974]]},{"db":1,"id":"FOXA1_HUMAN.H11MO.0.A","len":12,"ltrim":0,"rtrim":2,"nsites":500,"evalue":"1.0e+000","url":"http://hocomoco.autosome.ru/motif/FOXA1_HUMAN.H11MO.0.A","pwm":[[0.0160548,4.19516e-05,4.19516e-05,0.983861],[0.246009,0.00404115,0.749892,5.80284e-05],[0.00205763,4.19516e-05,4.19516e-05,0.997858],[0.00405723,4.19516e-05,0.0560308,0.93987],[5.80284e-05,4.19516e-05,0.144013,0.855887],[0.781902,4.19516e-05,0.206001,0.0120556],[0.00805643,0.797882,0.00804035,0.186021],[0.317994,0.138014,0.00404115,0.53995],[0.0320516,0.313979,0.10802,0.545949],[0.463965,0.020038,0.0160388,0.499958],[0.218014,0.0980224,0.493943,0.19002],[0.108036,0.25999,0.393963,0.23801]]},{"db":1,"id":"FOXA2_HUMAN.H11MO.0.A","len":12,"ltrim":0,"rtrim":1,"nsites":500,"evalue":"1.0e+000","url":"http://hocomoco.autosome.ru/motif/FOXA2_HUMAN.H11MO.0.A","pwm":[[0.0160548,4.19516e-05,0.00204155,0.981862],[0.196019,0.00204155,0.799882,0.00205763],[5.80284e-05,0.00404115,4.19516e-05,0.995859],[0.00205763,4.19516e-05,0.0440332,0.953867],[5.80284e-05,4.19516e-05,0.144013,0.855887],[0.757906,4.19516e-05,0.235995,0.00605683],[0.00805643,0.887864,0.00204155,0.102038],[0.401978,0.122018,4.19516e-05,0.475963],[0.0440492,0.40996,0.120018,0.425973],[0.563945,0.00804035,0.040034,0.38798],[0.19002,0.0960228,0.549932,0.164025],[0.128032,0.35797,0.281986,0.232012]]},{"db":1,"id":"FOXA3_HUMAN.H11MO.0.B","len":13,"ltrim":2,"rtrim":0,"nsites":500,"evalue":"1.0e+000","url":"http://hocomoco.autosome.ru/motif/FOXA3_HUMAN.H11MO.0.B","pwm":[[0.158026,0.465949,0.215999,0.160026],[0.228012,0.249992,0.0780264,0.443969],[0.0120556,4.19516e-05,0.00604075,0.981862],[0.246009,0.00804035,0.737894,0.00805643],[0.00805643,0.0220376,0.0140392,0.955867],[0.00605683,4.19516e-05,0.0360348,0.957866],[0.00805643,4.19516e-05,0.271988,0.719914],[0.855887,0.00604075,0.114019,0.0240532],[0.00405723,0.873867,0.0220376,0.100038],[0.367984,0.152012,0.00804035,0.471964],[0.0940392,0.231996,0.106021,0.567944],[0.425973,0.0140392,0.0540312,0.505957],[0.154027,0.116019,0.577926,0.152028]]},{"db":1,"id":"FOXB1_HUMAN.H11MO.0.D","len":17,"ltrim":1,"rtrim":1,"nsites":7038,"evalue":"1.0e+000","url":"http://hocomoco.autosome.ru/motif/FOXB1_HUMAN.H11MO.0.D","pwm":[[0.219282,0.162615,0.422576,0.195527],[0.0892769,0.143925,0.225753,0.541045],[0.353901,0.384066,0.161097,0.100935],[0.803094,0.0550288,0.0564861,0.0853907],[0.724187,0.0823594,0.0299691,0.163484],[0.00346525,0.00334266,0.0160942,0.977098],[0.646658,0.000944165,0.349995,0.00240262],[0.0134236,0.000670918,0.00929337,0.976612],[0.0133629,0.000245867,0.0268419,0.959549],[0.00294912,0.000519114,0.279352,0.717179],[0.960035,0.000488753,0.038379,0.00109711],[0.00313128,0.897339,0.0107811,0.0887486],[0.774926,0.0141815,0.0334909,0.177402],[0.0308203,0.143761,0.0300905,0.795328],[0.717604,0.0169746,0.0435707,0.22185],[0.573755,0.0628194,0.2564,0.107026],[0.123906,0.357173,0.327128,0.191793]]},{"db":1,"id":"FOXC1_HUMAN.H11MO.0.C","len":15,"ltrim":2,"rtrim":0,"nsites":26,"evalue":"1.0e+000","url":"http://hocomoco.autosome.ru/motif/FOXC1_HUMAN.H11MO.0.C","pwm":[[0.135211,0.479731,0.173218,0.21184],[0.345939,0.0774322,0.345631,0.230997],[0.269311,0.154061,0.0774322,0.499196],[0.00111188,0.000803832,0.000803832,0.99728],[0.00111188,0.000803832,0.996972,0.00111188],[0.0394261,0.000803832,0.000803832,0.958966],[0.0394261,0.000803832,0.000803832,0.958966],[0.00111188,0.000803832,0.039118,0.958966],[0.958966,0.000803832,0.000803832,0.0394261],[0.00111188,0.728773,0.000803832,0.269311],[0.230997,0.115746,0.000803832,0.652453],[0.00111188,0.192375,0.000803832,0.80571],[0.652453,0.000803832,0.000803832,0.345939],[0.460882,0.192375,0.269003,0.0777402],[0.0394261,0.269003,0.575516,0.116054]]},{"db":1,"id":"FOXC2_HUMAN.H11MO.0.D","len":15,"ltrim":0,"rtrim":0,"nsites":5,"evalue":"1.0e+000","url":"http://hocomoco.autosome.ru/motif/FOXC2_HUMAN.H11MO.0.D","pwm":[[0.0582112,0.0566347,0.616859,0.268295],[0.215774,0.214198,0.00411373,0.565914],[0.00569019,0.214198,0.00411373,0.775998],[0.00569019,0.00411373,0.00411373,0.986082],[0.215774,0.00411373,0.774422,0.00569019],[0.00569019,0.00411373,0.00411373,0.986082],[0.00569019,0.00411373,0.00411373,0.986082],[0.215774,0.00411373,0.214198,0.565914],[0.35583,0.00411373,0.00411373,0.635942],[0.00569019,0.354254,0.634366,0.00569019],[0.215774,0.424282,0.00411373,0.35583],[0.00569019,0.634366,0.00411373,0.35583],[0.986082,0.00411373,0.00411373,0.00569019],[0.00569019,0.14417,0.84445,0.00569019],[0.478379,0.0566347,0.266719,0.198267]]},{"db":1,"id":"FOXD1_HUMAN.H11MO.0.D","len":15,"ltrim":0,"rtrim":0,"nsites":22,"evalue":"1.0e+000","url":"http://hocomoco.autosome.ru/motif/FOXD1_HUMAN.H11MO.0.D","pwm":[[0.120184,0.566662,0.11982,0.193335],[0.377629,0.110676,0.0741004,0.437594],[0.354061,0.17082,0.0976686,0.377451],[0.0378886,0.0375248,0.0741004,0.850486],[0.0378886,0.243792,0.680431,0.0378886],[0.0378886,0.0375248,0.0375248,0.887062],[0.00131312,0.000949322,0.0375248,0.960213],[0.00131312,0.000949322,0.0375248,0.960213],[0.923637,0.000949322,0.0375248,0.0378886],[0.00131312,0.850122,0.110676,0.0378886],[0.304478,0.243792,0.0741004,0.377629],[0.20758,0.0741004,0.000949322,0.71737],[0.45078,0.207216,0.0741004,0.267903],[0.424766,0.243792,0.220402,0.11104],[0.262444,0.23869,0.479265,0.0196009]]},{"db":1,"id":"FOXD3_HUMAN.H11MO.0.D","len":15,"ltrim":2,"rtrim":3,"nsites":465,"evalue":"1.0e+000","url":"http://hocomoco.autosome.ru/motif/FOXD3_HUMAN.H11MO.0.D","pwm":[[0.157018,0.176351,0.298906,0.367725],[0.118317,0.217203,0.266654,0.397826],[0.135517,0.00649533,0.0559471,0.80204],[0.0387637,0.0688475,0.872976,0.0194131],[0.0925156,0.0516469,0.0365964,0.819241],[0.0366137,0.111849,0.0494968,0.80204],[0.0538143,4.51086e-05,0.0946484,0.851492],[0.339774,0.200002,0.225803,0.234421],[0.0581144,0.599916,0.0623973,0.279572],[0.294623,0.202152,0.0408965,0.462329],[0.109716,0.223653,0.0709976,0.595633],[0.404277,0.0473468,0.14625,0.402126],[0.23012,0.14195,0.42791,0.200019],[0.101116,0.363408,0.348357,0.187119],[0.356975,0.292455,0.111849,0.238721]]},{"db":1,"id":"FOXF1_HUMAN.H11MO.0.D","len":11,"ltrim":1,"rtrim":0,"nsites":8,"evalue":"1.0e+000","url":"http://hocomoco.autosome.ru/motif/FOXF1_HUMAN.H11MO.0.D","pwm":[[0.413895,0.151464,0.151464,0.283176],[0.00358271,0.00259013,0.00259013,0.991237],[0.134302,0.00259013,0.859525,0.00358271],[0.00358271,0.00259013,0.00259013,0.991237],[0.00358271,0.00259013,0.00259013,0.991237],[0.00358271,0.00259013,0.00259013,0.991237],[0.729799,0.0679496,0.198669,0.00358271],[0.00358271,0.133309,0.00259013,0.860518],[0.0217381,0.151464,0.151464,0.675333],[0.265021,0.16962,0.00259013,0.562769],[0.43205,0.00259013,0.0389009,0.526459]]},{"db":1,"id":"FOXF2_HUMAN.H11MO.0.D","len":11,"ltrim":0,"rtrim":0,"nsites":26,"evalue":"1.0e+000","url":"http://hocomoco.autosome.ru/motif/FOXF2_HUMAN.H11MO.0.D","pwm":[[0.0163052,0.0159972,0.0159972,0.9517],[0.146775,0.000803832,0.820923,0.0314986],[0.00111188,0.000803832,0.0311906,0.966894],[0.122659,0.000803832,0.000803832,0.875734],[0.122659,0.000803832,0.0311906,0.845347],[0.770694,0.000803832,0.22739,0.00111188],[0.00111188,0.782444,0.0311906,0.185254],[0.284708,0.255835,0.0594736,0.399984],[0.0416141,0.041306,0.0109193,0.906161],[0.481029,0.000803832,0.0311906,0.486977],[0.254321,0.0109193,0.357231,0.377528]]},{"db":1,"id":"FOXJ2_HUMAN.H11MO.0.C","len":10,"ltrim":0,"rtrim":0,"nsites":41,"evalue":"1.0e+000","url":"http://hocomoco.autosome.ru/motif/FOXJ2_HUMAN.H11MO.0.C","pwm":[[0.000706082,0.0241994,0.000510463,0.974584],[0.308662,0.000510463,0.642744,0.0480839],[0.000706082,0.000510463,0.0241994,0.974584],[0.000706082,0.000510463,0.000510463,0.998273],[0.000706082,0.000510463,0.000510463,0.998273],[0.548183,0.000510463,0.4506,0.000706082],[0.000706082,0.192654,0.000510463,0.806129],[0.119151,0.216343,0.000510463,0.663996],[0.000706082,0.0241994,0.2374,0.737695],[0.465272,0.0834217,0.1308,0.320507]]},{"db":1,"id":"FOXJ3_HUMAN.H11MO.1.B","len":13,"ltrim":0,"rtrim":0,"nsites":613,"evalue":"1.0e+000","url":"http://hocomoco.autosome.ru/motif/FOXJ3_HUMAN.H11MO.1.B","pwm":[[0.126265,0.100128,0.122347,0.65126],[0.0348005,3.42196e-05,0.390458,0.574707],[0.0300391,3.42196e-05,0.51609,0.453836],[4.73332e-05,3.42196e-05,3.42196e-05,0.999884],[0.0547373,3.42196e-05,0.11534,0.829889],[0.396792,3.42196e-05,0.11535,0.487824],[0.356264,0.0774997,3.42196e-05,0.566202],[4.73332e-05,3.42196e-05,3.42196e-05,0.999884],[0.163665,3.42196e-05,0.836254,4.73332e-05],[4.73332e-05,3.42196e-05,3.42196e-05,0.999884],[4.73332e-05,3.42196e-05,3.42196e-05,0.999884],[4.73332e-05,3.42196e-05,0.0127092,0.987209],[0.645558,0.104693,0.11695,0.132798]]},{"db":1,"id":"FOXK1_HUMAN.H11MO.0.A","len":10,"ltrim":0,"rtrim":0,"nsites":500,"evalue":"1.0e+000","url":"http://hocomoco.autosome.ru/motif/FOXK1_HUMAN.H11MO.0.A","pwm":[[0.020054,0.00804035,0.01004,0.961866],[0.0760428,0.020038,0.895863,0.00805643],[0.00605683,0.0860248,0.020038,0.88788],[0.00205763,0.01004,0.100022,0.88788],[0.020054,0.020038,0.166009,0.793899],[0.49196,0.251992,0.0620296,0.194019],[0.0240532,0.655911,0.040034,0.280002],[0.303997,0.233995,0.11002,0.351988],[0.154027,0.212,0.150012,0.483961],[0.116035,0.227996,0.144013,0.511956]]},{"db":1,"id":"FOXM1_HUMAN.H11MO.0.A","len":12,"ltrim":0,"rtrim":2,"nsites":500,"evalue":"1.0e+000","url":"http://hocomoco.autosome.ru/motif/FOXM1_HUMAN.H11MO.0.A","pwm":[[0.0560468,0.0240372,0.0340352,0.885881],[0.252008,0.0220376,0.715899,0.010056],[0.0260528,0.030036,0.0560308,0.88788],[5.80284e-05,0.0680284,0.0620296,0.869884],[0.00205763,0.00204155,0.0720276,0.923873],[0.319994,0.0540312,0.587924,0.0380504],[0.0740432,0.745893,0.0180384,0.162026],[0.246009,0.16001,0.0380344,0.555947],[0.0480484,0.289984,0.142014,0.519954],[0.359986,0.0380344,0.0280364,0.573943],[0.108036,0.16001,0.445953,0.286001],[0.166025,0.341974,0.25799,0.234011]]},{"db":1,"id":"FOXO1_HUMAN.H11MO.0.A","len":12,"ltrim":3,"rtrim":1,"nsites":500,"evalue":"1.0e+000","url":"http://hocomoco.autosome.ru/motif/FOXO1_HUMAN.H11MO.0.A","pwm":[[0.186021,0.16001,0.25999,0.393979],[0.0960388,0.30998,0.255991,0.33799],[0.060046,0.451952,0.253991,0.234011],[0.04005,0.477946,0.170008,0.311996],[0.00605683,0.0120396,0.0140392,0.967864],[0.0320516,0.0340352,0.917858,0.0160548],[0.00405723,0.186005,0.0160388,0.793899],[0.010056,0.030036,0.0620296,0.897878],[0.0120556,0.040034,0.221998,0.725913],[0.403977,0.223997,0.0520316,0.319994],[0.00605683,0.691904,0.0520316,0.250008],[0.226013,0.263989,0.176007,0.333991]]},{"db":1,"id":"FOXO3_HUMAN.H11MO.0.B","len":10,"ltrim":2,"rtrim":1,"nsites":500,"evalue":"1.0e+000","url":"http://hocomoco.autosome.ru/motif/FOXO3_HUMAN.H11MO.0.B","pwm":[[0.112036,0.393963,0.26199,0.232012],[0.0580464,0.365969,0.188004,0.38798],[0.020054,0.00604075,4.19516e-05,0.973863],[0.0520476,0.00404115,0.941854,0.00205763],[5.80284e-05,0.00604075,0.00604075,0.98786],[0.00405723,0.00204155,0.030036,0.963865],[0.00205763,0.01004,0.140014,0.847888],[0.779902,0.0580304,0.020038,0.14203],[0.00205763,0.86187,0.00804035,0.128032],[0.383981,0.25999,0.0460328,0.309996]]},{"db":1,"id":"FOXO4_HUMAN.H11MO.0.C","len":9,"ltrim":0,"rtrim":0,"nsites":28,"evalue":"1.0e+000","url":"http://hocomoco.autosome.ru/motif/FOXO4_HUMAN.H11MO.0.C","pwm":[[0.0370487,0.108794,0.108794,0.745362],[0.00103274,0.00074662,0.00074662,0.997474],[0.00103274,0.00074662,0.997188,0.00103274],[0.00103274,0.00074662,0.00074662,0.997474],[0.00103274,0.00074662,0.00074662,0.997474],[0.00103274,0.00074662,0.148812,0.849408],[0.709346,0.00074662,0.0367626,0.253144],[0.0370487,0.348901,0.180826,0.433224],[0.00103274,0.108794,0.360906,0.529267]]},{"db":1,"id":"FOXO6_HUMAN.H11MO.0.D","len":13,"ltrim":3,"rtrim":0,"nsites":3383,"evalue":"1.0e+000","url":"http://hocomoco.autosome.ru/motif/FOXO6_HUMAN.H11MO.0.D","pwm":[[0.448562,0.121345,0.161544,0.268549],[0.359147,0.17322,0.148391,0.319242],[0.117948,0.371263,0.361805,0.148984],[0.385823,0.0210668,0.088165,0.504945],[0.000599752,0.000301788,0.00118855,0.99791],[0.0017821,6.20142e-06,0.998203,8.57793e-06],[8.57793e-06,0.000301788,0.000301788,0.999388],[0.00148651,0.000301788,0.0390237,0.959188],[8.57793e-06,0.000301788,0.104348,0.895341],[0.938275,0.0195888,0.00865212,0.0334838],[0.00481186,0.881816,0.00983447,0.103538],[0.271653,0.11765,0.463191,0.147506],[0.215122,0.16014,0.10457,0.520168]]},{"db":1,"id":"FOXP1_HUMAN.H11MO.0.A","len":9,"ltrim":0,"rtrim":0,"nsites":295,"evalue":"1.0e+000","url":"http://hocomoco.autosome.ru/motif/FOXP1_HUMAN.H11MO.0.A","pwm":[[0.0577059,0.139007,0.176283,0.627004],[0.0136531,0.281332,0.31183,0.393185],[0.0068757,0.0204032,0.0305692,0.942152],[0.0204304,0.0407353,0.840464,0.0983701],[9.83395e-05,0.0170145,0.0576787,0.925208],[0.0068757,0.0949542,0.0407353,0.857435],[0.0102644,0.0136258,0.0813995,0.89471],[0.525344,0.345717,0.0373466,0.0915927],[0.0170417,0.484653,0.0102371,0.488069]]},{"db":1,"id":"FOXP2_HUMAN.H11MO.0.C","len":9,"ltrim":1,"rtrim":1,"nsites":500,"evalue":"1.0e+000","url":"http://hocomoco.autosome.ru/motif/FOXP2_HUMAN.H11MO.0.C","pwm":[[0.0720436,0.399962,0.215999,0.311996],[0.00605683,0.00404115,0.0140392,0.975863],[0.04005,0.00804035,0.947852,0.00405723],[0.00605683,0.0140392,0.0120396,0.967864],[0.00205763,0.01004,0.0880244,0.899878],[5.80284e-05,4.19516e-05,0.174007,0.825893],[0.7879,0.100022,0.0340352,0.0780424],[0.00805643,0.747892,0.030036,0.214015],[0.33999,0.289984,0.104021,0.266005]]},{"db":1,"id":"FUBP1_HUMAN.H11MO.0.D","len":12,"ltrim":0,"rtrim":0,"nsites":102,"evalue":"1.0e+000","url":"http://hocomoco.autosome.ru/motif/FUBP1_HUMAN.H11MO.0.D","pwm":[[0.00266285,0.163273,0.0311276,0.802936],[0.000284231,0.47593,0.0192344,0.504552],[0.000284231,0.000205485,0.980197,0.0193132],[0.000284231,0.000205485,0.0298061,0.969704],[0.285719,0.179923,0.305726,0.228632],[0.12503,0.219039,0.104865,0.551067],[0.0764001,0.0752642,0.257096,0.591239],[0.0193132,0.0858358,0.0858358,0.809015],[0.0573711,0.0858358,0.0858358,0.770957],[0.0668856,0.104865,0.180981,0.647269],[0.104944,0.122837,0.171466,0.600754],[0.100186,0.0895359,0.119137,0.691141]]},{"db":1,"id":"GATA2_HUMAN.H11MO.1.A","len":11,"ltrim":1,"rtrim":1,"nsites":500,"evalue":"1.0e+000","url":"http://hocomoco.autosome.ru/motif/GATA2_HUMAN.H11MO.1.A","pwm":[[0.349988,0.116019,0.331976,0.202018],[0.164025,0.435955,0.347972,0.0520476],[0.751908,0.01004,0.00604075,0.232012],[5.80284e-05,0.00204155,0.993843,0.00405723],[0.977862,0.0140392,0.00604075,0.00205763],[0.0160548,0.040034,0.0480324,0.895879],[0.861886,0.050032,0.030036,0.0580464],[0.769904,0.0220376,0.186005,0.0220536],[0.148028,0.239994,0.567928,0.0440492],[0.417974,0.174007,0.369968,0.0380504],[0.417974,0.144013,0.273987,0.164025]]},{"db":1,"id":"GATA4_HUMAN.H11MO.0.A","len":10,"ltrim":2,"rtrim":0,"nsites":500,"evalue":"1.0e+000","url":"http://hocomoco.autosome.ru/motif/GATA4_HUMAN.H11MO.0.A","pwm":[[0.367984,0.128016,0.31198,0.19202],[0.18802,0.429956,0.283985,0.0980384],[0.663925,0.00804035,0.0160388,0.311996],[0.00405723,4.19516e-05,0.995843,5.80284e-05],[0.979862,0.00404115,0.00804035,0.00805643],[0.00805643,0.0220376,0.040034,0.929872],[0.961866,0.00404115,0.00404115,0.030052],[0.917874,0.00204155,0.070028,0.010056],[0.0940392,0.182006,0.697902,0.0260528],[0.569944,0.142014,0.255991,0.0320516]]},{"db":1,"id":"GCM1_HUMAN.H11MO.0.D","len":14,"ltrim":1,"rtrim":3,"nsites":12,"evalue":"1.0e+000","url":"http://hocomoco.autosome.ru/motif/GCM1_HUMAN.H11MO.0.D","pwm":[[0.314611,0.350678,0.0843785,0.250332],[0.433987,0.0843785,0.066013,0.415621],[0.250332,0.341495,0.240485,0.167688],[0.819662,0.176206,0.00173389,0.00239835],[0.00239835,0.00173389,0.00173389,0.994134],[0.00239835,0.00173389,0.993469,0.00239835],[0.17687,0.653708,0.00173389,0.167688],[0.00239835,0.0935613,0.580246,0.323794],[0.00239835,0.00173389,0.993469,0.00239835],[0.00239835,0.00173389,0.993469,0.00239835],[0.085043,0.332312,0.066013,0.516632],[0.397256,0.258851,0.167023,0.17687],[0.085043,0.32313,0.258851,0.332977],[0.085043,0.185389,0.332312,0.397256]]},{"db":1,"id":"GCR_HUMAN.H11MO.1.A","len":12,"ltrim":2,"rtrim":0,"nsites":500,"evalue":"1.0e+000","url":"http://hocomoco.autosome.ru/motif/GCR_HUMAN.H11MO.1.A","pwm":[[0.383981,0.305981,0.11002,0.200018],[0.425973,0.140014,0.305981,0.128032],[0.493959,0.00204155,0.491944,0.0120556],[0.00405723,0.00204155,0.993843,5.80284e-05],[0.609936,0.0440332,0.196003,0.150028],[0.98786,0.00804035,0.00404115,5.80284e-05],[0.00205763,0.993843,0.00404115,5.80284e-05],[0.981862,4.19516e-05,0.00204155,0.0160548],[0.122034,0.188004,0.533935,0.156027],[0.48796,0.0820256,0.178006,0.252008],[0.343989,0.243993,0.31198,0.100038],[0.286001,0.21,0.0540312,0.449968]]},{"db":1,"id":"GLI1_HUMAN.H11MO.0.D","len":12,"ltrim":1,"rtrim":0,"nsites":500,"evalue":"1.0e+000","url":"http://hocomoco.autosome.ru/motif/GLI1_HUMAN.H11MO.0.D","pwm":[[0.112036,0.391964,0.184005,0.311996],[0.0340512,0.471948,0.399962,0.0940392],[0.070044,0.0760268,0.0120396,0.84189],[0.020054,0.0280364,0.905861,0.0460488],[0.010056,0.0120396,0.763889,0.214015],[0.0120556,0.040034,0.947852,5.80284e-05],[0.0660448,0.0220376,0.020038,0.89188],[0.0120556,0.00804035,0.973847,0.00605683],[0.0160548,0.00404115,0.937854,0.0420496],[0.0140552,0.237994,0.152012,0.595939],[0.0420496,0.879866,0.0420336,0.0360508],[0.116035,0.35997,0.06003,0.463965]]},{"db":1,"id":"GLI3_HUMAN.H11MO.0.B","len":11,"ltrim":1,"rtrim":1,"nsites":15,"evalue":"1.0e+000","url":"http://hocomoco.autosome.ru/motif/GLI3_HUMAN.H11MO.0.B","pwm":[[0.102972,0.301115,0.294264,0.301648],[0.00192185,0.0698982,0.00138941,0.926791],[0.00192185,0.00138941,0.926258,0.0704306],[0.00192185,0.0698982,0.857749,0.0704306],[0.00192185,0.00138941,0.994767,0.00192185],[0.00192185,0.00138941,0.00138941,0.995299],[0.00192185,0.00138941,0.994767,0.00192185],[0.00192185,0.00138941,0.857749,0.138939],[0.0704306,0.00138941,0.0698982,0.858282],[0.0704306,0.652223,0.0698982,0.207448],[0.102972,0.369624,0.170949,0.356455]]},{"db":1,"id":"GLIS1_HUMAN.H11MO.0.D","len":13,"ltrim":1,"rtrim":1,"nsites":492,"evalue":"1.0e+000","url":"http://hocomoco.autosome.ru/motif/GLIS1_HUMAN.H11MO.0.D","pwm":[[0.185997,0.183948,0.118921,0.511134],[0.108269,0.630504,0.0940276,0.1672],[0.0600061,0.0417008,0.85048,0.0478135],[0.0442573,0.190553,0.0422089,0.722981],[0.0310486,0.0269681,0.906871,0.0351128],[0.0310486,0.0310323,0.912967,0.0249523],[0.0127596,0.0127433,0.925159,0.0493376],[0.0371449,0.0188396,0.910935,0.0330807],[0.0142837,0.0183316,0.949037,0.0183479],[0.0178399,0.0178236,0.944464,0.019872],[0.02038,0.0142674,0.0427169,0.922636],[0.302335,0.560396,0.0869152,0.0503536],[0.209874,0.108252,0.313495,0.368378]]},{"db":1,"id":"HAND1_HUMAN.H11MO.0.D","len":17,"ltrim":3,"rtrim":0,"nsites":500,"evalue":"1.0e+000","url":"http://hocomoco.autosome.ru/motif/HAND1_HUMAN.H11MO.0.D","pwm":[[0.24201,0.114019,0.439954,0.204017],[0.154027,0.132016,0.495943,0.218014],[0.136031,0.265989,0.451952,0.146029],[0.0380504,0.401962,0.0520316,0.507956],[0.0240532,0.947852,0.00604075,0.0220536],[0.0160548,4.19516e-05,4.19516e-05,0.983861],[0.00205763,0.00204155,0.987844,0.00805643],[0.00205763,0.223997,0.613919,0.160026],[0.182022,0.303981,0.126017,0.38798],[0.19202,0.251992,0.0940232,0.461966],[0.335991,0.102022,0.0280364,0.533951],[0.178022,0.221998,0.291984,0.307996],[0.050048,0.235995,0.0740272,0.63993],[0.170024,0.31198,0.397962,0.120034],[0.0240532,0.0260368,0.0340352,0.915875],[0.020054,0.867868,0.050032,0.0620456],[0.611936,0.10802,0.0360348,0.244009]]},{"db":1,"id":"HXA13_HUMAN.H11MO.0.C","len":11,"ltrim":2,"rtrim":0,"nsites":17,"evalue":"1.0e+000","url":"http://hocomoco.autosome.ru/motif/HXA13_HUMAN.H11MO.0.C","pwm":[[0.188529,0.194915,0.503445,0.113111],[0.344508,0.0629329,0.371463,0.221096],[0.00169708,0.0012269,0.193201,0.803875],[0.289658,0.0012269,0.124639,0.584476],[0.0634031,0.0012269,0.0012269,0.934143],[0.262233,0.0012269,0.0012269,0.735313],[0.995849,0.0012269,0.0012269,0.00169708],[0.00169708,0.172632,0.0012269,0.824444],[0.111397,0.0629329,0.234338,0.591332],[0.00169708,0.0629329,0.762267,0.173103],[0.101112,0.189773,0.676565,0.0325501]]},{"db":1,"id":"HXB13_HUMAN.H11MO.0.A","len":10,"ltrim":0,"rtrim":1,"nsites":500,"evalue":"1.0e+000","url":"http://hocomoco.autosome.ru/motif/HXB13_HUMAN.H11MO.0.A","pwm":[[0.0680444,0.10802,0.100022,0.723913],[0.010056,0.00604075,0.0180384,0.965865],[5.80284e-05,0.00404115,0.00204155,0.993859],[0.0140552,0.0240372,0.0260368,0.935871],[0.943869,0.0220376,0.0340352,5.80284e-05],[0.0240532,0.100022,0.00204155,0.873883],[0.262006,0.01004,0.323977,0.403977],[0.250008,0.00804035,0.655911,0.0860408],[0.102038,0.329976,0.499942,0.0680444],[0.19202,0.383965,0.168008,0.256007]]},{"db":1,"id":"HXB1_HUMAN.H11MO.0.D","len":10,"ltrim":0,"rtrim":0,"nsites":15,"evalue":"1.0e+000","url":"http://hocomoco.autosome.ru/motif/HXB1_HUMAN.H11MO.0.D","pwm":[[0.307867,0.00138941,0.0693772,0.621366],[0.00192185,0.00138941,0.994767,0.00192185],[0.995299,0.00138941,0.00138941,0.00192185],[0.00192185,0.00138941,0.00138941,0.995299],[0.00192185,0.00138941,0.620834,0.375855],[0.00192185,0.00138941,0.994767,0.00192185],[0.995299,0.00138941,0.00138941,0.00192185],[0.00192185,0.00138941,0.00138941,0.995299],[0.00192185,0.171359,0.824797,0.00192185],[0.0699097,0.0693772,0.858791,0.00192185]]},{"db":1,"id":"HXC12_HUMAN.H11MO.0.D","len":12,"ltrim":1,"rtrim":2,"nsites":2465,"evalue":"1.0e+000","url":"http://hocomoco.autosome.ru/motif/HXC12_HUMAN.H11MO.0.D","pwm":[[0.301318,0.115927,0.221805,0.36095],[0.113293,0.0581197,0.101931,0.726656],[0.0160355,0.0083246,0.0103529,0.965287],[0.0124859,0.00274674,0.00274674,0.982021],[0.143211,0.00163116,0.0089331,0.846225],[0.995103,0.000414174,0.000819837,0.00366274],[0.00204009,0.489644,0.00609346,0.502223],[0.0365214,0.0438201,0.544814,0.374844],[0.737913,0.0304332,0.185397,0.0462574],[0.0547763,0.595116,0.133066,0.217042],[0.155786,0.356992,0.163085,0.324137],[0.166131,0.188439,0.188845,0.456586]]},{"db":1,"id":"HXC13_HUMAN.H11MO.0.D","len":11,"ltrim":2,"rtrim":3,"nsites":1231,"evalue":"1.0e+000","url":"http://hocomoco.autosome.ru/motif/HXC13_HUMAN.H11MO.0.D","pwm":[[0.335293,0.160646,0.184202,0.319859],[0.268077,0.0983031,0.271319,0.362301],[0.0639908,0.0436772,0.046114,0.846218],[0.00814639,0.0178872,0.00489073,0.969076],[0.00164814,0.00976442,0.00326617,0.985321],[0.0536342,0.0130135,0.00732758,0.926025],[0.973949,0.0227609,0.00326617,2.35724e-05],[0.0138324,0.814736,0.00895214,0.16248],[0.148671,0.160037,0.457332,0.233961],[0.508715,0.155366,0.182171,0.153748],[0.147859,0.183593,0.51013,0.158419]]},{"db":1,"id":"HXC9_HUMAN.H11MO.0.C","len":10,"ltrim":0,"rtrim":0,"nsites":500,"evalue":"1.0e+000","url":"http://hocomoco.autosome.ru/motif/HXC9_HUMAN.H11MO.0.C","pwm":[[0.260006,0.156011,0.0740272,0.509956],[0.04005,0.0280364,0.0460328,0.885881],[0.00805643,0.0120396,0.0160388,0.963865],[0.224013,0.126017,0.0320356,0.617934],[0.959866,0.0240372,0.0120396,0.00405723],[0.0120556,0.0240372,0.0180384,0.945869],[0.0520476,0.00404115,0.453951,0.48996],[0.156027,0.0140392,0.801882,0.0280524],[0.0220536,0.773887,0.134015,0.070044],[0.288,0.399962,0.0160388,0.295999]]},{"db":1,"id":"HXD10_HUMAN.H11MO.0.D","len":10,"ltrim":0,"rtrim":0,"nsites":7,"evalue":"1.0e+000","url":"http://hocomoco.autosome.ru/motif/HXD10_HUMAN.H11MO.0.D","pwm":[[0.155538,0.0332452,0.0332452,0.777971],[0.246409,0.00295493,0.746549,0.00408732],[0.125248,0.504227,0.124116,0.246409],[0.125248,0.00295493,0.00295493,0.868842],[0.125248,0.261905,0.00295493,0.609892],[0.00408732,0.00295493,0.00295493,0.990003],[0.62652,0.00295493,0.124116,0.246409],[0.609892,0.00295493,0.261905,0.125248],[0.00408732,0.00295493,0.00295493,0.990003],[0.0343775,0.0332452,0.275567,0.65681]]},{"db":1,"id":"HXD11_HUMAN.H11MO.0.D","len":11,"ltrim":1,"rtrim":3,"nsites":124,"evalue":"1.0e+000","url":"http://hocomoco.autosome.ru/motif/HXD11_HUMAN.H11MO.0.D","pwm":[[0.328598,0.135141,0.191547,0.344714],[0.262119,0.11701,0.100894,0.519976],[0.0324659,0.0243431,0.104923,0.838268],[0.000233844,0.0162851,0.0968653,0.886616],[0.241974,0.000169057,0.000169057,0.757688],[0.83021,0.000169057,0.145213,0.0244079],[0.00829186,0.2822,0.000169057,0.709339],[0.0264224,0.0263576,0.469549,0.477671],[0.455512,0.100894,0.278171,0.165423],[0.23996,0.368823,0.167373,0.223844],[0.260105,0.227808,0.171402,0.340685]]},{"db":1,"id":"HXD8_HUMAN.H11MO.0.D","len":11,"ltrim":1,"rtrim":3,"nsites":278,"evalue":"1.0e+000","url":"http://hocomoco.autosome.ru/motif/HXD8_HUMAN.H11MO.0.D","pwm":[[0.294962,0.154696,0.100759,0.449583],[0.55566,0.196048,0.0773858,0.170906],[0.726462,0.0288421,0.0252462,0.21945],[0.00280122,0.0207515,0.0243473,0.9521],[0.341708,7.54405e-05,0.0216504,0.636566],[0.309346,0.00367127,7.54405e-05,0.686908],[0.125958,0.0108629,0.765987,0.0971917],[0.0117908,0.964657,0.0117619,0.0117908],[0.44329,0.191553,0.184362,0.180795],[0.194279,0.215825,0.190654,0.399241],[0.343506,0.20324,0.196048,0.257206]]},{"db":1,"id":"LEF1_HUMAN.H11MO.0.A","len":14,"ltrim":1,"rtrim":1,"nsites":456,"evalue":"1.0e+000","url":"http://hocomoco.autosome.ru/motif/LEF1_HUMAN.H11MO.0.A","pwm":[[0.0768012,0.260954,0.274109,0.388136],[0.0329512,0.635871,0.184216,0.146961],[0.0176036,0.708224,0.013201,0.260971],[0.122844,0.0460885,0.0197785,0.811289],[0.00225613,0.138174,0.035126,0.824444],[0.00225613,0.013201,0.0329335,0.951609],[0.0439137,0.425391,0.519669,0.0110261],[0.456104,0.138174,0.0153935,0.390329],[0.278511,0.166676,0.157906,0.396906],[0.285089,0.190794,0.201756,0.322361],[0.0417212,0.129404,0.149136,0.679739],[0.0395287,0.311381,0.383734,0.265356],[0.116266,0.460471,0.0899386,0.333324],[0.313591,0.221489,0.103094,0.361826]]},{"db":1,"id":"MAFB_HUMAN.H11MO.0.B","len":11,"ltrim":0,"rtrim":3,"nsites":473,"evalue":"1.0e+000","url":"http://hocomoco.autosome.ru/motif/MAFB_HUMAN.H11MO.0.B","pwm":[[0.0994061,0.0232952,0.0613422,0.815956],[0.00640249,0.0571147,0.900488,0.0359945],[0.0655866,0.902602,0.0148404,0.0169711],[0.0803826,0.0063855,4.43458e-05,0.913188],[0.0359945,0.0211815,0.853986,0.0888375],[0.822298,0.0232952,0.055001,0.0994061],[0.107861,0.448153,0.310761,0.133226],[0.200865,0.143777,0.0951617,0.560197],[0.173386,0.418561,0.160687,0.247366],[0.44817,0.141663,0.188165,0.222002],[0.238911,0.10573,0.433357,0.222002]]},{"db":1,"id":"MAFG_HUMAN.H11MO.0.A","len":18,"ltrim":1,"rtrim":0,"nsites":430,"evalue":"1.0e+000","url":"http://hocomoco.autosome.ru/motif/MAFG_HUMAN.H11MO.0.A","pwm":[[0.395324,0.127926,0.309279,0.16747],[0.492976,0.0488746,0.188377,0.269772],[0.597603,0.011674,0.0860753,0.304648],[0.495301,0.0395745,0.0372494,0.427875],[0.255822,0.262778,0.209302,0.272097],[0.0581935,0.072125,0.00934894,0.860333],[6.74726e-05,4.87794e-05,0.999816,6.74726e-05],[0.030293,0.962616,0.00237382,0.00471755],[0.00471755,0.00934894,4.87794e-05,0.985885],[6.74726e-05,4.87794e-05,0.992841,0.00704259],[0.99751,4.87794e-05,0.00237382,6.74726e-05],[0.0209928,0.553408,0.413906,0.0116927],[0.0488933,0.0302743,0.013999,0.906833],[0.0837689,0.813813,0.0511997,0.0512184],[0.813832,4.87794e-05,0.109326,0.0767938],[0.030293,4.87794e-05,0.837063,0.132595],[0.0163428,0.89984,0.072125,0.0116927],[0.709205,0.0442246,0.100026,0.146545]]},{"db":1,"id":"MAFG_HUMAN.H11MO.1.A","len":8,"ltrim":0,"rtrim":0,"nsites":498,"evalue":"1.0e+000","url":"http://hocomoco.autosome.ru/motif/MAFG_HUMAN.H11MO.1.A","pwm":[[0.0522566,0.0361794,0.0984159,0.813148],[0.0100964,0.0341718,0.939612,0.0161193],[0.0321803,0.827185,0.12853,0.012104],[0.0402108,0.00606501,0.0161032,0.937621],[0.0141117,0.0181108,0.903475,0.0643024],[0.736858,0.0201184,0.0803473,0.162676],[0.0602871,0.194782,0.658544,0.0863863],[0.0723329,0.0903854,0.124515,0.712767]]},{"db":1,"id":"MAFK_HUMAN.H11MO.0.A","len":18,"ltrim":1,"rtrim":0,"nsites":431,"evalue":"1.0e+000","url":"http://hocomoco.autosome.ru/motif/MAFK_HUMAN.H11MO.0.A","pwm":[[0.482554,0.113711,0.25521,0.148525],[0.50807,0.0742774,0.225054,0.192598],[0.584618,0.0394827,0.0696381,0.306261],[0.519668,0.0487613,0.0325237,0.399047],[0.296982,0.201858,0.157785,0.343375],[0.0510996,0.037163,0.00700761,0.90473],[6.73161e-05,0.00932726,0.990538,6.73161e-05],[0.0626978,0.932547,4.86662e-05,0.00470661],[0.00702626,0.0116469,4.86662e-05,0.981278],[0.00934591,0.00236831,0.965022,0.0232638],[0.972,0.00236831,0.00236831,0.0232638],[0.0325424,0.431503,0.480216,0.0557389],[0.0858943,0.0209255,0.0162862,0.876894],[0.0951729,0.800327,0.0278844,0.0766157],[0.83978,0.00468796,0.0812363,0.074296],[0.0255834,0.0487613,0.630993,0.294663],[0.0487799,0.742336,0.141547,0.0673371],[0.610135,0.139228,0.0997935,0.150844]]},{"db":1,"id":"MAFK_HUMAN.H11MO.1.A","len":13,"ltrim":0,"rtrim":0,"nsites":409,"evalue":"1.0e+000","url":"http://hocomoco.autosome.ru/motif/MAFK_HUMAN.H11MO.1.A","pwm":[[0.112513,0.0880493,0.061161,0.738277],[0.0269592,0.102716,0.818922,0.0514031],[0.0978465,0.804256,0.0416059,0.0562919],[0.0954022,0.0367171,0.0122732,0.855607],[0.0660695,0.0196064,0.853143,0.0611807],[0.811608,0.0220508,0.0636054,0.102735],[7.09362e-05,5.12833e-05,0.926475,0.0734026],[0.0587363,0.0636054,0.0342727,0.843386],[0.107624,0.779812,0.0562723,0.0562919],[0.882496,0.017162,0.0489391,0.0514031],[0.0538475,0.0513835,0.677147,0.217622],[0.0660695,0.755368,0.12716,0.0514031],[0.62339,0.119826,0.114938,0.141846]]},{"db":1,"id":"MAF_HUMAN.H11MO.1.B","len":8,"ltrim":0,"rtrim":0,"nsites":496,"evalue":"1.0e+000","url":"http://hocomoco.autosome.ru/motif/MAF_HUMAN.H11MO.1.B","pwm":[[0.135112,0.0363253,0.0484196,0.780143],[0.00207422,0.0101209,0.981699,0.00610566],[0.076656,0.860756,0.00205801,0.0605302],[0.00408994,0.00407374,0.00205801,0.989778],[0.00408994,0.00205801,0.963558,0.0302943],[0.927291,0.038341,0.02019