<!DOCTYPE HTML>
<html>
  <head>
    <meta charset="UTF-8">
    <title>SpaMo - Spaced Motif Analysis</title>
    <script type="text/javascript">
      //@JSON_VAR data
      var data = {"program":"SpaMo","version":"4.12.0","revision":"aacc9c3eb8c7b460b344d5c8aa1458097dae704d","release":"Tue Jun 27 16:22:50 2017 -0700","host":"Sudins-iMac.local","when":"Thu May 24 17:10:05 2018","cmd":["spamo","-verbosity","1","-oc","results/AHRpeaks_oneAHRE.bed.fa/hocomoco/spamo_out_7","-bgfile","results/AHRpeaks_oneAHRE.bed.fa/hocomoco/background","-primary","CCHCACCCTSCC","results/AHRpeaks_oneAHRE.bed.fa/hocomoco/AHRpeaks_oneAHRE.bed.fa","results/AHRpeaks_oneAHRE.bed.fa/hocomoco/meme_out/meme.xml","results/AHRpeaks_oneAHRE.bed.fa/hocomoco/meme_out/meme.xml","results/AHRpeaks_oneAHRE.bed.fa/hocomoco/dreme_out/dreme.xml","/Users/filipov4/meme/db/motif_databases/HUMAN/HOCOMOCOv11_full_HUMAN_mono_meme_format.meme"],"options":{"seq_min_hit_score":7,"margin":150,"bin_size":1,"bin_pvalue_calc_range":150,"use_best_secondary":0,"seq_max_shared_fract":0.5,"seq_odds_ratio":20,"bin_pvalue_cutoff":0.05,"motif_evalue_cutoff":10,"redundant_overlap":2,"redundant_joint":0.5,"motif_pseudocount":0.1,"bgfile":"results/AHRpeaks_oneAHRE.bed.fa/hocomoco/background","motif_trim":0.25,"xalph":0,"seed":1,"bin_max":8},"alphabet":{"name":"DNA","like":"dna","ncore":4,"symbols":[{"symbol":"A","name":"Adenine","colour":"CC0000","complement":"T"},{"symbol":"C","name":"Cytosine","colour":"0000CC","complement":"G"},{"symbol":"G","name":"Guanine","colour":"FFB300","complement":"C"},{"symbol":"T","aliases":"U","name":"Thymine","colour":"008000","complement":"A"},{"symbol":"N","aliases":"X.","name":"Any base","equals":"ACGT"},{"symbol":"V","name":"Not T","equals":"ACG"},{"symbol":"H","name":"Not G","equals":"ACT"},{"symbol":"D","name":"Not C","equals":"AGT"},{"symbol":"B","name":"Not A","equals":"CGT"},{"symbol":"M","name":"Amino","equals":"AC"},{"symbol":"R","name":"Purine","equals":"AG"},{"symbol":"W","name":"Weak","equals":"AT"},{"symbol":"S","name":"Strong","equals":"CG"},{"symbol":"Y","name":"Pyrimidine","equals":"CT"},{"symbol":"K","name":"Keto","equals":"GT"}]},"background":[0.2754,0.2246,0.2246,0.2754],"sequence_dbs":[{"source":"results/AHRpeaks_oneAHRE.bed.fa/hocomoco/AHRpeaks_oneAHRE.bed.fa","name":"AHRpeaks_oneAHRE.bed","last_modified":"Thu May 24 11:14:28 2018","loaded":843,"excluded_too_short":1,"excluded_no_match":587,"excluded_ambigs":0,"excluded_similar":6,"erased_primary_matches":144}],"primary_dbs":[{"source":"results/AHRpeaks_oneAHRE.bed.fa/hocomoco/meme_out/meme.xml","name":"meme.xml","last_modified":"Thu May 24 17:08:03 2018","loaded":6,"excluded":5}],"secondary_dbs":[{"source":"results/AHRpeaks_oneAHRE.bed.fa/hocomoco/meme_out/meme.xml","name":"meme.xml","last_modified":"Thu May 24 17:08:03 2018","loaded":7,"excluded":1},{"source":"results/AHRpeaks_oneAHRE.bed.fa/hocomoco/dreme_out/dreme.xml","name":"dreme.xml","last_modified":"Thu May 24 17:08:39 2018","loaded":7,"excluded":0},{"source":"/Users/filipov4/meme/db/motif_databases/HUMAN/HOCOMOCOv11_full_HUMAN_mono_meme_format.meme","name":"HOCOMOCOv11_full_HUMAN_mono_meme_format","last_modified":"Wed Dec  6 21:59:30 2017","loaded":771,"excluded":0}],"secondary_motifs":[{"db":0,"id":"GARCCCAGGARRSRGWGGWKGCASTGAGSC","alt":"MEME-4","len":30,"ltrim":0,"rtrim":0,"nsites":14,"evalue":"4.0e-009","pwm":[[0.143797,0.214359,0.639891,0.00195319],[0.640251,0.143437,0.143437,0.0728756],[0.427485,0.0725153,0.427124,0.0728756],[0.00195319,0.923578,0.0725153,0.00195319],[0.143797,0.781734,0.0725153,0.00195319],[0.00195319,0.781734,0.143437,0.0728756],[0.711173,0.0725153,0.214359,0.00195319],[0.00195319,0.00159291,0.923578,0.0728756],[0.143797,0.143437,0.710813,0.00195319],[0.640251,0.214359,0.0725153,0.0728756],[0.356563,0.00159291,0.568969,0.0728756],[0.356563,0.00159291,0.639891,0.00195319],[0.0728756,0.568969,0.285281,0.0728756],[0.285641,0.143437,0.427124,0.143797],[0.00195319,0.00159291,0.923578,0.0728756],[0.56933,0.00159291,0.143437,0.285641],[0.285641,0.0725153,0.639891,0.00195319],[0.143797,0.143437,0.639891,0.0728756],[0.498407,0.0725153,0.143437,0.285641],[0.0728756,0.00159291,0.427124,0.498407],[0.00195319,0.143437,0.639891,0.214719],[0.0728756,0.781734,0.143437,0.00195319],[0.923939,0.00159291,0.0725153,0.00195319],[0.00195319,0.356203,0.639891,0.00195319],[0.214719,0.214359,0.00159291,0.56933],[0.00195319,0.143437,0.781734,0.0728756],[0.923939,0.00159291,0.00159291,0.0728756],[0.00195319,0.00159291,0.923578,0.0728756],[0.143797,0.568969,0.285281,0.00195319],[0.00195319,0.781734,0.0725153,0.143797]]},{"db":2,"id":"ARNT2_HUMAN.H11MO.0.D","len":12,"ltrim":0,"rtrim":0,"nsites":18,"evalue":"1.0e+000","url":"http://hocomoco.autosome.ru/motif/ARNT2_HUMAN.H11MO.0.D","pwm":[[0.193705,0.0836054,0.583893,0.138796],[0.166251,0.28189,0.330699,0.22116],[0.00152155,0.660157,0.22088,0.117442],[0.00152155,0.0561506,0.940806,0.00152155],[0.00152155,0.00124088,0.0561506,0.941087],[0.00152155,0.0561506,0.940806,0.00152155],[0.0564312,0.00124088,0.879796,0.0625323],[0.166251,0.330699,0.39171,0.111341],[0.556719,0.00124088,0.275789,0.166251],[0.00152155,0.330699,0.556439,0.111341],[0.39199,0.00124088,0.495428,0.111341],[0.138796,0.583893,0.193425,0.0838861]]},{"db":2,"id":"DLX3_HUMAN.H11MO.0.C","len":10,"ltrim":0,"rtrim":1,"nsites":34,"evalue":"1.0e+000","url":"http://hocomoco.autosome.ru/motif/DLX3_HUMAN.H11MO.0.C","pwm":[[0.173381,0.128478,0.659023,0.0391183],[0.412098,0.403735,0.18336,0.000807624],[0.000807624,0.0230358,0.000658651,0.975498],[0.975498,0.000658651,0.0230358,0.000807624],[0.997875,0.000658651,0.000658651,0.000807624],[0.000807624,0.000658651,0.000658651,0.997875],[0.000807624,0.000658651,0.0454129,0.953121],[0.541543,0.000658651,0.363797,0.0940007],[0.161132,0.51562,0.277686,0.0455619],[0.445591,0.15454,0.102704,0.297165]]},{"db":2,"id":"DLX5_HUMAN.H11MO.0.D","len":11,"ltrim":0,"rtrim":1,"nsites":464,"evalue":"1.0e+000","url":"http://hocomoco.autosome.ru/motif/DLX5_HUMAN.H11MO.0.D","pwm":[[0.243541,0.0668443,0.0431426,0.646472],[0.715422,0.0905461,0.165961,0.0280705],[0.905037,0.0302143,0.0259049,0.0388441],[0.017297,0.0237502,0.0215955,0.937357],[0.0496176,0.0302143,0.127176,0.792992],[0.661555,0.0625349,0.215519,0.0603912],[0.0582365,0.402979,0.0582255,0.480559],[0.650781,0.00435781,0.120712,0.224149],[0.0474629,0.0259049,0.674472,0.25216],[0.103485,0.142259,0.571046,0.18321],[0.06901,0.17027,0.370658,0.390061]]},{"db":2,"id":"ESR1_HUMAN.H11MO.1.A","len":10,"ltrim":0,"rtrim":1,"nsites":500,"evalue":"1.0e+000","url":"http://hocomoco.autosome.ru/motif/ESR1_HUMAN.H11MO.1.A","pwm":[[0.122031,0.545936,0.120021,0.212013],[0.349985,0.32598,0.118021,0.206014],[0.631929,0.0160417,0.347975,0.00405427],[0.00605387,4.4911e-05,0.965852,0.0280495],[0.00605387,4.4911e-05,0.991847,0.00205467],[0.0380475,0.00404411,0.102025,0.855884],[0.00405427,0.97385,0.0200409,0.00205467],[0.993856,0.00204451,0.00404411,5.5069e-05],[0.0680415,0.443956,0.369971,0.118031],[0.317991,0.335978,0.245996,0.100035]]},{"db":2,"id":"ETV4_HUMAN.H11MO.0.B","len":11,"ltrim":2,"rtrim":2,"nsites":500,"evalue":"1.0e+000","url":"http://hocomoco.autosome.ru/motif/ETV4_HUMAN.H11MO.0.B","pwm":[[0.335988,0.233998,0.329979,0.100035],[0.383978,0.134018,0.319981,0.162023],[0.136028,0.609923,0.233998,0.0200511],[0.955864,0.0100429,0.0200409,0.0140523],[0.00605387,0.00204451,0.97585,0.0160519],[0.0160519,0.0260397,0.957853,5.5069e-05],[0.92387,0.0160417,0.0500349,0.0100531],[0.869881,0.0140421,0.0460357,0.0700411],[0.307993,0.0220405,0.587927,0.0820387],[0.138027,0.178009,0.345976,0.337987],[0.287997,0.132019,0.413962,0.166022]]},{"db":2,"id":"ETV5_HUMAN.H11MO.0.C","len":14,"ltrim":1,"rtrim":1,"nsites":500,"evalue":"1.0e+000","url":"http://hocomoco.autosome.ru/motif/ETV5_HUMAN.H11MO.0.C","pwm":[[0.327989,0.180009,0.381969,0.110033],[0.455964,0.0880273,0.327979,0.128029],[0.297995,0.0980253,0.493946,0.110033],[0.200015,0.417961,0.345976,0.0360479],[0.839887,0.0360377,0.0840281,0.0400471],[0.0160519,0.00604371,0.961853,0.0160519],[0.0440463,0.0160417,0.935858,0.00405427],[0.793896,0.0680313,0.102025,0.0360479],[0.945866,0.00604371,0.0120425,0.0360479],[0.371981,0.0620325,0.547935,0.0180515],[0.228009,0.100025,0.231999,0.439967],[0.218011,0.106024,0.537937,0.138027],[0.405974,0.120021,0.385968,0.0880375],[0.272001,0.216002,0.37397,0.138027]]},{"db":2,"id":"GFI1_HUMAN.H11MO.0.C","len":10,"ltrim":0,"rtrim":0,"nsites":150,"evalue":"1.0e+000","url":"http://hocomoco.autosome.ru/motif/GFI1_HUMAN.H11MO.0.C","pwm":[[0.291458,0.0696179,0.587338,0.0515863],[0.0778809,0.684249,0.139375,0.0984949],[0.405098,0.100463,0.0757444,0.418694],[0.0521638,0.285474,0.562907,0.0994553],[0.239233,0.0171165,0.0800629,0.663588],[0.000183478,0.000149634,0.999483,0.000183478],[0.999517,0.000149634,0.000149634,0.000183478],[0.000183478,0.000149634,0.000149634,0.999517],[0.000183478,0.000149634,0.000149634,0.999517],[0.103617,0.118133,0.190847,0.587403]]},{"db":2,"id":"GSC_HUMAN.H11MO.0.D","len":11,"ltrim":3,"rtrim":2,"nsites":1241,"evalue":"1.0e+000","url":"http://hocomoco.autosome.ru/motif/GSC_HUMAN.H11MO.0.D","pwm":[[0.472587,0.118864,0.227639,0.18091],[0.371668,0.118663,0.287868,0.221801],[0.177889,0.333392,0.359981,0.128739],[0.052798,0.0632684,0.880286,0.00364801],[0.0330574,0.00324104,0.960456,0.00324514],[0.997524,0.00243531,1.80969e-05,2.219e-05],[2.219e-05,1.80969e-05,1.80969e-05,0.999942],[2.219e-05,1.80969e-05,1.80969e-05,0.999942],[0.99551,0.000420965,0.0012267,0.00284227],[0.331381,0.0928793,0.396642,0.179097],[0.14304,0.346888,0.312241,0.197831]]},{"db":2,"id":"IKZF1_HUMAN.H11MO.0.C","len":8,"ltrim":0,"rtrim":0,"nsites":60,"evalue":"1.0e+000","url":"http://hocomoco.autosome.ru/motif/IKZF1_HUMAN.H11MO.0.C","pwm":[[0.0428324,0.285976,0.237669,0.433523],[0.0580871,0.088512,0.000373711,0.853027],[0.0563922,0.000373711,0.942776,0.000458236],[0.0191029,0.0308831,0.949556,0.000458236],[0.000458236,0.0173234,0.98176,0.000458236],[0.849637,0.000373711,0.149531,0.000458236],[0.320807,0.0308831,0.532594,0.115716],[0.415725,0.039358,0.368182,0.176735]]},{"db":2,"id":"KAISO_HUMAN.H11MO.1.A","len":11,"ltrim":1,"rtrim":1,"nsites":500,"evalue":"1.0e+000","url":"http://hocomoco.autosome.ru/motif/KAISO_HUMAN.H11MO.1.A","pwm":[[0.150025,0.231999,0.12602,0.491957],[0.315992,0.487947,0.152015,0.0440463],[0.0640423,0.227999,0.134018,0.57394],[0.00855337,0.900365,0.0285392,0.0625426],[0.0685414,0.0225404,0.894366,0.0145522],[0.060543,0.848375,0.0465356,0.0445462],[0.0465458,0.000544811,0.940357,0.0125526],[0.906374,0.0125424,0.0725304,0.00855337],[0.00855337,0.000544811,0.97435,0.0165518],[0.806394,0.0465356,0.134518,0.0125526],[0.354484,0.188507,0.262492,0.194516]]},{"db":2,"id":"MSX2_HUMAN.H11MO.0.D","len":7,"ltrim":0,"rtrim":2,"nsites":11,"evalue":"1.0e+000","url":"http://hocomoco.autosome.ru/motif/MSX2_HUMAN.H11MO.0.D","pwm":[[0.00248108,0.00202342,0.0829206,0.912575],[0.912575,0.00202342,0.0829206,0.00248108],[0.902463,0.00202342,0.0930328,0.00248108],[0.00248108,0.00202342,0.00202342,0.993472],[0.194612,0.00202342,0.00202342,0.801341],[0.1845,0.17393,0.355949,0.285621],[0.116243,0.125897,0.287692,0.470168]]},{"db":2,"id":"NR1H3_HUMAN.H11MO.1.B","len":10,"ltrim":0,"rtrim":2,"nsites":500,"evalue":"1.0e+000","url":"http://hocomoco.autosome.ru/motif/NR1H3_HUMAN.H11MO.1.B","pwm":[[0.487957,0.277989,0.100025,0.134028],[0.455964,0.265992,0.247995,0.0300491],[0.87788,0.00604371,0.0960257,0.0200511],[0.0120527,4.4911e-05,0.97585,0.0120527],[0.00605387,0.00804331,0.883868,0.102035],[0.106034,0.12602,0.154014,0.613932],[0.00605387,0.969851,0.0140421,0.0100531],[0.981859,0.00804331,0.00804331,0.00205467],[0.206014,0.32398,0.349975,0.120031],[0.409973,0.148015,0.27399,0.168021]]},{"db":2,"id":"NR1I2_HUMAN.H11MO.1.D","len":8,"ltrim":0,"rtrim":1,"nsites":45,"evalue":"1.0e+000","url":"http://hocomoco.autosome.ru/motif/NR1I2_HUMAN.H11MO.1.D","pwm":[[0.47263,0.0659264,0.329977,0.131467],[0.755374,0.000498005,0.243518,0.000610643],[0.000610643,0.000498005,0.998281,0.000610643],[0.105763,0.000498005,0.194446,0.699292],[0.000610643,0.0215286,0.000498005,0.977363],[0.000610643,0.930516,0.0682631,0.000610643],[0.977363,0.000498005,0.0215286,0.000610643],[0.10109,0.336987,0.248191,0.313732]]},{"db":2,"id":"NR1I3_HUMAN.H11MO.1.D","len":8,"ltrim":0,"rtrim":1,"nsites":33,"evalue":"1.0e+000","url":"http://hocomoco.autosome.ru/motif/NR1I3_HUMAN.H11MO.1.D","pwm":[[0.499321,0.029811,0.343795,0.127073],[0.722671,0.00067855,0.275819,0.000832024],[0.000832024,0.00067855,0.997657,0.000832024],[0.000832024,0.00067855,0.389112,0.609378],[0.000832024,0.00067855,0.00067855,0.997811],[0.000832024,0.903786,0.0621805,0.0332015],[0.997811,0.00067855,0.00067855,0.000832024],[0.059097,0.29524,0.321136,0.324526]]},{"db":2,"id":"OTX1_HUMAN.H11MO.0.D","len":8,"ltrim":1,"rtrim":1,"nsites":8,"evalue":"1.0e+000","url":"http://hocomoco.autosome.ru/motif/OTX1_HUMAN.H11MO.0.D","pwm":[[0.454656,0.181572,0.181572,0.182199],[0.156657,0.00277284,0.734999,0.105571],[0.0034,0.00277284,0.990427,0.0034],[0.667512,0.326315,0.00277284,0.0034],[0.0034,0.00277284,0.00277284,0.991054],[0.0034,0.00277284,0.00277284,0.991054],[0.991054,0.00277284,0.00277284,0.0034],[0.284371,0.283743,0.351858,0.0800284]]},{"db":2,"id":"OTX2_HUMAN.H11MO.0.A","len":11,"ltrim":1,"rtrim":1,"nsites":500,"evalue":"1.0e+000","url":"http://hocomoco.autosome.ru/motif/OTX2_HUMAN.H11MO.0.A","pwm":[[0.443966,0.140017,0.255994,0.160023],[0.379979,0.0600329,0.417961,0.142027],[0.333988,0.0820285,0.527939,0.0560439],[0.210013,0.00204451,0.771891,0.0160519],[0.0320487,0.0400369,0.92386,0.00405427],[0.835888,0.152015,0.00404411,0.00805347],[0.00205467,0.00604371,0.00404411,0.987858],[0.0140523,0.0200409,0.00804331,0.957864],[0.883878,0.00404411,0.0220405,0.0900371],[0.427969,0.0500349,0.401965,0.120031],[0.208013,0.357973,0.355974,0.0780395]]},{"db":2,"id":"PITX1_HUMAN.H11MO.0.D","len":9,"ltrim":1,"rtrim":0,"nsites":500,"evalue":"1.0e+000","url":"http://hocomoco.autosome.ru/motif/PITX1_HUMAN.H11MO.0.D","pwm":[[0.37398,0.144016,0.349975,0.132029],[0.228009,0.0240401,0.569931,0.178019],[0.0580435,4.4911e-05,0.931859,0.0100531],[0.0360479,0.00804331,0.947855,0.00805347],[0.591937,0.389967,0.00404411,0.0140523],[0.00205467,0.00404411,0.00204451,0.991857],[0.00405427,0.0660317,0.0180413,0.911873],[0.667921,0.00204451,0.0160417,0.313992],[0.457963,0.0620325,0.367971,0.112033]]},{"db":2,"id":"PITX2_HUMAN.H11MO.0.D","len":10,"ltrim":0,"rtrim":2,"nsites":17,"evalue":"1.0e+000","url":"http://hocomoco.autosome.ru/motif/PITX2_HUMAN.H11MO.0.D","pwm":[[0.0571842,0.235958,0.174209,0.532648],[0.112758,0.0568872,0.470603,0.359752],[0.118933,0.00131345,0.822569,0.0571842],[0.00161053,0.00131345,0.995465,0.00161053],[0.822867,0.174209,0.00131345,0.00161053],[0.00161053,0.00131345,0.00131345,0.995763],[0.00161053,0.00131345,0.0568872,0.940189],[0.699369,0.0568872,0.00131345,0.24243],[0.409151,0.303881,0.223608,0.0633591],[0.361296,0.194278,0.126354,0.318072]]},{"db":2,"id":"PO6F2_HUMAN.H11MO.0.D","len":11,"ltrim":2,"rtrim":1,"nsites":1298,"evalue":"1.0e+000","url":"http://hocomoco.autosome.ru/motif/PO6F2_HUMAN.H11MO.0.D","pwm":[[0.195406,0.176204,0.418637,0.209752],[0.318086,0.173537,0.151401,0.356977],[0.0205459,0.0234226,0.0158043,0.940227],[0.999432,1.73022e-05,0.000529018,2.12156e-05],[0.997064,1.73022e-05,0.00238615,0.000532932],[2.12156e-05,1.73022e-05,0.00596816,0.993993],[0.00290178,1.73022e-05,0.362019,0.635062],[0.976941,0.00542339,0.00491167,0.0127236],[0.024128,0.0215655,0.940545,0.0137614],[0.0671208,0.44155,0.349918,0.141412],[0.182097,0.218063,0.128099,0.471741]]},{"db":2,"id":"RARG_HUMAN.H11MO.1.B","len":8,"ltrim":0,"rtrim":0,"nsites":393,"evalue":"1.0e+000","url":"http://hocomoco.autosome.ru/motif/RARG_HUMAN.H11MO.1.B","pwm":[[0.282441,0.333306,0.348569,0.0356844],[0.742884,0.0102327,0.241726,0.00515782],[0.00515782,5.71356e-05,0.992171,0.00261394],[0.00515782,0.00260102,0.956557,0.0356844],[0.0789304,0.0102327,0.183217,0.72762],[0.00515782,0.969276,0.025496,7.00585e-05],[0.974377,0.00768878,0.0153204,0.00261394],[0.101825,0.27734,0.519009,0.101825]]},{"db":2,"id":"RFX5_HUMAN.H11MO.1.A","len":11,"ltrim":0,"rtrim":0,"nsites":167,"evalue":"1.0e+000","url":"http://hocomoco.autosome.ru/motif/RFX5_HUMAN.H11MO.1.A","pwm":[[0.0600092,0.64047,0.0958855,0.203636],[0.287418,0.0240722,0.149745,0.538764],[0.0181181,0.000134411,0.969614,0.0121337],[0.000164811,0.0121033,0.000134411,0.987597],[0.0779625,0.125808,0.0121033,0.784127],[0.161745,0.0360411,0.64047,0.161745],[0.00614925,0.95166,0.0121033,0.030087],[0.0181181,0.323294,0.0240722,0.634515],[0.658453,0.0240722,0.281403,0.0360715],[0.15576,0.0300566,0.610547,0.203636],[0.030087,0.0958855,0.867878,0.00614925]]},{"db":2,"id":"RHXF1_HUMAN.H11MO.0.D","len":11,"ltrim":2,"rtrim":2,"nsites":3568,"evalue":"1.0e+000","url":"http://hocomoco.autosome.ru/motif/RHXF1_HUMAN.H11MO.0.D","pwm":[[0.28398,0.311451,0.244272,0.160297],[0.323305,0.147689,0.406264,0.122743],[0.109098,0.11359,0.561315,0.215997],[0.0271731,0.0108289,0.951911,0.0100874],[0.00169159,0.00129418,0.992104,0.00491039],[0.780321,0.184111,0.0313005,0.00426736],[0.00748615,0.00451297,0.00654196,0.981459],[0.150194,0.367646,0.0546208,0.427539],[0.746569,0.0399396,0.0625184,0.150973],[0.358024,0.111278,0.238392,0.292306],[0.16169,0.431667,0.284077,0.122567]]},{"db":2,"id":"SNAI2_HUMAN.H11MO.0.A","len":10,"ltrim":0,"rtrim":1,"nsites":500,"evalue":"1.0e+000","url":"http://hocomoco.autosome.ru/motif/SNAI2_HUMAN.H11MO.0.A","pwm":[[0.399975,0.0720305,0.42596,0.102035],[0.429969,0.00404411,0.563932,0.00205467],[0.00205467,0.997845,4.4911e-05,5.5069e-05],[0.999855,4.4911e-05,4.4911e-05,5.5069e-05],[5.5069e-05,4.4911e-05,0.999845,5.5069e-05],[5.5069e-05,4.4911e-05,0.999845,5.5069e-05],[5.5069e-05,4.4911e-05,4.4911e-05,0.999855],[5.5069e-05,4.4911e-05,0.993846,0.00605387],[0.00405427,0.561933,0.210003,0.22401],[0.37398,0.231999,0.188007,0.206014]]},{"db":2,"id":"TBX21_HUMAN.H11MO.0.A","len":13,"ltrim":2,"rtrim":1,"nsites":494,"evalue":"1.0e+000","url":"http://hocomoco.autosome.ru/motif/TBX21_HUMAN.H11MO.0.A","pwm":[[0.214587,0.202434,0.439228,0.143751],[0.214587,0.115407,0.315771,0.354235],[0.12756,0.186243,0.572804,0.113393],[0.329948,0.109335,0.333986,0.22673],[0.491859,0.0526664,0.321843,0.133632],[0.190301,0.00814098,0.700309,0.10125],[0.0567244,0.297556,0.601138,0.0445811],[0.0486289,0.00814098,0.00814098,0.935089],[0.00207962,0.00206934,0.967461,0.0283901],[0.147799,0.125526,0.121478,0.605196],[0.0425573,0.16398,0.613282,0.180181],[0.601149,0.0182604,0.317795,0.0627961],[0.376498,0.19029,0.259102,0.17411]]},{"db":2,"id":"TBX2_HUMAN.H11MO.0.D","len":25,"ltrim":0,"rtrim":1,"nsites":8,"evalue":"1.0e+000","url":"http://hocomoco.autosome.ru/motif/TBX2_HUMAN.H11MO.0.D","pwm":[[0.195083,0.194456,0.0645012,0.54596],[0.120359,0.132727,0.509595,0.237318],[0.263309,0.483605,0.249686,0.0034],[0.367273,0.379641,0.119732,0.133355],[0.497227,0.236691,0.00277284,0.263309],[0.367273,0.132727,0.119732,0.380268],[0.0034,0.873468,0.00277284,0.120359],[0.523218,0.236691,0.00277284,0.237318],[0.133355,0.249686,0.379641,0.237318],[0.8611,0.00277284,0.00277284,0.133355],[0.133355,0.00277284,0.860473,0.0034],[0.133355,0.00277284,0.860473,0.0034],[0.133355,0.00277284,0.00277284,0.8611],[0.0034,0.00277284,0.860473,0.133355],[0.263309,0.00277284,0.00277284,0.731145],[0.0034,0.132727,0.860473,0.0034],[0.8611,0.132727,0.00277284,0.0034],[0.497227,0.00277284,0.4966,0.0034],[0.497227,0.236691,0.262682,0.0034],[0.380268,0.249686,0.00277284,0.367273],[0.120359,0.00277284,0.63955,0.237318],[0.133355,0.483605,0.132727,0.250314],[0.0034,0.366645,0.509595,0.120359],[0.510223,0.366645,0.119732,0.0034],[0.191834,0.43812,0.178211,0.191834]]},{"db":2,"id":"TCF7_HUMAN.H11MO.0.A","len":16,"ltrim":3,"rtrim":2,"nsites":500,"evalue":"1.0e+000","url":"http://hocomoco.autosome.ru/motif/TCF7_HUMAN.H11MO.0.A","pwm":[[0.457963,0.128019,0.27399,0.140027],[0.451965,0.241997,0.190007,0.116032],[0.281999,0.451955,0.128019,0.138027],[0.293996,0.479949,0.158013,0.0680415],[0.759903,0.0540341,0.0880273,0.0980355],[0.0300491,0.681909,0.27399,0.0140523],[0.679919,0.0660317,0.00204451,0.252005],[0.114032,0.0200409,0.0280393,0.837888],[0.0660419,0.699905,0.212003,0.0220507],[0.959863,0.0120425,0.00604371,0.0220507],[0.863882,0.0680313,0.0600329,0.00805347],[0.899875,0.00204451,0.0720305,0.0260499],[0.190017,0.0400369,0.757893,0.0120527],[0.240007,0.214002,0.485948,0.0600431],[0.327989,0.245996,0.301985,0.12403],[0.443966,0.190007,0.196006,0.170021]]},{"db":2,"id":"VDR_HUMAN.H11MO.1.A","len":9,"ltrim":1,"rtrim":1,"nsites":500,"evalue":"1.0e+000","url":"http://hocomoco.autosome.ru/motif/VDR_HUMAN.H11MO.1.A","pwm":[[0.234008,0.200005,0.158013,0.407973],[0.182019,0.0340381,0.741897,0.0420467],[0.413972,0.00204451,0.581929,0.00205467],[5.5069e-05,0.00604371,0.993846,5.5069e-05],[0.00805347,4.4911e-05,0.471951,0.519951],[0.00605387,0.0100429,0.0860277,0.897876],[0.00405427,0.977849,0.00804331,0.0100531],[0.929869,0.00404411,0.0260397,0.0400471],[0.102035,0.27599,0.369971,0.252005]]},{"db":2,"id":"VSX2_HUMAN.H11MO.0.D","len":12,"ltrim":0,"rtrim":2,"nsites":500,"evalue":"1.0e+000","url":"http://hocomoco.autosome.ru/motif/VSX2_HUMAN.H11MO.0.D","pwm":[[0.120031,0.387967,0.0820285,0.409973],[0.0140523,0.00404411,0.00404411,0.97786],[0.97786,0.0100429,0.00804331,0.00405427],[0.995856,0.00404411,4.4911e-05,5.5069e-05],[5.5069e-05,4.4911e-05,0.00404411,0.995856],[5.5069e-05,0.00204451,4.4911e-05,0.997856],[0.991857,4.4911e-05,0.00804331,5.5069e-05],[0.0140523,0.00804331,0.977849,5.5069e-05],[5.5069e-05,0.993846,0.00204451,0.00405427],[0.0320487,0.361973,0.00204451,0.603934],[0.216012,0.148015,0.160013,0.47596],[0.317991,0.339977,0.190007,0.152025]]}],"sequence_names":["chr10:121545300-121546349","chr10:132883100-132883799","chr10:21480300-21480949","chr10:7329750-7330499","chr11:67449250-67449849","chr11:69329850-69330649","chr11:71856050-71856499","chr11:80410850-80411799","chr11:82611400-82612299","chr12:122192550-122193199","chr12:122933750-122934649","chr12:124716500-124716999","chr12:32827850-32828349","chr12:52672150-52672599","chr12:92170900-92171799","chr12:93480700-93481599","chr13:39260100-39260999","chr13:98945300-98946249","chr14:37325100-37326049","chr14:51370350-51371599","chr14:51377100-51378099","chr14:75756500-75757099","chr14:77500300-77501049","chr15:101253250-101254599","chr15:63753900-63754749","chr15:63764900-63765899","chr15:99343400-99344099","chr15:99397900-99399049","chr16:15583050-15583799","chr16:69757550-69758099","chr16:70779700-70780299","chr16:87274150-87274849","chr17:25897100-25897849","chr17:4064200-4065349","chr17:60501650-60502099","chr17:65633800-65635149","chr17:66374350-66375149","chr17:76369950-76370699","chr18:55755000-55756349","chr18:71509800-71510299","chr18:72895350-72895999","chr19:36222050-36222999","chr19:45245100-45245699","chr19:46696100-46696949","chr1:17886150-17886949","chr1:181103700-181104099","chr1:207193400-207193899","chr1:37504100-37504999","chr1:51794850-51795649","chr1:94510900-94511499","chr20:15041550-15043299","chr20:50419350-50420349","chr21:43475950-43477649","chr21:45132100-45132599","chr22:46307550-46308049","chr2:114633900-114634699","chr2:11638300-11639299","chr2:161078100-161078599","chr2:164205350-164205899","chr2:182885050-182886149","chr2:39348200-39348949","chr3:131447600-131448349","chr3:193876550-193877049","chr3:53189650-53190499","chr3:9191100-9191649","chr4:140074500-140075099","chr4:3113150-3113799","chr4:83445550-83446899","chr5:132580750-132582099","chr5:145912900-145913499","chr5:177508350-177508699","chr5:77995150-77996049","chr6:13873250-13873949","chr6:14744000-14744749","chr6:33955900-33956749","chr6:36288200-36288749","chr6:36992250-36992799","chr7:101343600-101344249","chr7:131312400-131312999","chr7:155115450-155116449","chr7:30387350-30388199","chr7:3283650-3284599","chr7:74049650-74050349","chr8:102504650-102505149","chr8:128882450-128883449","chr8:131045250-131045899","chr8:48454200-48455449","chr9:114795700-114796299","chr9:134180200-134180899","chr9:74397950-74398649","chr9:88358100-88358949","chrX:152064150-152065099"],"primaries":[{"motif":{"db":0,"id":"CCHCACCCTSCC","alt":"MEME-5","len":12,"ltrim":0,"rtrim":0,"nsites":35,"evalue":"5.3e-006","pwm":[[0.000784615,0.798361,0.000639886,0.200215],[0.000784615,0.82685,0.000639886,0.171725],[0.285685,0.34252,0.000639886,0.371155],[0.000784615,0.940811,0.0576201,0.000784615],[0.542095,0.22856,0.000639886,0.228704],[0.000784615,0.997791,0.000639886,0.000784615],[0.000784615,0.997791,0.000639886,0.000784615],[0.000784615,0.82685,0.17158,0.000784615],[0.257195,0.20007,0.000639886,0.542095],[0.000784615,0.655911,0.34252,0.000784615],[0.285685,0.712891,0.000639886,0.000784615],[0.000784615,0.912321,0.000639886,0.0862544]]},"secondaries":[[{"idx":3,"counts":[[0,0,0,0,0,0,0,0,0,4,0,0,0,1,0,0,0,0,1,0,0,0,0,0,0,0,0,0,1,0,0,0,1,0,1,0,0,1,1,0,0,1,0,0,0,0,0,1,0,0,0,0,0,0,0,0,0,0,0,0,0,0,0,0,0,0,0,1,0,0,0,0,2,0,1,0,1,0,0,0,0,0,0,0,0,0,0,0,0,0,0,0,0,0,0,1,0,0,0,0,0,0,0,0,0,2,0,1,0,0,0,0,0,0,0,0,0,0,0,0,0,0,1,2,0,0,1,0,0,0,0,0,0,0,0,0,1,0,0,0,0,0],[0,0,0,0,0,0,0,0,2,7,0,0,0,0,0,1,0,0,0,0,1,0,0,1,0,0,0,0,1,0,0,1,0,0,2,0,0,0,0,0,0,1,0,0,0,0,1,0,0,1,1,0,0,0,0,0,0,0,1,0,0,0,0,1,0,0,0,0,0,0,0,0,1,0,0,0,0,1,0,0,0,0,0,0,0,0,0,0,0,0,0,0,0,0,0,0,0,0,0,0,0,0,1,0,0,1,0,0,0,0,0,0,1,0,0,1,0,0,0,0,1,0,1,0,0,0,0,0,0,1,0,0,0,0,0,0,0,1,0,0,0,0],[0,0,0,0,1,0,0,0,0,0,1,0,0,0,0,0,0,0,0,1,0,1,0,0,0,0,0,0,0,0,0,0,0,0,0,0,0,0,0,1,0,0,0,0,0,0,0,0,0,0,0,0,0,1,0,0,0,0,1,1,1,0,0,0,0,0,0,0,0,0,0,1,0,1,0,0,0,0,0,0,0,0,1,0,0,0,0,0,0,1,0,0,1,0,1,0,0,0,0,2,0,0,0,2,0,0,0,0,0,0,0,0,0,1,0,1,0,0,0,0,0,0,0,0,2,0,0,0,1,0,1,0,0,0,0,0,0,0,0,0,0,0],[0,1,0,0,1,1,0,0,1,1,0,0,0,1,1,0,1,0,0,0,0,0,1,0,0,0,0,0,0,0,1,0,1,0,1,0,0,0,0,0,0,0,0,0,0,1,0,0,0,0,1,0,0,0,0,0,0,0,0,1,0,0,0,0,0,0,0,0,0,1,0,0,0,0,0,0,0,0,0,0,0,0,1,0,0,1,0,0,0,0,1,2,0,0,0,0,0,1,0,0,0,0,0,0,1,0,1,0,0,0,1,1,0,1,0,0,0,0,0,1,1,0,0,0,0,0,0,1,0,0,1,1,1,0,0,0,0,2,0,0,0,0]],"spacings":[{"orient":8,"bin":9,"pvalue":7.62091e-11,"inferred_pwm":[[0.0833333,0.0833333,0.75,0.0833333],[0.166667,0,0.833333,0],[1,0,0,0],[0,0,0,1],[0,0,0,1],[0.833333,0,0.0833333,0.0833333],[0,1,0,0],[0.916667,0,0,0.0833333],[0,0,1,0],[0,0.0833333,0.916667,0]],"alignment_pwm":[[[0,1,0,0],[1,0,0,0],[1,0,0,0],[0.75,0,0.25,0],[0,0,0.75,0.25],[0,0,0.25,0.75],[0.25,0,0.75,0],[0,1,0,0],[0,0,0,1],[0.25,0,0.75,0],[0,0.25,0.75,0],[0,0,1,0],[1,0,0,0],[0,0,0,1],[0,0,0,1],[1,0,0,0],[0,1,0,0],[1,0,0,0],[0,0,1,0],[0,0,1,0],[0,0.75,0,0.25],[0.75,0,0.25,0],[0,0,0,1],[0.25,0,0.75,0],[0.75,0,0,0.25],[0,0,1,0],[0,1,0,0],[0,1,0,0],[1,0,0,0],[0,1,0,0],[0,0.75,0,0.25],[0.75,0,0.25,0],[0,1,0,0],[0.75,0.25,0,0],[0,1,0,0],[0,1,0,0],[0,1,0,0],[0.75,0,0,0.25],[0,0,1,0],[0,1,0,0],[0,0.75,0,0.25],[0.25,0.5,0,0.25],[0.25,0.25,0,0.5],[0,0.5,0.25,0.25],[0.25,0,0,0.75],[0.25,0,0.25,0.5],[0,0.25,0,0.75],[0,0.25,0,0.75],[0,0,0.25,0.75],[0.25,0,0.25,0.5],[0.25,0.25,0.25,0.25],[0.25,0.25,0,0.5],[0,0,0,1],[0,0.25,0,0.75],[0.25,0,0,0.75],[0.25,0.25,0.25,0.25],[0,0,0.5,0.5],[0.25,0.5,0.25,0],[0,0.5,0,0.5],[0,0.25,0.25,0.5],[0,0,0.25,0.75],[0,0,0.25,0.75],[0.5,0,0.25,0.25],[0.25,0.25,0.25,0.25],[0,0.25,0.5,0.25],[0.25,0.25,0.25,0.25],[0.75,0.25,0,0],[0,0.25,0.5,0.25],[0.5,0.25,0,0.25],[0,0.75,0.25,0]],[[0.166667,0.666667,0,0.166667],[0,0.333333,0.166667,0.5],[0.333333,0.166667,0.5,0],[0.166667,0.666667,0,0.166667],[0.166667,0.833333,0,0],[0.166667,0.166667,0,0.666667],[0,1,0,0],[0,0.666667,0.166667,0.166667],[0,0.666667,0.166667,0.166667],[0.428571,0,0.571429,0],[0,0,0.857143,0.142857],[0,0,0.857143,0.142857],[0,0.285714,0,0.714286],[0,0.285714,0,0.714286],[0,0.857143,0,0.142857],[0.857143,0,0,0.142857],[0.857143,0,0,0.142857],[0.142857,0,0.714286,0.142857],[0.142857,0.571429,0,0.285714],[0.571429,0,0.428571,0],[0.714286,0,0.142857,0.142857],[0,0,0,1],[0,0.285714,0,0.714286],[0.142857,0.857143,0,0],[0,0,0,1],[0,0.857143,0,0.142857],[0,0.714286,0,0.285714],[0.142857,0.142857,0,0.714286],[0.142857,0.142857,0.714286,0],[0,0.857143,0,0.142857],[0,0.857143,0,0.142857],[0,0,0,1],[0,0.857143,0.142857,0],[0.714286,0,0,0.285714],[0,0.142857,0.857143,0],[0,1,0,0],[0,1,0,0],[0,0,0,1],[0,0.857143,0.142857,0],[0,1,0,0],[0,1,0,0],[0.428571,0,0.428571,0.142857],[0.857143,0,0,0.142857],[0.285714,0.142857,0.571429,0],[0,0,0.142857,0.857143],[0.571429,0,0.285714,0.142857],[0.142857,0,0.857143,0],[0,0.857143,0,0.142857],[0,0,0,1],[0.142857,0,0.857143,0],[0.142857,0,0.857143,0],[0.142857,0,0.857143,0],[1,0,0,0],[0,0,0,1],[0,0,0,1],[0.857143,0,0,0.142857],[0,1,0,0],[0.857143,0,0,0.142857],[0,0,1,0],[0,0,1,0],[0,0.571429,0,0.428571],[0.428571,0,0.428571,0.142857],[0,0.428571,0,0.571429],[0.142857,0,0.571429,0.285714],[0.285714,0.571429,0,0.142857],[0.428571,0,0.428571,0.142857],[0,0.571429,0,0.428571],[0.142857,0.714286,0,0.142857],[0.714286,0.142857,0.142857,0],[0,0.833333,0,0.166667]],null,[[0,0,1,0],[0,1,0,0],[0,1,0,0],[0,0,0,1],[0,0,0,1],[0,0,1,0],[1,0,0,0],[0,1,0,0],[0,1,0,0],[0,0,0,1],[0,1,0,0],[0,1,0,0],[0,0,0,1],[1,0,0,0],[0,0,1,0],[0,0,1,0],[0,1,0,0],[0,0,0,1],[0,1,0,0],[1,0,0,0],[1,0,0,0],[0,0,1,0],[0,1,0,0],[1,0,0,0],[1,0,0,0],[0,0,0,1],[0,1,0,0],[0,0,0,1],[0,0,0,1],[0,1,0,0],[0,1,0,0],[0,0,0,1],[0,0,1,0],[0.25,0.25,0.25,0.25],[0.25,0.25,0.25,0.25],[0.25,0.25,0.25,0.25],[0.25,0.25,0.25,0.25],[0.25,0.25,0.25,0.25],[0.25,0.25,0.25,0.25],[0.25,0.25,0.25,0.25],[0.25,0.25,0.25,0.25],[0.25,0.25,0.25,0.25],[0.25,0.25,0.25,0.25],[0.25,0.25,0.25,0.25],[0.25,0.25,0.25,0.25],[1,0,0,0],[1,0,0,0],[0,0,1,0],[0,0,0,1],[1,0,0,0],[0,0,1,0],[0,1,0,0],[0,0,0,1],[0,0,1,0],[0,1,0,0],[1,0,0,0],[1,0,0,0],[0,0,0,1],[0,0,0,1],[1,0,0,0],[0,1,0,0],[1,0,0,0],[1,0,0,0],[0,0,1,0],[0,1,0,0],[0,0,1,0],[1,0,0,0],[0,0,1,0],[0,1,0,0],[1,0,0,0]]],"seqs":[0,29,37,82,6,12,14,15,55,78,85,20]},{"orient":1,"bin":9,"pvalue":2.5939e-09,"inferred_pwm":[[0.142857,0,0.857143,0],[0.142857,0,0.857143,0],[1,0,0,0],[0,0,0,1],[0,0,0,1],[0.857143,0,0,0.142857],[0,1,0,0],[0.857143,0,0,0.142857],[0,0,1,0],[0,0,1,0]],"alignment_pwm":[null,[[0.166667,0.666667,0,0.166667],[0,0.333333,0.166667,0.5],[0.333333,0.166667,0.5,0],[0.166667,0.666667,0,0.166667],[0.166667,0.833333,0,0],[0.166667,0.166667,0,0.666667],[0,1,0,0],[0,0.666667,0.166667,0.166667],[0,0.666667,0.166667,0.166667],[0.428571,0,0.571429,0],[0,0,0.857143,0.142857],[0,0,0.857143,0.142857],[0,0.285714,0,0.714286],[0,0.285714,0,0.714286],[0,0.857143,0,0.142857],[0.857143,0,0,0.142857],[0.857143,0,0,0.142857],[0.142857,0,0.714286,0.142857],[0.142857,0.571429,0,0.285714],[0.571429,0,0.428571,0],[0.714286,0,0.142857,0.142857],[0,0,0,1],[0,0.285714,0,0.714286],[0.142857,0.857143,0,0],[0,0,0,1],[0,0.857143,0,0.142857],[0,0.714286,0,0.285714],[0.142857,0.142857,0,0.714286],[0.142857,0.142857,0.714286,0],[0,0.857143,0,0.142857],[0,0.857143,0,0.142857],[0,0,0,1],[0,0.857143,0.142857,0],[0.714286,0,0,0.285714],[0,0.142857,0.857143,0],[0,1,0,0],[0,1,0,0],[0,0,0,1],[0,0.857143,0.142857,0],[0,1,0,0],[0,1,0,0],[0.428571,0,0.428571,0.142857],[0.857143,0,0,0.142857],[0.285714,0.142857,0.571429,0],[0,0,0.142857,0.857143],[0.571429,0,0.285714,0.142857],[0.142857,0,0.857143,0],[0,0.857143,0,0.142857],[0,0,0,1],[0.142857,0,0.857143,0],[0.142857,0,0.857143,0],[0.142857,0,0.857143,0],[1,0,0,0],[0,0,0,1],[0,0,0,1],[0.857143,0,0,0.142857],[0,1,0,0],[0.857143,0,0,0.142857],[0,0,1,0],[0,0,1,0],[0,0.571429,0,0.428571],[0.428571,0,0.428571,0.142857],[0,0.428571,0,0.571429],[0.142857,0,0.571429,0.285714],[0.285714,0.571429,0,0.142857],[0.428571,0,0.428571,0.142857],[0,0.571429,0,0.428571],[0.142857,0.714286,0,0.142857],[0.714286,0.142857,0.142857,0],[0,0.833333,0,0.166667]],null,null],"seqs":[6,12,14,15,55,78,85]},{"orient":7,"bin":9,"pvalue":1.38231e-08,"inferred_pwm":[[0.125,0,0.75,0.125],[0.25,0,0.75,0],[1,0,0,0],[0,0,0,1],[0,0,0,1],[0.75,0,0.125,0.125],[0,1,0,0],[0.875,0,0,0.125],[0,0,1,0],[0,0.125,0.875,0]],"alignment_pwm":[null,[[0.166667,0.666667,0,0.166667],[0,0.333333,0.166667,0.5],[0.333333,0.166667,0.5,0],[0.166667,0.666667,0,0.166667],[0.166667,0.833333,0,0],[0.166667,0.166667,0,0.666667],[0,1,0,0],[0,0.666667,0.166667,0.166667],[0,0.666667,0.166667,0.166667],[0.428571,0,0.571429,0],[0,0,0.857143,0.142857],[0,0,0.857143,0.142857],[0,0.285714,0,0.714286],[0,0.285714,0,0.714286],[0,0.857143,0,0.142857],[0.857143,0,0,0.142857],[0.857143,0,0,0.142857],[0.142857,0,0.714286,0.142857],[0.142857,0.571429,0,0.285714],[0.571429,0,0.428571,0],[0.714286,0,0.142857,0.142857],[0,0,0,1],[0,0.285714,0,0.714286],[0.142857,0.857143,0,0],[0,0,0,1],[0,0.857143,0,0.142857],[0,0.714286,0,0.285714],[0.142857,0.142857,0,0.714286],[0.142857,0.142857,0.714286,0],[0,0.857143,0,0.142857],[0,0.857143,0,0.142857],[0,0,0,1],[0,0.857143,0.142857,0],[0.714286,0,0,0.285714],[0,0.142857,0.857143,0],[0,1,0,0],[0,1,0,0],[0,0,0,1],[0,0.857143,0.142857,0],[0,1,0,0],[0,1,0,0],[0.428571,0,0.428571,0.142857],[0.857143,0,0,0.142857],[0.285714,0.142857,0.571429,0],[0,0,0.142857,0.857143],[0.571429,0,0.285714,0.142857],[0.142857,0,0.857143,0],[0,0.857143,0,0.142857],[0,0,0,1],[0.142857,0,0.857143,0],[0.142857,0,0.857143,0],[0.142857,0,0.857143,0],[1,0,0,0],[0,0,0,1],[0,0,0,1],[0.857143,0,0,0.142857],[0,1,0,0],[0.857143,0,0,0.142857],[0,0,1,0],[0,0,1,0],[0,0.571429,0,0.428571],[0.428571,0,0.428571,0.142857],[0,0.428571,0,0.571429],[0.142857,0,0.571429,0.285714],[0.285714,0.571429,0,0.142857],[0.428571,0,0.428571,0.142857],[0,0.571429,0,0.428571],[0.142857,0.714286,0,0.142857],[0.714286,0.142857,0.142857,0],[0,0.833333,0,0.166667]],null,[[0,0,1,0],[0,1,0,0],[0,1,0,0],[0,0,0,1],[0,0,0,1],[0,0,1,0],[1,0,0,0],[0,1,0,0],[0,1,0,0],[0,0,0,1],[0,1,0,0],[0,1,0,0],[0,0,0,1],[1,0,0,0],[0,0,1,0],[0,0,1,0],[0,1,0,0],[0,0,0,1],[0,1,0,0],[1,0,0,0],[1,0,0,0],[0,0,1,0],[0,1,0,0],[1,0,0,0],[1,0,0,0],[0,0,0,1],[0,1,0,0],[0,0,0,1],[0,0,0,1],[0,1,0,0],[0,1,0,0],[0,0,0,1],[0,0,1,0],[0.25,0.25,0.25,0.25],[0.25,0.25,0.25,0.25],[0.25,0.25,0.25,0.25],[0.25,0.25,0.25,0.25],[0.25,0.25,0.25,0.25],[0.25,0.25,0.25,0.25],[0.25,0.25,0.25,0.25],[0.25,0.25,0.25,0.25],[0.25,0.25,0.25,0.25],[0.25,0.25,0.25,0.25],[0.25,0.25,0.25,0.25],[0.25,0.25,0.25,0.25],[1,0,0,0],[1,0,0,0],[0,0,1,0],[0,0,0,1],[1,0,0,0],[0,0,1,0],[0,1,0,0],[0,0,0,1],[0,0,1,0],[0,1,0,0],[1,0,0,0],[1,0,0,0],[0,0,0,1],[0,0,0,1],[1,0,0,0],[0,1,0,0],[1,0,0,0],[1,0,0,0],[0,0,1,0],[0,1,0,0],[0,0,1,0],[1,0,0,0],[0,0,1,0],[0,1,0,0],[1,0,0,0]]],"seqs":[6,12,14,15,55,78,85,20]},{"orient":6,"bin":9,"pvalue":2.79154e-07,"inferred_pwm":[[0.142857,0,0.857143,0],[0.142857,0,0.857143,0],[1,0,0,0],[0,0,0,1],[0,0,0,1],[0.857143,0,0,0.142857],[0,1,0,0],[0.857143,0,0,0.142857],[0,0,1,0],[0,0,1,0]],"alignment_pwm":[null,[[0.166667,0.666667,0,0.166667],[0,0.333333,0.166667,0.5],[0.333333,0.166667,0.5,0],[0.166667,0.666667,0,0.166667],[0.166667,0.833333,0,0],[0.166667,0.166667,0,0.666667],[0,1,0,0],[0,0.666667,0.166667,0.166667],[0,0.666667,0.166667,0.166667],[0.428571,0,0.571429,0],[0,0,0.857143,0.142857],[0,0,0.857143,0.142857],[0,0.285714,0,0.714286],[0,0.285714,0,0.714286],[0,0.857143,0,0.142857],[0.857143,0,0,0.142857],[0.857143,0,0,0.142857],[0.142857,0,0.714286,0.142857],[0.142857,0.571429,0,0.285714],[0.571429,0,0.428571,0],[0.714286,0,0.142857,0.142857],[0,0,0,1],[0,0.285714,0,0.714286],[0.142857,0.857143,0,0],[0,0,0,1],[0,0.857143,0,0.142857],[0,0.714286,0,0.285714],[0.142857,0.142857,0,0.714286],[0.142857,0.142857,0.714286,0],[0,0.857143,0,0.142857],[0,0.857143,0,0.142857],[0,0,0,1],[0,0.857143,0.142857,0],[0.714286,0,0,0.285714],[0,0.142857,0.857143,0],[0,1,0,0],[0,1,0,0],[0,0,0,1],[0,0.857143,0.142857,0],[0,1,0,0],[0,1,0,0],[0.428571,0,0.428571,0.142857],[0.857143,0,0,0.142857],[0.285714,0.142857,0.571429,0],[0,0,0.142857,0.857143],[0.571429,0,0.285714,0.142857],[0.142857,0,0.857143,0],[0,0.857143,0,0.142857],[0,0,0,1],[0.142857,0,0.857143,0],[0.142857,0,0.857143,0],[0.142857,0,0.857143,0],[1,0,0,0],[0,0,0,1],[0,0,0,1],[0.857143,0,0,0.142857],[0,1,0,0],[0.857143,0,0,0.142857],[0,0,1,0],[0,0,1,0],[0,0.571429,0,0.428571],[0.428571,0,0.428571,0.142857],[0,0.428571,0,0.571429],[0.142857,0,0.571429,0.285714],[0.285714,0.571429,0,0.142857],[0.428571,0,0.428571,0.142857],[0,0.571429,0,0.428571],[0.142857,0.714286,0,0.142857],[0.714286,0.142857,0.142857,0],[0,0.833333,0,0.166667]],null,null],"seqs":[6,12,14,15,55,78,85]}]},{"idx":15,"counts":[[0,0,0,1,0,0,0,0,0,0,0,0,1,3,0,0,0,0,0,0,0,0,1,1,0,0,1,1,0,0,0,1,1,0,0,0,0,0,1,0,0,0,0,0,0,0,0,1,0,0,0,0,0,0,0,0,0,2,0,0,0,0,0,0,0,1,0,0,0,0,0,0,0,1,0,1,0,0,0,0,0,1,0,0,0,0,0,0,0,0,0,0,0,0,0,1,0,0,0,0,0,0,0,0,0,0,0,0,1,0,0,0,0,0,0,0,0,0,0,0,0,0,0,0,0,0,2,0,0,0,0,0,1,1,0,0,0,0,0,0,0,0,0,0,1,0],[1,0,0,1,0,0,0,2,2,6,1,0,1,1,0,0,1,0,0,0,0,0,0,0,0,0,0,0,0,0,0,0,0,0,1,0,0,0,0,0,0,3,0,0,0,0,0,0,0,0,0,0,0,0,0,0,0,0,0,0,0,1,0,0,0,0,0,0,0,0,0,1,1,0,0,0,0,2,0,0,1,1,0,0,0,1,0,0,0,0,0,0,0,2,0,0,0,0,0,0,0,0,1,0,0,0,1,0,0,0,0,0,1,0,1,0,0,0,0,0,0,0,0,0,1,0,0,0,0,1,0,0,1,0,0,0,0,1,0,0,0,0,0,2,2,0],[3,1,0,0,1,1,0,0,0,0,0,0,0,1,0,0,0,0,0,0,0,0,1,0,0,0,0,1,1,0,0,1,0,0,1,1,0,0,1,1,0,0,0,0,0,1,0,0,0,1,1,0,0,0,0,0,0,0,0,0,0,0,0,0,1,1,0,0,0,1,0,0,0,0,0,0,1,0,0,0,0,0,0,0,0,0,0,1,0,1,0,0,0,0,0,0,0,1,0,0,0,0,1,0,0,0,0,0,0,1,0,0,0,0,0,0,0,0,0,1,0,0,0,0,0,0,2,0,0,0,0,0,0,1,0,0,0,0,0,0,0,0,0,0,0,0],[0,0,0,1,1,0,3,0,0,0,0,0,0,0,1,0,1,0,0,0,1,0,2,0,0,0,0,0,0,1,0,0,0,0,1,1,1,0,0,0,0,1,0,0,0,0,0,0,0,1,1,0,1,0,0,0,1,0,0,0,0,0,0,0,1,0,0,0,1,0,0,0,2,0,0,0,0,0,1,1,0,1,0,0,0,0,0,0,0,0,0,1,0,0,1,0,0,0,1,0,0,0,3,1,1,0,0,0,0,0,1,0,0,1,0,0,0,0,1,0,0,0,0,0,0,0,0,0,0,0,1,0,0,0,0,0,0,1,0,0,0,0,1,0,0,0]],"spacings":[{"orient":1,"bin":9,"pvalue":1.9384e-07,"inferred_pwm":[[0,0,1,0],[0,0,1,0],[1,0,0,0],[0,0,0,1],[0,0,0,1],[1,0,0,0]],"alignment_pwm":[null,[[0.2,0.8,0,0],[0,0.2,0,0.8],[0,1,0,0],[0,0.8,0.2,0],[0,0.8,0,0.2],[0.5,0,0.5,0],[0,0,1,0],[0,0,1,0],[0,0.333333,0,0.666667],[0,0.166667,0,0.833333],[0,1,0,0],[1,0,0,0],[1,0,0,0],[0.166667,0,0.833333,0],[0.166667,0.666667,0,0.166667],[0.5,0,0.5,0],[0.833333,0,0.166667,0],[0,0,0,1],[0,0.333333,0,0.666667],[0,1,0,0],[0,0,0,1],[0,1,0,0],[0,0.833333,0,0.166667],[0,0.166667,0,0.833333],[0.166667,0,0.833333,0],[0,1,0,0],[0,1,0,0],[0,0,0,1],[0,1,0,0],[0.833333,0,0,0.166667],[0,0,1,0],[0,1,0,0],[0,1,0,0],[0,0,0,1],[0,1,0,0],[0,1,0,0],[0,1,0,0],[0.5,0,0.5,0],[1,0,0,0],[0.333333,0,0.666667,0],[0,0,0.166667,0.833333],[0.666667,0,0.166667,0.166667],[0,0,1,0],[0,1,0,0],[0,0,0,1],[0,0,1,0],[0,0,1,0],[0,0,1,0],[1,0,0,0],[0,0,0,1],[0,0,0,1],[1,0,0,0],[0,1,0,0],[1,0,0,0],[0,0,1,0],[0,0,1,0],[0,0.666667,0,0.333333],[0.5,0,0.333333,0.166667],[0,0.333333,0,0.666667],[0.166667,0,0.666667,0.166667],[0.166667,0.666667,0,0.166667],[0.5,0,0.5,0]],null,null],"seqs":[6,12,14,15,55,85]},{"orient":6,"bin":9,"pvalue":1.02003e-05,"inferred_pwm":[[0,0,1,0],[0,0,1,0],[1,0,0,0],[0,0,0,1],[0,0,0,1],[1,0,0,0]],"alignment_pwm":[null,[[0.2,0.8,0,0],[0,0.2,0,0.8],[0,1,0,0],[0,0.8,0.2,0],[0,0.8,0,0.2],[0.5,0,0.5,0],[0,0,1,0],[0,0,1,0],[0,0.333333,0,0.666667],[0,0.166667,0,0.833333],[0,1,0,0],[1,0,0,0],[1,0,0,0],[0.166667,0,0.833333,0],[0.166667,0.666667,0,0.166667],[0.5,0,0.5,0],[0.833333,0,0.166667,0],[0,0,0,1],[0,0.333333,0,0.666667],[0,1,0,0],[0,0,0,1],[0,1,0,0],[0,0.833333,0,0.166667],[0,0.166667,0,0.833333],[0.166667,0,0.833333,0],[0,1,0,0],[0,1,0,0],[0,0,0,1],[0,1,0,0],[0.833333,0,0,0.166667],[0,0,1,0],[0,1,0,0],[0,1,0,0],[0,0,0,1],[0,1,0,0],[0,1,0,0],[0,1,0,0],[0.5,0,0.5,0],[1,0,0,0],[0.333333,0,0.666667,0],[0,0,0.166667,0.833333],[0.666667,0,0.166667,0.166667],[0,0,1,0],[0,1,0,0],[0,0,0,1],[0,0,1,0],[0,0,1,0],[0,0,1,0],[1,0,0,0],[0,0,0,1],[0,0,0,1],[1,0,0,0],[0,1,0,0],[1,0,0,0],[0,0,1,0],[0,0,1,0],[0,0.666667,0,0.333333],[0.5,0,0.333333,0.166667],[0,0.333333,0,0.666667],[0.166667,0,0.666667,0.166667],[0.166667,0.666667,0,0.166667],[0.5,0,0.5,0]],null,null],"seqs":[6,12,14,15,55,85]},{"orient":7,"bin":9,"pvalue":1.02003e-05,"inferred_pwm":[[0,0,1,0],[0,0,1,0],[1,0,0,0],[0,0,0,1],[0,0,0,1],[1,0,0,0]],"alignment_pwm":[null,[[0.2,0.8,0,0],[0,0.2,0,0.8],[0,1,0,0],[0,0.8,0.2,0],[0,0.8,0,0.2],[0.5,0,0.5,0],[0,0,1,0],[0,0,1,0],[0,0.333333,0,0.666667],[0,0.166667,0,0.833333],[0,1,0,0],[1,0,0,0],[1,0,0,0],[0.166667,0,0.833333,0],[0.166667,0.666667,0,0.166667],[0.5,0,0.5,0],[0