<!DOCTYPE HTML>
<html>
  <head>
    <meta charset="UTF-8">
    <title>SpaMo - Spaced Motif Analysis</title>
    <script type="text/javascript">
      //@JSON_VAR data
      var data = {"program":"SpaMo","version":"4.12.0","revision":"aacc9c3eb8c7b460b344d5c8aa1458097dae704d","release":"Tue Jun 27 16:22:50 2017 -0700","host":"Sudins-iMac.local","when":"Thu May 24 14:29:29 2018","cmd":["spamo","-verbosity","1","-oc","results/AHRpeaks_not-in-DHSs.bed-399.fa/hocomoco/spamo_out_2","-bgfile","results/AHRpeaks_not-in-DHSs.bed-399.fa/hocomoco/background","-primary","AAARRRYTKDTGCAYGAVMAMAGRAASAG","results/AHRpeaks_not-in-DHSs.bed-399.fa/hocomoco/AHRpeaks_not-in-DHSs.bed-399.fa","results/AHRpeaks_not-in-DHSs.bed-399.fa/hocomoco/meme_out/meme.xml","results/AHRpeaks_not-in-DHSs.bed-399.fa/hocomoco/meme_out/meme.xml","/Users/filipov4/meme/db/motif_databases/HUMAN/HOCOMOCOv11_full_HUMAN_mono_meme_format.meme"],"options":{"seq_min_hit_score":7,"margin":150,"bin_size":1,"bin_pvalue_calc_range":150,"use_best_secondary":0,"seq_max_shared_fract":0.5,"seq_odds_ratio":20,"bin_pvalue_cutoff":0.05,"motif_evalue_cutoff":10,"redundant_overlap":2,"redundant_joint":0.5,"motif_pseudocount":0.1,"bgfile":"results/AHRpeaks_not-in-DHSs.bed-399.fa/hocomoco/background","motif_trim":0.25,"xalph":0,"seed":1,"bin_max":3},"alphabet":{"name":"DNA","like":"dna","ncore":4,"symbols":[{"symbol":"A","name":"Adenine","colour":"CC0000","complement":"T"},{"symbol":"C","name":"Cytosine","colour":"0000CC","complement":"G"},{"symbol":"G","name":"Guanine","colour":"FFB300","complement":"C"},{"symbol":"T","aliases":"U","name":"Thymine","colour":"008000","complement":"A"},{"symbol":"N","aliases":"X.","name":"Any base","equals":"ACGT"},{"symbol":"V","name":"Not T","equals":"ACG"},{"symbol":"H","name":"Not G","equals":"ACT"},{"symbol":"D","name":"Not C","equals":"AGT"},{"symbol":"B","name":"Not A","equals":"CGT"},{"symbol":"M","name":"Amino","equals":"AC"},{"symbol":"R","name":"Purine","equals":"AG"},{"symbol":"W","name":"Weak","equals":"AT"},{"symbol":"S","name":"Strong","equals":"CG"},{"symbol":"Y","name":"Pyrimidine","equals":"CT"},{"symbol":"K","name":"Keto","equals":"GT"}]},"background":[0.2917,0.2083,0.2083,0.2917],"sequence_dbs":[{"source":"results/AHRpeaks_not-in-DHSs.bed-399.fa/hocomoco/AHRpeaks_not-in-DHSs.bed-399.fa","name":"AHRpeaks_not-in-DHSs.bed-399","last_modified":"Thu May 24 11:14:35 2018","loaded":56,"excluded_too_short":0,"excluded_no_match":47,"excluded_ambigs":0,"excluded_similar":1,"erased_primary_matches":0}],"primary_dbs":[{"source":"results/AHRpeaks_not-in-DHSs.bed-399.fa/hocomoco/meme_out/meme.xml","name":"meme.xml","last_modified":"Thu May 24 14:29:04 2018","loaded":6,"excluded":5}],"secondary_dbs":[{"source":"results/AHRpeaks_not-in-DHSs.bed-399.fa/hocomoco/meme_out/meme.xml","name":"meme.xml","last_modified":"Thu May 24 14:29:04 2018","loaded":7,"excluded":1},{"source":"/Users/filipov4/meme/db/motif_databases/HUMAN/HOCOMOCOv11_full_HUMAN_mono_meme_format.meme","name":"HOCOMOCOv11_full_HUMAN_mono_meme_format","last_modified":"Wed Dec  6 21:59:30 2017","loaded":771,"excluded":0}],"secondary_motifs":[{"db":1,"id":"BACH2_HUMAN.H11MO.0.A","len":11,"ltrim":0,"rtrim":1,"nsites":500,"evalue":"1.0e+000","url":"http://hocomoco.autosome.ru/motif/BACH2_HUMAN.H11MO.0.A","pwm":[[0.122034,0.0960225,0.0680281,0.713916],[0.0140555,0.0780261,0.893863,0.0140555],[0.0440495,0.923857,0.0120393,0.0200543],[0.0780427,0.0380341,0.00804005,0.875883],[0.0580467,0.0600297,0.793883,0.0880407],[0.757907,0.0380341,0.0560305,0.148029],[0.0440495,0.223997,0.669908,0.0620459],[0.0100563,0.0160385,0.00804005,0.965865],[0.0600463,0.919858,0.0160385,0.00405753],[0.963866,0.0120393,0.00804005,0.0160551],[0.0560471,0.319978,0.211999,0.411976]]},{"db":1,"id":"BRCA1_HUMAN.H11MO.0.D","len":9,"ltrim":1,"rtrim":0,"nsites":73,"evalue":"1.0e+000","url":"http://hocomoco.autosome.ru/motif/BRCA1_HUMAN.H11MO.0.D","pwm":[[0.14424,0.197216,0.290358,0.368186],[0.189616,0.000284952,0.275401,0.534698],[0.0283923,0.125295,0.153288,0.693024],[0.0563856,0.344425,0.481494,0.117696],[0.0283923,0.14992,0.450604,0.371084],[0.000399042,0.000284952,0.869561,0.129755],[0.000399042,0.0282782,0.000284952,0.971038],[0.000399042,0.000284952,0.000284952,0.999031],[0.0633839,0.0734097,0.827816,0.0353906]]},{"db":1,"id":"FOXA1_HUMAN.H11MO.0.A","len":12,"ltrim":0,"rtrim":2,"nsites":500,"evalue":"1.0e+000","url":"http://hocomoco.autosome.ru/motif/FOXA1_HUMAN.H11MO.0.A","pwm":[[0.0160551,4.16517e-05,4.16517e-05,0.983862],[0.246009,0.00404085,0.749892,5.83283e-05],[0.00205793,4.16517e-05,4.16517e-05,0.997859],[0.00405753,4.16517e-05,0.0560305,0.93987],[5.83283e-05,4.16517e-05,0.144013,0.855887],[0.781902,4.16517e-05,0.206,0.0120559],[0.00805673,0.797882,0.00804005,0.186021],[0.317995,0.138014,0.00404085,0.53995],[0.0320519,0.313979,0.10802,0.545949],[0.463966,0.0200377,0.0160385,0.499958],[0.218015,0.0980221,0.493943,0.19002],[0.108037,0.25999,0.393963,0.238011]]},{"db":1,"id":"FOXA2_HUMAN.H11MO.0.A","len":12,"ltrim":0,"rtrim":1,"nsites":500,"evalue":"1.0e+000","url":"http://hocomoco.autosome.ru/motif/FOXA2_HUMAN.H11MO.0.A","pwm":[[0.0160551,4.16517e-05,0.00204125,0.981862],[0.196019,0.00204125,0.799882,0.00205793],[5.83283e-05,0.00404085,4.16517e-05,0.995859],[0.00205793,4.16517e-05,0.0440329,0.953868],[5.83283e-05,4.16517e-05,0.144013,0.855887],[0.757907,4.16517e-05,0.235994,0.00605713],[0.00805673,0.887864,0.00204125,0.102038],[0.401978,0.122017,4.16517e-05,0.475963],[0.0440495,0.40996,0.120018,0.425973],[0.563946,0.00804005,0.0400337,0.387981],[0.19002,0.0960225,0.549932,0.164026],[0.128033,0.35797,0.281985,0.232012]]},{"db":1,"id":"FOXA3_HUMAN.H11MO.0.B","len":13,"ltrim":2,"rtrim":0,"nsites":500,"evalue":"1.0e+000","url":"http://hocomoco.autosome.ru/motif/FOXA3_HUMAN.H11MO.0.B","pwm":[[0.158027,0.465948,0.215998,0.160026],[0.228013,0.249992,0.0780261,0.44397],[0.0120559,4.16517e-05,0.00604045,0.981862],[0.246009,0.00804005,0.737894,0.00805673],[0.00805673,0.0220373,0.0140389,0.955867],[0.00605713,4.16517e-05,0.0360345,0.957867],[0.00805673,4.16517e-05,0.271987,0.719914],[0.855887,0.00604045,0.114019,0.0240535],[0.00405753,0.873867,0.0220373,0.100038],[0.367985,0.152011,0.00804005,0.471964],[0.0940395,0.231995,0.10602,0.567945],[0.425973,0.0140389,0.0540309,0.505957],[0.154028,0.116018,0.577926,0.152028]]},{"db":1,"id":"FOXB1_HUMAN.H11MO.0.D","len":17,"ltrim":1,"rtrim":1,"nsites":7038,"evalue":"1.0e+000","url":"http://hocomoco.autosome.ru/motif/FOXB1_HUMAN.H11MO.0.D","pwm":[[0.219282,0.162615,0.422576,0.195527],[0.0892769,0.143925,0.225753,0.541045],[0.353901,0.384066,0.161097,0.100935],[0.803094,0.0550288,0.0564861,0.0853907],[0.724187,0.0823594,0.029969,0.163485],[0.00346527,0.00334264,0.0160942,0.977098],[0.646658,0.000944143,0.349995,0.00240264],[0.0134236,0.000670896,0.00929335,0.976612],[0.0133629,0.000245846,0.0268419,0.959549],[0.00294914,0.000519093,0.279352,0.717179],[0.960035,0.000488732,0.038379,0.00109713],[0.0031313,0.897339,0.010781,0.0887487],[0.774926,0.0141814,0.0334909,0.177402],[0.0308203,0.143761,0.0300905,0.795328],[0.717604,0.0169746,0.0435707,0.22185],[0.573755,0.0628194,0.2564,0.107026],[0.123906,0.357173,0.327128,0.191793]]},{"db":1,"id":"FOXC1_HUMAN.H11MO.0.C","len":15,"ltrim":2,"rtrim":0,"nsites":26,"evalue":"1.0e+000","url":"http://hocomoco.autosome.ru/motif/FOXC1_HUMAN.H11MO.0.C","pwm":[[0.135217,0.479725,0.173212,0.211846],[0.345945,0.0774264,0.345626,0.231003],[0.269317,0.154055,0.0774264,0.499202],[0.00111762,0.000798085,0.000798085,0.997286],[0.00111762,0.000798085,0.996967,0.00111762],[0.0394318,0.000798085,0.000798085,0.958972],[0.0394318,0.000798085,0.000798085,0.958972],[0.00111762,0.000798085,0.0391123,0.958972],[0.958972,0.000798085,0.000798085,0.0394318],[0.00111762,0.728767,0.000798085,0.269317],[0.231003,0.115741,0.000798085,0.652459],[0.00111762,0.192369,0.000798085,0.805715],[0.652459,0.000798085,0.000798085,0.345945],[0.460888,0.192369,0.268997,0.077746],[0.0394318,0.268997,0.575511,0.11606]]},{"db":1,"id":"FOXC2_HUMAN.H11MO.0.D","len":15,"ltrim":0,"rtrim":0,"nsites":5,"evalue":"1.0e+000","url":"http://hocomoco.autosome.ru/motif/FOXC2_HUMAN.H11MO.0.D","pwm":[[0.0582406,0.0566053,0.616829,0.268325],[0.215804,0.214168,0.00408432,0.565944],[0.0057196,0.214168,0.00408432,0.776028],[0.0057196,0.00408432,0.00408432,0.986112],[0.215804,0.00408432,0.774392,0.0057196],[0.0057196,0.00408432,0.00408432,0.986112],[0.0057196,0.00408432,0.00408432,0.986112],[0.215804,0.00408432,0.214168,0.565944],[0.35586,0.00408432,0.00408432,0.635972],[0.0057196,0.354224,0.634336,0.0057196],[0.215804,0.424252,0.00408432,0.35586],[0.0057196,0.634336,0.00408432,0.35586],[0.986112,0.00408432,0.00408432,0.0057196],[0.0057196,0.14414,0.84442,0.0057196],[0.478409,0.0566053,0.266689,0.198297]]},{"db":1,"id":"FOXD1_HUMAN.H11MO.0.D","len":15,"ltrim":0,"rtrim":0,"nsites":22,"evalue":"1.0e+000","url":"http://hocomoco.autosome.ru/motif/FOXD1_HUMAN.H11MO.0.D","pwm":[[0.12019,0.566655,0.119813,0.193341],[0.377636,0.110669,0.0740936,0.437601],[0.354068,0.170813,0.0976619,0.377457],[0.0378954,0.0375181,0.0740936,0.850493],[0.0378954,0.243785,0.680424,0.0378954],[0.0378954,0.0375181,0.0375181,0.887068],[0.00131991,0.000942535,0.0375181,0.960219],[0.00131991,0.000942535,0.0375181,0.960219],[0.923644,0.000942535,0.0375181,0.0378954],[0.00131991,0.850116,0.110669,0.0378954],[0.304485,0.243785,0.0740936,0.377636],[0.207587,0.0740936,0.000942535,0.717377],[0.450787,0.20721,0.0740936,0.26791],[0.424773,0.243785,0.220396,0.111046],[0.26245,0.238683,0.479259,0.0196077]]},{"db":1,"id":"FOXF1_HUMAN.H11MO.0.D","len":11,"ltrim":1,"rtrim":0,"nsites":8,"evalue":"1.0e+000","url":"http://hocomoco.autosome.ru/motif/FOXF1_HUMAN.H11MO.0.D","pwm":[[0.413914,0.151446,0.151446,0.283195],[0.00360123,0.00257161,0.00257161,0.991256],[0.13432,0.00257161,0.859507,0.00360123],[0.00360123,0.00257161,0.00257161,0.991256],[0.00360123,0.00257161,0.00257161,0.991256],[0.00360123,0.00257161,0.00257161,0.991256],[0.729818,0.0679311,0.19865,0.00360123],[0.00360123,0.133291,0.00257161,0.860537],[0.0217566,0.151446,0.151446,0.675351],[0.265039,0.169601,0.00257161,0.562788],[0.432069,0.00257161,0.0388824,0.526477]]},{"db":1,"id":"FOXF2_HUMAN.H11MO.0.D","len":11,"ltrim":0,"rtrim":0,"nsites":26,"evalue":"1.0e+000","url":"http://hocomoco.autosome.ru/motif/FOXF2_HUMAN.H11MO.0.D","pwm":[[0.016311,0.0159914,0.0159914,0.951706],[0.14678,0.000798085,0.820917,0.0315043],[0.00111762,0.000798085,0.0311848,0.966899],[0.122665,0.000798085,0.000798085,0.875739],[0.122665,0.000798085,0.0311848,0.845353],[0.7707,0.000798085,0.227385,0.00111762],[0.00111762,0.782438,0.0311848,0.18526],[0.284714,0.255829,0.0594678,0.39999],[0.0416198,0.0413003,0.0109136,0.906166],[0.481034,0.000798085,0.0311848,0.486983],[0.254327,0.0109136,0.357225,0.377534]]},{"db":1,"id":"FOXJ2_HUMAN.H11MO.0.C","len":10,"ltrim":0,"rtrim":0,"nsites":41,"evalue":"1.0e+000","url":"http://hocomoco.autosome.ru/motif/FOXJ2_HUMAN.H11MO.0.C","pwm":[[0.000709732,0.0241957,0.000506813,0.974588],[0.308666,0.000506813,0.64274,0.0480876],[0.000709732,0.000506813,0.0241957,0.974588],[0.000709732,0.000506813,0.000506813,0.998277],[0.000709732,0.000506813,0.000506813,0.998277],[0.548187,0.000506813,0.450596,0.000709732],[0.000709732,0.19265,0.000506813,0.806133],[0.119154,0.216339,0.000506813,0.664],[0.000709732,0.0241957,0.237396,0.737698],[0.465276,0.083418,0.130796,0.32051]]},{"db":1,"id":"FOXJ3_HUMAN.H11MO.1.B","len":13,"ltrim":0,"rtrim":0,"nsites":613,"evalue":"1.0e+000","url":"http://hocomoco.autosome.ru/motif/FOXJ3_HUMAN.H11MO.1.B","pwm":[[0.126266,0.100128,0.122347,0.65126],[0.0348007,3.39749e-05,0.390458,0.574707],[0.0300394,3.39749e-05,0.51609,0.453837],[4.75779e-05,3.39749e-05,3.39749e-05,0.999884],[0.0547375,3.39749e-05,0.11534,0.829889],[0.396792,3.39749e-05,0.115349,0.487824],[0.356264,0.0774994,3.39749e-05,0.566202],[4.75779e-05,3.39749e-05,3.39749e-05,0.999884],[0.163665,3.39749e-05,0.836254,4.75779e-05],[4.75779e-05,3.39749e-05,3.39749e-05,0.999884],[4.75779e-05,3.39749e-05,3.39749e-05,0.999884],[4.75779e-05,3.39749e-05,0.012709,0.987209],[0.645558,0.104693,0.11695,0.132798]]},{"db":1,"id":"FOXM1_HUMAN.H11MO.0.A","len":12,"ltrim":0,"rtrim":2,"nsites":500,"evalue":"1.0e+000","url":"http://hocomoco.autosome.ru/motif/FOXM1_HUMAN.H11MO.0.A","pwm":[[0.0560471,0.0240369,0.0340349,0.885881],[0.252008,0.0220373,0.715898,0.0100563],[0.0260531,0.0300357,0.0560305,0.887881],[5.83283e-05,0.0680281,0.0620293,0.869884],[0.00205793,0.00204125,0.0720273,0.923874],[0.319994,0.0540309,0.587924,0.0380507],[0.0740435,0.745892,0.0180381,0.162026],[0.246009,0.16001,0.0380341,0.555947],[0.0480487,0.289984,0.142013,0.519954],[0.359986,0.0380341,0.0280361,0.573944],[0.108037,0.16001,0.445952,0.286001],[0.166025,0.341973,0.25799,0.234012]]},{"db":1,"id":"FOXO1_HUMAN.H11MO.0.A","len":12,"ltrim":3,"rtrim":1,"nsites":500,"evalue":"1.0e+000","url":"http://hocomoco.autosome.ru/motif/FOXO1_HUMAN.H11MO.0.A","pwm":[[0.186021,0.16001,0.25999,0.39398],[0.0960391,0.30998,0.25599,0.337991],[0.0600463,0.451951,0.253991,0.234012],[0.0400503,0.477946,0.170008,0.311996],[0.00605713,0.0120393,0.0140389,0.967865],[0.0320519,0.0340349,0.917858,0.0160551],[0.00405753,0.186004,0.0160385,0.7939],[0.0100563,0.0300357,0.0620293,0.897879],[0.0120559,0.0400337,0.221997,0.725913],[0.403978,0.223997,0.0520313,0.319994],[0.00605713,0.691903,0.0520313,0.250008],[0.226013,0.263989,0.176006,0.333992]]},{"db":1,"id":"FOXO3_HUMAN.H11MO.0.B","len":10,"ltrim":2,"rtrim":1,"nsites":500,"evalue":"1.0e+000","url":"http://hocomoco.autosome.ru/motif/FOXO3_HUMAN.H11MO.0.B","pwm":[[0.112036,0.393963,0.261989,0.232012],[0.0580467,0.365968,0.188004,0.387981],[0.0200543,0.00604045,4.16517e-05,0.973864],[0.0520479,0.00404085,0.941853,0.00205793],[5.83283e-05,0.00604045,0.00604045,0.987861],[0.00405753,0.00204125,0.0300357,0.963866],[0.00205793,0.0100397,0.140014,0.847889],[0.779902,0.0580301,0.0200377,0.14203],[0.00205793,0.861869,0.00804005,0.128033],[0.383982,0.25999,0.0460325,0.309996]]},{"db":1,"id":"FOXO4_HUMAN.H11MO.0.C","len":9,"ltrim":0,"rtrim":0,"nsites":28,"evalue":"1.0e+000","url":"http://hocomoco.autosome.ru/motif/FOXO4_HUMAN.H11MO.0.C","pwm":[[0.037054,0.108789,0.108789,0.745368],[0.00103808,0.000741282,0.000741282,0.997479],[0.00103808,0.000741282,0.997183,0.00103808],[0.00103808,0.000741282,0.000741282,0.997479],[0.00103808,0.000741282,0.000741282,0.997479],[0.00103808,0.000741282,0.148807,0.849414],[0.709352,0.000741282,0.0367572,0.25315],[0.037054,0.348895,0.180821,0.433229],[0.00103808,0.108789,0.360901,0.529272]]},{"db":1,"id":"FOXO6_HUMAN.H11MO.0.D","len":13,"ltrim":3,"rtrim":0,"nsites":3383,"evalue":"1.0e+000","url":"http://hocomoco.autosome.ru/motif/FOXO6_HUMAN.H11MO.0.D","pwm":[[0.448562,0.121345,0.161544,0.268549],[0.359147,0.17322,0.148391,0.319242],[0.117948,0.371263,0.361805,0.148984],[0.385823,0.0210667,0.0881649,0.504945],[0.000599796,0.000301744,0.0011885,0.99791],[0.00178214,6.15708e-06,0.998203,8.62226e-06],[8.62226e-06,0.000301744,0.000301744,0.999388],[0.00148656,0.000301744,0.0390236,0.959188],[8.62226e-06,0.000301744,0.104348,0.895341],[0.938275,0.0195888,0.00865207,0.0334838],[0.00481191,0.881816,0.00983442,0.103538],[0.271653,0.11765,0.463191,0.147506],[0.215122,0.16014,0.10457,0.520168]]},{"db":1,"id":"FOXP2_HUMAN.H11MO.0.C","len":9,"ltrim":1,"rtrim":1,"nsites":500,"evalue":"1.0e+000","url":"http://hocomoco.autosome.ru/motif/FOXP2_HUMAN.H11MO.0.C","pwm":[[0.0720439,0.399962,0.215998,0.311996],[0.00605713,0.00404085,0.0140389,0.975863],[0.0400503,0.00804005,0.947852,0.00405753],[0.00605713,0.0140389,0.0120393,0.967865],[0.00205793,0.0100397,0.0880241,0.899878],[5.83283e-05,4.16517e-05,0.174007,0.825893],[0.787901,0.100022,0.0340349,0.0780427],[0.00805673,0.747892,0.0300357,0.214016],[0.33999,0.289984,0.104021,0.266005]]},{"db":1,"id":"FUBP1_HUMAN.H11MO.0.D","len":12,"ltrim":0,"rtrim":0,"nsites":102,"evalue":"1.0e+000","url":"http://hocomoco.autosome.ru/motif/FUBP1_HUMAN.H11MO.0.D","pwm":[[0.00266432,0.163272,0.0311261,0.802938],[0.0002857,0.475928,0.019233,0.504553],[0.0002857,0.000204016,0.980196,0.0193147],[0.0002857,0.000204016,0.0298046,0.969706],[0.28572,0.179922,0.305725,0.228633],[0.125031,0.219037,0.104863,0.551068],[0.0764016,0.0752627,0.257095,0.591241],[0.0193147,0.0858344,0.0858344,0.809017],[0.0573726,0.0858344,0.0858344,0.770959],[0.0668871,0.104863,0.180979,0.64727],[0.104945,0.122835,0.171465,0.600755],[0.100188,0.0895344,0.119135,0.691143]]},{"db":1,"id":"HAND1_HUMAN.H11MO.0.D","len":17,"ltrim":3,"rtrim":0,"nsites":500,"evalue":"1.0e+000","url":"http://hocomoco.autosome.ru/motif/HAND1_HUMAN.H11MO.0.D","pwm":[[0.24201,0.114019,0.439954,0.204018],[0.154028,0.132015,0.495942,0.218015],[0.136031,0.265988,0.451951,0.146029],[0.0380507,0.401961,0.0520313,0.507957],[0.0240535,0.947852,0.00604045,0.0220539],[0.0160551,4.16517e-05,4.16517e-05,0.983862],[0.00205793,0.00204125,0.987844,0.00805673],[0.00205793,0.223997,0.613919,0.160026],[0.182022,0.303981,0.126016,0.387981],[0.19202,0.251991,0.0940229,0.461966],[0.335991,0.102021,0.0280361,0.533952],[0.178023,0.221997,0.291983,0.307997],[0.0500483,0.235994,0.0740269,0.63993],[0.170024,0.311979,0.397962,0.120034],[0.0240535,0.0260365,0.0340349,0.915875],[0.0200543,0.867868,0.0500317,0.0620459],[0.611936,0.10802,0.0360345,0.24401]]},{"db":1,"id":"HXD11_HUMAN.H11MO.0.D","len":11,"ltrim":1,"rtrim":3,"nsites":124,"evalue":"1.0e+000","url":"http://hocomoco.autosome.ru/motif/HXD11_HUMAN.H11MO.0.D","pwm":[[0.328599,0.13514,0.191546,0.344715],[0.262121,0.117009,0.100893,0.519977],[0.0324671,0.0243419,0.104922,0.838269],[0.000235052,0.0162839,0.0968641,0.886617],[0.241976,0.000167849,0.000167849,0.757689],[0.830211,0.000167849,0.145212,0.0244091],[0.00829307,0.282198,0.000167849,0.709341],[0.0264236,0.0263564,0.469547,0.477673],[0.455513,0.100893,0.278169,0.165424],[0.239961,0.368822,0.167372,0.223845],[0.260106,0.227807,0.171401,0.340686]]},{"db":1,"id":"MAFK_HUMAN.H11MO.1.A","len":13,"ltrim":0,"rtrim":0,"nsites":409,"evalue":"1.0e+000","url":"http://hocomoco.autosome.ru/motif/MAFK_HUMAN.H11MO.1.A","pwm":[[0.112513,0.088049,0.0611607,0.738277],[0.0269596,0.102715,0.818922,0.0514035],[0.0978469,0.804255,0.0416055,0.0562923],[0.0954025,0.0367168,0.0122729,0.855608],[0.0660698,0.019606,0.853143,0.0611811],[0.811609,0.0220504,0.0636051,0.102736],[7.13028e-05,5.09167e-05,0.926475,0.073403],[0.0587367,0.0636051,0.0342724,0.843386],[0.107624,0.779811,0.0562719,0.0562923],[0.882496,0.0171616,0.0489387,0.0514035],[0.0538479,0.0513831,0.677147,0.217622],[0.0660698,0.755367,0.127159,0.0514035],[0.623391,0.119826,0.114937,0.141846]]},{"db":1,"id":"MIXL1_HUMAN.H11MO.0.D","len":11,"ltrim":0,"rtrim":0,"nsites":220,"evalue":"1.0e+000","url":"http://hocomoco.autosome.ru/motif/MIXL1_HUMAN.H11MO.0.D","pwm":[[0.183004,0.132989,0.591871,0.0921362],[0.120532,0.265883,0.211362,0.402222],[0.0273929,0.0228116,0.0228116,0.926984],[0.950837,0.00123049,0.0375776,0.0103552],[0.981505,0.0137248,0.00463803,0.000132531],[0.000132531,9.46389e-05,0.00463803,0.995135],[0.00921931,0.0546153,0.027355,0.90881],[0.524894,0.138668,0.220449,0.115989],[0.34543,0.136396,0.440803,0.0773701],[0.540796,0.12731,0.186374,0.145521],[0.0875928,0.182966,0.182966,0.546475]]},{"db":1,"id":"SMAD2_HUMAN.H11MO.0.A","len":12,"ltrim":0,"rtrim":0,"nsites":500,"evalue":"1.0e+000","url":"http://hocomoco.autosome.ru/motif/SMAD2_HUMAN.H11MO.0.A","pwm":[[0.214016,0.0740269,0.0480321,0.663926],[0.0440495,0.0740269,0.853871,0.0280527],[0.0520479,0.120018,0.146012,0.681922],[0.00405753,0.965848,0.00804005,0.0220539],[0.0200543,0.0200377,4.16517e-05,0.959866],[0.122034,0.215998,0.603921,0.0580467],[0.162026,0.267988,0.249992,0.319994],[0.0320519,0.899862,0.0280361,0.0400503],[0.535951,0.118018,0.0540309,0.292],[0.0480487,0.803881,0.11002,0.0380507],[0.160026,0.603921,0.00804005,0.228013],[0.0920399,0.261989,0.10802,0.537951]]},{"db":1,"id":"SMAD3_HUMAN.H11MO.0.B","len":12,"ltrim":2,"rtrim":0,"nsites":500,"evalue":"1.0e+000","url":"http://hocomoco.autosome.ru/motif/SMAD3_HUMAN.H11MO.0.B","pwm":[[0.164026,0.363969,0.313979,0.158027],[0.110036,0.271987,0.168008,0.449968],[0.0640455,0.695902,0.0600297,0.180022],[0.216015,0.00404085,0.0140389,0.765905],[0.0700443,0.293983,0.553931,0.0820419],[0.212016,0.311979,0.10602,0.369984],[0.0380507,0.869868,0.00804005,0.0840415],[0.465965,0.118018,0.0220373,0.39398],[0.00805673,0.565928,0.331975,0.0940395],[0.0320519,0.911859,0.0140389,0.0420499],[0.351988,0.0560305,0.00404085,0.587941],[0.0720439,0.271987,0.493943,0.162026]]},{"db":1,"id":"ZN554_HUMAN.H11MO.1.D","len":9,"ltrim":0,"rtrim":0,"nsites":500,"evalue":"1.0e+000","url":"http://hocomoco.autosome.ru/motif/ZN554_HUMAN.H11MO.1.D","pwm":[[0.210516,0.116518,0.612419,0.0605462],[0.0645454,0.902361,0.0305356,0.00255783],[0.470464,0.0545308,0.048532,0.426473],[0.0205542,0.0345348,0.932355,0.0125558],[0.838391,0.00654035,0.148512,0.00655703],[0.036551,0.0305356,0.926356,0.00655703],[0.0105562,0.61042,0.068528,0.310496],[0.0240535,0.967848,0.00204125,0.00605713],[0.711916,0.122017,0.0600297,0.106037]]}],"sequence_names":["chr17:78690100-78690649","chr3:133718450-133718949","chr3:30367300-30367849","chr4:131057400-131058299","chr5:53039550-53040149"],"primaries":[{"motif":{"db":0,"id":"AAARRRYTKDTGCAYGAVMAMAGRAASAG","alt":"MEME-2","len":29,"ltrim":0,"rtrim":0,"nsites":9,"evalue":"2.6e-008","pwm":[[0.882326,0.00228901,0.00228901,0.113095],[0.772436,0.00228901,0.00228901,0.222985],[0.882326,0.112179,0.00228901,0.00320549],[0.332875,0.00228901,0.66163,0.00320549],[0.332875,0.00228901,0.66163,0.00320549],[0.442765,0.112179,0.331959,0.113095],[0.00320549,0.441849,0.112179,0.442765],[0.00320549,0.112179,0.00228901,0.882326],[0.00320549,0.00228901,0.441849,0.552656],[0.222985,0.112179,0.222069,0.442765],[0.00320549,0.00228901,0.222069,0.772436],[0.113095,0.00228901,0.77152,0.113095],[0.00320549,0.77152,0.222069,0.00320549],[0.882326,0.112179,0.00228901,0.00320549],[0.00320549,0.441849,0.00228901,0.552656],[0.113095,0.00228901,0.88141,0.00320549],[0.552656,0.222069,0.222069,0.00320549],[0.332875,0.331959,0.331959,0.00320549],[0.662546,0.331959,0.00228901,0.00320549],[0.882326,0.00228901,0.112179,0.00320549],[0.662546,0.331959,0.00228901,0.00320549],[0.772436,0.00228901,0.222069,0.00320549],[0.00320549,0.00228901,0.88141,0.113095],[0.442765,0.112179,0.331959,0.113095],[0.662546,0.222069,0.00228901,0.113095],[0.992216,0.00228901,0.00228901,0.00320549],[0.00320549,0.55174,0.441849,0.00320549],[0.772436,0.00228901,0.222069,0.00320549],[0.00320549,0.222069,0.77152,0.00320549]]},"secondaries":[[{"idx":0,"counts":[[0,0,0,0,0,0,0,0,0,0,0,0,0,0,0,0,0,0,0,0,0,0,0,0,0,0,0,0,0,0,0,0,0,0,0,0,0,0,0,0,0,0,0,0,0,0,0,0,0,0,0,0,0,0,0,0,0,0,0,0,0,0,0,0,0,0,0,0,0,0,0,0,0,0,0,0,0,0,0,0,0,0,0,0,0,0,0,0,0,0,0,0,0,0,0,0,0,0,0,0,0,0,0,0,0,0,0,0,0,0,0,0,0,0,0,0,0,0,0,0,0,0,0,0,0,0,0,0,0,0,0,0,0,0,0,0,0,0,0,0,0,0],[0,0,3,0,0,0,0,0,0,0,0,0,0,0,0,0,0,0,0,0,0,0,0,0,0,0,0,0,0,0,0,0,0,0,0,0,0,0,0,0,0,0,0,0,0,0,0,0,0,0,0,0,0,0,0,0,0,0,0,0,0,0,0,0,0,0,0,0,0,0,0,0,0,0,0,0,0,0,0,0,0,0,0,0,0,0,0,0,0,0,0,0,0,0,0,0,0,0,0,0,0,0,0,0,0,0,0,0,0,0,0,0,0,0,0,0,0,0,0,0,0,0,0,0,0,0,0,0,0,0,0,0,0,0,0,0,0,0,0,0,0,0],[0,0,0,0,0,0,0,0,0,0,0,0,0,0,0,0,0,0,0,0,0,0,0,0,0,0,0,0,0,1,0,0,0,0,0,0,0,0,0,0,0,0,0,0,0,0,0,0,0,0,0,0,0,0,0,0,0,0,0,0,0,0,0,0,0,0,0,0,0,0,0,0,0,0,0,0,0,0,0,0,0,0,0,0,0,0,0,0,0,0,0,0,0,0,0,0,0,0,0,0,0,0,0,0,0,0,0,0,0,0,0,0,0,0,0,0,0,0,0,0,0,0,0,0,0,0,0,0,0,0,0,0,0,0,0,0,0,0,0,0,0,0],[0,0,0,0,0,0,0,0,0,0,0,0,0,0,0,0,0,0,0,0,0,0,0,0,0,0,0,0,0,0,0,0,0,0,0,0,0,0,0,0,0,0,0,0,0,1,0,0,0,0,0,0,0,0,0,0,0,0,0,0,0,0,0,0,0,0,0,0,0,0,0,0,0,0,0,0,0,0,0,0,0,0,0,0,0,0,0,0,0,0,0,0,0,0,0,0,0,0,0,0,0,0,0,0,0,0,0,0,0,0,0,0,0,0,0,0,0,0,0,0,0,0,0,0,0,0,0,0,0,0,0,0,0,0,0,0,0,0,0,0,0,0]],"spacings":[{"orient":1,"bin":2,"pvalue":5.55913e-08,"inferred_pwm":[[1,0,0,0],[0,0,1,0],[0,1,0,0],[1,0,0,0],[0,0,1,0],[1,0,0,0],[0,0,1,0],[0,0,0,1],[1,0,0,0],[1,0,0,0]],"alignment_pwm":[null,[[1,0,0,0],[0.333333,0,0,0.666667],[0.666667,0,0,0.333333],[0.333333,0,0.666667,0],[0,0.666667,0.333333,0],[0,0.333333,0,0.666667],[0,0,0.666667,0.333333],[0,0,1,0],[0,0,1,0],[0.666667,0,0.333333,0],[0.333333,0.666667,0,0],[0,0.333333,0,0.666667],[0,0.333333,0,0.666667],[0.666667,0,0,0.333333],[1,0,0,0],[0.333333,0,0,0.666667],[0,0,0,1],[0.333333,0,0,0.666667],[1,0,0,0],[1,0,0,0],[0.333333,0.666667,0,0],[0,0.666667,0,0.333333],[0.666667,0,0,0.333333],[1,0,0,0],[1,0,0,0],[0,0,1,0],[0.333333,0,0.666667,0],[0.333333,0.333333,0.333333,0],[0,0.666667,0.333333,0],[0,0,0,1],[0,0,0,1],[0,0,0,1],[0,0,0,1],[0,0,1,0],[0,1,0,0],[1,0,0,0],[0,0.666667,0,0.333333],[0,0,1,0],[0.333333,0,0.666667,0],[0,1,0,0],[1,0,0,0],[1,0,0,0],[1,0,0,0],[0.666667,0,0.333333,0],[0,0,1,0],[0,0,1,0],[1,0,0,0],[1,0,0,0],[0,1,0,0],[1,0,0,0],[0,0,1,0],[0,0,0,1],[0,1,0,0],[1,0,0,0],[0,0,1,0],[0,1,0,0],[1,0,0,0],[0,0,1,0],[1,0,0,0],[0,0,1,0],[0,0,0,1],[1,0,0,0],[1,0,0,0],[1,0,0,0],[0,1,0,0],[1,0,0,0],[0,0,1,0],[1,0,0,0],[0,1,0,0],[1,0,0,0],[1,0,0,0],[0,1,0,0],[0,1,0,0]],null,null],"seqs":[0,3,4]},{"orient":6,"bin":2,"pvalue":4.43547e-07,"inferred_pwm":[[1,0,0,0],[0,0,1,0],[0,1,0,0],[1,0,0,0],[0,0,1,0],[1,0,0,0],[0,0,1,0],[0,0,0,1],[1,0,0,0],[1,0,0,0]],"alignment_pwm":[null,[[1,0,0,0],[0.333333,0,0,0.666667],[0.666667,0,0,0.333333],[0.333333,0,0.666667,0],[0,0.666667,0.333333,0],[0,0.333333,0,0.666667],[0,0,0.666667,0.333333],[0,0,1,0],[0,0,1,0],[0.666667,0,0.333333,0],[0.333333,0.666667,0,0],[0,0.333333,0,0.666667],[0,0.333333,0,0.666667],[0.666667,0,0,0.333333],[1,0,0,0],[0.333333,0,0,0.666667],[0,0,0,1],[0.333333,0,0,0.666667],[1,0,0,0],[1,0,0,0],[0.333333,0.666667,0,0],[0,0.666667,0,0.333333],[0.666667,0,0,0.333333],[1,0,0,0],[1,0,0,0],[0,0,1,0],[0.333333,0,0.666667,0],[0.333333,0.333333,0.333333,0],[0,0.666667,0.333333,0],[0,0,0,1],[0,0,0,1],[0,0,0,1],[0,0,0,1],[0,0,1,0],[0,1,0,0],[1,0,0,0],[0,0.666667,0,0.333333],[0,0,1,0],[0.333333,0,0.666667,0],[0,1,0,0],[1,0,0,0],[1,0,0,0],[1,0,0,0],[0.666667,0,0.333333,0],[0,0,1,0],[0,0,1,0],[1,0,0,0],[1,0,0,0],[0,1,0,0],[1,0,0,0],[0,0,1,0],[0,0,0,1],[0,1,0,0],[1,0,0,0],[0,0,1,0],[0,1,0,0],[1,0,0,0],[0,0,1,0],[1,0,0,0],[0,0,1,0],[0,0,0,1],[1,0,0,0],[1,0,0,0],[1,0,0,0],[0,1,0,0],[1,0,0,0],[0,0,1,0],[1,0,0,0],[0,1,0,0],[1,0,0,0],[1,0,0,0],[0,1,0,0],[0,1,0,0]],null,null],"seqs":[0,3,4]},{"orient":7,"bin":2,"pvalue":4.43547e-07,"inferred_pwm":[[1,0,0,0],[0,0,1,0],[0,1,0,0],[1,0,0,0],[0,0,1,0],[1,0,0,0],[0,0,1,0],[0,0,0,1],[1,0,0,0],[1,0,0,0]],"alignment_pwm":[null,[[1,0,0,0],[0.333333,0,0,0.666667],[0.666667,0,0,0.333333],[0.333333,0,0.666667,0],[0,0.666667,0.333333,0],[0,0.333333,0,0.666667],[0,0,0.666667,0.333333],[0,0,1,0],[0,0,1,0],[0.666667,0,0.333333,0],[0.333333,0.666667,0,0],[0,0.333333,0,0.666667],[0,0.333333,0,0.666667],[0.666667,0,0,0.333333],[1,0,0,0],[0.333333,0,0,0.666667],[0,0,0,1],[0.333333,0,0,0.666667],[1,0,0,0],[1,0,0,0],[0.333333,0.666667,0,0],[0,0.666667,0,0.333333],[0.666667,0,0,0.333333],[1,0,0,0],[1,0,0,0],[0,0,1,0],[0.333333,0,0.666667,0],[0.333333,0.333333,0.333333,0],[0,0.666667,0.333333,0],[0,0,0,1],[0,0,0,1],[0,0,0,1],[0,0,0,1],[0,0,1,0],[0,1,0,0],[1,0,0,0],[0,0.666667,0,0.333333],[0,0,1,0],[0.333333,0,0.666667,0],[0,1,0,0],[1,0,0,0],[1,0,0,0],[1,0,0,0],[0.666667,0,0.333333,0],[0,0,1,0],[0,0,1,0],[1,0,0,0],[1,0,0,0],[0,1,0,0],[1,0,0,0],[0,0,1,0],[0,0,0,1],[0,1,0,0],[1,0,0,0],[0,0,1,0],[0,1,0,0],[1,0,0,0],[0,0,1,0],[1,0,0,0],[0,0,1,0],[0,0,0,1],[1,0,0,0],[1,0,0,0],[1,0,0,0],[0,1,0,0],[1,0,0,0],[0,0,1,0],[1,0,0,0],[0,1,0,0],[1,0,0,0],[1,0,0,0],[0,1,0,0],[0,1,0,0]],null,null],"seqs":[0,3,4]},{"orient":8,"bin":2,"pvalue":3.52948e-06,"inferred_pwm":[[1,0,0,0],[0,0,1,0],[0,1,0,0],[1,0,0,0],[0,0,1,0],[1,0,0,0],[0,0,1,0],[0,0,0,1],[1,0,0,0],[1,0,0,0]],"alignment_pwm":[null,[[1,0,0,0],[0.333333,0,0,0.666667],[0.666667,0,0,0.333333],[0.333333,0,0.666667,0],[0,0.666667,0.333333,0],[0,0.333333,0,0.666667],[0,0,0.666667,0.333333],[0,0,1,0],[0,0,1,0],[0.666667,0,0.333333,0],[0.333333,0.666667,0,0],[0,0.333333,0,0.666667],[0,0.333333,0,0.666667],[0.666667,0,0,0.333333],[1,0,0,0],[0.333333,0,0,0.666667],[0,0,0,1],[0.333333,0,0,0.666667],[1,0,0,0],[1,0,0,0],[0.333333,0.666667,0,0],[0,0.666667,0,0.333333],[0.666667,0,0,0.333333],[1,0,0,0],[1,0,0,0],[0,0,1,0],[0.333333,0,0.666667,0],[0.333333,0.333333,0.333333,0],[0,0.666667,0.333333,0],[0,0,0,1],[0,0,0,1],[0,0,0,1],[0,0,0,1],[0,0,1,0],[0,1,0,0],[1,0,0,0],[0,0.666667,0,0.333333],[0,0,1,0],[0.333333,0,0.666667,0],[0,1,0,0],[1,0,0,0],[1,0,0,0],[1,0,0,0],[0.666667,0,0.333333,0],[0,0,1,0],[0,0,1,0],[1,0,0,0],[1,0,0,0],[0,1,0,0],[1,0,0,0],[0,0,1,0],[0,0,0,1],[0,1,0,0],[1,0,0,0],[0,0,1,0],[0,1,0,0],[1,0,0,0],[0,0,1,0],[1,0,0,0],[0,0,1,0],[0,0,0,1],[1,0,0,0],[1,0,0,0],[1,0,0,0],[0,1,0,0],[1,0,0,0],[0,0,1,0],[1,0,0,0],[0,1,0,0],[1,0,0,0],[1,0,0,0],[0,1,0,0],[0,1,0,0]],null,null],"seqs":[0,3,4]}]}],[{"idx":22,"counts":[[0,0,0,0,0,0,0,0,0,0,0,0,0,0,0,0,0,0,0,0,0,0,0,0,0,0,0,0,0,0,0,0,0,0,0,0,0,0,0,0,0,0,0,0,0,0,0,0,0,0,0,0,0,0,0,0,0,0,0,0,0,0,0,0,0,0,0,0,0,0,0,0,0,0,0,0,0,0,0,0,0,0,0,0,0,0,0,0,0,0,0,0,0,0,0,0,0,0,0,0,0,0,0,0,0,0,0,0,0,0,0,0,0,0,0,0,0,0,0,0,0,0,0,0,0,0,0,0,0,0,0,0,0,0,0,0,0,0,0],[0,0,3,0,0,0,0,0,0,0,0,0,0,0,0,0,0,0,0,0,0,0,0,0,0,0,0,0,0,0,0,0,0,0,0,0,0,0,0,0,0,0,0,0,0,0,0,0,0,0,0,0,0,0,0,0,0,0,0,0,0,0,0,0,0,0,0,0,0,0,0,0,0,0,0,0,0,0,0,0,1,0,0,0,0,0,0,0,0,0,0,0,0,0,0,0,0,0,0,0,0,0,0,0,0,0,0,0,0,0,0,0,0,0,0,0,0,0,0,0,0,0,0,0,0,0,0,0,0,0,0,0,0,0,0,0,0,0,0],[0,0,0,0,0,0,0,0,0,0,0,0,0,0,0,0,0,0,0,0,0,0,0,0,0,0,0,0,0,0,0,0,0,0,0,0,0,0,0,0,0,0,0,0,0,0,0,0,0,0,0,0,0,0,0,0,0,0,0,0,0,0,0,0,0,0,0,0,0,0,0,0,0,0,0,0,0,0,0,1,0,0,0,0,0,0,0,0,0,0,0,0,0,0,0,0,0,0,0,0,0,0,0,0,0,0,0,0,0,0,0,0,0,0,0,0,0,0,0,0,0,0,0,0,0,0,0,0,0,0,0,0,0,0,0,0,0,0,0],[0,0,0,0,0,0,0,0,0,0,0,0,0,0,0,0,0,0,0,0,0,0,0,0,0,0,0,0,0,0,0,0,0,0,0,0,0,0,0,0,0,0,0,0,0,0,0,0,0,0,0,0,0,0,0,0,0,0,0,0,0,0,0,0,0,0,0,0,0,0,0,0,0,0,0,0,0,0,0,0,0,0,0,0,0,0,0,0,0,0,0,0,0,0,0,0,0,0,0,0,0,0,0,0,0,0,0,0,0,0,0,0,0,0,0,0,0,0,0,0,0,0,0,0,0,0,0,0,0,0,0,0,0,0,0,0,0,0,0]],"spacings":[{"orient":1,"bin":2,"pvalue":5.92928e-08,"inferred_pwm":[[1,0,0,0],[0,0,1,0],[0,1,0,0],[1,0,0,0],[0,0,1,0],[1,0,0,0],[0,0,1,0],[0,0,0,1],[1,0,0,0],[1,0,0,0],[1,0,0,0],[0,1,0,0],[1,0,0,0]],"alignment_pwm":[null,[[0.333333,0,0,0.666667],[0.666667,0,0,0.333333],[1,0,0,0],[1,0,0,0],[0.333333,0,0,0.666667],[0.666667,0,0,0.333333],[0.333333,0,0.666667,0],[0,0.666667,0.333333,0],[0,0.333333,0,0.666667],[0,0,0.666667,0.333333],[0,0,1,0],[0,0,1,0],[0.666667,0,0.333333,0],[0.333333,0.666667,0,0],[0,0.333333,0,0.666667],[0,0.333333,0,0.666667],[0.666667,0,0,0.333333],[1,0,0,0],[0.333333,0,0,0.666667],[0,0,0,1],[0.333333,0,0,0.666667],[1,0,0,0],[1,0,0,0],[0.333333,0.666667,0,0],[0,0.666667,0,0.333333],[0.666667,0,0,0.333333],[1,0,0,0],[1,0,0,0],[0,0,1,0],[0.333333,0,0.666667,0],[0.333333,0.333333,0.333333,0],[0,0.666667,0.333333,0],[0,0,0,1],[0,0,0,1],[0,0,0,1],[0,0,0,1],[0,0,1,0],[0,1,0,0],[1,0,0,0],[0,0.666667,0,0.333333],[0,0,1,0],[0.333333,0,0.666667,0],[0,1,0,0],[1,0,0,0],[1,0,0,0],[1,0,0,0],[0.666667,0,0.333333,0],[0,0,1,0],[0,0,1,0],[1,0,0,0],[1,0,0,0],[0,1,0,0],[1,0,0,0],[0,0,1,0],[0,0,0,1],[0,1,0,0],[1,0,0,0],[0,0,1,0],[0,1,0,0],[1,0,0,0],[0,0,1,0],[1,0,0,0],[0,0,1,0],[0,0,0,1],[1,0,0,0],[1,0,0,0],[1,0,0,0],[0,1,0,0],[1,0,0,0],[0,0,1,0],[1,0,0,0],[0,1,0,0],[1,0,0,0],[1,0,0,0],[0,1,0,0],[0,1,0,0],[0.333333,0.666667,0,0],[0.666667,0.333333,0,0],[0.666667,0.333333,0,0]],null,null],"seqs":[0,3,4]},{"orient":6,"bin":2,"pvalue":4.73053e-07,"inferred_pwm":[[1,0,0,0],[0,0,1,0],[0,1,0,0],[1,0,0,0],[0,0,1,0],[1,0,0,0],[0,0,1,0],[0,0,0,1],[1,0,0,0],[1,0,0,0],[1,0,0,0],[0,1,0,0],[1,0,0,0]],"alignment_pwm":[null,[[0.333333,0,0,0.666667],[0.666667,0,0,0.333333],[1,0,0,0],[1,0,0,0],[0.333333,0,0,0.666667],[0.666667,0,0,0.333333],[0.333333,0,0.666667,0],[0,0.666667,0.333333,0],[0,0.333333,0,0.666667],[0,0,0.666667,0.333333],[0,0,1,0],[0,0,1,0],[0.666667,0,0.333333,0],[0.333333,0.666667,0,0],[0,0.333333,0,0.666667],[0,0.333333,0,0.666667],[0.666667,0,0,0.333333],[1,0,0,0],[0.333333,0,0,0.666667],[0,0,0,1],[0.333333,0,0,0.666667],[1,0,0,0],[1,0,0,0],[0.333333,0.666667,0,0],[0,0.666667,0,0.333333],[0.666667,0,0,0.333333],[1,0,0,0],[1,0,0,0],[0,0,1,0],[0.333333,0,0.666667,0],[0.333333,0.333333,0.333333,0],[0,0.666667,0.333333,0],[0,0,0,1],[0,0,0,1],[0,0,0,1],[0,0,0,1],[0,0,1,0],[0,1,0,0],[1,0,0,0],[0,0.666667,0,0.333333],[0,0,1,0],[0.333333,0,0.666667,0],[0,1,0,0],[1,0,0,0],[1,0,0,0],[1,0,0,0],[0.666667,0,0.333333,0],[0,0,1,0],[0,0,1,0],[1,0,0,0],[1,0,0,0],[0,1,0,0],[1,0,0,0],[0,0,1,0],[0,0,0,1],[0,1,0,0],[1,0,0,0],[0,0,1,0],[0,1,0,0],[1,0,0,0],[0,0,1,0],[1,0,0,0],[0,0,1,0],[0,0,0,1],[1,0,0,0],[1,0,0,0],[1,0,0,0],[0,1,0,0],[1,0,0,0],[0,0,1,0],[1,0,0,0],[0,1,0,0],[1,0,0,0],[1,0,0,0],[0,1,0,0],[0,1,0,0],[0.333333,0.666667,0,0],[0.666667,0.333333,0,0],[0.666667,0.333333,0,0]],null,null],"seqs":[0,3,4]},{"orient":7,"bin":2,"pvalue":4.73053e-07,"inferred_pwm":[[1,0,0,0],[0,0,1,0],[0,1,0,0],[1,0,0,0],[0,0,1,0],[1,0,0,0],[0,0,1,0],[0,0,0,1],[1,0,0,0],[1,0,0,0],[1,0,0,0],[0,1,0,0],[1,0,0,0]],"alignment_pwm":[null,[[0.333333,0,0,0.666667],[0.666667,0,0,0.333333],[1,0,0,0],[1,0,0,0],[0.333333,0,0,0.666667],[0.666667,0,0,0.333333],[0.333333,0,0.666667,0],[0,0.666667,0.333333,0],[0,0.333333,0,0.666667],[0,0,0.666667,0.333333],[0,0,1,0],[0,0,1,0],[0.666667,0,0.333333,0],[0.333333,0.666667,0,0],[0,0.333333,0,0.666667],[0,0.333333,0,0.666667],[0.666667,0,0,0.333333],[1,0,0,0],[0.333333,0,0,0.666667],[0,0,0,1],[0.333333,0,0,0.666667],[1,0,0,0],[1,0,0,0],[0.333333,0.666667,0,0],[0,0.666667,0,0.333333],[0.666667,0,0,0.333333],[1,0,0,0],[1,0,0,0],[0,0,1,0],[0.333333,0,0.666667,0],[0.333333,0.333333,0.333333,0],[0,0.666667,0.333333,0],[0,0,0,1],[0,0,0,1],[0,0,0,1],[0,0,0,1],[0,0,1,0],[0,1,0,0],[1,0,0,0],[0,0.666667,0,0.333333],[0,0,1,0],[0.333333,0,0.666667,0],[0,1,0,0],[1,0,0,0],[1,0,0,0],[1,0,0,0],[0.666667,0,0.333333,0],[0,0,1,0],[0,0,1,0],[1,0,0,0],[1,0,0,0],[0,1,0,0],[1,0,0,0],[0,0,1,0],[0,0,0,1],[0,1,0,0],[1,0,0,0],[0,0,1,0],[0,1,0,0],[1,0,0,0],[0,0,1,0],[1,0,0,0],[0,0,1,0],[0,0,0,1],[1,0,0,0],[1,0,0,0],[1,0,0,0],[0,1,0,0],[1,0,0,0],[0,0,1,0],[1,0,0,0],[0,1,0,0],[1,0,0,0],[1,0,0,0],[0,1,0,0],[0,1,0,0],[0.333333,0.666667,0,0],[0.666667,0.333333,0,0],[0.666667,0.333333,0,0]],null,null],"seqs":[0,3,4]},{"orient":8,"bin":2,"pvalue":3.76383e-06,"inferred_pwm":[[1,0,0,0],[0,0,1,0],[0,1,0,0],[1,0,0,0],[0,0,1,0],[1,0,0,0],[0,0,1,0],[0,0,0,1],[1,0,0,0],[1,0,0,0],[1,0,0,0],[0,1,0,0],[1,0,0,0]],"alignment_pwm":[null,[[0.333333,0,0,0.666667],[0.666667,0,0,0.333333],[1,0,0,0],[1,0,0,0],[0.333333,0,0,0.666667],[0.666667,0,0,0.333333],[0.333333,0,0.666667,0],[0,0.666667,0.333333,0],[0,0.333333,0,0.666667],[0,0,0.666667,0.333333],[0,0,1,0],[0,0,1,0],[0.666667,0,0.333333,0],[0.333333,0.666667,0,0],[0,0.333333,0,0.666667],[0,0.333333,0,0.666667],[0.666667,0,0,0.333333],[1,0,0,0],[0.333333,0,0,0.666667],[0,0,0,1],[0.333333,0,0,0.666667],[1,0,0,0],[1,0,0,0],[0.333333,0.666667,0,0],[0,0.666667,0,0.333333],[0.666667,0,0,0.333333],[1,0,0,0],[1,0,0,0],[0,0,1,0],[0.333333,0,0.666667,0],[0.333333,0.333333,0.333333,0],[0,0.666667,0.333333,0],[0,0,0,1],[0,0,0,1],[0,0,0,1],[0,0,0,1],[0,0,1,0],[0,1,0,0],[1,0,0,0],[0,0.666667,0,0.333333],[0,0,1,0],[0.333333,0,0.666667,0],[0,1,0,0],[1,0,0,0],[1,0,0,0],[1,0,0,0],[0.666667,0,0.333333,0],[0,0,1,0],[0,0,1,0],[1,0,0,0],[1,0,0,0],[0,1,0,0],[1,0,0,0],[0,0,1,0],[0,0,0,1],[0,1,0,0],[1,0,0,0],[0,0,1,0],[0,1,0,0],[1,0,0,0],[0,0,1,0],[1,0,0,0],[0,0,1,0],[0,0,0,1],[1,0,0,0],[1,0,0,0],[1,0,0,0],[0,1,0,0],[1,0,0,0],[0,0,1,0],[1,0,0,0],[0,1,0,0],[1,0,0,0],[1,0,0,0],[0,1,0,0],[0,1,0,0],[0.333333,0.666667,0,0],[0.666667,0.333333,0,0],[0.666667,0.333333,0,0]],null,null],"seqs":[0,3,4]}]}],[{"idx":7,"counts":[[0,0,0,0,0,0,0,0,0,0,0,0,0,0,0,0,0,0,0,0,0,0,0,0,0,0,0,0,0,0,1,0,0,0,0,0,0,0,0,0,0,0,0,0,0,0,0,0,0,0,0,0,0,0,0,0,0,0,0,0,0,0,0,0,0,0,0,0,0,0,0,0,0,0,0,0,0,0,0,0,0,0,0,0,0,0,0,0,0,0,0,0,0,0,0,0,0,0,0,0,0,0,0,0,0,0,0,0,0,0,0,0,0,0,0,0,0,0,0,0,0,0,0,0,0,0,0,0,0,0,0,0,0,0,0,0,0],[0,0,0,0,0,0,0,0,0,0,0,0,0,0,0,0,0,0,0,0,0,0,0,0,0,0,0,0,0,0,0,0,0,0,0,0,0,0,0,0,0,0,0,0,0,0,0,0,0,0,0,0,0,0,0,0,0,0,0,0,0,0,0,0,0,0,0,0,0,0,0,0,0,0,0,0,0,1,0,0,0,0,0,0,0,0,0,0,0,0,0,0,0,0,0,0,0,0,0,0,0,0,0,0,0,0,0,0,0,0,0,0,0,0,0,0,0,0,0,0,0,0,0,0,0,0,0,0,0,0,0,0,0,0,0,0,0],[0,0,0,0,0,0,0,0,0,0,0,0,0,0,0,0,0,0,0,0,0,0,0,0,0,0,0,0,0,0,0,0,0,0,0,0,0,0,0,0,0,0,0,0,0,0,0,0,0,0,0,0,0,0,0,0,0,0,0,0,0,0,0,0,0,0,0,0,0,0,0,0,0,0,0,0,0,0,0,0,0,0,0,0,0,0,0,0,0,0,0,0,0,0,0,0,0,0,0,0,0,0,0,0,0,0,0,0,0,0,0,0,0,0,0,0,0,0,0,0,0,0,0,0,0,0,0,0,0,0,0,0,0,0,0,0,0],[0,0,0,3,0,0,0,0,0,0,0,0,0,0,0,0,0,0,0,0,0,0,0,0,0,0,0,0,0,0,0,0,0,0,0,0,0,0,0,0,0,0,0,0,0,0,0,0,0,0,0,0,0,0,0,0,0,0,0,0,0,0,0,0,0,0,0,0,0,0,0,0,0,0,0,0,0,0,0,0,0,0,0,0,0,0,0,0,0,0,0,0,0,0,0,0,0,0,0,0,0,0,0,0,0,0,0,0,0,0,0,0,0,0,0,0,0,0,0,0,0,0,0,0,0,0,0,0,0,0,0,0,0,0,0,0,0]],"spacings":[{"orient":3,"bin":3,"pvalue":6.19448e-08,"inferred_pwm":[[0,0,1,0],[0,0,0,1],[0,1,0,0],[0,0,0,1],[0,0,1,0],[0,0,0,1],[0,0,0,1],[0,0,0,1],[1,0,0,0],[0,1,0,0],[0,0,0,1],[0,1,0,0],[0,0,0,1],[0,0,1,0],[0,1,0,0]],"alignment_pwm":[null,null,null,[[1,0,0,0],[0.333333,0,0.666667,0],[0.666667,0,0.333333,0],[0.333333,0,0,0.666667],[0.666667,0,0,0.333333],[1,0,0,0],[1,0,0,0],[0.333333,0,0,0.666667],[0.666667,0,0,0.333333],[0.333333,0,0.666667,0],[0,0.666667,0.333333,0],[0,0.333333,0,0.666667],[0,0,0.666667,0.333333],[0,0,1,0],[0,0,1,0],[0.666667,0,0.333333,0],[0.333333,0.666667,0,0],[0,0.333333,0,0.666667],[0,0.333333,0,0.666667],[0.666667,0,0,0.333333],[1,0,0,0],[0.333333,0,0,0.666667],[0,0,0,1],[0.333333,0,0,0.666667],[1,0,0,0],[1,0,0,0],[0.333333,0.666667,0,0],[0,0.666667,0,0.333333],[0.666667,0,0,0.333333],[1,0,0,0],[1,0,0,0],[0,0,1,0],[0.333333,0,0.666667,0],[0.333333,0.333333,0.333333,0],[0,0.666667,0.333333,0],[0,0,0,1],[0,0,0,1],[0,0,0,1],[0,0,0,1],[0,0,1,0],[0,1,0,0],[1,0,0,0],[0,0.666667,0,0.333333],[0,0,1,0],[0.333333,0,0.666667,0],[0,1,0,0],[1,0,0,0],[1,0,0,0],[1,0,0,0],[0.666667,0,0.333333,0],[0,0,1,0],[0,0,1,0],[1,0,0,0],[1,0,0,0],[0,1,0,0],[1,0,0,0],[0,0,1,0],[0,0,0,1],[0,1,0,0],[1,0,0,0],[0,0,1,0],[0,1,0,0],[1,0,0,0],[0,0,1,0],[1,0,0,0],[0,0,1,0],[0,0,0,1],[1,0,0,0],[1,0,0,0],[1,0,0,0],[0,1,0,0],[1,0,0,0],[0,0,1,0],[1,0,0,0],[0,1,0,0],[1,0,0,0],[1,0,0,0],[0,1,0,0],[0,1,0,0],[0.333333,0.666667,0,0],[0.666667,0.333333,0,0],[0.666667,0.333333,0,0],[0.666667,0,0.333333,0],[0.333333,0,0.333333,0.333333],[0.333333,0,0.333333,0.333333]]],"seqs":[0,3,4]},{"orient":5,"bin":3,"pvalue":4.94191e-07,"inferred_pwm":[[0,0,1,0],[0,0,0,1],[0,1,0,0],[0,0,0,1],[0,0,1,0],[0,0,0,1],[0,0,0,1],[0,0,0,1],[1,0,0,0],[0,1,0,0],[0,0,0,1],[0,1,0,0],[0,0,0,1],[0,0,1,0],[0,1,0,0]],"alignment_pwm":[null,null,null,[[1,0,0,0],[0.333333,0,0.666667,0],[0.666667,0,0.333333,0],[0.333333,0,0,0.666667],[0.666667,0,0,0.333333],[1,0,0,0],[1,0,0,0],[0.333333,0,0,0.666667],[0.666667,0,0,0.333333],[0.333333,0,0.666667,0],[0,0.666667,0.333333,0],[0,0.333333,0,0.666667],[0,0,0.666667,0.333333],[0,0,1,0],[0,0,1,0],[0.666667,0,0.333333,0],[0.333333,0.666667,0,0],[0,0.333333,0,0.666667],[0,0.333333,0,0.666667],[0.666667,0,0,0.333333],[1,0,0,0],[0.333333,0,0,0.666667],[0,0,0,1],[0.333333,0,0,0.666667],[1,0,0,0],[1,0,0,0],[0.333333,0.666667,0,0],[0,0.666667,0,0.333333],[0.666667,0,0,0.333333],[1,0,0,0],[1,0,0,0],[0,0,1,0],[0.333333,0,0.666667,0],[0.333333,0.333333,0.333333,0],[0,0.666667,0.333333,0],[0,0,0,1],[0,0,0,1],[0,0,0,1],[0,0,0,1],[0,0,1,0],[0,1,0,0],[1,0,0,0],[0,0.666667,0,0.333333],[0,0,1,0],[0.333333,0,0.666667,0],[0,1,0,0],[1,0,0,0],[1,0,0,0],[1,0,0,0],[0.666667,0,0.333333,0],[0,0,1,0],[0,0,1,0],[1,0,0,0],[1,0,0,0],[0,1,0,0],[1,0,0,0],[0,0,1,0],[0,0,0,1],[0,1,0,0],[1,0,0,0],[0,0,1,0],[0,1,0,0],[1,0,0,0],[0,0,1,0],[1,0,0,0],[0,0,1,0],[0,0,0,1],[1,0,0,0],[1,0,0,0],[1,0,0,0],[0,1,0,0],[1,0,0,0],[0,0,1,0],[1,0,0,0],[0,1,0,0],[1,0,0,0],[1,0,0,0],[0,1,0,0],[0,1,0,0],[0.333333,0.666667,0,0],[0.666667,0.333333,0,0],[0.666667,0.333333,0,0],[0.666667,0,0.333333,0],[0.333333,0,0.333333,0.333333],[0.333333,0,0.333333,0.333333]]],"seqs":[0,3,4]},{"orient":7,"bin":3,"pvalue":4.94191e-07,"inferred_pwm":[[0,0,1,0],[0,0,0,1],[0,1,0,0],[0,0,0,1],[0,0,1,0],[0,0,0,1],[0,0,0,1],[0,