<!DOCTYPE HTML>
<html>
  <head>
    <meta charset="UTF-8">
    <title>TOMTOM</title>
    <script>
      // @JSON_VAR data
      var data = {
        "program": "Tomtom",
        "version": "4.12.0",
        "release": "Tue Jun 27 16:22:50 2017 -0700",
        "cmd": [
          "tomtom", "-verbosity", "1", "-oc",
          "results/AHRpeaks_not-in-DHSs-noAHREs.bed-399.fa/hocomoco/meme_tomtom_out",
          "-min-overlap", "5", "-dist", "pearson", "-evalue", "-thresh", "1",
          "-no-ssc", "-bfile",
          "results/AHRpeaks_not-in-DHSs-noAHREs.bed-399.fa/hocomoco/background",
          "results/AHRpeaks_not-in-DHSs-noAHREs.bed-399.fa/hocomoco/meme_out/meme.xml",
          "/Users/filipov4/meme/db/motif_databases/HUMAN/HOCOMOCOv11_full_HUMAN_mono_meme_format.meme"
        ],
        "options": {
          "strands": "both",
          "distance_measure": "pearson",
          "threshold_type": "evalue",
          "threshold_value": 1,
          "background_source": "file",
          "background_file": "results/AHRpeaks_not-in-DHSs-noAHREs.bed-399.fa/hocomoco/background"
        },
        "alphabet": {
          "name": "DNA",
          "like": "dna",
          "ncore": 4,
          "symbols": [
            {
              "symbol": "A",
              "name": "Adenine",
              "colour": "CC0000",
              "complement": "T"
            }, {
              "symbol": "C",
              "name": "Cytosine",
              "colour": "0000CC",
              "complement": "G"
            }, {
              "symbol": "G",
              "name": "Guanine",
              "colour": "FFB300",
              "complement": "C"
            }, {
              "symbol": "T",
              "aliases": "U",
              "name": "Thymine",
              "colour": "008000",
              "complement": "A"
            }, {
              "symbol": "N",
              "aliases": "X.",
              "name": "Any base",
              "equals": "ACGT"
            }, {
              "symbol": "V",
              "name": "Not T",
              "equals": "ACG"
            }, {
              "symbol": "H",
              "name": "Not G",
              "equals": "ACT"
            }, {
              "symbol": "D",
              "name": "Not C",
              "equals": "AGT"
            }, {
              "symbol": "B",
              "name": "Not A",
              "equals": "CGT"
            }, {
              "symbol": "M",
              "name": "Amino",
              "equals": "AC"
            }, {
              "symbol": "R",
              "name": "Purine",
              "equals": "AG"
            }, {
              "symbol": "W",
              "name": "Weak",
              "equals": "AT"
            }, {
              "symbol": "S",
              "name": "Strong",
              "equals": "CG"
            }, {
              "symbol": "Y",
              "name": "Pyrimidine",
              "equals": "CT"
            }, {
              "symbol": "K",
              "name": "Keto",
              "equals": "GT"
            }
          ]
        },
        "background": [0.2831, 0.2169, 0.2169, 0.2831],
        "query_dbs": [
          {
            "source": "results/AHRpeaks_not-in-DHSs-noAHREs.bed-399.fa/hocomoco/meme_out/meme.xml",
            "name": "meme",
            "loaded": 7,
            "excluded": 0,
            "last_modified": "Thu May 24 14:16:56 2018"
          }
        ],
        "target_dbs": [
          {
            "source": "/Users/filipov4/meme/db/motif_databases/HUMAN/HOCOMOCOv11_full_HUMAN_mono_meme_format.meme",
            "name": "HOCOMOCOv11 full HUMAN mono meme format",
            "loaded": 771,
            "excluded": 0,
            "last_modified": "Wed Dec  6 21:59:30 2017"
          }
        ],
        "queries": [
          {
            "db": 0,
            "id": "CAHYTAGGGCTCYGCBTGGC",
            "alt": "MEME-4",
            "len": 20,
            "nsites": 4,
            "evalue": "1.8e+004",
            "pwm": [
              [0.00690488, 0.9809, 0.00529025, 0.00690488], 
              [0.982515, 0.00529025, 0.00529025, 0.00690488], 
              [0.49471, 0.249193, 0.00529025, 0.250807], 
              [0.00690488, 0.493095, 0.00529025, 0.49471], 
              [0.00690488, 0.00529025, 0.00529025, 0.982515], 
              [0.738612, 0.00529025, 0.249193, 0.00690488], 
              [0.00690488, 0.00529025, 0.9809, 0.00690488], 
              [0.250807, 0.00529025, 0.736998, 0.00690488], 
              [0.00690488, 0.00529025, 0.736998, 0.250807], 
              [0.00690488, 0.736998, 0.249193, 0.00690488], 
              [0.00690488, 0.00529025, 0.00529025, 0.982515], 
              [0.00690488, 0.736998, 0.249193, 0.00690488], 
              [0.00690488, 0.493095, 0.00529025, 0.49471], 
              [0.250807, 0.00529025, 0.736998, 0.00690488], 
              [0.00690488, 0.736998, 0.249193, 0.00690488], 
              [0.00690488, 0.493095, 0.249193, 0.250807], 
              [0.00690488, 0.00529025, 0.249193, 0.738612], 
              [0.00690488, 0.00529025, 0.9809, 0.00690488], 
              [0.00690488, 0.00529025, 0.9809, 0.00690488], 
              [0.250807, 0.736998, 0.00529025, 0.00690488]
            ]
          }, {
            "db": 0,
            "id": "GAGGGGWTGG",
            "alt": "MEME-7",
            "len": 10,
            "nsites": 2,
            "evalue": "1.7e+005",
            "pwm": [
              [0.0134809, 0.0103286, 0.96271, 0.0134809], 
              [0.965862, 0.0103286, 0.0103286, 0.0134809], 
              [0.0134809, 0.0103286, 0.96271, 0.0134809], 
              [0.0134809, 0.0103286, 0.96271, 0.0134809], 
              [0.0134809, 0.0103286, 0.96271, 0.0134809], 
              [0.0134809, 0.0103286, 0.96271, 0.0134809], 
              [0.489671, 0.0103286, 0.0103286, 0.489671], 
              [0.0134809, 0.0103286, 0.0103286, 0.965862], 
              [0.0134809, 0.0103286, 0.96271, 0.0134809], 
              [0.0134809, 0.0103286, 0.96271, 0.0134809]
            ]
          }, {
            "db": 0,
            "id": "GCCCCWGG",
            "alt": "MEME-6",
            "len": 8,
            "nsites": 2,
            "evalue": "1.7e+005",
            "pwm": [
              [0.0134809, 0.0103286, 0.96271, 0.0134809], 
              [0.0134809, 0.96271, 0.0103286, 0.0134809], 
              [0.0134809, 0.96271, 0.0103286, 0.0134809], 
              [0.0134809, 0.96271, 0.0103286, 0.0134809], 
              [0.0134809, 0.96271, 0.0103286, 0.0134809], 
              [0.489671, 0.0103286, 0.0103286, 0.489671], 
              [0.0134809, 0.0103286, 0.96271, 0.0134809], 
              [0.0134809, 0.0103286, 0.96271, 0.0134809]
            ]
          }, {
            "db": 0,
            "id": "GGAYTGGGAGAKRAATWCAGA",
            "alt": "MEME-2",
            "len": 21,
            "nsites": 4,
            "evalue": "1.1e+003",
            "pwm": [
              [0.00690488, 0.00529025, 0.736998, 0.250807], 
              [0.00690488, 0.00529025, 0.9809, 0.00690488], 
              [0.982515, 0.00529025, 0.00529025, 0.00690488], 
              [0.00690488, 0.493095, 0.00529025, 0.49471], 
              [0.00690488, 0.00529025, 0.00529025, 0.982515], 
              [0.00690488, 0.00529025, 0.9809, 0.00690488], 
              [0.00690488, 0.00529025, 0.736998, 0.250807], 
              [0.00690488, 0.00529025, 0.736998, 0.250807], 
              [0.738612, 0.00529025, 0.249193, 0.00690488], 
              [0.00690488, 0.00529025, 0.9809, 0.00690488], 
              [0.982515, 0.00529025, 0.00529025, 0.00690488], 
              [0.00690488, 0.00529025, 0.493095, 0.49471], 
              [0.49471, 0.00529025, 0.493095, 0.00690488], 
              [0.982515, 0.00529025, 0.00529025, 0.00690488], 
              [0.738612, 0.00529025, 0.00529025, 0.250807], 
              [0.00690488, 0.249193, 0.00529025, 0.738612], 
              [0.49471, 0.00529025, 0.00529025, 0.49471], 
              [0.00690488, 0.9809, 0.00529025, 0.00690488], 
              [0.982515, 0.00529025, 0.00529025, 0.00690488], 
              [0.00690488, 0.00529025, 0.9809, 0.00690488], 
              [0.738612, 0.00529025, 0.249193, 0.00690488]
            ]
          }, {
            "db": 0,
            "id": "RGVAGGDSAVAM",
            "alt": "MEME-3",
            "len": 12,
            "nsites": 37,
            "evalue": "7.4e+003",
            "pwm": [
              [0.351167, 0.000584636, 0.458805, 0.189442], 
              [0.0816255, 0.0544929, 0.863118, 0.000763073], 
              [0.297259, 0.270126, 0.29708, 0.135534], 
              [0.863297, 0.000584636, 0.000584636, 0.135534], 
              [0.270305, 0.0544929, 0.674439, 0.000763073], 
              [0.0277172, 0.243172, 0.728348, 0.000763073], 
              [0.324213, 0.0275388, 0.243172, 0.405075], 
              [0.135534, 0.270126, 0.512715, 0.0816255], 
              [0.75548, 0.000584636, 0.243172, 0.000763073], 
              [0.297259, 0.458805, 0.243172, 0.000763073], 
              [0.728526, 0.000584636, 0.270126, 0.000763073], 
              [0.485938, 0.431851, 0.0275388, 0.0546714]
            ]
          }, {
            "db": 0,
            "id": "SASGCAMGCVDGGBKGMAVCHCCGACCVC",
            "alt": "MEME-5",
            "len": 29,
            "nsites": 4,
            "evalue": "1.0e+005",
            "pwm": [
              [0.00690488, 0.493095, 0.493095, 0.00690488], 
              [0.738612, 0.00529025, 0.249193, 0.00690488], 
              [0.00690488, 0.493095, 0.493095, 0.00690488], 
              [0.00690488, 0.00529025, 0.736998, 0.250807], 
              [0.00690488, 0.9809, 0.00529025, 0.00690488], 
              [0.738612, 0.249193, 0.00529025, 0.00690488], 
              [0.49471, 0.493095, 0.00529025, 0.00690488], 
              [0.00690488, 0.00529025, 0.9809, 0.00690488], 
              [0.00690488, 0.9809, 0.00529025, 0.00690488], 
              [0.49471, 0.249193, 0.249193, 0.00690488], 
              [0.250807, 0.00529025, 0.249193, 0.49471], 
              [0.00690488, 0.00529025, 0.736998, 0.250807], 
              [0.250807, 0.00529025, 0.736998, 0.00690488], 
              [0.00690488, 0.249193, 0.493095, 0.250807], 
              [0.00690488, 0.00529025, 0.493095, 0.49471], 
              [0.250807, 0.00529025, 0.736998, 0.00690488], 
              [0.49471, 0.493095, 0.00529025, 0.00690488], 
              [0.982515, 0.00529025, 0.00529025, 0.00690488], 
              [0.250807, 0.493095, 0.249193, 0.00690488], 
              [0.250807, 0.736998, 0.00529025, 0.00690488], 
              [0.250807, 0.249193, 0.00529025, 0.49471], 
              [0.250807, 0.736998, 0.00529025, 0.00690488], 
              [0.00690488, 0.736998, 0.249193, 0.00690488], 
              [0.00690488, 0.00529025, 0.9809, 0.00690488], 
              [0.738612, 0.00529025, 0.00529025, 0.250807], 
              [0.00690488, 0.736998, 0.249193, 0.00690488], 
              [0.00690488, 0.9809, 0.00529025, 0.00690488], 
              [0.49471, 0.249193, 0.249193, 0.00690488], 
              [0.00690488, 0.736998, 0.249193, 0.00690488]
            ]
          }, {
            "db": 0,
            "id": "SWSTGTGTGCSTGCSTSMGTG",
            "alt": "MEME-1",
            "len": 21,
            "nsites": 10,
            "evalue": "1.3e-004",
            "pwm": [
              [0.00280297, 0.398187, 0.596207, 0.00280297], 
              [0.497852, 0.101157, 0.101157, 0.299833], 
              [0.00280297, 0.596207, 0.398187, 0.00280297], 
              [0.00280297, 0.101157, 0.00214753, 0.893892], 
              [0.00280297, 0.299177, 0.695217, 0.00280297], 
              [0.00280297, 0.200167, 0.00214753, 0.794882], 
              [0.200823, 0.200167, 0.596207, 0.00280297], 
              [0.00280297, 0.200167, 0.00214753, 0.794882], 
              [0.200823, 0.101157, 0.497197, 0.200823], 
              [0.00280297, 0.992247, 0.00214753, 0.00280297], 
              [0.00280297, 0.497197, 0.398187, 0.101813], 
              [0.200823, 0.00214753, 0.00214753, 0.794882], 
              [0.00280297, 0.101157, 0.893237, 0.00280297], 
              [0.00280297, 0.794227, 0.00214753, 0.200823], 
              [0.00280297, 0.596207, 0.299177, 0.101813], 
              [0.101813, 0.00214753, 0.00214753, 0.893892], 
              [0.00280297, 0.596207, 0.398187, 0.00280297], 
              [0.299833, 0.596207, 0.00214753, 0.101813], 
              [0.200823, 0.101157, 0.596207, 0.101813], 
              [0.101813, 0.00214753, 0.101157, 0.794882], 
              [0.00280297, 0.299177, 0.695217, 0.00280297]
            ]
          }
        ],
        "targets": [
          {
            "db": 0,
            "id": "AP2A_HUMAN.H11MO.0.A",
            "len": 15,
            "nsites": 500,
            "evalue": "1.0e+000",
            "url": "http://hocomoco.autosome.ru/motif/AP2A_HUMAN.H11MO.0.A",
            "pwm": [
              [0.41613, 0.18537, 0.193131, 0.205369], 
              [0.231128, 0.0911457, 0.134685, 0.543041], 
              [0.176782, 0.0944232, 0.470176, 0.258619], 
              [0.0108879, 0.520544, 0.431406, 0.0371615], 
              [5.66087e-05, 0.999843, 4.33713e-05, 5.66087e-05], 
              [5.66087e-05, 0.900836, 4.33713e-05, 0.0990637], 
              [0.0509849, 0.111326, 0.0128255, 0.824863], 
              [0.0018948, 4.33713e-05, 0.796451, 0.201611], 
              [0.535283, 0.0386232, 0.409198, 0.0168958], 
              [0.142187, 4.33713e-05, 0.855958, 0.00181133], 
              [5.66087e-05, 4.33713e-05, 0.999843, 5.66087e-05], 
              [0.0479118, 0.556051, 0.379965, 0.0160724], 
              [0.308249, 0.381603, 0.0917648, 0.218383], 
              [0.512995, 0.0934455, 0.204261, 0.189299], 
              [0.238529, 0.148907, 0.208399, 0.404165]
            ]
          }, {
            "db": 0,
            "id": "AP2C_HUMAN.H11MO.0.A",
            "len": 14,
            "nsites": 500,
            "evalue": "1.0e+000",
            "url": "http://hocomoco.autosome.ru/motif/AP2C_HUMAN.H11MO.0.A",
            "pwm": [
              [0.387207, 0.201033, 0.269556, 0.142203], 
              [0.196092, 0.123617, 0.16641, 0.51388], 
              [0.184616, 0.0997955, 0.51837, 0.197219], 
              [0.0095895, 0.506982, 0.471842, 0.0115873], 
              [0.00385946, 0.988129, 0.00795488, 5.66087e-05], 
              [0.00192446, 0.951676, 0.00238775, 0.044012], 
              [0.0500618, 0.131883, 0.0254154, 0.79264], 
              [0.0354138, 4.33713e-05, 0.917069, 0.0474741], 
              [0.554983, 0.025437, 0.415798, 0.00378252], 
              [0.0734825, 4.33713e-05, 0.924447, 0.00202702], 
              [5.66087e-05, 4.33713e-05, 0.99796, 0.00193971], 
              [0.0289824, 0.618167, 0.340992, 0.0118582], 
              [0.31392, 0.351512, 0.0971762, 0.237392], 
              [0.428247, 0.170529, 0.241663, 0.159561]
            ]
          }, {
            "db": 0,
            "id": "ARNT_HUMAN.H11MO.0.B",
            "len": 9,
            "nsites": 500,
            "evalue": "1.0e+000",
            "url": "http://hocomoco.autosome.ru/motif/ARNT_HUMAN.H11MO.0.B",
            "pwm": [
              [0.152026, 0.283987, 0.429957, 0.13403], 
              [0.138029, 0.0740286, 0.241995, 0.545947], 
              [0.701916, 0.0300374, 0.245994, 0.0220522], 
              [0.0100546, 0.947854, 0.00204297, 0.0400486], 
              [0.00605541, 0.00204297, 0.989845, 0.00205621], 
              [5.66087e-05, 4.33713e-05, 0.00204297, 0.997857], 
              [5.66087e-05, 0.00604217, 0.991845, 0.00205621], 
              [0.355985, 0.525938, 0.0240386, 0.0940378], 
              [0.154026, 0.501943, 0.144015, 0.200017]
            ]
          }, {
            "db": 0,
            "id": "BC11A_HUMAN.H11MO.0.A",
            "len": 17,
            "nsites": 500,
            "evalue": "1.0e+000",
            "url": "http://hocomoco.autosome.ru/motif/BC11A_HUMAN.H11MO.0.A",
            "pwm": [
              [0.375737, 0.184618, 0.286188, 0.153457], 
              [0.550586, 0.0994639, 0.224088, 0.125862], 
              [0.500171, 0.142357, 0.230707, 0.126765], 
              [0.589988, 0.0166097, 0.226045, 0.167357], 
              [0.187442, 0.16079, 0.58041, 0.0713586], 
              [0.664517, 0.014575, 0.26937, 0.0515377], 
              [0.104044, 0.0144818, 0.828544, 0.0529305], 
              [0.200424, 0.032765, 0.75854, 0.00827155], 
              [0.880104, 0.0431187, 0.0485909, 0.0281861], 
              [0.86787, 0.00583303, 0.0555375, 0.070759], 
              [0.248405, 0.22604, 0.502134, 0.0234206], 
              [0.150164, 0.154986, 0.0315519, 0.663298], 
              [0.117839, 0.0724857, 0.760182, 0.0494931], 
              [0.658755, 0.0644064, 0.250657, 0.0261815], 
              [0.458791, 0.143446, 0.31016, 0.0876027], 
              [0.622709, 0.0788384, 0.157288, 0.141165], 
              [0.358992, 0.204694, 0.318069, 0.118245]
            ]
          }, {
            "db": 0,
            "id": "BHE40_HUMAN.H11MO.0.A",
            "len": 10,
            "nsites": 500,
            "evalue": "1.0e+000",
            "url": "http://hocomoco.autosome.ru/motif/BHE40_HUMAN.H11MO.0.A",
            "pwm": [
              [0.345987, 0.0840266, 0.369969, 0.200017], 
              [0.170023, 0.0140406, 0.627918, 0.188019], 
              [0.098037, 0.897864, 0.00204297, 0.00205621], 
              [0.943868, 0.012041, 0.0160402, 0.028051], 
              [0.00805501, 0.929857, 0.0160402, 0.0460474], 
              [0.0520462, 0.042035, 0.899863, 0.00605541], 
              [0.0460474, 0.0140406, 0.0460342, 0.893878], 
              [0.00205621, 4.33713e-05, 0.997844, 5.66087e-05], 
              [0.58394, 0.233997, 0.11602, 0.0660434], 
              [0.0920382, 0.457952, 0.379967, 0.0700426]
            ]
          }, {
            "db": 0,
            "id": "COE1_HUMAN.H11MO.0.A",
            "len": 15,
            "nsites": 500,
            "evalue": "1.0e+000",
            "url": "http://hocomoco.autosome.ru/motif/COE1_HUMAN.H11MO.0.A",
            "pwm": [
              [0.417973, 0.202003, 0.200003, 0.180021], 
              [0.419973, 0.0900254, 0.271989, 0.218013], 
              [0.118033, 0.255992, 0.413961, 0.212014], 
              [0.058045, 0.202003, 0.0240386, 0.715913], 
              [0.00205621, 0.989845, 0.00204297, 0.00605541], 
              [0.0140538, 0.813881, 4.33713e-05, 0.172022], 
              [0.00605541, 0.945854, 0.00204297, 0.0460474], 
              [0.250007, 0.623919, 0.0400354, 0.0860394], 
              [0.673922, 0.0140406, 0.012041, 0.299997], 
              [0.018053, 4.33713e-05, 0.981847, 5.66087e-05], 
              [0.248007, 0.00204297, 0.723899, 0.0260514], 
              [0.00605541, 0.00404257, 0.989845, 5.66087e-05], 
              [0.657925, 0.0460342, 0.255992, 0.0400486], 
              [0.220013, 0.433957, 0.253993, 0.0920382], 
              [0.212014, 0.351973, 0.092025, 0.343988]
            ]
          }, {
            "db": 0,
            "id": "EOMES_HUMAN.H11MO.0.D",
            "len": 12,
            "nsites": 375,
            "evalue": "1.0e+000",
            "url": "http://hocomoco.autosome.ru/motif/EOMES_HUMAN.H11MO.0.D",
            "pwm": [
              [0.460715, 0.106745, 0.287266, 0.145274], 
              [0.25393, 0.0509336, 0.46537, 0.229766], 
              [0.220241, 0.188867, 0.447199, 0.143692], 
              [0.834412, 0.0081474, 0.0691257, 0.0883147], 
              [0.265746, 5.78246e-05, 0.678397, 0.0557992], 
              [0.0209301, 0.0840169, 0.884438, 0.0106156], 
              [0.023614, 0.00281818, 0.0155251, 0.958043], 
              [7.54732e-05, 0.00543336, 0.991824, 0.0026671], 
              [0.363886, 0.181095, 0.0268524, 0.428166], 
              [0.0531009, 0.168741, 0.342991, 0.435167], 
              [0.898497, 0.00820827, 0.0321863, 0.0611089], 
              [0.656824, 0.0351877, 0.262848, 0.0451408]
            ]
          }, {
            "db": 0,
            "id": "ID4_HUMAN.H11MO.0.D",
            "len": 11,
            "nsites": 210,
            "evalue": "1.0e+000",
            "url": "http://hocomoco.autosome.ru/motif/ID4_HUMAN.H11MO.0.D",
            "pwm": [
              [0.223838, 0.161931, 0.371355, 0.242876], 
              [0.32022, 0.210717, 0.30591, 0.163152], 
              [0.0703394, 0.812811, 0.0465097, 0.0703394], 
              [0.898516, 0.0084326, 0.0465097, 0.0465412], 
              [0.0429715, 0.0619785, 0.871117, 0.0239329], 
              [0.0286926, 0.0810171, 0.890156, 0.000134745], 
              [0.0263128, 0.016762, 0.069118, 0.887807], 
              [0.0322623, 0.0179519, 0.908004, 0.0417816], 
              [0.145304, 0.368975, 0.0833969, 0.402324], 
              [0.282143, 0.267833, 0.248794, 0.201229], 
              [0.373766, 0.221426, 0.259504, 0.145304]
            ]
          }, {
            "db": 0,
            "id": "IKZF1_HUMAN.H11MO.0.C",
            "len": 8,
            "nsites": 60,
            "evalue": "1.0e+000",
            "url": "http://hocomoco.autosome.ru/motif/IKZF1_HUMAN.H11MO.0.C",
            "pwm": [
              [0.0428452, 0.285963, 0.237656, 0.433535], 
              [0.0581, 0.0884992, 0.000360899, 0.85304], 
              [0.056405, 0.000360899, 0.942763, 0.000471048], 
              [0.0191157, 0.0308703, 0.949543, 0.000471048], 
              [0.000471048, 0.0173106, 0.981747, 0.000471048], 
              [0.84965, 0.000360899, 0.149518, 0.000471048], 
              [0.32082, 0.0308703, 0.532581, 0.115729], 
              [0.415738, 0.0393452, 0.368169, 0.176748]
            ]
          }, {
            "db": 0,
            "id": "IRF4_HUMAN.H11MO.0.A",
            "len": 18,
            "nsites": 500,
            "evalue": "1.0e+000",
            "url": "http://hocomoco.autosome.ru/motif/IRF4_HUMAN.H11MO.0.A",
            "pwm": [
              [0.353986, 0.176008, 0.323979, 0.146027], 
              [0.529951, 0.112021, 0.192005, 0.166023], 
              [0.651926, 0.072029, 0.112021, 0.164024], 
              [0.487959, 0.0600314, 0.194005, 0.258005], 
              [0.236009, 0.126018, 0.573929, 0.0640438], 
              [0.511954, 0.146014, 0.303983, 0.038049], 
              [0.214014, 0.00404257, 0.759891, 0.0220522], 
              [0.0300506, 0.0160402, 0.951853, 0.00205621], 
              [0.969863, 0.0180398, 0.00404257, 0.00805501], 
              [0.959865, 0.00404257, 0.0100414, 0.0260514], 
              [0.058045, 0.437956, 0.479947, 0.0240518], 
              [0.068043, 0.0840266, 0.022039, 0.825891], 
              [0.0360494, 0.0160402, 0.943855, 0.00405581], 
              [0.899877, 0.00404257, 0.0840266, 0.0120542], 
              [0.691918, 0.0280378, 0.259991, 0.0200526], 
              [0.935869, 0.032037, 0.0180398, 0.0140538], 
              [0.168023, 0.443955, 0.349973, 0.038049], 
              [0.208015, 0.275988, 0.0940246, 0.421972]
            ]
          }, {
            "db": 0,
            "id": "IRF8_HUMAN.H11MO.0.B",
            "len": 20,
            "nsites": 500,
            "evalue": "1.0e+000",
            "url": "http://hocomoco.autosome.ru/motif/IRF8_HUMAN.H11MO.0.B",
            "pwm": [
              [0.359985, 0.174009, 0.309981, 0.156025], 
              [0.487959, 0.0940246, 0.208002, 0.210015], 
              [0.567943, 0.102023, 0.138016, 0.192018], 
              [0.543948, 0.0560322, 0.154013, 0.246007], 
              [0.317993, 0.136016, 0.477948, 0.068043], 
              [0.48396, 0.136016, 0.347974, 0.0320502], 
              [0.206015, 0.00204297, 0.787886, 0.00405581], 
              [0.138029, 0.00204297, 0.857872, 0.00205621], 
              [0.991858, 0.00604217, 0.00204297, 5.66087e-05], 
              [0.961864, 0.0160402, 0.00604217, 0.0160534], 
              [0.138029, 0.31798, 0.521939, 0.0220522], 
              [0.0720422, 0.0660302, 4.33713e-05, 0.861884], 
              [0.018053, 0.00604217, 0.96585, 0.0100546], 
              [0.867883, 0.00804177, 0.106022, 0.018053], 
              [0.847887, 0.0160402, 0.122019, 0.0140538], 
              [0.947867, 0.0160402, 0.0140406, 0.0220522], 
              [0.106035, 0.413961, 0.46595, 0.0140538], 
              [0.13203, 0.245994, 0.0580318, 0.563944], 
              [0.345987, 0.152013, 0.323979, 0.178021], 
              [0.379981, 0.170009, 0.299983, 0.150027]
            ]
          }, {
            "db": 0,
            "id": "MLXPL_HUMAN.H11MO.0.D",
            "len": 19,
            "nsites": 10,
            "evalue": "1.0e+000",
            "url": "http://hocomoco.autosome.ru/motif/MLXPL_HUMAN.H11MO.0.D",
            "pwm": [
              [0.0535008, 0.243708, 0.649291, 0.0535008], 
              [0.122092, 0.872957, 0.00214753, 0.00280297], 
              [0.921329, 0.00214753, 0.00214753, 0.0743764], 
              [0.00280297, 0.383872, 0.121437, 0.491888], 
              [0.0863053, 0.121437, 0.789455, 0.00280297], 
              [0.122092, 0.00214753, 0.312299, 0.563461], 
              [0.00280297, 0.00214753, 0.992247, 0.00280297], 
              [0.432244, 0.252655, 0.312299, 0.00280297], 
              [0.217523, 0.705953, 0.00214753, 0.0743764], 
              [0.623106, 0.30037, 0.0737209, 0.00280297], 
              [0.420315, 0.479304, 0.00214753, 0.0982342], 
              [0.181737, 0.586664, 0.00214753, 0.229452], 
              [0.0982342, 0.383872, 0.419659, 0.0982342], 
              [0.0863053, 0.324228, 0.276512, 0.312954], 
              [0.00280297, 0.682095, 0.216868, 0.0982342], 
              [0.0982342, 0.00214753, 0.896815, 0.00280297], 
              [0.00280297, 0.00214753, 0.00214753, 0.992902], 
              [0.00280297, 0.121437, 0.872957, 0.00280297], 
              [0.0535008, 0.21985, 0.374926, 0.351723]
            ]
          }, {
            "db": 0,
            "id": "MZF1_HUMAN.H11MO.0.B",
            "len": 13,
            "nsites": 500,
            "evalue": "1.0e+000",
            "url": "http://hocomoco.autosome.ru/motif/MZF1_HUMAN.H11MO.0.B",
            "pwm": [
              [0.365983, 0.134017, 0.377968, 0.122032], 
              [0.343988, 0.110021, 0.463951, 0.0820402], 
              [0.445967, 0.0360362, 0.245994, 0.272002], 
              [0.38398, 4.33713e-05, 0.609921, 0.00605541], 
              [0.0120542, 0.00404257, 0.853873, 0.130031], 
              [0.0220522, 4.33713e-05, 0.973849, 0.00405581], 
              [0.00605541, 0.00604217, 0.983847, 0.00405581], 
              [0.987859, 0.00404257, 0.00404257, 0.00405581], 
              [0.405975, 0.0100414, 0.106022, 0.477961], 
              [0.0520462, 0.144015, 0.259991, 0.543948], 
              [0.18402, 0.140015, 0.375968, 0.299997], 
              [0.291998, 0.114021, 0.477948, 0.116033], 
              [0.347987, 0.172009, 0.359971, 0.120033]
            ]
          }, {
            "db": 0,
            "id": "NR1H3_HUMAN.H11MO.1.B",
            "len": 10,
            "nsites": 500,
            "evalue": "1.0e+000",
            "url": "http://hocomoco.autosome.ru/motif/NR1H3_HUMAN.H11MO.1.B",
            "pwm": [
              [0.487959, 0.277988, 0.100023, 0.13403], 
              [0.455965, 0.26599, 0.247994, 0.0300506], 
              [0.877881, 0.00604217, 0.0960242, 0.0200526], 
              [0.0120542, 4.33713e-05, 0.975848, 0.0120542], 
              [0.00605541, 0.00804177, 0.883867, 0.102036], 
              [0.106035, 0.126018, 0.154013, 0.613934], 
              [0.00605541, 0.969849, 0.0140406, 0.0100546], 
              [0.98186, 0.00804177, 0.00804177, 0.00205621], 
              [0.206015, 0.323979, 0.349973, 0.120033], 
              [0.409975, 0.148014, 0.273989, 0.168023]
            ]
          }, {
            "db": 0,
            "id": "PAX2_HUMAN.H11MO.0.D",
            "len": 18,
            "nsites": 50,
            "evalue": "1.0e+000",
            "url": "http://hocomoco.autosome.ru/motif/PAX2_HUMAN.H11MO.0.D",
            "pwm": [
              [0.231318, 0.182869, 0.411704, 0.174109], 
              [0.331954, 0.274613, 0.0576414, 0.335791], 
              [0.0577736, 0.156709, 0.25194, 0.533577], 
              [0.177596, 0.461938, 0.182869, 0.177596], 
              [0.547358, 0.160196, 0.200137, 0.0923089], 
              [0.194864, 0.173977, 0.453563, 0.177596], 
              [0.00056507, 0.154791, 0.0196192, 0.825025], 
              [0.0804468, 0.583329, 0.295718, 0.0405059], 
              [0.821538, 0.0403738, 0.137523, 0.00056507], 
              [0.151436, 0.257346, 0.0940954, 0.497123], 
              [0.217537, 0.0595601, 0.585248, 0.137655], 
              [0.262883, 0.519147, 0.120255, 0.0977144], 
              [0.196782, 0.0921768, 0.510772, 0.200269], 
              [0.0577736, 0.240078, 0.000432934, 0.701715], 
              [0.0804468, 0.0975823, 0.821406, 0.00056507], 
              [0.779679, 0.000432934, 0.0403738, 0.179515], 
              [0.0696358, 0.60984, 0.000432934, 0.320092], 
              [0.514436, 0.0419879, 0.144543, 0.299033]
            ]
          }, {
            "db": 0,
            "id": "RXRB_HUMAN.H11MO.0.C",
            "len": 10,
            "nsites": 26,
            "evalue": "1.0e+000",
            "url": "http://hocomoco.autosome.ru/motif/RXRB_HUMAN.H11MO.0.C",
            "pwm": [
              [0.143394, 0.0957042, 0.138397, 0.622504], 
              [0.110189, 0.37558, 0.513146, 0.00108467], 
              [0.845456, 0.0672423, 0.0862169, 0.00108467], 
              [0.0437776, 0.000831035, 0.868921, 0.0864706], 
              [0.00108467, 0.0601268, 0.842831, 0.0959579], 
              [0.0437776, 0.000831035, 0.043524, 0.911867], 
              [0.0176875, 0.871293, 0.0672423, 0.0437776], 
              [0.95456, 0.043524, 0.000831035, 0.00108467], 
              [0.0959579, 0.494172, 0.304425, 0.105445], 
              [0.39718, 0.124166, 0.316284, 0.162369]
            ]
          }, {
            "db": 0,
            "id": "SALL4_HUMAN.H11MO.0.B",
            "len": 10,
            "nsites": 500,
            "evalue": "1.0e+000",
            "url": "http://hocomoco.autosome.ru/motif/SALL4_HUMAN.H11MO.0.B",
            "pwm": [
              [0.180021, 0.138016, 0.513941, 0.168023], 
              [0.13403, 0.257992, 0.477948, 0.130031], 
              [0.359985, 0.00604217, 0.343975, 0.289999], 
              [0.0120542, 0.00204297, 0.971849, 0.0140538], 
              [0.00205621, 0.00404257, 0.981847, 0.0120542], 
              [0.0200526, 0.162011, 0.803883, 0.0140538], 
              [0.373982, 0.0300374, 0.0100414, 0.585939], 
              [0.00605541, 0.00204297, 0.987846, 0.00405581], 
              [0.098037, 0.0160402, 0.659911, 0.226011], 
              [0.118033, 0.0240386, 0.813881, 0.0440478]
            ]
          }, {
            "db": 0,
            "id": "SPI1_HUMAN.H11MO.0.A",
            "len": 17,
            "nsites": 500,
            "evalue": "1.0e+000",
            "url": "http://hocomoco.autosome.ru/motif/SPI1_HUMAN.H11MO.0.A",
            "pwm": [
              [0.423972, 0.204003, 0.253993, 0.118033], 
              [0.491958, 0.100023, 0.329977, 0.078041], 
              [0.685919, 0.0440346, 0.16801, 0.102036], 
              [0.771902, 0.0280378, 0.126018, 0.0740418], 
              [0.651926, 0.0140406, 0.11802, 0.216013], 
              [0.148027, 0.0680298, 0.753893, 0.0300506], 
              [0.721912, 0.0480338, 0.223999, 0.00605541], 
              [0.058045, 4.33713e-05, 0.941855, 5.66087e-05], 
              [0.00205621, 4.33713e-05, 0.997844, 5.66087e-05], 
              [0.999857, 4.33713e-05, 4.33713e-05, 5.66087e-05], 
              [0.997857, 4.33713e-05, 4.33713e-05, 0.00205621], 
              [0.0360494, 0.170009, 0.793885, 5.66087e-05], 
              [0.068043, 0.052033, 0.0400354, 0.839889], 
              [0.0420482, 0.122019, 0.81588, 0.0200526], 
              [0.453966, 0.122019, 0.331977, 0.0920382], 
              [0.359985, 0.182007, 0.31798, 0.140029], 
              [0.397977, 0.130017, 0.257992, 0.214014]
            ]
          }, {
            "db": 0,
            "id": "SPIB_HUMAN.H11MO.0.A",
            "len": 17,
            "nsites": 500,
            "evalue": "1.0e+000",
            "url": "http://hocomoco.autosome.ru/motif/SPIB_HUMAN.H11MO.0.A",
            "pwm": [
              [0.403976, 0.186006, 0.247994, 0.162024], 
              [0.459965, 0.11602, 0.347974, 0.0760414], 
              [0.751906, 0.032037, 0.11802, 0.098037], 
              [0.717913, 0.032037, 0.174009, 0.0760414], 
              [0.667923, 0.0140406, 0.102023, 0.216013], 
              [0.164024, 0.052033, 0.771889, 0.0120542], 
              [0.657925, 0.0740286, 0.259991, 0.00805501], 
              [0.0760414, 4.33713e-05, 0.923859, 5.66087e-05], 
              [5.66087e-05, 4.33713e-05, 0.999843, 5.66087e-05], 
              [0.999857, 4.33713e-05, 4.33713e-05, 5.66087e-05], 
              [0.989859, 4.33713e-05, 0.00204297, 0.00805501], 
              [0.0220522, 0.206002, 0.769889, 0.00205621], 
              [0.0160534, 0.00804177, 0.0140406, 0.961864], 
              [0.00405581, 0.0480338, 0.941855, 0.00605541], 
              [0.579941, 0.106022, 0.26799, 0.0460474], 
              [0.463964, 0.11802, 0.313981, 0.104036], 
              [0.539949, 0.11802, 0.204003, 0.138029]
            ]
          }, {
            "db": 0,
            "id": "TBX21_HUMAN.H11MO.0.A",
            "len": 13,
            "nsites": 494,
            "evalue": "1.0e+000",
            "url": "http://hocomoco.autosome.ru/motif/TBX21_HUMAN.H11MO.0.A",
            "pwm": [
              [0.214589, 0.202432, 0.439226, 0.143753], 
              [0.214589, 0.115405, 0.315769, 0.354237], 
              [0.127562, 0.186241, 0.572802, 0.113395], 
              [0.32995, 0.109334, 0.333984, 0.226732], 
              [0.491861, 0.0526648, 0.321841, 0.133633], 
              [0.190302, 0.00813943, 0.700307, 0.101251], 
              [0.056726, 0.297555, 0.601137, 0.0445827], 
              [0.0486305, 0.00813943, 0.00813943, 0.935091], 
              [0.00208118, 0.00206778, 0.967459, 0.0283916], 
              [0.147801, 0.125525, 0.121477, 0.605198], 
              [0.0425588, 0.163978, 0.61328, 0.180183], 
              [0.60115, 0.0182588, 0.317793, 0.0627976], 
              [0.376499, 0.190289, 0.259101, 0.174111]
            ]
          }, {
            "db": 0,
            "id": "TBX3_HUMAN.H11MO.0.C",
            "len": 11,
            "nsites": 420,
            "evalue": "1.0e+000",
            "url": "http://hocomoco.autosome.ru/motif/TBX3_HUMAN.H11MO.0.C",
            "pwm": [
              [0.319039, 0.11193, 0.352349, 0.216682], 
              [0.380929, 0.171439, 0.383294, 0.0643378], 
              [0.590403, 0.0048124, 0.17382, 0.230965], 
              [0.0738593, 5.16306e-05, 0.923641, 0.00244777], 
              [0.0119693, 0.133353, 0.842708, 0.0119693], 
              [0.0357732, 0.00719279, 0.0143339, 0.9427], 
              [0.0167301, 5.16306e-05, 0.968869, 0.0143497], 
              [0.102424, 0.219047, 0.435662, 0.242867], 
              [0.157173, 0.261894, 0.42376, 0.157173], 
              [0.702281, 0.0262359, 0.202384, 0.0690986], 
              [0.423776, 0.0905063, 0.402337, 0.0833809]
            ]
          }, {
            "db": 0,
            "id": "ZN423_HUMAN.H11MO.0.D",
            "len": 15,
            "nsites": 22,
            "evalue": "1.0e+000",
            "url": "http://hocomoco.autosome.ru/motif/ZN423_HUMAN.H11MO.0.D",
            "pwm": [
              [0.001281, 0.000981448, 0.996457, 0.001281], 
              [0.408521, 0.000981448, 0.589217, 0.001281], 
              [0.001281, 0.996457, 0.000981448, 0.001281], 
              [0.996756, 0.000981448, 0.000981448, 0.001281], 
              [0.001281, 0.996457, 0.000981448, 0.001281], 
              [0.001281, 0.996457, 0.000981448, 0.001281], 
              [0.001281, 0.996457, 0.000981448, 0.001281], 
              [0.544267, 0.000981448, 0.000981448, 0.45377], 
              [0.951507, 0.000981448, 0.000981448, 0.0465299], 
              [0.001281, 0.000981448, 0.996457, 0.001281], 
              [0.001281, 0.000981448, 0.996457, 0.001281], 
              [0.001281, 0.000981448, 0.996457, 0.001281], 
              [0.001281, 0.000981448, 0.000981448, 0.996756], 
              [0.001281, 0.000981448, 0.996457, 0.001281], 
              [0.182276, 0.815461, 0.000981448, 0.001281]
            ]
          }
        ],
        "all_matches": [
          {
            "idx": 6,
            "matches": [
              {
                "idx": 2,
                "rc": false,
                "off": -6,
                "pv": "1.07e-03",
                "ev": "8.27e-01",
                "qv": "1.00e+00"
              }
            ]
          }, {
            "idx": 3,
            "matches": [
              {
                "idx": 8,
                "rc": false,
                "off": -3,
                "pv": "7.45e-05",
                "ev": "5.75e-02",
                "qv": "1.15e-01"
              }
            ]
          }, {
            "idx": 4,
            "matches": [
              {
                "idx": 3,
                "rc": false,
                "off": 5,
                "pv": "1.44e-04",
                "ev": "1.11e-01",
                "qv": "1.14e-01"
              }, {
                "idx": 6,
                "rc": false,
                "off": 0,
                "pv": "2.93e-04",
                "ev": "2.26e-01",
                "qv": "1.14e-01"
              }, {
                "idx": 7,
                "rc": false,
                "off": 0,
                "pv": "4.26e-04",
                "ev": "3.28e-01",
                "qv": "1.14e-01"
              }, {
                "idx": 4,
                "rc": false,
                "off": 0,
                "pv": "4.50e-04",
                "ev": "3.47e-01",
                "qv": "1.14e-01"
              }, {
                "idx": 17,
                "rc": false,
                "off": 6,
                "pv": "4.61e-04",
                "ev": "3.55e-01",
                "qv": "1.14e-01"
              }, {
                "idx": 18,
                "rc": false,
                "off": 6,
                "pv": "5.45e-04",
                "ev": "4.21e-01",
                "qv": "1.14e-01"
              }, {
                "idx": 9,
                "rc": false,
                "off": 5,
                "pv": "5.73e-04",
                "ev": "4.42e-01",
                "qv": "1.14e-01"
              }, {
                "idx": 20,
                "rc": false,
                "off": -1,
                "pv": "7.69e-04",
                "ev": "5.93e-01",
                "qv": "1.14e-01"
              }, {
                "idx": 13,
                "rc": false,
                "off": -1,
                "pv": "7.75e-04",
                "ev": "5.98e-01",
                "qv": "1.14e-01"
              }, {
                "idx": 10,
                "rc": false,
                "off": 5,
                "pv": "7.78e-04",
                "ev": "6.00e-01",
                "qv": "1.14e-01"
              }, {
                "idx": 15,
                "rc": false,
                "off": -1,
                "pv": "9.24e-04",
                "ev": "7.12e-01",
                "qv": "1.22e-01"
              }, {
                "idx": 19,
                "rc": false,
                "off": 1,
                "pv": "1.12e-03",
                "ev": "8.65e-01",
                "qv": "1.22e-01"
              }, {
                "idx": 11,
                "rc": false,
                "off": -1,
                "pv": "1.14e-03",
                "ev": "8.81e-01",
                "qv": "1.22e-01"
              }
            ]
          }, {
            "idx": 5,
            "matches": [
              {
