<!DOCTYPE HTML>
<html>
  <head>
    <meta charset="UTF-8">
    <title>TOMTOM</title>
    <script>
      // @JSON_VAR data
      var data = {
        "program": "Tomtom",
        "version": "4.12.0",
        "release": "Tue Jun 27 16:22:50 2017 -0700",
        "cmd": [
          "tomtom", "-verbosity", "1", "-oc",
          "results/AHRpeaks_oneAHRE.bed-199.fa/jaspar/dreme_tomtom_out",
          "-min-overlap", "5", "-dist", "pearson", "-evalue", "-thresh", "1",
          "-no-ssc", "-bfile",
          "results/AHRpeaks_oneAHRE.bed-199.fa/jaspar/background",
          "results/AHRpeaks_oneAHRE.bed-199.fa/jaspar/dreme_out/dreme.xml",
          "/Users/filipov4/meme/db/motif_databases/JASPAR/JASPAR2018_CORE_non-redundant.meme"
        ],
        "options": {
          "strands": "both",
          "distance_measure": "pearson",
          "threshold_type": "evalue",
          "threshold_value": 1,
          "background_source": "file",
          "background_file": "results/AHRpeaks_oneAHRE.bed-199.fa/jaspar/background"
        },
        "alphabet": {
          "name": "DNA",
          "like": "dna",
          "ncore": 4,
          "symbols": [
            {
              "symbol": "A",
              "name": "Adenine",
              "colour": "CC0000",
              "complement": "T"
            }, {
              "symbol": "C",
              "name": "Cytosine",
              "colour": "0000CC",
              "complement": "G"
            }, {
              "symbol": "G",
              "name": "Guanine",
              "colour": "FFB300",
              "complement": "C"
            }, {
              "symbol": "T",
              "aliases": "U",
              "name": "Thymine",
              "colour": "008000",
              "complement": "A"
            }, {
              "symbol": "N",
              "aliases": "X.",
              "name": "Any base",
              "equals": "ACGT"
            }, {
              "symbol": "V",
              "name": "Not T",
              "equals": "ACG"
            }, {
              "symbol": "H",
              "name": "Not G",
              "equals": "ACT"
            }, {
              "symbol": "D",
              "name": "Not C",
              "equals": "AGT"
            }, {
              "symbol": "B",
              "name": "Not A",
              "equals": "CGT"
            }, {
              "symbol": "M",
              "name": "Amino",
              "equals": "AC"
            }, {
              "symbol": "R",
              "name": "Purine",
              "equals": "AG"
            }, {
              "symbol": "W",
              "name": "Weak",
              "equals": "AT"
            }, {
              "symbol": "S",
              "name": "Strong",
              "equals": "CG"
            }, {
              "symbol": "Y",
              "name": "Pyrimidine",
              "equals": "CT"
            }, {
              "symbol": "K",
              "name": "Keto",
              "equals": "GT"
            }
          ]
        },
        "background": [0.2727, 0.2273, 0.2273, 0.2727],
        "query_dbs": [
          {
            "source": "results/AHRpeaks_oneAHRE.bed-199.fa/jaspar/dreme_out/dreme.xml",
            "name": "dreme",
            "loaded": 7,
            "excluded": 0,
            "last_modified": "Thu May 24 14:46:48 2018"
          }
        ],
        "target_dbs": [
          {
            "source": "/Users/filipov4/meme/db/motif_databases/JASPAR/JASPAR2018_CORE_non-redundant.meme",
            "name": "JASPAR2018 CORE non-redundant",
            "loaded": 1404,
            "excluded": 0,
            "last_modified": "Thu Dec  7 14:38:42 2017"
          }
        ],
        "queries": [
          {
            "db": 0,
            "id": "ATCTYTC",
            "alt": "DREME-5",
            "len": 7,
            "nsites": 62,
            "evalue": "5.3e-004",
            "pwm": [
              [0.998829, 0.000366023, 0.000366023, 0.00043913], 
              [0.00043913, 0.000366023, 0.000366023, 0.998829], 
              [0.00043913, 0.998756, 0.000366023, 0.00043913], 
              [0.00043913, 0.000366023, 0.000366023, 0.998829], 
              [0.00043913, 0.54787, 0.000366023, 0.451325], 
              [0.00043913, 0.000366023, 0.000366023, 0.998829], 
              [0.00043913, 0.998756, 0.000366023, 0.00043913]
            ]
          }, {
            "db": 0,
            "id": "CACMCAC",
            "alt": "DREME-4",
            "len": 7,
            "nsites": 75,
            "evalue": "6.1e-005",
            "pwm": [
              [0.000363116, 0.998971, 0.000302663, 0.000363116], 
              [0.999032, 0.000302663, 0.000302663, 0.000363116], 
              [0.000363116, 0.998971, 0.000302663, 0.000363116], 
              [0.652826, 0.346508, 0.000302663, 0.000363116], 
              [0.000363116, 0.998971, 0.000302663, 0.000363116], 
              [0.999032, 0.000302663, 0.000302663, 0.000363116], 
              [0.000363116, 0.998971, 0.000302663, 0.000363116]
            ]
          }, {
            "db": 0,
            "id": "CCGCCYC",
            "alt": "DREME-7",
            "len": 7,
            "nsites": 20,
            "evalue": "2.7e-002",
            "pwm": [
              [0.00135672, 0.996156, 0.00113085, 0.00135672], 
              [0.00135672, 0.996156, 0.00113085, 0.00135672], 
              [0.00135672, 0.00113085, 0.996156, 0.00135672], 
              [0.00135672, 0.996156, 0.00113085, 0.00135672], 
              [0.00135672, 0.996156, 0.00113085, 0.00135672], 
              [0.00135672, 0.34939, 0.00113085, 0.648123], 
              [0.00135672, 0.996156, 0.00113085, 0.00135672]
            ]
          }, {
            "db": 0,
            "id": "DCACGC",
            "alt": "DREME-1",
            "len": 6,
            "nsites": 190,
            "evalue": "3.2e-025",
            "pwm": [
              [0.263163, 0.000119569, 0.420951, 0.315766], 
              [0.000143451, 0.999594, 0.000119569, 0.000143451], 
              [0.999617, 0.000119569, 0.000119569, 0.000143451], 
              [0.000143451, 0.999594, 0.000119569, 0.000143451], 
              [0.000143451, 0.000119569, 0.999594, 0.000143451], 
              [0.000143451, 0.999594, 0.000119569, 0.000143451]
            ]
          }, {
            "db": 0,
            "id": "TGACTCA",
            "alt": "DREME-3",
            "len": 7,
            "nsites": 66,
            "evalue": "3.8e-006",
            "pwm": [
              [0.000412557, 0.000343873, 0.000343873, 0.9989], 
              [0.000412557, 0.000343873, 0.998831, 0.000412557], 
              [0.9989, 0.000343873, 0.000343873, 0.000412557], 
              [0.000412557, 0.998831, 0.000343873, 0.000412557], 
              [0.000412557, 0.000343873, 0.000343873, 0.9989], 
              [0.000412557, 0.998831, 0.000343873, 0.000412557], 
              [0.9989, 0.000343873, 0.000343873, 0.000412557]
            ]
          }, {
            "db": 0,
            "id": "TRTTTR",
            "alt": "DREME-2",
            "len": 6,
            "nsites": 446,
            "evalue": "2.2e-011",
            "pwm": [
              [6.11298e-05, 5.09527e-05, 5.09527e-05, 0.999837], 
              [0.441666, 5.09527e-05, 0.558222, 6.11298e-05], 
              [6.11298e-05, 5.09527e-05, 5.09527e-05, 0.999837], 
              [6.11298e-05, 5.09527e-05, 5.09527e-05, 0.999837], 
              [6.11298e-05, 5.09527e-05, 5.09527e-05, 0.999837], 
              [0.475291, 5.09527e-05, 0.524597, 6.11298e-05]
            ]
          }, {
            "db": 0,
            "id": "TTATCW",
            "alt": "DREME-6",
            "len": 6,
            "nsites": 164,
            "evalue": "7.3e-003",
            "pwm": [
              [0.000166179, 0.000138513, 0.000138513, 0.999557], 
              [0.000166179, 0.000138513, 0.000138513, 0.999557], 
              [0.999557, 0.000138513, 0.000138513, 0.000166179], 
              [0.000166179, 0.000138513, 0.000138513, 0.999557], 
              [0.000166179, 0.999529, 0.000138513, 0.000166179], 
              [0.408454, 0.000138513, 0.000138513, 0.591269]
            ]
          }
        ],
        "targets": [
          {
            "db": 0,
            "id": "MA0006.1",
            "alt": "Ahr::Arnt",
            "len": 6,
            "nsites": 24,
            "url": "http://jaspar2018.genereg.net/matrix/MA0006.1",
            "pwm": [
              [0.125613, 0.332893, 0.0839304, 0.457563], 
              [0.00113154, 0.000943154, 0.9553, 0.0426256], 
              [0.00113154, 0.9553, 0.000943154, 0.0426256], 
              [0.00113154, 0.000943154, 0.9553, 0.0426256], 
              [0.00113154, 0.000943154, 0.000943154, 0.996982], 
              [0.00113154, 0.000943154, 0.996794, 0.00113154]
            ]
          }, {
            "db": 0,
            "id": "MA0033.2",
            "alt": "FOXL1",
            "len": 7,
            "nsites": 4933,
            "url": "http://jaspar2018.genereg.net/matrix/MA0033.2",
            "pwm": [
              [0.426107, 0.00263955, 0.542869, 0.028385], 
              [0.00192649, 0.079911, 4.60765e-06, 0.918158], 
              [0.874645, 0.114915, 0.0104344, 5.52796e-06], 
              [0.989019, 0.00786745, 4.60765e-06, 0.00310947], 
              [0.973113, 0.0166983, 0.0101834, 5.52796e-06], 
              [5.52796e-06, 0.778859, 4.60765e-06, 0.221131], 
              [0.98535, 0.0111364, 4.60765e-06, 0.00350946]
            ]
          }, {
            "db": 0,
            "id": "MA0035.3",
            "alt": "Gata1",
            "len": 11,
            "nsites": 17955,
            "url": "http://jaspar2018.genereg.net/matrix/MA0035.3",
            "pwm": [
              [0.11334, 0.240657, 0.140908, 0.505095], 
              [0.0281834, 0.35678, 0.1555, 0.459537], 
              [1.51879e-06, 0.828123, 0.0243401, 0.147537], 
              [1.51879e-06, 0.03882, 1.26594e-06, 0.961177], 
              [1.51879e-06, 1.26594e-06, 1.26594e-06, 0.999996], 
              [0.999996, 1.26594e-06, 1.26594e-06, 1.51879e-06], 
              [1.51879e-06, 1.26594e-06, 1.26594e-06, 0.999996], 
              [1.51879e-06, 0.999996, 1.26594e-06, 1.51879e-06], 
              [0.120636, 1.26594e-06, 1.26594e-06, 0.879362], 
              [0.139349, 0.343413, 0.37243, 0.144807], 
              [0.105041, 0.282484, 0.0890008, 0.523474]
            ]
          }, {
            "db": 0,
            "id": "MA0036.3",
            "alt": "GATA2",
            "len": 11,
            "nsites": 14213,
            "url": "http://jaspar2018.genereg.net/matrix/MA0036.3",
            "pwm": [
              [0.232393, 0.209526, 0.225216, 0.332864], 
              [0.139732, 0.288398, 0.208682, 0.363188], 
              [0.0661385, 0.746285, 0.086049, 0.101528], 
              [0.0312407, 0.0182245, 0.0105555, 0.93998], 
              [0.0293407, 0.00239358, 0.00147959, 0.966786], 
              [0.991904, 0.000986592, 0.00302658, 0.00408289], 
              [0.0102038, 0.00541956, 0.00337858, 0.980998], 
              [0.00675587, 0.969952, 0.00886654, 0.0144248], 
              [0.166961, 0.0346174, 0.0258224, 0.772599], 
              [0.204883, 0.26131, 0.257229, 0.276578], 
              [0.230634, 0.272567, 0.155915, 0.340885]
            ]
          }, {
            "db": 0,
            "id": "MA0037.3",
            "alt": "GATA3",
            "len": 8,
            "nsites": 1000,
            "url": "http://jaspar2018.genereg.net/matrix/MA0037.3",
            "pwm": [
              [0.501977, 0.226, 0.00102263, 0.271], 
              [2.72673e-05, 2.27277e-05, 0.999923, 2.72673e-05], 
              [0.999927, 2.27277e-05, 2.27277e-05, 2.72673e-05], 
              [2.72673e-05, 2.27277e-05, 2.27277e-05, 0.999927], 
              [0.914851, 0.00202453, 2.27277e-05, 0.083102], 
              [0.861941, 0.0150212, 0.0760151, 0.0470226], 
              [0.114016, 0.300993, 0.475975, 0.109016], 
              [0.422985, 0.188004, 0.320991, 0.0680205]
            ]
          }, {
            "db": 0,
            "id": "MA0041.1",
            "alt": "Foxd3",
            "len": 12,
            "nsites": 47,
            "url": "http://jaspar2018.genereg.net/matrix/MA0041.1",
            "pwm": [
              [0.234125, 0.0641771, 0.552499, 0.149199], 
              [0.637522, 0.0429452, 0.00048259, 0.31905], 
              [0.510133, 0.0217144, 0.00048259, 0.46767], 
              [0.0218108, 0.0854079, 0.00048259, 0.892299], 
              [0.255356, 0.00048259, 0.722351, 0.0218108], 
              [0.000578981, 0.00048259, 0.00048259, 0.998456], 
              [0.0218108, 0.00048259, 0.00048259, 0.977224], 
              [0.106736, 0.00048259, 0.212797, 0.679984], 
              [0.297819, 0.00048259, 0.446343, 0.255356], 
              [0.127968, 0.149102, 0.00048259, 0.722447], 
              [0.0218108, 0.0429452, 0.0854079, 0.849836], 
              [0.000578981, 0.25526, 0.00048259, 0.743679]
            ]
          }, {
            "db": 0,
            "id": "MA0042.2",
            "alt": "FOXI1",
            "len": 7,
            "nsites": 5832,
            "url": "http://jaspar2018.genereg.net/matrix/MA0042.2",
            "pwm": [
              [0.10597, 0.00669078, 0.887335, 4.67584e-06], 
              [0.0138514, 0.0112317, 0.00655279, 0.968364], 
              [0.899676, 0.0938823, 0.00643679, 4.67584e-06], 
              [0.995563, 0.00442882, 3.8974e-06, 4.67584e-06], 
              [0.977694, 0.00434882, 0.0054828, 0.0124735], 
              [0.0253672, 0.836016, 0.00775776, 0.130858], 
              [0.992889, 0.00230586, 0.00480082, 4.67584e-06]
            ]
          }, {
            "db": 0,
            "id": "MA0079.3",
            "alt": "SP1",
            "len": 11,
            "nsites": 8734,
            "url": "http://jaspar2018.genereg.net/matrix/MA0079.3",
            "pwm": [
              [0.098124, 0.204488, 0.489005, 0.208382], 
              [3.12224e-06, 0.711581, 0.0735078, 0.214908], 
              [0.011338, 0.767454, 2.60244e-06, 0.221205], 
              [3.12224e-06, 0.999991, 2.60244e-06, 3.12224e-06], 
              [3.12224e-06, 0.991633, 2.60244e-06, 0.00836103], 
              [0.1556, 2.60244e-06, 0.529422, 0.314976], 
              [3.12224e-06, 0.999991, 2.60244e-06, 3.12224e-06], 
              [3.12224e-06, 0.999991, 2.60244e-06, 3.12224e-06], 
              [3.12224e-06, 0.764707, 2.60244e-06, 0.235287], 
              [0.12068, 0.727839, 2.60244e-06, 0.151478], 
              [0.0746533, 0.568922, 0.0840406, 0.272384]
            ]
          }, {
            "db": 0,
            "id": "MA0099.3",
            "alt": "FOS::JUN",
            "len": 10,
            "nsites": 1000,
            "url": "http://jaspar2018.genereg.net/matrix/MA0099.3",
            "pwm": [
              [0.591968, 0.111012, 0.256997, 0.0400233], 
              [0.00302697, 0.00502223, 0.00202253, 0.989928], 
              [0.00702657, 0.00102263, 0.82394, 0.16801], 
              [0.819945, 0.13101, 0.00402233, 0.0450228], 
              [0.0780195, 0.180005, 0.687954, 0.0540219], 
              [0.00502677, 0.00202253, 0.00202253, 0.990928], 
              [0.0300243, 0.962926, 0.00302243, 0.00402687], 
              [0.991928, 0.00202253, 0.00202253, 0.00402687], 
              [0.0240249, 0.312991, 0.0950132, 0.56797], 
              [0.277, 0.396983, 0.164006, 0.162011]
            ]
          }, {
            "db": 0,
            "id": "MA0140.2",
            "alt": "GATA1::TAL1",
            "len": 18,
            "nsites": 4955,
            "url": "http://jaspar2018.genereg.net/matrix/MA0140.2",
            "pwm": [
              [0.224824, 0.411298, 0.195157, 0.16872], 
              [0.0415787, 0.162867, 0.0320929, 0.763461], 
              [0.0641822, 4.58719e-06, 4.58719e-06, 0.935809], 
              [0.999985, 4.58719e-06, 4.58719e-06, 5.50342e-06], 
              [5.50342e-06, 4.58719e-06, 4.58719e-06, 0.999985], 
              [5.50342e-06, 0.999984, 4.58719e-06, 5.50342e-06], 
              [0.413519, 0.0127183, 0.0111044, 0.562658], 
              [0.132798, 0.268617, 0.446817, 0.151768], 
              [0.194351, 0.245005, 0.25106, 0.309585], 
              [0.240364, 0.227447, 0.306759, 0.22543], 
              [0.358827, 0.228052, 0.199799, 0.213321], 
              [0.209486, 0.249647, 0.345508, 0.19536], 
              [0.272856, 0.230474, 0.295862, 0.200808], 
              [0.380422, 0.208476, 0.16549, 0.245611], 
              [0.278708, 0.249647, 0.380219, 0.0914267], 
              [0.0222051, 0.973143, 0.00464649, 5.50342e-06], 
              [0.940249, 4.58719e-06, 4.58719e-06, 0.0597423], 
              [0.0322959, 0.179618, 0.715227, 0.07286]
            ]
          }, {
            "db": 0,
            "id": "MA0148.3",
            "alt": "FOXA1",
            "len": 15,
            "nsites": 22008,
            "url": "http://jaspar2018.genereg.net/matrix/MA0148.3",
            "pwm": [
              [0.196656, 0.219329, 0.187386, 0.396627], 
              [0.211696, 0.311296, 0.214967, 0.262041], 
              [0.139132, 0.388858, 0.241458, 0.230553], 
              [0.3242, 0.196156, 0.16544, 0.314204], 
              [0.00318222, 1.0328e-06, 0.00054603, 0.996271], 
              [0.267312, 1.0328e-06, 0.732686, 1.23909e-06], 
              [1.23909e-06, 1.0328e-06, 1.0328e-06, 0.999997], 
              [1.23909e-06, 1.0328e-06, 0.0587068, 0.941291], 
              [1.23909e-06, 1.0328e-06, 0.129907, 0.87009], 
              [0.829332, 1.0328e-06, 0.170665, 1.23909e-06], 
              [1.23909e-06, 0.934021, 1.0328e-06, 0.0659769], 
              [0.417711, 0.120638, 1.0328e-06, 0.461649], 
              [0.0375781, 0.331516, 0.0632507, 0.567656], 
              [0.486277, 4.60326e-05, 0.00286402, 0.510813], 
              [0.218421, 0.118275, 0.427798, 0.235505]
            ]
          }, {
            "db": 0,
            "id": "MA0150.2",
            "alt": "Nfe2l2",
            "len": 15,
            "nsites": 726,
            "url": "http://jaspar2018.genereg.net/matrix/MA0150.2",
            "pwm": [
              [0.228656, 0.465532, 0.150149, 0.155663], 
              [0.552303, 0.107455, 0.219009, 0.121233], 
              [0.162549, 0.329187, 0.378767, 0.129497], 
              [0.279613, 0.340204, 0.209368, 0.170813], 
              [0.672121, 0.038593, 0.282361, 0.00692361], 
              [3.75568e-05, 3.13042e-05, 3.13042e-05, 0.9999], 
              [3.75568e-05, 3.13042e-05, 0.979235, 0.0206957], 
              [0.9999, 3.13042e-05, 3.13042e-05, 3.75568e-05], 
              [0.0275818, 0.73409, 0.162543, 0.0757851], 
              [0.115724, 0.0275755, 0.0220673, 0.834634], 
              [0.0895572, 0.756125, 0.0633836, 0.090934], 
              [0.794694, 0.00416274, 0.123981, 0.0771619], 
              [0.0138097, 0.0151812, 0.961332, 0.00967823], 
              [0.0055468, 0.962709, 0.0261987, 0.0055468], 
              [0.858046, 0.0358394, 0.0427254, 0.0633898]
            ]
          }, {
            "db": 0,
            "id": "MA0272.1",
            "alt": "ARG81",
            "len": 8,
            "nsites": 198,
            "url": "http://jaspar2018.genereg.net/matrix/MA0272.1",
            "pwm": [
              [0.297967, 0.0606901, 0.419095, 0.222247], 
              [0.0367042, 0.00011474, 0.0244924, 0.938688], 
              [0.0773187, 0.00011474, 0.922429, 0.000137658], 
              [0.999633, 0.00011474, 0.00011474, 0.000137658], 
              [0.000137658, 0.995936, 0.00011474, 0.0038118], 
              [0.0061956, 0.00011474, 0.00011474, 0.993575], 
              [0.000137658, 0.99961, 0.00011474, 0.000137658], 
              [0.317182, 0.317159, 0.0216089, 0.34405]
            ]
          }, {
            "db": 0,
            "id": "MA0303.1",
            "alt": "GCN4",
            "len": 21,
            "nsites": 998,
            "url": "http://jaspar2018.genereg.net/matrix/MA0303.1",
            "pwm": [
              [0.218442, 0.295584, 0.245489, 0.240484], 
              [0.371733, 0.217436, 0.268533, 0.142298], 
              [0.362716, 0.213428, 0.150309, 0.273547], 
              [0.282564, 0.119249, 0.325641, 0.272545], 
              [0.275551, 0.17736, 0.316624, 0.230465], 
              [0.169179, 0.140149, 0.365351, 0.32532], 
              [0.536046, 0.0350893, 0.413809, 0.0150558], 
              [0.0110482, 0.00803797, 0.00603417, 0.97488], 
              [0.00203112, 0.00503227, 0.935801, 0.0571356], 
              [0.96987, 0.0130475, 0.00403037, 0.013052], 
              [0.00203112, 0.433847, 0.563092, 0.00102922], 
              [0.013052, 0.00403037, 0.0130475, 0.96987], 
              [0.0571356, 0.935801, 0.00503227, 0.00203112], 
              [0.97488, 0.00603417, 0.00803797, 0.0110482], 
              [0.0150558, 0.413809, 0.0350893, 0.536046], 
              [0.376366, 0.290284, 0.131141, 0.202209], 
              [0.207214, 0.354341, 0.194197, 0.244247], 
              [0.284568, 0.216434, 0.202407, 0.296591], 
              [0.226458, 0.234468, 0.17736, 0.361714], 
              [0.254511, 0.329649, 0.232464, 0.183376], 
              [0.337668, 0.169345, 0.195394, 0.297593]
            ]
          }, {
            "db": 0,
            "id": "MA0443.1",
            "alt": "btd",
            "len": 10,
            "nsites": 30,
            "url": "http://jaspar2018.genereg.net/matrix/MA0443.1",
            "pwm": [
              [0.466023, 0.100423, 0.233313, 0.200242], 
              [0.333132, 0.00075515, 0.665207, 0.00090598], 
              [0.133796, 0.00075515, 0.598762, 0.266687], 
              [0.0673515, 0.00075515, 0.930987, 0.00090598], 
              [0.00090598, 0.00075515, 0.997433, 0.00090598], 
              [0.00090598, 0.00075515, 0.997433, 0.00090598], 
              [0.0673515, 0.930987, 0.00075515, 0.00090598], 
              [0.00090598, 0.00075515, 0.997433, 0.00090598], 
              [0.00090598, 0.00075515, 0.665207, 0.333132], 
              [0.499245, 0.0339774, 0.332981, 0.133796]
            ]
          }, {
            "db": 0,
            "id": "MA0446.1",
            "alt": "fkh",
            "len": 11,
            "nsites": 27,
            "url": "http://jaspar2018.genereg.net/matrix/MA0446.1",
            "pwm": [
              [0.111707, 0.000838746, 0.000838746, 0.886615], 
              [0.185508, 0.000838746, 0.812647, 0.00100627], 
              [0.00100627, 0.000838746, 0.000838746, 0.997316], 
              [0.00100627, 0.000838746, 0.000838746, 0.997316], 
              [0.00100627, 0.000838746, 0.0377391, 0.960416], 
              [0.480711, 0.000838746, 0.517444, 0.00100627], 
              [0.148608, 0.480543, 0.0746394, 0.296209], 
              [0.222408, 0.259141, 0.11154, 0.40691], 
              [0.00100627, 0.406742, 0.0746394, 0.517612], 
              [0.849715, 0.000838746, 0.0377391, 0.111707], 
              [0.554512, 0.14844, 0.14844, 0.148608]
            ]
          }, {
            "db": 0,
            "id": "MA0462.1",
            "alt": "BATF::JUN",
            "len": 11,
            "nsites": 10522,
            "url": "http://jaspar2018.genereg.net/matrix/MA0462.1",
            "pwm": [
              [0.29291, 0.0457157, 0.488118, 0.173257], 
              [0.454474, 0.0525587, 0.274568, 0.218401], 
              [0.42948, 0.016159, 0.210891, 0.34347], 
              [0.784827, 0.140469, 2.16022e-06, 0.0747029], 
              [2.59169e-06, 2.16022e-06, 2.16022e-06, 0.999993], 
              [2.59169e-06, 2.16022e-06, 0.985927, 0.0140685], 
              [0.999993, 2.16022e-06, 2.16022e-06, 2.59169e-06], 
              [0.0556951, 0.477664, 0.466639, 2.59169e-06], 
              [2.59169e-06, 2.16022e-06, 2.16022e-06, 0.999993], 
              [0.122696, 0.816379, 0.0609216, 2.59169e-06], 
              [0.975473, 2.16022e-06, 2.16022e-06, 0.0245224]
            ]
          }, {
            "db": 0,
            "id": "MA0476.1",
            "alt": "FOS",
            "len": 11,
            "nsites": 29396,
            "url": "http://jaspar2018.genereg.net/matrix/MA0476.1",
            "pwm": [
              [0.26803, 0.0242217, 0.329501, 0.378249], 
              [0.254286, 0.346204, 0.368792, 0.0307188], 
              [9.27674e-07, 7.73232e-07, 7.73232e-07, 0.999998], 
              [9.27674e-07, 7.73232e-07, 0.922164, 0.0778347], 
              [0.999998, 7.73232e-07, 7.73232e-07, 9.27674e-07], 
              [0.0339508, 0.478942, 0.381207, 0.1059], 
              [9.27674e-07, 7.73232e-07, 7.73232e-07, 0.999998], 
              [9.27674e-07, 0.999997, 7.73232e-07, 9.27674e-07], 
              [0.999998, 7.73232e-07, 7.73232e-07, 9.27674e-07], 
              [0.0087779, 0.198088, 0.0523206, 0.740813], 
              [0.136277, 0.280174, 0.268642, 0.314907]
            ]
          }, {
            "db": 0,
            "id": "MA0477.1",
            "alt": "FOSL1",
            "len": 11,
            "nsites": 5272,
            "url": "http://jaspar2018.genereg.net/matrix/MA0477.1",
            "pwm": [
              [0.339718, 0.0225759, 0.452196, 0.18551], 
              [0.29742, 0.0828937, 0.589712, 0.0299746], 
              [5.17251e-06, 4.31138e-06, 4.31138e-06, 0.999986], 
              [5.17251e-06, 4.31138e-06, 0.999985, 5.17251e-06], 
              [0.999986, 4.31138e-06, 4.31138e-06, 5.17251e-06], 
              [0.0235247, 0.591799, 0.384671, 5.17251e-06], 
              [5.17251e-06, 4.31138e-06, 4.31138e-06, 0.999986], 
              [0.0335785, 0.966412, 4.31138e-06, 5.17251e-06], 
              [0.999986, 4.31138e-06, 4.31138e-06, 5.17251e-06], 
              [0.00702304, 0.153833, 0.328905, 0.510238], 
              [0.224584, 0.319421, 0.355651, 0.100344]
            ]
          }, {
            "db": 0,
            "id": "MA0478.1",
            "alt": "FOSL2",
            "len": 11,
            "nsites": 5318,
            "url": "http://jaspar2018.genereg.net/matrix/MA0478.1",
            "pwm": [
              [0.15664, 0.186913, 0.39225, 0.264197], 
              [0.286762, 0.111322, 0.509021, 0.0928954], 
              [0.537979, 0.0103461, 0.437755, 0.0139199], 
              [5.12777e-06, 4.27408e-06, 4.27408e-06, 0.999986], 
              [5.12777e-06, 4.27408e-06, 0.999985, 5.12777e-06], 
              [0.954293, 0.00959409, 0.0361076, 5.12777e-06], 
              [5.12777e-06, 0.617894, 0.345617, 0.0364844], 
              [5.12777e-06, 4.27408e-06, 4.27408e-06, 0.999986], 
              [0.0385524, 0.961438, 4.27408e-06, 5.12777e-06], 
              [0.999986, 4.27408e-06, 4.27408e-06, 5.12777e-06], 
              [5.12777e-06, 0.263068, 0.36348, 0.373447]
            ]
          }, {
            "db": 0,
            "id": "MA0482.1",
            "alt": "Gata4",
            "len": 11,
            "nsites": 2746,
            "url": "http://jaspar2018.genereg.net/matrix/MA0482.1",
            "pwm": [
              [0.0036518, 0.378363, 0.136201, 0.481784], 
              [9.93045e-06, 0.7884, 0.111439, 0.100152], 
              [9.93045e-06, 0.0324181, 8.27719e-06, 0.967564], 
              [9.93045e-06, 8.27719e-06, 8.27719e-06, 0.999974], 
              [0.985772, 0.0142098, 8.27719e-06, 9.93045e-06], 
              [9.93045e-06, 8.27719e-06, 8.27719e-06, 0.999974], 
              [9.93045e-06, 0.999972, 8.27719e-06, 9.93045e-06], 
              [0.199202, 8.27719e-06, 8.27719e-06, 0.800782], 
              [9.93045e-06, 0.451558, 0.342312, 0.20612], 
              [0.218866, 0.365618, 0.0571802, 0.358336], 
              [0.140573, 0.338306, 0.24836, 0.27276]
            ]
          }, {
            "db": 0,
            "id": "MA0489.1",
            "alt": "JUN(var.2)",
            "len": 14,
            "nsites": 10956,
            "url": "http://jaspar2018.genereg.net/matrix/MA0489.1",
            "pwm": [
              [0.44286, 0.114094, 0.257211, 0.185835], 
              [0.358433, 0.120848, 0.375136, 0.145583], 
              [0.340087, 0.102867, 0.395215, 0.16183], 
              [0.40124, 0.102411, 0.315899, 0.18045], 
              [0.378422, 0.0541276, 0.384537, 0.182914], 
              [0.541254, 0.0906362, 0.368108, 2.48902e-06], 
              [2.48902e-06, 2.07464e-06, 2.07464e-06, 0.999993], 
              [2.48902e-06, 2.07464e-06, 0.999993, 2.48902e-06], 
              [0.999719, 2.07464e-06, 2.07464e-06, 0.000276487], 
              [0.0348692, 0.520625, 0.37331, 0.0711958], 
              [0.0181663, 2.07464e-06, 2.07464e-06, 0.98183], 
              [0.0872597, 0.912736, 2.07464e-06, 2.48902e-06], 
              [0.999993, 2.07464e-06, 2.07464e-06, 2.48902e-06], 
              [0.0343212, 0.229007, 0.24142, 0.495252]
            ]
          }, {
            "db": 0,
            "id": "MA0490.1",
            "alt": "JUNB",
            "len": 11,
            "nsites": 16992,
            "url": "http://jaspar2018.genereg.net/matrix/MA0490.1",
            "pwm": [
              [0.212159, 0.198093, 0.352106, 0.237641], 
              [0.297493, 0.062207, 0.495937, 0.144363], 
              [0.493408, 0.0342521, 0.472339, 1.60486e-06], 
              [1.60486e-06, 1.33768e-06, 1.33768e-06, 0.999996], 
              [1.60486e-06, 1.33768e-06, 0.999995, 1.60486e-06], 
              [0.999996, 1.33768e-06, 1.33768e-06, 1.60486e-06], 
              [1.60486e-06, 0.580212, 0.369644, 0.0501423], 
              [1.60486e-06, 1.33768e-06, 1.33768e-06, 0.999996], 
              [0.0739182, 0.926079, 1.33768e-06, 1.60486e-06], 
              [0.999996, 1.33768e-06, 1.33768e-06, 1.60486e-06], 
              [0.0433163, 0.174317, 0.359992, 0.422374]
            ]
          }, {
            "db": 0,
            "id": "MA0491.1",
            "alt": "JUND",
            "len": 11,
            "nsites": 38710,
            "url": "http://jaspar2018.genereg.net/matrix/MA0491.1",
            "pwm": [
              [0.320046, 0.0196075, 0.352364, 0.307982], 
              [0.391708, 0.124619, 0.483672, 7.04467e-07], 
              [7.04467e-07, 5.87185e-07, 5.87185e-07, 0.999998], 
              [7.04467e-07, 5.87185e-07, 0.999998, 7.04467e-07], 
              [0.999998, 5.87185e-07, 5.87185e-07, 7.04467e-07], 
              [7.04467e-07, 0.590467, 0.363679, 0.0458546], 
              [7.04467e-07, 5.87185e-07, 5.87185e-07, 0.999998], 
              [0.0399646, 0.960034, 5.87185e-07, 7.04467e-07], 
              [0.999998, 5.87185e-07, 5.87185e-07, 7.04467e-07], 
              [7.04467e-07, 0.132679, 0.0594424, 0.807878], 
              [0.14947, 0.38636, 0.32108, 0.14309]
            ]
          }, {
            "db": 0,
            "id": "MA0495.2",
            "alt": "MAFF",
            "len": 21,
            "nsites": 12296,
            "url": "http://jaspar2018.genereg.net/matrix/MA0495.2",
            "pwm": [
              [0.383132, 0.119064, 0.197219, 0.300586], 
              [0.437702, 0.0961301, 0.104913, 0.361255], 
              [0.324577, 0.102311, 0.100928, 0.472184], 
              [0.2169, 0.163306, 0.132971, 0.486823], 
              [0.0955614, 0.0465205, 0.0499364, 0.807982], 
              [0.0431869, 0.0503434, 0.867432, 0.0390389], 
              [0.110362, 0.817822, 0.0302556, 0.0415599], 
              [0.0671777, 0.0356226, 0.00854078, 0.888658], 
              [0.0573378, 0.0255386, 0.832217, 0.0849075], 
              [0.881501, 0.0227737, 0.0200897, 0.0756356], 
              [0.0906005, 0.228855, 0.590026, 0.0905185], 
              [0.0383879, 0.0196827, 0.0227737, 0.919156], 
              [0.0821425, 0.850353, 0.0196017, 0.0479038], 
              [0.915903, 0.00439381, 0.0306616, 0.0490418], 
              [0.0374939, 0.0444065, 0.77415, 0.14395], 
              [0.0553048, 0.836202, 0.0567674, 0.0517258], 
              [0.779111, 0.0592894, 0.0579064, 0.103693], 
              [0.4756, 0.131019, 0.167778, 0.225602], 
              [0.474543, 0.104832, 0.114184, 0.306441], 
              [0.353854, 0.108492, 0.105889, 0.431765], 
              [0.307498, 0.184532, 0.131751, 0.376219]
            ]
          }, {
            "db": 0,
            "id": "MA0496.2",
            "alt": "MAFK",
            "len": 19,
            "nsites": 7790,
            "url": "http://jaspar2018.genereg.net/matrix/MA0496.2",
            "pwm": [
              [0.468418, 0.0875498, 0.107319, 0.336713], 
              [0.397944, 0.0955087, 0.111426, 0.39512], 
              [0.25122, 0.179719, 0.150707, 0.418355], 
              [0.0940973, 0.0590522, 0.0422364, 0.804614], 
              [0.03569, 0.0490393, 0.886256, 0.0290151], 
              [0.107576, 0.845948, 0.0116848, 0.0347911], 
              [0.0647007, 0.0477563, 0.00808981, 0.879453], 
              [0.0576408, 0.0256766, 0.832084, 0.0845984], 
              [0.891263, 0.0184877, 0.0190017, 0.0712476], 
              [0.0824154, 0.282797, 0.552242, 0.0825444], 
              [0.038771, 0.0195147, 0.0197717, 0.921943], 
              [0.0831864, 0.857117, 0.0163057, 0.0433919], 
              [0.913342, 0.00372587, 0.0392834, 0.0436489], 
              [0.0294001, 0.0124548, 0.831699, 0.126446], 
              [0.036075, 0.880095, 0.0508363, 0.0329941], 
              [0.791007, 0.0462153, 0.0614911, 0.101286], 
              [0.408599, 0.144032, 0.183441, 0.263928], 
              [0.39589, 0.109886, 0.104752, 0.389473], 
              [0.335301, 0.105265, 0.0881918, 0.471242]
            ]
          }, {
            "db": 0,
            "id": "MA0501.1",
            "alt": "MAF::NFE2",
            "len": 15,
            "nsites": 1090,
            "url": "http://jaspar2018.genereg.net/matrix/MA0501.1",
            "pwm": [
              [0.666019, 0.0238717, 0.306415, 0.00369468], 
              [2.5016e-05, 2.08513e-05, 2.08513e-05, 0.999933], 
              [2.5016e-05, 2.08513e-05, 0.992591, 0.00736334], 
              [0.999933, 2.08513e-05, 2.08513e-05, 2.5016e-05], 
              [0.0147027, 0.799031, 0.152301, 0.0339669], 
              [0.100933, 0.000937767, 0.0110288, 0.8871], 
              [0.0734123, 0.859575, 0.020202, 0.0468097], 
              [0.897191, 2.08513e-05, 0.0468056, 0.0559829], 
              [0.00736334, 0.00369051, 0.954979, 0.0339669], 
              [2.5016e-05, 0.97516, 0.020202, 0.0046116], 
              [0.854075, 0.0156154, 0.0669867, 0.0633222], 
              [0.351369, 0.186243, 0.25963, 0.202758], 
              [0.331188, 0.0917554, 0.119276, 0.457781], 
              [0.26789, 0.0935903, 0.0834992, 0.55502], 
              [0.193585, 0.25963, 0.0972599, 0.449525]
            ]
          }, {
            "db": 0,
            "id": "MA0516.1",
            "alt": "SP2",
            "len": 15,
            "nsites": 1686,
            "url": "http://jaspar2018.genereg.net/matrix/MA0516.1",
            "pwm": [
              [0.0949095, 0.150064, 0.609704, 0.145322], 
              [0.0231468, 0.481005, 0.152436, 0.343412], 
              [0.0308563, 0.822029, 0.000606446, 0.146508], 
              [1.61734e-05, 0.995802, 0.00416523, 1.61734e-05], 
              [1.61734e-05, 0.974452, 1.34808e-05, 0.0255187], 
              [0.103213, 1.34808e-05, 0.759161, 0.137612], 
              [1.61734e-05, 0.999954, 1.34808e-05, 1.61734e-05], 
              [1.61734e-05, 0.982161, 1.34808e-05, 0.0178091], 
              [1.61734e-05, 0.657152, 1.34808e-05, 0.342819], 
              [0.122192, 0.709342, 1.34808e-05, 0.168452], 
              [0.0682211, 0.575898, 0.058729, 0.297152], 
              [0.110923, 0.328582, 0.192766, 0.367728], 
              [0.134053, 0.425255, 0.23784, 0.202851], 
              [0.135239, 0.470923, 0.241992, 0.151846], 
              [0.120412, 0.441861, 0.250296, 0.187431]
            ]
          }, {
            "db": 0,
            "id": "MA0538.1",
            "alt": "daf-12",
            "len": 15,
            "nsites": 156,
            "url": "http://jaspar2018.genereg.net/matrix/MA0538.1",
            "pwm": [
              [0.14111, 0.128268, 0.724041, 0.00658059], 
              [0.455011, 0.000145612, 0.0834252, 0.461417], 
              [0.211577, 0.000145612, 0.788103, 0.000174696], 
              [0.147516, 0.333265, 0.038583, 0.480636], 
              [0.000174696, 0.000145612, 0.999505, 0.000174696], 
              [0.000174696, 0.333265, 0.000145612, 0.666415], 
              [0.000174696, 0.000145612, 0.999505, 0.000174696], 
              [0.0962671, 0.160299, 0.0898321, 0.653602], 
              [0.000174696, 0.128268, 0.621542, 0.250015], 
              [0.00658059, 0.000145612, 0.000145612, 0.993128], 
              [0.000174696, 0.00655151, 0.986692, 0.00658059], 
              [0.000174696, 0.506231, 0.102644, 0.39095], 
              [0.205171, 0.000145612, 0.538263, 0.25642], 
              [0.109079, 0.128268, 0.179518, 0.583134], 
              [0.109079, 0.27561, 0.35889, 0.25642]
            ]
          }, {
            "db": 0,
            "id": "MA0546.1",
            "alt": "pha-4",
            "len": 10,
            "nsites": 1010,
            "url": "http://jaspar2018.genereg.net/matrix/MA0546.1",
            "pwm": [
              [0.579178, 0.0703125, 2.25027e-05, 0.350487], 
              [0.528688, 2.25027e-05, 0.466313, 0.00497651], 
              [0.531657, 2.25027e-05, 0.0782328, 0.390087], 
              [0.040617, 2.25027e-05, 0.959334, 2.69973e-05], 
              [2.69973e-05, 0.402953, 2.25027e-05, 0.596998], 
              [0.853408, 0.146543, 2.25027e-05, 2.69973e-05], 
              [0.999928, 2.25027e-05, 2.25027e-05, 2.69973e-05], 
              [0.999928, 2.25027e-05, 2.25027e-05, 2.69973e-05], 
              [2.69973e-05, 0.616793, 2.25027e-05, 0.383157], 
              [0.999928, 2.25027e-05, 2.25027e-05, 2.69973e-05]
            ]
          }, {
            "db": 0,
            "id": "MA0580.1",
            "alt": "DYT1",
            "len": 14,
            "nsites": 11,
            "url": "http://jaspar2018.genereg.net/matrix/MA0580.1",
            "pwm": [
              [0.362817, 0.542589, 0.00204775, 0.0925468], 
              [0.272727, 0.0921377, 0.632679, 0.00245676], 
              [0.0925468, 0.182228, 0.0921377, 0.633088], 
              [0.182637, 0.182228, 0.542589, 0.0925468], 
              [0.903358, 0.0921377, 0.00204775, 0.00245676], 
              [0.272727, 0.00204775, 0.632679, 0.0925468], 
              [0.362817, 0.00204775, 0.00204775, 0.633088], 
              [0.00245676, 0.993039, 0.00204775, 0.00245676], 
              [0.993448, 0.00204775, 0.00204775, 0.00245676], 
              [0.00245676, 0.993039, 0.00204775, 0.00245676], 
              [0.0925468, 0.00204775, 0.902949, 0.00245676], 
              [0.00245676, 0.00204775, 0.00204775, 0.993448], 
              [0.00245676, 0.00204775, 0.993039, 0.00245676], 
              [0.993448, 0.00204775, 0.00204775, 0.00245676]
            ]
          }, {
            "db": 0,
            "id": "MA0591.1",
            "alt": "Bach1::Mafk",
            "len": 15,
            "nsites": 114,
            "url": "http://jaspar2018.genereg.net/matrix/MA0591.1",
            "pwm": [
              [0.39463, 0.122899, 0.359533, 0.122938], 
              [0.122938, 0.315711, 0.403355, 0.157996], 
              [0.131703, 0.359533, 0.473468, 0.0352962], 
              [0.578679, 0.140427, 0.280655, 0.000239001], 
              [0.0177676, 0.00896352, 0.000199211, 0.97307], 
              [0.000239001, 0.000199211, 0.937973, 0.0615892], 
              [0.990598, 0.000199211, 0.000199211, 0.00900331], 
              [0.000239001, 0.824038, 0.175484, 0.000239001], 
              [0.00900331, 0.000199211, 0.0352565, 0.955541], 
              [0.0440606, 0.937973, 0.0177278, 0.000239001], 
              [0.946777, 0.00896352, 0.0264921, 0.0177676], 
              [0.000239001, 0.00896352, 0.990558, 0.000239001], 
              [0.000239001, 0.999323, 0.000199211, 0.000239001], 
