<!DOCTYPE HTML>
<html>
  <head>
    <meta charset="UTF-8">
    <title>TOMTOM</title>
    <script>
      // @JSON_VAR data
      var data = {
        "program": "Tomtom",
        "version": "4.12.0",
        "release": "Tue Jun 27 16:22:50 2017 -0700",
        "cmd": [
          "tomtom", "-verbosity", "1", "-oc",
          "results/AHRpeaks_noAHREs.bed-199.fa/hocomoco/meme_tomtom_out",
          "-min-overlap", "5", "-dist", "pearson", "-evalue", "-thresh", "1",
          "-no-ssc", "-bfile",
          "results/AHRpeaks_noAHREs.bed-199.fa/hocomoco/background",
          "results/AHRpeaks_noAHREs.bed-199.fa/hocomoco/meme_out/meme.xml",
          "/Users/filipov4/meme/db/motif_databases/HUMAN/HOCOMOCOv11_full_HUMAN_mono_meme_format.meme"
        ],
        "options": {
          "strands": "both",
          "distance_measure": "pearson",
          "threshold_type": "evalue",
          "threshold_value": 1,
          "background_source": "file",
          "background_file": "results/AHRpeaks_noAHREs.bed-199.fa/hocomoco/background"
        },
        "alphabet": {
          "name": "DNA",
          "like": "dna",
          "ncore": 4,
          "symbols": [
            {
              "symbol": "A",
              "name": "Adenine",
              "colour": "CC0000",
              "complement": "T"
            }, {
              "symbol": "C",
              "name": "Cytosine",
              "colour": "0000CC",
              "complement": "G"
            }, {
              "symbol": "G",
              "name": "Guanine",
              "colour": "FFB300",
              "complement": "C"
            }, {
              "symbol": "T",
              "aliases": "U",
              "name": "Thymine",
              "colour": "008000",
              "complement": "A"
            }, {
              "symbol": "N",
              "aliases": "X.",
              "name": "Any base",
              "equals": "ACGT"
            }, {
              "symbol": "V",
              "name": "Not T",
              "equals": "ACG"
            }, {
              "symbol": "H",
              "name": "Not G",
              "equals": "ACT"
            }, {
              "symbol": "D",
              "name": "Not C",
              "equals": "AGT"
            }, {
              "symbol": "B",
              "name": "Not A",
              "equals": "CGT"
            }, {
              "symbol": "M",
              "name": "Amino",
              "equals": "AC"
            }, {
              "symbol": "R",
              "name": "Purine",
              "equals": "AG"
            }, {
              "symbol": "W",
              "name": "Weak",
              "equals": "AT"
            }, {
              "symbol": "S",
              "name": "Strong",
              "equals": "CG"
            }, {
              "symbol": "Y",
              "name": "Pyrimidine",
              "equals": "CT"
            }, {
              "symbol": "K",
              "name": "Keto",
              "equals": "GT"
            }
          ]
        },
        "background": [0.2899, 0.2101, 0.2101, 0.2899],
        "query_dbs": [
          {
            "source": "results/AHRpeaks_noAHREs.bed-199.fa/hocomoco/meme_out/meme.xml",
            "name": "meme",
            "loaded": 7,
            "excluded": 0,
            "last_modified": "Thu May 24 11:57:16 2018"
          }
        ],
        "target_dbs": [
          {
            "source": "/Users/filipov4/meme/db/motif_databases/HUMAN/HOCOMOCOv11_full_HUMAN_mono_meme_format.meme",
            "name": "HOCOMOCOv11 full HUMAN mono meme format",
            "loaded": 771,
            "excluded": 0,
            "last_modified": "Wed Dec  6 21:59:30 2017"
          }
        ],
        "queries": [
          {
            "db": 0,
            "id": "GAAVTMYTTGCCTAAGMCARTGTCTASAAG",
            "alt": "MEME-4",
            "len": 30,
            "nsites": 7,
            "evalue": "6.2e-016",
            "pwm": [
              [0.0040831, 0.00295916, 0.988875, 0.0040831], 
              [0.849154, 0.00295916, 0.143804, 0.0040831], 
              [0.989999, 0.00295916, 0.00295916, 0.0040831], 
              [0.426618, 0.284649, 0.284649, 0.0040831], 
              [0.0040831, 0.00295916, 0.00295916, 0.989999], 
              [0.285773, 0.56634, 0.143804, 0.0040831], 
              [0.0040831, 0.425494, 0.143804, 0.426618], 
              [0.0040831, 0.00295916, 0.00295916, 0.989999], 
              [0.144928, 0.00295916, 0.00295916, 0.849154], 
              [0.144928, 0.00295916, 0.84803, 0.0040831], 
              [0.0040831, 0.988875, 0.00295916, 0.0040831], 
              [0.0040831, 0.988875, 0.00295916, 0.0040831], 
              [0.0040831, 0.00295916, 0.00295916, 0.989999], 
              [0.849154, 0.143804, 0.00295916, 0.0040831], 
              [0.849154, 0.00295916, 0.143804, 0.0040831], 
              [0.0040831, 0.00295916, 0.988875, 0.0040831], 
              [0.285773, 0.425494, 0.143804, 0.144928], 
              [0.0040831, 0.988875, 0.00295916, 0.0040831], 
              [0.989999, 0.00295916, 0.00295916, 0.0040831], 
              [0.567464, 0.00295916, 0.425494, 0.0040831], 
              [0.0040831, 0.00295916, 0.143804, 0.849154], 
              [0.0040831, 0.00295916, 0.84803, 0.144928], 
              [0.0040831, 0.143804, 0.00295916, 0.849154], 
              [0.0040831, 0.84803, 0.143804, 0.0040831], 
              [0.0040831, 0.00295916, 0.00295916, 0.989999], 
              [0.708309, 0.143804, 0.143804, 0.0040831], 
              [0.144928, 0.284649, 0.56634, 0.0040831], 
              [0.849154, 0.00295916, 0.143804, 0.0040831], 
              [0.989999, 0.00295916, 0.00295916, 0.0040831], 
              [0.0040831, 0.00295916, 0.988875, 0.0040831]
            ]
          }, {
            "db": 0,
            "id": "GTCTATGTTCAGCDDTGCACRTATTGTCTT",
            "alt": "MEME-7",
            "len": 30,
            "nsites": 4,
            "evalue": "3.5e-005",
            "pwm": [
              [0.00707073, 0.00512439, 0.980734, 0.00707073], 
              [0.00707073, 0.00512439, 0.00512439, 0.98268], 
              [0.00707073, 0.980734, 0.00512439, 0.00707073], 
              [0.00707073, 0.00512439, 0.00512439, 0.98268], 
              [0.98268, 0.00512439, 0.00512439, 0.00707073], 
              [0.00707073, 0.00512439, 0.00512439, 0.98268], 
              [0.00707073, 0.00512439, 0.980734, 0.00707073], 
              [0.00707073, 0.249027, 0.00512439, 0.738778], 
              [0.00707073, 0.00512439, 0.00512439, 0.98268], 
              [0.00707073, 0.980734, 0.00512439, 0.00707073], 
              [0.98268, 0.00512439, 0.00512439, 0.00707073], 
              [0.00707073, 0.00512439, 0.980734, 0.00707073], 
              [0.00707073, 0.980734, 0.00512439, 0.00707073], 
              [0.250973, 0.00512439, 0.249027, 0.494876], 
              [0.250973, 0.00512439, 0.492929, 0.250973], 
              [0.00707073, 0.00512439, 0.00512439, 0.98268], 
              [0.00707073, 0.00512439, 0.980734, 0.00707073], 
              [0.00707073, 0.980734, 0.00512439, 0.00707073], 
              [0.98268, 0.00512439, 0.00512439, 0.00707073], 
              [0.00707073, 0.980734, 0.00512439, 0.00707073], 
              [0.494876, 0.00512439, 0.492929, 0.00707073], 
              [0.00707073, 0.00512439, 0.00512439, 0.98268], 
              [0.738778, 0.00512439, 0.249027, 0.00707073], 
              [0.00707073, 0.00512439, 0.00512439, 0.98268], 
              [0.00707073, 0.00512439, 0.00512439, 0.98268], 
              [0.00707073, 0.00512439, 0.980734, 0.00707073], 
              [0.00707073, 0.249027, 0.00512439, 0.738778], 
              [0.00707073, 0.980734, 0.00512439, 0.00707073], 
              [0.00707073, 0.00512439, 0.00512439, 0.98268], 
              [0.00707073, 0.00512439, 0.00512439, 0.98268]
            ]
          }, {
            "db": 0,
            "id": "TGCCCTSAGGCT",
            "alt": "MEME-6",
            "len": 12,
            "nsites": 27,
            "evalue": "2.0e-005",
            "pwm": [
              [0.0379701, 0.000775277, 0.222177, 0.739077], 
              [0.148671, 0.000775277, 0.738783, 0.111771], 
              [0.00106974, 0.775683, 0.111476, 0.111771], 
              [0.00106974, 0.997085, 0.000775277, 0.00106974], 
              [0.0379701, 0.960185, 0.000775277, 0.00106974], 
              [0.00106974, 0.222177, 0.111476, 0.665277], 
              [0.00106974, 0.554281, 0.443579, 0.00106974], 
              [0.812878, 0.000775277, 0.185277, 0.00106974], 
              [0.00106974, 0.000775277, 0.960185, 0.0379701], 
              [0.00106974, 0.0376756, 0.960185, 0.00106974], 
              [0.00106974, 0.849484, 0.148377, 0.00106974], 
              [0.296272, 0.0745759, 0.000775277, 0.628376]
            ]
          }, {
            "db": 0,
            "id": "TTGTGGTCAGACYGGTTCTCTGCTCTYRAA",
            "alt": "MEME-5",
            "len": 30,
            "nsites": 4,
            "evalue": "9.5e-006",
            "pwm": [
              [0.00707073, 0.00512439, 0.00512439, 0.98268], 
              [0.00707073, 0.00512439, 0.00512439, 0.98268], 
              [0.00707073, 0.249027, 0.736832, 0.00707073], 
              [0.00707073, 0.00512439, 0.00512439, 0.98268], 
              [0.250973, 0.00512439, 0.736832, 0.00707073], 
              [0.00707073, 0.00512439, 0.980734, 0.00707073], 
              [0.00707073, 0.00512439, 0.00512439, 0.98268], 
              [0.00707073, 0.980734, 0.00512439, 0.00707073], 
              [0.738778, 0.00512439, 0.249027, 0.00707073], 
              [0.00707073, 0.00512439, 0.980734, 0.00707073], 
              [0.98268, 0.00512439, 0.00512439, 0.00707073], 
              [0.00707073, 0.980734, 0.00512439, 0.00707073], 
              [0.00707073, 0.492929, 0.00512439, 0.494876], 
              [0.250973, 0.00512439, 0.736832, 0.00707073], 
              [0.00707073, 0.00512439, 0.980734, 0.00707073], 
              [0.00707073, 0.00512439, 0.00512439, 0.98268], 
              [0.00707073, 0.00512439, 0.00512439, 0.98268], 
              [0.00707073, 0.980734, 0.00512439, 0.00707073], 
              [0.00707073, 0.00512439, 0.00512439, 0.98268], 
              [0.00707073, 0.980734, 0.00512439, 0.00707073], 
              [0.00707073, 0.00512439, 0.00512439, 0.98268], 
              [0.00707073, 0.00512439, 0.980734, 0.00707073], 
              [0.00707073, 0.980734, 0.00512439, 0.00707073], 
              [0.00707073, 0.00512439, 0.00512439, 0.98268], 
              [0.00707073, 0.980734, 0.00512439, 0.00707073], 
              [0.00707073, 0.00512439, 0.00512439, 0.98268], 
              [0.00707073, 0.492929, 0.00512439, 0.494876], 
              [0.494876, 0.00512439, 0.492929, 0.00707073], 
              [0.98268, 0.00512439, 0.00512439, 0.00707073], 
              [0.98268, 0.00512439, 0.00512439, 0.00707073]
            ]
          }, {
            "db": 0,
            "id": "TTKYCTGTTTHCTYTGCTKMHT",
            "alt": "MEME-2",
            "len": 22,
            "nsites": 33,
            "evalue": "3.1e-013",
            "pwm": [
              [0.0915102, 0.000634743, 0.0610576, 0.846797], 
              [0.000875831, 0.000634743, 0.212115, 0.786375], 
              [0.182145, 0.0610576, 0.272538, 0.484259], 
              [0.0915102, 0.272538, 0.121481, 0.514471], 
              [0.000875831, 0.665288, 0.0610576, 0.272779], 
              [0.000875831, 0.000634743, 0.000634743, 0.997855], 
              [0.000875831, 0.151692, 0.846556, 0.000875831], 
              [0.000875831, 0.121481, 0.0610576, 0.816586], 
              [0.000875831, 0.0610576, 0.0308462, 0.90722], 
              [0.0612987, 0.302749, 0.000634743, 0.635317], 
              [0.363413, 0.212115, 0.151692, 0.272779], 
              [0.000875831, 0.816345, 0.181903, 0.000875831], 
              [0.151933, 0.212115, 0.000634743, 0.635317], 
              [0.000875831, 0.51423, 0.000634743, 0.484259], 
              [0.121722, 0.000634743, 0.000634743, 0.877009], 
              [0.182145, 0.242326, 0.544442, 0.0310873], 
              [0.182145, 0.725711, 0.000634743, 0.0915102], 
              [0.212356, 0.000634743, 0.0610576, 0.725952], 
              [0.000875831, 0.0912691, 0.544442, 0.363413], 
              [0.423836, 0.423595, 0.0308462, 0.121722], 
              [0.242567, 0.302749, 0.000634743, 0.454048], 
              [0.212356, 0.0912691, 0.0610576, 0.635317]
            ]
          }, {
            "db": 0,
            "id": "TTTCYTTTGCTRTGCAGAAGCTTTTTARTT",
            "alt": "MEME-3",
            "len": 30,
            "nsites": 12,
            "evalue": "8.2e-012",
            "pwm": [
              [0.00239587, 0.00173636, 0.00173636, 0.994131], 
              [0.00239587, 0.167026, 0.0843807, 0.746198], 
              [0.0850402, 0.0843807, 0.00173636, 0.828842], 
              [0.167685, 0.745538, 0.00173636, 0.0850402], 
              [0.00239587, 0.41496, 0.0843807, 0.498264], 
              [0.00239587, 0.167026, 0.00173636, 0.828842], 
              [0.00239587, 0.0843807, 0.00173636, 0.911487], 
              [0.0850402, 0.0843807, 0.0843807, 0.746198], 
              [0.0850402, 0.00173636, 0.828182, 0.0850402], 
              [0.00239587, 0.745538, 0.167026, 0.0850402], 
              [0.167685, 0.167026, 0.00173636, 0.663553], 
              [0.332974, 0.167026, 0.497604, 0.00239587], 
              [0.167685, 0.00173636, 0.00173636, 0.828842], 
              [0.00239587, 0.00173636, 0.993472, 0.00239587], 
              [0.00239587, 0.828182, 0.00173636, 0.167685], 
              [0.663553, 0.0843807, 0.00173636, 0.25033], 
              [0.0850402, 0.00173636, 0.662894, 0.25033], 
              [0.580908, 0.0843807, 0.0843807, 0.25033], 
              [0.911487, 0.00173636, 0.0843807, 0.00239587], 
              [0.00239587, 0.0843807, 0.910828, 0.00239587], 
              [0.167685, 0.580248, 0.00173636, 0.25033], 
              [0.167685, 0.00173636, 0.167026, 0.663553], 
              [0.00239587, 0.167026, 0.00173636, 0.828842], 
              [0.0850402, 0.167026, 0.00173636, 0.746198], 
              [0.00239587, 0.0843807, 0.0843807, 0.828842], 
              [0.0850402, 0.00173636, 0.00173636, 0.911487], 
              [0.663553, 0.00173636, 0.24967, 0.0850402], 
              [0.332974, 0.167026, 0.497604, 0.00239587], 
              [0.0850402, 0.00173636, 0.00173636, 0.911487], 
              [0.00239587, 0.167026, 0.0843807, 0.746198]
            ]
          }, {
            "db": 0,
            "id": "WTDTNTTTDTTTTTDTTKTWTTTKYTTTTB",
            "alt": "MEME-1",
            "len": 30,
            "nsites": 69,
            "evalue": "3.8e-038",
            "pwm": [
              [0.477988, 0.101606, 0.159493, 0.260912], 
              [0.116194, 0.145022, 0.0292481, 0.709537], 
              [0.347742, 0.145022, 0.188437, 0.318799], 
              [0.000419537, 0.0581912, 0.000304052, 0.941085], 
              [0.203025, 0.231852, 0.318684, 0.24644], 
              [0.000419537, 0.0437191, 0.000304052, 0.955557], 
              [0.116194, 0.0147761, 0.101606, 0.767424], 
              [0.000419537, 0.0871352, 0.0147761, 0.89767], 
              [0.231968, 0.0292481, 0.362099, 0.376686], 
              [0.0293636, 0.116078, 0.0871352, 0.767424], 
              [0.000419537, 0.159493, 0.101606, 0.73848], 
              [0.0583066, 0.0147761, 0.101606, 0.825311], 
              [0.000419537, 0.0726632, 0.231852, 0.695065], 
              [0.130666, 0.188437, 0.0147761, 0.666122], 
              [0.362214, 0.0871352, 0.304212, 0.24644], 
              [0.116194, 0.000304052, 0.000304052, 0.883198], 
              [0.0583066, 0.0726632, 0.159493, 0.709537], 
              [0.116194, 0.116078, 0.28974, 0.477988], 
              [0.188553, 0.188437, 0.0292481, 0.593763], 
              [0.420101, 0.0871352, 0.116078, 0.376686], 
              [0.188553, 0.000304052, 0.246325, 0.564819], 
              [0.145138, 0.13055, 0.145022, 0.579291], 
              [0.130666, 0.0292481, 0.13055, 0.709537], 
              [0.0583066, 0.0581912, 0.521288, 0.362214], 
              [0.0727787, 0.376571, 0.173965, 0.376686], 
              [0.217496, 0.000304052, 0.173965, 0.608235], 
              [0.174081, 0.101606, 0.202909, 0.521403], 
              [0.289855, 0.000304052, 0.0726632, 0.637178], 
              [0.24644, 0.0292481, 0.0726632, 0.65165], 
              [0.0872507, 0.275268, 0.246325, 0.391157]
            ]
          }
        ],
        "targets": [
          {
            "db": 0,
            "id": "ANDR_HUMAN.H11MO.0.A",
            "len": 18,
            "nsites": 499,
            "evalue": "1.0e+000",
            "url": "http://hocomoco.autosome.ru/motif/ANDR_HUMAN.H11MO.0.A",
            "pwm": [
              [0.148325, 0.0701683, 0.036107, 0.7454], 
              [0.0621699, 0.0481287, 0.777441, 0.11226], 
              [0.0681807, 0.0661611, 0.0140673, 0.851591], 
              [0.188397, 0.172352, 0.144302, 0.494949], 
              [0.0781987, 0.733362, 0.036107, 0.152332], 
              [0.122278, 0.278543, 0.0320998, 0.567079], 
              [0.180383, 0.134284, 0.196396, 0.488938], 
              [0.198415, 0.178363, 0.216432, 0.40679], 
              [0.176375, 0.192388, 0.222442, 0.408794], 
              [0.200419, 0.256504, 0.120258, 0.422819], 
              [0.0721879, 0.0140673, 0.0140673, 0.899677], 
              [0.254516, 0.0300962, 0.691286, 0.0241014], 
              [0.0281086, 0.0220818, 0.0200782, 0.929731], 
              [0.0180905, 0.00605292, 0.0982188, 0.877638], 
              [0.00807251, 0.00805652, 0.0641575, 0.919713], 
              [0.420815, 0.0280926, 0.494933, 0.0561591], 
              [0.0862132, 0.524987, 0.0481287, 0.340671], 
              [0.290581, 0.158327, 0.0541395, 0.496952]
            ]
          }, {
            "db": 0,
            "id": "AP2A_HUMAN.H11MO.0.A",
            "len": 15,
            "nsites": 500,
            "evalue": "1.0e+000",
            "url": "http://hocomoco.autosome.ru/motif/AP2A_HUMAN.H11MO.0.A",
            "pwm": [
              [0.416132, 0.185369, 0.19313, 0.20537], 
              [0.231129, 0.0911444, 0.134684, 0.543042], 
              [0.176783, 0.0944218, 0.470174, 0.25862], 
              [0.0108893, 0.520543, 0.431405, 0.0371628], 
              [5.79684e-05, 0.999842, 4.20116e-05, 5.79684e-05], 
              [5.79684e-05, 0.900835, 4.20116e-05, 0.099065], 
              [0.0509863, 0.111325, 0.0128241, 0.824864], 
              [0.00189616, 4.20116e-05, 0.796449, 0.201613], 
              [0.535284, 0.0386218, 0.409197, 0.0168972], 
              [0.142188, 4.20116e-05, 0.855957, 0.00181269], 
              [5.79684e-05, 4.20116e-05, 0.999842, 5.79684e-05], 
              [0.0479131, 0.55605, 0.379963, 0.0160737], 
              [0.30825, 0.381602, 0.0917635, 0.218384], 
              [0.512996, 0.0934441, 0.204259, 0.1893], 
              [0.23853, 0.148905, 0.208398, 0.404167]
            ]
          }, {
            "db": 0,
            "id": "AP2B_HUMAN.H11MO.0.B",
            "len": 10,
            "nsites": 28,
            "evalue": "1.0e+000",
            "url": "http://hocomoco.autosome.ru/motif/AP2B_HUMAN.H11MO.0.B",
            "pwm": [
              [0.0404167, 0.000747687, 0.780571, 0.178264], 
              [0.00103167, 0.646662, 0.244935, 0.107371], 
              [0.00103167, 0.961742, 0.000747687, 0.0364782], 
              [0.115248, 0.571831, 0.000747687, 0.312173], 
              [0.0758632, 0.0361942, 0.886911, 0.00103167], 
              [0.327927, 0.315828, 0.355213, 0.00103167], 
              [0.0719247, 0.0361942, 0.851464, 0.0404167], 
              [0.00103167, 0.000747687, 0.997189, 0.00103167], 
              [0.191064, 0.123826, 0.675216, 0.0098933], 
              [0.222572, 0.446783, 0.253797, 0.0768479]
            ]
          }, {
            "db": 0,
            "id": "AP2C_HUMAN.H11MO.0.A",
            "len": 14,
            "nsites": 500,
            "evalue": "1.0e+000",
            "url": "http://hocomoco.autosome.ru/motif/AP2C_HUMAN.H11MO.0.A",
            "pwm": [
              [0.387208, 0.201032, 0.269555, 0.142205], 
              [0.196094, 0.123616, 0.166409, 0.513882], 
              [0.184617, 0.0997942, 0.518368, 0.19722], 
              [0.00959086, 0.50698, 0.47184, 0.0115887], 
              [0.00386082, 0.988128, 0.00795352, 5.79684e-05], 
              [0.00192582, 0.951674, 0.00238639, 0.0440134], 
              [0.0500632, 0.131882, 0.0254141, 0.792641], 
              [0.0354151, 4.20116e-05, 0.917067, 0.0474755], 
              [0.554984, 0.0254356, 0.415796, 0.00378388], 
              [0.0734839, 4.20116e-05, 0.924446, 0.00202838], 
              [5.79684e-05, 4.20116e-05, 0.997959, 0.00194107], 
              [0.0289837, 0.618166, 0.340991, 0.0118596], 
              [0.313921, 0.351511, 0.0971749, 0.237393], 
              [0.428248, 0.170528, 0.241662, 0.159562]
            ]
          }, {
            "db": 0,
            "id": "ARI3A_HUMAN.H11MO.0.D",
            "len": 22,
            "nsites": 44,
            "evalue": "1.0e+000",
            "url": "http://hocomoco.autosome.ru/motif/ARI3A_HUMAN.H11MO.0.D",
            "pwm": [
              [0.390414, 0.0965683, 0.325566, 0.187452], 
              [0.680929, 0.0911794, 0.000476417, 0.227415], 
              [0.112916, 0.000476417, 0.000476417, 0.886131], 
              [0.158268, 0.000476417, 0.000476417, 0.84078], 
              [0.953038, 0.0458279, 0.000476417, 0.000657369], 
              [0.931483, 0.0673837, 0.000476417, 0.000657369], 
              [0.475728, 0.000476417, 0.0242721, 0.499524], 
              [0.000657369, 0.40864, 0.227234, 0.363469], 
              [0.294322, 0.181882, 0.432435, 0.0913603], 
              [0.499524, 0.0458279, 0.363288, 0.0913603], 
              [0.454172, 0.0458279, 0.158087, 0.341913], 
              [0.728521, 0.000476417, 0.0911794, 0.179823], 
              [0.136712, 0.0458279, 0.0911794, 0.726281], 
              [0.160507, 0.56849, 0.0458279, 0.225175], 
              [0.726281, 0.000476417, 0.000476417, 0.272766], 
              [0.750077, 0.0458279, 0.000476417, 0.203619], 
              [0.953038, 0.000476417, 0.000476417, 0.0460088], 
              [0.408821, 0.000476417, 0.0458279, 0.544875], 
              [0.115156, 0.136531, 0.0911794, 0.657134], 
              [0.521079, 0.136531, 0.0242721, 0.318118], 
              [0.611782, 0.0696236, 0.000476417, 0.318118], 
              [0.664763, 0.00586537, 0.0750125, 0.254359]
            ]
          }, {
            "db": 0,
            "id": "CPEB1_HUMAN.H11MO.0.D",
            "len": 17,
            "nsites": 1803,
            "evalue": "1.0e+000",
            "url": "http://hocomoco.autosome.ru/motif/CPEB1_HUMAN.H11MO.0.D",
            "pwm": [
              [0.163623, 0.21797, 0.0893023, 0.529105], 
              [0.000570678, 0.000566253, 0.000566253, 0.998297], 
              [0.00473018, 0.00361655, 0.000288952, 0.991364], 
              [0.000709328, 0.0018141, 0.000150302, 0.997326], 
              [1.60779e-05, 0.00167545, 1.16522e-05, 0.998297], 
              [0.996633, 0.000566253, 0.00223005, 0.000570678], 
              [0.00223448, 0.0543625, 0.00333925, 0.940064], 
              [0.128129, 0.235717, 0.0282963, 0.607858], 
              [0.181925, 0.250691, 0.0732189, 0.494165], 
              [0.0926343, 0.223516, 0.0482619, 0.635588], 
              [0.0809877, 0.184139, 0.0343969, 0.700476], 
              [0.0654589, 0.135889, 0.0260779, 0.772574], 
              [0.100399, 0.118142, 0.0160951, 0.765365], 
              [0.181232, 0.0991465, 0.0115196, 0.708102], 
              [0.224075, 0.116478, 0.0233049, 0.636143], 
              [0.240297, 0.168749, 0.0345355, 0.556419], 
              [0.223659, 0.210344, 0.07003, 0.495967]
            ]
          }, {
            "db": 0,
            "id": "FOXA1_HUMAN.H11MO.0.A",
            "len": 12,
            "nsites": 500,
            "evalue": "1.0e+000",
            "url": "http://hocomoco.autosome.ru/motif/FOXA1_HUMAN.H11MO.0.A",
            "pwm": [
              [0.0160548, 4.20116e-05, 4.20116e-05, 0.983861], 
              [0.246009, 0.00404121, 0.749892, 5.79684e-05], 
              [0.00205757, 4.20116e-05, 4.20116e-05, 0.997858], 
              [0.00405717, 4.20116e-05, 0.0560308, 0.93987], 
              [5.79684e-05, 4.20116e-05, 0.144013, 0.855887], 
              [0.781902, 4.20116e-05, 0.206001, 0.0120556], 
              [0.00805637, 0.797882, 0.00804041, 0.186021], 
              [0.317994, 0.138014, 0.00404121, 0.53995], 
              [0.0320516, 0.313979, 0.10802, 0.545949], 
              [0.463965, 0.020038, 0.0160388, 0.499958], 
              [0.218014, 0.0980224, 0.493943, 0.19002], 
              [0.108036, 0.25999, 0.393963, 0.23801]
            ]
          }, {
            "db": 0,
            "id": "FOXA2_HUMAN.H11MO.0.A",
            "len": 12,
            "nsites": 500,
            "evalue": "1.0e+000",
            "url": "http://hocomoco.autosome.ru/motif/FOXA2_HUMAN.H11MO.0.A",
            "pwm": [
              [0.0160548, 4.20116e-05, 0.00204161, 0.981862], 
              [0.196019, 0.00204161, 0.799882, 0.00205757], 
              [5.79684e-05, 0.00404121, 4.20116e-05, 0.995859], 
              [0.00205757, 4.20116e-05, 0.0440332, 0.953867], 
              [5.79684e-05, 4.20116e-05, 0.144013, 0.855887], 
              [0.757906, 4.20116e-05, 0.235995, 0.00605677], 
              [0.00805637, 0.887864, 0.00204161, 0.102038], 
              [0.401978, 0.122018, 4.20116e-05, 0.475963], 
              [0.0440492, 0.40996, 0.120018, 0.425973], 
              [0.563945, 0.00804041, 0.040034, 0.38798], 
              [0.19002, 0.0960228, 0.549932, 0.164025], 
              [0.128032, 0.35797, 0.281986, 0.232012]
            ]
          }, {
            "db": 0,
            "id": "FOXA3_HUMAN.H11MO.0.B",
            "len": 13,
            "nsites": 500,
            "evalue": "1.0e+000",
            "url": "http://hocomoco.autosome.ru/motif/FOXA3_HUMAN.H11MO.0.B",
            "pwm": [
              [0.158026, 0.465949, 0.215999, 0.160026], 
              [0.228012, 0.249992, 0.0780264, 0.443969], 
              [0.0120556, 4.20116e-05, 0.00604081, 0.981862], 
              [0.246009, 0.00804041, 0.737894, 0.00805637], 
              [0.00805637, 0.0220376, 0.0140392, 0.955867], 
              [0.00605677, 4.20116e-05, 0.0360348, 0.957866], 
              [0.00805637, 4.20116e-05, 0.271988, 0.719914], 
              [0.855887, 0.00604081, 0.114019, 0.0240532], 
              [0.00405717, 0.873867, 0.0220376, 0.100038], 
              [0.367984, 0.152012, 0.00804041, 0.471964], 
              [0.0940392, 0.231996, 0.106021, 0.567944], 
              [0.425973, 0.0140392, 0.0540312, 0.505957], 
              [0.154027, 0.116019, 0.577926, 0.152028]
            ]
          }, {
            "db": 0,
            "id": "FOXC2_HUMAN.H11MO.0.D",
            "len": 15,
            "nsites": 5,
            "evalue": "1.0e+000",
            "url": "http://hocomoco.autosome.ru/motif/FOXC2_HUMAN.H11MO.0.D",
            "pwm": [
              [0.0582053, 0.0566406, 0.616865, 0.268289], 
              [0.215768, 0.214204, 0.00411961, 0.565908], 
              [0.00568431, 0.214204, 0.00411961, 0.775992], 
              [0.00568431, 0.00411961, 0.00411961, 0.986076], 
              [0.215768, 0.00411961, 0.774428, 0.00568431], 
              [0.00568431, 0.00411961, 0.00411961, 0.986076], 
              [0.00568431, 0.00411961, 0.00411961, 0.986076], 
              [0.215768, 0.00411961, 0.214204, 0.565908], 
              [0.355824, 0.00411961, 0.00411961, 0.635936], 
              [0.00568431, 0.35426, 0.634372, 0.00568431], 
              [0.215768, 0.424288, 0.00411961, 0.355824], 
              [0.00568431, 0.634372, 0.00411961, 0.355824], 
              [0.986076, 0.00411961, 0.00411961, 0.00568431], 
              [0.00568431, 0.144176, 0.844456, 0.00568431], 
              [0.478373, 0.0566406, 0.266725, 0.198261]
            ]
          }, {
            "db": 0,
            "id": "FOXD3_HUMAN.H11MO.0.D",
            "len": 15,
            "nsites": 465,
            "evalue": "1.0e+000",
            "url": "http://hocomoco.autosome.ru/motif/FOXD3_HUMAN.H11MO.0.D",
            "pwm": [
              [0.157018, 0.176351, 0.298906, 0.367725], 
              [0.118316, 0.217203, 0.266655, 0.397826], 
              [0.135517, 0.0064954, 0.0559471, 0.80204], 
              [0.0387637, 0.0688476, 0.872976, 0.019413], 
              [0.0925156, 0.051647, 0.0365965, 0.819241], 
              [0.0366136, 0.111849, 0.0494969, 0.80204], 
              [0.0538142, 4.51731e-05, 0.0946485, 0.851492], 
              [0.339774, 0.200002, 0.225803, 0.234421], 
              [0.0581144, 0.599916, 0.0623974, 0.279572], 
              [0.294623, 0.202152, 0.0408966, 0.462329], 
              [0.109716, 0.223653, 0.0709977, 0.595633], 
              [0.404276, 0.0473468, 0.14625, 0.402126], 
              [0.23012, 0.14195, 0.42791, 0.200019], 
              [0.101116, 0.363408, 0.348357, 0.187119], 
              [0.356975, 0.292455, 0.111849, 0.238721]
            ]
          }, {
            "db": 0,
            "id": "FOXF1_HUMAN.H11MO.0.D",
            "len": 11,
            "nsites": 8,
            "evalue": "1.0e+000",
            "url": "http://hocomoco.autosome.ru/motif/FOXF1_HUMAN.H11MO.0.D",
            "pwm": [
              [0.413891, 0.151468, 0.151468, 0.283172], 
              [0.00357901, 0.00259383, 0.00259383, 0.991233], 
              [0.134298, 0.00259383, 0.859529, 0.00357901], 
              [0.00357901, 0.00259383, 0.00259383, 0.991233], 
              [0.00357901, 0.00259383, 0.00259383, 0.991233], 
              [0.00357901, 0.00259383, 0.00259383, 0.991233], 
              [0.729795, 0.0679533, 0.198672, 0.00357901], 
              [0.00357901, 0.133313, 0.00259383, 0.860514], 
              [0.0217344, 0.151468, 0.151468, 0.675329], 
              [0.265017, 0.169624, 0.00259383, 0.562766], 
              [0.432047, 0.00259383, 0.0389046, 0.526455]
            ]
          }, {
            "db": 0,
            "id": "FOXF2_HUMAN.H11MO.0.D",
            "len": 11,
            "nsites": 26,
            "evalue": "1.0e+000",
            "url": "http://hocomoco.autosome.ru/motif/FOXF2_HUMAN.H11MO.0.D",
            "pwm": [
              [0.0163041, 0.0159983, 0.0159983, 0.951699], 
              [0.146774, 0.000804981, 0.820924, 0.0314974], 
              [0.00111073, 0.000804981, 0.0311917, 0.966893], 
              [0.122658, 0.000804981, 0.000804981, 0.875732], 
              [0.122658, 0.000804981, 0.0311917, 0.845346], 
              [0.770693, 0.000804981, 0.227392, 0.00111073], 
              [0.00111073, 0.782445, 0.0311917, 0.185253], 
              [0.284707, 0.255836, 0.0594747, 0.399983], 
              [0.0416129, 0.0413072, 0.0109205, 0.906159], 
              [0.481027, 0.000804981, 0.0311917, 0.486976], 
              [0.25432, 0.0109205, 0.357232, 0.377527]
            ]
          }, {
            "db": 0,
            "id": "FOXG1_HUMAN.H11MO.0.D",
            "len": 17,
            "nsites": 310,
            "evalue": "1.0e+000",
            "url": "http://hocomoco.autosome.ru/motif/FOXG1_HUMAN.H11MO.0.D",
            "pwm": [
              [0.358379, 0.15223, 0.184554, 0.304837], 
              [0.150408, 0.111037, 0.121198, 0.617357], 
              [0.0332513, 0.0359948, 0.0297153, 0.901039], 
              [0.102429, 0.020018, 0.857509, 0.0200438], 
              [9.34859e-05, 0.00320752, 0.00948704, 0.987212], 
              [9.34859e-05, 6.77524e-05, 0.231864, 0.767974], 
              [0.00341853, 6.77524e-05, 0.0926133, 0.9039], 
              [0.687432, 0.164262, 0.108497, 0.0398088], 
              [0.0396235, 0.353224, 0.0255564, 0.581596], 
              [0.309128, 0.095753, 0.292271, 0.302848], 
              [0.191093, 0.0709954, 0.118648, 0.619263], 
              [0.366395, 0.0569541, 0.178499, 0.398153], 
              [0.0616456, 0.0549698, 0.0200618, 0.863323], 
              [0.313884, 0.0397317, 0.316256, 0.330128], 
              [0.0491329, 0.0747811, 0.0882666, 0.787819], 
              [0.238743, 0.0549235, 0.0785694, 0.627764], 
              [0.0828904, 0.134398, 0.197018, 0.585694]
            ]
          }, {
            "db": 0,
            "id": "FOXJ2_HUMAN.H11MO.0.C",
            "len": 10,
            "nsites": 41,
            "evalue": "1.0e+000",
            "url": "http://hocomoco.autosome.ru/motif/FOXJ2_HUMAN.H11MO.0.C",
            "pwm": [
              [0.000705353, 0.0242001, 0.000511192, 0.974583], 
              [0.308661, 0.000511192, 0.642744, 0.0480832], 
              [0.000705353, 0.000511192, 0.0242001, 0.974583], 
              [0.000705353, 0.000511192, 0.000511192, 0.998272], 
              [0.000705353, 0.000511192, 0.000511192, 0.998272], 
              [0.548183, 0.000511192, 0.450601, 0.000705353], 
              [0.000705353, 0.192655, 0.000511192, 0.806129], 
              [0.11915, 0.216344, 0.000511192, 0.663995], 
              [0.000705353, 0.0242001, 0.2374, 0.737694], 
              [0.465271, 0.0834224, 0.1308, 0.320506]
            ]
          }, {
            "db": 0,
            "id": "FOXJ3_HUMAN.H11MO.0.A",
            "len": 13,
            "nsites": 626,
            "evalue": "1.0e+000",
            "url": "http://hocomoco.autosome.ru/motif/FOXJ3_HUMAN.H11MO.0.A",
            "pwm": [
              [0.194111, 0.146481, 0.164697, 0.49471], 
              [4.63025e-05, 3.3557e-05, 3.3557e-05, 0.999887], 
              [0.0829681, 3.3557e-05, 0.914268, 0.00273043], 
              [0.00111995, 3.3557e-05, 3.3557e-05, 0.998813], 
              [4.63025e-05, 3.3557e-05, 3.3557e-05, 0.999887], 
              [0.0088791, 3.3557e-05, 0.175698, 0.815389], 
              [0.818158, 3.3557e-05, 0.0369546, 0.144854], 
              [4.63025e-05, 0.0711348, 3.3557e-05, 0.928785], 
              [0.11331, 3.3557e-05, 0.430175, 0.456481], 
              [0.044061, 3.3557e-05, 0.325661, 0.630245], 
              [0.0528195, 3.3557e-05, 0.0291503, 0.917997], 
              [0.00591101, 0.0101674, 0.0168384, 0.967083], 
              [0.35851, 0.0704011, 0.138469, 0.43262]
            ]
          }, {
            "db": 0,
            "id": "FOXJ3_HUMAN.H11MO.1.B",
            "len": 13,
            "nsites": 613,
            "evalue": "1.0e+000",
            "url": "http://hocomoco.autosome.ru/motif/FOXJ3_HUMAN.H11MO.1.B",
            "pwm": [
              [0.126265, 0.100128, 0.122347, 0.65126], 
              [0.0348005, 3.42685e-05, 0.390458, 0.574707], 
              [0.0300391, 3.42685e-05, 0.51609, 0.453836], 
              [4.72843e-05, 3.42685e-05, 3.42685e-05, 0.999884], 
              [0.0547372, 3.42685e-05, 0.11534, 0.829889], 
              [0.396792, 3.42685e-05, 0.11535, 0.487824], 
              [0.356264, 0.0774997, 3.42685e-05, 0.566202], 
              [4.72843e-05, 3.42685e-05, 3.42685e-05, 0.999884], 
              [0.163664, 3.42685e-05, 0.836254, 4.72843e-05], 
              [4.72843e-05, 3.42685e-05, 3.42685e-05, 0.999884], 
              [4.72843e-05, 3.42685e-05, 3.42685e-05, 0.999884], 
              [4.72843e-05, 3.42685e-05, 0.0127093, 0.987209], 
              [0.645558, 0.104694, 0.11695, 0.132798]
            ]
          }, {
            "db": 0,
            "id": "FOXK1_HUMAN.H11MO.0.A",
            "len": 10,
            "nsites": 500,
            "evalue": "1.0e+000",
            "url": "http://hocomoco.autosome.ru/motif/FOXK1_HUMAN.H11MO.0.A",
            "pwm": [
              [0.020054, 0.00804041, 0.01004, 0.961866], 
              [0.0760428, 0.020038, 0.895863, 0.00805637], 
              [0.00605677, 0.0860248, 0.020038, 0.88788], 
              [0.00205757, 0.01004, 0.100022, 0.88788], 
              [0.020054, 0.020038, 0.166009, 0.793899], 
              [0.49196, 0.251992, 0.0620296, 0.194019], 
              [0.0240532, 0.655911, 0.040034, 0.280002], 
              [0.303997, 0.233995, 0.11002, 0.351988], 
              [0.154027, 0.212, 0.150012, 0.483961], 
              [0.116035, 0.227996, 0.144013, 0.511956]
            ]
          }, {
            "db": 0,
            "id": "FOXL1_HUMAN.H11MO.0.D",
            "len": 19,
            "nsites": 1207,
            "evalue": "1.0e+000",
            "url": "http://hocomoco.autosome.ru/motif/FOXL1_HUMAN.H11MO.0.D",
            "pwm": [
              [0.160533, 0.16384, 0.222658, 0.452969], 
              [0.140236, 0.189107, 0.444264, 0.226393], 
              [0.191185, 0.0404035, 0.132359, 0.636053], 
              [0.0629848, 0.0240419, 0.041439, 0.871534], 
              [0.00064534, 0.000638729, 0.000638729, 0.998077], 
              [0.0874236, 0.000431621, 0.905079, 0.00706569], 
              [0.00830833, 1.74054e-05, 1.74054e-05, 0.991657], 
              [2.40162e-05, 1.74054e-05, 1.74054e-05, 0.999941], 
              [2.40162e-05, 1.74054e-05, 1.74054e-05, 0.999941], 
              [0.470573, 1.74054e-05, 0.529385, 2.40162e-05], 
              [2.40162e-05, 1.74054e-05, 1.74054e-05, 0.999941], 
              [2.40162e-05, 1.74054e-05, 1.74054e-05, 0.999941], 
              [2.40162e-05, 1.74054e-05, 1.74054e-05, 0.999941], 
              [0.985858, 1.74054e-05, 0.0116155, 0.00250931], 
              [0.000852448, 0.511988, 0.000845837, 0.486313], 
              [0.414861, 0.0188642, 0.0213495, 0.544925], 
              [0.103992, 0.014515, 0.0186571, 0.862836], 
              [0.226186, 0.0174145, 0.0149292, 0.74147], 
              [0.193256, 0.125318, 0.0838961, 0.59753]
            ]
          }, {
            "db": 0,
            "id": "FOXM1_HUMAN.H11MO.0.A",
            "len": 12,
            "nsites": 500,
            "evalue": "1.0e+000",
            "url": "http://hocomoco.autosome.ru/motif/FOXM1_HUMAN.H11MO.0.A",
            "pwm": [
              [0.0560468, 0.0240372, 0.0340352, 0.885881], 
              [0.252008, 0.0220376, 0.715899, 0.010056], 
              [0.0260528, 0.030036, 0.0560308, 0.88788], 
              [5.79684e-05, 0.0680284, 0.0620296, 0.869884], 
              [0.00205757, 0.00204161, 0.0720276, 0.923873], 
              [0.319994, 0.0540312, 0.587924, 0.0380504], 
              [0.0740432, 0.745893, 0.0180384, 0.162026], 
              [0.246009, 0.16001, 0.0380344, 0.555947], 
              [0.0480484, 0.289984, 0.142014, 0.519954], 
              [0.359986, 0.0380344, 0.0280364, 0.573943], 
              [0.108036, 0.16001, 0.445953, 0.286001], 
              [0.166025, 0.341974, 0.25799, 0.234011]
            ]
          }, {
            "db": 0,
            "id": "FOXO1_HUMAN.H11MO.0.A",
            "len": 12,
            "nsites": 500,
            "evalue": "1.0e+000",
            "url": "http://hocomoco.autosome.ru/motif/FOXO1_HUMAN.H11MO.0.A",
            "pwm": [
              [0.186021, 0.16001, 0.25999, 0.393979], 
              [0.0960388, 0.30998, 0.255991, 0.33799], 
              [0.060046, 0.451952, 0.253991, 0.234011], 
              [0.04005, 0.477946, 0.170008, 0.311996], 
              [0.00605677, 0.0120396, 0.0140392, 0.967864], 
              [0.0320516, 0.0340352, 0.917858, 0.0160548], 
              [0.00405717, 0.186005, 0.0160388, 0.793899], 
              [0.010056, 0.030036, 0.0620296, 0.897878], 
              [0.0120556, 0.040034, 0.221998, 0.725913], 
              [0.403977, 0.223997, 0.0520316, 0.319994], 
              [0.00605677, 0.691904, 0.0520316, 0.250008], 
              [0.226013, 0.263989, 0.176007, 0.333991]
            ]
          }, {
            "db": 0,
            "id": "FOXO3_HUMAN.H11MO.0.B",
            "len": 10,
            "nsites": 500,
            "evalue": "1.0e+000",
            "url": "http://hocomoco.autosome.ru/motif/FOXO3_HUMAN.H11MO.0.B",
            "pwm": [
