<!DOCTYPE HTML>
<html>
  <head>
    <meta charset="UTF-8">
    <title>SpaMo - Spaced Motif Analysis</title>
    <script type="text/javascript">
      //@JSON_VAR data
      var data = {"program":"SpaMo","version":"4.12.0","revision":"aacc9c3eb8c7b460b344d5c8aa1458097dae704d","release":"Tue Jun 27 16:22:50 2017 -0700","host":"Sudins-iMac.local","when":"Thu May 24 14:23:48 2018","cmd":["spamo","-verbosity","1","-oc","results/AHRpeaks_not-in-DHSs-withAHREs.bed-499.fa/hocomoco/spamo_out_4","-bgfile","results/AHRpeaks_not-in-DHSs-withAHREs.bed-499.fa/hocomoco/background","-primary","GAWARYWKTRGAAAAACYCTTM","results/AHRpeaks_not-in-DHSs-withAHREs.bed-499.fa/hocomoco/AHRpeaks_not-in-DHSs-withAHREs.bed-499.fa","results/AHRpeaks_not-in-DHSs-withAHREs.bed-499.fa/hocomoco/meme_out/meme.xml","results/AHRpeaks_not-in-DHSs-withAHREs.bed-499.fa/hocomoco/meme_out/meme.xml","results/AHRpeaks_not-in-DHSs-withAHREs.bed-499.fa/hocomoco/dreme_out/dreme.xml","/Users/filipov4/meme/db/motif_databases/HUMAN/HOCOMOCOv11_full_HUMAN_mono_meme_format.meme"],"options":{"seq_min_hit_score":7,"margin":150,"bin_size":1,"bin_pvalue_calc_range":150,"use_best_secondary":0,"seq_max_shared_fract":0.5,"seq_odds_ratio":20,"bin_pvalue_cutoff":0.05,"motif_evalue_cutoff":10,"redundant_overlap":2,"redundant_joint":0.5,"motif_pseudocount":0.1,"bgfile":"results/AHRpeaks_not-in-DHSs-withAHREs.bed-499.fa/hocomoco/background","motif_trim":0.25,"xalph":0,"seed":1,"bin_max":2},"alphabet":{"name":"DNA","like":"dna","ncore":4,"symbols":[{"symbol":"A","name":"Adenine","colour":"CC0000","complement":"T"},{"symbol":"C","name":"Cytosine","colour":"0000CC","complement":"G"},{"symbol":"G","name":"Guanine","colour":"FFB300","complement":"C"},{"symbol":"T","aliases":"U","name":"Thymine","colour":"008000","complement":"A"},{"symbol":"N","aliases":"X.","name":"Any base","equals":"ACGT"},{"symbol":"V","name":"Not T","equals":"ACG"},{"symbol":"H","name":"Not G","equals":"ACT"},{"symbol":"D","name":"Not C","equals":"AGT"},{"symbol":"B","name":"Not A","equals":"CGT"},{"symbol":"M","name":"Amino","equals":"AC"},{"symbol":"R","name":"Purine","equals":"AG"},{"symbol":"W","name":"Weak","equals":"AT"},{"symbol":"S","name":"Strong","equals":"CG"},{"symbol":"Y","name":"Pyrimidine","equals":"CT"},{"symbol":"K","name":"Keto","equals":"GT"}]},"background":[0.3192,0.1808,0.1808,0.3192],"sequence_dbs":[{"source":"results/AHRpeaks_not-in-DHSs-withAHREs.bed-499.fa/hocomoco/AHRpeaks_not-in-DHSs-withAHREs.bed-499.fa","name":"AHRpeaks_not-in-DHSs-withAHREs.bed-499","last_modified":"Thu May 24 11:14:35 2018","loaded":15,"excluded_too_short":0,"excluded_no_match":8,"excluded_ambigs":0,"excluded_similar":2,"erased_primary_matches":0}],"primary_dbs":[{"source":"results/AHRpeaks_not-in-DHSs-withAHREs.bed-499.fa/hocomoco/meme_out/meme.xml","name":"meme.xml","last_modified":"Thu May 24 14:23:21 2018","loaded":6,"excluded":5}],"secondary_dbs":[{"source":"results/AHRpeaks_not-in-DHSs-withAHREs.bed-499.fa/hocomoco/meme_out/meme.xml","name":"meme.xml","last_modified":"Thu May 24 14:23:21 2018","loaded":7,"excluded":1},{"source":"results/AHRpeaks_not-in-DHSs-withAHREs.bed-499.fa/hocomoco/dreme_out/dreme.xml","name":"dreme.xml","last_modified":"Thu May 24 14:23:22 2018","loaded":1,"excluded":0},{"source":"/Users/filipov4/meme/db/motif_databases/HUMAN/HOCOMOCOv11_full_HUMAN_mono_meme_format.meme","name":"HOCOMOCOv11_full_HUMAN_mono_meme_format","last_modified":"Wed Dec  6 21:59:30 2017","loaded":771,"excluded":0}],"secondary_motifs":[{"db":0,"id":"CTAAGACCTGAMAC","alt":"MEME-6","len":14,"ltrim":0,"rtrim":0,"nsites":2,"evalue":"1.3e+004","pwm":[[0.0152,0.96099,0.00860954,0.0152],[0.0152,0.00860954,0.00860954,0.967581],[0.967581,0.00860954,0.00860954,0.0152],[0.967581,0.00860954,0.00860954,0.0152],[0.0152,0.00860954,0.96099,0.0152],[0.967581,0.00860954,0.00860954,0.0152],[0.0152,0.96099,0.00860954,0.0152],[0.0152,0.96099,0.00860954,0.0152],[0.0152,0.00860954,0.00860954,0.967581],[0.0152,0.00860954,0.96099,0.0152],[0.967581,0.00860954,0.00860954,0.0152],[0.49139,0.4848,0.00860954,0.0152],[0.967581,0.00860954,0.00860954,0.0152],[0.0152,0.96099,0.00860954,0.0152]]},{"db":2,"id":"GATA2_HUMAN.H11MO.1.A","len":11,"ltrim":1,"rtrim":1,"nsites":500,"evalue":"1.0e+000","url":"http://hocomoco.autosome.ru/motif/GATA2_HUMAN.H11MO.1.A","pwm":[[0.349994,0.116013,0.33197,0.202023],[0.164031,0.435949,0.347967,0.0520534],[0.751913,0.0100342,0.00603495,0.232017],[6.38272e-05,0.00203575,0.993837,0.00406303],[0.977868,0.0140334,0.00603495,0.00206343],[0.0160606,0.0400282,0.0480266,0.895885],[0.861891,0.0500262,0.0300302,0.0580522],[0.76991,0.0220318,0.185999,0.0220594],[0.148034,0.239988,0.567923,0.044055],[0.41798,0.174001,0.369962,0.0380562],[0.41798,0.144007,0.273981,0.164031]]},{"db":2,"id":"HMX2_HUMAN.H11MO.0.D","len":11,"ltrim":1,"rtrim":1,"nsites":1221,"evalue":"1.0e+000","url":"http://hocomoco.autosome.ru/motif/HMX2_HUMAN.H11MO.0.D","pwm":[[0.257581,0.160935,0.230545,0.350939],[0.107102,0.0718762,0.0423946,0.778627],[0.0806911,0.0258112,0.0184408,0.875057],[0.854993,0.00165267,0.0802703,0.063084],[0.995031,1.48063e-05,0.00410948,0.000845074],[0.108125,0.0213071,0.309572,0.560996],[0.00493974,0.17281,0.00656628,0.815684],[0.0315551,0.0127083,0.932371,0.0233658],[0.177325,0.213347,0.353385,0.255943],[0.13126,0.183661,0.136981,0.548098],[0.200051,0.18448,0.154998,0.460472]]},{"db":2,"id":"HMX3_HUMAN.H11MO.0.D","len":11,"ltrim":2,"rtrim":0,"nsites":38638,"evalue":"1.0e+000","url":"http://hocomoco.autosome.ru/motif/HMX3_HUMAN.H11MO.0.D","pwm":[[0.227199,0.287553,0.213844,0.271404],[0.224061,0.218315,0.331881,0.225743],[0.0702036,0.0899505,0.0691679,0.770678],[0.0198776,0.0150116,0.0137693,0.951342],[0.958258,0.000576324,0.03769,0.00347538],[0.993191,0.000595735,0.00556492,0.000647856],[0.00212308,0.000880428,0.244448,0.752548],[0.00254365,0.0736907,0.00818539,0.91558],[0.0033395,0.00199332,0.992078,0.00258895],[0.172272,0.387086,0.262675,0.177966],[0.131244,0.228971,0.115224,0.524561]]},{"db":2,"id":"HSF1_HUMAN.H11MO.1.A","len":9,"ltrim":0,"rtrim":1,"nsites":107,"evalue":"1.0e+000","url":"http://hocomoco.autosome.ru/motif/HSF1_HUMAN.H11MO.1.A","pwm":[[0.0563204,0.0935395,0.0935395,0.756601],[0.0563204,0.0748654,0.102877,0.765938],[0.0749946,0.877853,0.018843,0.0283092],[0.0189722,0.018843,0.02818,0.934005],[0.233725,0.018843,0.747134,0.000298039],[0.0376463,0.000168814,0.961887,0.000298039],[0.859308,0.000168814,0.130888,0.00963511],[0.934005,0.000168814,0.0468542,0.0189722],[0.420466,0.112214,0.280281,0.187039]]},{"db":2,"id":"HXA11_HUMAN.H11MO.0.D","len":13,"ltrim":0,"rtrim":3,"nsites":2642,"evalue":"1.0e+000","url":"http://hocomoco.autosome.ru/motif/HXA11_HUMAN.H11MO.0.D","pwm":[[0.263534,0.0682291,0.0500617,0.618176],[0.565471,0.0912222,0.0575368,0.28577],[0.663973,0.132193,0.0617948,0.142039],[0.555536,0.174395,0.101725,0.168344],[0.343678,0.165027,0.217637,0.273658],[0.112423,0.0526165,0.0715409,0.76342],[1.20813e-05,6.84305e-06,0.000763817,0.999217],[1.20813e-05,0.00038533,6.84305e-06,0.999596],[0.299017,6.84305e-06,0.0011423,0.699834],[0.982469,0.00558952,0.0063465,0.00559476],[0.142796,0.304783,0.114026,0.438394],[0.133145,0.130869,0.499515,0.236472],[0.403763,0.136167,0.288698,0.171372]]},{"db":2,"id":"IRF3_HUMAN.H11MO.0.B","len":20,"ltrim":0,"rtrim":0,"nsites":500,"evalue":"1.0e+000","url":"http://hocomoco.autosome.ru/motif/IRF3_HUMAN.H11MO.0.B","pwm":[[0.300004,0.0780206,0.513933,0.108042],[0.603943,0.0440274,0.299976,0.0520534],[0.677928,0.066023,0.213993,0.0420554],[0.71992,0.0740214,0.110014,0.0960446],[0.306003,0.108015,0.455945,0.130038],[0.224019,0.0540254,0.557925,0.164031],[0.202023,0.0540254,0.73189,0.0120614],[0.8199,0.0180326,0.148007,0.014061],[0.815901,0.036029,0.126011,0.0220594],[0.899884,0.016033,0.0300302,0.054053],[0.224019,0.261984,0.445947,0.0680502],[0.292005,0.0880186,0.401956,0.21802],[0.200024,0.00603495,0.783879,0.0100618],[0.673929,0.0240314,0.289978,0.0120614],[0.879888,0.036029,0.0720218,0.0120614],[0.941875,0.00403535,0.0400282,0.014061],[0.0960446,0.313973,0.547927,0.0420554],[0.266011,0.142008,0.273981,0.318],[0.228018,0.122012,0.585919,0.064051],[0.681927,0.0700222,0.178001,0.0700498]]},{"db":2,"id":"ISL2_HUMAN.H11MO.0.D","len":11,"ltrim":2,"rtrim":1,"nsites":16943,"evalue":"1.0e+000","url":"http://hocomoco.autosome.ru/motif/ISL2_HUMAN.H11MO.0.D","pwm":[[0.184295,0.384966,0.140265,0.290474],[0.305008,0.179646,0.348388,0.166958],[0.0756079,0.359735,0.0784401,0.486218],[0.0419216,0.0223258,0.0245096,0.911243],[0.985477,0.000355194,0.0133989,0.000769158],[0.994507,0.000591278,0.00330625,0.00159545],[0.00392679,0.000325683,0.419257,0.57649],[0.00590399,0.00135855,0.175884,0.816854],[0.103554,0.0110675,0.877261,0.00811728],[0.226303,0.511079,0.208419,0.054198],[0.273978,0.198017,0.0816272,0.446378]]},{"db":2,"id":"MSX2_HUMAN.H11MO.0.D","len":7,"ltrim":0,"rtrim":2,"nsites":11,"evalue":"1.0e+000","url":"http://hocomoco.autosome.ru/motif/MSX2_HUMAN.H11MO.0.D","pwm":[[0.00287567,0.00162883,0.0825261,0.912969],[0.912969,0.00162883,0.0825261,0.00287567],[0.902857,0.00162883,0.0926382,0.00287567],[0.00287567,0.00162883,0.00162883,0.993867],[0.195007,0.00162883,0.00162883,0.801736],[0.184894,0.173535,0.355554,0.286016],[0.116637,0.125503,0.287297,0.470563]]},{"db":2,"id":"NFYB_HUMAN.H11MO.0.A","len":13,"ltrim":1,"rtrim":1,"nsites":1148,"evalue":"1.0e+000","url":"http://hocomoco.autosome.ru/motif/NFYB_HUMAN.H11MO.0.A","pwm":[[0.125916,0.462362,0.1606,0.251121],[0.574784,0.039732,0.358951,0.0265331],[0.29603,0.0467799,0.569408,0.0877825],[0.000724176,0.993271,0.00480598,0.00119903],[0.00120882,0.991511,0.0059568,0.00132325],[0.993043,0.00639202,1.57478e-05,0.000549164],[0.988656,0.00817871,0.0030607,0.000104293],[0.00388056,0.00462172,0.00590798,0.98559],[0.0519455,0.571873,0.33487,0.0413118],[0.646176,0.0457558,0.296365,0.0117029],[0.12166,0.169215,0.658028,0.0510967],[0.447781,0.294581,0.202666,0.0549726],[0.311892,0.10643,0.444124,0.137554]]},{"db":2,"id":"NFYC_HUMAN.H11MO.0.A","len":14,"ltrim":2,"rtrim":2,"nsites":426,"evalue":"1.0e+000","url":"http://hocomoco.autosome.ru/motif/NFYC_HUMAN.H11MO.0.A","pwm":[[0.140887,0.337991,0.197179,0.323943],[0.0845621,0.36146,0.190139,0.363839],[0.476489,0.100958,0.333298,0.0892559],[0.316902,0.0681016,0.483497,0.131499],[0.00476865,0.941136,0.0282048,0.0258904],[0.0188498,0.971645,0.00708303,0.00242178],[0.927087,0.025858,0.0094299,0.0376248],[0.905966,0.0399392,0.0469798,0.00711551],[0.0282373,0.0540204,0.0188174,0.898925],[0.126806,0.530434,0.258198,0.0845621],[0.612607,0.0868765,0.274626,0.0258904],[0.173743,0.154936,0.565637,0.105684],[0.448326,0.260545,0.187792,0.103337],[0.356799,0.0845296,0.396663,0.162009]]},{"db":2,"id":"NKX62_HUMAN.H11MO.0.D","len":11,"ltrim":2,"rtrim":2,"nsites":8061,"evalue":"1.0e+000","url":"http://hocomoco.autosome.ru/motif/NKX62_HUMAN.H11MO.0.D","pwm":[[0.306015,0.21901,0.198595,0.27638],[0.347356,0.152321,0.177248,0.323075],[0.187118,0.0451722,0.0555765,0.712133],[0.0185014,0.0233826,0.0124621,0.945654],[0.95088,0.000480687,0.0296715,0.0189678],[0.999757,0.000108929,2.358e-05,0.000110645],[0.00962045,2.358e-05,0.00165423,0.988702],[0.110386,0.0297698,0.369883,0.489961],[0.627162,0.0307856,0.30636,0.0356924],[0.0906497,0.460894,0.294644,0.153812],[0.193958,0.338656,0.256741,0.210646]]},{"db":2,"id":"PRDM1_HUMAN.H11MO.0.A","len":14,"ltrim":0,"rtrim":2,"nsites":500,"evalue":"1.0e+000","url":"http://hocomoco.autosome.ru/motif/PRDM1_HUMAN.H11MO.0.A","pwm":[[0.314001,0.056025,0.567923,0.0620514],[0.607942,0.0820198,0.261984,0.0480542],[0.773909,0.0800202,0.0980166,0.0480542],[0.913881,3.61528e-05,0.0780206,0.00806223],[0.094045,0.076021,0.807875,0.0220594],[0.236017,0.0620238,0.217993,0.483967],[0.0460546,0.00603495,0.947847,6.38272e-05],[0.991865,0.00203575,0.00603495,6.38272e-05],[0.903883,0.00803455,0.0880186,6.38272e-05],[0.985867,3.61528e-05,0.0120338,0.00206343],[0.0460546,0.0420278,0.897857,0.014061],[0.0420554,0.128011,0.158005,0.671929],[0.198024,0.146007,0.459944,0.196025],[0.395985,0.176001,0.265983,0.162031]]},{"db":2,"id":"SIX1_HUMAN.H11MO.0.A","len":14,"ltrim":0,"rtrim":1,"nsites":500,"evalue":"1.0e+000","url":"http://hocomoco.autosome.ru/motif/SIX1_HUMAN.H11MO.0.A","pwm":[[0.196025,0.0180326,0.205995,0.579948],[0.0160606,0.00403535,0.977841,0.00206343],[0.471969,0.0440274,0.0480266,0.435977],[0.901883,0.0480266,0.00203575,0.0480542],[0.991865,0.00403535,0.00203575,0.00206343],[0.0420554,0.493937,0.0480266,0.415981],[0.21802,0.391958,0.046027,0.343995],[0.0880462,0.102016,0.110014,0.699924],[0.104043,0.0140334,0.845867,0.0360566],[0.995865,3.61528e-05,0.00203575,0.00206343],[0.0760486,0.148007,0.305975,0.46997],[0.509962,0.421952,0.0240314,0.044055],[0.084047,0.587919,0.0400282,0.288006],[0.138036,0.395957,0.189998,0.276009]]},{"db":2,"id":"SIX2_HUMAN.H11MO.0.A","len":13,"ltrim":0,"rtrim":0,"nsites":500,"evalue":"1.0e+000","url":"http://hocomoco.autosome.ru/motif/SIX2_HUMAN.H11MO.0.A","pwm":[[0.166031,0.0120338,0.311974,0.509962],[0.0260586,0.00403535,0.951846,0.0180602],[0.591945,0.0400282,0.086019,0.282007],[0.851893,0.0600242,0.0220318,0.0660506],[0.983867,0.0100342,0.00403535,0.00206343],[0.0560526,0.499936,0.0680226,0.375989],[0.224019,0.367963,0.0740214,0.333997],[0.160032,0.136009,0.110014,0.593945],[0.16803,0.026031,0.737889,0.0680502],[0.991865,0.00203575,0.00203575,0.00406303],[0.074049,0.160004,0.439948,0.325999],[0.551953,0.361964,0.0280306,0.0580522],[0.198024,0.53193,0.066023,0.204023]]},{"db":2,"id":"TWST1_HUMAN.H11MO.0.A","len":17,"ltrim":0,"rtrim":0,"nsites":497,"evalue":"1.0e+000","url":"http://hocomoco.autosome.ru/motif/TWST1_HUMAN.H11MO.0.A","pwm":[[0.507004,0.267588,0.154935,0.0704726],[0.0704726,0.869077,0.0281997,0.0322509],[0.92342,0.014118,0.0342347,0.0282276],[0.0101226,0.0825147,0.183098,0.724265],[0.197208,0.702108,0.0805031,0.0201809],[0.00207588,0.00405971,0.00204804,0.991816],[6.42124e-05,0.00808304,0.967649,0.0242042],[0.0262159,0.144876,0.53514,0.293768],[0.291756,0.0744681,0.0865381,0.547238],[0.285721,0.0945848,0.0704447,0.549249],[0.116741,0.267588,0.118725,0.496946],[0.0604142,0.360125,0.0905614,0.488899],[0.434584,0.291728,0.16097,0.112718],[0.784615,0.0563631,0.0885497,0.0704726],[0.0161576,0.0342347,0.0523397,0.897268],[0.0926009,0.18511,0.0342347,0.688055],[0.655868,0.0362464,0.0362464,0.271639]]},{"db":2,"id":"VSX2_HUMAN.H11MO.0.D","len":12,"ltrim":0,"rtrim":2,"nsites":500,"evalue":"1.0e+000","url":"http://hocomoco.autosome.ru/motif/VSX2_HUMAN.H11MO.0.D","pwm":[[0.12004,0.387959,0.0820198,0.409982],[0.014061,0.00403535,0.00403535,0.977868],[0.977868,0.0100342,0.00803455,0.00406303],[0.995865,0.00403535,3.61528e-05,6.38272e-05],[6.38272e-05,3.61528e-05,0.00403535,0.995865],[6.38272e-05,0.00203575,3.61528e-05,0.997864],[0.991865,3.61528e-05,0.00803455,6.38272e-05],[0.014061,0.00803455,0.977841,6.38272e-05],[6.38272e-05,0.993837,0.00203575,0.00406303],[0.0320574,0.361964,0.00203575,0.603943],[0.216021,0.148007,0.160004,0.475969],[0.318,0.339968,0.189998,0.152033]]}],"sequence_names":["chr2:43826650-43827199","chr5:53039550-53040149","chr9:93712750-93713449"],"primaries":[{"motif":{"db":0,"id":"GAWARYWKTRGAAAAACYCTTM","alt":"MEME-3","len":22,"ltrim":0,"rtrim":0,"nsites":6,"evalue":"2.0e-002","pwm":[[0.00523278,0.166899,0.822636,0.00523278],[0.988839,0.00296394,0.00296394,0.00523278],[0.333101,0.00296394,0.00296394,0.660971],[0.824905,0.166899,0.00296394,0.00523278],[0.660971,0.00296394,0.330832,0.00523278],[0.00523278,0.658702,0.00296394,0.333101],[0.660971,0.00296394,0.00296394,0.333101],[0.00523278,0.00296394,0.494767,0.497036],[0.169168,0.166899,0.00296394,0.660971],[0.333101,0.00296394,0.494767,0.169168],[0.00523278,0.166899,0.822636,0.00523278],[0.824905,0.166899,0.00296394,0.00523278],[0.824905,0.00296394,0.166899,0.00523278],[0.988839,0.00296394,0.00296394,0.00523278],[0.988839,0.00296394,0.00296394,0.00523278],[0.824905,0.00296394,0.00296394,0.169168],[0.00523278,0.98657,0.00296394,0.00523278],[0.00523278,0.658702,0.00296394,0.333101],[0.169168,0.822636,0.00296394,0.00523278],[0.00523278,0.166899,0.00296394,0.824905],[0.00523278,0.00296394,0.166899,0.824905],[0.333101,0.658702,0.00296394,0.00523278]]},"secondaries":[[{"idx":11,"counts":[[0,0,0,0,0,0,0,0,0,0,0,0,0,0,0,0,0,0,0,0,0,0,0,0,0,0,0,0,0,0,0,0,0,0,0,0,0,0,0,0,0,0,0,0,0,0,0,0,0,0,0,0,0,0,0,0,0,0,0,0,0,0,0,0,0,0,0,0,0,0,0,0,0,0,0,0,0,0,0,0,0,0,0,1,0,0,0,0,0,0,0,0,0,0,0,0,0,0,0,0,0,0,0,0,0,0,0,0,0,0,0,0,0,0,0,2,0,0,0,0,0,0,0,0,0,0,0,0,0,0,0,0,0,0,0,0,0,0,0,0,0,0,0,0,0],[0,0,0,0,0,0,0,0,0,0,0,0,0,0,0,0,0,0,0,0,0,0,0,0,0,0,0,0,0,0,0,0,0,0,0,0,0,0,0,0,0,0,0,0,0,0,0,0,0,0,0,0,0,0,0,0,0,0,0,0,0,0,0,0,0,0,0,0,0,0,0,0,0,0,0,0,0,0,0,0,0,0,0,0,0,0,0,0,0,0,0,0,0,0,0,0,0,0,0,0,0,0,0,0,0,0,0,0,0,0,0,0,0,0,0,0,0,0,0,0,0,0,0,0,0,0,0,0,0,0,0,0,0,0,0,0,0,0,0,0,0,0,0,0,0],[0,0,0,0,0,0,0,0,0,0,0,0,0,0,0,0,0,0,0,0,0,0,0,0,0,0,0,0,0,0,0,0,0,0,0,0,0,0,0,0,0,0,0,0,0,0,0,0,0,0,0,0,0,0,0,0,0,0,0,0,0,0,0,0,0,0,0,0,0,0,0,0,0,0,0,0,0,0,0,0,0,0,0,0,0,0,0,0,0,0,0,0,0,0,0,0,0,0,0,0,0,0,0,0,0,0,0,0,0,0,0,0,0,0,0,1,0,0,0,0,0,0,0,0,0,0,0,0,0,0,0,0,0,0,0,0,0,0,0,0,0,0,0,0,0],[0,0,0,0,0,0,0,0,0,0,0,0,0,0,0,0,0,0,0,0,0,0,0,0,0,0,0,0,0,0,0,0,0,0,0,0,0,0,0,0,0,0,0,0,0,0,0,0,0,0,0,0,0,0,0,0,0,0,0,0,0,0,0,0,0,0,0,0,0,0,0,0,0,0,0,0,0,0,0,0,0,1,0,0,0,0,0,0,0,0,0,0,0,0,0,0,0,0,0,0,0,0,0,0,0,0,0,0,0,0,0,0,0,0,0,0,0,0,0,0,0,0,0,0,0,0,0,0,0,0,0,0,0,0,0,0,0,0,0,0,0,0,0,0,0]],"spacings":[{"orient":4,"bin":115,"pvalue":4.16445e-07,"inferred_pwm":[[0.666667,0,0,0.333333],[0,0,0,1],[1,0,0,0],[1,0,0,0],[0,0,0,1],[0,0,0,1],[0.333333,0,0.666667,0]],"alignment_pwm":[[[0.5,0,0,0.5],[0,0,1,0],[0.5,0,0.5,0],[0,0,0,1],[0,0,1,0],[0,1,0,0],[0,0,0,1],[0,0,1,0],[0.5,0,0.5,0],[0,0.5,0.5,0],[1,0,0,0],[0,0,0,1],[1,0,0,0],[1,0,0,0],[0,0,0,1],[0,0,0,1],[0,0,1,0],[0,0,1,0],[0,1,0,0],[0,0,0,1],[1,0,0,0],[0,0,1,0],[0,0.5,0,0.5],[0,1,0,0],[1,0,0,0],[0,1,0,0],[1,0,0,0],[0,0.5,0,0.5],[0.5,0,0.5,0],[0,0,0,1],[1,0,0,0],[0,0,1,0],[0,0,1,0],[1,0,0,0],[0,0,1,0],[1,0,0,0],[1,0,0,0],[0,0,0,1],[0,0,1,0],[1,0,0,0],[1,0,0,0],[1,0,0,0],[0,1,0,0],[0,0,0,1],[0,0,1,0],[0.5,0,0.5,0],[1,0,0,0],[0,0,0,1],[0,1,0,0],[0,1,0,0],[0,0,0,1],[0,1,0,0],[1,0,0,0],[0,0,0,1],[0,1,0,0],[0,0,0,1],[0,1,0,0],[0,0,0,1],[0,0.5,0,0.5],[1,0,0,0],[0,0.5,0,0.5],[0,0.5,0,0.5],[0,0,0,1],[0,0,0,1],[1,0,0,0],[0,0,0,1],[1,0,0,0],[0,0.5,0,0.5],[1,0,0,0],[1,0,0,0],[1,0,0,0],[1,0,0,0],[1,0,0,0],[0,0,0,1],[0,1,0,0],[1,0,0,0],[0.5,0.5,0,0],[0,1,0,0],[0,0,0,1],[0,1,0,0],[1,0,0,0],[1,0,0,0],[0,0,1,0],[1,0,0,0],[0,0,0,1],[0,0,1,0],[0,0,1,0],[0.5,0,0.5,0],[0,0,0,1],[0,0,0,1],[1,0,0,0],[1,0,0,0],[0,0,1,0],[0,0,1,0],[1,0,0,0],[0,0.5,0,0.5],[0,0,0,1],[0,0,0,1],[1,0,0,0],[1,0,0,0],[1,0,0,0],[0,0.5,0,0.5],[0,1,0,0],[0,0,0,1],[0.5,0,0,0.5],[1,0,0,0],[0,0,1,0],[1,0,0,0],[0,0.5,0,0.5],[0,1,0,0],[0,0,0,1],[0,0,1,0],[1,0,0,0],[0.5,0.5,0,0],[1,0,0,0],[0,1,0,0],[0,0,0,1],[0,0.5,0.5,0],[0,0,0,1],[1,0,0,0],[1,0,0,0],[1,0,0,0],[1,0,0,0],[1,0,0,0],[0,0.5,0,0.5],[0,0,0,1],[0,1,0,0],[0,0,0,1],[1,0,0,0],[0,0,1,0],[1,0,0,0],[1,0,0,0],[0,0,1,0],[1,0,0,0],[0,0,0,1],[1,0,0,0],[1,0,0,0],[0,1,0,0],[1,0,0,0],[0,0,0,1],[0,0,0,1],[0,0,1,0],[0,0,1,0],[1,0,0,0],[1,0,0,0],[1,0,0,0],[1,0,0,0],[1,0,0,0],[0,1,0,0],[0,1,0,0],[0,1,0,0],[0,0,0,1],[0,0,0.5,0.5],[0.5,0.5,0,0],[0,0.5,0,0.5],[0.5,0,0.5,0],[0,0,0.5,0.5],[0.5,0,0,0.5],[0,0.5,0.5,0],[0.5,0,0.5,0],[0,0.5,0,0.5],[0,0.5,0,0.5],[0,0,0.5,0.5],[0.5,0,0.5,0],[0,0.5,0.5,0],[0,0,0.5,0.5],[0,0.5,0,0.5],[1,0,0,0],[0.5,0,0.5,0],[0,0,1,0],[0,0.5,0.5,0],[1,0,0,0],[0.5,0,0,0.5],[0,0,0.5,0.5],[0,0,0.5,0.5],[0.5,0.5,0,0],[0.5,0,0,0.5],[0,0,0,1],[0,0,0.5,0.5],[0.5,0.5,0,0],[0.5,0.5,0,0],[0,0.5,0,0.5],[0.5,0,0.5,0],[1,0,0,0],[0,0.5,0.5,0],[0.5,0.5,0,0],[1,0,0,0],[0.5,0.5,0,0],[0,0,0.5,0.5],[0.5,0.5,0,0],[0.5,0,0.5,0],[0.5,0.5,0,0],[0.5,0.5,0,0],[0.5,0.5,0,0],[0.5,0,0.5,0],[0.5,0.5,0,0],[1,0,0,0],[1,0,0,0],[0.5,0,0.5,0],[0,0.5,0,0.5],[1,0,0,0],[0.5,0.5,0,0],[1,0,0,0],[0.5,0,0,0.5],[0,0,0.5,0.5],[0.5,0.5,0,0],[1,0,0,0],[1,0,0,0],[0.5,0,0,0.5],[1,0,0,0],[0.5,0.5,0,0],[1,0,0,0],[0.5,0,0.5,0],[1,0,0,0],[0,0.5,0.5,0],[1,0,0,0],[0.5,0,0,0.5],[1,0,0,0],[0.5,0,0.5,0],[1,0,0,0],[0,0,0,1],[1,0,0,0],[0.5,0,0.5,0],[0.5,0,0,0.5],[0,0,0,1],[0.5,0,0.5,0],[0,0,1,0],[0,0.5,0.5,0],[0.5,0,0,0.5],[0,0.5,0.5,0],[0,0,0.5,0.5],[0,0,0.5,0.5],[1,0,0,0],[0,0.5,0.5,0],[0,0.5,0,0.5],[0,0,0,1],[1,0,0,0],[1,0,0,0],[0.5,0,0,0.5],[0,0,0.5,0.5],[0.5,0,0,0.5],[1,0,0,0],[1,0,0,0],[0.5,0.5,0,0],[0,0,0.5,0.5],[1,0,0,0],[0.5,0,0.5,0],[0,0.5,0.5,0],[0,0,0.5,0.5],[0.5,0,0,0.5],[0,0,0.5,0.5],[0,0,0,1],[0,0,0.5,0.5],[0,0.5,0,0.5],[0.5,0,0,0.5],[0,0.5,0.5,0],[0,0.5,0.5,0],[0.5,0,0.5,0],[0,1,0,0],[0.5,0,0.5,0],[0.5,0,0.5,0],[0.5,0.5,0,0],[0.5,0,0.5,0],[1,0,0,0],[1,0,0,0],[0,0.5,0.5,0],[0.5,0,0.5,0],[0,0,1,0],[0.5,0,0,0.5],[0.5,0.5,0,0],[0.5,0.5,0,0],[0.5,0,0.5,0],[0,0.5,0.5,0],[0.5,0,0,0.5],[0,0.5,0.5,0],[1,0,0,0],[0,0,1,0],[0,0.5,0,0.5],[1,0,0,0],[0.5,0,0.5,0],[1,0,0,0],[0,0.5,0.5,0],[0.5,0,0,0.5],[0.5,0,0.5,0],[0.5,0,0.5,0],[0.5,0,0,0.5]],null,[[0,1,0,0],[0,0,0,1],[0,0,1,0],[1,0,0,0],[0,1,0,0],[0,0,0,1],[0,0,0,1],[0,0,0,1],[0,0,0,1],[0,1,0,0],[0,0,0,1],[1,0,0,0],[1,0,0,0],[0,0,0,1],[0,0,0,1],[1,0,0,0],[1,0,0,0],[0,0,0,1],[1,0,0,0],[0,0,0,1],[0,0,1,0],[0,0,1,0],[0,0,1,0],[0,0,1,0],[1,0,0,0],[1,0,0,0],[0,0,1,0],[0,0,1,0],[0,0,1,0],[0,1,0,0],[0,0,0,1],[0,0,0,1],[0,1,0,0],[0,1,0,0],[0,1,0,0],[0,1,0,0],[1,0,0,0],[0,0,1,0],[0,0,1,0],[0,0,1,0],[1,0,0,0],[1,0,0,0],[0,0,0,1],[0,0,0,1],[0,0,0,1],[0,0,0,1],[0,0,1,0],[0,0,0,1],[0,0,0,1],[0,0,0,1],[0,1,0,0],[0,0,0,1],[0,0,1,0],[1,0,0,0],[0,0,0,1],[0,0,0,1],[0,0,1,0],[0,0,0,1],[0,0,0,1],[0,0,1,0],[1,0,0,0],[0,0,1,0],[1,0,0,0],[0,0,1,0],[1,0,0,0],[0,1,0,0],[1,0,0,0],[0,0,1,0],[0,0,0,1],[1,0,0,0],[0,0,1,0],[1,0,0,0],[1,0,0,0],[0,0,0,1],[0,0,0,1],[0,1,0,0],[0,0,0,1],[0,0,0,1],[0,0,1,0],[1,0,0,0],[0,1,0,0],[0,0,0,1],[1,0,0,0],[1,0,0,0],[0,1,0,0],[1,0,0,0],[0,0,1,0],[0,0,0,1],[0,0,1,0],[0,0,1,0],[0,1,0,0],[0,0,0,1],[0,0,0,1],[0,1,0,0],[0,0,1,0],[0,0,0,1],[0,0,1,0],[0,0,0,1],[0,0,0,1],[0,0,0,1],[0,0,0,1],[0,1,0,0],[1,0,0,0],[0,1,0,0],[0,0,0,1],[0,1,0,0],[1,0,0,0],[1,0,0,0],[0,0,0,1],[0,0,1,0],[0,0,0,1],[0,0,0,1],[0,0,0,1],[0,0,0,1],[0,1,0,0],[0,0,0,1],[0,0,1,0],[0,1,0,0],[0,1,0,0],[0,0,0,1],[0,0,0,1],[0,1,0,0],[0,0,0,1],[0,0,0,1],[0,0,1,0],[0,1,0,0],[0,1,0,0],[0,0,0,1],[0,1,0,0],[1,0,0,0],[0,1,0,0],[1,0,0,0],[0,0,1,0],[1,0,0,0],[0,0,0,1],[1,0,0,0],[1,0,0,0],[0,0,0,1],[0,0,0,1],[0,0,1,0],[1,0,0,0],[1,0,0,0],[0,0,1,0],[1,0,0,0],[1,0,0,0],[1,0,0,0],[1,0,0,0],[0,0,0,1],[0,1,0,0],[0,1,0,0],[0,1,0,0],[0,0,0,1],[0,0,0,1],[1,0,0,0],[1,0,0,0],[0,0,1,0],[0,0,0,1],[1,0,0,0],[1,0,0,0],[1,0,0,0],[0,1,0,0],[1,0,0,0],[0,1,0,0],[1,0,0,0],[0,0,1,0],[0,1,0,0],[1,0,0,0],[0,0,1,0],[0,0,1,0],[1,0,0,0],[1,0,0,0],[0,0,1,0],[0,1,0,0],[0,0,0,1],[0,0,0,1],[0,1,0,0],[1,0,0,0],[0,0,0,1],[0,1,0,0],[0,1,0,0],[0,0,0,1],[1,0,0,0],[1,0,0,0],[0,1,0,0],[0,1,0,0],[1,0,0,0],[0,0,0,1],[0,0,0,1],[0,0,1,0],[0,0,0,1],[0,1,0,0],[1,0,0,0],[0,1,0,0],[0,0,1,0],[1,0,0,0],[0,0,1,0],[1,0,0,0],[0,1,0,0],[0,0,0,1],[1,0,0,0],[0,0,0,1],[0,0,0,1],[0,0,0,1],[0,0,0,1],[0,0,0,1],[0,0,0,1],[0,1,0,0],[0,1,0,0],[0,0,0,1],[1,0,0,0],[1,0,0,0],[0,0,0,1],[1,0,0,0],[0,0,1,0],[1,0,0,0],[0,1,0,0],[1,0,0,0],[0,0,0,1],[0,1,0,0],[1,0,0,0],[1,0,0,0],[0,1,0,0],[1,0,0,0],[0,0,0,1],[0,0,0,1],[0,0,0,1],[1,0,0,0],[0,0,0,1],[0,0,0,1],[0,0,0,1],[0,0,0,1],[0,0,0,1],[0,0,1,0],[0,0,0,1],[0,0,0,1],[1,0,0,0],[0,0,0,1],[0,0,0,1],[0,1,0,0],[0,0,0,1],[0,0,0,1],[1,0,0,0],[0,0,0,1],[0,0,0,1],[0,0,1,0],[0,0,1,0],[0,1,0,0],[0,1,0,0],[0,0,0,1],[0,0,0,1],[1,0,0,0],[0,0,0,1],[0,0,0,1],[0,0,0,1],[1,0,0,0],[0,0,0,1],[0,0,0,1],[0,0,1,0],[1,0,0,0],[0,1,0,0],[1,0,0,0],[0,1,0,0],[0,1,0,0],[1,0,0,0],[1,0,0,0],[0,0,0,1],[0,0,0,1],[0,0,1,0],[0,0,0,1],[0,0,1,0],[0,0,0,1],[0,1,0,0],[0,0,0,1],[0,1,0,0],[0,0,0,1],[0,0,0,1],[0,0,0,1],[0,1,0,0],[0,0,0,1],[1,0,0,0],[1,0,0,0],[0,0,1,0],[0,0,1,0],[1,0,0,0],[0,0,0,1],[0,0,0,1]],null],"seqs":[0,1,2]},{"orient":8,"bin":115,"pvalue":3.31419e-06,"inferred_pwm":[[0.666667,0,0,0.333333],[0,0,0,1],[1,0,0,0],[1,0,0,0],[0,0,0,1],[0,0,0,1],[0.333333,0,0.666667,0]],"alignment_pwm":[[[0.5,0,0,0.5],[0,0,1,0],[0.5,0,0.5,0],[0,0,0,1],[0,0,1,0],[0,1,0,0],[0,0,0,1],[0,0,1,0],[0.5,0,0.5,0],[0,0.5,0.5,0],[1,0,0,0],[0,0,0,1],[1,0,0,0],[1,0,0,0],[0,0,0,1],[0,0,0,1],[0,0,1,0],[0,0,1,0],[0,1,0,0],[0,0,0,1],[1,0,0,0],[0,0,1,0],[0,0.5,0,0.5],[0,1,0,0],[1,0,0,0],[0,1,0,0],[1,0,0,0],[0,0.5,0,0.5],[0.5,0,0.5,0],[0,0,0,1],[1,0,0,0],[0,0,1,0],[0,0,1,0],[1,0,0,0],[0,0,1,0],[1,0,0,0],[1,0,0,0],[0,0,0,1],[0,0,1,0],[1,0,0,0],[1,0,0,0],[1,0,0,0],[0,1,0,0],[0,0,0,1],[0,0,1,0],[0.5,0,0.5,0],[1,0,0,0],[0,0,0,1],[0,1,0,0],[0,1,0,0],[0,0,0,1],[0,1,0,0],[1,0,0,0],[0,0,0,1],[0,1,0,0],[0,0,0,1],[0,1,0,0],[0,0,0,1],[0,0.5,0,0.5],[1,0,0,0],[0,0.5,0,0.5],[0,0.5,0,0.5],[0,0,0,1],[0,0,0,1],[1,0,0,0],[0,0,0,1],[1,0,0,0],[0,0.5,0,0.5],[1,0,0,0],[1,0,0,0],[1,0,0,0],[1,0,0,0],[1,0,0,0],[0,0,0,1],[0,1,0,0],[1,0,0,0],[0.5,0.5,0,0],[0,1,0,0],[0,0,0,1],[0,1,0,0],[1,0,0,0],[1,0,0,0],[0,0,1,0],[1,0,0,0],[0,0,0,1],[0,0,1,0],[0,0,1,0],[0.5,0,0.5,0],[0,0,0,1],[0,0,0,1],[1,0,0,0],[1,0,0,0],[0,0,1,0],[0,0,1,0],[1,0,0,0],[0,0.5,0,0.5],[0,0,0,1],[0,0,0,1],[1,0,0,0],[1,0,0,0],[1,0,0,0],[0,0.5,0,0.5],[0,1,0,0],[0,0,0,1],[0.5,0,0,0.5],[1,0,0,0],[0,0,1,0],[1,0,0,0],[0,0.5,0,0.5],[0,1,0,0],[0,0,0,1],[0,0,1,0],[1,0,0,0],[0.5,0.5,0,0],[1,0,0,0],[0,1,0,0],[0,0,0,1],[0,0.5,0.5,0],[0,0,0,1],[1,0,0,0],[1,0,0,0],[1,0,0,0],[1,0,0,0],[1,0,0,0],[0,0.5,0,0.5],[0,0,0,1],[0,1,0,0],[0,0,0,1],[1,0,0,0],[0,0,1,0],[1,0,0,0],[1,0,0,0],[0,0,1,0],[1,0,0,0],[0,0,0,1],[1,0,0,0],[1,0,0,0],[0,1,0,0],[1,0,0,0],[0,0,0,1],[0,0,0,1],[0,0,1,0],[0,0,1,0],[1,0,0,0],[1,0,0,0],[1,0,0,0],[1,0,0,0],[1,0,0,0],[0,1,0,0],[0,1,0,0],[0,1,0,0],[0,0,0,1],[0,0,0.5,0.5],[0.5,0.5,0,0],[0,0.5,0,0.5],[0.5,0,0.5,0],[0,0,0.5,0.5],[0.5,0,0,0.5],[0,0.5,0.5,0],[0.5,0,0.5,0],[0,0.5,0,0.5],[0,0.5,0,0.5],[0,0,0.5,0.5],[0.5,0,0.5,0],[0,0.5,0.5,0],[0,0,0.5,0.5],[0,0.5,0,0.5],[1,0,0,0],[0.5,0,0.5,0],[0,0,1,0],[0,0.5,0.5,0],[1,0,0,0],[0.5,0,0,0.5],[0,0,0.5,0.5],[0,0,0.5,0.5],[0.5,0.5,0,0],[0.5,0,0,0.5],[0,0,0,1],[0,0,0.5,0.5],[0.5,0.5,0,0],[0.5,0.5,0,0],[0,0.5,0,0.5],[0.5,0,0.5,0],[1,0,0,0],[0,0.5,0.5,0],[0.5,0.5,0,0],[1,0,0,0],[0.5,0.5,0,0],[0,0,0.5,0.5],[0.5,0.5,0,0],[0.5,0,0.5,0],[0.5,0.5,0,0],[0.5,0.5,0,0],[0.5,0.5,0,0],[0.5,0,0.5,0],[0.5,0.5,0,0],[1,0,0,0],[1,0,0,0],[0.5,0,0.5,0],[0,0.5,0,0.5],[1,0,0,0],[0.5,0.5,0,0],[1,0,0,0],[0.5,0,0,0.5],[0,0,0.5,0.5],[0.5,0.5,0,0],[1,0,0,0],[1,0,0,0],[0.5,0,0,0.5],[1,0,0,0],[0.5,0.5,0,0],[1,0,0,0],[0.5,0,0.5,0],[1,0,0,0],[0,0.5,0.5,0],[1,0,0,0],[0.5,0,0,0.5],[1,0,0,0],[0.5,0,0.5,0],[1,0,0,0],[0,0,0,1],[1,0,0,0],[0.5,0,0.5,0],[0.5,0,0,0.5],[0,0,0,1],[0.5,0,0.5,0],[0,0,1,0],[0,0.5,0.5,0],[0.5,0,0,0.5],[0,0.5,0.5,0],[0,0,0.5,0.5],[0,0,0.5,0.5],[1,0,0,0],[0,0.5,0.5,0],[0,0.5,0,0.5],[0,0,0,1],[1,0,0,0],[1,0,0,0],[0.5,0,0,0.5],[0,0,0.5,0.5],[0.5,0,0,0.5],[1,0,0,0],[1,0,0,0],[0.5,0.5,0,0],[0,0,0.5,0.5],[1,0,0,0],[0.5,0,0.5,0],[0,0.5,0.5,0],[0,0,0.5,0.5],[0.5,0,0,0.5],[0,0,0.5,0.5],[0,0,0,1],[0,0,0.5,0.5],[0,0.5,0,0.5],[0.5,0,0,0.5],[0,0.5,0.5,0],[0,0.5,0.5,0],[0.5,0,0.5,0],[0,1,0,0],[0.5,0,0.5,0],[0.5,0,0.5,0],[0.5,0.5,0,0],[0.5,0,0.5,0],[1,0,0,0],[1,0,0,0],[0,0.5,0.5,0],[0.5,0,0.5,0],[0,0,1,0],[0.5,0,0,0.5],[0.5,0.5,0,0],[0.5,0.5,0,0],[0.5,0,0.5,0],[0,0.5,0.5,0],[0.5,0,0,0.5],[0,0.5,0.5,0],[1,0,0,0],[0,0,1,0],[0,0.5,0,0.5],[1,0,0,0],[0.5,0,0.5,0],[1,0,0,0],[0,0.5,0.5,0],[0.5,0,0,0.5],[0.5,0,0.5,0],[0.5,0,0.5,0],[0.5,0,0,0.5]],null,[[0,1,0,0],[0,0,0,1],[0,0,1,0],[1,0,0,0],[0,1,0,0],[0,0,0,1],[0,0,0,1],[0,0,0,1],[0,0,0,1],[0,1,0,0],[0,0,0,1],[1,0,0,0],[1,0,0,0],[0,0,0,1],[0,0,0,1],[1,0,0,0],[1,0,0,0],[0,0,0,1],[1,0,0,0],[0,0,0,1],[0,0,1,0],[0,0,1,0],[0,0,1,0],[0,0,1,0],[1,0,0,0],[1,0,0,0],[0,0,1,0],[0,0,1,0],[0,0,1,0],[0,1,0,0],[0,0,0,1],[0,0,0,1],[0,1,0,0],[0,1,0,0],[0,1,0,0],[0,1,0,0],[1,0,0,0],[0,0,1,0],[0,0,1,0],[0,0,1,0],[1,0,0,0],[1,0,0,0],[0,0,0,1],[0,0,0,1],[0,0,0,1],[0,0,0,1],[0,0,1,0],[0,0,0,1],[0,0,0,1],[0,0,0,1],[0,1,0,0],[0,0,0,1],[0,0,1,0],[1,0,0,0],[0,0,0,1],[0,0,0,1],[0,0,1,0],[0,0,0,1],[0,0,0,1],[0,0,1,0],[1,0,0,0],[0,0,1,0],[1,0,0,0],[0,0,1,0],[1,0,0,0],[0,1,0,0],[1,0,0,0],[0,0,1,0],[0,0,0,1],[1,0,0,0],[0,0,1,0],[1,0,0,0],[1,0,0,0],[0,0,0,1],[0,0,0,1],[0,1,0,0],[0,0,0,1],[0,0,0,1],[0,0,1,0],[1,0,0,0],[0,1,0,0],[0,0,0,1],[1,0,0,0],[1,0,0,0],[0,1,0,0],[1,0,0,0],[0,0,1,0],[0,0,0,1],[0,0,1,0],[0,0,1,0],[0,1,0,0],[0,0,0,1],[0,0,0,1],[0,1,0,0],[0,0,1,0],[0,0,0,1],[0,0,1,0],[0,0,0,1],[0,0,0,1],[0,0,0,1],[0,0,0,1],[0,1,0,0],[1,0,0,0],[0,1,0,0],[0,0,0,1],[0,1,0,0],[1,0,0,0],[1,0,0,0],[0,0,0,1],[0,0,1,0],[0,0,0,1],[0,0,0,1],[0,0,0,1],[0,0,0,1],[0,1,0,0],[0,0,0,1],[0,0,1,0],[0,1,0,0],[0,1,0,0],[0,0,0,1],[0,0,0,1],[0,1,0,0],[0,0,0,1],[0,0,0,1],[0,0,1,0],[0,1,0,0],[0,1,0,0],[0,0,0,1],[0,1,0,0],[1,0,0,0],[0,1,0,0],[1,0,0,0],[0,0,1,0],[1,0,0,0],[0,0,0,1],[1,0,0,0],[1,0,0,0],[0,0,0,1],[0,0,0,1],[0,0,1,0],[1,0,0,0],[1,0,0,0],[0,0,1,0],[1,0,0,0],[1,0,0,0],[1,0,0,0],[1,0,0,0],[0,0,0,1],[0,1,0,0],[0,1,0,0],[0,1,0,0],[0,0,0,1],[0,0,0,1],[1,0,0,0],[1,0,0,0],[0,0,1,0],[0,0,0,1],[1,0,0,0],[1,0,0,0],[1,0,0,0],[0,1,0,0],[1,0,0,0],[0,1,0,0],[1,0,0,0],[0,0,1,0],[0,1,0,0],[1,0,0,0],[0,0,1,0],[0,0,1,0],[1,0,0,0],[1,0,0,0],[0,0,1,0],[0,1,0,0],[0,0,0,1],[0,0,0,1],[0,1,0,0],[1,0,0,0],[0,0,0,1],[0,1,0,0],[0,1,0,0],[0,0,0,1],[1,0,0,0],[1,0,0,0],[0,1,0,0],[0,1,0,0],[1,0,0,0],[0,0,0,1],[0,0,0,1],[0,0,1,0],[0,0,0,1],[0,1,0,0],[1,0,0,0],[0,1,0,0],[0,0,1,0],[1,0,0,0],[0,0,1,0],[1,0,0,0],[0,1,0,0],[0,0,0,1],[1,0,0,0],[0,0,0,1],[0,0,0,1],[0,0,0,1],[0,0,0,1],[0,0,0,1],[0,0,0,1],[0,1,0,0],[0,1,0,0],[0,0,0,1],[1,0,0,0],[1,0,0,0],[0,0,0,1],[1,0,0,0],[0,0,1,0],[1,0,0,0],[0,1,0,0],[1,0,0,0],[0,0,0,1],[0,1,0,0],[1,0,0,0],[1,0,0,0],[0,1,0,0],[1,0,0,0],[0,0,0,1],[0,0,0,1],[0,0,0,1],[1,0,0,0],[0,0,0,1],[0,0,0,1],[0,0,0,1],[0,0,0,1],[0,0,0,1],[0,0,1,0],[0,0,0,1],[0,0,0,1],[1,0,0,0],[0,0,0,1],[0,0,0,1],[0,1,0,0],[0,0,0,1],[0,0,0,1],[1,0,0,0],[0,0,0,1],[0,0,0,1],[0,0,1,0],[0,0,1,0],[0,1,0,0],[0,1,0,0],[0,0,0,1],[0,0,0,1],[1,0,0,0],[0,0,0,1],[0,0,0,1],[0,0,0,1],[1,0,0,0],[0,0,0,1],[0,0,0,1],[0,0,1,0],[1,0,0,0],[0,1,0,0],[1,0,0,0],[0,1,0,0],[0,1,0,0],[1,0,0,0],[1,0,0,0],[0,0,0,1],[0,0,0,1],[0,0,1,0],[0,0,0,1],[0,0,1,0],[0,0,0,1],[0,1,0,0],[0,0,0,1],[0,1,0,0],[0,0,0,1],[0,0,0,1],[0,0,0,1],[0,1,0,0],[0,0,0,1],[1,0,0,0],[1,0,0,0],[0,0,1,0],[0,0,1,0],[1,0,0,0],[0,0,0,1],[0,0,0,1]],null],"seqs":[0,1,2]},{"orient":0,"bin":115,"pvalue":3.00363e-05,"inferred_pwm":[[1,0,0,0],[0,0,0,1],[1,0,0,0],[1,0,0,0],[0,0,0,1],[0,0,0,1],[0,0,1,0]],"alignment_pwm":[[[0.5,0,0,0.5],[0,0,1,0],[0.5,0,0.5,0],[0,0,0,1],[0,0,1,0],[0,1,0,0],[0,0,0,1],[0,0,1,0],[0.5,0,0.5,0],[0,0.5,0.5,0],[1,0,0,0],[0,0,0,1],[1,0,0,0],[1,0,0,0],[0,0,0,1],[0,0,0,1],[0,0,1,0],[0,0,1,0],[0,1,0,0],[0,0,0,1],[1,0,0,0],[0,0,1,0],[0,0.5,0,0.5],[0,1,0,0],[1,0,0,0],[0,1,0,0],[1,0,0,0],[0,0.5,0,0.5],[0.5,0,0.5,0],[0,0,0,1],[1,0,0,0],[0,0,1,0],[0,0,1,0],[1,0,0,0],[0,0,1,0],[1,0,0,0],[1,0,0,0],[0,0,0,1],[0,0,1,0],[1,0,0,0],[1,0,0,0],[1,0,0,0],[0,1,0,0],[0,0,0,1],[0,0,1,0],[0.5,0,0.5,0],[1,0,0,0],[0,0,0,1],[0,1,0,0],[0,1,0,0],[0,0,0,1],[0,1,0,0],[1,0,0,0],[0,0,0,1],[0,1,0,0],[0,0,0,1],[0,1,0,0],[0,0,0,1],[0,0.5,0,0.5],[1,0,0,0],[0,0.5,0,0.5],[0,0.5,0,0.5],[0,0,0,1],[0,0,0,1],[1,0,0,0],[0,0,0,1],[1,0,0,0],[0,0.5,0,0.5],[1,0,0,0],[1,0,0,0],[1,0,0,0],[1,0,0,0],[1,0,0,0],[0,0,0,1],[0,1,0,0],[1,0,0,0],[0.5,0.5,0,0],[0,1,0,0],[0,0,0,1],[0,1,0,0],[1,0,0,0],[1,0,0,0],[0,0,1,0],[1,0,0,0],[0,0,0,1],[0,0,1,0],[0,0,1,0],[0.5,0,0.5,0],[0,0,0,1],[0,0,0,1],[1,0,0,0],[1,0,0,0],[0,0,1,0],[0,0,1,0],[1,0,0,0],[0,0.5,0,0.5],[0,0,0,1],[0,0,0,1],[1,0,0,0],[1,0,0,0],[1,0,0,0],[0,0.5,0,0.5],[0,1,0,0],[0,0,0,1],[0.5,0,0,0.5],[1,0,0,0],[0,0,1,0],[1,0,0,0],[0,0.5,0,0.5],[0,1,0,0],[0,0,0,1],[0,0,1,0],[1,0,0,0],[0.5,0.5,0,0],[1,0,0,0],[0,1,0,0],[0,0,0,1],[0,0.5,0.5,0],[0,0,0,1],[1,0,0,0],[1,0,0,0],[1,0,0,0],[1,0,0,0],[1,0,0,0],[0,0.5,0,0.5],[0,0,0,1],[0,1,0,0],[0,0,0,1],[1,0,0,0],[0,0,1,0],[1,0,0,0],[1,0,0,0],[0,0,1,0],[1,0,0,0],[0,0,0,1],[1,0,0,0],[1,0,0,0],[0,1,0,0],[1,0,0,0],[0,0,0,1],[0,0,0,1],[0,0,1,0],[0,0,1,0],[1,0,0,0],[1,0,0,0],[1,0,0,0],[1,0,0,0],[1,0,0,0],[0,1,0,0],[0,1,0,0],[0,1,0,0],[0,0,0,1],[0,0,0.5,0.5],[0.5,0.5,0,0],[0,0.5,0,0.5],[0.5,0,0.5,0],[0,0,0.5,0.5],[0.5,0,0,0.5],[0,0.5,0.5,0],[0.5,0,0.5,0],[0,0.5,0,0.5],[0,0.5,0,0.5],[0,0,0.5,0.5],[0.5,0,0.5,0],[0,0.5,0.5,0],[0,0,0.5,0.5],[0,0.5,0,0.5],[1,0,0,0],[0.5,0,0.5,0],[0,0,1,0],[0,0.5,0.5,0],[1,0,0,0],[0.5,0,0,0.5],[0,0,0.5,0.5],[0,0,0.5,0.5],[0.5,0.5,0,0],[0.5,0,0,0.5],[0,0,0,1],[0,0,0.5,0.5],[0.5,0.5,0,0],[0.5,0.5,0,0],[0,0.5,0,0.5],[0.5,0,0.5,0],[1,0,0,0],[0,0.5,0.5,0],[0.5,0.5,0,0],[1,0,0,0],[0.5,0.5,0,0],[0,0,0.5,0.5],[0.5,0.5,0,0],[0.5,0,0.5,0],[0.5,0.5,0,0],[0.5,0.5,0,0],[0.5,0.5,0,0],[0.5,0,0.5,0],[0.5,0.5,0,0],[1,0,0,0],[1,0,0,0],[0.5,0,0.5,0],[0,0.5,0,0.5],[1,0,0,0],[0.5,0.5,0,0],[1,0,0,0],[0.5,0,0,0.5],[0,0,0.5,0.5],[0.5,0.5,0,0],[1,0,0,0],[1,0,0,0],[0.5,0,0,0.5],[1,0,0,0],[0.5,0.5,0,0],[1,0,0,0],[0.5,0,0.5,0],[1,0,0,0],[0,0.5,0.5,0],[1,0,0,0],[0.5,0,0,0.5],[1,0,0,0],[0.5,0,0.5,0],[1,0,0,0],[0,0,0,1],[1,0,0,0],[0.5,0,0.5,0],[0.5,0,0,0.5],[0,0,0,1],[0.5,0,0.5,0],[0,0,1,0],[0,0.5,0.5,0],[0.5,0,0,0.5],[0,0.5,0.5,0],[0,0,0.5,0.5],[0,0,0.5,0.5],[1,0,0,0],[0,0.5,0.5,0],[0,0.5,0,0.5],[0,0,0,1],[1,0,0,0],[1,0,0,0],[0.5,0,0,0.5],[0,0,0.5,0.5],[0.5,0,0,0.5],[1,0,0,0],[1,0,0,0],[0.5,0.5,0,0],[0,0,0.5,0.5],[1,0,0,0],[0.5,0,0.5,0],[0,0.5,0.5,0],[0,0,0.5,0.5],[0.5,0,0,0.5],[0,0,0.5,0.5],[0,0,0,1],[0,0,0.5,0.5],[0,0.5,0,0.5],[0.5,0,0,0.5],[0,0.5,0.5,0],[0,0.5,0.5,0],[0.5,0,0.5,0],[0,1,0,0],[0.5,0,0.5,0],[0.5,0,0.5,0],[0.5,0.5,0,0],[0.5,0,0.5,0],[1,0,0,0],[1,0,0,0],[0,0.5,0.5,0],[0.5,0,0.5,0],[0,0,1,0],[0.5,0,0,0.5],[0.5,0.5,0,0],[0.5,0.5,0,0],[0.5,0,0.5,0],[0,0.5,0.5,0],[0.5,0,0,0.5],[0,0.5,0.5,0],[1,0,0,0],[0,0,1,0],[0,0.5,0,0.5],[1,0,0,0],[0.5,0,0.5,0],[1,0,0,0],[0,0.5,0.5,0],[0.5,0,0,0.5],[0.5,0,0.5,0],[0.5,0,0.5,0],[0.5,0,0,0.5]],null,null,null],"seqs":[0,1]}]},{"idx":8,"counts":[[0,0,0,0,0,0,0,0,0,0,0,0,0,0,0,0,0,0,0,0,0,0,0,0,0,0,0,0,0,0,0,0,0,0,0,0,0,0,0,0,0,0,0,0,0,0,0,0,0,0,0,0,0,0,0,0,0,0,0,0,0,0,0,0,0,0,0,0,0,0,0,0,0,0,0,0,0,0,0,0,0,0,0,0,1,0,0,0,0,0,0,0,0,0,0,0,0,0,0,0,0,0,0,0,0,0,0,0,0,0,0,0,0,0,0,0,2,1,0,0,0,0,0,0,0,0,0,0,0,0,0,0,0,0,0,0,0,0,0,0,0,0,0,0,0,0,0],[0,0,0,0,0,0,0,0,0,0,0,0,0,0,0,0,0,0,0,0,0,0,0,0,0,0,0,0,0,0,0,0,0,0,0,0,0,0,0,0,0,0,0,0,0,0,0,0,0,0,0,0,0,0,0,0,0,0,0,0,0,0,0,0,0,0,0,0,0,0,0,0,0,0,0,0,0,0,0,0,0,1,0,0,0,0,0,0,0,0,0,0,0,0,0,0,0,0,0,0,0,0,0,0,0,0,0,0,0,0,0,0,0,0,0,0,0,0,0,0,0,0,0,0,0,0,0,0,0,0,0,0,0,0,0,0,0,0,0,0,0,0,0,0,0,0,0],[0,0,0,0,0,0,0,0,0,0,0,0,0,0,0,0,0,0,0,0,0,0,0,0,0,0,0,0,0,0,0,0,0,0,0,0,0,0,0,0,0,0,0,0,0,0,0,0,0,0,0,0,0,0,0,0,0,0,0,0,0,0,0,0,0,0,0,0,0,0,0,0,0,0,0,0,0,0,0,0,0,0,0,1,0,0,0,0,0,0,0,0,0,0,0,0,0,0,0,0,0,0,0,0,0,0,0,0,0,0,0,0,0,0,0,0,1,0,0,0,0,0,0,0,0,0,0,0,0,0,0,0,0,0,0,0,0,0,0,0,0,0,0,0,0,0,0],[0,0,0,0,0,0,0,0,0,0,0,0,0,0,0,0,0,0,0,0,0,0,0,0,0,0,0,0,0,0,0,0,0,0,0,0,0,0,0,0,0,0,0,0,0,0,0,0,0,0,0,0,0,0,0,0,0,0,0,0,0,0,0,0,0,0,0,0,0,0,0,0,0,0,0,0,0,0,0,0,0,0,1,0,0,0,0,0,0,0,0,0,0,0,0,0,0,0,0,0,0,0,0,0,0,0,0,0,0,0,0,0,0,0,0,0,0,0,0,0,0,0,0,0,0,0,0,0,0,0,0,0,0,0,0,0,0,0,0,0,0,0,0,0,0,0,0]],"spacings":[{"orient":4,"bin":116,"pvalue":2.22053e-06,"inferred_pwm":[[0,0,0,1],[1,0,0,0],[1,0,0,0],[0,0,0,1],[0,0,0,1]],"alignment_pwm":[[[0,0,1,0],[0.5,0,0.5,0],[0,0,0,1],[0,0,1,0],[0,1,0,0],[0,0,0,1],[0,0,1,0],[0.5,0,0.5,0],[0,0.5,0.5,0],[1,0,0,0],[0,0,0,1],[1,0,0,0],[1,0,0,0],[0,0,0,1],[0,0,0,1],[0,0,1,0],[0,0,1,0],[0,1,0,0],[0,0,0,1],[1,0,0,0],[0,0,1,0],[0,0.5,0,0.5],[0,1,0,0],[1,0,0,0],[0,1,0,0],[1,0,0,0],[0,0.5,0,0.5],[0.5,0,0.5,0],[0,0,0,1],[1,0,0,0],[0,0,1,0],[0,0,1,0],[1,0,0,0],[0,0,1,0],[1,0,0,0],[1,0,0,0],[0,0,0,1],[0,0,1,0],[1,0,0,0],[1,0,0,0],[1,0,0,0],[0,1,0,0],[0,0,0,1],[0,0,1,0],[0.5,0,0.5,0],[1,0,0,0],[0,0,0,1],[0,1,0,0],[0,1,0,0],[0,0,0,1],[0,1,0,0],[1,0,0,0],[0,0,0,1],[0,1,0,0],[0,0,0,1],[0,1,0,0],[0,0,0,1],[0,0.5,0,0.5],[1,0,0,0],[0,0.5,0,0.5],[0,0.5,0,0.5],[0,0,0,1],[0,0,0,1],[1,0,0,0],[0,0,0,1],[1,0,0,0],[0,0.5,0,0.5],[1,0,0,0],[1,0,0,0],[1,0,0,0],[1,0,0,0],[1,0,0,0],[0,0,0,1],[0,1,0,0],[1,0,0,0],[0.5,0.5,0,0],[0,1,0,0],[0,0,0,1],[0,1,0,0],[1,0,0,0],[1,0,0,0],[0,0,1,0],[1,0,0,0],[0,0,0,1],[0,0,1,0],[0,0,1,0],[0.5,0,0.5,0],[0,0,0,1],[0,0,0,1],[1,0,0,0],[1,0,0,0],[0,0,1,0],[0,0,1,0],[1,0,0,0],[0,0.5,0,0.5],[0,0,0,1],[0,0,0,1],[1,0,0,0],[1,0,0,0],[1,0,0,0],[0,0.5,0,0.5],[0,1,0,0],[0,0,0,1],[0.5,0,0,0.5],[1,0,0,0],[0,0,1,0],[1,0,0,0],[0,0.5,0,0.5],[0,1,0,0],[0,0,0,1],[0,0,1,0],[1,0,0,0],[0.5,0.5,0,0],[1,0,0,0],[0,1,0,0],[0,0,0,1],[0,0.5,0.5,0],[0,0,0,1],[1,0,0,0],[1,0,0,0],[1,0,0,0],[1,0,0,0],[1,0,0,0],[0,0.5,0,0.5],[0,0,0,1],[0,1,0,0],[0,0,0,1],[1,0,0,0],[0,0,1,0],[1,0,0,0],[1,0,0,0],[0,0,1,0],[1,0,0,0],[0,0,0,1],[1,0,0,0],[1,0,0,0],[0,1,0,0],[1,0,0,0],[0,0,0,1],[0,0,0,1],[0,0,1,0],[0,0,1,0],[1,0,0,0],[1,0,0,0],[1,0,0,0],[1,0,0,0],[1,0,0,0],[0,1,0,0],[0,1,0,0],[0,1,0,0],[0,0,0,1],[0,0,0.5,0.5],[0.5,0.5,0,0],[0,0.5,0,0.5],[0.5,0,0.5,0],[0,0,0.5,0.5],[0.5,0,0,0.5],[0,0.5,0.5,0],[0.5,0,0.5,0],[0,0.5,0,0.5],[0,0.5,0,0.5],[0,0,0.5,0.5],[0.5,0,0.5,0],[0,0.5,0.5,0],[0,0,0.5,0.5],[0,0.5,0,0.5],[1,0,0,0],[0.5,0,0.5,0],[0,0,1,0],[0,0.5,0.5,0],[1,0,0,0],[0.5,0,0,0.5],[0,0,0.5,0.5],[0,0,0.5,0.5],[0.5,0.5,0,0],[0.5,0,0,0.5],[0,0,0,1],[0,0,0.5,0.5],[0.5,0.5,0,0],[0.5,0.5,0,0],[0,0.5,0,0.5],[0.5,0,0.5,0],[1,0,0,0],[0,0.5,0.5,0],[0.5,0.5,0,0],[1,0,0,0],[0.5,0.5,0,0],[0,0,0.5,0.5],[0.5,0.5,0,0],[0.5,0,0.5,0],[0.5,0.5,0,0],[0.5,0.5,0,0],[0.5,0.5,0,0],[0.5,0,0.5,0],[0.5,0.5,0,0],[1,0,0,0],[1,0,0,0],[0.5,0,0.5,0],[0,0.5,0,0.5],[1,0,0,0],[0.5,0.5,0,0],[1,0,0,0],[0.5,0,0,0.5],[0,0,0.5,0.5],[0.5,0.5,0,0],[1,0,0,0],[1,0,0,0],[0.5,0,0,0.5],[1,0,0,0],[0.5,0.5,0,0],[1,0,0,0],[0.5,0,0.5,0],[1,0,0,0],[0,0.5,0.5,0],[1,0,0,0],[0.5,0,0,0.5],[1,0,0,0],[0.5,0,0.5,0],[1,0,0,0],[0,0,0,1],[1,0,0,0],[0.5,0,0.5,0],[0.5,0,0,0.5],[0,0,0,1],[0.5,0,0.5,0],[0,0,1,0],[0,0.5,0.5,0],[0.5,0,0,0.5],[0,0.5,0.5,0],[0,0,0.5,0.5],[0,0,0.5,0.5],[1,0,0,0],[0,0.5,0.5,0],[0,0.5,0,0.5],[0,0,0,1],[1,0,0,0],[1,0,0,0],[0.5,0,0,0.5],[0,0,0.5,0.5],[0.5,0,0,0.5],[1,0,0,0],[1,0,0,0],[0.5,0.5,0,0],[0,0,0.5,0.5],[1,0,0,0],[0.5,0,0.5,0],[0,0.5,0.5,0],[0,0,0.5,0.5],[0.5,0,0,0.5],[0,0,0.5,0.5],[0,0,0,1],[0,0,0.5,0.5],[0,0.5,0,0.5],[0.5,0,0,0.5],[0,0.5,0.5,0],[0,0.5,0.5,0],[0.5,0,0.5,0],[0,1,0,0],[0.5,0,0.5,0],[0.5,0,0.5,0],[0.5,0.5,0,0],[0.5,0,0.5,0],[1,0,0,0],[1,0,0,0],[0,0.5,0.5,0],[0.5,0,0.5,0],[0,0,1,0],[0.5,0,0,0.5],[0.5,0.5,0,0],[0.5,0.5,0,0],[0.5,0,0.5,0],[0,0.5,0.5,0],[0.5,0,0,0.5],[0,0.5,0.5,0],[1,0,0,0],[0,0,1,0],[0,0.5,0,0.5],[1,0,0,0],[0.5,0,0.5,0],[1,0,0,0],[0,0.5,0.5,0],[0.5,0,0,0.5],[0.5,0,0.5,0],[0.5,0,0.5,0]],null,[[0,0,0,1],[0,0,1,0],[1,0,0,0],[0,1,0,0],[0,0,0,1],[0,0,0,1],[0,0,0,1],[0,0,0,1],[0,1,0,0],[0,0,0,1],[1,0,0,0],[1,0,0,0],[0,0,0,1],[0,0,0,1],[1,0,0,0],[1,0,0,0],[0,0,0,1],[1,0,0,0],[0,0,0,1],[0,0,1,0],[0,0,1,0],[0,0,1,0],[0,0,1,0],[1,0,0,0],[1,0,0,0],[0,0,1,0],[0,0,1,0],[0,0,1,0],[0,1,0,0],[0,0,0,1],[0,0,0,1],[0,1,0,0],[0,1,0,0],[0,1,0,0],[0,1,0,0],[1,0,0,0],[0,0,1,0],[0,0,1,0],[0,0,1,0],[1,0,0,0],[1,0,0,0],[0,0,0,1],[0,0,0,1],[0,0,0,1],[0,0,0,1],[0,0,1,0],[0,0,0,1],[0,0,0,1],[0,0,0,1],[0,1,0,0],[0,0,0,1],[0,0,1,0],[1,0,0,0],[0,0,0,1],[0,0,0,1],[0,0,1,0],[0,0,0,1],[0,0,0,1],[0,0,1,0],[1,0,0,0],[0,0,1,0],[1,0,0,0],[0,0,1,0],[1,0,0,0],[0,1,0,0],[1,0,0,0],[0,0,1,0],[0,0,0,1],[1,0,0,0],[0,0,1,0],[1,0,0,0],[1,0,0,0],[0,0,0,1],[0,0,0,1],[0,1,0,0],[0,0,0,1],[0,0,0,1],[0,0,1,0],[1,0,0,0],[0,1,0,0],[0,0,0,1],[1,0,0,0],[1,0,0,0],[0,1,0,0],[1,0,0,0],[0,0,1,0],[0,0,0,1],[0,0,1,0],[0,0,1,0],[0,1,0,0],[0,0,0,1],[0,0,0,1],[0,1,0,0],[0,0,1,0],[0,0,0,1],[0,0,1,0],[0,0,0,1],[0,0,0,1],[0,0,0,1],[0,0,0,1],[0,1,0,0],[1,0,0,0],[0,1,0,0],[0,0,0,1],[0,1,0,0],[1,0,0,0],[1,0,0,0],[0,0,0,1],[0,0,1,0],[0,0,0,1],[0,0,0,1],[0,0,0,1],[0,0,0,1],[0,1,0,0],[0,0,0,1],[0,0,1,0],[0,1,0,0],[0,1,0,0],[0,0,0,1],[0,0,0,1],[0,1,0,0],[0,0,0,1],[0,0,0,1],[0,0,1,0],[0,1,0,0],[0,1,0,0],[0,0,0,1],[0,1,0,0],[1,0,0,0],[0,1,0,0],[1,0,0,0],[0,0,1,0],[1,0,0,0],[0,0,0,1],[1,0,0,0],[1,0,0,0],[0,0,0,1],[0,0,0,1],[0,0,1,0],[1,0,0,0],[1,0,0,0],[0,0,1,0],[1,0,0,0],[1,0,0,0],[1,0,0,0],[1,0,0,0],[0,0,0,1],[0,1,0,0],[0,1,0,0],[0,1,0,0],[0,0,0,1],[0,0,0,1],[1,0,0,0],[1,0,0,0],[0,0,1,0],[0,0,0,1],[1,0,0,0],[1,0,0,0],[1,0,0,0],[0,1,0,0],[1,0,0,0],[0,1,0,0],[1,0,0,0],[0,0,1,0],[0,1,0,0],[1,0,0,0],[0,0,1,0],[0,0,1,0],[1