<!DOCTYPE HTML>
<html>
  <head>
    <meta charset="UTF-8">
    <title>TOMTOM</title>
    <script>
      // @JSON_VAR data
      var data = {
        "program": "Tomtom",
        "version": "4.12.0",
        "release": "Tue Jun 27 16:22:50 2017 -0700",
        "cmd": [
          "tomtom", "-verbosity", "1", "-oc",
          "results/AHRpeaks_not-in-DHSs-noAHREs.bed.fa/jaspar/meme_tomtom_out",
          "-min-overlap", "5", "-dist", "pearson", "-evalue", "-thresh", "1",
          "-no-ssc", "-bfile",
          "results/AHRpeaks_not-in-DHSs-noAHREs.bed.fa/jaspar/background",
          "results/AHRpeaks_not-in-DHSs-noAHREs.bed.fa/jaspar/meme_out/meme.xml",
          "/Users/filipov4/meme/db/motif_databases/JASPAR/JASPAR2018_CORE_non-redundant.meme"
        ],
        "options": {
          "strands": "both",
          "distance_measure": "pearson",
          "threshold_type": "evalue",
          "threshold_value": 1,
          "background_source": "file",
          "background_file": "results/AHRpeaks_not-in-DHSs-noAHREs.bed.fa/jaspar/background"
        },
        "alphabet": {
          "name": "DNA",
          "like": "dna",
          "ncore": 4,
          "symbols": [
            {
              "symbol": "A",
              "name": "Adenine",
              "colour": "CC0000",
              "complement": "T"
            }, {
              "symbol": "C",
              "name": "Cytosine",
              "colour": "0000CC",
              "complement": "G"
            }, {
              "symbol": "G",
              "name": "Guanine",
              "colour": "FFB300",
              "complement": "C"
            }, {
              "symbol": "T",
              "aliases": "U",
              "name": "Thymine",
              "colour": "008000",
              "complement": "A"
            }, {
              "symbol": "N",
              "aliases": "X.",
              "name": "Any base",
              "equals": "ACGT"
            }, {
              "symbol": "V",
              "name": "Not T",
              "equals": "ACG"
            }, {
              "symbol": "H",
              "name": "Not G",
              "equals": "ACT"
            }, {
              "symbol": "D",
              "name": "Not C",
              "equals": "AGT"
            }, {
              "symbol": "B",
              "name": "Not A",
              "equals": "CGT"
            }, {
              "symbol": "M",
              "name": "Amino",
              "equals": "AC"
            }, {
              "symbol": "R",
              "name": "Purine",
              "equals": "AG"
            }, {
              "symbol": "W",
              "name": "Weak",
              "equals": "AT"
            }, {
              "symbol": "S",
              "name": "Strong",
              "equals": "CG"
            }, {
              "symbol": "Y",
              "name": "Pyrimidine",
              "equals": "CT"
            }, {
              "symbol": "K",
              "name": "Keto",
              "equals": "GT"
            }
          ]
        },
        "background": [0.2809, 0.2191, 0.2191, 0.2809],
        "query_dbs": [
          {
            "source": "results/AHRpeaks_not-in-DHSs-noAHREs.bed.fa/jaspar/meme_out/meme.xml",
            "name": "meme",
            "loaded": 7,
            "excluded": 0,
            "last_modified": "Thu May 24 14:18:02 2018"
          }
        ],
        "target_dbs": [
          {
            "source": "/Users/filipov4/meme/db/motif_databases/JASPAR/JASPAR2018_CORE_non-redundant.meme",
            "name": "JASPAR2018 CORE non-redundant",
            "loaded": 1404,
            "excluded": 0,
            "last_modified": "Thu Dec  7 14:38:42 2017"
          }
        ],
        "queries": [
          {
            "db": 0,
            "id": "CCWGCCT",
            "alt": "MEME-2",
            "len": 7,
            "nsites": 13,
            "evalue": "1.3e+001",
            "pwm": [
              [0.00214427, 0.994039, 0.00167252, 0.00214427], 
              [0.00214427, 0.994039, 0.00167252, 0.00214427], 
              [0.536496, 0.00167252, 0.00167252, 0.460159], 
              [0.00214427, 0.00167252, 0.994039, 0.00214427], 
              [0.00214427, 0.765032, 0.23068, 0.00214427], 
              [0.00214427, 0.994039, 0.00167252, 0.00214427], 
              [0.00214427, 0.00167252, 0.00167252, 0.994511]
            ]
          }, {
            "db": 0,
            "id": "GGCCRGCYGGAG",
            "alt": "MEME-4",
            "len": 12,
            "nsites": 6,
            "evalue": "4.3e+003",
            "pwm": [
              [0.00460492, 0.0035918, 0.987198, 0.00460492], 
              [0.16854, 0.0035918, 0.823264, 0.00460492], 
              [0.00460492, 0.823264, 0.167527, 0.00460492], 
              [0.00460492, 0.987198, 0.0035918, 0.00460492], 
              [0.660343, 0.0035918, 0.33146, 0.00460492], 
              [0.00460492, 0.167527, 0.823264, 0.00460492], 
              [0.16854, 0.65933, 0.0035918, 0.16854], 
              [0.16854, 0.495395, 0.0035918, 0.332473], 
              [0.16854, 0.0035918, 0.823264, 0.00460492], 
              [0.00460492, 0.0035918, 0.987198, 0.00460492], 
              [0.988211, 0.0035918, 0.0035918, 0.00460492], 
              [0.00460492, 0.167527, 0.823264, 0.00460492]
            ]
          }, {
            "db": 0,
            "id": "GGGARGGRGRGA",
            "alt": "MEME-3",
            "len": 12,
            "nsites": 13,
            "evalue": "8.2e-001",
            "pwm": [
              [0.00214427, 0.0780083, 0.917703, 0.00214427], 
              [0.00214427, 0.00167252, 0.994039, 0.00214427], 
              [0.231152, 0.00167252, 0.765032, 0.00214427], 
              [0.994511, 0.00167252, 0.00167252, 0.00214427], 
              [0.536496, 0.00167252, 0.307016, 0.154816], 
              [0.0784801, 0.154344, 0.61236, 0.154816], 
              [0.0784801, 0.00167252, 0.841367, 0.0784801], 
              [0.383823, 0.00167252, 0.61236, 0.00214427], 
              [0.154816, 0.00167252, 0.841367, 0.00214427], 
              [0.383823, 0.0780083, 0.383352, 0.154816], 
              [0.00214427, 0.00167252, 0.917703, 0.0784801], 
              [0.841839, 0.00167252, 0.00167252, 0.154816]
            ]
          }, {
            "db": 0,
            "id": "GTAYCTSWGTSTGRGT",
            "alt": "MEME-7",
            "len": 16,
            "nsites": 3,
            "evalue": "7.6e+004",
            "pwm": [
              [0.00906129, 0.00706774, 0.97481, 0.00906129], 
              [0.00906129, 0.00706774, 0.00706774, 0.976803], 
              [0.976803, 0.00706774, 0.00706774, 0.00906129], 
              [0.00906129, 0.329648, 0.00706774, 0.654223], 
              [0.00906129, 0.97481, 0.00706774, 0.00906129], 
              [0.00906129, 0.00706774, 0.00706774, 0.976803], 
              [0.00906129, 0.329648, 0.652229, 0.00906129], 
              [0.331642, 0.00706774, 0.00706774, 0.654223], 
              [0.00906129, 0.00706774, 0.97481, 0.00906129], 
              [0.00906129, 0.00706774, 0.00706774, 0.976803], 
              [0.00906129, 0.652229, 0.329648, 0.00906129], 
              [0.00906129, 0.00706774, 0.00706774, 0.976803], 
              [0.00906129, 0.00706774, 0.97481, 0.00906129], 
              [0.654223, 0.00706774, 0.329648, 0.00906129], 
              [0.00906129, 0.00706774, 0.97481, 0.00906129], 
              [0.00906129, 0.00706774, 0.00706774, 0.976803]
            ]
          }, {
            "db": 0,
            "id": "GWGCTGGACMCGAGACA",
            "alt": "MEME-6",
            "len": 17,
            "nsites": 4,
            "evalue": "1.2e+004",
            "pwm": [
              [0.00685122, 0.0053439, 0.980954, 0.00685122], 
              [0.494656, 0.0053439, 0.0053439, 0.494656], 
              [0.250754, 0.0053439, 0.737051, 0.00685122], 
              [0.00685122, 0.737051, 0.249246, 0.00685122], 
              [0.250754, 0.0053439, 0.0053439, 0.738559], 
              [0.00685122, 0.0053439, 0.980954, 0.00685122], 
              [0.00685122, 0.0053439, 0.980954, 0.00685122], 
              [0.738559, 0.0053439, 0.249246, 0.00685122], 
              [0.00685122, 0.980954, 0.0053439, 0.00685122], 
              [0.494656, 0.493149, 0.0053439, 0.00685122], 
              [0.250754, 0.737051, 0.0053439, 0.00685122], 
              [0.00685122, 0.0053439, 0.980954, 0.00685122], 
              [0.738559, 0.249246, 0.0053439, 0.00685122], 
              [0.00685122, 0.0053439, 0.980954, 0.00685122], 
              [0.738559, 0.249246, 0.0053439, 0.00685122], 
              [0.250754, 0.737051, 0.0053439, 0.00685122], 
              [0.982461, 0.0053439, 0.0053439, 0.00685122]
            ]
          }, {
            "db": 0,
            "id": "SAGGCACGCACRCASACASAC",
            "alt": "MEME-1",
            "len": 21,
            "nsites": 4,
            "evalue": "4.7e-001",
            "pwm": [
              [0.00685122, 0.493149, 0.493149, 0.00685122], 
              [0.982461, 0.0053439, 0.0053439, 0.00685122], 
              [0.00685122, 0.249246, 0.737051, 0.00685122], 
              [0.00685122, 0.0053439, 0.980954, 0.00685122], 
              [0.00685122, 0.980954, 0.0053439, 0.00685122], 
              [0.982461, 0.0053439, 0.0053439, 0.00685122], 
              [0.00685122, 0.980954, 0.0053439, 0.00685122], 
              [0.250754, 0.0053439, 0.737051, 0.00685122], 
              [0.00685122, 0.737051, 0.249246, 0.00685122], 
              [0.982461, 0.0053439, 0.0053439, 0.00685122], 
              [0.00685122, 0.980954, 0.0053439, 0.00685122], 
              [0.494656, 0.0053439, 0.493149, 0.00685122], 
              [0.00685122, 0.980954, 0.0053439, 0.00685122], 
              [0.982461, 0.0053439, 0.0053439, 0.00685122], 
              [0.00685122, 0.493149, 0.493149, 0.00685122], 
              [0.738559, 0.0053439, 0.249246, 0.00685122], 
              [0.00685122, 0.980954, 0.0053439, 0.00685122], 
              [0.982461, 0.0053439, 0.0053439, 0.00685122], 
              [0.00685122, 0.493149, 0.493149, 0.00685122], 
              [0.738559, 0.0053439, 0.249246, 0.00685122], 
              [0.00685122, 0.737051, 0.249246, 0.00685122]
            ]
          }, {
            "db": 0,
            "id": "YTTWWTTTRTTKRAYTTSYTWTTKWKTTTT",
            "alt": "MEME-5",
            "len": 30,
            "nsites": 7,
            "evalue": "6.4e+003",
            "pwm": [
              [0.00395634, 0.425621, 0.00308592, 0.567337], 
              [0.00395634, 0.143931, 0.00308592, 0.849027], 
              [0.144801, 0.143931, 0.143931, 0.567337], 
              [0.285646, 0.143931, 0.00308592, 0.567337], 
              [0.285646, 0.00308592, 0.143931, 0.567337], 
              [0.144801, 0.00308592, 0.00308592, 0.849027], 
              [0.144801, 0.00308592, 0.00308592, 0.849027], 
              [0.00395634, 0.00308592, 0.143931, 0.849027], 
              [0.285646, 0.143931, 0.566467, 0.00395634], 
              [0.00395634, 0.00308592, 0.00308592, 0.989872], 
              [0.00395634, 0.00308592, 0.143931, 0.849027], 
              [0.144801, 0.143931, 0.425621, 0.285646], 
              [0.426491, 0.143931, 0.425621, 0.00395634], 
              [0.708182, 0.00308592, 0.00308592, 0.285646], 
              [0.00395634, 0.566467, 0.00308592, 0.426491], 
              [0.00395634, 0.00308592, 0.00308592, 0.989872], 
              [0.00395634, 0.143931, 0.00308592, 0.849027], 
              [0.144801, 0.284776, 0.425621, 0.144801], 
              [0.144801, 0.425621, 0.143931, 0.285646], 
              [0.00395634, 0.00308592, 0.00308592, 0.989872], 
              [0.426491, 0.143931, 0.143931, 0.285646], 
              [0.285646, 0.00308592, 0.00308592, 0.708182], 
              [0.00395634, 0.00308592, 0.00308592, 0.989872], 
              [0.00395634, 0.00308592, 0.425621, 0.567337], 
              [0.285646, 0.00308592, 0.143931, 0.567337], 
              [0.144801, 0.00308592, 0.425621, 0.426491], 
              [0.00395634, 0.143931, 0.00308592, 0.849027], 
              [0.00395634, 0.143931, 0.143931, 0.708182], 
              [0.00395634, 0.143931, 0.00308592, 0.849027], 
              [0.00395634, 0.00308592, 0.143931, 0.849027]
            ]
          }
        ],
        "targets": [
          {
            "db": 0,
            "id": "MA0006.1",
            "alt": "Ahr::Arnt",
            "len": 6,
            "nsites": 24,
            "url": "http://jaspar2018.genereg.net/matrix/MA0006.1",
            "pwm": [
              [0.125647, 0.332859, 0.0838963, 0.457597], 
              [0.00116556, 0.000909129, 0.955266, 0.0426597], 
              [0.00116556, 0.955266, 0.000909129, 0.0426597], 
              [0.00116556, 0.000909129, 0.955266, 0.0426597], 
              [0.00116556, 0.000909129, 0.000909129, 0.997016], 
              [0.00116556, 0.000909129, 0.99676, 0.00116556]
            ]
          }, {
            "db": 0,
            "id": "MA0139.1",
            "alt": "CTCF",
            "len": 19,
            "nsites": 913,
            "url": "http://jaspar2018.genereg.net/matrix/MA0139.1",
            "pwm": [
              [0.0953103, 0.318718, 0.0832569, 0.502714], 
              [0.182924, 0.158824, 0.453424, 0.204827], 
              [0.307774, 0.0536871, 0.491755, 0.146784], 
              [0.06136, 0.87616, 0.0230225, 0.0394564], 
              [0.0087918, 0.988963, 2.39952e-05, 0.00222152], 
              [0.814838, 0.0142614, 0.0712102, 0.0996908], 
              [0.043838, 0.578274, 0.365811, 0.0120774], 
              [0.117343, 0.474753, 0.0526502, 0.355255], 
              [0.933043, 0.0120837, 0.0351082, 0.0197656], 
              [0.00551816, 2.39952e-05, 0.991133, 0.0033234], 
              [0.365523, 0.00331663, 0.621251, 0.00990868], 
              [0.0593003, 0.0131946, 0.553201, 0.374304], 
              [0.0132163, 2.39952e-05, 0.977939, 0.0088208], 
              [0.061562, 0.00881403, 0.851579, 0.0780442], 
              [0.114429, 0.806317, 0.00552439, 0.0737297], 
              [0.409227, 0.0143234, 0.557719, 0.0187307], 
              [0.0903289, 0.530803, 0.338093, 0.0407753], 
              [0.128872, 0.354611, 0.0804112, 0.436106], 
              [0.442713, 0.199341, 0.292944, 0.0650016]
            ]
          }, {
            "db": 0,
            "id": "MA0149.1",
            "alt": "EWSR1-FLI1",
            "len": 18,
            "nsites": 105,
            "url": "http://jaspar2018.genereg.net/matrix/MA0149.1",
            "pwm": [
              [0.000267269, 0.000208468, 0.999257, 0.000267269], 
              [0.0192971, 0.000208468, 0.980227, 0.000267269], 
              [0.989801, 0.000208468, 0.00972341, 0.000267269], 
              [0.989801, 0.000208468, 0.00972341, 0.000267269], 
              [0.00978221, 0.000208468, 0.989742, 0.000267269], 
              [0.0192971, 0.000208468, 0.970713, 0.00978221], 
              [0.980286, 0.000208468, 0.0192383, 0.000267269], 
              [0.970772, 0.000208468, 0.0287523, 0.000267269], 
              [0.000267269, 0.000208468, 0.989742, 0.00978221], 
              [0.000267269, 0.0192383, 0.980227, 0.000267269], 
              [0.942227, 0.0382672, 0.0192383, 0.000267269], 
              [0.999316, 0.000208468, 0.000208468, 0.000267269], 
              [0.000267269, 0.000208468, 0.999257, 0.000267269], 
              [0.000267269, 0.0192383, 0.980227, 0.000267269], 
              [0.951742, 0.0287523, 0.000208468, 0.0192971], 
              [0.970772, 0.000208468, 0.0192383, 0.00978221], 
              [0.047841, 0.000208468, 0.923139, 0.0288111], 
              [0.0288111, 0.0287523, 0.923139, 0.0192971]
            ]
          }, {
            "db": 0,
            "id": "MA0470.1",
            "alt": "E2F4",
            "len": 11,
            "nsites": 1878,
            "url": "http://jaspar2018.genereg.net/matrix/MA0470.1",
            "pwm": [
              [0.144842, 0.197019, 0.451532, 0.206607], 
              [0.0825456, 0.271562, 0.645877, 1.49566e-05], 
              [1.49566e-05, 0.00586835, 0.994102, 1.49566e-05], 
              [1.49566e-05, 0.999958, 1.1666e-05, 1.49566e-05], 
              [1.49566e-05, 1.1666e-05, 0.999958, 1.49566e-05], 
              [0.0143912, 0.116086, 0.869507, 1.49566e-05], 
              [0.00800153, 0.0218425, 0.970141, 1.49566e-05], 
              [0.960028, 1.1666e-05, 0.0399455, 1.49566e-05], 
              [0.667178, 1.1666e-05, 0.332795, 1.49566e-05], 
              [0.379122, 0.185838, 0.383378, 0.0516632], 
              [0.267839, 0.209266, 0.328003, 0.194893]
            ]
          }, {
            "db": 0,
            "id": "MA0471.1",
            "alt": "E2F6",
            "len": 11,
            "nsites": 2757,
            "url": "http://jaspar2018.genereg.net/matrix/MA0471.1",
            "pwm": [
              [0.294523, 0.0290239, 0.509964, 0.166489], 
              [0.160323, 0.147265, 0.692402, 1.01882e-05], 
              [1.01882e-05, 7.94676e-06, 0.999972, 1.01882e-05], 
              [0.243744, 0.708723, 7.94676e-06, 0.0475235], 
              [0.0025491, 7.94676e-06, 0.997433, 1.01882e-05], 
              [1.01882e-05, 7.94676e-06, 0.999972, 1.01882e-05], 
              [0.00726393, 0.0105266, 0.982199, 1.01882e-05], 
              [0.999974, 7.94676e-06, 7.94676e-06, 1.01882e-05], 
              [0.611522, 7.94676e-06, 0.38846, 1.01882e-05], 
              [0.358358, 0.164674, 0.411672, 0.0652958], 
              [0.279652, 0.256074, 0.329702, 0.134572]
            ]
          }, {
            "db": 0,
            "id": "MA0528.1",
            "alt": "ZNF263",
            "len": 21,
            "nsites": 15235,
            "url": "http://jaspar2018.genereg.net/matrix/MA0528.1",
            "pwm": [
              [0.155301, 0.0192333, 0.727138, 0.0983272], 
              [0.301674, 1.43813e-06, 0.698323, 1.84377e-06], 
              [0.729764, 1.43813e-06, 0.183919, 0.0863153], 
              [0.0297356, 1.43813e-06, 0.907051, 0.0632114], 
              [0.0663614, 0.11408, 0.816799, 0.00275883], 
              [0.913616, 0.0361682, 0.00282342, 0.0473925], 
              [0.102988, 0.0554001, 0.73856, 0.103053], 
              [0.101872, 0.0936668, 0.751622, 0.0528405], 
              [0.532522, 0.063539, 0.361863, 0.0420756], 
              [0.336856, 0.101281, 0.462223, 0.0996402], 
              [0.203217, 0.070168, 0.621658, 0.104957], 
              [0.433081, 0.0387282, 0.441745, 0.0864473], 
              [0.27404, 0.0406972, 0.584376, 0.100887], 
              [0.269511, 0.106204, 0.5935, 0.0307856], 
              [0.521363, 0.062357, 0.31375, 0.102528], 
              [0.250935, 6.74377e-05, 0.633998, 0.114999], 
              [0.205579, 1.43813e-06, 0.751162, 0.0432576], 
              [0.545124, 1.43813e-06, 0.38674, 0.0681344], 
              [0.343026, 0.0143763, 0.585689, 0.0569095], 
              [0.266951, 0.0426662, 0.6445, 0.0458825], 
              [0.476796, 0.059535, 0.403084, 0.0605854]
            ]
          }, {
            "db": 0,
            "id": "MA0535.1",
            "alt": "Mad",
            "len": 15,
            "nsites": 102,
            "url": "http://jaspar2018.genereg.net/matrix/MA0535.1",
            "pwm": [
              [0.000275122, 0.470342, 0.460547, 0.0688349], 
              [0.343076, 0.254867, 0.127541, 0.274516], 
              [0.000275122, 0.137335, 0.862115, 0.000275122], 
              [0.343076, 0.000214594, 0.548697, 0.108012], 
              [0.000275122, 0.999235, 0.000214594, 0.000275122], 
              [0.000275122, 0.000214594, 0.999235, 0.000275122], 
              [0.225544, 0.636845, 0.000214594, 0.137396], 
              [0.000275122, 0.695611, 0.303839, 0.000275122], 
              [0.284311, 0.000214594, 0.7152, 0.000275122], 
              [0.284311, 0.382193, 0.333221, 0.000275122], 
              [0.108012, 0.519314, 0.245073, 0.127601], 
              [0.284311, 0.000214594, 0.7152, 0.000275122], 
              [0.117807, 0.470342, 0.264661, 0.14719], 
              [0.313693, 0.333221, 0.156924, 0.196161], 
              [0.108012, 0.274456, 0.617257, 0.000275122]
            ]
          }, {
            "db": 0,
            "id": "MA0538.1",
            "alt": "daf-12",
            "len": 15,
            "nsites": 156,
            "url": "http://jaspar2018.genereg.net/matrix/MA0538.1",
            "pwm": [
              [0.141116, 0.128263, 0.724035, 0.00658584], 
              [0.455016, 0.000140359, 0.08342, 0.461422], 
              [0.211582, 0.000140359, 0.788097, 0.000179949], 
              [0.147521, 0.33326, 0.0385777, 0.480641], 
              [0.000179949, 0.000140359, 0.9995, 0.000179949], 
              [0.000179949, 0.33326, 0.000140359, 0.66642], 
              [0.000179949, 0.000140359, 0.9995, 0.000179949], 
              [0.0962724, 0.160294, 0.0898269, 0.653607], 
              [0.000179949, 0.128263, 0.621537, 0.25002], 
              [0.00658584, 0.000140359, 0.000140359, 0.993133], 
              [0.000179949, 0.00654625, 0.986687, 0.00658584], 
              [0.000179949, 0.506226, 0.102639, 0.390955], 
              [0.205177, 0.000140359, 0.538257, 0.256426], 
              [0.109084, 0.128263, 0.179512, 0.583139], 
              [0.109084, 0.275605, 0.358884, 0.256426]
            ]
          }, {
            "db": 0,
            "id": "MA1156.1",
            "alt": "JKD",
            "len": 20,
            "nsites": 596,
            "url": "http://jaspar2018.genereg.net/matrix/MA1156.1",
            "pwm": [
              [0.273491, 0.181214, 0.112434, 0.432861], 
              [0.270136, 0.166116, 0.120821, 0.442926], 
              [0.271814, 0.169471, 0.132565, 0.42615], 
              [0.2953, 0.105724, 0.125855, 0.473122], 
              [0.243295, 0.117467, 0.124177, 0.515062], 
              [0.139286, 0.0503643, 0.052041, 0.758309], 
              [0.0101124, 0.040298, 0.0218451, 0.927743], 
              [4.7123e-05, 0.00842435, 0.00674663, 0.984781], 
              [4.7123e-05, 0.0168129, 3.67556e-05, 0.983103], 
              [4.7123e-05, 3.67556e-05, 0.999869, 4.7123e-05], 
              [4.7123e-05, 3.67556e-05, 0.0218451, 0.978071], 
              [0.0185, 0.946187, 3.67556e-05, 0.0352762], 
              [0.0520514, 0.104046, 0.555313, 0.28859], 
              [0.0151456, 0.0335881, 0.0704949, 0.880771], 
              [0.0956691, 0.166116, 0.0570742, 0.681141], 
              [0.145996, 3.67556e-05, 3.67556e-05, 0.853931], 
              [0.224841, 0.0453312, 0.0134575, 0.71637], 
              [0.119155, 0.382523, 0.323808, 0.174515], 
              [0.0788929, 0.226509, 0.0654618, 0.629137], 
              [0.23994, 0.0923033, 0.350649, 0.317108]
            ]
          }, {
            "db": 0,
            "id": "MA1157.1",
            "alt": "NUC",
            "len": 20,
            "nsites": 570,
            "url": "http://jaspar2018.genereg.net/matrix/MA1157.1",
            "pwm": [
              [0.243866, 0.180709, 0.152644, 0.422782], 
              [0.247374, 0.182462, 0.157906, 0.412258], 
              [0.264915, 0.191233, 0.145627, 0.398225], 
              [0.298243, 0.135103, 0.147381, 0.419274], 
              [0.222817, 0.133348, 0.149135, 0.494699], 
              [0.122835, 0.08248, 0.0737095, 0.720976], 
              [0.0140818, 0.0579233, 0.0333656, 0.894629], 
              [4.9272e-05, 0.00880889, 0.014071, 0.977071], 
              [4.9272e-05, 0.014071, 3.84319e-05, 0.985841], 
              [4.9272e-05, 3.84319e-05, 0.999863, 4.9272e-05], 
              [4.9272e-05, 3.84319e-05, 0.00880889, 0.991103], 
              [4.9272e-05, 0.999863, 3.84319e-05, 4.9272e-05], 
              [0.0316227, 0.0894967, 0.668342, 0.210538], 
              [0.00531135, 0.0333656, 0.0579233, 0.9034], 
              [0.110556, 0.156151, 0.0807263, 0.652567], 
              [0.129851, 3.84319e-05, 0.00530051, 0.86481], 
              [0.259653, 0.0719558, 0.0263498, 0.642042], 
              [0.098278, 0.321035, 0.354362, 0.226326], 
              [0.0421469, 0.259642, 0.0965125, 0.601698], 
              [0.229834, 0.0947588, 0.398215, 0.277194]
            ]
          }, {
            "db": 0,
            "id": "MA1158.1",
            "alt": "MGP",
            "len": 20,
            "nsites": 594,
            "url": "http://jaspar2018.genereg.net/matrix/MA1158.1",
            "pwm": [
              [0.314809, 0.34173, 0.0841977, 0.259263], 
              [0.611055, 0.0841977, 0.234004, 0.0707424], 
              [0.240748, 0.308066, 0.311432, 0.139755], 
              [0.676701, 0.0252856, 0.0841977, 0.213816], 
              [0.861855, 3.68793e-05, 0.00340331, 0.134705], 
              [0.708682, 0.0438005, 0.122912, 0.124605], 
              [0.929184, 0.0353849, 0.0337012, 0.001731], 
              [0.25758, 0.637976, 0.0875641, 0.0168794], 
              [4.72816e-05, 3.68793e-05, 0.999869, 4.72816e-05], 
              [0.998195, 3.68793e-05, 0.0017206, 4.72816e-05], 
              [4.72816e-05, 0.999869, 3.68793e-05, 4.72816e-05], 
              [0.972947, 3.68793e-05, 0.0269683, 4.72816e-05], 
              [0.988096, 0.00508703, 0.00676975, 4.72816e-05], 
              [0.952749, 0.0151863, 0.0269683, 0.00509743], 
              [0.814725, 0.0471669, 0.0320185, 0.10609], 
              [0.536994, 0.134694, 0.094297, 0.234015], 
              [0.479765, 0.129645, 0.114496, 0.276095], 
              [0.452833, 0.121228, 0.188557, 0.237381], 
              [0.432634, 0.134694, 0.158259, 0.274412], 
              [0.442734, 0.114496, 0.175091, 0.267679]
            ]
          }, {
            "db": 0,
            "id": "MA1160.1",
            "alt": "AT1G14580",
            "len": 20,
            "nsites": 242,
            "url": "http://jaspar2018.genereg.net/matrix/MA1160.1",
            "pwm": [
              [0.252078, 0.148789, 0.132267, 0.466865], 
              [0.252078, 0.132267, 0.140528, 0.475127], 
              [0.247948, 0.177703, 0.132267, 0.442082], 
              [0.297514, 0.111614, 0.115745, 0.475127], 
              [0.239686, 0.0950922, 0.115745, 0.549476], 
              [0.103379, 0.0620479, 0.0455267, 0.789046], 
              [0.000116026, 0.0248733, 0.020743, 0.954267], 
              [0.000116026, 0.00835109, 9.04998e-05, 0.991442], 
              [0.000116026, 0.0248733, 0.00422079, 0.970789], 
              [0.000116026, 0.00422079, 0.991417, 0.00424632], 
              [0.000116026, 0.00835109, 0.0620479, 0.929484], 
              [0.00837661, 0.979025, 9.04998e-05, 0.0125079], 
              [0.0538128, 0.0868317, 0.636192, 0.223164], 
              [0.00837661, 0.0372651, 0.0579176, 0.89644], 
              [0.0290301, 0.132267, 0.0537873, 0.784916], 
              [0.144684, 9.04998e-05, 0.0248733, 0.830352], 
              [0.2686, 0.020743, 0.00422079, 0.706436], 
              [0.0868572, 0.367708, 0.446187, 0.0992491], 
              [0.0166382, 0.272705, 0.0166127, 0.694044], 
              [0.157076, 0.0620479, 0.483362, 0.297514]
            ]
          }, {
            "db": 0,
            "id": "MA1267.1",
            "alt": "AT5G66940",
            "len": 29,
            "nsites": 597,
            "url": "http://jaspar2018.genereg.net/matrix/MA1267.1",
            "pwm": [
              [0.252936, 0.194309, 0.120619, 0.432136], 
              [0.231164, 0.229479, 0.103872, 0.435485], 
              [0.221116, 0.159139, 0.15579, 0.463956], 
              [0.152451, 0.221106, 0.0820999, 0.544345], 
              [0.175897, 0.237853, 0.0703769, 0.515874], 
              [0.140727, 0.174212, 0.0687022, 0.616359], 
              [0.170872, 0.19096, 0.0553034, 0.582864], 
              [0.244562, 0.199333, 0.0620033, 0.494101], 
              [0.224465, 0.249576, 0.103872, 0.422087], 
              [0.179246, 0.308193, 0.0536287, 0.458931], 
              [0.107232, 0.232829, 0.0435804, 0.616359], 
              [0.149101, 0.0653528, 0.0536287, 0.731917], 
              [0.12063, 0.0737264, 0.0586529, 0.746991], 
              [0.0335424, 0.194309, 0.0419057, 0.730243], 
              [0.189295, 0.175886, 0.0452551, 0.589563], 
              [0.485728, 0.132343, 0.179236, 0.202693], 
              [0.00172176, 0.979772, 0.0167839, 0.00172176], 
              [0.00172176, 0.0352068, 0.00171141, 0.96136], 
              [4.7044e-05, 3.6694e-05, 3.6694e-05, 0.99988], 
              [4.7044e-05, 0.00171141, 3.6694e-05, 0.998205], 
              [0.175897, 0.0368815, 0.00171141, 0.78551], 
              [0.0955081, 0.130668, 0.144067, 0.629758], 
              [0.204368, 0.231154, 0.201008, 0.36347], 
              [0.236188, 0.237853, 0.172537, 0.353422], 
              [0.222791, 0.180911, 0.102198, 0.494101], 
              [0.207717, 0.199333, 0.115595, 0.477354], 
              [0.180922, 0.179236, 0.135692, 0.504151], 
              [0.246237, 0.174212, 0.0904735, 0.489077], 
              [0.304854, 0.137367, 0.0837747, 0.474005]
            ]
          }, {
            "db": 0,
            "id": "MA1268.1",
            "alt": "AT1G69570",
            "len": 27,
            "nsites": 596,
            "url": "http://jaspar2018.genereg.net/matrix/MA1268.1",
            "pwm": [
              [0.219809, 0.201345, 0.0956587, 0.483187], 
              [0.231552, 0.14263, 0.104046, 0.521772], 
              [0.152707, 0.0855924, 0.137598, 0.624103], 
              [0.125865, 0.0704949, 0.189602, 0.614038], 
              [0.114122, 0.441238, 0.0369436, 0.407697], 
              [0.583842, 0.120821, 0.13592, 0.159416], 
              [4.7123e-05, 0.999869, 3.67556e-05, 4.7123e-05], 
              [4.7123e-05, 0.040298, 3.67556e-05, 0.959618], 
              [4.7123e-05, 0.00674663, 3.67556e-05, 0.993169], 
              [4.7123e-05, 3.67556e-05, 3.67556e-05, 0.999879], 
              [0.149351, 0.0352658, 0.0134575, 0.801926], 
              [0.134253, 0.172827, 0.100691, 0.59223], 
              [0.16445, 0.419429, 0.0990131, 0.317108], 
              [0.134253, 0.25335, 0.0503643, 0.562034], 
              [0.109089, 0.134242, 0.0352658, 0.721403], 
              [0.110767, 0.104046, 0.0419757, 0.743211], 
              [0.140963, 0.100691, 0.0570742, 0.701271], 
              [0.162772, 0.182892, 0.0604296, 0.593907], 
              [0.130897, 0.238252, 0.100691, 0.530159], 
              [0.19129, 0.18457, 0.0855924, 0.538548], 
              [0.12251, 0.167794, 0.114112, 0.595585], 
              [0.134253, 0.137598, 0.093981, 0.634169], 
              [0.166126, 0.127532, 0.0872701, 0.619071], 
              [0.203033, 0.166116, 0.0990131, 0.531837], 
              [0.19129, 0.149341, 0.13592, 0.523449], 
              [0.224841, 0.164439, 0.122499, 0.48822], 
              [0.256715, 0.2047, 0.0805602, 0.458024]
            ]
          }, {
            "db": 0,
            "id": "MA1274.1",
            "alt": "OBP3",
            "len": 21,
            "nsites": 600,
            "url": "http://jaspar2018.genereg.net/matrix/MA1274.1",
            "pwm": [
              [0.095031, 0.171675, 0.151678, 0.581617], 
              [0.10003, 0.171675, 0.00336896, 0.724926], 
              [0.218343, 0.153344, 0.0700248, 0.558287], 
              [0.488298, 0.111685, 0.120017, 0.28], 
              [0.00171353, 0.924882, 0.00336896, 0.0700351], 
              [0.00171353, 0.0383631, 3.65106e-05, 0.959887], 
              [4.68089e-05, 0.0200332, 3.65106e-05, 0.979884], 
              [0.00171353, 0.00170323, 3.65106e-05, 0.996548], 
              [0.143356, 0.0350307, 0.00336896, 0.818243], 
              [0.120027, 0.168341, 0.0583598, 0.653271], 
              [0.228342, 0.258326, 0.14168, 0.371652], 
              [0.245006, 0.249995, 0.0533606, 0.451639], 
              [0.105029, 0.269992, 0.0883548, 0.536624], 
              [0.103363, 0.163342, 0.0583598, 0.674934], 
              [0.103363, 0.143346, 0.0067024, 0.746589], 
              [0.105029, 0.208335, 0.00170323, 0.684933], 
              [0.163353, 0.0983531, 0.0866891, 0.651605], 
              [0.131692, 0.206669, 0.101687, 0.559953], 
              [0.106696, 0.183339, 0.110018, 0.599947], 
              [0.191682, 0.173341, 0.0733573, 0.56162], 
              [0.203346, 0.140013, 0.10002, 0.556621]
            ]
          }, {
            "db": 0,
            "id": "MA1277.1",
            "alt": "Adof1",
            "len": 21,
            "nsites": 595,
            "url": "http://jaspar2018.genereg.net/matrix/MA1277.1",
            "pwm": [
              [0.465515, 0.157993, 0.163034, 0.213456], 
              [0.522648, 0.119345, 0.178158, 0.179849], 
              [0.556257, 0.0840567, 0.196643, 0.163045], 
              [0.53105, 0.127746, 0.178158, 0.163045], 
              [0.460474, 0.114304, 0.205044, 0.220178], 
              [0.275631, 0.233611, 0.339476, 0.151283], 
              [0.652039, 0.0806953, 0.181519, 0.0857468], 
              [0.783109, 3.68174e-05, 0.00507797, 0.211777], 
              [0.999879, 3.68174e-05, 3.68174e-05, 4.72021e-05], 
              [0.999879, 3.68174e-05, 3.68174e-05, 4.72021e-05], 
              [0.966272, 3.68174e-05, 0.0336442, 4.72021e-05], 
              [4.72021e-05, 3.68174e-05, 0.999869, 4.72021e-05], 
              [0.161365, 0.189921, 0.157993, 0.490721], 
              [0.623471, 0.0302837, 0.151272, 0.194972], 
              [0.574741, 0.0437265, 0.297466, 0.0840671], 
              [0.640276, 0.0874171, 0.139509, 0.132798], 
              [0.547854, 0.115983, 0.110942, 0.225219], 
              [0.492401, 0.0857364, 0.22689, 0.194972], 
              [0.484, 0.14623, 0.220168, 0.149602], 
              [0.447031, 0.131107, 0.159674, 0.262188], 
              [0.458794, 0.104221, 0.253776, 0.183209]
            ]
          }, {
            "db": 0,
            "id": "MA1281.1",
            "alt": "AT5G02460",
            "len": 21,
            "nsites": 515,
            "url": "http://jaspar2018.genereg.net/matrix/MA1281.1",
            "pwm": [
              [0.421332, 0.167, 0.225242, 0.186426], 
              [0.689241, 0.0485771, 0.174766, 0.0874166], 
              [0.799899, 0.00780803, 0.0252806, 0.167012], 
              [0.994037, 4.25354e-05, 0.00198416, 0.00393678], 
              [0.980447, 4.25354e-05, 4.25354e-05, 0.0194678], 
              [0.900851, 0.00392478, 0.0951701, 5.45331e-05], 
              [0.00393678, 4.25354e-05, 0.992083, 0.00393678], 
              [0.29126, 0.18059, 0.159235, 0.368915], 
              [0.594114, 0.0311045, 0.13788, 0.236902], 
              [0.71642, 4.25354e-05, 0.201945, 0.0815917], 
              [0.6873, 0.147587, 0.112642, 0.0524714], 
              [0.621293, 0.0757558, 0.192238, 0.110713], 
              [0.636824, 0.03887, 0.155352, 0.168954], 
              [0.436863, 0.0718736, 0.289306, 0.201957], 
              [0.506752, 0.118467, 0.186414, 0.188368], 
              [0.638766, 0.0311045, 0.200004, 0.130126], 
              [0.677593, 4.25354e-05, 0.141763, 0.180602], 
              [0.669827, 0.0874046, 0.201945, 0.0408236], 
              [0.504811, 0.0524594, 0.213593, 0.229136], 
              [0.533932, 0.114583, 0.271835, 0.0796511], 
              [0.510635, 0.0757558, 0.231066, 0.182543]
            ]
          }
        ],
        "all_matches": [
          {
            "idx": 5,
            "matches": [
              {
                "idx": 7,
                "rc": true,
                "off": -4,
                "pv": "1.12e-07",
                "ev": "1.57e-04",
                "qv": "3.13e-04"
              }, {
                "idx": 6,
                "rc": false,
                "off": 0,
                "pv": "3.09e-04",
                "ev": "4.34e-01",
                "qv": "4.34e-01"
              }, {
                "idx": 0,
                "rc": true,
                "off": -4,
                "pv": "6.64e-04",
                "ev": "9.32e-01",
                "qv": "6.21e-01"
              }
            ]
          }, {
            "idx": 2,
            "matches": [
              {
                "idx": 5,
                "rc": false,
                "off": 6,
                "pv": "2.78e-04",
                "ev": "3.90e-01",
                "qv": "4.85e-01"
              }, {
                "idx": 2,
                "rc": false,
                "off": -1,
                "pv": "4.60e-04",
                "ev": "6.46e-01",
                "qv": "4.85e-01"
              }, {
                "idx": 4,
                "rc": false,
                "off": 0,
                "pv": "5.96e-04",
                "ev": "8.36e-01",
                "qv": "4.85e-01"
              }, {
                "idx": 3,
                "rc": false,
                "off": 0,
                "pv": "6.90e-04",
                "ev": "9.69e-01",
                "qv": "4.85e-01"
              }
            ]
          }, {
            "idx": 1,
            "matches": [
              {
                "idx": 1,
                "rc": false,
                "off": 1,
                "pv": "4.65e-04",
                "ev": "6.53e-01",
                "qv": "7.72e-01"
              }
            ]
          }, {
            "idx": 6,
            "matches": [
              {
                "idx": 12,
                "rc": false,
                "off": -1,
                "pv": "2.43e-06",
                "ev": "3.42e-03",
                "qv": "6.81e-03"
              }, {
                "idx": 13,
                "rc": false,
                "off": -2,
                "pv": "1.34e-05",
                "ev": "1.89e-02",
                "qv": "1.88e-02"
              }, {
                "idx": 14,
                "rc": false,
                "off": -9,
                "pv": "1.72e-04",
                "ev": "2.42e-01",
                "qv": "1.60e-01"
              }, {
                "idx": 16,
                "rc": true,
                "off": 0,
                "pv": "3.56e-04",
                "ev": "4.99e-01",
                "qv": "2.14e-01"
              }, {
                "idx": 11,
                "rc": false,
                "off": 0,
                "pv": "4.55e-04",
                "ev": "6.39e-01",
                "qv": "2.14e-01"
              }, {
                "idx": 9,
                "rc": false,
                "off": 0,
                "pv": "6.50e-04",
                "ev": "9.12e-01",
                "qv": "2.14e-01"
              }, {
                "idx": 15,
                "rc": true,
                "off": -9,
                "pv": "6.74e-04",
                "ev": "9.46e-01",
                "qv": "2.14e-01"
              }, {
                "idx": 8,
                "rc": false,
                "off": 0,
                "pv": "6.89e-04",
                "ev": "9.67e-01",
                "qv": "2.14e-01"
              }, {
                "idx": 10,
                "rc": true,
                "off": 0,
                "pv": "6.89e-04",
                "ev": "9.67e-01",
                "qv": "2.14e-01"
              }
            ]
          }
        ],
        "runtime": {
          "host": "Sudins-iMac.local",
          "when": "Thu May 24 14:18:04 2018",
          "cycles": 16471548,
          "seconds": 16.472
        }
      };
    </script>
    <script>
var site_url = "http://meme-suite.org";
</script>
    <script>

/*
 * $
 *
 * Shorthand function for getElementById
 */
function $(el) {
  return document.getElementById(el);
}


/*
 * See http://stackoverflow.com/a/5450113/66387
 * Does string multiplication like the perl x operator.
 */
function string_mult(pattern, count) {
    if (count < 1) return '';
    var result = '';
    while (count > 1) {
        if (count & 1) result += pattern;
        count >>= 1, pattern += pattern;
    }
    return result + pattern;
}

/*
 * See http://stackoverflow.com/questions/814613/how-to-read-get-data-from-a-url-using-javascript
 * Slightly modified with information from
