<!DOCTYPE HTML>
<html>
  <head>
    <meta charset="UTF-8">
    <title>SpaMo - Spaced Motif Analysis</title>
    <script type="text/javascript">
      //@JSON_VAR data
      var data = {"program":"SpaMo","version":"4.12.0","revision":"aacc9c3eb8c7b460b344d5c8aa1458097dae704d","release":"Tue Jun 27 16:22:50 2017 -0700","host":"Sudins-iMac.local","when":"Thu May 24 12:44:30 2018","cmd":["spamo","-verbosity","1","-oc","results/AHRpeaks_noAHREs.bed-399.fa/jaspar/spamo_out_1","-bgfile","results/AHRpeaks_noAHREs.bed-399.fa/jaspar/background","-primary","RYAAAYA","results/AHRpeaks_noAHREs.bed-399.fa/jaspar/AHRpeaks_noAHREs.bed-399.fa","results/AHRpeaks_noAHREs.bed-399.fa/jaspar/dreme_out/dreme.xml","results/AHRpeaks_noAHREs.bed-399.fa/jaspar/meme_out/meme.xml","results/AHRpeaks_noAHREs.bed-399.fa/jaspar/dreme_out/dreme.xml","/Users/filipov4/meme/db/motif_databases/JASPAR/JASPAR2018_CORE_non-redundant.meme"],"options":{"seq_min_hit_score":7,"margin":150,"bin_size":1,"bin_pvalue_calc_range":150,"use_best_secondary":0,"seq_max_shared_fract":0.5,"seq_odds_ratio":20,"bin_pvalue_cutoff":0.05,"motif_evalue_cutoff":10,"redundant_overlap":2,"redundant_joint":0.5,"motif_pseudocount":0.1,"bgfile":"results/AHRpeaks_noAHREs.bed-399.fa/jaspar/background","motif_trim":0.25,"xalph":0,"seed":1,"bin_max":8},"alphabet":{"name":"DNA","like":"dna","ncore":4,"symbols":[{"symbol":"A","name":"Adenine","colour":"CC0000","complement":"T"},{"symbol":"C","name":"Cytosine","colour":"0000CC","complement":"G"},{"symbol":"G","name":"Guanine","colour":"FFB300","complement":"C"},{"symbol":"T","aliases":"U","name":"Thymine","colour":"008000","complement":"A"},{"symbol":"N","aliases":"X.","name":"Any base","equals":"ACGT"},{"symbol":"V","name":"Not T","equals":"ACG"},{"symbol":"H","name":"Not G","equals":"ACT"},{"symbol":"D","name":"Not C","equals":"AGT"},{"symbol":"B","name":"Not A","equals":"CGT"},{"symbol":"M","name":"Amino","equals":"AC"},{"symbol":"R","name":"Purine","equals":"AG"},{"symbol":"W","name":"Weak","equals":"AT"},{"symbol":"S","name":"Strong","equals":"CG"},{"symbol":"Y","name":"Pyrimidine","equals":"CT"},{"symbol":"K","name":"Keto","equals":"GT"}]},"background":[0.2906,0.2094,0.2094,0.2906],"sequence_dbs":[{"source":"results/AHRpeaks_noAHREs.bed-399.fa/jaspar/AHRpeaks_noAHREs.bed-399.fa","name":"AHRpeaks_noAHREs.bed-399","last_modified":"Thu May 24 11:14:35 2018","loaded":1181,"excluded_too_short":0,"excluded_no_match":701,"excluded_ambigs":0,"excluded_similar":12,"erased_primary_matches":590}],"primary_dbs":[{"source":"results/AHRpeaks_noAHREs.bed-399.fa/jaspar/dreme_out/dreme.xml","name":"dreme.xml","last_modified":"Thu May 24 12:43:41 2018","loaded":6,"excluded":5}],"secondary_dbs":[{"source":"results/AHRpeaks_noAHREs.bed-399.fa/jaspar/meme_out/meme.xml","name":"meme.xml","last_modified":"Thu May 24 12:42:58 2018","loaded":7,"excluded":0},{"source":"results/AHRpeaks_noAHREs.bed-399.fa/jaspar/dreme_out/dreme.xml","name":"dreme.xml","last_modified":"Thu May 24 12:43:41 2018","loaded":7,"excluded":1},{"source":"/Users/filipov4/meme/db/motif_databases/JASPAR/JASPAR2018_CORE_non-redundant.meme","name":"JASPAR2018_CORE_non-redundant","last_modified":"Thu Dec  7 14:38:42 2017","loaded":1404,"excluded":0}],"secondary_motifs":[{"db":0,"id":"AAAAYTCTAGAAGATARCATYRGAAAAMCC","alt":"MEME-7","len":30,"ltrim":0,"rtrim":0,"nsites":6,"evalue":"3.3e-013","pwm":[[0.98837,0.00343279,0.00343279,0.00476393],[0.98837,0.00343279,0.00343279,0.00476393],[0.98837,0.00343279,0.00343279,0.00476393],[0.98837,0.00343279,0.00343279,0.00476393],[0.00476393,0.331301,0.00343279,0.660502],[0.00476393,0.167368,0.00343279,0.824436],[0.00476393,0.987039,0.00343279,0.00476393],[0.00476393,0.167368,0.00343279,0.824436],[0.824436,0.00343279,0.167368,0.00476393],[0.00476393,0.00343279,0.823105,0.168699],[0.98837,0.00343279,0.00343279,0.00476393],[0.98837,0.00343279,0.00343279,0.00476393],[0.00476393,0.00343279,0.987039,0.00476393],[0.98837,0.00343279,0.00343279,0.00476393],[0.00476393,0.00343279,0.00343279,0.98837],[0.98837,0.00343279,0.00343279,0.00476393],[0.660502,0.00343279,0.331301,0.00476393],[0.00476393,0.987039,0.00343279,0.00476393],[0.824436,0.167368,0.00343279,0.00476393],[0.00476393,0.00343279,0.00343279,0.98837],[0.168699,0.495236,0.00343279,0.332632],[0.496567,0.00343279,0.495236,0.00476393],[0.168699,0.00343279,0.823105,0.00476393],[0.98837,0.00343279,0.00343279,0.00476393],[0.824436,0.00343279,0.167368,0.00476393],[0.98837,0.00343279,0.00343279,0.00476393],[0.824436,0.00343279,0.00343279,0.168699],[0.660502,0.331301,0.00343279,0.00476393],[0.00476393,0.987039,0.00343279,0.00476393],[0.00476393,0.987039,0.00343279,0.00476393]]},{"db":0,"id":"CAWGACCAAGARYYCAAARGCA","alt":"MEME-5","len":22,"ltrim":0,"rtrim":0,"nsites":12,"evalue":"3.3e-013","pwm":[[0.00240165,0.993466,0.00173058,0.00240165],[0.746203,0.249664,0.00173058,0.00240165],[0.33298,0.00173058,0.00173058,0.663559],[0.0850459,0.0843749,0.828177,0.00240165],[0.911493,0.0843749,0.00173058,0.00240165],[0.00240165,0.745532,0.16702,0.0850459],[0.0850459,0.910822,0.00173058,0.00240165],[0.911493,0.0843749,0.00173058,0.00240165],[0.828848,0.0843749,0.0843749,0.00240165],[0.167691,0.00173058,0.745532,0.0850459],[0.828848,0.00173058,0.00173058,0.167691],[0.415625,0.0843749,0.497598,0.00240165],[0.00240165,0.497598,0.00173058,0.498269],[0.00240165,0.580243,0.0843749,0.33298],[0.00240165,0.993466,0.00173058,0.00240165],[0.828848,0.00173058,0.00173058,0.167691],[0.828848,0.00173058,0.16702,0.00240165],[0.911493,0.00173058,0.0843749,0.00240165],[0.580914,0.00173058,0.414954,0.00240165],[0.00240165,0.0843749,0.828177,0.0850459],[0.00240165,0.910822,0.0843749,0.00240165],[0.828848,0.00173058,0.00173058,0.167691]]},{"db":0,"id":"TSTRGTCAGACYGGTTCTCTGCTCTTGAAC","alt":"MEME-4","len":30,"ltrim":0,"rtrim":0,"nsites":5,"evalue":"4.3e-017","pwm":[[0.00569804,0.00410589,0.00410589,0.98609],[0.00569804,0.396263,0.592341,0.00569804],[0.00569804,0.00410589,0.00410589,0.98609],[0.397855,0.00410589,0.592341,0.00569804],[0.00569804,0.00410589,0.984498,0.00569804],[0.00569804,0.00410589,0.00410589,0.98609],[0.00569804,0.984498,0.00410589,0.00569804],[0.98609,0.00410589,0.00410589,0.00569804],[0.00569804,0.00410589,0.984498,0.00569804],[0.98609,0.00410589,0.00410589,0.00569804],[0.00569804,0.984498,0.00410589,0.00569804],[0.00569804,0.396263,0.00410589,0.593933],[0.00569804,0.00410589,0.984498,0.00569804],[0.00569804,0.00410589,0.984498,0.00569804],[0.00569804,0.00410589,0.00410589,0.98609],[0.00569804,0.00410589,0.00410589,0.98609],[0.00569804,0.78842,0.200184,0.00569804],[0.00569804,0.00410589,0.00410589,0.98609],[0.00569804,0.984498,0.00410589,0.00569804],[0.00569804,0.00410589,0.00410589,0.98609],[0.00569804,0.00410589,0.984498,0.00569804],[0.00569804,0.984498,0.00410589,0.00569804],[0.00569804,0.00410589,0.00410589,0.98609],[0.00569804,0.984498,0.00410589,0.00569804],[0.00569804,0.00410589,0.00410589,0.98609],[0.00569804,0.200184,0.00410589,0.790012],[0.201776,0.00410589,0.78842,0.00569804],[0.98609,0.00410589,0.00410589,0.00569804],[0.98609,0.00410589,0.00410589,0.00569804],[0.00569804,0.984498,0.00410589,0.00569804]]},{"db":2,"id":"MA0034.1","alt":"Gam1","len":10,"ltrim":2,"rtrim":0,"nsites":25,"url":"http://jaspar2018.genereg.net/matrix/MA0034.1","pwm":[[0.16052,0.239878,0.439081,0.16052],[0.399564,0.200037,0.279719,0.12068],[0.12068,0.518763,0.000834264,0.359724],[0.917492,0.0406749,0.0406749,0.00115777],[0.997174,0.000834264,0.000834264,0.00115777],[0.0409984,0.95701,0.000834264,0.00115777],[0.12068,0.558603,0.239878,0.080839],[0.240202,0.000834264,0.757806,0.00115777],[0.399564,0.439081,0.000834264,0.16052],[0.200361,0.757806,0.0406749,0.00115777]]},{"db":2,"id":"MA0216.2","alt":"cad","len":11,"ltrim":0,"rtrim":0,"nsites":2303,"url":"http://jaspar2018.genereg.net/matrix/MA0216.2","pwm":[[0.370818,9.0921e-06,0.496297,0.132877],[0.249676,0.148071,0.602241,1.26178e-05],[1.26178e-05,0.643055,9.0921e-06,0.356923],[0.32349,0.64045,9.0921e-06,0.0360511],[0.919209,9.0921e-06,0.0807696,1.26178e-05],[1.26178e-05,0.0412583,9.0921e-06,0.95872],[0.970878,9.0921e-06,9.0921e-06,0.0291034],[0.999969,9.0921e-06,9.0921e-06,1.26178e-05],[0.999969,9.0921e-06,9.0921e-06,1.26178e-05],[0.710794,0.0499419,0.0638363,0.175428],[0.454183,0.327828,9.0921e-06,0.21798]]},{"db":2,"id":"MA0343.1","alt":"NDT80","len":21,"ltrim":5,"rtrim":4,"nsites":998,"url":"http://jaspar2018.genereg.net/matrix/MA0343.1","pwm":[[0.289579,0.282558,0.118245,0.309617],[0.197602,0.276823,0.160486,0.365088],[0.169521,0.213641,0.172522,0.444318],[0.215655,0.404193,0.140428,0.239724],[0.201412,0.43084,0.176356,0.191393],[0.0992172,0.114238,0.495963,0.290581],[0.188198,0.020039,0.675629,0.116133],[0.444875,0.48394,0.0410989,0.0300861],[0.0120519,0.949826,0.00402858,0.0340937],[0.941819,0.00703428,0.0451065,0.00604051],[0.0180813,0.969834,0.00603838,0.00604651],[0.966866,0.00402858,0.00903808,0.0200671],[0.971876,0.00503048,0.0150495,0.00804431],[0.94588,0.00302368,0.0140336,0.0370624],[0.715102,0.0240906,0.236707,0.0240987],[0.497471,0.178539,0.0822597,0.24173],[0.123387,0.631854,0.0952974,0.149462],[0.127271,0.329647,0.440859,0.102223],[0.314312,0.330318,0.27727,0.0780993],[0.360714,0.177358,0.230459,0.231469],[0.478416,0.19258,0.174527,0.154477]]},{"db":2,"id":"MA0347.1","alt":"NRG1","len":20,"ltrim":6,"rtrim":2,"nsites":999,"url":"http://jaspar2018.genereg.net/matrix/MA0347.1","pwm":[[0.181192,0.404384,0.14315,0.271273],[0.243248,0.225223,0.1992,0.332328],[0.293587,0.250497,0.27855,0.177366],[0.259522,0.239476,0.26252,0.238482],[0.419827,0.112234,0.269533,0.198406],[0.213221,0.25525,0.0921037,0.439424],[0.455895,0.48895,0.00903806,0.0461165],[0.960894,0.00302366,0.0360534,2.90862e-05],[0.00203289,0.00102286,0.992908,0.00403669],[0.00203289,0.00102286,0.994911,0.00203289],[0.01105,2.09589e-05,0.987898,0.00103099],[0.071093,0.0110309,0.00202276,0.915853],[0.00404068,0.93072,0.00202676,0.0632128],[0.00303179,0.82076,0.00302366,0.173185],[0.503987,0.0871862,0.039095,0.369731],[0.245741,0.202609,0.239716,0.311934],[0.124265,0.303598,0.269533,0.302604],[0.224456,0.0671482,0.549064,0.159332],[0.206628,0.401185,0.228684,0.163503],[0.325647,0.171347,0.233465,0.269541]]},{"db":2,"id":"MA0421.1","alt":"NSI1","len":10,"ltrim":0,"rtrim":0,"nsites":1905,"url":"http://jaspar2018.genereg.net/matrix/MA0421.1","pwm":[[0.0913495,1.09916e-05,0.143835,0.764804],[1.52538e-05,1.09916e-05,0.0215499,0.978424],[1.52538e-05,0.0545921,1.09916e-05,0.945382],[0.999963,1.09916e-05,1.09916e-05,1.52538e-05],[1.52538e-05,0.999959,1.09916e-05,1.52538e-05],[1.52538e-05,0.999959,1.09916e-05,1.52538e-05],[0.0635549,0.936419,1.09916e-05,1.52538e-05],[1.52538e-05,1.09916e-05,0.999959,1.52538e-05],[0.0267459,1.09916e-05,0.973228,1.52538e-05],[0.384117,0.414683,0.0577,0.143499]]},{"db":2,"id":"MA0593.1","alt":"FOXP2","len":11,"ltrim":1,"rtrim":1,"nsites":766,"url":"http://jaspar2018.genereg.net/matrix/MA0593.1","pwm":[[0.430791,0.147528,0.248037,0.173644],[0.443844,0.00916414,0.185382,0.36161],[0.208888,2.73333e-05,0.791047,3.79324e-05],[0.0770509,2.73333e-05,2.73333e-05,0.922894],[0.999907,2.73333e-05,2.73333e-05,3.79324e-05],[0.999907,2.73333e-05,2.73333e-05,3.79324e-05],[0.999907,2.73333e-05,2.73333e-05,3.79324e-05],[3.79324e-05,0.988149,2.73333e-05,0.0117854],[0.999907,2.73333e-05,2.73333e-05,3.79324e-05],[0.387715,0.201045,0.382484,0.0287552],[0.433401,0.161886,0.240205,0.164507]]},{"db":2,"id":"MA0767.1","alt":"GCM2","len":10,"ltrim":1,"rtrim":1,"nsites":1321,"url":"http://jaspar2018.genereg.net/matrix/MA0767.1","pwm":[[0.135515,0.257377,0.28387,0.323238],[0.75815,0.0442395,0.171743,0.025867],[0.0163558,0.0291326,0.0170596,0.937451],[0.162858,0.0198284,0.817291,2.19968e-05],[0.0503482,0.790849,0.0826936,0.0761092],[0.0354853,0.000710798,0.917888,0.0459155],[2.19968e-05,1.58504e-05,0.990189,0.00977326],[0.00077894,1.58504e-05,0.999183,2.19968e-05],[0.0452056,0.261784,0.0447075,0.648303],[0.453776,0.106069,0.258329,0.181826]]},{"db":2,"id":"MA0917.1","alt":"gcm2","len":8,"ltrim":0,"rtrim":0,"nsites":1000,"url":"http://jaspar2018.genereg.net/matrix/MA0917.1","pwm":[[0.729956,0.11101,0.159005,2.90571e-05],[2.90571e-05,0.0120197,2.09379e-05,0.98793],[0.235006,0.0240185,0.740947,2.90571e-05],[0.0470244,0.799941,0.141007,0.0120279],[0.070951,2.09379e-05,0.752194,0.176834],[2.90571e-05,2.09379e-05,0.999921,2.90571e-05],[2.90571e-05,2.09379e-05,0.999921,2.90571e-05],[0.0559675,0.351634,0.0929186,0.499479]]},{"db":2,"id":"MA1195.1","alt":"AT5G56840","len":15,"ltrim":0,"rtrim":1,"nsites":600,"url":"http://jaspar2018.genereg.net/matrix/MA1195.1","pwm":[[0.558288,0.0750224,0.0950191,0.27167],[0.628277,0.0333623,0.120015,0.218345],[0.0783684,0.539945,0.0616916,0.319995],[0.190017,0.596602,0.0983515,0.115029],[0.0183784,0.0400282,0.00336734,0.938225],[0.0217118,0.0316966,0.0117,0.934893],[0.989883,0.00503406,3.48942e-05,0.00504759],[4.84252e-05,0.00336734,0.00170162,0.994883],[4.84252e-05,0.999868,3.48942e-05,4.84252e-05],[0.0100468,0.801568,3.48942e-05,0.18835],[0.719928,0.0100332,0.0783548,0.191683],[0.373319,0.143344,0.0500266,0.433309],[0.554956,0.00670078,0.0166991,0.421645],[0.423311,0.113349,0.041695,0.421645],[0.328327,0.244994,0.146677,0.280002]]},{"db":2,"id":"MA1236.1","alt":"ESE3","len":19,"ltrim":1,"rtrim":1,"nsites":596,"url":"http://jaspar2018.genereg.net/matrix/MA1236.1","pwm":[[0.248329,0.367423,0.167792,0.216455],[0.161096,0.0805586,0.607316,0.15103],[0.189614,0.109077,0.617382,0.0839277],[0.312077,0.310386,0.1074,0.270137],[0.244974,0.0436518,0.51505,0.196325],[0.191292,0.0503627,0.555311,0.203035],[0.298657,0.256703,0.0470072,0.397633],[0.15103,0.0117782,0.627447,0.209746],[0.244974,0.0285533,0.6459,0.0805722],[0.0201794,0.910956,3.51284e-05,0.0688292],[4.87502e-05,3.51284e-05,0.999867,4.87502e-05],[0.00172647,0.00506828,0.993157,4.87502e-05],[0.0486986,0.671064,3.51284e-05,0.280203],[4.87502e-05,3.51284e-05,0.984769,0.0151472],[0.0252125,0.0755255,0.879083,0.0201794],[0.452993,0.354003,0.0319088,0.161096],[0.0772168,0.0151336,0.840498,0.0671515],[0.244974,0.115788,0.582152,0.0570862],[0.390923,0.164438,0.124175,0.320465]]},{"db":2,"id":"MA1398.1","alt":"At5g47390","len":15,"ltrim":3,"rtrim":0,"nsites":599,"url":"http://jaspar2018.genereg.net/matrix/MA1398.1","pwm":[[0.375612,0.198666,0.0868315,0.33889],[0.317191,0.203674,0.111869,0.367266],[0.462408,0.121885,0.105192,0.310515],[0.484108,0.0751474,0.153598,0.287146],[0.126905,0.475749,0.0801556,0.317191],[0.227056,0.500786,0.0951781,0.176981],[0.0184094,0.0734787,3.49525e-05,0.908077],[0.0184094,0.0100503,0.0250728,0.946469],[0.999882,3.49525e-05,3.49525e-05,4.85061e-05],[4.85061e-05,3.49525e-05,3.49525e-05,0.999882],[4.85061e-05,0.999868,3.49525e-05,4.85061e-05],[4.85061e-05,0.879688,3.49525e-05,0.120228],[0.736153,0.00671184,0.123553,0.133582],[0.357251,0.210351,0.0467721,0.385627],[0.509146,0.0267415,0.0150574,0.449056]]},{"db":2,"id":"MA1399.1","alt":"At5g08520","len":13,"ltrim":1,"rtrim":0,"nsites":598,"url":"http://jaspar2018.genereg.net/matrix/MA1399.1","pwm":[[0.324409,0.115401,0.277581,0.28261],[0.488261,0.0384906,0.120416,0.352833],[0.414695,0.0284583,0.0251148,0.531733],[0.349488,0.0702573,0.300988,0.279266],[0.369552,0.0986805,0.0501936,0.481573],[0.329425,0.00337845,0.628693,0.0385042],[4.85872e-05,3.50109e-05,0.996524,0.00339203],[0.999881,3.50109e-05,3.50109e-05,4.85872e-05],[4.85872e-05,3.50109e-05,3.50109e-05,0.999881],[0.986506,3.50109e-05,0.0134108,4.85872e-05],[0.999881,3.50109e-05,3.50109e-05,4.85872e-05],[0.00840819,0.0886492,0.827656,0.075287],[0.341129,0.0669138,0.521687,0.0702708]]},{"db":2,"id":"MA1405.1","alt":"SIZF2","len":10,"ltrim":1,"rtrim":0,"nsites":99999,"url":"http://jaspar2018.genereg.net/matrix/MA1405.1","pwm":[[0.161912,0.207032,0.393434,0.237622],[0.883799,0.0062702,0.0833101,0.0266203],[0.00264029,0.787101,0.204958,0.00530029],[0.0332903,0.0091802,0.0125102,0.945019],[0.0744012,0.0295302,0.887178,0.00889028],[0.633944,0.0407302,0.0472002,0.278127],[0.00889028,0.887178,0.0295302,0.0744012],[0.945019,0.0125102,0.0091802,0.0332903],[0.00530029,0.204958,0.787101,0.00264029],[0.0266203,0.0833101,0.0062702,0.883799]]}],"sequence_names":["chr10:111745350-111745949","chr10:111946450-111946999","chr10:114575150-114575649","chr10:27926250-27926899","chr10:29393600-29394699","chr10:82875900-82876649","chr11:17946150-17946799","chr11:85539250-85539749","chr12:100241500-100242199","chr12:124907150-124907599","chr12:125405550-125406349","chr12:23635400-23635949","chr12:44917600-44918199","chr12:48921100-48921599","chr12:60349700-60350149","chr12:93935350-93936199","chr13:105097350-105097949","chr13:107721550-107722049","chr13:34698900-34699299","chr13:51218200-51218849","chr14:100477800-100479749","chr14:35822950-35823499","chr14:40682950-40683349","chr14:75649600-75650299","chr14:77120200-77120649","chr14:77499400-77499849","chr14:95103050-95103449","chr15:42338350-42339299","chr15:70616400-70616849","chr15:93425100-93425599","chr15:99410600-99411249","chr15:99419950-99420649","chr16:19554900-19555449","chr16:27246350-27246899","chr16:29794700-29795349","chr16:48743850-48744349","chr16:78084750-78085299","chr16:78324800-78325299","chr16:89909150-89909599","chr17:56468750-56469149","chr17:59800300-59801199","chr17:62224550-62224999","chr17:70515100-70515599","chr17:77638700-77639249","chr17:78690100-78690649","chr18:47685150-47685899","chr19:16283600-16284199","chr1:109817350-109817849","chr1:114576750-114577199","chr1:117248600-117249099","chr1:175147450-175147999","chr1:186121800-186122499","chr1:18861950-18862349","chr1:215176850-215177449","chr1:232299350-232299799","chr20:22893500-22894049","chr21:22611050-22611949","chr21:36250600-36251299","chr21:36604600-36605499","chr21:43539500-43540649","chr22:41128450-41129199","chr2:102648750-102649349","chr2:121156650-121157149","chr2:140465800-140466499","chr2:142268550-142269149","chr2:154085450-154086299","chr2:19172650-19173249","chr2:193967450-193968099","chr2:212287650-212288299","chr2:216159550-216159999","chr2:220264750-220265349","chr2:54799300-54799849","chr3:12464450-12465099","chr3:180576700-180577349","chr3:181568450-181569449","chr3:195266050-195266899","chr3:195316450-195317049","chr3:40437850-40438349","chr3:99703400-99704099","chr4:131057400-131058299","chr4:131215400-131215799","chr4:16035550-16036049","chr4:40365350-40365949","chr4:65820200-65820599","chr4:86369850-86370399","chr4:97622950-97623549","chr5:100627750-100628899","chr5:116752950-116753499","chr5:120625300-120625699","chr5:123430450-123431149","chr5:127270450-127271099","chr5:138480500-138480949","chr5:140325200-140326099","chr5:145788550-145789049","chr5:172942450-172942999","chr5:83731650-83732099","chr5:895650-896199","chr6:12492650-12493099","chr6:128944800-128945249","chr6:149382200-149382949","chr6:151953400-151954499","chr6:17389250-17389999","chr6:1761700-1762199","chr6:55059400-55060049","chr6:65487900-65488799","chr7:12687100-12687699","chr7:141362700-141363349","chr7:156925300-156926049","chr7:44455200-44455749","chr7:46750900-46751399","chr7:56263700-56264349","chr7:77616650-77617199","chr7:84957900-84958649","chr7:89401350-89402049","chr7:99639000-99639699","chr8:128050900-128051349","chr8:134863400-134864549","chr8:27772800-27773499","chr8:51028000-51028599","chr8:67102950-67103499","chr8:68624350-68625049","chr8:91899800-91901849","chr8:95417100-95417999","chr9:110893150-110893649","chr9:114792150-114792699","chr9:115154300-115154899","chr9:15350350-15350799","chr9:2235450-2236099","chr9:83691250-83691949","chr9:83933100-83933999","chr9:97392700-97393499","chr9:97685350-97686299","chrX:132009550-132010299","chrX:17309600-17310199","chrX:38665050-38665449","chrX:9384550-9385399"],"primaries":[{"motif":{"db":0,"id":"RYAAAYA","alt":"DREME-1","len":7,"ltrim":0,"rtrim":0,"nsites":607,"evalue":"1.6e-044","pwm":[[0.528791,3.44919e-05,0.471127,4.78669e-05],[4.78669e-05,0.495834,3.44919e-05,0.504084],[0.999883,3.44919e-05,3.44919e-05,4.78669e-05],[0.999883,3.44919e-05,3.44919e-05,4.78669e-05],[0.999883,3.44919e-05,3.44919e-05,4.78669e-05],[4.78669e-05,0.573251,3.44919e-05,0.426667],[0.999883,3.44919e-05,3.44919e-05,4.78669e-05]]},"secondaries":[[{"idx":2,"counts":[[0,0,0,0,0,0,0,0,0,0,0,0,0,0,0,0,0,0,0,0,0,0,0,0,0,0,0,0,0,0,0,0,0,0,0,0,0,0,0,0,0,0,0,0,0,0,0,0,0,0,0,0,0,0,0,0,0,0,0,0,0,0,0,0,0,0,0,0,0,0,0,0,0,0,0,0,0,0,0,0,0,0,0,0,0,0,0,0,0,0,0,0,0,0,0,0,0,0,0,0,0,0,0,0,0,0,0,0,0,0,0,0,0,0,0,0,0,0,0,0,0,0],[0,0,0,0,0,0,0,0,0,0,0,0,0,0,0,0,0,0,0,0,0,0,0,0,0,0,0,0,0,0,0,0,0,0,0,0,0,0,0,0,0,0,0,0,0,0,0,0,0,0,0,0,0,0,0,0,0,0,0,0,0,0,0,0,0,0,0,0,0,0,0,0,0,0,0,0,0,0,0,0,0,0,0,0,0,0,0,0,0,0,0,0,0,0,0,0,0,0,0,0,0,0,0,0,0,0,0,0,0,0,0,0,0,0,0,0,0,0,0,0,0,0],[0,0,0,0,0,0,0,0,0,0,0,0,0,0,0,0,0,0,0,0,0,0,0,0,0,0,0,0,0,0,0,0,0,0,0,0,0,0,0,0,0,0,0,0,0,0,0,0,0,0,0,0,0,0,0,0,0,0,0,0,0,0,0,0,0,0,0,0,0,0,0,0,0,0,0,0,0,0,0,0,0,0,0,0,0,0,0,0,0,0,0,0,0,0,0,0,0,0,0,0,0,0,0,0,0,0,0,0,0,0,0,0,0,0,0,0,0,0,0,0,0,0],[0,0,0,0,0,0,0,0,0,0,0,0,0,0,0,0,0,4,0,0,0,2,0,0,0,0,0,0,0,0,0,0,0,0,0,0,0,0,0,0,0,0,0,0,0,0,0,0,0,0,0,0,0,0,0,0,0,0,0,0,0,0,0,0,0,0,0,0,0,0,0,0,0,0,0,0,0,0,0,0,0,0,0,0,0,0,0,0,0,0,0,0,0,0,0,0,0,0,0,0,0,0,0,0,0,0,0,0,0,0,0,0,0,0,0,0,0,0,0,0,0,0]],"spacings":[{"orient":3,"bin":17,"pvalue":2.72441e-10,"inferred_pwm":[[0,0,0,1],[0,0.5,0.25,0.25],[0,0,0,1],[0.5,0,0.5,0],[0,0,1,0],[0,0,0,1],[0,1,0,0],[0.75,0,0.25,0],[0,0,1,0],[1,0,0,0],[0,1,0,0],[0,0.75,0,0.25],[0.25,0,0.75,0],[0,0,1,0],[0,0,0,1],[0,0,0,1],[0,0.75,0.25,0],[0,0,0,1],[0,1,0,0],[0,0,0,1],[0,0,1,0],[0,1,0,0],[0,0,0,1],[0,1,0,0],[0,0,0,1],[0,0.75,0,0.25],[0.25,0,0.75,0],[1,0,0,0],[1,0,0,0],[0,1,0,0]],"alignment_pwm":[null,null,null,[[0.5,0,0.5,0],[0,0,1,0],[0,0,1,0],[0,1,0,0],[1,0,0,0],[1,0,0,0],[1,0,0,0],[1,0,0,0],[0,0,0,1],[0,0.25,0,0.75],[1,0,0,0],[0,0,1,0],[1,0,0,0],[1,0,0,0],[0,0.25,0,0.75],[0,0,0,1],[1,0,0,0],[0,1,0,0],[0,0,0,1],[0,0,1,0],[1,0,0,0],[0,0,0,1],[0.25,0,0.75,0],[1,0,0,0],[0,0,1,0],[0,0,1,0],[0,0,1,0],[0,0.25,0,0.75],[0,1,0,0],[0,0,0,1],[0.75,0,0.25,0],[0,0,0,1],[0,0,1,0],[0,0,0,1],[0,0.5,0,0.5],[0,1,0,0],[0.5,0.5,0,0],[0,0,1,0],[0,0.75,0,0.25],[0,0,0,1],[0,0,1,0],[0,0,0,1],[0,0,1,0],[0,0.75,0,0.25],[1,0,0,0],[0,0.5,0,0.5],[0,0,1,0],[0,0.5,0,0.5],[1,0,0,0],[0,0.25,0,0.75],[0,0,0,1],[0,0,1,0],[0,0,0,1],[0,1,0,0],[0,0,0,1],[0,0,0,1],[0,0,1,0],[1,0,0,0],[0,0,0,1],[1,0,0,0],[1,0,0,0],[1,0,0,0],[0,1,0,0],[1,0,0,0],[0,0,0,1],[0,1,0,0],[0,0,0,1],[0,0,0,1],[1,0,0,0],[1,0,0,0],[0.25,0.75,0,0],[1,0,0,0],[0,0,1,0],[0.25,0,0.75,0],[1,0,0,0],[0.5,0,0.5,0],[1,0,0,0],[0,0.75,0,0.25],[1,0,0,0],[0,0,1,0],[0,0,1,0],[0,0,1,0],[0,0,0,1],[0,0,0,1],[0,0.75,0,0.25],[0.25,0,0.75,0],[1,0,0,0],[0,0,1,0],[1,0,0,0],[0,0,1,0],[0,1,0,0],[1,0,0,0],[0,0,1,0],[1,0,0,0],[0,0.25,0.75,0],[1,0,0,0],[1,0,0,0],[0,1,0,0],[0,0.75,0,0.25],[0.25,0,0.75,0],[0,0,1,0],[0,0,0,1],[0,1,0,0],[0,0.25,0,0.75],[0,0,1,0],[1,0,0,0],[0,1,0,0],[0,0.5,0,0.5],[1,0,0,0],[0.25,0.25,0.5,0],[1,0,0,0],[1,0,0,0],[0.25,0,0,0.75],[0,0,0,1],[0,0.25,0,0.75],[0.75,0,0,0.25],[0.25,0.75,0,0],[0,1,0,0],[0.75,0.25,0,0],[0.25,0,0.75,0],[0,0,1,0]]],"seqs":[32,34,95,110]},{"orient":5,"bin":17,"pvalue":4.34464e-09,"inferred_pwm":[[0,0,0,1],[0,0.5,0.25,0.25],[0,0,0,1],[0.5,0,0.5,0],[0,0,1,0],[0,0,0,1],[0,1,0,0],[0.75,0,0.25,0],[0,0,1,0],[1,0,0,0],[0,1,0,0],[0,0.75,0,0.25],[0.25,0,0.75,0],[0,0,1,0],[0,0,0,1],[0,0,0,1],[0,0.75,0.25,0],[0,0,0,1],[0,1,0,0],[0,0,0,1],[0,0,1,0],[0,1,0,0],[0,0,0,1],[0,1,0,0],[0,0,0,1],[0,0.75,0,0.25],[0.25,0,0.75,0],[1,0,0,0],[1,0,0,0],[0,1,0,0]],"alignment_pwm":[null,null,null,[[0.5,0,0.5,0],[0,0,1,0],[0,0,1,0],[0,1,0,0],[1,0,0,0],[1,0,0,0],[1,0,0,0],[1,0,0,0],[0,0,0,1],[0,0.25,0,0.75],[1,0,0,0],[0,0,1,0],[1,0,0,0],[1,0,0,0],[0,0.25,0,0.75],[0,0,0,1],[1,0,0,0],[0,1,0,0],[0,0,0,1],[0,0,1,0],[1,0,0,0],[0,0,0,1],[0.25,0,0.75,0],[1,0,0,0],[0,0,1,0],[0,0,1,0],[0,0,1,0],[0,0.25,0,0.75],[0,1,0,0],[0,0,0,1],[0.75,0,0.25,0],[0,0,0,1],[0,0,1,0],[0,0,0,1],[0,0.5,0,0.5],[0,1,0,0],[0.5,0.5,0,0],[0,0,1,0],[0,0.75,0,0.25],[0,0,0,1],[0,0,1,0],[0,0,0,1],[0,0,1,0],[0,0.75,0,0.25],[1,0,0,0],[0,0.5,0,0.5],[0,0,1,0],[0,0.5,0,0.5],[1,0,0,0],[0,0.25,0,0.75],[0,0,0,1],[0,0,1,0],[0,0,0,1],[0,1,0,0],[0,0,0,1],[0,0,0,1],[0,0,1,0],[1,0,0,0],[0,0,0,1],[1,0,0,0],[1,0,0,0],[1,0,0,0],[0,1,0,0],[1,0,0,0],[0,0,0,1],[0,1,0,0],[0,0,0,1],[0,0,0,1],[1,0,0,0],[1,0,0,0],[0.25,0.75,0,0],[1,0,0,0],[0,0,1,0],[0.25,0,0.75,0],[1,0,0,0],[0.5,0,0.5,0],[1,0,0,0],[0,0.75,0,0.25],[1,0,0,0],[0,0,1,0],[0,0,1,0],[0,0,1,0],[0,0,0,1],[0,0,0,1],[0,0.75,0,0.25],[0.25,0,0.75,0],[1,0,0,0],[0,0,1,0],[1,0,0,0],[0,0,1,0],[0,1,0,0],[1,0,0,0],[0,0,1,0],[1,0,0,0],[0,0.25,0.75,0],[1,0,0,0],[1,0,0,0],[0,1,0,0],[0,0.75,0,0.25],[0.25,0,0.75,0],[0,0,1,0],[0,0,0,1],[0,1,0,0],[0,0.25,0,0.75],[0,0,1,0],[1,0,0,0],[0,1,0,0],[0,0.5,0,0.5],[1,0,0,0],[0.25,0.25,0.5,0],[1,0,0,0],[1,0,0,0],[0.25,0,0,0.75],[0,0,0,1],[0,0.25,0,0.75],[0.75,0,0,0.25],[0.25,0.75,0,0],[0,1,0,0],[0.75,0.25,0,0],[0.25,0,0.75,0],[0,0,1,0]]],"seqs":[32,34,95,110]},{"orient":7,"bin":17,"pvalue":4.34464e-09,"inferred_pwm":[[0,0,0,1],[0,0.5,0.25,0.25],[0,0,0,1],[0.5,0,0.5,0],[0,0,1,0],[0,0,0,1],[0,1,0,0],[0.75,0,0.25,0],[0,0,1,0],[1,0,0,0],[0,1,0,0],[0,0.75,0,0.25],[0.25,0,0.75,0],[0,0,1,0],[0,0,0,1],[0,0,0,1],[0,0.75,0.25,0],[0,0,0,1],[0,1,0,0],[0,0,0,1],[0,0,1,0],[0,1,0,0],[0,0,0,1],[0,1,0,0],[0,0,0,1],[0,0.75,0,0.25],[0.25,0,0.75,0],[1,0,0,0],[1,0,0,0],[0,1,0,0]],"alignment_pwm":[null,null,null,[[0.5,0,0.5,0],[0,0,1,0],[0,0,1,0],[0,1,0,0],[1,0,0,0],[1,0,0,0],[1,0,0,0],[1,0,0,0],[0,0,0,1],[0,0.25,0,0.75],[1,0,0,0],[0,0,1,0],[1,0,0,0],[1,0,0,0],[0,0.25,0,0.75],[0,0,0,1],[1,0,0,0],[0,1,0,0],[0,0,0,1],[0,0,1,0],[1,0,0,0],[0,0,0,1],[0.25,0,0.75,0],[1,0,0,0],[0,0,1,0],[0,0,1,0],[0,0,1,0],[0,0.25,0,0.75],[0,1,0,0],[0,0,0,1],[0.75,0,0.25,0],[0,0,0,1],[0,0,1,0],[0,0,0,1],[0,0.5,0,0.5],[0,1,0,0],[0.5,0.5,0,0],[0,0,1,0],[0,0.75,0,0.25],[0,0,0,1],[0,0,1,0],[0,0,0,1],[0,0,1,0],[0,0.75,0,0.25],[1,0,0,0],[0,0.5,0,0.5],[0,0,1,0],[0,0.5,0,0.5],[1,0,0,0],[0,0.25,0,0.75],[0,0,0,1],[0,0,1,0],[0,0,0,1],[0,1,0,0],[0,0,0,1],[0,0,0,1],[0,0,1,0],[1,0,0,0],[0,0,0,1],[1,0,0,0],[1,0,0,0],[1,0,0,0],[0,1,0,0],[1,0,0,0],[0,0,0,1],[0,1,0,0],[0,0,0,1],[0,0,0,1],[1,0,0,0],[1,0,0,0],[0.25,0.75,0,0],[1,0,0,0],[0,0,1,0],[0.25,0,0.75,0],[1,0,0,0],[0.5,0,0.5,0],[1,0,0,0],[0,0.75,0,0.25],[1,0,0,0],[0,0,1,0],[0,0,1,0],[0,0,1,0],[0,0,0,1],[0,0,0,1],[0,0.75,0,0.25],[0.25,0,0.75,0],[1,0,0,0],[0,0,1,0],[1,0,0,0],[0,0,1,0],[0,1,0,0],[1,0,0,0],[0,0,1,0],[1,0,0,0],[0,0.25,0.75,0],[1,0,0,0],[1,0,0,0],[0,1,0,0],[0,0.75,0,0.25],[0.25,0,0.75,0],[0,0,1,0],[0,0,0,1],[0,1,0,0],[0,0.25,0,0.75],[0,0,1,0],[1,0,0,0],[0,1,0,0],[0,0.5,0,0.5],[1,0,0,0],[0.25,0.25,0.5,0],[1,0,0,0],[1,0,0,0],[0.25,0,0,0.75],[0,0,0,1],[0,0.25,0,0.75],[0.75,0,0,0.25],[0.25,0.75,0,0],[0,1,0,0],[0.75,0.25,0,0],[0.25,0,0.75,0],[0,0,1,0]]],"seqs":[32,34,95,110]},{"orient":8,"bin":17,"pvalue":6.9054e-08,"inferred_pwm":[[0,0,0,1],[0,0.5,0.25,0.25],[0,0,0,1],[0.5,0,0.5,0],[0,0,1,0],[0,0,0,1],[0,1,0,0],[0.75,0,0.25,0],[0,0,1,0],[1,0,0,0],[0,1,0,0],[0,0.75,0,0.25],[0.25,0,0.75,0],[0,0,1,0],[0,0,0,1],[0,0,0,1],[0,0.75,0.25,0],[0,0,0,1],[0,1,0,0],[0,0,0,1],[0,0,1,0],[0,1,0,0],[0,0,0,1],[0,1,0,0],[0,0,0,1],[0,0.75,0,0.25],[0.25,0,0.75,0],[1,0,0,0],[1,0,0,0],[0,1,0,0]],"alignment_pwm":[null,null,null,[[0.5,0,0.5,0],[0,0,1,0],[0,0,1,0],[0,1,0,0],[1,0,0,0],[1,0,0,0],[1,0,0,0],[1,0,0,0],[0,0,0,1],[0,0.25,0,0.75],[1,0,0,0],[0,0,1,0],[1,0,0,0],[1,0,0,0],[0,0.25,0,0.75],[0,0,0,1],[1,0,0,0],[0,1,0,0],[0,0,0,1],[0,0,1,0],[1,0,0,0],[0,0,0,1],[0.25,0,0.75,0],[1,0,0,0],[0,0,1,0],[0,0,1,0],[0,0,1,0],[0,0.25,0,0.75],[0,1,0,0],[0,0,0,1],[0.75,0,0.25,0],[0,0,0,1],[0,0,1,0],[0,0,0,1],[0,0.5,0,0.5],[0,1,0,0],[0.5,0.5,0,0],[0,0,1,0],[0,0.75,0,0.25],[0,0,0,1],[0,0,1,0],[0,0,0,1],[0,0,1,0],[0,0.75,0,0.25],[1,0,0,0],[0,0.5,0,0.5],[0,0,1,0],[0,0.5,0,0.5],[1,0,0,0],[0,0.25,0,0.75],[0,0,0,1],[0,0,1,0],[0,0,0,1],[0,1,0,0],[0,0,0,1],[0,0,0,1],[0,0,1,0],[1,0,0,0],[0,0,0,1],[1,0,0,0],[1,0,0,0],[1,0,0,0],[0,1,0,0],[1,0,0,0],[0,0,0,1],[0,1,0,0],[0,0,0,1],[0,0,0,1],[1,0,0,0],[1,0,0,0],[0.25,0.75,0,0],[1,0,0,0],[0,0,1,0],[0.25,0,0.75,0],[1,0,0,0],[0.5,0,0.5,0],[1,0,0,0],[0,0.75,0,0.25],[1,0,0,0],[0,0,1,0],[0,0,1,0],[0,0,1,0],[0,0,0,1],[0,0,0,1],[0,0.75,0,0.25],[0.25,0,0.75,0],[1,0,0,0],[0,0,1,0],[1,0,0,0],[0,0,1,0],[0,1,0,0],[1,0,0,0],[0,0,1,0],[1,0,0,0],[0,0.25,0.75,0],[1,0,0,0],[1,0,0,0],[0,1,0,0],[0,0.75,0,0.25],[0.25,0,0.75,0],[0,0,1,0],[0,0,0,1],[0,1,0,0],[0,0.25,0,0.75],[0,0,1,0],[1,0,0,0],[0,1,0,0],[0,0.5,0,0.5],[1,0,0,0],[0.25,0.25,0.5,0],[1,0,0,0],[1,0,0,0],[0.25,0,0,0.75],[0,0,0,1],[0,0.25,0,0.75],[0.75,0,0,0.25],[0.25,0.75,0,0],[0,1,0,0],[0.75,0.25,0,0],[0.25,0,0.75,0],[0,0,1,0]]],"seqs":[32,34,95,110]}]}],[{"idx":1,"counts":[[0,0,0,0,0,0,0,0,0,0,0,0,1,0,0,0,0,0,5,0,0,0,0,0,0,0,0,0,0,0,0,0,0,0,0,0,0,0,0,0,0,0,0,0,0,0,0,0,0,0,0,0,0,0,0,0,0,0,0,0,0,0,0,0,0,0,0,1,0,0,0,0,0,0,0,0,2,0,0,0,0,1,0,0,0,0,0,0,0,0,0,0,0,0,0,0,0,1,0,0,0,0,1,0,0,0,0,0,0,0,0,0,0,0,0,0,0,0,0,0,0,0,0,0,0,0,0,1,0,0],[0,0,0,1,0,0,0,0,0,0,0,0,1,1,0,1,0,0,0,0,0,0,0,0,0,0,0,0,0,0,0,0,0,0,0,0,0,0,0,0,0,0,0,0,0,0,0,0,0,0,0,0,0,0,0,0,0,0,0,0,0,0,0,0,0,0,0,0,0,0,0,0,0,0,0,0,0,0,0,0,0,0,0,0,0,0,0,0,0,0,0,0,0,0,0,0,0,0,0,0,0,0,0,0,0,0,0,0,0,0,0,0,0,0,0,0,0,0,0,0,0,0,0,0,0,0,0,0,0,0],[0,0,0,0,0,0,0,0,0,0,0,0,0,0,0,0,0,0,0,0,0,0,0,0,0,0,0,0,0,0,0,0,0,0,0,0,0,0,0,0,0,0,0,0,0,0,0,0,0,0,0,0,0,0,0,0,0,0,0,0,0,0,0,0,0,0,0,0,0,0,0,0,0,0,0,0,0,0,0,0,0,0,0,0,0,0,0,0,0,0,0,0,0,0,0,0,0,0,0,0,0,0,0,0,0,0,0,0,0,0,0,0,0,0,0,0,0,0,0,0,0,0,0,0,0,0,0,0,1,0],[0,0,0,0,0,0,0,0,0,0,0,0,0,0,0,0,0,0,0,0,0,0,0,0,0,0,0,0,0,0,0,0,0,0,0,0,0,0,0,0,0,0,0,0,0,0,0,0,0,0,1,0,0,0,0,0,0,0,0,0,0,0,0,0,0,0,0,0,0,0,0,0,0,0,0,0,0,0,0,0,0,0,0,0,0,0,0,0,0,0,0,0,0,0,0,0,0,0,0,0,0,0,0,0,0,0,0,0,0,0,0,0,0,0,0,0,0,0,0,0,0,0,0,0,0,0,0,0,0,0]],"spacings":[{"orient":0,"bin":18,"pvalue":3.10765e-10,"inferred_pwm":[[0,1,0,0],[1,0,0,0],[0,0,0,1],[0,0,1,0],[1,0,0,0],[0,0.8,0.2,0],[0,0.8,0,0.2],[1,0,0,0],[1,0,0,0],[0.2,0,0.8,0],[1,0,0,0],[1,0,0,0],[0,1,0,0],[0,0.8,0,0.2],[0,1,0,0],[1,0,0,0],[1,0,0,0],[1,0,0,0],[1,0,0,0],[0,0.2,0.8,0],[0,1,0,0],[1,0,0,0]],"alignment_pwm":[[[0,0,1,0],[0,1,0,0],[1,0,0,0],[1,0,0,0],[0.25,0,0.75,0],[0,0,1,0],[0.75,0,0.25,0],[0.2,0.2,0,0.6],[0,0.2,0,0.8],[0,0,0,1],[0,1,0,0],[1,0,0,0],[0,0,0,1],[0,0,1,0],[1,0,0,0],[0,0.8,0.2,0],[0,0.8,0,0.2],[1,0,0,0],[1,0,0,0],[0.2,0,0.8,0],[1,0,0,0],[1,0,0,0],[0,1,0,0],[0,0.8,0,0.2],[0,1,0,0],[1,0,0,0],[1,0,0,0],[1,0,0,0],[1,0,0,0],[0,0.2,0.8,0],[0,1,0,0],[1,0,0,0],[1,0,0,0],[1,0,0,0],[0,0,0,1],[0,0,1,0],[0,1,0,0],[1,0,0,0],[0.8,0,0.2,0],[0,0.2,0,0.8],[0.8,0,0.2,0],[1,0,0,0],[1,0,0,0],[1,0,0,0],[0.8,0.2,0,0],[0,1,0,0],[1,0,0,0],[1,0,0,0],[0.8,0,0,0.2],[0.2,0,0.8,0],[0.8,0,0.2,0],[0,0,0,1],[1,0,0,0],[1,0,0,0],[1,0,0,0],[0,0.2,0,0.8],[1,0,0,0],[0,0,0.8,0.2],[0.2,0.6,0.2,0],[0.2,0,0,0.8],[0,0.2,0.8,0],[0,0,0.8,0.2],[0,0,0.8,0.2],[1,0,0,0],[0.2,0.8,0,0],[0,0,0,1],[0.2,0,0,0.8],[1,0,0,0],[0.8,0,0,0.2],[0.2,0,0,0.8],[0.2,0,0.2,0.6],[0.6,0,0,0.4],[0.8,0,0.2,0],[0.8,0.2,0,0],[0.2,0.6,0,0.2],[0.4,0,0,0.6],[1,0,0,0],[0.4,0.2,0.2,0.2],[0.6,0.2,0,0.2],[0.4,0,0.4,0.2],[0.6,0,0.2,0.2],[0.2,0.4,0.4,0],[0,0.8,0,0.2],[0.2,0,0,0.8],[0,0.2,0.2,0.6],[0.4,0.2,0,0.4],[0.2,0.2,0,0.6],[0,0,0.8,0.2],[0,0.6,0.2,0.2],[0.8,0.2,0,0],[0.4,0.4,0,0.2],[0.6,0,0.4,0],[0.2,0.2,0.6,0],[0.2,0.6,0,0.2],[0.8,0,0.2,0],[1,0,0,0],[1,0,0,0],[0.8,0.2,0,0],[0.2,0,0.6,0.2],[0.4,0,0.6,0],[0.8,0.2,0,0],[0.6,0,0,0.4],[0,0.6,0,0.4],[0.8,0,0,0.2],[0.2,0,0.6,0.2],[0,0.4,0.2,0.4],[0.2,0.8,0,0]],null,null,null],"seqs":[44,86,89,98,111]},{"orient":4,"bin":18,"pvalue":9.72183e-09,"inferred_pwm":[[0,1,0,0],[1,0,0,0],[0,0,0,1],[0,0,1,0],[1,0,0,0],[0,0.8,0.2,0],[0,0.8,0,0.2],[1,0,0,0],[1,0,0,0],[0.2,0,0.8,0],[1,0,0,0],[1,0,0,0],[0,1,0,0],[0,0.8,0,0.2],[0,1,0,0],[1,0,0,0],[1,0,0,0],[1,0,0,0],[1,0,0,0],[0,0.2,0.8,0],[0,1,0,0],[1,0,0,0]],"alignment_pwm":[[[0,0,1,0],[0,1,0,0],[1,0,0,0],[1,0,0,0],[0.25,0,0.75,0],[0,0,1,0],[0.75,0,0.25,0],[0.2,0.2,0,0.6],[0,0.2,0,0.8],[0,0,0,1],[0,1,0,0],[1,0,0,0],[0,0,0,1],[0,0,1,0],[1,0,0,0],[0,0.8,0.2,0],[0,0.8,0,0.2],[1,0,0,0],[1,0,0,0],[0.2,0,0.8,0],[1,0,0,0],[1,0,0,0],[0,1,0,0],[0,0.8,0,0.2],[0,1,0,0],[1,0,0,0],[1,0,0,0],[1,0,0,0],[1,0,0,0],[0,0.2,0.8,0],[0,1,0,0],[1,0,0,0],[1,0,0,0],[1,0,0,0],[0,0,0,1],[0,0,1,0],[0,1,0,0],[1,0,0,0],[0.8,0,0.2,0],[0,0.2,0,0.8],[0.8,0,0.2,0],[1,0,0,0],[1,0,0,0],[1,0,0,0],[0.8,0.2,0,0],[0,1,0,0],[1,0,0,0],[1,0,0,0],[0.8,0,0,0.2],[0.2,0,0.8,0],[0.8,0,0.2,0],[0,0,0,1],[1,0,0,0],[1,0,0,0],[1,0,0,0],[0,0.2,0,0.8],[1,0,0,0],[0,0,0.8,0.2],[0.2,0.6,0.2,0],[0.2,0,0,0.8],[0,0.2,0.8,0],[0,0,0.8,0.2],[0,0,0.8,0.2],[1,0,0,0],[0.2,0.8,0,0],[0,0,0,1],[0.2,0,0,0.8],[1,0,0,0],[0.8,0,0,0.2],[0.2,0,0,0.8],[0.2,0,0.2,0.6],[0.6,0,0,0.4],[0.8,0,0.2,0],[0.8,0.2,0,0],[0.2,0.6,0,0.2],[0.4,0,0,0.6],[1,0,0,0],[0.4,0.2,0.2,0.2],[0.6,0.2,0,0.2],[0.4,0,0.4,0.2],[0.6,0,0.2,0.2],[0.2,0.4,0.4,0],[0,0.8,0,0.2],[0.2,0,0,0.8],[0,0.2,0.2,0.6],[0.4,0.2,0,0.4],[0.2,0.2,0,0.6],[0,0,0.8,0.2],[0,0.6,0.2,0.2],[0.8,0.2,0,0],[0.4,0.4,0,0.2],[0.6,0,0.4,0],[0.2,0.2,0.6,0],[0.2,0.6,0,0.2],[0.8,0,0.2,0],[1,0,0,0],[1,0,0,0],[0.8,0.2,0,0],[0.2,0,0.6,0.2],[0.4,0,0.6,0],[0.8,0.2,0,0],[0.6,0,0,0.4],[0,0.6,0,0.4],[0.8,0,0,0.2],[0.2,0,0.6,0.2],[0,0.4,0.2,0.4],[0.2,0.8,0,0]],null,null,null],"seqs":[44,86,89,98,111]},{"orient":5,"bin":18,"pvalue":9.72183e-09,"inferred_pwm":[[0,1,0,0],[1,0,0,0],[0,0,0,1],[0,0,1,0],[1,0,0,0],[0,0.8,0.2,0],[0,0.8,0,0.2],[1,0,0,0],[1,0,0,0],[0.2,0,0.8,0],[1,0,0,0],[1,0,0,0],[0,1,0,0],[0,0.8,0,0.2],[0,1,0,0],[1,0,0,0],[1,0,0,0],[1,0,0,0],[1,0,0,0],[0,0.2,0.8,0],[0,1,0,0],[1,0,0,0]],"alignment_pwm":[[[0,0,1,0],[0,1,0,0],[1,0,0,0],[1,0,0,0],[0.25,0,0.75,0],[0,0,1,0],[0.75,0,0.25,0],[0.2,0.2,0,0.6],[0,0.2,0,0.8],[0,0,0,1],[0,1,0,0],[1,0,0,0],[0,0,0,1],[0,0,1,0],[1,0,0,0],[0,0.8,0.2,0],[0,0.8,0,0.2],[1,0,0,0],[1,0,0,0],[0.2,0,0.8,0],[1,0,0,0],[1,0,0,0],[0,1,0,0],[0,0.8,0,0.2],[0,1,0,0],[1,0,0,0],[1,0,0,0],[1,0,0,0],[1,0,0,0],[0,0.2,0.8,0],[0,1,0,0],[1,0,0,0],[1,0,0,0],[1,0,0,0],[0,0,0,1],[0,0,1,0],[0,1,0,0],[1,0,0,0],[0.8,0,0.2,0],[0,0.2,0,0.8],[0.8,0,0.2,0],[1,0,0,0],[1,0,0,0],[1,0,0,0],[0.8,0.2,0,0],[0,1,0,0],[1,0,0,0],[1,0,0,0],[0.8,0,0,0.2],[0.2,0,0.8,0],[0.8,0,0.2,0],[0,0,0,1],[1,0,0,0],[1,0,0,0],[1,0,0,0],[0,0.2,0,0.8],[1,0,0,0],[0,0,0.8,0.2],[0.2,0.6,0.2,0],[0.2,0,0,0.8],[0,0.2,0.8,0],[0,0,0.8,0.2],[0,0,0.8,0.2],[1,0,0,0],[0.2,0.8,0,0],[0,0,0,1],[0.2,0,0,0.8],[1,0,0,0],[0.8,0,0,0.2],[0.2,0,0,0.8],[0.2,0,0.2,0.6],[0.6,0,0,0.4],[0.8,0,0.2,0],[0.8,0.2,0,0],[0.2,0.6,0,0.2],[0.4,0,0,0.6],[1,0,0,0],[0.4,0.2,0.2,0.2],[0.6,0.2,0,0.2],[0.4,0,0.4,0.2],[0.6,0,0.2,0.2],[0.2,0.4,0.4,0],[0,0.8,0,0.2],[0.2,0,0,0.8],[0,0.2,0.2,0.6],[0.4,0.2,0,0.4],[0.2,0.2,0,0.6],[0,0,0.8,0.2],[0,0.6,0.2,0.2],[0.8,0.2,0,0],[0.4,0.4,0,0.2],[0.6,0,0.4,0],[0.2,0.2,0.6,0],[0.2,0.6,0,0.2],[0.8,0,0.2,0],[1,0,0,0],[1,0,0,0],[0.8,0.2,0,0],[0.2,0,0.6,0.2],[0.4,0,0.6,0],[0.8,0.2,0,0],[0.6,0,0,0.4],[0,0.6,0,0.4],[0.8,0,0,0.2],[0.2,0,0.6,0.2],[0,0.4,0.2,0.4],[0.2,0.8,0,0]],null,null,null],"seqs":[44,86,89,98,111]},{"orient":8,"bin":18,"pvalue":2.97303e-07,"inferred_pwm":[[0,1,0,0],[1,0,0,0],[0,0,0,1],[0,0,1,0],[1,0,0,0],[0,0.8,0.2,0],[0,0.8,0,0.2],[1,0,0,0],[1,0,0,0],[0.2,0,0.8,0],[1,0,0,0],[1,0,0,0],[0,1,0,0],[0,0.8,0,0.2],[0,1,0,0],[1,0,0,0],[1,0,0,0],[1,0,0,0],[1,0,0,0],[0,0.2,0.8,0],[0,1,0,0],[1,0,0,0]],"alignment_pwm":[[[0,0,1,0],[0,1,0,0],[1,0,0,0],[1,0,0,0],[0.25,0,0.75,0],[0,0,1,0],[0.75,0,0.25,0],[0.2,0.2,0,0.6],[0,0.2,0,0.8],[0,0,0,1],[0,1,0,0],[1,0,0,0],[0,0,0,1],[0,0,1,0],[1,0,0,0],[0,0.8,0.2,0],[0,0.8,0,0.2],[1,0,0,0],[1,0,0,0],[0.2,0,0.8,0],[1,0,0,0],[1,0,0,0],[0,1,0,0],[0,0.8,0,0.2],[0,1,0,0],[1,0,0,0],[1,0,0,0],[1,0,0,0],[1,0,0,0],[0,0.2,0.8,0],[0,1,0,0],[1,0,0,0],[1,0,0,0],[1,0,0,0],[0,0,0,1],[0,0,1,0],[0,1,0,0],[1,0,0,0],[0.8,0,0.2,0],[0,0.2,0,0.8],[0.8,0,0.2,0],[1,0,0,0],[1,0,0,0],[1,0,0,0],[0.8,0.2,0,0],[0,1,0,0],[1,0,0,0],[1,0,0,0],[0.8,0,0,0.2],[0.2,0,0.8,0],[0.8,0,0.2,0],[0,0,0,1],[1,0,0,0],[1,0,0,0],[1,0,0,0],[0,0.2,0,0.8],[1,0,0,0],[0,0,0.8,0.2],[0.2,0.6,0.2,0],[0.2,0,0,0.8],[0,0.2,0.8,0],[0,0,0.8,0.2],[0,0,0.8,0.2],[1,0,0,0],[0.2,0.8,0,0],[0,0,0,1],[0.2,0,0,0.8],[1,0,0,0],[0.8,0,0,0.2],[0.2,0,0,0.8],[0.2,0,0.2,0.6],[0.6,0,0,0.4],[0.8,0,0.2,0],[0.8,0.2,0,0],[0.2,0.6,0,0.2],[0.4,0,0,0.6],[1,0,0,0],[0.4,0.2,0.2,0.2],[0.6,0.2,0,0.2],[0.4,0,0.4,0.2],[0.6,0,0.2,0.2],[0.2,0.4,0.4,0],[0,0.8,0,0.2],[0.2,0,0,0.8],[0,0.2,0.2,0.6],[0.4,0.2,0,0.4],[0.2,0.2,0,0.6],[0,0,0.8,0.2],[0,0.6,0.2,0.2],[0.8,0.2,0,0],[0.4,0.4,0,0.2],[0.6,0,0.4,0],[0.2,0.2,0.6,0],[0.2,0.6,0,0.2],[0.8,0,0.2,0],[1,0,0,0],[1,0,0,0],[0.8,0.2,0,0],[0.2,0,0.6,0.2],[0.4,0,0.6,0],[0.8,0.2,0,0],[0.6,0,0,0.4],[0,0.6,0,0.4],[0.8,0,0,0.2],[0.2,0,0.6,0.2],[0,0.4,0.2,0.4],[0.2,0.8,0,0]],null,null,null],"seqs":[44,86,89,98,111]}]}],[{"idx":9,"counts":[[0,0,0,0,1,0,0,0,0,1,0,0,3,0,0,0,0,0,0,0,0,0,0,1,0,0,0,0,0,8,0,0,1,0,0,1,2,1,0,0,0,0,0,0,1,0,1,0,1,0,0,0,0,0,0,0,0,0,0,1,0,0,0,0,0,0,1,0,1,1,0,1,1,1,1,0,0,0,0,0,0,0,1,0,0,0,0,0,0,0,0,0,0,0,1,3,0,0,1,0,0,0,0,1,0,1,0,0,0,0,1,0,0,0,1,0,0,1,0,2,0,0,1,0,1,0,1,1,0,2,0,0,0,0,1,0,0,0,0,1,0,0,0,0],[0,0,1,0,0,1,0,0,1,0,0,1,0,0,0,0,0,0,0,0,0,0,0,1,0,0,0,0,0,0,1,0,0,0,0,0,0,0,0,0,0,0,1,0,0,0,0,0,0,0,0,0,0,0,0,0,1,0,1,0,0,0,0,0,0,0,0,0,0,0,0,1,0,0,0,1,0,0,0,0,0,0,1,0,0,1,0,0,0,0,0,0,0,0,0,0,0,0,0,0,0,0,0,1,0,0,0,1,0,1,0,0,0,0,0,0,0,0,0,0,0,2,0,1,0,0,0,0,0,2,0,0,0,0,0,0,0,0,0,0,0,0,0,0],[0,0,0,0,0,0,0,1,0,0,0,0,1,0,1,1,1,0,0,0,0,0,0,1,0,0,0,1,0,0,0,0,1,0,0,0,1,0,0,0,0,0,0,0,0,0,2,0,0,0,0,1,0,0,0,0,0,0,2,0,0,1,0,0,1,0,0,0,0,0,0,0,1,0,0,0,1,0,0,1,0,1,0,1,1,0,1,0,1,0,0,1,0,0,0,0,0,2,0,1,0,1,0,0,1,0,0,0,0,1,0,0,1,1,1,0,0,1,0,0,0,0,0,1,0,0,1,0,0,0,1,0,0,0,1,0,0,0,0,0,0,0,0,0],[0,0,0,1,2,0,0,0,0,1,0,0,0,0,0,0,0,0,3,0,0,1,0,1,0,0,0,0,1,1,1,0,0,0,1,0,1,0,0,0,0,0,0,1,1,0,1,0,0,0,0,0,0,1,0,0,0,0,1,0,1,0,0,1,1,0,0,3,0,0,2,0,1,0,0,0,0,1,0,0,2,0,1,0,1,1,2,1,1,0,0,1,0,1,1,0,0,0,0,0,0,0,0,0,1,0,0,0,0,1,0,0,1,0,0,1,0,1,1,0,0,0,1,0,0,0,0,0,0,1,0,0,0,1,0,0,1,0,1,0,0,2,0,0]],"spacings":[{"orient":0,"bin":29,"pvalue":7.84267e-10,"inferred_pwm":[[1,0,0,0],[0,0,0,1],[0.5,0,0.5,0],[0.875,0,0,0.125],[0,0,1,0],[0,0,1,0],[0,0,1,0],[0,0.125,0.125,0.75]],"alignment_pwm":[[[1,0,0,0],[0,0,0.875,0.125],[0.875,0.125,0,0],[1,0,0,0],[0.125,0.5,0,0.375],[0.125,0.25,0,0.625],[0.875,0,0,0.125],[0.125,0.875,0,0],[0.125,0,0.125,0.75],[0,0,0.875,0.125],[1,0,0,0],[0,0,0,1],[0.5,0,0.5,0],[0.875,0,0,0.125],[0,0,1,0],[0,0,1,0],[0,0,1,0],[0,0.125,0.125,0.75],[0.125,0.875,0,0],[0,0,0,1],[0.75,0,0.125,0.125],[0,0,0,1],[0.125,0,0.875,0],[0.125,0,0,0.875],[0.125,0.25,0,0.625],[0.125,0.875,0,0],[0.625,0.25,0,0.125],[0,0.125,0.875,0],[0,0.625,0.125,0.25],[0.125,0.125,0.125,0.625],[0.125,0,0.75,0.125],[0,0,0,1],[0,0,1,0],[0,0.875,0,0.125],[1,0,0,0],[0,0.5,0.125,0.375],[0.125,0,0.75,0.125],[0,0.25,0.125,0.625],[0.75,0,0.125,0.125],[0,0.125,0,0.875],[0,0,0,1],[0,0.125,0.875,0],[0.125,0.125,0,0.75],[0,1,0,0],[0.125,0,0,0.875],[0.125,0,0,0.875],[0.125,0,0.875,0],[1,0,0,0],[0,0,0,1],[1,0,0,0],[1,0,0,0],[1,0,0,0],[0,0.875,0,0.125],[1,0,0,0],[0,0,0,1],[0,1,0,0],[0,0,0,1],[0,0.125,0,0.875],[1,0,0,0],[1,0,0,0],[0.5,0.375,0,0.125],[0.5,0.375,0.125,0],[0.375,0,0.5,0.125],[0.5,0.125,0.375,0],[0.625,0.375,0,0],[0.75,0,0.25,0],[0.625,0,0.375,0],[0.375,0.375,0,0.25],[1,0,0,0],[0.375,0.125,0.5,0],[0.375,0,0.5,0.125],[0.125,0.375,0.5,0],[0.375,0,0.125,0.5],[0.125,0,0.375,0.5],[0,0.375,0.375,0.25],[0.25,0,0.625,0.125],[0.625,0,0,0.375],[0,0,0.625,0.375],[0.625,0.25,0.125,0],[0.375,0,0.625,0],[0.25,0.5,0.125,0.125],[0.625,0.125,0.25,0],[0.25,0,0.625,0.125],[0.625,0.125,0.25,0],[0.25,0.375,0.375,0],[0.75,0,0.25,0],[0.625,0,0.25,0.125],[0.25,0.625,0.125,0],[0.25,0.375,0.25,0.125],[0.5,0,0.375,0.125],[0.25,0.125,0.5,0.125],[0,0.375,0,0.625],[0,0.75,0.125,0.125],[0.125,0.125,0.25,0.5],[0.125,0,0.75,0.125],[0.5,0.125,0,0.375],[0,0.75,0.25,0],[0.125,0.25,0.125,0.5],[0.625,0.125,0.25,0],[0.5,0.25,0.25,0],[0.625,0.25,0,0.125]],null,null,null],"seqs":[32,34,41,76,95,110,119,125]},{"orient":5,"bin":29,"pvalue":9.56927e-09,"inferred_pwm":[[0.888889,0,0.111111,0],[0,0,0.111111,0.888889],[0.444444,0,0.555556,0],[0.777778,0.111111,0,0.111111],[0,0,1,0],[0,0,1,0],[0,0,1,0],[0,0.111111,0.111111,0.777778]],"alignment_pwm":[[[1,0,0,0],[0,0,0.875,0.125],[0.875,0.125,0,0],[1,0,0,0],[0.125,0.5,0,0.375],[