<!DOCTYPE HTML>
<html>
  <head>
    <meta charset="UTF-8">
    <title>SpaMo - Spaced Motif Analysis</title>
    <script type="text/javascript">
      //@JSON_VAR data
      var data = {"program":"SpaMo","version":"4.12.0","revision":"aacc9c3eb8c7b460b344d5c8aa1458097dae704d","release":"Tue Jun 27 16:22:50 2017 -0700","host":"Sudins-iMac.local","when":"Thu May 24 14:28:47 2018","cmd":["spamo","-verbosity","1","-oc","results/AHRpeaks_not-in-DHSs.bed-399.fa/jaspar/spamo_out_3","-bgfile","results/AHRpeaks_not-in-DHSs.bed-399.fa/jaspar/background","-primary","CTYAGGCWMRVATTTCAYBVCCMWGRACHC","results/AHRpeaks_not-in-DHSs.bed-399.fa/jaspar/AHRpeaks_not-in-DHSs.bed-399.fa","results/AHRpeaks_not-in-DHSs.bed-399.fa/jaspar/meme_out/meme.xml","results/AHRpeaks_not-in-DHSs.bed-399.fa/jaspar/meme_out/meme.xml","/Users/filipov4/meme/db/motif_databases/JASPAR/JASPAR2018_CORE_non-redundant.meme"],"options":{"seq_min_hit_score":7,"margin":150,"bin_size":1,"bin_pvalue_calc_range":150,"use_best_secondary":0,"seq_max_shared_fract":0.5,"seq_odds_ratio":20,"bin_pvalue_cutoff":0.05,"motif_evalue_cutoff":10,"redundant_overlap":2,"redundant_joint":0.5,"motif_pseudocount":0.1,"bgfile":"results/AHRpeaks_not-in-DHSs.bed-399.fa/jaspar/background","motif_trim":0.25,"xalph":0,"seed":1,"bin_max":3},"alphabet":{"name":"DNA","like":"dna","ncore":4,"symbols":[{"symbol":"A","name":"Adenine","colour":"CC0000","complement":"T"},{"symbol":"C","name":"Cytosine","colour":"0000CC","complement":"G"},{"symbol":"G","name":"Guanine","colour":"FFB300","complement":"C"},{"symbol":"T","aliases":"U","name":"Thymine","colour":"008000","complement":"A"},{"symbol":"N","aliases":"X.","name":"Any base","equals":"ACGT"},{"symbol":"V","name":"Not T","equals":"ACG"},{"symbol":"H","name":"Not G","equals":"ACT"},{"symbol":"D","name":"Not C","equals":"AGT"},{"symbol":"B","name":"Not A","equals":"CGT"},{"symbol":"M","name":"Amino","equals":"AC"},{"symbol":"R","name":"Purine","equals":"AG"},{"symbol":"W","name":"Weak","equals":"AT"},{"symbol":"S","name":"Strong","equals":"CG"},{"symbol":"Y","name":"Pyrimidine","equals":"CT"},{"symbol":"K","name":"Keto","equals":"GT"}]},"background":[0.2917,0.2083,0.2083,0.2917],"sequence_dbs":[{"source":"results/AHRpeaks_not-in-DHSs.bed-399.fa/jaspar/AHRpeaks_not-in-DHSs.bed-399.fa","name":"AHRpeaks_not-in-DHSs.bed-399","last_modified":"Thu May 24 11:14:35 2018","loaded":56,"excluded_too_short":0,"excluded_no_match":47,"excluded_ambigs":0,"excluded_similar":0,"erased_primary_matches":0}],"primary_dbs":[{"source":"results/AHRpeaks_not-in-DHSs.bed-399.fa/jaspar/meme_out/meme.xml","name":"meme.xml","last_modified":"Thu May 24 14:28:06 2018","loaded":6,"excluded":5}],"secondary_dbs":[{"source":"results/AHRpeaks_not-in-DHSs.bed-399.fa/jaspar/meme_out/meme.xml","name":"meme.xml","last_modified":"Thu May 24 14:28:06 2018","loaded":7,"excluded":1},{"source":"/Users/filipov4/meme/db/motif_databases/JASPAR/JASPAR2018_CORE_non-redundant.meme","name":"JASPAR2018_CORE_non-redundant","last_modified":"Thu Dec  7 14:38:42 2017","loaded":1404,"excluded":0}],"secondary_motifs":[{"db":0,"id":"AAARRRYTKDTGCAYGAVMAMAGRAASAG","alt":"MEME-2","len":29,"ltrim":0,"rtrim":0,"nsites":9,"evalue":"2.6e-008","pwm":[[0.882326,0.00228901,0.00228901,0.113095],[0.772436,0.00228901,0.00228901,0.222985],[0.882326,0.112179,0.00228901,0.00320549],[0.332875,0.00228901,0.66163,0.00320549],[0.332875,0.00228901,0.66163,0.00320549],[0.442765,0.112179,0.331959,0.113095],[0.00320549,0.441849,0.112179,0.442765],[0.00320549,0.112179,0.00228901,0.882326],[0.00320549,0.00228901,0.441849,0.552656],[0.222985,0.112179,0.222069,0.442765],[0.00320549,0.00228901,0.222069,0.772436],[0.113095,0.00228901,0.77152,0.113095],[0.00320549,0.77152,0.222069,0.00320549],[0.882326,0.112179,0.00228901,0.00320549],[0.00320549,0.441849,0.00228901,0.552656],[0.113095,0.00228901,0.88141,0.00320549],[0.552656,0.222069,0.222069,0.00320549],[0.332875,0.331959,0.331959,0.00320549],[0.662546,0.331959,0.00228901,0.00320549],[0.882326,0.00228901,0.112179,0.00320549],[0.662546,0.331959,0.00228901,0.00320549],[0.772436,0.00228901,0.222069,0.00320549],[0.00320549,0.00228901,0.88141,0.113095],[0.442765,0.112179,0.331959,0.113095],[0.662546,0.222069,0.00228901,0.113095],[0.992216,0.00228901,0.00228901,0.00320549],[0.00320549,0.55174,0.441849,0.00320549],[0.772436,0.00228901,0.222069,0.00320549],[0.00320549,0.222069,0.77152,0.00320549]]},{"db":0,"id":"AAGCAAATRCAATARAAACAAASATAA","alt":"MEME-1","len":27,"ltrim":0,"rtrim":0,"nsites":7,"evalue":"2.1e-012","pwm":[[0.849179,0.00293381,0.00293381,0.144953],[0.708334,0.284624,0.00293381,0.00410845],[0.144953,0.00293381,0.707159,0.144953],[0.00410845,0.848004,0.143779,0.00410845],[0.990024,0.00293381,0.00293381,0.00410845],[0.849179,0.00293381,0.143779,0.00410845],[0.849179,0.00293381,0.143779,0.00410845],[0.144953,0.00293381,0.00293381,0.849179],[0.426643,0.00293381,0.425469,0.144953],[0.144953,0.848004,0.00293381,0.00410845],[0.990024,0.00293381,0.00293381,0.00410845],[0.990024,0.00293381,0.00293381,0.00410845],[0.144953,0.00293381,0.00293381,0.849179],[0.849179,0.143779,0.00293381,0.00410845],[0.426643,0.143779,0.284624,0.144953],[0.990024,0.00293381,0.00293381,0.00410845],[0.849179,0.00293381,0.143779,0.00410845],[0.849179,0.00293381,0.143779,0.00410845],[0.00410845,0.848004,0.143779,0.00410845],[0.990024,0.00293381,0.00293381,0.00410845],[0.990024,0.00293381,0.00293381,0.00410845],[0.990024,0.00293381,0.00293381,0.00410845],[0.144953,0.284624,0.566315,0.00410845],[0.990024,0.00293381,0.00293381,0.00410845],[0.285798,0.00293381,0.00293381,0.708334],[0.990024,0.00293381,0.00293381,0.00410845],[0.990024,0.00293381,0.00293381,0.00410845]]},{"db":0,"id":"AATTRAGTSCCAGCTA","alt":"MEME-4","len":16,"ltrim":0,"rtrim":0,"nsites":6,"evalue":"2.3e-002","pwm":[[0.824454,0.00341476,0.00341476,0.168717],[0.988389,0.00341476,0.00341476,0.00478196],[0.00478196,0.00341476,0.00341476,0.988389],[0.00478196,0.16735,0.00341476,0.824454],[0.66052,0.00341476,0.331283,0.00478196],[0.496585,0.16735,0.16735,0.168717],[0.00478196,0.00341476,0.987021,0.00478196],[0.00478196,0.00341476,0.00341476,0.988389],[0.00478196,0.659153,0.331283,0.00478196],[0.00478196,0.987021,0.00341476,0.00478196],[0.00478196,0.987021,0.00341476,0.00478196],[0.824454,0.00341476,0.00341476,0.168717],[0.00478196,0.00341476,0.987021,0.00478196],[0.00478196,0.823087,0.16735,0.00478196],[0.00478196,0.00341476,0.00341476,0.988389],[0.988389,0.00341476,0.00341476,0.00478196]]},{"db":1,"id":"MA0011.1","alt":"br(var.2)","len":8,"ltrim":0,"rtrim":0,"nsites":12,"url":"http://jaspar2018.genereg.net/matrix/MA0011.1","pwm":[[0.250345,0.0843658,0.0843658,0.580923],[0.415634,0.167011,0.0843658,0.332989],[0.00241074,0.828167,0.00172149,0.1677],[0.00241074,0.0843658,0.00172149,0.911502],[0.994146,0.00172149,0.00172149,0.00241074],[0.085055,0.0843658,0.167011,0.663568],[0.1677,0.00172149,0.0843658,0.746212],[0.085055,0.167011,0.0843658,0.663568]]},{"db":1,"id":"MA0020.1","alt":"Dof2","len":6,"ltrim":0,"rtrim":1,"nsites":21,"url":"http://jaspar2018.genereg.net/matrix/MA0020.1","pwm":[[0.996643,0.000987205,0.000987205,0.00138246],[0.996643,0.000987205,0.000987205,0.00138246],[0.996643,0.000987205,0.000987205,0.00138246],[0.00138246,0.000987205,0.996248,0.00138246],[0.143562,0.664495,0.0957738,0.0961691],[0.333136,0.285347,0.143167,0.238349]]},{"db":1,"id":"MA0033.2","alt":"FOXL1","len":7,"ltrim":0,"rtrim":0,"nsites":4933,"url":"http://jaspar2018.genereg.net/matrix/MA0033.2","pwm":[[0.426107,0.00263917,0.542868,0.0283853],[0.00192687,0.0799106,4.2225e-06,0.918158],[0.874645,0.114915,0.010434,5.91311e-06],[0.98902,0.00786706,4.2225e-06,0.00310985],[0.973113,0.0166979,0.010183,5.91311e-06],[5.91311e-06,0.778858,4.2225e-06,0.221131],[0.98535,0.011136,4.2225e-06,0.00350984]]},{"db":1,"id":"MA0035.3","alt":"Gata1","len":11,"ltrim":0,"rtrim":0,"nsites":17955,"url":"http://jaspar2018.genereg.net/matrix/MA0035.3","pwm":[[0.11334,0.240657,0.140908,0.505095],[0.0281835,0.35678,0.1555,0.459537],[1.62461e-06,0.828123,0.02434,0.147537],[1.62461e-06,0.0388199,1.16012e-06,0.961177],[1.62461e-06,1.16012e-06,1.16012e-06,0.999996],[0.999996,1.16012e-06,1.16012e-06,1.62461e-06],[1.62461e-06,1.16012e-06,1.16012e-06,0.999996],[1.62461e-06,0.999996,1.16012e-06,1.62461e-06],[0.120636,1.16012e-06,1.16012e-06,0.879362],[0.139349,0.343413,0.37243,0.144807],[0.105041,0.282484,0.0890007,0.523474]]},{"db":1,"id":"MA0036.3","alt":"GATA2","len":11,"ltrim":2,"rtrim":2,"nsites":14213,"url":"http://jaspar2018.genereg.net/matrix/MA0036.3","pwm":[[0.232393,0.209526,0.225216,0.332864],[0.139732,0.288397,0.208682,0.363188],[0.0661386,0.746285,0.0860489,0.101528],[0.0312408,0.0182243,0.0105554,0.93998],[0.0293408,0.00239345,0.00147946,0.966786],[0.991904,0.000986459,0.00302644,0.00408302],[0.010204,0.00541943,0.00337844,0.980998],[0.006756,0.969952,0.0088664,0.014425],[0.166961,0.0346172,0.0258223,0.7726],[0.204884,0.26131,0.257229,0.276578],[0.230634,0.272567,0.155914,0.340885]]},{"db":1,"id":"MA0037.3","alt":"GATA3","len":8,"ltrim":0,"rtrim":1,"nsites":1000,"url":"http://jaspar2018.genereg.net/matrix/MA0037.3","pwm":[[0.501979,0.225998,0.00102073,0.271002],[2.91671e-05,2.08279e-05,0.999921,2.91671e-05],[0.999929,2.08279e-05,2.08279e-05,2.91671e-05],[2.91671e-05,2.08279e-05,2.08279e-05,0.999929],[0.914853,0.00202263,2.08279e-05,0.0831039],[0.861943,0.0150193,0.0760132,0.0470245],[0.114018,0.300991,0.475973,0.109018],[0.422987,0.188002,0.320989,0.0680224]]},{"db":1,"id":"MA0049.1","alt":"hb","len":10,"ltrim":0,"rtrim":0,"nsites":16,"url":"http://jaspar2018.genereg.net/matrix/MA0049.1","pwm":[[0.0639236,0.311853,0.498188,0.126035],[0.374483,0.498188,0.125517,0.0018118],[0.560818,0.187629,0.249741,0.0018118],[0.250259,0.187629,0.0634056,0.498706],[0.809265,0.0634056,0.00129379,0.126035],[0.995601,0.00129379,0.00129379,0.0018118],[0.995601,0.00129379,0.00129379,0.0018118],[0.871377,0.00129379,0.125517,0.0018118],[0.933489,0.0634056,0.00129379,0.0018118],[0.560818,0.125517,0.125517,0.188147]]},{"db":1,"id":"MA0064.1","alt":"PBF","len":5,"ltrim":0,"rtrim":0,"nsites":16,"url":"http://jaspar2018.genereg.net/matrix/MA0064.1","pwm":[[0.995601,0.00129379,0.00129379,0.0018118],[0.995601,0.00129379,0.00129379,0.0018118],[0.995601,0.00129379,0.00129379,0.0018118],[0.0018118,0.00129379,0.995083,0.0018118],[0.0639236,0.5603,0.0634056,0.312371]]},{"db":1,"id":"MA0129.1","alt":"TGA1A","len":7,"ltrim":0,"rtrim":0,"nsites":15,"url":"http://jaspar2018.genereg.net/matrix/MA0129.1","pwm":[[0.266833,0.26628,0.00137947,0.465508],[0.862859,0.00137947,0.067605,0.0681573],[0.00193179,0.928531,0.00137947,0.0681573],[0.134382,0.00137947,0.862307,0.00193179],[0.0681573,0.00137947,0.00137947,0.929084],[0.00193179,0.994757,0.00137947,0.00193179],[0.862859,0.00137947,0.067605,0.0681573]]},{"db":1,"id":"MA0142.1","alt":"Pou5f1::Sox2","len":15,"ltrim":0,"rtrim":0,"nsites":1364,"url":"http://jaspar2018.genereg.net/matrix/MA0142.1","pwm":[[0.046206,0.620205,0.0483987,0.285191],[0.423855,0.0424722,0.0205118,0.513161],[0.00806779,0.0365886,0.0263483,0.928995],[0.0343509,0.00878063,0.057717,0.899151],[0.0862091,0.265153,0.602601,0.046037],[0.30314,0.0131623,0.0211967,0.6625],[0.150485,0.266614,0.135871,0.447031],[0.902073,0.0219277,0.017545,0.0584541],[0.0124385,0.003667,0.0109715,0.972923],[0.00732585,0.0117014,0.904989,0.0759838],[0.0102546,0.752153,0.0943064,0.143286],[0.769196,0.0117364,0.0219917,0.197077],[0.651222,0.0499386,0.231276,0.0675644],[0.881662,0.0242605,0.0551182,0.0389605],[0.145492,0.0874449,0.152098,0.614965]]},{"db":1,"id":"MA0145.3","alt":"TFCP2","len":10,"ltrim":0,"rtrim":0,"nsites":576,"url":"http://jaspar2018.genereg.net/matrix/MA0145.3","pwm":[[0.58849,0.105921,0.223955,0.0816335],[0.902563,0.00945352,0.0377066,0.0502769],[0.836877,0.00294665,0.0116791,0.148497],[0.00178033,0.994673,0.00349556,5.06335e-05],[0.00719239,0.821323,0.00146491,0.170021],[0.180691,0.00423743,0.805218,0.00985293],[0.00175634,0.0153915,0.981095,0.00175634],[0.236556,0.0438336,3.61569e-05,0.719576],[0.0656602,0.0856133,0.0285622,0.820165],[0.166979,0.340847,0.0539398,0.438236]]},{"db":1,"id":"MA0170.1","alt":"C15","len":7,"ltrim":0,"rtrim":0,"nsites":19,"url":"http://jaspar2018.genereg.net/matrix/MA0170.1","pwm":[[0.0538837,0.053447,0.00109058,0.89158],[0.00152722,0.00109058,0.00109058,0.996292],[0.89158,0.00109058,0.00109058,0.106239],[0.996292,0.00109058,0.00109058,0.00152722],[0.315663,0.105802,0.00109058,0.577443],[0.00152722,0.158159,0.315226,0.525088],[0.525088,0.00109058,0.472295,0.00152722]]},{"db":1,"id":"MA0183.1","alt":"HHEX","len":8,"ltrim":0,"rtrim":0,"nsites":26,"url":"http://jaspar2018.genereg.net/matrix/MA0183.1","pwm":[[0.269317,0.115741,0.0774264,0.537517],[0.00111762,0.268998,0.000798085,0.729087],[0.00111762,0.230683,0.268998,0.499202],[0.805715,0.000798085,0.0774264,0.116061],[0.997286,0.000798085,0.000798085,0.00111762],[0.00111762,0.115741,0.115741,0.767401],[0.269317,0.000798085,0.0391127,0.690773],[0.84403,0.000798085,0.154055,0.00111762]]},{"db":1,"id":"MA0231.1","alt":"lbe","len":6,"ltrim":0,"rtrim":0,"nsites":22,"url":"http://jaspar2018.genereg.net/matrix/MA0231.1","pwm":[[0.00131991,0.000942535,0.000942535,0.996795],[0.996795,0.000942535,0.000942535,0.00131991],[0.996795,0.000942535,0.000942535,0.00131991],[0.0465692,0.453431,0.0914402,0.40856],[0.182315,0.227187,0.13669,0.453808],[0.861048,0.000942535,0.13669,0.00131991]]},{"db":1,"id":"MA0232.1","alt":"lbl","len":6,"ltrim":0,"rtrim":0,"nsites":23,"url":"http://jaspar2018.genereg.net/matrix/MA0232.1","pwm":[[0.00126277,0.000901732,0.000901732,0.996934],[0.996934,0.000901732,0.000901732,0.00126277],[0.996934,0.000901732,0.000901732,0.00126277],[0.00126277,0.217352,0.000901732,0.780484],[0.0445526,0.130772,0.303932,0.520743],[0.737193,0.000901732,0.260642,0.00126277]]},{"db":1,"id":"MA0244.1","alt":"slbo","len":8,"ltrim":0,"rtrim":0,"nsites":12,"url":"http://jaspar2018.genereg.net/matrix/MA0244.1","pwm":[[0.746212,0.0843658,0.0843658,0.085055],[0.00241074,0.0843658,0.00172149,0.911502],[0.00241074,0.00172149,0.249655,0.746212],[0.250345,0.167011,0.580234,0.00241074],[0.1677,0.828167,0.00172149,0.00241074],[0.580923,0.167011,0.167011,0.085055],[0.498279,0.414945,0.0843658,0.00241074],[0.911502,0.0843658,0.00172149,0.00241074]]},{"db":1,"id":"MA0296.1","alt":"FKH1","len":20,"ltrim":2,"rtrim":5,"nsites":997,"url":"http://jaspar2018.genereg.net/matrix/MA0296.1","pwm":[[0.177544,0.287856,0.207623,0.326977],[0.247499,0.192387,0.334656,0.225458],[0.520498,0.0840965,0.0981091,0.297296],[0.52703,0.0761653,0.129267,0.267537],[0.365358,0.0730866,0.150156,0.411399],[0.119255,0.146299,0.133275,0.601171],[0.146308,0.00402849,0.848633,0.00103115],[0.00704955,0.00302959,2.08906e-05,0.9899],[0.961819,0.0371282,2.08906e-05,0.00103215],[0.978889,0.0110418,0.00102279,0.00904635],[0.991914,0.00102279,0.00202469,0.00503875],[0.00103115,0.926782,0.00102279,0.0711641],[0.991914,0.00102279,0.00302659,0.00403685],[0.875693,0.039095,0.0160513,0.0691603],[0.672307,0.049114,0.0701539,0.208425],[0.248501,0.191385,0.407796,0.152319],[0.374741,0.158322,0.296584,0.170353],[0.28457,0.184371,0.330649,0.20041],[0.20542,0.116241,0.452881,0.225458],[0.421831,0.192387,0.248493,0.13729]]},{"db":1,"id":"MA0307.1","alt":"GLN3","len":5,"ltrim":0,"rtrim":0,"nsites":100,"url":"http://jaspar2018.genereg.net/matrix/MA0307.1","pwm":[[0.000291408,0.000208092,0.999209,0.000291408],[0.999292,0.000208092,0.000208092,0.000291408],[0.000291408,0.000208092,0.000208092,0.999292],[0.739552,0.000208092,0.000208092,0.260032],[0.609682,0.000208092,0.269938,0.120172]]},{"db":1,"id":"MA0317.1","alt":"HCM1","len":8,"ltrim":0,"rtrim":0,"nsites":100,"url":"http://jaspar2018.genereg.net/matrix/MA0317.1","pwm":[[0.509782,0.160048,0.249958,0.0802115],[0.270022,0.0801282,0.0401681,0.609682],[0.662995,0.316724,0.0100992,0.0101825],[0.949342,0.0501581,0.000208092,0.000291408],[0.999292,0.000208092,0.000208092,0.000291408],[0.0102814,0.859349,0.000208092,0.130162],[0.939946,0.0199903,0.0199903,0.0200736],[0.575474,0.171754,0.111208,0.141564]]},{"db":1,"id":"MA0321.1","alt":"INO2","len":9,"ltrim":0,"rtrim":0,"nsites":249,"url":"http://jaspar2018.genereg.net/matrix/MA0321.1","pwm":[[0.0723771,0.116503,0.794945,0.0161747],[0.000117101,0.999682,8.36211e-05,0.000117101],[0.933477,0.0422357,8.36211e-05,0.0242034],[0.000117101,0.142883,8.36211e-05,0.856916],[0.0265215,8.36211e-05,0.973278,0.000117101],[0.0482908,8.36211e-05,0.066322,0.885304],[0.000117101,0.12367,0.876096,0.000117101],[0.783136,0.0889369,0.12781,0.000117101],[0.811912,0.0121998,0.0303745,0.145514]]},{"db":1,"id":"MA0355.1","alt":"PHD1","len":10,"ltrim":1,"rtrim":3,"nsites":100,"url":"http://jaspar2018.genereg.net/matrix/MA0355.1","pwm":[[0.359932,0.269938,0.190018,0.180112],[0.0911096,0.434117,0.393754,0.0810187],[0.373655,0.444208,0.151572,0.0305641],[0.000291408,0.101117,0.000208092,0.898383],[0.000291408,0.000208092,0.999209,0.000291408],[0.000291408,0.989219,0.000208092,0.0102814],[0.909382,0.0101981,0.0701382,0.0102814],[0.0802115,0.219988,0.359848,0.339952],[0.220072,0.419789,0.219988,0.140152],[0.319972,0.279928,0.209998,0.190102]]},{"db":1,"id":"MA0486.2","alt":"HSF1","len":13,"ltrim":0,"rtrim":0,"nsites":1562,"url":"http://jaspar2018.genereg.net/matrix/MA0486.2","pwm":[[0.0409891,0.0115366,0.0160173,0.931457],[0.0074152,0.00270316,0.0114446,0.978436],[0.00610728,0.984388,0.00610194,0.00340146],[0.00196255,0.175415,0.115652,0.70697],[0.642079,0.187115,0.169464,0.00134259],[1.86736e-05,1.33346e-05,0.999949,1.86736e-05],[0.988406,0.00544799,0.00137225,0.00477337],[0.976466,0.00269816,0.00269816,0.0181385],[0.0480596,0.489344,0.109134,0.353462],[0.336767,0.130589,0.40686,0.125784],[0.0168526,0.00338012,1.33346e-05,0.979754],[0.00410841,0.00137625,0.00274016,0.991775],[0.00206654,0.993124,0.0020612,0.0027485]]},{"db":1,"id":"MA0665.1","alt":"MSC","len":10,"ltrim":0,"rtrim":0,"nsites":94,"url":"http://jaspar2018.genereg.net/matrix/MA0665.1","pwm":[[0.733573,0.00022136,0.191507,0.0746989],[0.820866,0.142927,0.0358974,0.000309989],[0.000309989,0.944422,0.0412737,0.0139944],[0.999247,0.00022136,0.00022136,0.000309989],[0.000309989,0.148212,0.851168,0.000309989],[0.000309989,0.957536,0.0418441,0.000309989],[0.000309989,0.00022136,0.00022136,0.999247],[0.000309989,0.00022136,0.944422,0.0550468],[0.0351569,0.116377,0.0466839,0.801783],[0.000309989,0.109861,0.0489495,0.840879]]},{"db":1,"id":"MA0766.1","alt":"GATA5","len":8,"ltrim":0,"rtrim":2,"nsites":5288,"url":"http://jaspar2018.genereg.net/matrix/MA0766.1","pwm":[[0.446101,0.19289,0.0313953,0.329613],[5.51616e-06,3.93904e-06,0.999985,5.51616e-06],[0.997872,3.93904e-06,0.0021189,5.51616e-06],[5.51616e-06,3.93904e-06,3.93904e-06,0.999987],[0.759244,0.0589018,0.00965976,0.172194],[0.719858,0.0640857,0.108638,0.107418],[0.169989,0.300125,0.419241,0.110643],[0.413309,0.18101,0.320049,0.0856339]]},{"db":1,"id":"MA0847.1","alt":"FOXD2","len":7,"ltrim":0,"rtrim":0,"nsites":1949,"url":"http://jaspar2018.genereg.net/matrix/MA0847.1","pwm":[[0.310415,0.0272023,0.646975,0.0154072],[0.103953,0.15293,1.0687e-05,0.743107],[0.823087,0.123956,1.0687e-05,0.0529453],[0.943821,0.0298522,0.0101262,0.0162001],[0.981554,1.0687e-05,1.0687e-05,0.018425],[1.49659e-05,0.718559,0.0147939,0.266632],[0.823814,1.0687e-05,0.0984606,0.077715]]},{"db":1,"id":"MA0848.1","alt":"FOXO4","len":7,"ltrim":0,"rtrim":0,"nsites":7060,"url":"http://jaspar2018.genereg.net/matrix/MA0848.1","pwm":[[0.236403,0.00184392,0.761748,4.13167e-06],[0.0583293,0.0116678,0.0207977,0.909205],[0.804,0.188219,0.00478688,0.00299409],[0.966735,0.0262476,0.0034179,0.00359908],[0.981735,2.95039e-06,0.0164317,0.00182911],[0.009028,0.836773,0.00513788,0.149061],[0.988957,0.00184192,0.00184192,0.00736003]]},{"db":1,"id":"MA0929.1","alt":"NCU00019","len":12,"ltrim":3,"rtrim":2,"nsites":1001,"url":"http://jaspar2018.genereg.net/matrix/MA0929.1","pwm":[[0.325671,0.224773,0.224773,0.224782],[0.224782,0.224773,0.224773,0.325671],[0.319997,0.127008,0.229998,0.322997],[0.149864,0.0549603,0.740207,0.0549686],[0.111018,2.08071e-05,2.08071e-05,0.88894],[0.802949,0.101011,2.08071e-05,0.0960195],[0.999929,2.08071e-05,2.08071e-05,2.91379e-05],[0.898838,2.08071e-05,2.08071e-05,0.10112],[0.0260005,0.520449,0.0259922,0.427558],[0.922015,0.0259922,0.0259922,0.0260005],[0.437985,0.218999,0.124008,0.219007],[0.412575,0.195805,0.195805,0.195814]]},{"db":1,"id":"MA0973.1","alt":"CDF2","len":10,"ltrim":1,"rtrim":2,"nsites":1001,"url":"http://jaspar2018.genereg.net/matrix/MA0973.1","pwm":[[0.333662,0.283708,0.234762,0.147866],[0.607968,0.0920116,0.150006,0.150014],[0.69296,0.0160192,0.0410167,0.250004],[0.980912,0.0100298,0.00402441,0.00503364],[0.978931,0.0100198,0.00202061,0.00902824],[0.867942,0.0290179,0.0810127,0.0220269],[0.0170444,0.00702711,0.969894,0.00603454],[0.0530238,0.294991,0.154005,0.497979],[0.327996,0.0770131,0.394981,0.200009],[0.298999,0.281993,0.155005,0.264003]]},{"db":1,"id":"MA0974.1","alt":"CDF3","len":9,"ltrim":1,"rtrim":2,"nsites":1001,"url":"http://jaspar2018.genereg.net/matrix/MA0974.1","pwm":[[0.446538,0.142864,0.219779,0.190819],[0.607576,0.0290469,0.0650793,0.298297],[0.99393,0.00302051,0.00102071,0.00202894],[0.98893,0.00502031,2.08071e-05,0.00602854],[0.879941,0.0270181,0.0830125,0.0100281],[0.0190082,0.00701311,0.967956,0.00602254],[0.0700221,0.290992,0.160005,0.478981],[0.222229,0.102113,0.495466,0.180191],[0.286001,0.342987,0.169004,0.202009]]},{"db":1,"id":"MA0983.1","alt":"DOF5.6","len":8,"ltrim":2,"rtrim":1,"nsites":1001,"url":"http://jaspar2018.genereg.net/matrix/MA0983.1","pwm":[[0.25375,0.256738,0.261733,0.227778],[0.363993,0.170004,0.226998,0.239005],[0.431986,0.0840124,0.10801,0.375992],[0.95398,0.0349823,0.00101971,0.0100181],[0.92701,0.0399768,0.00101971,0.0319939],[0.612356,0.307682,0.0559592,0.0240027],[0.0500241,0.028018,0.883933,0.0380253],[0.152014,0.246996,0.213,0.38799]]},{"db":1,"id":"MA0989.1","alt":"PHYPADRAFT_153324","len":9,"ltrim":2,"rtrim":2,"nsites":1000,"url":"http://jaspar2018.genereg.net/matrix/MA0989.1","pwm":[[0.253004,0.263994,0.260995,0.222007],[0.333996,0.193002,0.254995,0.218007],[0.481499,0.0709427,0.117891,0.329666],[0.860083,0.0619526,0.0130065,0.0649577],[0.925937,0.0360172,2.08279e-05,0.0380254],[0.671962,0.147006,0.0520156,0.129016],[0.0709511,0.0269911,0.897034,0.00502367],[0.139015,0.287992,0.195001,0.377991],[0.285001,0.158005,0.296991,0.260003]]},{"db":1,"id":"MA1159.1","alt":"SGR5","len":15,"ltrim":0,"rtrim":0,"nsites":600,"url":"http://jaspar2018.genereg.net/matrix/MA1159.1","pwm":[[0.4883,0.21,0.0666906,0.235009],[0.57162,0.0950189,0.266657,0.0667045],[0.566621,0.0800214,0.193335,0.160022],[0.721595,3.47109e-05,0.0733555,0.205014],[0.51663,0.0266973,0.0450272,0.411647],[0.809914,0.0366956,0.153342,4.86085e-05],[0.886568,0.0067006,0.0366956,0.0700369],[0.0550394,3.47109e-05,0.943211,0.00171533],[0.984884,0.010033,3.47109e-05,0.00504778],[4.86085e-05,0.998201,0.00170143,4.86085e-05],[0.986551,0.00170143,0.0116998,4.86085e-05],[0.99655,0.00170143,3.47109e-05,0.00171533],[0.933226,0.0166989,0.0183647,0.0317103],[0.713263,0.0566923,0.0350289,0.195016],[0.474969,0.138345,0.0716898,0.314996]]},{"db":1,"id":"MA1393.1","alt":"MYB70","len":14,"ltrim":0,"rtrim":1,"nsites":600,"url":"http://jaspar2018.genereg.net/matrix/MA1393.1","pwm":[[0.116696,0.200001,0.0250305,0.658272],[0.999882,3.47109e-05,3.47109e-05,4.86085e-05],[0.961555,0.0383613,3.47109e-05,4.86085e-05],[4.86085e-05,0.999868,3.47109e-05,4.86085e-05],[0.0617053,0.43163,0.259991,0.246675],[0.150024,3.47109e-05,0.849893,4.86085e-05],[0.398315,0.0933522,0.0200314,0.4883],[0.519962,0.226664,0.00836632,0.245008],[0.493299,0.0466939,0.0533588,0.406648],[0.364988,0.148343,0.0450272,0.441642],[0.719929,0.0450272,0.0433605,0.191684],[0.703264,0.13168,0.058358,0.106698],[0.226678,0.579938,0.0550255,0.138359],[0.198349,0.37164,0.15001,0.280002]]}],"sequence_names":["chr13:111252450-111253099","chr18:71509800-71510299","chr2:43826650-43827199","chr3:100314500-100315199","chr6:473950-474699","chr7:117565150-117565649"],"primaries":[{"motif":{"db":0,"id":"CTYAGGCWMRVATTTCAYBVCCMWGRACHC","alt":"MEME-3","len":30,"ltrim":0,"rtrim":0,"nsites":9,"evalue":"2.3e-004","pwm":[[0.00320549,0.88141,0.112179,0.00320549],[0.00320549,0.222069,0.222069,0.552656],[0.113095,0.55174,0.00228901,0.332875],[0.882326,0.00228901,0.112179,0.00320549],[0.113095,0.112179,0.66163,0.113095],[0.00320549,0.00228901,0.9913,0.00320549],[0.00320549,0.88141,0.112179,0.00320549],[0.552656,0.00228901,0.00228901,0.442765],[0.552656,0.331959,0.112179,0.00320549],[0.442765,0.112179,0.441849,0.00320549],[0.222985,0.222069,0.441849,0.113095],[0.662546,0.112179,0.00228901,0.222985],[0.00320549,0.222069,0.00228901,0.772436],[0.113095,0.112179,0.112179,0.662546],[0.00320549,0.222069,0.00228901,0.772436],[0.113095,0.66163,0.222069,0.00320549],[0.772436,0.112179,0.112179,0.00320549],[0.00320549,0.331959,0.00228901,0.662546],[0.113095,0.222069,0.441849,0.222985],[0.442765,0.331959,0.222069,0.00320549],[0.00320549,0.77152,0.222069,0.00320549],[0.00320549,0.88141,0.00228901,0.113095],[0.552656,0.331959,0.112179,0.00320549],[0.552656,0.00228901,0.00228901,0.442765],[0.00320549,0.00228901,0.88141,0.113095],[0.552656,0.00228901,0.441849,0.00320549],[0.552656,0.222069,0.112179,0.113095],[0.113095,0.88141,0.00228901,0.00320549],[0.222985,0.331959,0.00228901,0.442765],[0.00320549,0.88141,0.112179,0.00320549]]},"secondaries":[[{"idx":1,"counts":[[0,0,0,0,0,0,0,0,0,0,0,0,0,0,0,0,0,0,0,0,0,0,0,0,0,0,0,0,0,0,0,0,0,0,0,0,0,0,0,0,0,0,0,0,0,0,0,0,0,0,0,0,0,0,0,0,0,0,0,0,0,0,0,0,0,0,0,0,0,0,0,0,0,0,0,0,0,0,0,0,0,0,0,0,0,0,0,0,0,0,0,0,0,0,0,0,0,0,0,0,0,0,0,0,0,0,0,0,0,0,0,0,0,0,0,0,0,0,0,0,0,0,0,0,0],[0,0,3,0,0,0,0,0,0,0,0,0,0,0,0,0,0,0,0,0,0,0,0,0,0,0,0,0,0,0,0,0,0,0,0,0,0,0,0,0,0,0,0,0,0,0,0,0,0,0,0,0,0,0,0,0,0,0,0,0,0,0,0,0,0,0,0,0,0,0,0,0,0,0,0,0,0,0,0,0,0,0,0,0,0,0,0,0,0,0,0,0,0,0,0,0,0,0,0,0,0,0,0,0,0,0,0,0,0,0,0,0,0,0,0,0,0,0,0,0,0,0,0,0,0],[0,0,0,0,0,0,0,0,0,0,0,0,0,0,0,0,0,0,0,0,0,0,0,0,0,0,0,0,0,0,0,0,0,0,0,0,0,0,0,0,0,0,0,0,0,0,0,0,0,0,0,0,0,0,0,0,0,0,0,0,0,0,0,0,0,0,0,0,0,0,0,0,0,0,0,0,0,0,0,0,0,0,0,0,0,0,0,0,0,0,0,0,0,0,0,0,0,0,0,0,0,0,0,0,0,0,0,0,0,0,0,0,0,0,0,0,0,0,0,0,0,0,0,0,0],[0,0,0,0,0,0,0,0,0,0,0,0,0,0,0,0,0,0,0,0,0,0,0,0,0,0,0,0,0,0,0,0,0,0,0,0,0,0,0,0,0,0,0,0,0,0,0,0,0,0,0,0,0,0,0,0,0,0,0,0,0,0,0,0,0,0,0,0,0,0,0,0,0,0,0,0,0,0,0,0,0,0,0,0,0,0,0,0,0,0,0,0,0,0,0,0,0,0,0,0,0,0,0,0,0,0,0,0,0,0,0,0,0,0,0,0,0,0,0,0,0,0,0,0,0]],"spacings":[{"orient":1,"bin":2,"pvalue":8.19511e-09,"inferred_pwm":[[1,0,0,0],[1,0,0,0],[0,0,1,0],[0,1,0,0],[1,0,0,0],[1,0,0,0],[1,0,0,0],[0,0,0,1],[0.333333,0,0.333333,0.333333],[0,1,0,0],[1,0,0,0],[1,0,0,0],[0,0,0,1],[1,0,0,0],[0.666667,0,0.333333,0],[1,0,0,0],[1,0,0,0],[1,0,0,0],[0,1,0,0],[1,0,0,0],[0.666667,0,0.333333,0],[1,0,0,0],[0,0,1,0],[1,0,0,0],[0,0,0,1],[1,0,0,0],[1,0,0,0]],"alignment_pwm":[null,[[0.333333,0,0,0.666667],[0.333333,0.666667,0,0],[0.333333,0.333333,0,0.333333],[0.666667,0.333333,0,0],[0,0,0.666667,0.333333],[0.666667,0.333333,0,0],[0.666667,0,0,0.333333],[0.333333,0,0.666667,0],[0.666667,0,0.333333,0],[0.333333,0,0,0.666667],[1,0,0,0],[0.666667,0,0.333333,0],[0.333333,0.666667,0,0],[0.666667,0,0,0.333333],[0.333333,0,0,0.666667],[0.333333,0,0,0.666667],[0,0.333333,0.666667,0],[0.333333,0,0.666667,0],[0.666667,0,0,0.333333],[0.666667,0,0,0.333333],[0.666667,0,0.333333,0],[0.666667,0,0.333333,0],[1,0,0,0],[0.333333,0.333333,0,0.333333],[0.333333,0.333333,0,0.333333],[0.333333,0.666667,0,0],[0.333333,0,0,0.666667],[0,0.333333,0,0.666667],[0,1,0,0],[0,0.333333,0,0.666667],[0.666667,0,0,0.333333],[0,0,1,0],[0.666667,0,0.333333,0],[0,1,0,0],[0.333333,0,0.666667,0],[0,0,0,1],[0,0,0,1],[0,0,1,0],[0,0.333333,0.666667,0],[0,1,0,0],[0,0.333333,0,0.666667],[0,0,0,1],[1,0,0,0],[0,0,1,0],[0,0,1,0],[0,1,0,0],[1,0,0,0],[1,0,0,0],[0,0,1,0],[0.333333,0,0.666667,0],[1,0,0,0],[0,0,0,1],[0,0,0,1],[0,0,0,1],[0,1,0,0],[1,0,0,0],[0,0,0,1],[0,0,1,0],[1,0,0,0],[0,1,0,0],[0,1,0,0],[1,0,0,0],[1,0,0,0],[0,0,1,0],[1,0,0,0],[1,0,0,0],[0,1,0,0],[0,0.666667,0,0.333333],[0,1,0,0],[1,0,0,0],[1,0,0,0],[1,0,0,0],[1,0,0,0],[0,0,1,0],[0,1,0,0],[1,0,0,0],[1,0,0,0],[1,0,0,0],[0,0,0,1],[0.333333,0,0.333333,0.333333],[0,1,0,0],[1,0,0,0],[1,0,0,0],[0,0,0,1],[1,0,0,0],[0.666667,0,0.333333,0],[1,0,0,0],[1,0,0,0],[1,0,0,0],[0,1,0,0],[1,0,0,0],[0.666667,0,0.333333,0],[1,0,0,0],[0,0,1,0],[1,0,0,0],[0,0,0,1],[1,0,0,0],[1,0,0,0],[1,0,0,0],[0,0,0,1],[1,0,0,0],[0,0,1,0],[0,0.666667,0,0.333333],[0,0,0,1],[0,0,0.666667,0.333333],[0,0,1,0],[0,0,1,0],[1,0,0,0]],null,null],"seqs":[2,3,5]},{"orient":6,"bin":2,"pvalue":6.55609e-08,"inferred_pwm":[[1,0,0,0],[1,0,0,0],[0,0,1,0],[0,1,0,0],[1,0,0,0],[1,0,0,0],[1,0,0,0],[0,0,0,1],[0.333333,0,0.333333,0.333333],[0,1,0,0],[1,0,0,0],[1,0,0,0],[0,0,0,1],[1,0,0,0],[0.666667,0,0.333333,0],[1,0,0,0],[1,0,0,0],[1,0,0,0],[0,1,0,0],[1,0,0,0],[0.666667,0,0.333333,0],[1,0,0,0],[0,0,1,0],[1,0,0,0],[0,0,0,1],[1,0,0,0],[1,0,0,0]],"alignment_pwm":[null,[[0.333333,0,0,0.666667],[0.333333,0.666667,0,0],[0.333333,0.333333,0,0.333333],[0.666667,0.333333,0,0],[0,0,0.666667,0.333333],[0.666667,0.333333,0,0],[0.666667,0,0,0.333333],[0.333333,0,0.666667,0],[0.666667,0,0.333333,0],[0.333333,0,0,0.666667],[1,0,0,0],[0.666667,0,0.333333,0],[0.333333,0.666667,0,0],[0.666667,0,0,0.333333],[0.333333,0,0,0.666667],[0.333333,0,0,0.666667],[0,0.333333,0.666667,0],[0.333333,0,0.666667,0],[0.666667,0,0,0.333333],[0.666667,0,0,0.333333],[0.666667,0,0.333333,0],[0.666667,0,0.333333,0],[1,0,0,0],[0.333333,0.333333,0,0.333333],[0.333333,0.333333,0,0.333333],[0.333333,0.666667,0,0],[0.333333,0,0,0.666667],[0,0.333333,0,0.666667],[0,1,0,0],[0,0.333333,0,0.666667],[0.666667,0,0,0.333333],[0,0,1,0],[0.666667,0,0.333333,0],[0,1,0,0],[0.333333,0,0.666667,0],[0,0,0,1],[0,0,0,1],[0,0,1,0],[0,0.333333,0.666667,0],[0,1,0,0],[0,0.333333,0,0.666667],[0,0,0,1],[1,0,0,0],[0,0,1,0],[0,0,1,0],[0,1,0,0],[1,0,0,0],[1,0,0,0],[0,0,1,0],[0.333333,0,0.666667,0],[1,0,0,0],[0,0,0,1],[0,0,0,1],[0,0,0,1],[0,1,0,0],[1,0,0,0],[0,0,0,1],[0,0,1,0],[1,0,0,0],[0,1,0,0],[0,1,0,0],[1,0,0,0],[1,0,0,0],[0,0,1,0],[1,0,0,0],[1,0,0,0],[0,1,0,0],[0,0.666667,0,0.333333],[0,1,0,0],[1,0,0,0],[1,0,0,0],[1,0,0,0],[1,0,0,0],[0,0,1,0],[0,1,0,0],[1,0,0,0],[1,0,0,0],[1,0,0,0],[0,0,0,1],[0.333333,0,0.333333,0.333333],[0,1,0,0],[1,0,0,0],[1,0,0,0],[0,0,0,1],[1,0,0,0],[0.666667,0,0.333333,0],[1,0,0,0],[1,0,0,0],[1,0,0,0],[0,1,0,0],[1,0,0,0],[0.666667,0,0.333333,0],[1,0,0,0],[0,0,1,0],[1,0,0,0],[0,0,0,1],[1,0,0,0],[1,0,0,0],[1,0,0,0],[0,0,0,1],[1,0,0,0],[0,0,1,0],[0,0.666667,0,0.333333],[0,0,0,1],[0,0,0.666667,0.333333],[0,0,1,0],[0,0,1,0],[1,0,0,0]],null,null],"seqs":[2,3,5]},{"orient":7,"bin":2,"pvalue":6.55609e-08,"inferred_pwm":[[1,0,0,0],[1,0,0,0],[0,0,1,0],[0,1,0,0],[1,0,0,0],[1,0,0,0],[1,0,0,0],[0,0,0,1],[0.333333,0,0.333333,0.333333],[0,1,0,0],[1,0,0,0],[1,0,0,0],[0,0,0,1],[1,0,0,0],[0.666667,0,0.333333,0],[1,0,0,0],[1,0,0,0],[1,0,0,0],[0,1,0,0],[1,0,0,0],[0.666667,0,0.333333,0],[1,0,0,0],[0,0,1,0],[1,0,0,0],[0,0,0,1],[1,0,0,0],[1,0,0,0]],"alignment_pwm":[null,[[0.333333,0,0,0.666667],[0.333333,0.666667,0,0],[0.333333,0.333333,0,0.333333],[0.666667,0.333333,0,0],[0,0,0.666667,0.333333],[0.666667,0.333333,0,0],[0.666667,0,0,0.333333],[0.333333,0,0.666667,0],[0.666667,0,0.333333,0],[0.333333,0,0,0.666667],[1,0,0,0],[0.666667,0,0.333333,0],[0.333333,0.666667,0,0],[0.666667,0,0,0.333333],[0.333333,0,0,0.666667],[0.333333,0,0,0.666667],[0,0.333333,0.666667,0],[0.333333,0,0.666667,0],[0.666667,0,0,0.333333],[0.666667,0,0,0.333333],[0.666667,0,0.333333,0],[0.666667,0,0.333333,0],[1,0,0,0],[0.333333,0.333333,0,0.333333],[0.333333,0.333333,0,0.333333],[0.333333,0.666667,0,0],[0.333333,0,0,0.666667],[0,0.333333,0,0.666667],[0,1,0,0],[0,0.333333,0,0.666667],[0.666667,0,0,0.333333],[0,0,1,0],[0.666667,0,0.333333,0],[0,1,0,0],[0.333333,0,0.666667,0],[0,0,0,1],[0,0,0,1],[0,0,1,0],[0,0.333333,0.666667,0],[0,1,0,0],[0,0.333333,0,0.666667],[0,0,0,1],[1,0,0,0],[0,0,1,0],[0,0,1,0],[0,1,0,0],[1,0,0,0],[1,0,0,0],[0,0,1,0],[0.333333,0,0.666667,0],[1,0,0,0],[0,0,0,1],[0,0,0,1],[0,0,0,1],[0,1,0,0],[1,0,0,0],[0,0,0,1],[0,0,1,0],[1,0,0,0],[0,1,0,0],[0,1,0,0],[1,0,0,0],[1,0,0,0],[0,0,1,0],[1,0,0,0],[1,0,0,0],[0,1,0,0],[0,0.666667,0,0.333333],[0,1,0,0],[1,0,0,0],[1,0,0,0],[1,0,0,0],[1,0,0,0],[0,0,1,0],[0,1,0,0],[1,0,0,0],[1,0,0,0],[1,0,0,0],[0,0,0,1],[0.333333,0,0.333333,0.333333],[0,1,0,0],[1,0,0,0],[1,0,0,0],[0,0,0,1],[1,0,0,0],[0.666667,0,0.333333,0],[1,0,0,0],[1,0,0,0],[1,0,0,0],[0,1,0,0],[1,0,0,0],[0.666667,0,0.333333,0],[1,0,0,0],[0,0,1,0],[1,0,0,0],[0,0,0,1],[1,0,0,0],[1,0,0,0],[1,0,0,0],[0,0,0,1],[1,0,0,0],[0,0,1,0],[0,0.666667,0,0.333333],[0,0,0,1],[0,0,0.666667,0.333333],[0,0,1,0],[0,0,1,0],[1,0,0,0]],null,null],"seqs":[2,3,5]},{"orient":8,"bin":2,"pvalue":5.24487e-07,"inferred_pwm":[[1,0,0,0],[1,0,0,0],[0,0,1,0],[0,1,0,0],[1,0,0,0],[1,0,0,0],[1,0,0,0],[0,0,0,1],[0.333333,0,0.333333,0.333333],[0,1,0,0],[1,0,0,0],[1,0,0,0],[0,0,0,1],[1,0,0,0],[0.666667,0,0.333333,0],[1,0,0,0],[1,0,0,0],[1,0,0,0],[0,1,0,0],[1,0,0,0],[0.666667,0,0.333333,0],[1,0,0,0],[0,0,1,0],[1,0,0,0],[0,0,0,1],[1,0,0,0],[1,0,0,0]],"alignment_pwm":[null,[[0.333333,0,0,0.666667],[0.333333,0.666667,0,0],[0.333333,0.333333,0,0.333333],[0.666667,0.333333,0,0],[0,0,0.666667,0.333333],[0.666667,0.333333,0,0],[0.666667,0,0,0.333333],[0.333333,0,0.666667,0],[0.666667,0,0.333333,0],[0.333333,0,0,0.666667],[1,0,0,0],[0.666667,0,0.333333,0],[0.333333,0.666667,0,0],[0.666667,0,0,0.333333],[0.333333,0,0,0.666667],[0.333333,0,0,0.666667],[0,0.333333,0.666667,0],[0.333333,0,0.666667,0],[0.666667,0,0,0.333333],[0.666667,0,0,0.333333],[0.666667,0,0.333333,0],[0.666667,0,0.333333,0],[1,0,0,0],[0.333333,0.333333,0,0.333333],[0.333333,0.333333,0,0.333333],[0.333333,0.666667,0,0],[0.333333,0,0,0.666667],[0,0.333333,0,0.666667],[0,1,0,0],[0,0.333333,0,0.666667],[0.666667,0,0,0.333333],[0,0,1,0],[0.666667,0,0.333333,0],[0,1,0,0],[0.333333,0,0.666667,0],[0,0,0,1],[0,0,0,1],[0,0,1,0],[0,0.333333,0.666667,0],[0,1,0,0],[0,0.333333,0,0.666667],[0,0,0,1],[1,0,0,0],[0,0,1,0],[0,0,1,0],[0,1,0,0],[1,0,0,0],[1,0,0,0],[0,0,1,0],[0.333333,0,0.666667,0],[1,0,0,0],[0,0,0,1],[0,0,0,1],[0,0,0,1],[0,1,0,0],[1,0,0,0],[0,0,0,1],[0,0,1,0],[1,0,0,0],[0,1,0,0],[0,1,0,0],[1,0,0,0],[1,0,0,0],[0,0,1,0],[1,0,0,0],[1,0,0,0],[0,1,0,0],[0,0.666667,0,0.333333],[0,1,0,0],[1,0,0,0],[1,0,0,0],[1,0,0,0],[1,0,0,0],[0,0,1,0],[0,1,0,0],[1,0,0,0],[1,0,0,0],[1,0,0,0],[0,0,0,1],[0.333333,0,0.333333,0.333333],[0,1,0,0],[1,0,0,0],[1,0,0,0],[0,0,0,1],[1,0,0,0],[0.666667,0,0.333333,0],[1,0,0,0],[1,0,0,0],[1,0,0,0],[0,1,0,0],[1,0,0,0],[0.666667,0,0.333333,0],[1,0,0,0],[0,0,1,0],[1,0,0,0],[0,0,0,1],[1,0,0,0],[1,0,0,0],[1,0,0,0],[0,0,0,1],[1,0,0,0],[0,0,1,0],[0,0.666667,0,0.333333],[0,0,0,1],[0,0,0.666667,0.333333],[0,0,1,0],[0,0,1,0],[1,0,0,0]],null,null],"seqs":[2,3,5]}]}],[{"idx":0,"counts":[[0,0,0,0,0,0,0,0,0,0,0,0,0,0,0,0,0,0,0,0,0,0,0,0,0,0,0,0,0,0,0,0,0,0,0,0,0,0,0,0,0,0,0,0,0,0,0,0,0,0,0,0,0,0,0,0,0,0,0,0,0,0,0,0,0,0,0,0,0,0,0,0,0,0,0,0,0,0,0,0,0,0,0,0,0,0,0,0,0,0,0,0,0,0,0,0,0,0,0,0,0,0,0,0,0,0,0,0,0,0,0,0,0,0,0,0,0,0,0,0,0,0,0],[0,0,0,0,0,0,0,0,0,0,0,0,0,0,0,0,0,0,0,0,0,0,0,0,0,0,0,0,0,0,0,0,0,0,0,0,0,0,0,0,0,0,0,0,0,0,0,0,0,0,0,3,0,0,0,0,0,0,0,0,0,0,0,0,0,0,0,0,0,0,0,0,0,0,0,0,0,0,0,0,0,0,0,0,0,0,0,0,0,0,0,0,0,0,0,0,0,0,0,0,0,0,0,0,0,0,0,0,0,0,0,0,0,0,0,0,0,0,0,0,0,0,0],[0,0,0,0,0,0,0,0,0,0,0,0,0,0,0,0,0,0,0,0,0,0,0,0,0,0,0,0,0,0,0,0,0,0,0,0,0,0,0,0,0,0,0,0,0,0,0,0,0,0,0,0,0,0,0,0,0,0,0,0,0,0,0,0,0,0,0,0,0,0,0,0,0,0,0,0,0,0,0,0,0,0,0,0,0,0,0,0,0,0,0,0,0,0,0,0,0,0,0,0,0,0,0,0,0,0,0,0,0,0,0,0,0,0,0,0,0,0,0,0,0,0,0],[0,0,0,0,0,0,0,0,0,0,0,0,0,0,0,0,0,0,0,0,0,0,0,0,0,0,0,0,0,0,0,0,0,0,0,0,0,0,0,0,0,0,0,0,0,0,0,0,0,0,0,0,0,0,0,0,0,0,0,0,0,0,0,0,0,0,0,0,0,0,0,0,0,0,0,0,0,0,0,0,0,0,0,0,0,0,0,0,0,0,0,0,0,0,0,0,0,0,0,0,0,0,0,0,0,0,0,0,0,0,0,0,0,0,0,0,0,0,0,0,0,0,0]],"spacings":[{"orient":1,"bin":51,"pvalue":8.6048e-09,"inferred_pwm":[[0.666667,0,0.333333,0],[1,0,0,0],[1,0,0,0],[0,0.333333,0.666667,0],[1,0,0,0],[0,0,1,0],[0,1,0,0],[0,0,0,1],[0,0,0,1],[0,0,0,1],[0,0,0,1],[0,0,1,0],[0,1,0,0],[1,0,0,0],[0,0.666667,0,0.333333],[0,0,1,0],[0,0,1,0],[0,1,0,0],[1,0,0,0],[1,0,0,0],[1,0,0,0],[0.666667,0,0.333333,0],[0.333333,0,0.666667,0],[0.333333,0,0.666667,0],[0.666667,0.333333,0,0],[1,0,0,0],[0,0.666667,0.333333,0],[0.666667,0,0,0.333333],[0,0.333333,0.666667,0]],"alignment_pwm":[null,[[0.333333,0.666667,0,0],[0.666667,0,0,0.333333],[1,0,0,0],[0,0.666667,0,0.333333],[0,0.333333,0,0.666667],[0.333333,0.666667,0,0],[1,0,0,0],[0.666667,0.333333,0,0],[0,0,0.666667,0.333333],[0.666667,0.333333,0,0],[0.333333,0,0,0.666667],[0.333333,0,0.666667,0],[0,0,1,0],[1,0,0,0],[0,0,0,1],[0,0.333333,0.333333,0.333333],[0.666667,0,0.333333,0],[0.666667,0,0.333333,0],[0,0,0.666667,0.333333],[0.333333,0,0.333333,0.333333],[1,0,0,0],[0.333333,0.333333,0,0.333333],[0,0,0.333333,0.666667],[0,0,0.333333,0.666667],[1,0,0,0],[0.666667,0,0,0.333333],[0.666667,0,0,0.333333],[0,0.333333,0,0.666667],[0.333333,0.666667,0,0],[0.333333,0,0,0.666667],[1,0,0,0],[0.666667,0,0,0.333333],[0.666667,0.333333,0,0],[0.666667,0,0,0.333333],[0.333333,0.666667,0,0],[0.333333,0.666667,0,0],[0,0,0.333333,0.666667],[0.333333,0,0.666667,0],[0.666667,0.333333,0,0],[0.666667,0.333333,0,0],[0.666667,0,0,0.333333],[0,0.666667,0.333333,0],[0.333333,0,0,0.666667],[0.666667,0.333333,0,0],[0.333333,0,0,0.666667],[0.666667,0.333333,0,0],[0.666667,0,0,0.333333],[0.666667,0.333333,0,0],[0.666667,0,0,0.333333],[1,0,0,0],[0.333333,0,0,0.666667],[0.333333,0,0,0.666667],[0.333333,0.666667,0,0],[0.333333,0.333333,0,0.333333],[0.666667,0.333333,0,0],[0,0,0.666667,0.333333],[0.666667,0.333333,0,0],[0.666667,0,0,0.333333],[0.333333,0,0.666667,0],[0.666667,0,0.333333,0],[0.333333,0,0,0.666667],[1,0,0,0],[0.666667,0,0.333333,0],[0.333333,0.666667,0,0],[0.666667,0,0,0.333333],[0.333333,0,0,0.666667],[0.333333,0,0,0.666667],[0,0.333333,0.666667,0],[0.333333,0,0.666667,0],[0.666667,0,0,0.333333],[0.666667,0,0,0.333333],[0.666667,0,0.333333,0],[0.666667,0,0.333333,0],[1,0,0,0],[0.333333,0.333333,0,0.333333],[0.333333,0.333333,0,0.333333],[0.333333,0.666667,0,0],[0.333333,0,0,0.666667],[0,0.333333,0,0.666667],[0,1,0,0],[0,0.333333,0,0.666667],[0.666667,0,0,0.333333],[0,0,1,0],[0.666667,0,0.333333,0],[0,1,0,0],[0.333333,0,0.666667,0],[0,0,0,1],[0,0,0,1],[0,0,1,0],[0,0.333333,0.666667,0],[0,1,0,0],[0,0.333333,0,0.666667],[0,0,0,1],[1,0,0,0],[0,0,1,0],[0,0,1,0],[0,1,0,0],[1,0,0,0],[1,0,0,0],[0,0,1,0],[0.333333,0,0.666667,0],[1,0,0,0],[0,0,0,1],[0,0,0,1],[0,0,0,1],[0,1,0,0],[1,0,0,0],[0,0,0,1],[0,0,1,0],[1,0,0,0],[0,1,0,0],[0,1,0,0],[1,0,0,0],[1,0,0,0],[0,0,1,0],[1,0,0,0],[1,0,0,0],[0,1,0,0],[0,0.666667,0,0.333333],[0,1,0,0],[1,0,0,0],[1,0,0,0],[1,0,0,0],[1,0,0,0],[0,0,1,0],[0,1,0,0],[1,0,0,0],[1,0,0,0],[1,0,0,0],[0,0,0,1],[0.333333,0,0.333333,0.333333],[0,1,0,0],[1,0,0,0],[1,0,0,0],[0,0,0,1],[1,0,0,0],[0.666667,0,0.333333,0],[1,0,0,0],[1,0,0,0],[1,0,0,0],[0,1,0,0],[1,0,0,0],[0.666667,0,0.333333,0],[1,0,0,0],[0,0,1,0],[1,0,0,0],[0,0,0,1],[1,0,0,0],[1,0,0,0],[1,0,0,0],[0,0,0,1],[1,0,0,0],[0,0,1,0],[0,0.666667,0,0.333333],[0,0,0,1],[0,0,0.666667,0.333333],[0,0,1,0],[0,0,1,0],[1,0,0,0],[0,1,0,0],[0,0,0,1],[0,0,0,1],[1,0,0,0],[0.666667,0,0.333333,0],[0,0,0,1],[0,0,0,1],[1,0,0,0],[1,0,0,0],[1,0,0,0],[0,0.666667,0.333333,0],[0,0,0,1],[0.666667,0,0.333333,0],[1,0,0,0],[1,0,0,0],[0,0.333333,0.666667,0],[1,0,0,0],[0,0,1,0],[0,1,0,0],[0,0,0,1],[0,0,0,1],[0,0,0,1],[0,0,0,1],[0,0,1,0],[0,1,0,0],[1,0,0,0],[0,0.666667,0,0.333333],[0,0,1,0],[0,0,1,0],[0,1,0,0],[1,0,0,0],[1,0,0,0],[1,0,0,0],[0.666667,0,0.333333,0],[0.333333,0,0.666667,0],[0.333333,0,0.666667,0],[0.666667,0.333333,0,0],[1,0,0,0],[0,0.666667,0.333333,0],[0.666667,0,0,0.333333],[0,0.333333,0.666667,0],[0.333333,0,0,0.666667],[0,0.666667,0.333333,0],[0.666667,0.333333,0,0],[0.333333,0,0.666667,0],[0,0.666667,0.333333,0],[1,0,0,0],[0,0,1,0],[0.666667,0,0,0.333333],[0.333333,0,0.666667,0],[0.333333,0,0,0.666667]],null,null],"seqs":[2,3,5]},{"orient":6,"bin":51,"pvalue":6.88384e-08,"inferred_pwm":[[0.666667,0,0.333333,0],[1,0,0,0],[1,0,0,0],[0,0.333333