<!DOCTYPE HTML>
<html>
  <head>
    <meta charset="UTF-8">
    <title>SpaMo - Spaced Motif Analysis</title>
    <script type="text/javascript">
      //@JSON_VAR data
      var data = {"program":"SpaMo","version":"4.12.0","revision":"aacc9c3eb8c7b460b344d5c8aa1458097dae704d","release":"Tue Jun 27 16:22:50 2017 -0700","host":"Sudins-iMac.local","when":"Thu May 24 14:29:32 2018","cmd":["spamo","-verbosity","1","-oc","results/AHRpeaks_not-in-DHSs.bed-399.fa/hocomoco/spamo_out_4","-bgfile","results/AHRpeaks_not-in-DHSs.bed-399.fa/hocomoco/background","-primary","AATTRAGTSCCAGCTA","results/AHRpeaks_not-in-DHSs.bed-399.fa/hocomoco/AHRpeaks_not-in-DHSs.bed-399.fa","results/AHRpeaks_not-in-DHSs.bed-399.fa/hocomoco/meme_out/meme.xml","results/AHRpeaks_not-in-DHSs.bed-399.fa/hocomoco/meme_out/meme.xml","/Users/filipov4/meme/db/motif_databases/HUMAN/HOCOMOCOv11_full_HUMAN_mono_meme_format.meme"],"options":{"seq_min_hit_score":7,"margin":150,"bin_size":1,"bin_pvalue_calc_range":150,"use_best_secondary":0,"seq_max_shared_fract":0.5,"seq_odds_ratio":20,"bin_pvalue_cutoff":0.05,"motif_evalue_cutoff":10,"redundant_overlap":2,"redundant_joint":0.5,"motif_pseudocount":0.1,"bgfile":"results/AHRpeaks_not-in-DHSs.bed-399.fa/hocomoco/background","motif_trim":0.25,"xalph":0,"seed":1,"bin_max":3},"alphabet":{"name":"DNA","like":"dna","ncore":4,"symbols":[{"symbol":"A","name":"Adenine","colour":"CC0000","complement":"T"},{"symbol":"C","name":"Cytosine","colour":"0000CC","complement":"G"},{"symbol":"G","name":"Guanine","colour":"FFB300","complement":"C"},{"symbol":"T","aliases":"U","name":"Thymine","colour":"008000","complement":"A"},{"symbol":"N","aliases":"X.","name":"Any base","equals":"ACGT"},{"symbol":"V","name":"Not T","equals":"ACG"},{"symbol":"H","name":"Not G","equals":"ACT"},{"symbol":"D","name":"Not C","equals":"AGT"},{"symbol":"B","name":"Not A","equals":"CGT"},{"symbol":"M","name":"Amino","equals":"AC"},{"symbol":"R","name":"Purine","equals":"AG"},{"symbol":"W","name":"Weak","equals":"AT"},{"symbol":"S","name":"Strong","equals":"CG"},{"symbol":"Y","name":"Pyrimidine","equals":"CT"},{"symbol":"K","name":"Keto","equals":"GT"}]},"background":[0.2917,0.2083,0.2083,0.2917],"sequence_dbs":[{"source":"results/AHRpeaks_not-in-DHSs.bed-399.fa/hocomoco/AHRpeaks_not-in-DHSs.bed-399.fa","name":"AHRpeaks_not-in-DHSs.bed-399","last_modified":"Thu May 24 11:14:35 2018","loaded":56,"excluded_too_short":0,"excluded_no_match":50,"excluded_ambigs":0,"excluded_similar":1,"erased_primary_matches":0}],"primary_dbs":[{"source":"results/AHRpeaks_not-in-DHSs.bed-399.fa/hocomoco/meme_out/meme.xml","name":"meme.xml","last_modified":"Thu May 24 14:29:04 2018","loaded":6,"excluded":5}],"secondary_dbs":[{"source":"results/AHRpeaks_not-in-DHSs.bed-399.fa/hocomoco/meme_out/meme.xml","name":"meme.xml","last_modified":"Thu May 24 14:29:04 2018","loaded":7,"excluded":1},{"source":"/Users/filipov4/meme/db/motif_databases/HUMAN/HOCOMOCOv11_full_HUMAN_mono_meme_format.meme","name":"HOCOMOCOv11_full_HUMAN_mono_meme_format","last_modified":"Wed Dec  6 21:59:30 2017","loaded":771,"excluded":0}],"secondary_motifs":[{"db":1,"id":"CDX2_HUMAN.H11MO.0.A","len":12,"ltrim":0,"rtrim":0,"nsites":151,"evalue":"1.0e+000","url":"http://hocomoco.autosome.ru/motif/CDX2_HUMAN.H11MO.0.A","pwm":[[0.15241,0.119264,0.211918,0.516407],[0.0597563,0.0729373,0.0597011,0.807605],[0.106083,0.000137856,0.0663192,0.82746],[0.0862288,0.245009,0.172209,0.496553],[0.986295,0.00675599,0.00675599,0.000193051],[0.00681118,0.0530829,0.0133741,0.926732],[0.04652,0.000137856,0.31119,0.642152],[0.185501,0.00675599,0.80755,0.000193051],[0.0134293,0.761223,0.132501,0.0928469],[0.264918,0.211918,0.0861736,0.43699],[0.139174,0.198682,0.350899,0.311245],[0.0134293,0.231773,0.172209,0.582589]]},{"db":1,"id":"CPEB1_HUMAN.H11MO.0.D","len":17,"ltrim":0,"rtrim":0,"nsites":1803,"evalue":"1.0e+000","url":"http://hocomoco.autosome.ru/motif/CPEB1_HUMAN.H11MO.0.D","pwm":[[0.163623,0.21797,0.0893022,0.529105],[0.000570778,0.000566153,0.000566153,0.998297],[0.00473028,0.00361646,0.000288853,0.991364],[0.000709428,0.001814,0.000150202,0.997326],[1.61777e-05,0.00167535,1.15523e-05,0.998297],[0.996633,0.000566153,0.00222995,0.000570778],[0.00223458,0.0543624,0.00333915,0.940064],[0.128129,0.235717,0.0282962,0.607858],[0.181925,0.250691,0.0732188,0.494165],[0.0926344,0.223516,0.0482618,0.635588],[0.0809878,0.184139,0.0343968,0.700476],[0.065459,0.135889,0.0260778,0.772575],[0.100399,0.118141,0.016095,0.765365],[0.181232,0.0991464,0.0115195,0.708102],[0.224075,0.116478,0.0233048,0.636143],[0.240297,0.168749,0.0345354,0.556419],[0.223659,0.210344,0.0700299,0.495968]]},{"db":1,"id":"FOXB1_HUMAN.H11MO.0.D","len":17,"ltrim":1,"rtrim":1,"nsites":7038,"evalue":"1.0e+000","url":"http://hocomoco.autosome.ru/motif/FOXB1_HUMAN.H11MO.0.D","pwm":[[0.219282,0.162615,0.422576,0.195527],[0.0892769,0.143925,0.225753,0.541045],[0.353901,0.384066,0.161097,0.100935],[0.803094,0.0550288,0.0564861,0.0853907],[0.724187,0.0823594,0.029969,0.163485],[0.00346527,0.00334264,0.0160942,0.977098],[0.646658,0.000944143,0.349995,0.00240264],[0.0134236,0.000670896,0.00929335,0.976612],[0.0133629,0.000245846,0.0268419,0.959549],[0.00294914,0.000519093,0.279352,0.717179],[0.960035,0.000488732,0.038379,0.00109713],[0.0031313,0.897339,0.010781,0.0887487],[0.774926,0.0141814,0.0334909,0.177402],[0.0308203,0.143761,0.0300905,0.795328],[0.717604,0.0169746,0.0435707,0.22185],[0.573755,0.0628194,0.2564,0.107026],[0.123906,0.357173,0.327128,0.191793]]},{"db":1,"id":"FOXC2_HUMAN.H11MO.0.D","len":15,"ltrim":0,"rtrim":0,"nsites":5,"evalue":"1.0e+000","url":"http://hocomoco.autosome.ru/motif/FOXC2_HUMAN.H11MO.0.D","pwm":[[0.0582406,0.0566053,0.616829,0.268325],[0.215804,0.214168,0.00408432,0.565944],[0.0057196,0.214168,0.00408432,0.776028],[0.0057196,0.00408432,0.00408432,0.986112],[0.215804,0.00408432,0.774392,0.0057196],[0.0057196,0.00408432,0.00408432,0.986112],[0.0057196,0.00408432,0.00408432,0.986112],[0.215804,0.00408432,0.214168,0.565944],[0.35586,0.00408432,0.00408432,0.635972],[0.0057196,0.354224,0.634336,0.0057196],[0.215804,0.424252,0.00408432,0.35586],[0.0057196,0.634336,0.00408432,0.35586],[0.986112,0.00408432,0.00408432,0.0057196],[0.0057196,0.14414,0.84442,0.0057196],[0.478409,0.0566053,0.266689,0.198297]]},{"db":1,"id":"FOXD1_HUMAN.H11MO.0.D","len":15,"ltrim":0,"rtrim":0,"nsites":22,"evalue":"1.0e+000","url":"http://hocomoco.autosome.ru/motif/FOXD1_HUMAN.H11MO.0.D","pwm":[[0.12019,0.566655,0.119813,0.193341],[0.377636,0.110669,0.0740936,0.437601],[0.354068,0.170813,0.0976619,0.377457],[0.0378954,0.0375181,0.0740936,0.850493],[0.0378954,0.243785,0.680424,0.0378954],[0.0378954,0.0375181,0.0375181,0.887068],[0.00131991,0.000942535,0.0375181,0.960219],[0.00131991,0.000942535,0.0375181,0.960219],[0.923644,0.000942535,0.0375181,0.0378954],[0.00131991,0.850116,0.110669,0.0378954],[0.304485,0.243785,0.0740936,0.377636],[0.207587,0.0740936,0.000942535,0.717377],[0.450787,0.20721,0.0740936,0.26791],[0.424773,0.243785,0.220396,0.111046],[0.26245,0.238683,0.479259,0.0196077]]},{"db":1,"id":"FOXO3_HUMAN.H11MO.0.B","len":10,"ltrim":2,"rtrim":1,"nsites":500,"evalue":"1.0e+000","url":"http://hocomoco.autosome.ru/motif/FOXO3_HUMAN.H11MO.0.B","pwm":[[0.112036,0.393963,0.261989,0.232012],[0.0580467,0.365968,0.188004,0.387981],[0.0200543,0.00604045,4.16517e-05,0.973864],[0.0520479,0.00404085,0.941853,0.00205793],[5.83283e-05,0.00604045,0.00604045,0.987861],[0.00405753,0.00204125,0.0300357,0.963866],[0.00205793,0.0100397,0.140014,0.847889],[0.779902,0.0580301,0.0200377,0.14203],[0.00205793,0.861869,0.00804005,0.128033],[0.383982,0.25999,0.0460325,0.309996]]},{"db":1,"id":"FOXO6_HUMAN.H11MO.0.D","len":13,"ltrim":3,"rtrim":0,"nsites":3383,"evalue":"1.0e+000","url":"http://hocomoco.autosome.ru/motif/FOXO6_HUMAN.H11MO.0.D","pwm":[[0.448562,0.121345,0.161544,0.268549],[0.359147,0.17322,0.148391,0.319242],[0.117948,0.371263,0.361805,0.148984],[0.385823,0.0210667,0.0881649,0.504945],[0.000599796,0.000301744,0.0011885,0.99791],[0.00178214,6.15708e-06,0.998203,8.62226e-06],[8.62226e-06,0.000301744,0.000301744,0.999388],[0.00148656,0.000301744,0.0390236,0.959188],[8.62226e-06,0.000301744,0.104348,0.895341],[0.938275,0.0195888,0.00865207,0.0334838],[0.00481191,0.881816,0.00983442,0.103538],[0.271653,0.11765,0.463191,0.147506],[0.215122,0.16014,0.10457,0.520168]]},{"db":1,"id":"FOXP2_HUMAN.H11MO.0.C","len":9,"ltrim":1,"rtrim":1,"nsites":500,"evalue":"1.0e+000","url":"http://hocomoco.autosome.ru/motif/FOXP2_HUMAN.H11MO.0.C","pwm":[[0.0720439,0.399962,0.215998,0.311996],[0.00605713,0.00404085,0.0140389,0.975863],[0.0400503,0.00804005,0.947852,0.00405753],[0.00605713,0.0140389,0.0120393,0.967865],[0.00205793,0.0100397,0.0880241,0.899878],[5.83283e-05,4.16517e-05,0.174007,0.825893],[0.787901,0.100022,0.0340349,0.0780427],[0.00805673,0.747892,0.0300357,0.214016],[0.33999,0.289984,0.104021,0.266005]]},{"db":1,"id":"GATA1_HUMAN.H11MO.1.A","len":11,"ltrim":2,"rtrim":2,"nsites":500,"evalue":"1.0e+000","url":"http://hocomoco.autosome.ru/motif/GATA1_HUMAN.H11MO.1.A","pwm":[[0.345989,0.116018,0.303981,0.234012],[0.152028,0.441953,0.30598,0.100038],[0.699918,0.0140389,0.00804005,0.278003],[5.83283e-05,4.16517e-05,0.997842,0.00205793],[0.999858,4.16517e-05,4.16517e-05,5.83283e-05],[0.00605713,0.00804005,4.16517e-05,0.985861],[0.969864,0.00804005,0.00604045,0.0160551],[0.921874,0.00404085,0.0580301,0.0160551],[0.14003,0.174007,0.663909,0.0220539],[0.371984,0.200002,0.339974,0.0880407],[0.33999,0.215998,0.321977,0.122034]]},{"db":1,"id":"GATA3_HUMAN.H11MO.0.A","len":11,"ltrim":2,"rtrim":1,"nsites":500,"evalue":"1.0e+000","url":"http://hocomoco.autosome.ru/motif/GATA3_HUMAN.H11MO.0.A","pwm":[[0.447969,0.0920233,0.253991,0.206017],[0.347989,0.303981,0.261989,0.0860411],[0.777903,0.00604045,0.00804005,0.208017],[0.0100563,0.00404085,0.985844,5.83283e-05],[0.987861,0.00404085,0.00604045,0.00205793],[0.146029,0.0100397,0.0400337,0.803898],[0.921874,0.0160385,0.0420333,0.0200543],[0.867885,0.00204125,0.0940229,0.0360511],[0.329992,0.223997,0.403961,0.0420499],[0.557947,0.120018,0.25599,0.0660451],[0.44397,0.0800257,0.223997,0.252008]]},{"db":1,"id":"GATA4_HUMAN.H11MO.0.A","len":10,"ltrim":2,"rtrim":0,"nsites":500,"evalue":"1.0e+000","url":"http://hocomoco.autosome.ru/motif/GATA4_HUMAN.H11MO.0.A","pwm":[[0.367985,0.128016,0.311979,0.19202],[0.188021,0.429956,0.283985,0.0980387],[0.663926,0.00804005,0.0160385,0.311996],[0.00405753,4.16517e-05,0.995842,5.83283e-05],[0.979862,0.00404085,0.00804005,0.00805673],[0.00805673,0.0220373,0.0400337,0.929872],[0.961866,0.00404085,0.00404085,0.0300523],[0.917875,0.00204125,0.0700277,0.0100563],[0.0940395,0.182005,0.697902,0.0260531],[0.569944,0.142013,0.25599,0.0320519]]},{"db":1,"id":"GATA5_HUMAN.H11MO.0.D","len":17,"ltrim":0,"rtrim":2,"nsites":13,"evalue":"1.0e+000","url":"http://hocomoco.autosome.ru/motif/GATA5_HUMAN.H11MO.0.D","pwm":[[0.310202,0.078584,0.0871389,0.524075],[0.395751,0.292456,0.232572,0.0792207],[0.703727,0.138468,0.078584,0.0792207],[0.301648,0.164133,0.318121,0.216099],[0.524075,0.00159008,0.164133,0.310202],[0.00222672,0.00159008,0.993956,0.00222672],[0.994593,0.00159008,0.00159008,0.00222672],[0.00222672,0.00159008,0.00159008,0.994593],[0.686617,0.00159008,0.00159008,0.310202],[0.686617,0.00159008,0.147023,0.164769],[0.0792207,0.454999,0.224017,0.241763],[0.156215,0.215462,0.155578,0.472745],[0.156215,0.292456,0.147023,0.404306],[0.438526,0.078584,0.309566,0.173324],[0.387196,0.00159008,0.531993,0.0792207],[0.395751,0.309566,0.078584,0.216099],[0.194712,0.117081,0.271069,0.417139]]},{"db":1,"id":"GLI1_HUMAN.H11MO.0.D","len":12,"ltrim":1,"rtrim":0,"nsites":500,"evalue":"1.0e+000","url":"http://hocomoco.autosome.ru/motif/GLI1_HUMAN.H11MO.0.D","pwm":[[0.112036,0.391963,0.184005,0.311996],[0.0340515,0.471947,0.399962,0.0940395],[0.0700443,0.0760265,0.0120393,0.84189],[0.0200543,0.0280361,0.90586,0.0460491],[0.0100563,0.0120393,0.763889,0.214016],[0.0120559,0.0400337,0.947852,5.83283e-05],[0.0660451,0.0220373,0.0200377,0.89188],[0.0120559,0.00804005,0.973847,0.00605713],[0.0160551,0.00404085,0.937854,0.0420499],[0.0140555,0.237994,0.152011,0.595939],[0.0420499,0.879866,0.0420333,0.0360511],[0.116035,0.35997,0.0600297,0.463966]]},{"db":1,"id":"GLI3_HUMAN.H11MO.0.B","len":11,"ltrim":1,"rtrim":1,"nsites":15,"evalue":"1.0e+000","url":"http://hocomoco.autosome.ru/motif/GLI3_HUMAN.H11MO.0.B","pwm":[[0.102982,0.301105,0.294255,0.301658],[0.00193179,0.0698883,0.00137947,0.9268],[0.00193179,0.00137947,0.926248,0.0704406],[0.00193179,0.0698883,0.857739,0.0704406],[0.00193179,0.00137947,0.994757,0.00193179],[0.00193179,0.00137947,0.00137947,0.995309],[0.00193179,0.00137947,0.994757,0.00193179],[0.00193179,0.00137947,0.857739,0.138949],[0.0704406,0.00137947,0.0698883,0.858292],[0.0704406,0.652213,0.0698883,0.207458],[0.102982,0.369614,0.170939,0.356465]]},{"db":1,"id":"HSF2_HUMAN.H11MO.0.A","len":14,"ltrim":1,"rtrim":0,"nsites":1040,"evalue":"1.0e+000","url":"http://hocomoco.autosome.ru/motif/HSF2_HUMAN.H11MO.0.A","pwm":[[0.341388,0.261785,0.308824,0.0880027],[0.0672344,0.0841004,0.766426,0.082239],[0.750253,0.0685782,0.11707,0.0640994],[0.69273,0.0605931,0.110655,0.136021],[0.120997,0.230398,0.280191,0.368414],[0.304403,0.189923,0.415798,0.0898761],[0.0960658,0.0361996,0.0787506,0.788984],[0.0645674,0.0485326,0.0926597,0.79424],[0.0443149,0.795038,0.120608,0.0400382],[0.0677217,0.137605,0.161989,0.632685],[0.581981,0.177809,0.174567,0.0656425],[0.01689,0.119132,0.810071,0.0539074],[0.725264,0.0617263,0.114397,0.0986124],[0.550755,0.162439,0.138529,0.148277]]},{"db":1,"id":"HXA13_HUMAN.H11MO.0.C","len":11,"ltrim":2,"rtrim":0,"nsites":17,"evalue":"1.0e+000","url":"http://hocomoco.autosome.ru/motif/HXA13_HUMAN.H11MO.0.C","pwm":[[0.188538,0.194906,0.503436,0.113119],[0.344517,0.0629241,0.371454,0.221105],[0.00170585,0.00121813,0.193192,0.803884],[0.289667,0.00121813,0.12463,0.584485],[0.0634118,0.00121813,0.00121813,0.934152],[0.262242,0.00121813,0.00121813,0.735321],[0.995858,0.00121813,0.00121813,0.00170585],[0.00170585,0.172624,0.00121813,0.824452],[0.111405,0.0629241,0.23433,0.591341],[0.00170585,0.0629241,0.762259,0.173111],[0.101121,0.189764,0.676556,0.0325588]]},{"db":1,"id":"HXD10_HUMAN.H11MO.0.D","len":10,"ltrim":0,"rtrim":0,"nsites":7,"evalue":"1.0e+000","url":"http://hocomoco.autosome.ru/motif/HXD10_HUMAN.H11MO.0.D","pwm":[[0.15556,0.033224,0.033224,0.777992],[0.24643,0.00293381,0.746528,0.00410845],[0.125269,0.504206,0.124095,0.24643],[0.125269,0.00293381,0.00293381,0.868863],[0.125269,0.261884,0.00293381,0.609913],[0.00410845,0.00293381,0.00293381,0.990024],[0.626541,0.00293381,0.124095,0.24643],[0.609913,0.00293381,0.261884,0.125269],[0.00410845,0.00293381,0.00293381,0.990024],[0.0343987,0.033224,0.275546,0.656832]]},{"db":1,"id":"HXD11_HUMAN.H11MO.0.D","len":11,"ltrim":1,"rtrim":3,"nsites":124,"evalue":"1.0e+000","url":"http://hocomoco.autosome.ru/motif/HXD11_HUMAN.H11MO.0.D","pwm":[[0.328599,0.13514,0.191546,0.344715],[0.262121,0.117009,0.100893,0.519977],[0.0324671,0.0243419,0.104922,0.838269],[0.000235052,0.0162839,0.0968641,0.886617],[0.241976,0.000167849,0.000167849,0.757689],[0.830211,0.000167849,0.145212,0.0244091],[0.00829307,0.282198,0.000167849,0.709341],[0.0264236,0.0263564,0.469547,0.477673],[0.455513,0.100893,0.278169,0.165424],[0.239961,0.368822,0.167372,0.223845],[0.260106,0.227807,0.171401,0.340686]]},{"db":1,"id":"MAFG_HUMAN.H11MO.0.A","len":18,"ltrim":1,"rtrim":0,"nsites":430,"evalue":"1.0e+000","url":"http://hocomoco.autosome.ru/motif/MAFG_HUMAN.H11MO.0.A","pwm":[[0.395325,0.127926,0.309279,0.167471],[0.492976,0.0488743,0.188377,0.269773],[0.597603,0.0116736,0.0860749,0.304648],[0.495301,0.0395741,0.0372491,0.427875],[0.255822,0.262778,0.209302,0.272098],[0.0581938,0.0721247,0.00934859,0.860333],[6.78214e-05,4.84306e-05,0.999816,6.78214e-05],[0.0302934,0.962615,0.00237347,0.0047179],[0.0047179,0.00934859,4.84306e-05,0.985885],[6.78214e-05,4.84306e-05,0.992841,0.00704294],[0.99751,4.84306e-05,0.00237347,6.78214e-05],[0.0209932,0.553408,0.413906,0.011693],[0.0488937,0.030274,0.0139987,0.906834],[0.0837693,0.813813,0.0511993,0.0512187],[0.813832,4.84306e-05,0.109325,0.0767942],[0.0302934,4.84306e-05,0.837063,0.132595],[0.0163431,0.899839,0.0721247,0.011693],[0.709205,0.0442242,0.100025,0.146545]]},{"db":1,"id":"MAFK_HUMAN.H11MO.0.A","len":18,"ltrim":1,"rtrim":0,"nsites":431,"evalue":"1.0e+000","url":"http://hocomoco.autosome.ru/motif/MAFK_HUMAN.H11MO.0.A","pwm":[[0.482554,0.113711,0.25521,0.148525],[0.50807,0.074277,0.225054,0.192598],[0.584619,0.0394823,0.0696377,0.306261],[0.519669,0.0487609,0.0325234,0.399047],[0.296983,0.201858,0.157784,0.343375],[0.0510999,0.0371627,0.00700726,0.90473],[6.76641e-05,0.00932691,0.990538,6.76641e-05],[0.0626981,0.932547,4.83183e-05,0.00470696],[0.00702661,0.0116466,4.83183e-05,0.981279],[0.00934625,0.00236797,0.965022,0.0232641],[0.972,0.00236797,0.00236797,0.0232641],[0.0325427,0.431503,0.480215,0.0557392],[0.0858946,0.0209251,0.0162859,0.876894],[0.0951732,0.800327,0.0278841,0.076616],[0.83978,0.00468761,0.081236,0.0742964],[0.0255838,0.0487609,0.630992,0.294663],[0.0487803,0.742335,0.141547,0.0673374],[0.610135,0.139227,0.0997932,0.150845]]},{"db":1,"id":"MAFK_HUMAN.H11MO.1.A","len":13,"ltrim":0,"rtrim":0,"nsites":409,"evalue":"1.0e+000","url":"http://hocomoco.autosome.ru/motif/MAFK_HUMAN.H11MO.1.A","pwm":[[0.112513,0.088049,0.0611607,0.738277],[0.0269596,0.102715,0.818922,0.0514035],[0.0978469,0.804255,0.0416055,0.0562923],[0.0954025,0.0367168,0.0122729,0.855608],[0.0660698,0.019606,0.853143,0.0611811],[0.811609,0.0220504,0.0636051,0.102736],[7.13028e-05,5.09167e-05,0.926475,0.073403],[0.0587367,0.0636051,0.0342724,0.843386],[0.107624,0.779811,0.0562719,0.0562923],[0.882496,0.0171616,0.0489387,0.0514035],[0.0538479,0.0513831,0.677147,0.217622],[0.0660698,0.755367,0.127159,0.0514035],[0.623391,0.119826,0.114937,0.141846]]},{"db":1,"id":"MAF_HUMAN.H11MO.0.A","len":19,"ltrim":2,"rtrim":2,"nsites":500,"evalue":"1.0e+000","url":"http://hocomoco.autosome.ru/motif/MAF_HUMAN.H11MO.0.A","pwm":[[0.305997,0.235994,0.333975,0.124034],[0.469964,0.142013,0.202001,0.186021],[0.587941,0.0840249,0.0780261,0.250008],[0.39198,0.0880241,0.118018,0.401978],[0.154028,0.311979,0.269988,0.264006],[0.110036,0.0400337,0.0260365,0.823894],[0.0180547,0.0140389,0.95985,0.00805673],[0.124034,0.85587,0.00604045,0.0140555],[0.0640455,0.00604045,0.0120393,0.917875],[0.0180547,0.00604045,0.901861,0.0740435],[0.881882,0.0240369,0.0680281,0.0260531],[0.102038,0.445952,0.327976,0.124034],[0.238011,0.118018,0.154011,0.48996],[0.24201,0.411959,0.120018,0.226013],[0.473964,0.112019,0.154011,0.260006],[0.19402,0.0720273,0.575926,0.158027],[0.160026,0.511939,0.217998,0.110036],[0.461966,0.235994,0.146012,0.156027],[0.401978,0.152011,0.233995,0.212016]]},{"db":1,"id":"NANOG_HUMAN.H11MO.0.A","len":17,"ltrim":1,"rtrim":1,"nsites":499,"evalue":"1.0e+000","url":"http://hocomoco.autosome.ru/motif/NANOG_HUMAN.H11MO.0.A","pwm":[[0.128289,0.258507,0.280547,0.332657],[0.0441378,0.486918,0.178363,0.290581],[0.0882171,0.510961,0.070168,0.330654],[0.30661,0.0441211,0.0601499,0.589119],[0.0120801,0.0601499,0.0421175,0.885653],[0.0681811,0.00805616,0.0381103,0.885653],[0.110257,0.248489,0.589102,0.0521522],[0.376736,0.0421175,0.0361067,0.545039],[0.230473,0.260511,0.192388,0.316628],[0.807512,0.034103,0.0401139,0.118271],[0.0681811,0.014067,0.0300958,0.887656],[0.0261053,0.0180742,0.811502,0.144318],[0.0281089,0.635185,0.116251,0.220455],[0.681285,0.0320994,0.0160706,0.270545],[0.663252,0.0501319,0.240475,0.0461414],[0.805508,0.0481283,0.0681644,0.0781991],[0.140311,0.150312,0.200402,0.508974]]},{"db":1,"id":"NFAC1_HUMAN.H11MO.1.B","len":10,"ltrim":2,"rtrim":0,"nsites":500,"evalue":"1.0e+000","url":"http://hocomoco.autosome.ru/motif/NFAC1_HUMAN.H11MO.1.B","pwm":[[0.477963,0.182005,0.225996,0.114036],[0.477963,0.174007,0.194003,0.154028],[0.19402,0.0280361,0.0340349,0.74391],[0.00405753,4.16517e-05,0.993843,0.00205793],[0.00205793,4.16517e-05,0.993843,0.00405753],[0.971864,0.00404085,0.0220373,0.00205793],[0.987861,0.00404085,0.00204125,0.00605713],[0.947869,0.0100397,0.0280361,0.0140555],[0.571944,0.184005,0.196002,0.0480487],[0.417975,0.0540309,0.11002,0.417975]]},{"db":1,"id":"NKX31_HUMAN.H11MO.0.C","len":12,"ltrim":1,"rtrim":1,"nsites":500,"evalue":"1.0e+000","url":"http://hocomoco.autosome.ru/motif/NKX31_HUMAN.H11MO.0.C","pwm":[[0.19002,0.196002,0.321977,0.292],[0.0860411,0.251991,0.0980221,0.563946],[0.252008,0.10802,0.152011,0.487961],[0.759906,0.0540309,0.172007,0.0140555],[0.959866,0.00204125,0.0200377,0.0180547],[0.00405753,0.00404085,0.985844,0.00605713],[0.0880407,0.00204125,0.0180381,0.89188],[0.170024,0.0140389,0.803881,0.0120559],[0.0180547,0.451951,0.265988,0.264006],[0.14203,0.25599,0.0380341,0.563946],[0.156027,0.0860245,0.10602,0.651928],[0.280002,0.0840249,0.295982,0.33999]]},{"db":1,"id":"PO3F1_HUMAN.H11MO.0.C","len":14,"ltrim":1,"rtrim":1,"nsites":15,"evalue":"1.0e+000","url":"http://hocomoco.autosome.ru/motif/PO3F1_HUMAN.H11MO.0.C","pwm":[[0.324779,0.342289,0.279074,0.0538583],[0.588928,0.00137947,0.249724,0.159969],[0.0922388,0.00137947,0.046533,0.859849],[0.0922388,0.00137947,0.3897,0.516682],[0.0696621,0.299393,0.51613,0.114816],[0.390252,0.00137947,0.00137947,0.606989],[0.602474,0.00137947,0.0826558,0.313491],[0.950156,0.00137947,0.00137947,0.0470853],[0.0621365,0.0164306,0.0615842,0.859849],[0.0922388,0.046533,0.814143,0.0470853],[0.0621365,0.784041,0.151891,0.00193179],[0.597958,0.00137947,0.181994,0.218669],[0.585917,0.046533,0.106738,0.260812],[0.43089,0.0871712,0.213601,0.268338]]},{"db":1,"id":"PO3F2_HUMAN.H11MO.0.A","len":17,"ltrim":0,"rtrim":1,"nsites":496,"evalue":"1.0e+000","url":"http://hocomoco.autosome.ru/motif/PO3F2_HUMAN.H11MO.0.A","pwm":[[0.0464204,0.356825,0.102844,0.493911],[0.149222,0.362872,0.0584979,0.429408],[0.0141689,0.935337,0.0222149,0.0282789],[0.828521,0.102844,0.00407343,0.0645619],[0.0121531,0.00608916,0.0242307,0.957527],[0.0403733,0.036325,0.661199,0.262103],[0.276213,0.671278,0.0343093,0.0182003],[0.649121,0.225803,0.0967967,0.0282789],[0.250008,0.0322935,0.0322935,0.685404],[0.481817,0.0584979,0.0504351,0.40925],[0.300401,0.0181835,0.014152,0.667263],[0.0343261,0.266117,0.181457,0.5181],[0.0161846,0.66523,0.131064,0.187521],[0.653153,0.28829,0.0242307,0.0343261],[0.29637,0.0322935,0.0665608,0.604776],[0.141159,0.13308,0.17541,0.550351],[0.223804,0.429391,0.211693,0.135112]]},{"db":1,"id":"PO5F1_HUMAN.H11MO.0.A","len":16,"ltrim":0,"rtrim":0,"nsites":500,"evalue":"1.0e+000","url":"http://hocomoco.autosome.ru/motif/PO5F1_HUMAN.H11MO.0.A","pwm":[[0.0520479,0.519938,0.194003,0.234012],[0.0740435,0.529936,0.0800257,0.315995],[0.38998,0.0440329,0.0400337,0.525953],[0.0200543,0.0640289,0.0240369,0.89188],[0.0720439,0.0220373,0.0280361,0.877883],[0.104038,0.313979,0.515938,0.0660451],[0.379982,0.0360345,0.0320353,0.551948],[0.176023,0.249992,0.100022,0.473964],[0.883882,0.0200377,0.0320353,0.0640455],[0.0140555,0.00204125,0.0160385,0.967865],[0.0120559,0.00804005,0.921857,0.0580467],[0.0140555,0.75989,0.0940229,0.132032],[0.7899,0.0200377,0.0300357,0.160026],[0.619934,0.0600297,0.253991,0.0660451],[0.829892,0.0360345,0.0680281,0.0660451],[0.160026,0.138014,0.122017,0.579942]]},{"db":1,"id":"PPARG_HUMAN.H11MO.1.A","len":9,"ltrim":0,"rtrim":0,"nsites":500,"evalue":"1.0e+000","url":"http://hocomoco.autosome.ru/motif/PPARG_HUMAN.H11MO.1.A","pwm":[[0.0220539,0.775886,0.152011,0.0500483],[0.953868,0.00804005,4.16517e-05,0.0380507],[0.573944,0.0140389,0.401961,0.0100563],[0.873884,4.16517e-05,0.122017,0.00405753],[0.0520479,4.16517e-05,0.937854,0.0100563],[0.0600463,0.0120393,0.765888,0.162026],[0.0440495,0.0920233,0.293983,0.569944],[0.128033,0.617918,0.126016,0.128033],[0.885881,0.0420333,0.0200377,0.0520479]]},{"db":1,"id":"PRGR_HUMAN.H11MO.1.A","len":9,"ltrim":0,"rtrim":0,"nsites":500,"evalue":"1.0e+000","url":"http://hocomoco.autosome.ru/motif/PRGR_HUMAN.H11MO.1.A","pwm":[[0.49196,4.16517e-05,0.453951,0.0540475],[0.0380507,4.16517e-05,0.961849,5.83283e-05],[0.471964,0.132015,0.295982,0.100038],[0.977863,0.00204125,0.0160385,0.00405753],[0.00605713,0.983845,0.00204125,0.00805673],[0.971864,0.00204125,0.0180381,0.00805673],[0.184022,0.0600297,0.737894,0.0180547],[0.507957,0.166008,0.217998,0.108037],[0.483962,0.30598,0.138014,0.0720439]]},{"db":1,"id":"PROP1_HUMAN.H11MO.0.D","len":11,"ltrim":0,"rtrim":0,"nsites":500,"evalue":"1.0e+000","url":"http://hocomoco.autosome.ru/motif/PROP1_HUMAN.H11MO.0.D","pwm":[[0.176023,0.0440329,0.0260365,0.753908],[0.909876,0.00604045,0.0460325,0.0380507],[0.999858,4.16517e-05,4.16517e-05,5.83283e-05],[0.0300523,0.0680281,0.0460325,0.855887],[0.0760431,0.11002,0.172007,0.64193],[0.477963,4.16517e-05,0.521937,5.83283e-05],[0.48996,0.136014,0.297982,0.0760431],[0.751908,0.0180381,0.148012,0.0820419],[0.0120559,0.00404085,0.00604045,0.977863],[0.0420499,0.0940229,0.00404085,0.859886],[0.723914,0.0540309,0.0420333,0.180022]]},{"db":1,"id":"SMAD2_HUMAN.H11MO.0.A","len":12,"ltrim":0,"rtrim":0,"nsites":500,"evalue":"1.0e+000","url":"http://hocomoco.autosome.ru/motif/SMAD2_HUMAN.H11MO.0.A","pwm":[[0.214016,0.0740269,0.0480321,0.663926],[0.0440495,0.0740269,0.853871,0.0280527],[0.0520479,0.120018,0.146012,0.681922],[0.00405753,0.965848,0.00804005,0.0220539],[0.0200543,0.0200377,4.16517e-05,0.959866],[0.122034,0.215998,0.603921,0.0580467],[0.162026,0.267988,0.249992,0.319994],[0.0320519,0.899862,0.0280361,0.0400503],[0.535951,0.118018,0.0540309,0.292],[0.0480487,0.803881,0.11002,0.0380507],[0.160026,0.603921,0.00804005,0.228013],[0.0920399,0.261989,0.10802,0.537951]]},{"db":1,"id":"SOX10_HUMAN.H11MO.1.A","len":13,"ltrim":1,"rtrim":2,"nsites":500,"evalue":"1.0e+000","url":"http://hocomoco.autosome.ru/motif/SOX10_HUMAN.H11MO.1.A","pwm":[[0.0980387,0.333975,0.223997,0.34399],[0.0300523,0.30998,0.25799,0.401978],[0.0460491,0.50794,0.138014,0.307997],[0.0260531,0.847872,0.0120393,0.114036],[0.134032,0.0780261,0.00204125,0.785901],[0.00205793,0.150012,0.0360345,0.811896],[0.0120559,0.0460325,0.0160385,0.925873],[0.0300523,0.241993,0.65591,0.0720439],[0.0400503,0.00604045,0.00804005,0.945869],[0.0280527,0.229996,0.235994,0.505957],[0.0360511,0.477946,0.0320353,0.453968],[0.128033,0.35797,0.124017,0.38998],[0.138031,0.473947,0.118018,0.270004]]},{"db":1,"id":"SOX13_HUMAN.H11MO.0.D","len":8,"ltrim":1,"rtrim":1,"nsites":5,"evalue":"1.0e+000","url":"http://hocomoco.autosome.ru/motif/SOX13_HUMAN.H11MO.0.D","pwm":[[0.163283,0.371731,0.161647,0.303339],[0.776028,0.00408432,0.00408432,0.215804],[0.0057196,0.00408432,0.00408432,0.986112],[0.0057196,0.00408432,0.00408432,0.986112],[0.215804,0.00408432,0.774392,0.0057196],[0.0057196,0.00408432,0.00408432,0.986112],[0.0057196,0.14414,0.214168,0.635972],[0.163283,0.371731,0.161647,0.303339]]},{"db":1,"id":"SOX15_HUMAN.H11MO.0.D","len":7,"ltrim":0,"rtrim":0,"nsites":8,"evalue":"1.0e+000","url":"http://hocomoco.autosome.ru/motif/SOX15_HUMAN.H11MO.0.D","pwm":[[0.00360123,0.990226,0.00257161,0.00360123],[0.511538,0.129556,0.00257161,0.356335],[0.00360123,0.00257161,0.00257161,0.991256],[0.00360123,0.00257161,0.00257161,0.991256],[0.00360123,0.00257161,0.990226,0.00360123],[0.00360123,0.00257161,0.129556,0.864271],[0.148222,0.0343176,0.0343176,0.783143]]},{"db":1,"id":"SOX2_HUMAN.H11MO.0.A","len":13,"ltrim":1,"rtrim":2,"nsites":500,"evalue":"1.0e+000","url":"http://hocomoco.autosome.ru/motif/SOX2_HUMAN.H11MO.0.A","pwm":[[0.104038,0.227996,0.245992,0.421974],[0.0360511,0.351971,0.261989,0.349988],[0.0100563,0.641913,0.0800257,0.268005],[0.0160551,0.727896,0.0100397,0.246009],[0.292,0.0100397,4.16517e-05,0.697919],[5.83283e-05,0.00204125,0.00204125,0.995859],[5.83283e-05,4.16517e-05,4.16517e-05,0.999858],[0.0160551,0.15601,0.80788,0.0200543],[0.0620459,0.0180381,4.16517e-05,0.919874],[0.0460491,0.253991,0.208,0.49196],[0.106037,0.411959,0.0760265,0.405977],[0.102038,0.311979,0.136014,0.449968],[0.0760431,0.395962,0.25799,0.270004]]},{"db":1,"id":"SOX3_HUMAN.H11MO.0.B","len":11,"ltrim":0,"rtrim":1,"nsites":500,"evalue":"1.0e+000","url":"http://hocomoco.autosome.ru/motif/SOX3_HUMAN.H11MO.0.B","pwm":[[0.0340515,0.25599,0.365968,0.34399],[0.00805673,0.673907,0.126016,0.19202],[0.0120559,0.753891,0.00604045,0.228013],[0.327993,0.0100397,0.00604045,0.655927],[5.83283e-05,0.0100397,0.00404085,0.985861],[5.83283e-05,4.16517e-05,0.00204125,0.997859],[0.00605713,0.0940229,0.895862,0.00405753],[0.00805673,0.00204125,0.00204125,0.987861],[0.0180547,0.345972,0.313979,0.321994],[0.0900403,0.439954,0.0620293,0.407977],[0.110036,0.347972,0.227996,0.313996]]},{"db":1,"id":"SOX4_HUMAN.H11MO.0.B","len":12,"ltrim":0,"rtrim":1,"nsites":500,"evalue":"1.0e+000","url":"http://hocomoco.autosome.ru/motif/SOX4_HUMAN.H11MO.0.B","pwm":[[0.0400503,0.333975,0.235994,0.38998],[0.0180547,0.531935,0.122017,0.327993],[0.00605713,0.803881,0.00804005,0.182022],[0.106037,0.0300357,0.0100397,0.853888],[0.00405753,0.0160385,0.0360345,0.94387],[0.00205793,0.0120393,0.0260365,0.959866],[0.0220539,0.0920233,0.847872,0.0380507],[0.0120559,0.0200377,0.0140389,0.953868],[0.0140555,0.333975,0.120018,0.531952],[0.0280527,0.573927,0.0880241,0.309996],[0.0560471,0.361969,0.162009,0.419974],[0.120034,0.379966,0.206,0.294]]},{"db":1,"id":"SOX9_HUMAN.H11MO.1.B","len":9,"ltrim":0,"rtrim":0,"nsites":500,"evalue":"1.0e+000","url":"http://hocomoco.autosome.ru/motif/SOX9_HUMAN.H11MO.1.B","pwm":[[0.0460491,0.451951,0.0640289,0.437971],[0.0320519,0.637914,0.202001,0.128033],[0.559946,0.0580301,0.0320353,0.349988],[0.00605713,0.00804005,0.0440329,0.94187],[0.00605713,4.16517e-05,0.0240369,0.969864],[0.0240535,0.0780261,0.875866,0.0220539],[0.0140555,0.0160385,0.383965,0.585941],[0.0300523,0.389964,0.128016,0.451968],[0.0780427,0.411959,0.0300357,0.479962]]},{"db":1,"id":"SPI1_HUMAN.H11MO.0.A","len":17,"ltrim":1,"rtrim":2,"nsites":500,"evalue":"1.0e+000","url":"http://hocomoco.autosome.ru/motif/SPI1_HUMAN.H11MO.0.A","pwm":[[0.423974,0.204001,0.253991,0.118035],[0.49196,0.100022,0.329976,0.0780427],[0.685921,0.0440329,0.168008,0.102038],[0.771904,0.0280361,0.126016,0.0740435],[0.651928,0.0140389,0.118018,0.216015],[0.148029,0.0680281,0.753891,0.0300523],[0.721914,0.0480321,0.223997,0.00605713],[0.0580467,4.16517e-05,0.941853,5.83283e-05],[0.00205793,4.16517e-05,0.997842,5.83283e-05],[0.999858,4.16517e-05,4.16517e-05,5.83283e-05],[0.997859,4.16517e-05,4.16517e-05,0.00205793],[0.0360511,0.170008,0.793883,5.83283e-05],[0.0680447,0.0520313,0.0400337,0.83989],[0.0420499,0.122017,0.815878,0.0200543],[0.453968,0.122017,0.331975,0.0920399],[0.359986,0.182005,0.317978,0.14003],[0.397979,0.130016,0.25799,0.214016]]},{"db":1,"id":"SRY_HUMAN.H11MO.0.B","len":9,"ltrim":1,"rtrim":0,"nsites":108,"evalue":"1.0e+000","url":"http://hocomoco.autosome.ru/motif/SRY_HUMAN.H11MO.0.B","pwm":[[0.104501,0.285302,0.141058,0.46914],[0.3666,0.0368265,0.0446444,0.551929],[0.0781363,0.00479142,0.0414253,0.875647],[0.0951516,0.00479142,0.0303883,0.869669],[0.000269843,0.0734604,0.909445,0.0168253],[0.0554546,0.000192692,0.035143,0.90921],[0.192637,0.0403495,0.0342233,0.732791],[0.26069,0.0947705,0.0699374,0.574602],[0.33886,0.241922,0.0264055,0.392813]]},{"db":1,"id":"TBP_HUMAN.H11MO.0.A","len":10,"ltrim":0,"rtrim":0,"nsites":149,"evalue":"1.0e+000","url":"http://hocomoco.autosome.ru/motif/TBP_HUMAN.H11MO.0.A","pwm":[[0.281886,0.543399,0.154399,0.0203164],[0.047144,0.0873295,0.0873295,0.778197],[0.811732,0.000139705,0.0470881,0.141041],[0.047144,0.0470881,0.0403812,0.865387],[0.85868,0.0605019,0.0403812,0.0404371],[0.711128,0.0336742,0.0269673,0.228231],[0.77149,0.0202604,0.19464,0.0136095],[0.59711,0.00684661,0.154399,0.241644],[0.395903,0.0336742,0.496451,0.0739716],[0.0739716,0.308657,0.570227,0.047144]]},{"db":1,"id":"TF65_HUMAN.H11MO.0.A","len":14,"ltrim":1,"rtrim":1,"nsites":500,"evalue":"1.0e+000","url":"http://hocomoco.autosome.ru/motif/TF65_HUMAN.H11MO.0.A","pwm":[[0.272004,0.387964,0.132015,0.208017],[0.477963,0.0780261,0.130016,0.313996],[0.0200543,0.0140389,0.919858,0.0460491],[0.00605713,4.16517e-05,0.979846,0.0140555],[0.0100563,4.16517e-05,0.901861,0.0880407],[0.555947,0.0100397,0.395962,0.0380507],[0.53995,0.237994,0.0660285,0.156027],[0.24001,0.0180381,0.00404085,0.737911],[0.0100563,0.0180381,0.0100397,0.961866],[0.00805673,0.180006,4.16517e-05,0.811896],[0.0160551,0.929856,0.00204125,0.0520479],[0.0240535,0.933855,0.00604045,0.0360511],[0.427973,0.35797,0.0760265,0.138031],[0.325993,0.217998,0.333975,0.122034]]},{"db":1,"id":"ZEP1_HUMAN.H11MO.0.D","len":12,"ltrim":0,"rtrim":1,"nsites":10,"evalue":"1.0e+000","url":"http://hocomoco.autosome.ru/motif/ZEP1_HUMAN.H11MO.0.D","pwm":[[0.0621546,0.131054,0.200779,0.606012],[0.00288812,0.00206238,0.992161,0.00288812],[0.267844,0.00206238,0.727205,0.00288812],[0.281789,0.00206238,0.71326,0.00288812],[0.714086,0.00206238,0.280964,0.00288812],[0.992987,0.00206238,0.00206238,0.00288812],[0.714086,0.00206238,0.280964,0.00288812],[0.128394,0.00206238,0.00206238,0.867482],[0.00288812,0.796931,0.127568,0.0726134],[0.00288812,0.992161,0.00206238,0.00288812],[0.00288812,0.852711,0.00206238,0.142339],[0.0970172,0.430873,0.235642,0.236468]]},{"db":1,"id":"ZN547_HUMAN.H11MO.0.C","len":20,"ltrim":0,"rtrim":0,"nsites":405,"evalue":"1.0e+000","url":"http://hocomoco.autosome.ru/motif/ZN547_HUMAN.H11MO.0.C","pwm":[[0.140778,0.118541,0.125946,0.614735],[0.0667222,0.0987925,0.760358,0.0741278],[0.0370999,0.851693,0.00251995,0.108687],[0.27161,0.0815128,0.0815128,0.565365],[0.701133,0.165443,0.0938554,0.0395684],[0.910958,0.0296737,0.0444849,0.0148832],[0.150652,0.21975,0.0346108,0.594987],[0.00500906,0.054359,0.560407,0.380225],[0.00254053,0.987462,0.00251995,0.00747759],[0.409847,0.162974,0.0642331,0.362945],[0.25433,0.0272052,0.659148,0.0593166],[0.0148832,0.913406,0.0197996,0.0519111],[0.787532,0.0963239,0.0148626,0.101282],[0.325917,0.101261,0.52091,0.0519111],[0.227176,0.0741072,0.602372,0.0963445],[0.106219,0.804791,0.0346108,0.0543796],[0.627078,0.0815128,0.182722,0.108687],[0.155589,0.239498,0.202471,0.402442],[0.432064,0.0642331,0.392547,0.111156],[0.0494425,0.804791,0.0815128,0.0642537]]},{"db":1,"id":"ZN554_HUMAN.H11MO.1.D","len":9,"ltrim":0,"rtrim":0,"nsites":500,"evalue":"1.0e+000","url":"http://hocomoco.autosome.ru/motif/ZN554_HUMAN.H11MO.1.D","pwm":[[0.210516,0.116518,0.612419,0.0605462],[0.0645454,0.902361,0.0305356,0.00255783],[0.470464,0.0545308,0.048532,0.426473],[0.0205542,0.0345348,0.932355,0.0125558],[0.838391,0.00654035,0.148512,0.00655703],[0.036551,0.0305356,0.926356,0.00655703],[0.0105562,0.61042,0.068528,0.310496],[0.0240535,0.967848,0.00204125,0.00605713],[0.711916,0.122017,0.0600297,0.106037]]}],"sequence_names":["chr17:78690100-78690649","chr4:131057400-131058299","chr5:53039550-53040149","chr6:16832050-16832599"],"primaries":[{"motif":{"db":0,"id":"AATTRAGTSCCAGCTA","alt":"MEME-4","len":16,"ltrim":0,"rtrim":0,"nsites":6,"evalue":"2.3e-002","pwm":[[0.824454,0.00341476,0.00341476,0.168717],[0.988389,0.00341476,0.00341476,0.00478197],[0.00478197,0.00341476,0.00341476,0.988389],[0.00478197,0.16735,0.00341476,0.824454],[0.66052,0.00341476,0.331283,0.00478197],[0.496585,0.16735,0.16735,0.168717],[0.00478197,0.00341476,0.987021,0.00478197],[0.00478197,0.00341476,0.00341476,0.988389],[0.00478197,0.659153,0.331283,0.00478197],[0.00478197,0.987021,0.00341476,0.00478197],[0.00478197,0.987021,0.00341476,0.00478197],[0.824454,0.00341476,0.00341476,0.168717],[0.00478197,0.00341476,0.987021,0.00478197],[0.00478197,0.823087,0.16735,0.00478197],[0.00478197,0.00341476,0.00341476,0.988389],[0.988389,0.00341476,0.00341476,0.00478197]]},"secondaries":[[{"idx":15,"counts":[[0,0,0,0,0,0,0,0,0,0,0,0,0,0,0,0,0,0,0,0,0,0,0,0,0,0,0,0,0,0,0,0,0,0,0,0,0,0,0,0,0,0,0,0,0,0,0,0,0,0,0,0,0,0,0,0,0,0,0,0,0,0,0,0,0,0,0,0,0,0,0,0,0,0,0,0,0,0,0,0,0,0,0,0,0,0,0,0,0,0,0,0,0,0,0,0,0,0,0,0,0,0,0,0,0,0,0,0,0,0,0,0,0,0,0,0,0,0,0,0,0,0,0,0,0,0,0,0,0,0,0,0,0,0,0,0,0,0,0,0,0,0,0],[0,0,0,0,0,0,0,0,0,0,0,3,0,0,0,0,0,0,0,0,0,0,0,0,0,0,0,0,0,0,0,0,0,0,0,0,0,0,0,0,0,0,0,0,0,0,0,0,0,0,0,0,0,0,0,0,0,0,0,0,0,0,0,0,1,0,0,0,0,0,0,1,0,0,0,0,0,0,0,0,0,0,0,0,0,0,0,0,0,0,0,0,0,0,0,0,0,0,0,0,0,0,0,0,0,0,0,0,0,0,0,0,0,0,0,0,0,0,0,0,0,0,0,0,0,0,0,0,0,0,0,0,0,0,0,0,0,0,0,0,0,0,0],[0,0,0,0,0,0,0,0,0,0,0,0,0,0,0,0,0,0,0,0,0,0,0,0,0,0,0,0,0,0,0,0,0,0,0,0,0,0,0,0,0,0,0,0,0,0,0,0,0,0,0,0,0,0,0,0,0,0,0,0,0,0,0,0,0,0,0,0,0,0,0,0,0,0,0,0,0,0,0,0,0,0,0,0,0,0,0,0,0,0,0,0,0,0,0,0,0,0,0,0,0,0,0,0,0,0,0,0,0,0,0,0,0,0,0,0,0,0,0,0,0,0,0,0,0,0,0,0,0,0,0,0,0,0,0,0,0,0,0,0,0,0,0],[0,0,0,0,0,0,0,0,0,0,0,0,0,0,0,0,0,0,0,0,0,0,0,0,0,0,0,0,0,0,0,0,0,0,0,0,0,0,0,0,0,0,0,0,0,0,0,0,0,0,0,0,0,0,0,0,0,0,0,0,0,0,0,0,0,0,0,0,0,0,0,0,0,0,0,0,0,0,0,0,0,0,0,0,0,0,0,0,0,0,0,0,0,0,0,0,0,0,0,0,0,0,0,0,0,0,0,0,0,0,0,0,0,0,0,0,0,0,0,0,0,0,0,0,0,0,0,0,0,0,0,0,0,0,0,0,0,0,0,0,0,0,0]],"spacings":[{"orient":1,"bin":11,"pvalue":5.44261e-08,"inferred_pwm":[[0,0,0,1],[0,0,0,1],[0,0,0,1],[0.333333,0,0,0.666667],[1,0,0,0],[0,0,0,1],[0,0,0,1],[0,0,0.666667,0.333333],[0,0.666667,0.333333,0]],"alignment_pwm":[null,[[0,0,0,1],[0,0.666667,0,0.333333],[0,1,0,0],[0,0.333333,0,0.666667],[0,0.333333,0,0.666667],[0,0,0,1],[0,0,0,1],[0,0,0.666667,0.333333],[0,0.333333,0.333333,0.333333],[0,1,0,0],[0.333333,0.333333,0.333333,0],[0,0,0.333333,0.666667],[0,0,0.666667,0.333333],[0,0.666667,0.333333,0],[0.666667,0.333333,0,0],[1,0,0,0],[1,0,0,0],[1,0,0,0],[0.333333,0,0.666667,0],[0,0.666667,0.333333,0],[0,0.333333,0,0.666667],[0,1,0,0],[0,0.333333,0,0.666667],[0,0,0,1],[0,0,0,1],[0.666667,0,0.333333,0],[0,0,1,0],[0,0,0,1],[0,0,0,1],[0.333333,0,0,0.666667],[1,0,0,0],[1,0,0,0],[0,0,0,1],[0,0,0,1],[1,0,0,0],[0.666667,0,0.333333,0],[0,0,1,0],[0,0,0,1],[0,1,0,0],[0,1,0,0],[0,1,0,0],[1,0,0,0],[0,0,1,0],[0,1,0,0],[0,0,0,1],[1,0,0,0],[0,0,0,1],[0,0,0,1],[0,0,0,1],[1,0,0,0],[0,0,0,1],[0,1,0,0],[0,0,0,1],[0,0,0,1],[0,0,0,1],[0,0,1,0],[0,0,0,1],[0,0,0,1],[0,0,0,1],[0,0,0,1],[0.333333,0,0,0.666667],[1,0,0,0],[0,0,0,1],[0,0,0,1],[0,0,0.666667,0.333333],[0,0.666667,0.333333,0],[0.666667,0.333333,0,0],[0,0,0,1],[0,0,0,1],[0,0,0,1],[0,0,0.666667,0.333333],[0,0.666667,0.333333,0],[0,0,0.333333,0.666667],[0,0,0.333333,0.666667],[0,0,0,1],[0,0,0,1]],null,null],"seqs":[0,1,2]},{"orient":6,"bin":11,"pvalue":4.34259e-07,"inferred_pwm":[[0,0,0,1],[0,0,0,1],[0,0,0,1],[0.333333,0,0,0.666667],[1,0,0,0],[0,0,0,1],[0,0,0,1],[0,0,0.666667,0.333333],[0,0.666667,0.333333,0]],"alignment_pwm":[null,[[0,0,0,1],[0,0.666667,0,0.333333],[0,1,0,0],[0,0.333333,0,0.666667],[0,0.333333,0,0.666667],[0,0,0,1],[0,0,0,1],[0,0,0.666667,0.333333],[0,0.333333,0.333333,0.333333],[0,1,0,0],[0.333333,0.333333,0.333333,0],[0,0,0.333333,0.666667],[0,0,0.666667,0.333333],[0,0.666667,0.333333,0],[0.666667,0.333333,0,0],[1,0,0,0],[1,0,0,0],[1,0,0,0],[0.333333,0,0.666667,0],[0,0.666667,0.333333,0],[0,0.333333,0,0.666667],[0,1,0,0],[0,0.333333,0,0.666667],[0,0,0,1],[0,0,0,1],[0.666667,0,0.333333,0],[0,0,1,0],[0,0,0,1],[0,0,0,1],[0.333333,0,0,0.666667],[1,0,0,0],[1,0,0,0],[0,0,0,1],[0,0,0,1],[1,0,0,0],[0.666667,0,0.333333,0],[0,0,1,0],[0,0,0,1],[0,1,0,0],[0,1,0,0],[0,1,0,0],[1,0,0,0],[0,0,1,0],[0,1,0,0],[0,0,0,1],[1,0,0,0],[0,0,0,1],[0,0,0,1],[0,0,0,1],[1,0,0,0],[0,0,0,1],[0,1,0,0],[0,0,0,1],[0,0,0,1],[0,0,0,1],[0,0,1,0],[0,0,0,1],[0,0,0,1],[0,0,0,1],[0,0,0,1],[0.333333,0,0,0.666667],[1,0,0,0],[0,0,0,1],[0,0,0,1],[0,0,0.666667,0.333333],[0,0.666667,0.333333,0],[0.666667,0.333333,0,0],[0,0,0,1],[0,0,0,1],[0,0,0,1],[0,0,0.666667,0.333333],[0,0.666667,0.333333,0],[0,0,0.333333,0.666667],[0,0,0.333333,0.666667],[0,0,0,1],[0,0,0,1]],null,null],"seqs":[0,1,2]},{"orient":7,"bin":11,"pvalue":4.34259e-07,"inferred_pwm":[[0,0,0,1],[0,0,0,1],[0,0,0,1],[0.333333,0,0,0.666667],[1,0,0,0],[0,0,0,1],[0,0,0,1],[0,0,0.666667,0.333333],[0,0.666667,0.333333,0]],"alignment_pwm":[null,[[0,0,0,1],[0,0.666667,0,0.333333],[0,1,0,0],[0,0.333333,0,0.666667],[0,0.333333,0,0.666667],[0,0,0,1],[0,0,0,1],[0,0,0.666667,0.333333],[0,0.333333,0.333333,0.333333],[0,1,0,0],[0.333333,0.333333,0.333333,0],[0,0,0.333333,0.666667],[0,0,0.666667,0.333333],[0,0.666667,0.333333,0],[0.666667,0.333333,0,0],[1,0,0,0],[1,0,