<!DOCTYPE HTML>
<html>
  <head>
    <meta charset="UTF-8">
    <title>SpaMo - Spaced Motif Analysis</title>
    <script type="text/javascript">
      //@JSON_VAR data
      var data = {"program":"SpaMo","version":"4.12.0","revision":"aacc9c3eb8c7b460b344d5c8aa1458097dae704d","release":"Tue Jun 27 16:22:50 2017 -0700","host":"Sudins-iMac.local","when":"Thu May 24 20:00:07 2018","cmd":["spamo","-verbosity","1","-oc","results/AHRpeaks_withAHREs.bed.fa/hocomoco/spamo_out_5","-bgfile","results/AHRpeaks_withAHREs.bed.fa/hocomoco/background","-primary","CMCAGR","results/AHRpeaks_withAHREs.bed.fa/hocomoco/AHRpeaks_withAHREs.bed.fa","results/AHRpeaks_withAHREs.bed.fa/hocomoco/dreme_out/dreme.xml","results/AHRpeaks_withAHREs.bed.fa/hocomoco/meme_out/meme.xml","results/AHRpeaks_withAHREs.bed.fa/hocomoco/dreme_out/dreme.xml","/Users/filipov4/meme/db/motif_databases/HUMAN/HOCOMOCOv11_full_HUMAN_mono_meme_format.meme"],"options":{"seq_min_hit_score":7,"margin":150,"bin_size":1,"bin_pvalue_calc_range":150,"use_best_secondary":0,"seq_max_shared_fract":0.5,"seq_odds_ratio":20,"bin_pvalue_cutoff":0.05,"motif_evalue_cutoff":10,"redundant_overlap":2,"redundant_joint":0.5,"motif_pseudocount":0.1,"bgfile":"results/AHRpeaks_withAHREs.bed.fa/hocomoco/background","motif_trim":0.25,"xalph":0,"seed":1,"bin_max":28},"alphabet":{"name":"DNA","like":"dna","ncore":4,"symbols":[{"symbol":"A","name":"Adenine","colour":"CC0000","complement":"T"},{"symbol":"C","name":"Cytosine","colour":"0000CC","complement":"G"},{"symbol":"G","name":"Guanine","colour":"FFB300","complement":"C"},{"symbol":"T","aliases":"U","name":"Thymine","colour":"008000","complement":"A"},{"symbol":"N","aliases":"X.","name":"Any base","equals":"ACGT"},{"symbol":"V","name":"Not T","equals":"ACG"},{"symbol":"H","name":"Not G","equals":"ACT"},{"symbol":"D","name":"Not C","equals":"AGT"},{"symbol":"B","name":"Not A","equals":"CGT"},{"symbol":"M","name":"Amino","equals":"AC"},{"symbol":"R","name":"Purine","equals":"AG"},{"symbol":"W","name":"Weak","equals":"AT"},{"symbol":"S","name":"Strong","equals":"CG"},{"symbol":"Y","name":"Pyrimidine","equals":"CT"},{"symbol":"K","name":"Keto","equals":"GT"}]},"background":[0.2665,0.2335,0.2335,0.2665],"sequence_dbs":[{"source":"results/AHRpeaks_withAHREs.bed.fa/hocomoco/AHRpeaks_withAHREs.bed.fa","name":"AHRpeaks_withAHREs.bed","last_modified":"Thu May 24 11:14:28 2018","loaded":1364,"excluded_too_short":2,"excluded_no_match":277,"excluded_ambigs":0,"excluded_similar":20,"erased_primary_matches":1308}],"primary_dbs":[{"source":"results/AHRpeaks_withAHREs.bed.fa/hocomoco/dreme_out/dreme.xml","name":"dreme.xml","last_modified":"Thu May 24 19:58:15 2018","loaded":7,"excluded":6}],"secondary_dbs":[{"source":"results/AHRpeaks_withAHREs.bed.fa/hocomoco/meme_out/meme.xml","name":"meme.xml","last_modified":"Thu May 24 19:57:16 2018","loaded":7,"excluded":0},{"source":"results/AHRpeaks_withAHREs.bed.fa/hocomoco/dreme_out/dreme.xml","name":"dreme.xml","last_modified":"Thu May 24 19:58:15 2018","loaded":8,"excluded":1},{"source":"/Users/filipov4/meme/db/motif_databases/HUMAN/HOCOMOCOv11_full_HUMAN_mono_meme_format.meme","name":"HOCOMOCOv11_full_HUMAN_mono_meme_format","last_modified":"Wed Dec  6 21:59:30 2017","loaded":771,"excluded":0}],"secondary_motifs":[{"db":0,"id":"AAAWAAAAWAAAYAAA","alt":"MEME-3","len":16,"ltrim":0,"rtrim":0,"nsites":50,"evalue":"1.3e-010","pwm":[[0.818895,0.000466068,0.180107,0.000531936],[0.559414,0.180107,0.000466068,0.260013],[0.759015,0.000466068,0.239987,0.000531936],[0.539454,0.0603463,0.0803064,0.319893],[0.838855,0.000466068,0.000466068,0.160213],[0.719095,0.000466068,0.0803064,0.200133],[0.699135,0.000466068,0.200067,0.100332],[0.579374,0.000466068,0.239987,0.180173],[0.419694,0.200067,0.000466068,0.379773],[0.858815,0.0403862,0.000466068,0.100332],[0.878775,0.000466068,0.120227,0.000531936],[0.858815,0.0603463,0.0803064,0.000531936],[0.160213,0.359748,0.100266,0.379773],[0.938656,0.0603463,0.000466068,0.000531936],[0.878775,0.000466068,0.120227,0.000531936],[0.878775,0.000466068,0.120227,0.000531936]]},{"db":0,"id":"AWGATCRYGCCACTGCACTCCA","alt":"MEME-6","len":22,"ltrim":0,"rtrim":0,"nsites":8,"evalue":"1.9e-003","pwm":[[0.744031,0.00288272,0.249796,0.00329012],[0.620574,0.00288272,0.00288272,0.37366],[0.126747,0.12634,0.743623,0.00329012],[0.990944,0.00288272,0.00288272,0.00329012],[0.00329012,0.00288272,0.00288272,0.990944],[0.00329012,0.990537,0.00288272,0.00329012],[0.37366,0.00288272,0.620167,0.00329012],[0.00329012,0.373253,0.00288272,0.620574],[0.126747,0.12634,0.743623,0.00329012],[0.00329012,0.86708,0.00288272,0.126747],[0.00329012,0.86708,0.00288272,0.126747],[0.990944,0.00288272,0.00288272,0.00329012],[0.00329012,0.743623,0.00288272,0.250204],[0.126747,0.249796,0.00288272,0.620574],[0.00329012,0.00288272,0.990537,0.00329012],[0.00329012,0.990537,0.00288272,0.00329012],[0.990944,0.00288272,0.00288272,0.00329012],[0.00329012,0.743623,0.00288272,0.250204],[0.00329012,0.00288272,0.12634,0.867488],[0.00329012,0.743623,0.12634,0.126747],[0.126747,0.743623,0.00288272,0.126747],[0.867488,0.00288272,0.12634,0.00329012]]},{"db":0,"id":"RBSTGYGTGHSWGHGTVTKWGT","alt":"MEME-2","len":22,"ltrim":2,"rtrim":0,"nsites":58,"evalue":"1.0e-028","pwm":[[0.224211,0.206943,0.447906,0.120941],[0.155364,0.241365,0.258578,0.344693],[0.000458692,0.275789,0.499541,0.224211],[0.01767,0.000401893,0.000401893,0.981526],[0.000458692,0.0348255,0.878198,0.0865173],[0.01767,0.516753,0.120884,0.344693],[0.069306,0.000401893,0.929833,0.000458692],[0.000458692,0.000401893,0.000401893,0.998738],[0.0520937,0.0176132,0.895411,0.0348823],[0.293057,0.258578,0.0864605,0.361905],[0.01767,0.516753,0.430694,0.0348823],[0.361905,0.000401893,0.000401893,0.637292],[0.069306,0.224154,0.602811,0.103729],[0.258635,0.310213,0.103672,0.327481],[0.0865173,0.155307,0.5856,0.172576],[0.000458692,0.275789,0.000401893,0.72335],[0.275846,0.327424,0.396271,0.000458692],[0.224211,0.206943,0.000401893,0.568445],[0.103729,0.18973,0.447906,0.258635],[0.430751,0.000401893,0.000401893,0.568445],[0.01767,0.18973,0.5856,0.207],[0.189787,0.172519,0.0864605,0.551233]]},{"db":0,"id":"RCTCACTGCAACCTCYRCCTCCYGGGYTCA","alt":"MEME-1","len":30,"ltrim":0,"rtrim":0,"nsites":10,"evalue":"1.2e-025","pwm":[[0.299668,0.00231188,0.596371,0.101649],[0.00263861,0.794391,0.101322,0.101649],[0.101649,0.00231188,0.101322,0.794718],[0.101649,0.794391,0.00231188,0.101649],[0.794718,0.200332,0.00231188,0.00263861],[0.00263861,0.794391,0.00231188,0.200658],[0.00263861,0.101322,0.00231188,0.893728],[0.00263861,0.00231188,0.992411,0.00263861],[0.101649,0.695381,0.00231188,0.200658],[0.893728,0.00231188,0.101322,0.00263861],[0.794718,0.00231188,0.200332,0.00263861],[0.00263861,0.992411,0.00231188,0.00263861],[0.00263861,0.893401,0.00231188,0.101649],[0.00263861,0.00231188,0.00231188,0.992738],[0.101649,0.794391,0.00231188,0.101649],[0.101649,0.497361,0.101322,0.299668],[0.299668,0.00231188,0.596371,0.101649],[0.101649,0.695381,0.00231188,0.200658],[0.101649,0.893401,0.00231188,0.00263861],[0.00263861,0.101322,0.00231188,0.893728],[0.00263861,0.992411,0.00231188,0.00263861],[0.00263861,0.893401,0.00231188,0.101649],[0.00263861,0.398351,0.00231188,0.596698],[0.299668,0.00231188,0.695381,0.00263861],[0.00263861,0.00231188,0.992411,0.00263861],[0.101649,0.00231188,0.794391,0.101649],[0.00263861,0.398351,0.00231188,0.596698],[0.00263861,0.101322,0.00231188,0.893728],[0.00263861,0.893401,0.00231188,0.101649],[0.893728,0.101322,0.00231188,0.00263861]]},{"db":0,"id":"TCCCAGCTAYTHGGGAGGCTGAGGCRGGAG","alt":"MEME-5","len":30,"ltrim":0,"rtrim":0,"nsites":5,"evalue":"1.2e-004","pwm":[[0.00522549,0.00457843,0.200657,0.789539],[0.00522549,0.788892,0.200657,0.00522549],[0.201304,0.788892,0.00457843,0.00522549],[0.00522549,0.788892,0.00457843,0.201304],[0.985618,0.00457843,0.00457843,0.00522549],[0.00522549,0.00457843,0.984971,0.00522549],[0.00522549,0.984971,0.00457843,0.00522549],[0.00522549,0.200657,0.00457843,0.789539],[0.985618,0.00457843,0.00457843,0.00522549],[0.00522549,0.592814,0.00457843,0.397382],[0.201304,0.00457843,0.00457843,0.789539],[0.397382,0.396735,0.00457843,0.201304],[0.00522549,0.00457843,0.984971,0.00522549],[0.00522549,0.00457843,0.984971,0.00522549],[0.00522549,0.00457843,0.984971,0.00522549],[0.789539,0.00457843,0.00457843,0.201304],[0.00522549,0.00457843,0.984971,0.00522549],[0.201304,0.00457843,0.788892,0.00522549],[0.00522549,0.984971,0.00457843,0.00522549],[0.00522549,0.200657,0.00457843,0.789539],[0.00522549,0.200657,0.788892,0.00522549],[0.789539,0.00457843,0.00457843,0.201304],[0.00522549,0.00457843,0.984971,0.00522549],[0.201304,0.00457843,0.788892,0.00522549],[0.00522549,0.788892,0.00457843,0.201304],[0.593461,0.00457843,0.396735,0.00522549],[0.201304,0.00457843,0.592814,0.201304],[0.00522549,0.00457843,0.984971,0.00522549],[0.985618,0.00457843,0.00457843,0.00522549],[0.00522549,0.00457843,0.984971,0.00522549]]},{"db":2,"id":"AP2B_HUMAN.H11MO.0.B","len":10,"ltrim":0,"rtrim":1,"nsites":28,"evalue":"1.0e+000","url":"http://hocomoco.autosome.ru/motif/AP2B_HUMAN.H11MO.0.B","pwm":[[0.0403334,0.000830961,0.780655,0.178181],[0.000948398,0.646745,0.245018,0.107288],[0.000948398,0.961826,0.000830961,0.0363949],[0.115165,0.571914,0.000830961,0.31209],[0.07578,0.0362775,0.886994,0.000948398],[0.327844,0.315911,0.355296,0.000948398],[0.0718415,0.0362775,0.851548,0.0403334],[0.000948398,0.000830961,0.997272,0.000948398],[0.190981,0.123909,0.6753,0.00981003],[0.222489,0.446866,0.25388,0.0767646]]},{"db":2,"id":"AP2C_HUMAN.H11MO.0.A","len":14,"ltrim":2,"rtrim":2,"nsites":500,"evalue":"1.0e+000","url":"http://hocomoco.autosome.ru/motif/AP2C_HUMAN.H11MO.0.A","pwm":[[0.387204,0.201037,0.26956,0.1422],[0.196089,0.12362,0.166414,0.513877],[0.184613,0.0997989,0.518373,0.197215],[0.00958618,0.506985,0.471845,0.011584],[0.00385614,0.988132,0.0079582,5.32893e-05],[0.00192114,0.951679,0.00239107,0.0440087],[0.0500585,0.131886,0.0254187,0.792636],[0.0354104,4.66907e-05,0.917072,0.0474708],[0.55498,0.0254403,0.415801,0.0037792],[0.0734792,4.66907e-05,0.92445,0.0020237],[5.32893e-05,4.66907e-05,0.997964,0.00193639],[0.0289791,0.61817,0.340996,0.0118549],[0.313917,0.351516,0.0971796,0.237388],[0.428243,0.170533,0.241667,0.159557]]},{"db":2,"id":"AP2D_HUMAN.H11MO.0.D","len":14,"ltrim":0,"rtrim":0,"nsites":5,"evalue":"1.0e+000","url":"http://hocomoco.autosome.ru/motif/AP2D_HUMAN.H11MO.0.D","pwm":[[0.233224,0.483375,0.232577,0.0508251],[0.00522549,0.00457843,0.984971,0.00522549],[0.00522549,0.620174,0.186977,0.187624],[0.00522549,0.984971,0.00457843,0.00522549],[0.00522549,0.597374,0.00457843,0.392822],[0.00522549,0.00457843,0.984971,0.00522549],[0.392822,0.232577,0.369376,0.00522549],[0.00522549,0.00457843,0.984971,0.00522549],[0.00522549,0.00457843,0.984971,0.00522549],[0.00522549,0.802572,0.186977,0.00522549],[0.187624,0.232577,0.392175,0.187624],[0.00522549,0.802572,0.186977,0.00522549],[0.00522549,0.186977,0.802572,0.00522549],[0.0508251,0.232577,0.0501781,0.66642]]},{"db":2,"id":"ARNT2_HUMAN.H11MO.0.D","len":12,"ltrim":0,"rtrim":0,"nsites":18,"evalue":"1.0e+000","url":"http://hocomoco.autosome.ru/motif/ARNT2_HUMAN.H11MO.0.D","pwm":[[0.193656,0.0836546,0.583943,0.138747],[0.166201,0.281939,0.330748,0.221111],[0.00147238,0.660206,0.220929,0.117393],[0.00147238,0.0561997,0.940856,0.00147238],[0.00147238,0.00129006,0.0561997,0.941038],[0.00147238,0.0561997,0.940856,0.00147238],[0.056382,0.00129006,0.879845,0.0624831],[0.166201,0.330748,0.391759,0.111292],[0.55667,0.00129006,0.275838,0.166201],[0.00147238,0.330748,0.556488,0.111292],[0.391941,0.00129006,0.495477,0.111292],[0.138747,0.583943,0.193474,0.0838369]]},{"db":2,"id":"ATF3_HUMAN.H11MO.0.A","len":11,"ltrim":0,"rtrim":1,"nsites":500,"evalue":"1.0e+000","url":"http://hocomoco.autosome.ru/motif/ATF3_HUMAN.H11MO.0.A","pwm":[[0.222009,0.0900287,0.579931,0.108032],[0.256002,0.0280411,0.709905,0.00605209],[0.0180497,0.0420383,0.00804509,0.931867],[0.0100513,0.477951,0.507945,0.00405249],[0.939865,0.0240419,0.00404589,0.0320469],[0.00205289,0.813884,0.0420383,0.142025],[0.0380457,0.0180431,0.925862,0.0180497],[0.0280477,0.224002,0.00804509,0.739905],[0.266,0.164014,0.53594,0.0340465],[0.575938,0.104026,0.251996,0.0680397],[0.0940345,0.295988,0.275992,0.333987]]},{"db":2,"id":"BACH1_HUMAN.H11MO.0.A","len":13,"ltrim":0,"rtrim":2,"nsites":500,"evalue":"1.0e+000","url":"http://hocomoco.autosome.ru/motif/BACH1_HUMAN.H11MO.0.A","pwm":[[0.0628547,0.168178,0.0975414,0.671426],[0.00920996,0.0664217,0.922333,0.00203535],[0.0209177,0.967522,0.00397114,0.00758885],[0.0362215,0.0795799,0.0801357,0.804063],[0.00390154,0.0613531,0.890884,0.0438612],[0.802824,0.0206157,0.124519,0.0520411],[0.0133149,0.214862,0.763219,0.00860366],[0.00625287,0.0361761,0.145874,0.811697],[0.0162444,0.943689,0.0343134,0.00575323],[0.786285,0.0958343,0.08245,0.035431],[0.00983061,0.334259,0.256602,0.399308],[0.151632,0.265552,0.394689,0.188127],[0.105268,0.378561,0.372597,0.143574]]},{"db":2,"id":"BACH2_HUMAN.H11MO.0.A","len":11,"ltrim":0,"rtrim":1,"nsites":500,"evalue":"1.0e+000","url":"http://hocomoco.autosome.ru/motif/BACH2_HUMAN.H11MO.0.A","pwm":[[0.122029,0.0960275,0.0680331,0.713911],[0.0140505,0.0780311,0.893868,0.0140505],[0.0440445,0.923862,0.0120443,0.0200493],[0.0780377,0.0380391,0.00804509,0.875878],[0.0580417,0.0600347,0.793888,0.0880357],[0.757902,0.0380391,0.0560355,0.148024],[0.0440445,0.224002,0.669913,0.0620409],[0.0100513,0.0160435,0.00804509,0.96586],[0.0600413,0.919863,0.0160435,0.00405249],[0.963861,0.0120443,0.00804509,0.0160501],[0.0560421,0.319983,0.212004,0.411971]]},{"db":2,"id":"BATF3_HUMAN.H11MO.0.B","len":17,"ltrim":1,"rtrim":2,"nsites":500,"evalue":"1.0e+000","url":"http://hocomoco.autosome.ru/motif/BATF3_HUMAN.H11MO.0.B","pwm":[[0.172019,0.353976,0.206005,0.268],[0.483957,0.0560355,0.243998,0.21601],[0.0300473,0.389969,0.501946,0.0780377],[0.0300473,0.0160435,0.0140439,0.939865],[0.0460441,0.0640339,0.00804509,0.881877],[0.0420449,0.160015,0.0420383,0.755902],[0.0180497,0.855876,0.0200427,0.106032],[0.501953,0.178011,0.120023,0.200013],[0.210011,0.18201,0.218003,0.389975],[0.230007,0.0420383,0.0640339,0.663921],[0.481957,0.198007,0.0560355,0.264],[0.00805169,4.66907e-05,0.0100447,0.981857],[0.0120509,0.0240419,0.809885,0.154022],[0.863881,0.00604549,0.0420383,0.0880357],[0.100033,0.461954,0.317983,0.120029],[0.252003,0.120023,0.146017,0.481957],[0.242005,0.38597,0.186009,0.186016]]},{"db":2,"id":"BATF_HUMAN.H11MO.0.A","len":18,"ltrim":1,"rtrim":1,"nsites":500,"evalue":"1.0e+000","url":"http://hocomoco.autosome.ru/motif/BATF_HUMAN.H11MO.0.A","pwm":[[0.451963,0.0780311,0.263994,0.206012],[0.0480437,0.399967,0.345978,0.206012],[0.0120509,0.0180431,0.0440379,0.925868],[0.134026,0.327981,0.0240419,0.513951],[0.0860361,0.237999,0.0520363,0.623929],[0.142025,0.545938,0.0460375,0.266],[0.379977,0.0860295,0.395968,0.138026],[0.369979,0.114024,0.230001,0.285996],[0.337986,0.0180431,0.0840299,0.559941],[0.577938,0.158015,0.0220423,0.242005],[0.00205289,0.00204629,4.66907e-05,0.995854],[0.00405249,0.0560355,0.849877,0.0900353],[0.977858,0.00804509,0.0120443,0.00205289],[0.104032,0.557935,0.315984,0.0220489],[0.0720389,0.0300407,0.0200427,0.877878],[0.212011,0.507945,0.212004,0.0680397],[0.611931,0.0840299,0.110025,0.194014],[0.142025,0.186009,0.305986,0.36598]]},{"db":2,"id":"BATF_HUMAN.H11MO.1.A","len":11,"ltrim":1,"rtrim":1,"nsites":500,"evalue":"1.0e+000","url":"http://hocomoco.autosome.ru/motif/BATF_HUMAN.H11MO.1.A","pwm":[[0.323989,0.0680331,0.391968,0.21601],[0.573939,0.218003,0.192008,0.0160501],[0.0140505,0.00404589,0.00404589,0.977858],[5.32893e-05,0.0120443,0.93386,0.0540425],[0.96786,0.0100447,0.00804509,0.0140505],[0.0100513,0.513944,0.0540359,0.421969],[0.0280477,0.0280411,0.43196,0.511951],[0.0940345,0.875872,0.0140439,0.0160501],[0.975858,0.0180431,4.66907e-05,0.00605209],[0.609931,0.0560355,0.144018,0.190015],[0.238006,0.28399,0.100027,0.377978]]},{"db":2,"id":"BPTF_HUMAN.H11MO.0.D","len":12,"ltrim":0,"rtrim":2,"nsites":21,"evalue":"1.0e+000","url":"http://hocomoco.autosome.ru/motif/BPTF_HUMAN.H11MO.0.D","pwm":[[0.0960498,0.0958934,0.380254,0.427803],[0.0486564,0.00110664,0.380254,0.569983],[0.0960498,0.0485,0.19068,0.66477],[0.143443,0.238073,0.33286,0.285623],[0.0486564,0.00110664,0.00110664,0.94913],[0.00126303,0.00110664,0.0485,0.94913],[0.00126303,0.00110664,0.7594,0.23823],[0.0486564,0.143287,0.00110664,0.80695],[0.0486564,0.00110664,0.47504,0.475197],[0.0486564,0.0958934,0.33286,0.52259],[0.143443,0.143287,0.285467,0.427803],[0.190836,0.427647,0.285467,0.0960498]]},{"db":2,"id":"COT1_HUMAN.H11MO.0.C","len":17,"ltrim":0,"rtrim":2,"nsites":500,"evalue":"1.0e+000","url":"http://hocomoco.autosome.ru/motif/COT1_HUMAN.H11MO.0.C","pwm":[[0.180017,0.146017,0.539939,0.134026],[0.287996,0.0740319,0.549937,0.0880357],[0.248004,0.0780311,0.591928,0.0820369],[0.208012,0.118023,0.589929,0.0840365],[0.0860361,0.150017,0.361974,0.401973],[0.132027,0.475952,0.289989,0.102033],[0.631927,0.112024,0.194008,0.0620409],[0.411971,0.0480371,0.523942,0.0160501],[0.725908,4.66907e-05,0.269993,0.00405249],[0.0180497,4.66907e-05,0.911864,0.0700393],[0.0160501,0.0100447,0.961854,0.0120509],[0.0100513,0.0780311,0.279991,0.631927],[0.0660401,0.863874,0.0420383,0.0280477],[0.959861,0.00404589,0.0160435,0.0200493],[0.204012,0.126021,0.517943,0.152023],[0.226008,0.18401,0.493948,0.0960341],[0.186016,0.168013,0.505946,0.140025]]},{"db":2,"id":"CPEB1_HUMAN.H11MO.0.D","len":17,"ltrim":0,"rtrim":0,"nsites":1803,"evalue":"1.0e+000","url":"http://hocomoco.autosome.ru/motif/CPEB1_HUMAN.H11MO.0.D","pwm":[[0.163622,0.217971,0.0893036,0.529104],[0.000569381,0.00056755,0.00056755,0.998296],[0.00472888,0.00361785,0.00029025,0.991363],[0.000708031,0.0018154,0.0001516,0.997325],[1.47801e-05,0.00167675,1.29499e-05,0.998296],[0.996632,0.00056755,0.00223135,0.000569381],[0.00223318,0.0543638,0.00334055,0.940062],[0.128127,0.235718,0.0282976,0.607857],[0.181924,0.250692,0.0732202,0.494164],[0.092633,0.223517,0.0482632,0.635587],[0.0809864,0.18414,0.0343982,0.700475],[0.0654576,0.13589,0.0260792,0.772573],[0.100397,0.118143,0.0160964,0.765363],[0.18123,0.0991478,0.0115209,0.708101],[0.224073,0.116479,0.0233062,0.636141],[0.240295,0.16875,0.0345368,0.556418],[0.223657,0.210345,0.0700313,0.495966]]},{"db":2,"id":"CRX_HUMAN.H11MO.0.B","len":13,"ltrim":1,"rtrim":1,"nsites":500,"evalue":"1.0e+000","url":"http://hocomoco.autosome.ru/motif/CRX_HUMAN.H11MO.0.B","pwm":[[0.248004,0.164014,0.152016,0.435966],[0.533947,0.104026,0.261994,0.100033],[0.573939,0.0460375,0.275992,0.104032],[0.172019,0.0920283,0.565934,0.170019],[0.497954,0.164014,0.261994,0.0760381],[0.192015,0.00604549,0.775892,0.0260481],[0.0320469,0.0100447,0.93586,0.0220489],[0.763901,0.218003,0.0160435,0.00205289],[5.32893e-05,4.66907e-05,4.66907e-05,0.999853],[0.0220489,0.0580351,0.0240419,0.895874],[0.879877,0.00404589,0.0340399,0.0820369],[0.269999,0.0660335,0.525942,0.138026],[0.234006,0.323982,0.343978,0.0980337]]},{"db":2,"id":"DLX3_HUMAN.H11MO.0.C","len":10,"ltrim":0,"rtrim":1,"nsites":34,"evalue":"1.0e+000","url":"http://hocomoco.autosome.ru/motif/DLX3_HUMAN.H11MO.0.C","pwm":[[0.173355,0.128504,0.659049,0.0390922],[0.412071,0.403761,0.183386,0.000781525],[0.000781525,0.0230619,0.000684751,0.975472],[0.975472,0.000684751,0.0230619,0.000781525],[0.997849,0.000684751,0.000684751,0.000781525],[0.000781525,0.000684751,0.000684751,0.997849],[0.000781525,0.000684751,0.045439,0.953095],[0.541517,0.000684751,0.363823,0.0939746],[0.161106,0.515646,0.277712,0.0455358],[0.445565,0.154566,0.10273,0.297139]]},{"db":2,"id":"DLX5_HUMAN.H11MO.0.D","len":11,"ltrim":0,"rtrim":1,"nsites":464,"evalue":"1.0e+000","url":"http://hocomoco.autosome.ru/motif/DLX5_HUMAN.H11MO.0.D","pwm":[[0.243539,0.0668463,0.0431445,0.64647],[0.71542,0.0905481,0.165963,0.0280686],[0.905035,0.0302162,0.0259068,0.0388422],[0.0172951,0.0237521,0.0215974,0.937355],[0.0496157,0.0302162,0.127178,0.79299],[0.661553,0.0625368,0.215521,0.0603892],[0.0582345,0.402981,0.0582274,0.480557],[0.650779,0.00435973,0.120714,0.224147],[0.047461,0.0259068,0.674474,0.252158],[0.103483,0.142261,0.571048,0.183208],[0.0690081,0.170272,0.37066,0.39006]]},{"db":2,"id":"E2F1_HUMAN.H11MO.0.A","len":14,"ltrim":4,"rtrim":2,"nsites":500,"evalue":"1.0e+000","url":"http://hocomoco.autosome.ru/motif/E2F1_HUMAN.H11MO.0.A","pwm":[[0.327988,0.160015,0.377971,0.134026],[0.236006,0.200007,0.451956,0.112031],[0.271999,0.210005,0.289989,0.228008],[0.190015,0.102026,0.465954,0.242005],[0.0820369,0.200007,0.703906,0.0140505],[0.0180497,0.00604549,0.965854,0.0100513],[0.0560421,0.921862,0.00404589,0.0180497],[0.0160501,0.00804509,0.957855,0.0180497],[0.0220489,0.0820303,0.889869,0.00605209],[0.0680397,0.0340399,0.889869,0.00805169],[0.855882,0.0200427,0.0900287,0.0340465],[0.653923,0.0640339,0.271992,0.0100513],[0.399973,0.140019,0.365974,0.0940345],[0.271999,0.164014,0.395968,0.16802]]},{"db":2,"id":"E2F3_HUMAN.H11MO.0.A","len":11,"ltrim":2,"rtrim":0,"nsites":500,"evalue":"1.0e+000","url":"http://hocomoco.autosome.ru/motif/E2F3_HUMAN.H11MO.0.A","pwm":[[0.375978,0.140019,0.208005,0.275998],[0.262001,0.0460375,0.409965,0.281997],[0.126028,0.124022,0.675912,0.0740385],[0.0340465,0.00604549,0.955856,0.00405249],[0.124028,0.769893,0.0200427,0.0860361],[0.152023,0.00404589,0.68391,0.160021],[0.0960341,0.0200427,0.867873,0.0160501],[0.0180497,0.0100447,0.957855,0.0140505],[0.833887,0.0380391,0.118023,0.0100513],[0.711911,0.0620343,0.200007,0.0260481],[0.533947,0.110025,0.249997,0.106032]]},{"db":2,"id":"E2F4_HUMAN.H11MO.0.A","len":13,"ltrim":0,"rtrim":2,"nsites":500,"evalue":"1.0e+000","url":"http://hocomoco.autosome.ru/motif/E2F4_HUMAN.H11MO.0.A","pwm":[[0.146024,0.257995,0.505946,0.0900353],[0.277998,0.0960275,0.461954,0.16402],[0.244004,0.100027,0.525942,0.130027],[0.100033,0.188009,0.695908,0.0160501],[0.00405249,0.0360395,0.957855,0.00205289],[0.0120509,0.973852,4.66907e-05,0.0140505],[0.0360461,0.00204629,0.945858,0.0160501],[0.00405249,0.0380391,0.949857,0.00805169],[0.0900353,0.0140439,0.893868,0.00205289],[0.71591,0.0220423,0.249997,0.0120509],[0.535946,0.200007,0.222002,0.0420449],[0.381977,0.188009,0.28199,0.148024],[0.254002,0.114024,0.305986,0.325988]]},{"db":2,"id":"E2F4_HUMAN.H11MO.1.A","len":14,"ltrim":0,"rtrim":0,"nsites":500,"evalue":"1.0e+000","url":"http://hocomoco.autosome.ru/motif/E2F4_HUMAN.H11MO.1.A","pwm":[[0.106032,0.224002,0.647917,0.0220489],[0.0120509,0.0860295,0.901866,5.32893e-05],[0.0420449,0.93186,0.00804509,0.0180497],[0.0200493,0.00204629,0.963854,0.0140505],[0.0180497,0.245998,0.7319,0.00405249],[0.0320469,0.0740319,0.871872,0.0220489],[0.749903,0.0980271,0.136019,0.0160501],[0.71791,0.0620343,0.172012,0.0480437],[0.393975,0.13202,0.255996,0.21801],[0.224008,0.122022,0.200007,0.453963],[0.146024,0.204006,0.18401,0.46596],[0.130027,0.321982,0.202006,0.345984],[0.313991,0.176011,0.33198,0.178018],[0.471959,0.100027,0.315984,0.112031]]},{"db":2,"id":"E2F6_HUMAN.H11MO.0.A","len":13,"ltrim":1,"rtrim":2,"nsites":500,"evalue":"1.0e+000","url":"http://hocomoco.autosome.ru/motif/E2F6_HUMAN.H11MO.0.A","pwm":[[0.337986,0.148017,0.341978,0.172019],[0.262001,0.0340399,0.555936,0.148024],[0.154022,0.126021,0.699907,0.0200493],[0.0100513,0.0160435,0.963854,0.0100513],[0.21401,0.707905,0.0120443,0.0660401],[0.0400453,0.0180431,0.893868,0.0480437],[0.0240485,0.0480371,0.895868,0.0320469],[0.0720389,0.0440379,0.871872,0.0120509],[0.941865,0.0320403,0.0140439,0.0120509],[0.511951,0.0360395,0.43596,0.0160501],[0.383977,0.108025,0.437959,0.0700393],[0.277998,0.218003,0.377971,0.126028],[0.275998,0.162014,0.425962,0.136026]]},{"db":2,"id":"E2F7_HUMAN.H11MO.0.B","len":13,"ltrim":0,"rtrim":3,"nsites":500,"evalue":"1.0e+000","url":"http://hocomoco.autosome.ru/motif/E2F7_HUMAN.H11MO.0.B","pwm":[[0.196014,0.148017,0.529941,0.126028],[0.337986,0.0320403,0.415964,0.21401],[0.142025,0.0820303,0.771892,0.00405249],[0.0440445,0.00404589,0.941858,0.0100513],[0.0840365,0.853876,0.00404589,0.0580417],[0.140025,0.0160435,0.813884,0.0300473],[0.0220489,0.0120443,0.957855,0.00805169],[0.204012,0.00604549,0.775892,0.0140505],[0.713911,0.00404589,0.275992,0.00605209],[0.603933,0.138019,0.239999,0.0180497],[0.427968,0.192008,0.224002,0.156022],[0.343985,0.0860295,0.355976,0.21401],[0.260001,0.152016,0.48595,0.102033]]},{"db":2,"id":"ESR1_HUMAN.H11MO.0.A","len":15,"ltrim":0,"rtrim":0,"nsites":500,"evalue":"1.0e+000","url":"http://hocomoco.autosome.ru/motif/ESR1_HUMAN.H11MO.0.A","pwm":[[0.637926,0.0480371,0.259995,0.0540425],[0.0740385,0.00604549,0.807885,0.112031],[0.0460441,0.0180431,0.907865,0.0280477],[0.0940345,0.0720323,0.178011,0.655922],[0.00205289,0.887869,0.0480371,0.0620409],[0.855882,0.00604549,0.112024,0.0260481],[0.108032,0.441958,0.311984,0.138026],[0.395974,0.603926,4.66907e-05,5.32893e-05],[0.182017,0.375972,0.28599,0.156022],[0.104032,0.0780311,0.0440379,0.773899],[0.0540425,0.0340399,0.907865,0.00405249],[0.61793,0.198007,0.0700327,0.11403],[0.0400453,0.88387,0.0140439,0.0620409],[0.0900353,0.821882,0.00804509,0.0800373],[0.0580417,0.329981,0.0660335,0.545944]]},{"db":2,"id":"ESR2_HUMAN.H11MO.0.A","len":15,"ltrim":0,"rtrim":0,"nsites":497,"evalue":"1.0e+000","url":"http://hocomoco.autosome.ru/motif/ESR2_HUMAN.H11MO.0.A","pwm":[[0.494924,0.096607,0.362147,0.046322],[0.114719,0.012117,0.790632,0.082532],[0.046322,0.0261987,0.859029,0.0684503],[0.0966137,0.116724,0.229377,0.557286],[0.016147,0.798679,0.0523503,0.132824],[0.621659,0.0342453,0.247482,0.0966137],[0.0925903,0.511011,0.265587,0.130812],[5.36109e-05,0.667921,4.69725e-05,0.331979],[0.122765,0.422497,0.267599,0.187139],[0.040287,0.239435,0.030222,0.690056],[0.082532,0.0261987,0.891216,5.36109e-05],[0.521076,0.273634,0.0865487,0.118742],[0.0241936,0.844947,0.0221753,0.108684],[0.082532,0.846959,0.012117,0.058392],[0.0724736,0.356112,0.036257,0.535157]]},{"db":2,"id":"FOSB_HUMAN.H11MO.0.A","len":9,"ltrim":1,"rtrim":1,"nsites":500,"evalue":"1.0e+000","url":"http://hocomoco.autosome.ru/motif/FOSB_HUMAN.H11MO.0.A","pwm":[[0.413971,0.206005,0.291988,0.0880357],[0.0100513,0.0120443,0.00204629,0.975858],[0.0120509,0.0140439,0.917863,0.0560421],[0.895874,0.0120443,0.0180431,0.0740385],[0.204012,4.66907e-05,0.795888,5.32893e-05],[0.0180497,0.0300407,0.106025,0.845884],[0.0540425,0.903866,0.0280411,0.0140505],[0.96586,0.0100447,0.00604549,0.0180497],[0.0720389,0.329981,0.230001,0.36798]]},{"db":2,"id":"FOS_HUMAN.H11MO.0.A","len":9,"ltrim":1,"rtrim":0,"nsites":500,"evalue":"1.0e+000","url":"http://hocomoco.autosome.ru/motif/FOS_HUMAN.H11MO.0.A","pwm":[[0.345984,0.216003,0.359975,0.0780377],[0.0100513,0.0180431,0.0100447,0.961861],[0.0160501,0.0340399,0.859875,0.0900353],[0.935866,0.00804509,0.0280411,0.0280477],[0.11603,4.66907e-05,0.88387,5.32893e-05],[0.0220489,0.0260415,0.0240419,0.927868],[0.0420449,0.93386,0.0240419,5.32893e-05],[0.959861,0.0160435,0.0120443,0.0120509],[0.0280477,0.417963,0.263994,0.289995]]},{"db":2,"id":"FOXG1_HUMAN.H11MO.0.D","len":17,"ltrim":1,"rtrim":0,"nsites":310,"evalue":"1.0e+000","url":"http://hocomoco.autosome.ru/motif/FOXG1_HUMAN.H11MO.0.D","pwm":[[0.358371,0.152238,0.184562,0.30483],[0.1504,0.111045,0.121205,0.617349],[0.0332438,0.0360023,0.0297228,0.901031],[0.102421,0.0200256,0.857517,0.0200362],[8.594e-05,0.00321506,0.00949459,0.987204],[8.594e-05,7.52983e-05,0.231872,0.767967],[0.00341099,7.52983e-05,0.0926208,0.903893],[0.687424,0.164269,0.108505,0.0398012],[0.039616,0.353231,0.025564,0.581589],[0.30912,0.0957606,0.292279,0.302841],[0.191086,0.0710029,0.118655,0.619256],[0.366387,0.0569616,0.178506,0.398145],[0.0616381,0.0549774,0.0200694,0.863315],[0.313876,0.0397392,0.316264,0.330121],[0.0491254,0.0747887,0.0882742,0.787812],[0.238736,0.054931,0.078577,0.627756],[0.0828829,0.134405,0.197026,0.585686]]},{"db":2,"id":"FOXJ3_HUMAN.H11MO.0.A","len":13,"ltrim":1,"rtrim":0,"nsites":626,"evalue":"1.0e+000","url":"http://hocomoco.autosome.ru/motif/FOXJ3_HUMAN.H11MO.0.A","pwm":[[0.194107,0.146485,0.164701,0.494706],[4.25651e-05,3.72944e-05,3.72944e-05,0.999883],[0.0829644,3.72944e-05,0.914272,0.00272669],[0.00111621,3.72944e-05,3.72944e-05,0.998809],[4.25651e-05,3.72944e-05,3.72944e-05,0.999883],[0.00887536,3.72944e-05,0.175702,0.815385],[0.818154,3.72944e-05,0.0369583,0.144851],[4.25651e-05,0.0711386,3.72944e-05,0.928782],[0.113306,3.72944e-05,0.430179,0.456478],[0.0440573,3.72944e-05,0.325665,0.630241],[0.0528158,3.72944e-05,0.0291541,0.917993],[0.00590728,0.0101711,0.0168422,0.967079],[0.358506,0.0704048,0.138473,0.432616]]},{"db":2,"id":"FUBP1_HUMAN.H11MO.0.D","len":12,"ltrim":0,"rtrim":0,"nsites":102,"evalue":"1.0e+000","url":"http://hocomoco.autosome.ru/motif/FUBP1_HUMAN.H11MO.0.D","pwm":[[0.00263964,0.163296,0.0311508,0.802913],[0.000261019,0.475953,0.0192577,0.504529],[0.000261019,0.000228697,0.98022,0.01929],[0.000261019,0.000228697,0.0298293,0.969681],[0.285695,0.179947,0.305749,0.228609],[0.125006,0.219062,0.104888,0.551044],[0.0763769,0.0752874,0.25712,0.591216],[0.01929,0.085859,0.085859,0.808992],[0.0573479,0.085859,0.085859,0.770934],[0.0668624,0.104888,0.181004,0.647246],[0.10492,0.12286,0.171489,0.600731],[0.100163,0.0895591,0.11916,0.691118]]},{"db":2,"id":"HES1_HUMAN.H11MO.0.D","len":13,"ltrim":1,"rtrim":0,"nsites":28,"evalue":"1.0e+000","url":"http://hocomoco.autosome.ru/motif/HES1_HUMAN.H11MO.0.D","pwm":[[0.314412,0.355813,0.218802,0.110972],[0.420284,0.474141,0.0340457,0.0715297],[0.0549223,0.191816,0.69834,0.0549223],[0.266666,0.424319,0.237486,0.0715297],[0.000948398,0.997272,0.000830961,0.000948398],[0.97663,0.000830961,0.000830961,0.0217076],[0.146263,0.727403,0.125386,0.000948398],[0.000948398,0.104627,0.719099,0.175326],[0.47841,0.312219,0.117082,0.0922888],[0.0798333,0.000830961,0.881021,0.0383149],[0.341399,0.486596,0.171056,0.000948398],[0.183629,0.569633,0.104627,0.142111],[0.370462,0.416015,0.158601,0.0549223]]},{"db":2,"id":"HEY2_HUMAN.H11MO.0.D","len":17,"ltrim":0,"rtrim":1,"nsites":8,"evalue":"1.0e+000","url":"http://hocomoco.autosome.ru/motif/HEY2_HUMAN.H11MO.0.D","pwm":[[0.00329012,0.00288272,0.870821,0.123006],[0.00329012,0.242314,0.49671,0.257686],[0.00329012,0.257279,0.376994,0.362437],[0.00329012,0.257279,0.616426,0.123006],[0.13797,0.00288272,0.855857,0.00329012],[0.00329012,0.855857,0.00288272,0.13797],[0.497117,0.00288272,0.122598,0.377402],[0.00329012,0.870821,0.122598,0.00329012],[0.00329012,0.122598,0.870821,0.00329012],[0.00329012,0.122598,0.00288272,0.871229],[0.00329012,0.00288272,0.990537,0.00329012],[0.123006,0.242314,0.63139,0.00329012],[0.123006,0.736141,0.137563,0.00329012],[0.362437,0.257279,0.122598,0.257686],[0.00329012,0.257279,0.122598,0.616833],[0.00329012,0.257279,0.36203,0.377402],[0.366178,0.26102,0.246055,0.126747]]},{"db":2,"id":"HNF1B_HUMAN.H11MO.1.A","len":11,"ltrim":0,"rtrim":0,"nsites":500,"evalue":"1.0e+000","url":"http://hocomoco.autosome.ru/motif/HNF1B_HUMAN.H11MO.1.A","pwm":[[0.389975,0.0120443,0.373972,0.224008],[0.0520429,0.00404589,0.929861,0.0140505],[5.32893e-05,0.0420383,0.00804509,0.949863],[0.0720389,0.0300407,0.0120443,0.885876],[0.985856,4.66907e-05,0.0120443,0.00205289],[0.933867,0.0460375,0.00404589,0.0160501],[0.0800373,0.0300407,0.00804509,0.881877],[0.256002,0.257995,0.347977,0.138026],[0.813891,0.00204629,0.0340399,0.150023],[0.0380457,0.0240419,0.114024,0.823889],[0.0160501,0.0480371,0.00404589,0.931867]]},{"db":2,"id":"HXD13_HUMAN.H11MO.0.D","len":11,"ltrim":0,"rtrim":0,"nsites":13,"evalue":"1.0e+000","url":"http://hocomoco.autosome.ru/motif/HXD13_HUMAN.H11MO.0.D","pwm":[[0.204822,0.118278,0.118278,0.558622],[0.00203435,0.00178244,0.0794459,0.916737],[0.0796978,0.00178244,0.174368,0.744152],[0.780826,0.0211983,0.0211983,0.176777],[0.0732259,0.228301,0.0211983,0.677275],[0.0991137,0.0211983,0.228301,0.651387],[0.642758,0.0988618,0.185154,0.0732259],[0.0214502,0.0729739,0.633877,0.271699],[0.442127,0.00178244,0.476392,0.0796978],[0.00203435,0.00178244,0.86471,0.131473],[0.662174,0.170053,0.0406142,0.127159]]},{"db":2,"id":"HXD8_HUMAN.H11MO.0.D","len":11,"ltrim":1,"rtrim":3,"nsites":278,"evalue":"1.0e+000","url":"http://hocomoco.autosome.ru/motif/HXD8_HUMAN.H11MO.0.D","pwm":[[0.294954,0.154705,0.100767,0.449574],[0.555651,0.196057,0.0773943,0.170898],[0.726453,0.0288506,0.0252548,0.219441],[0.0027927,0.02076,0.0243558,0.952092],[0.3417,8.39626e-05,0.0216589,0.636558],[0.309337,0.00367979,8.39626e-05,0.686899],[0.12595,0.0108714,0.765996,0.0971832],[0.0117823,0.964665,0.0117704,0.0117823],[0.443282,0.191562,0.18437,0.180786],[0.194271,0.215834,0.190663,0.399233],[0.343497,0.203248,0.196057,0.257198]]},{"db":2,"id":"IKZF1_HUMAN.H11MO.0.C","len":8,"ltrim":0,"rtrim":0,"nsites":60,"evalue":"1.0e+000","url":"http://hocomoco.autosome.ru/motif/IKZF1_HUMAN.H11MO.0.C","pwm":[[0.0428176,0.285991,0.237684,0.433508],[0.0580723,0.0885269,0.000388519,0.853012],[0.0563774,0.000388519,0.942791,0.000443428],[0.0190881,0.0308979,0.949571,0.000443428],[0.000443428,0.0173382,0.981775,0.000443428],[0.849622,0.000388519,0.149546,0.000443428],[0.320792,0.0308979,0.532608,0.115701],[0.415711,0.0393728,0.368197,0.17672]]},{"db":2,"id":"IRF1_HUMAN.H11MO.0.A","len":20,"ltrim":1,"rtrim":1,"nsites":499,"evalue":"1.0e+000","url":"http://hocomoco.autosome.ru/motif/IRF1_HUMAN.H11MO.0.A","pwm":[[0.338663,0.176364,0.356689,0.128284],[0.605143,0.0982235,0.192393,0.104241],[0.657236,0.0962199,0.128278,0.118266],[0.735377,0.0741802,0.0781874,0.112255],[0.310612,0.228458,0.266526,0.194403],[0.298591,0.138296,0.152321,0.410793],[0.166353,0.00806121,0.821525,0.00406061],[0.933734,0.0100648,0.0461297,0.0100714],[0.987831,0.00205039,4.67842e-05,0.0100714],[0.983824,0.00205039,0.0060576,0.00806782],[0.136299,0.364703,0.468891,0.0301075],[0.200414,0.100227,0.0220865,0.677272],[0.106245,0.004054,0.887644,0.002057],[0.937741,0.0160756,0.0421225,0.00406061],[0.961785,4.67842e-05,0.0280973,0.0100714],[0.985828,0.004054,0.004054,0.00606422],[0.0441327,0.360696,0.547031,0.04814],[0.196407,0.242483,0.0761838,0.484926],[0.468897,0.12427,0.308602,0.0982301],[0.43684,0.160335,0.26853,0.134295]]},{"db":2,"id":"IRF3_HUMAN.H11MO.0.B","len":20,"ltrim":0,"rtrim":0,"nsites":500,"evalue":"1.0e+000","url":"http://hocomoco.autosome.ru/motif/IRF3_HUMAN.H11MO.0.B","pwm":[[0.299993,0.0780311,0.513944,0.108032],[0.603933,0.0440379,0.299987,0.0520429],[0.677918,0.0660335,0.214004,0.0420449],[0.719909,0.0740319,0.110025,0.0960341],[0.305992,0.108025,0.455956,0.130027],[0.224008,0.0540359,0.557935,0.16402],[0.202013,0.0540359,0.7319,0.0120509],[0.819889,0.0180431,0.148017,0.0140505],[0.81589,0.0360395,0.126021,0.0220489],[0.899873,0.0160435,0.0300407,0.0540425],[0.224008,0.261994,0.445958,0.0680397],[0.291995,0.0880291,0.401966,0.21801],[0.200013,0.00604549,0.78389,0.0100513],[0.673919,0.0240419,0.289989,0.0120509],[0.879877,0.0360395,0.0720323,0.0120509],[0.941865,0.00404589,0.0400387,0.0140505],[0.0960341,0.313984,0.547937,0.0420449],[0.266,0.142018,0.273992,0.31799],[0.228008,0.122022,0.58593,0.0640405],[0.681917,0.0700327,0.178011,0.0700393]]},{"db":2,"id":"LHX2_HUMAN.H11MO.0.A","len":12,"ltrim":2,"rtrim":3,"nsites":430,"evalue":"1.0e+000","url":"http://hocomoco.autosome.ru/motif/LHX2_HUMAN.H11MO.0.A","pwm":[[0.132589,0.176757,0.237208,0.453445],[0.0930636,0.262784,0.318585,0.325568],[0.111664,0.432512,0.0163296,0.439495],[0.0279625,0.0116795,5.42897e-05,0.960304],[0.774301,0.176757,0.03958,0.00936213],[0.957979,0.0279548,0.00237933,0.0116872],[6.19623e-05,0.0209797,0.0209797,0.957979],[0.00936213,0.0140045,0.237208,0.739425],[0.578997,0.00702941,0.35346,0.060513],[0.172115,0.225583,0.492963,0.109339],[0.176765,0.241859,0.125606,0.45577],[0.0884135,0.213958,0.241859,0.45577]]},{"db":2,"id":"LHX4_HUMAN.H11MO.0.D","len":11,"ltrim":3,"rtrim":1,"nsites":1413,"evalue":"1.0e+000","url":"http://hocomoco.autosome.ru/motif/LHX4_HUMAN.H11MO.0.D","pwm":[[0.389942,0.0693676,0.222223,0.318468],[0.355089,0.232661,0.199401,0.212849],[0.378796,0.150218,0.380917,0.0900691],[0.0679546,0.352433,0.0644139,0.515198],[0.00638784,0.000724188,0.00143185,0.991456],[0.985795,1.6524e-05,0.0141698,1.88592e-05],[0.99924,1.6524e-05,0.000724188,1.88592e-05],[0.00408793,0.000547272,0.0019626,0.993402],[0.117845,0.0845824,0.198516,0.599056],[0.545097,0.0744982,0.283967,0.0964381],[0.283615,0.193032,0.31475,0.208603]]},{"db":2,"id":"MAFA_HUMAN.H11MO.0.D","len":21,"ltrim":1,"rtrim":1,"nsites":27,"evalue":"1.0e+000","url":"http://hocomoco.autosome.ru/motif/MAFA_HUMAN.H11MO.0.D","pwm":[[0.101064,0.357329,0.368574,0.173032],[0.104438,0.000861624,0.279738,0.614962],[0.0324695,0.0323477,0.77452,0.160663],[0.000983395,0.981429,0.0166047,0.000983395],[0.0931927,0.000861624,0.000861624,0.905084],[0.000983395,0.0998179,0.898215,0.000983395],[0.713919,0.104316,0.0166047,0.165161],[0.149418,0.59235,0.138051,0.120181],[0.000983395,0.380944,0.362952,0.255121],[0.32484,0.45741,0.0368457,0.180904],[0.16741,0.376446,0.11781,0.338334],[0.0369675,0.153794,0.668817,0.140422],[0.0819476,0.61484,0.0683318,0.23488],[0.662191,0.0840749,0.0818259,0.171908],[0.246125,0.144798,0.506888,0.102189],[0.0841966,0.538374,0.0683318,0.309097],[0.252872,0.396687,0.000861624,0.349579],[0.149418,0.133553,0.104316,0.612713],[0.0841966,0.342711,0.0818259,0.491267],[0.113434,0.648576,0.0885729,0.149418],[0.250623,0.317972,0.32247,0.108936]]},{"db":2,"id":"MAFF_HUMAN.H11MO.0.B","len":18,"ltrim":0,"rtrim":0,"nsites":473,"evalue":"1.0e+000","url":"http://hocomoco.autosome.ru/motif/MAFF_HUMAN.H11MO.0.B","pwm":[[0.0571267,0.0698021,0.0824844,0.790587],[0.0211935,0.0951667,0.765215,0.118425],[0.055013,0.883583,0.0296414,0.0317621],[0.0846051,0.0613472,0.00639051,0.847657],[0.0275347,0.112076,0.744078,0.116311],[0.771563,0.0507786,0.0444374,0.133221],[0.0592404,0.410111,0.433362,0.0972874],[0.0846051,0.0888255,0.0592335,0.767336],[0.0909462,0.661643,0.0423237,0.205087],[0.672219,0.0571197,0.122645,0.148017],[0.0655816,0.0930529,0.62571,0.215656],[0.040217,0.780011,0.112076,0.0676953],[0.589784,0.109963,0.120531,0.179722],[0.177609,0.234672,0.224103,0.363616],[0.234679,0.137441,0.122645,0.505235],[0.164926,0.177602,0.0465512,0.610921],[0.0994011,0.253696,0.0782569,0.568646],[0.131107,0.20508,0.133214,0.5306]]},{"db":2,"id":"MAFF_HUMAN.H11MO.1.B","len":9,"ltrim":0,"rtrim":0,"nsites":497,"evalue":"1.0e+000","url":"http://hocomoco.autosome.ru/motif/MAFF_HUMAN.H11MO.1.B","pwm":[[0.0604036,0.0221753,0.0282103,0.889211],[0.0121236,0.054362,0.895239,0.0382753],[0.0563803,0.905297,0.0221753,0.016147],[0.040287,0.0201636,0.00205864,0.937491],[0.0181586,0.0322337,0.885181,0.064427],[0.824837,0.0161403,0.0282103,0.130812],[0.0322403,0.313867,0.609582,0.0443103],[0.0684503,0.106665,0.066432,0.758452],[0.0925903,0.639757,0.122759,0.144894]]},{"db":2,"id":"MAFG_HUMAN.H11MO.1.A","len":8,"ltrim":0,"rtrim":0,"nsites":498,"evalue":"1.0e+000","url":"http://hocomoco.autosome.ru/motif/MAFG_HUMAN.H11MO.1.A","pwm":[[0.0522519,0.0361842,0.0984207,0.813143],[0.0100916,0.0341766,0.939617,0.0161145],[0.0321756,0.82719,0.128535,0.0120993],[0.0402061,0.00606977,0.0161079,0.937616],[0.0141069,0.0181155,0.90348,0.0642976],[0.736853,0.0201232,0.080352,0.162671],[0.0602824,0.194787,0.658549,0.0863815],[0.0723281,0.0903902,0.12452,0.712762]]},{"db":2,"id":"MAFK_HUMAN.H11MO.1.A","len":13,"ltrim":0,"rtrim":0,"nsites":409,"evalue":"1.0e+000","url":"http://hocomoco.autosome.ru/motif/MAFK_HUMAN.H11MO.1.A","pwm":[[0.112507,0.0880551,0.0611668,0.738271],[0.0269534,0.102721,0.818928,0.0513973],[0.0978407,0.804261,0.0416117,0.0562861],[0.0953964,0.0367229,0.012279,0.855602],[0.0660637,0.0196122,0.853149,0.0611749],[0.811603,0.0220566,0.0636112,0.10273],[6.5143e-05,5.70765e-05,0.926481,0.0733968],[0.0587305,0.0636112,0.0342785,0.84338],[0.107618,0.779818,0.056278,0.0562861],[0.88249,0.0171678,0.0489449,0.0513973],[0.0538417,0.0513893,0.677153,0.217616],[0.0660637,0.755374,0.127165,0.0513973],[0.623385,0.119832,0.114943,0.14184]]},{"db":2,"id":"MEF2A_HUMAN.H11MO.0.A","len":13,"ltrim":1,"rtrim":1,"nsites":500,"evalue":"1.0e+000","url":"http://hocomoco.autosome.ru/motif/MEF2A_HUMAN.H11MO.0.A","pwm":[[0.273999,0.0780311,0.243998,0.403973],[0.128028,0.0800307,0.387969,0.