<!DOCTYPE HTML>
<html>
  <head>
    <meta charset="UTF-8">
    <title>TOMTOM</title>
    <script>
      // @JSON_VAR data
      var data = {
        "program": "Tomtom",
        "version": "4.12.0",
        "release": "Tue Jun 27 16:22:50 2017 -0700",
        "cmd": [
          "tomtom", "-verbosity", "1", "-oc",
          "results/AHRpeaks_oneAHRE.bed-399.fa/jaspar/meme_tomtom_out",
          "-min-overlap", "5", "-dist", "pearson", "-evalue", "-thresh", "1",
          "-no-ssc", "-bfile",
          "results/AHRpeaks_oneAHRE.bed-399.fa/jaspar/background",
          "results/AHRpeaks_oneAHRE.bed-399.fa/jaspar/meme_out/meme.xml",
          "/Users/filipov4/meme/db/motif_databases/JASPAR/JASPAR2018_CORE_non-redundant.meme"
        ],
        "options": {
          "strands": "both",
          "distance_measure": "pearson",
          "threshold_type": "evalue",
          "threshold_value": 1,
          "background_source": "file",
          "background_file": "results/AHRpeaks_oneAHRE.bed-399.fa/jaspar/background"
        },
        "alphabet": {
          "name": "DNA",
          "like": "dna",
          "ncore": 4,
          "symbols": [
            {
              "symbol": "A",
              "name": "Adenine",
              "colour": "CC0000",
              "complement": "T"
            }, {
              "symbol": "C",
              "name": "Cytosine",
              "colour": "0000CC",
              "complement": "G"
            }, {
              "symbol": "G",
              "name": "Guanine",
              "colour": "FFB300",
              "complement": "C"
            }, {
              "symbol": "T",
              "aliases": "U",
              "name": "Thymine",
              "colour": "008000",
              "complement": "A"
            }, {
              "symbol": "N",
              "aliases": "X.",
              "name": "Any base",
              "equals": "ACGT"
            }, {
              "symbol": "V",
              "name": "Not T",
              "equals": "ACG"
            }, {
              "symbol": "H",
              "name": "Not G",
              "equals": "ACT"
            }, {
              "symbol": "D",
              "name": "Not C",
              "equals": "AGT"
            }, {
              "symbol": "B",
              "name": "Not A",
              "equals": "CGT"
            }, {
              "symbol": "M",
              "name": "Amino",
              "equals": "AC"
            }, {
              "symbol": "R",
              "name": "Purine",
              "equals": "AG"
            }, {
              "symbol": "W",
              "name": "Weak",
              "equals": "AT"
            }, {
              "symbol": "S",
              "name": "Strong",
              "equals": "CG"
            }, {
              "symbol": "Y",
              "name": "Pyrimidine",
              "equals": "CT"
            }, {
              "symbol": "K",
              "name": "Keto",
              "equals": "GT"
            }
          ]
        },
        "background": [0.2732, 0.2268, 0.2268, 0.2732],
        "query_dbs": [
          {
            "source": "results/AHRpeaks_oneAHRE.bed-399.fa/jaspar/meme_out/meme.xml",
            "name": "meme",
            "loaded": 7,
            "excluded": 0,
            "last_modified": "Thu May 24 15:46:07 2018"
          }
        ],
        "target_dbs": [
          {
            "source": "/Users/filipov4/meme/db/motif_databases/JASPAR/JASPAR2018_CORE_non-redundant.meme",
            "name": "JASPAR2018 CORE non-redundant",
            "loaded": 1404,
            "excluded": 0,
            "last_modified": "Thu Dec  7 14:38:42 2017"
          }
        ],
        "queries": [
          {
            "db": 0,
            "id": "CYCYYYCTCCCC",
            "alt": "MEME-5",
            "len": 12,
            "nsites": 88,
            "evalue": "1.1e-009",
            "pwm": [
              [0.000310102, 0.726705, 0.102414, 0.170572], 
              [0.000310102, 0.567795, 0.000257435, 0.431638], 
              [0.0343624, 0.601847, 0.19322, 0.170572], 
              [0.170572, 0.431585, 0.000257435, 0.397586], 
              [0.0684147, 0.476989, 0.068362, 0.386236], 
              [0.000310102, 0.6586, 0.000257435, 0.340832], 
              [0.000310102, 0.976421, 0.000257435, 0.0230113], 
              [0.318131, 0.000257435, 0.000257435, 0.681354], 
              [0.000310102, 0.840212, 0.0910632, 0.0684147], 
              [0.000310102, 0.96507, 0.0343097, 0.000310102], 
              [0.0797648, 0.726705, 0.0116085, 0.181922], 
              [0.000310102, 0.772107, 0.000257435, 0.227325]
            ]
          }, {
            "db": 0,
            "id": "DCACGCA",
            "alt": "MEME-6",
            "len": 7,
            "nsites": 75,
            "evalue": "5.3e-004",
            "pwm": [
              [0.226729, 0.000301997, 0.399769, 0.3732], 
              [0.000363782, 0.99897, 0.000301997, 0.000363782], 
              [0.999032, 0.000301997, 0.000301997, 0.000363782], 
              [0.000363782, 0.99897, 0.000301997, 0.000363782], 
              [0.000363782, 0.000301997, 0.99897, 0.000363782], 
              [0.000363782, 0.99897, 0.000301997, 0.000363782], 
              [0.999032, 0.000301997, 0.000301997, 0.000363782]
            ]
          }, {
            "db": 0,
            "id": "GCCYCAGGC",
            "alt": "MEME-1",
            "len": 9,
            "nsites": 82,
            "evalue": "1.9e-019",
            "pwm": [
              [0.000332765, 0.15862, 0.682371, 0.158677], 
              [0.000332765, 0.999058, 0.000276249, 0.000332765], 
              [0.000332765, 0.852895, 0.000276249, 0.146496], 
              [0.000332765, 0.463127, 0.000276249, 0.536264], 
              [0.000332765, 0.962518, 0.0368167, 0.000332765], 
              [0.609346, 0.0489968, 0.0855383, 0.256119], 
              [0.000332765, 0.000276249, 0.999058, 0.000332765], 
              [0.000332765, 0.000276249, 0.999058, 0.000332765], 
              [0.000332765, 0.670191, 0.329143, 0.000332765]
            ]
          }, {
            "db": 0,
            "id": "GCTCACTGHWDCCWCYGCCTCCHGGRYTCM",
            "alt": "MEME-7",
            "len": 30,
            "nsites": 8,
            "evalue": "5.3e-003",
            "pwm": [
              [0.00337284, 0.0028, 0.743541, 0.250286], 
              [0.00337284, 0.990454, 0.0028, 0.00337284], 
              [0.12683, 0.0028, 0.0028, 0.86757], 
              [0.250286, 0.620084, 0.126257, 0.00337284], 
              [0.620657, 0.0028, 0.249714, 0.12683], 
              [0.12683, 0.866998, 0.0028, 0.00337284], 
              [0.00337284, 0.0028, 0.0028, 0.991027], 
              [0.00337284, 0.0028, 0.990454, 0.00337284], 
              [0.373743, 0.37317, 0.0028, 0.250286], 
              [0.4972, 0.126257, 0.0028, 0.373743], 
              [0.4972, 0.0028, 0.249714, 0.250286], 
              [0.12683, 0.743541, 0.126257, 0.00337284], 
              [0.00337284, 0.743541, 0.0028, 0.250286], 
              [0.373743, 0.0028, 0.0028, 0.620657], 
              [0.12683, 0.866998, 0.0028, 0.00337284], 
              [0.12683, 0.249714, 0.126257, 0.4972], 
              [0.250286, 0.126257, 0.620084, 0.00337284], 
              [0.00337284, 0.743541, 0.0028, 0.250286], 
              [0.00337284, 0.990454, 0.0028, 0.00337284], 
              [0.00337284, 0.0028, 0.0028, 0.991027], 
              [0.00337284, 0.743541, 0.0028, 0.250286], 
              [0.00337284, 0.990454, 0.0028, 0.00337284], 
              [0.250286, 0.37317, 0.0028, 0.373743], 
              [0.250286, 0.0028, 0.743541, 0.00337284], 
              [0.00337284, 0.126257, 0.866998, 0.00337284], 
              [0.250286, 0.126257, 0.496627, 0.12683], 
              [0.00337284, 0.37317, 0.126257, 0.4972], 
              [0.12683, 0.126257, 0.0028, 0.744114], 
              [0.00337284, 0.866998, 0.126257, 0.00337284], 
              [0.620657, 0.37317, 0.0028, 0.00337284]
            ]
          }, {
            "db": 0,
            "id": "RRYACTCARYAAATRTTTGYTGARTDAAW",
            "alt": "MEME-3",
            "len": 29,
            "nsites": 18,
            "evalue": "5.6e-016",
            "pwm": [
              [0.277753, 0.0565021, 0.498491, 0.167256], 
              [0.277753, 0.0565021, 0.55374, 0.112007], 
              [0.112007, 0.498491, 0.00125304, 0.38825], 
              [0.664493, 0.11175, 0.166999, 0.0567585], 
              [0.00150939, 0.885231, 0.00125304, 0.112007], 
              [0.00150939, 0.0565021, 0.00125304, 0.940735], 
              [0.00150939, 0.664237, 0.0565021, 0.277753], 
              [0.664493, 0.00125304, 0.11175, 0.222504], 
              [0.38825, 0.166999, 0.443242, 0.00150939], 
              [0.00150939, 0.387993, 0.00125304, 0.609244], 
              [0.995985, 0.00125304, 0.00125304, 0.00150939], 
              [0.995985, 0.00125304, 0.00125304, 0.00150939], 
              [0.940735, 0.00125304, 0.00125304, 0.0567585], 
              [0.00150939, 0.0565021, 0.00125304, 0.940735], 
              [0.609244, 0.00125304, 0.332744, 0.0567585], 
              [0.0567585, 0.00125304, 0.166999, 0.77499], 
              [0.00150939, 0.00125304, 0.00125304, 0.995985], 
              [0.0567585, 0.00125304, 0.166999, 0.77499], 
              [0.112007, 0.00125304, 0.885231, 0.00150939], 
              [0.0567585, 0.498491, 0.00125304, 0.443498], 
              [0.112007, 0.0565021, 0.0565021, 0.77499], 
              [0.0567585, 0.11175, 0.664237, 0.167256], 
              [0.553996, 0.11175, 0.11175, 0.222504], 
              [0.498747, 0.0565021, 0.332744, 0.112007], 
              [0.167256, 0.222247, 0.00125304, 0.609244], 
              [0.222504, 0.166999, 0.222247, 0.38825], 
              [0.664493, 0.11175, 0.166999, 0.0567585], 
              [0.609244, 0.00125304, 0.277496, 0.112007], 
              [0.333001, 0.0565021, 0.00125304, 0.609244]
            ]
          }, {
            "db": 0,
            "id": "TGYDTGTGTGTGTGTGYDTRTG",
            "alt": "MEME-2",
            "len": 22,
            "nsites": 32,
            "evalue": "5.5e-020",
            "pwm": [
              [0.125462, 0.000706542, 0.249928, 0.623904], 
              [0.00085109, 0.218775, 0.686065, 0.094309], 
              [0.00085109, 0.343386, 0.125317, 0.530446], 
              [0.250072, 0.15647, 0.343386, 0.250072], 
              [0.0320037, 0.000706542, 0.15647, 0.81082], 
              [0.125462, 0.000706542, 0.810675, 0.0631564], 
              [0.125462, 0.218775, 0.15647, 0.499293], 
              [0.094309, 0.0630118, 0.841828, 0.00085109], 
              [0.125462, 0.187622, 0.0318592, 0.655057], 
              [0.094309, 0.125317, 0.779523, 0.00085109], 
              [0.00085109, 0.000706542, 0.0318592, 0.966583], 
              [0.00085109, 0.000706542, 0.935286, 0.0631564], 
              [0.00085109, 0.218775, 0.0941645, 0.686209], 
              [0.0320037, 0.125317, 0.841828, 0.00085109], 
              [0.125462, 0.0630118, 0.000706542, 0.81082], 
              [0.125462, 0.000706542, 0.810675, 0.0631564], 
              [0.0320037, 0.592607, 0.000706542, 0.374683], 
              [0.34353, 0.0318592, 0.218775, 0.405836], 
              [0.156614, 0.15647, 0.0630118, 0.623904], 
              [0.405836, 0.000706542, 0.405691, 0.187767], 
              [0.00085109, 0.000706542, 0.0318592, 0.966583], 
              [0.094309, 0.125317, 0.62376, 0.156614]
            ]
          }, {
            "db": 0,
            "id": "WTKTHTTTTRTTTWTTTDYTTT",
            "alt": "MEME-4",
            "len": 22,
            "nsites": 34,
            "evalue": "1.6e-019",
            "pwm": [
              [0.352707, 0.000665103, 0.0299909, 0.616637], 
              [0.147429, 0.000665103, 0.0886413, 0.763265], 
              [0.0594527, 0.147293, 0.293921, 0.499335], 
              [0.000801173, 0.117967, 0.147293, 0.733939], 
              [0.294057, 0.205943, 0.147293, 0.352707], 
              [0.235405, 0.000665103, 0.000665103, 0.763265], 
              [0.000801173, 0.176619, 0.0299909, 0.79259], 
              [0.118103, 0.147293, 0.000665103, 0.733939], 
              [0.176755, 0.000665103, 0.000665103, 0.821915], 
              [0.440683, 0.176619, 0.235269, 0.147429], 
              [0.000801173, 0.000665103, 0.000665103, 0.997869], 
              [0.0301269, 0.117967, 0.205943, 0.645963], 
              [0.147429, 0.000665103, 0.0299909, 0.821915], 
              [0.264731, 0.000665103, 0.235269, 0.499335], 
              [0.000801173, 0.000665103, 0.0886413, 0.909892], 
              [0.000801173, 0.0886413, 0.000665103, 0.909892], 
              [0.000801173, 0.117967, 0.0593166, 0.821915], 
              [0.352707, 0.000665103, 0.264595, 0.382033], 
              [0.0301269, 0.616501, 0.000665103, 0.352707], 
              [0.206079, 0.0299909, 0.000665103, 0.763265], 
              [0.118103, 0.000665103, 0.0886413, 0.79259], 
              [0.0301269, 0.000665103, 0.147293, 0.821915]
            ]
          }
        ],
        "targets": [
          {
            "db": 0,
            "id": "MA0003.3",
            "alt": "TFAP2A",
            "len": 11,
            "nsites": 5308,
            "url": "http://jaspar2018.genereg.net/matrix/MA0003.3",
            "pwm": [
              [0.321401, 0.365295, 0.0521883, 0.261115], 
              [0.0249497, 0.176257, 0.790229, 0.00856299], 
              [5.14685e-06, 0.974472, 0.0255178, 5.14685e-06], 
              [5.14685e-06, 0.947852, 0.00196824, 0.0501742], 
              [0.00622103, 0.310038, 0.123942, 0.559799], 
              [0.10833, 0.50527, 0.30388, 0.0825206], 
              [0.68562, 0.187419, 0.116408, 0.0105529], 
              [0.154624, 0.0342286, 0.811143, 5.14685e-06], 
              [5.14685e-06, 0.00580916, 0.994181, 5.14685e-06], 
              [0.00578904, 0.881704, 0.108584, 0.00392307], 
              [0.351355, 0.15034, 0.243971, 0.254333]
            ]
          }, {
            "db": 0,
            "id": "MA0006.1",
            "alt": "Ahr::Arnt",
            "len": 6,
            "nsites": 24,
            "url": "http://jaspar2018.genereg.net/matrix/MA0006.1",
            "pwm": [
              [0.125615, 0.332891, 0.0839283, 0.457565], 
              [0.00113361, 0.000941079, 0.955298, 0.0426277], 
              [0.00113361, 0.955298, 0.000941079, 0.0426277], 
              [0.00113361, 0.000941079, 0.955298, 0.0426277], 
              [0.00113361, 0.000941079, 0.000941079, 0.996984], 
              [0.00113361, 0.000941079, 0.996792, 0.00113361]
            ]
          }, {
            "db": 0,
            "id": "MA0079.3",
            "alt": "SP1",
            "len": 11,
            "nsites": 8734,
            "url": "http://jaspar2018.genereg.net/matrix/MA0079.3",
            "pwm": [
              [0.098124, 0.204488, 0.489005, 0.208382], 
              [3.12797e-06, 0.711581, 0.0735078, 0.214908], 
              [0.011338, 0.767454, 2.59672e-06, 0.221205], 
              [3.12797e-06, 0.999991, 2.59672e-06, 3.12797e-06], 
              [3.12797e-06, 0.991633, 2.59672e-06, 0.00836103], 
              [0.1556, 2.59672e-06, 0.529422, 0.314976], 
              [3.12797e-06, 0.999991, 2.59672e-06, 3.12797e-06], 
              [3.12797e-06, 0.999991, 2.59672e-06, 3.12797e-06], 
              [3.12797e-06, 0.764707, 2.59672e-06, 0.235287], 
              [0.12068, 0.727839, 2.59672e-06, 0.151478], 
              [0.0746533, 0.568922, 0.0840406, 0.272384]
            ]
          }, {
            "db": 0,
            "id": "MA0377.1",
            "alt": "SFL1",
            "len": 21,
            "nsites": 999,
            "url": "http://jaspar2018.genereg.net/matrix/MA0377.1",
            "pwm": [
              [0.272272, 0.183187, 0.13014, 0.4144], 
              [0.368727, 0.262521, 0.124258, 0.244492], 
              [0.281562, 0.244487, 0.332654, 0.141296], 
              [0.382371, 0.256253, 0.117128, 0.244247], 
              [0.314625, 0.0982089, 0.349687, 0.237479], 
              [0.368358, 0.221222, 0.198201, 0.212218], 
              [0.727683, 0.0300497, 0.124134, 0.118134], 
              [0.127142, 0.178183, 0.10812, 0.586556], 
              [0.506484, 0.261258, 0.226226, 0.00603274], 
              [0.0180615, 0.0100417, 0.96185, 0.0100463], 
              [0.957847, 0.0160531, 0.0050322, 0.0210672], 
              [0.960853, 0.0090398, 0.0210626, 0.00904444], 
              [0.0220691, 0.047112, 0.807557, 0.123261], 
              [0.616583, 0.129139, 0.218219, 0.0360597], 
              [0.597162, 0.134278, 0.0360911, 0.232469], 
              [0.536046, 0.221444, 0.0481139, 0.194397], 
              [0.256515, 0.15632, 0.146301, 0.440865], 
              [0.492964, 0.0962051, 0.217436, 0.193395], 
              [0.431848, 0.06715, 0.0992108, 0.401791], 
              [0.369729, 0.123256, 0.146301, 0.360712], 
              [0.410217, 0.121375, 0.0722325, 0.396177]
            ]
          }, {
            "db": 0,
            "id": "MA0470.1",
            "alt": "E2F4",
            "len": 11,
            "nsites": 1878,
            "url": "http://jaspar2018.genereg.net/matrix/MA0470.1",
            "pwm": [
              [0.144842, 0.19702, 0.451532, 0.206607], 
              [0.0825452, 0.271563, 0.645878, 1.45466e-05], 
              [1.45466e-05, 0.00586876, 0.994102, 1.45466e-05], 
              [1.45466e-05, 0.999959, 1.2076e-05, 1.45466e-05], 
              [1.45466e-05, 1.2076e-05, 0.999959, 1.45466e-05], 
              [0.0143908, 0.116087, 0.869508, 1.45466e-05], 
              [0.00800112, 0.0218429, 0.970141, 1.45466e-05], 
              [0.960027, 1.2076e-05, 0.0399459, 1.45466e-05], 
              [0.667178, 1.2076e-05, 0.332795, 1.45466e-05], 
              [0.379121, 0.185838, 0.383379, 0.0516628], 
              [0.267838, 0.209266, 0.328004, 0.194892]
            ]
          }, {
            "db": 0,
            "id": "MA0471.1",
            "alt": "E2F6",
            "len": 11,
            "nsites": 2757,
            "url": "http://jaspar2018.genereg.net/matrix/MA0471.1",
            "pwm": [
              [0.294522, 0.0290242, 0.509965, 0.166489], 
              [0.160323, 0.147265, 0.692402, 9.90896e-06], 
              [9.90896e-06, 8.22604e-06, 0.999972, 9.90896e-06], 
              [0.243744, 0.708724, 8.22604e-06, 0.0475232], 
              [0.00254882, 8.22604e-06, 0.997433, 9.90896e-06], 
              [9.90896e-06, 8.22604e-06, 0.999972, 9.90896e-06], 
              [0.00726365, 0.0105268, 0.9822, 9.90896e-06], 
              [0.999974, 8.22604e-06, 8.22604e-06, 9.90896e-06], 
              [0.611522, 8.22604e-06, 0.38846, 9.90896e-06], 
              [0.358358, 0.164674, 0.411672, 0.0652955], 
              [0.279652, 0.256074, 0.329702, 0.134572]
            ]
          }, {
            "db": 0,
            "id": "MA0516.1",
            "alt": "SP2",
            "len": 15,
            "nsites": 1686,
            "url": "http://jaspar2018.genereg.net/matrix/MA0516.1",
            "pwm": [
              [0.0949096, 0.150064, 0.609704, 0.145322], 
              [0.0231468, 0.481005, 0.152436, 0.343412], 
              [0.0308564, 0.822029, 0.000606416, 0.146509], 
              [1.62031e-05, 0.995802, 0.0041652, 1.62031e-05], 
              [1.62031e-05, 0.974452, 1.34512e-05, 0.0255187], 
              [0.103213, 1.34512e-05, 0.759161, 0.137612], 
              [1.62031e-05, 0.999954, 1.34512e-05, 1.62031e-05], 
              [1.62031e-05, 0.982161, 1.34512e-05, 0.0178091], 
              [1.62031e-05, 0.657151, 1.34512e-05, 0.342819], 
              [0.122192, 0.709342, 1.34512e-05, 0.168452], 
              [0.0682212, 0.575898, 0.058729, 0.297152], 
              [0.110923, 0.328582, 0.192766, 0.367728], 
              [0.134053, 0.425255, 0.23784, 0.202851], 
              [0.135239, 0.470923, 0.241992, 0.151846], 
              [0.120412, 0.441861, 0.250296, 0.187431]
            ]
          }, {
            "db": 0,
            "id": "MA0524.2",
            "alt": "TFAP2C",
            "len": 12,
            "nsites": 5834,
            "url": "http://jaspar2018.genereg.net/matrix/MA0524.2",
            "pwm": [
              [0.220947, 0.244601, 0.052797, 0.481655], 
              [0.102765, 0.198151, 0.68281, 0.0162734], 
              [0.0106495, 0.887154, 0.0944363, 0.00775955], 
              [0.00401261, 0.974269, 0.00150686, 0.0202113], 
              [0.00634557, 0.615931, 0.0658128, 0.31191], 
              [0.0884502, 0.364071, 0.22746, 0.32002], 
              [0.412237, 0.248543, 0.291737, 0.0474839], 
              [0.379775, 0.0584429, 0.558863, 0.00291763], 
              [0.0270582, 0.00199585, 0.968286, 0.00266064], 
              [0.0165124, 0.110353, 0.867627, 0.00550759], 
              [0.0323241, 0.742325, 0.149129, 0.0762214], 
              [0.597354, 0.0666807, 0.177409, 0.158555]
            ]
          }, {
            "db": 0,
            "id": "MA0528.1",
            "alt": "ZNF263",
            "len": 21,
            "nsites": 15235,
            "url": "http://jaspar2018.genereg.net/matrix/MA0528.1",
            "pwm": [
              [0.155301, 0.0192334, 0.727138, 0.0983271], 
              [0.301674, 1.48867e-06, 0.698323, 1.79323e-06], 
              [0.729764, 1.48867e-06, 0.183919, 0.0863152], 
              [0.0297356, 1.48867e-06, 0.907052, 0.0632114], 
              [0.0663614, 0.11408, 0.816799, 0.00275878], 
              [0.913616, 0.0361683, 0.00282347, 0.0473925], 
              [0.102988, 0.0554001, 0.73856, 0.103053], 
              [0.101872, 0.0936669, 0.751622, 0.0528404], 
              [0.532522, 0.0635391, 0.361863, 0.0420755], 
              [0.336856, 0.101281, 0.462223, 0.0996401], 
              [0.203216, 0.070168, 0.621658, 0.104957], 
              [0.433081, 0.0387282, 0.441745, 0.0864472], 
              [0.27404, 0.0406972, 0.584376, 0.100887], 
              [0.269511, 0.106204, 0.5935, 0.0307856], 
              [0.521363, 0.0623571, 0.31375, 0.102528], 
              [0.250935, 6.74882e-05, 0.633998, 0.114999], 
              [0.205579, 1.48867e-06, 0.751162, 0.0432575], 
              [0.545124, 1.48867e-06, 0.38674, 0.0681343], 
              [0.343026, 0.0143764, 0.585689, 0.0569094], 
              [0.266951, 0.0426662, 0.6445, 0.0458825], 
              [0.476796, 0.0595351, 0.403084, 0.0605854]
            ]
          }, {
            "db": 0,
            "id": "MA0538.1",
            "alt": "daf-12",
            "len": 15,
            "nsites": 156,
            "url": "http://jaspar2018.genereg.net/matrix/MA0538.1",
            "pwm": [
              [0.141111, 0.128268, 0.72404, 0.00658091], 
              [0.455011, 0.000145292, 0.0834249, 0.461417], 
              [0.211578, 0.000145292, 0.788102, 0.000175016], 
              [0.147517, 0.333265, 0.0385827, 0.480636], 
              [0.000175016, 0.000145292, 0.999505, 0.000175016], 
              [0.000175016, 0.333265, 0.000145292, 0.666415], 
              [0.000175016, 0.000145292, 0.999505, 0.000175016], 
              [0.0962674, 0.160299, 0.0898318, 0.653602], 
              [0.000175016, 0.128268, 0.621542, 0.250015], 
              [0.00658091, 0.000145292, 0.000145292, 0.993129], 
              [0.000175016, 0.00655119, 0.986692, 0.00658091], 
              [0.000175016, 0.506231, 0.102644, 0.390951], 
              [0.205172, 0.000145292, 0.538262, 0.256421], 
              [0.109079, 0.128268, 0.179517, 0.583134], 
              [0.109079, 0.27561, 0.358889, 0.256421]
            ]
          }, {
            "db": 0,
            "id": "MA0558.1",
            "alt": "FLC",
            "len": 21,
            "nsites": 275,
            "url": "http://jaspar2018.genereg.net/matrix/MA0558.1",
            "pwm": [
              [0.439939, 0.160024, 0.163659, 0.236377], 
              [0.327253, 0.22182, 0.22909, 0.221837], 
              [0.345429, 0.134579, 0.0764187, 0.443574], 
              [0.298173, 0.0945931, 0.130944, 0.47629], 
              [0.283632, 0.0909584, 0.239995, 0.385414], 
              [0.196392, 0.701645, 0.0437026, 0.0582602], 
              [0.0328144, 0.672565, 0.0146222, 0.279998], 
              [0.49083, 0.254535, 0.134579, 0.120056], 
              [0.719838, 0.0364332, 0.138214, 0.105516], 
              [0.948845, 8.24428e-05, 0.0109875, 0.0400848], 
              [0.847064, 0.0109875, 0.0109875, 0.130961], 
              [0.701662, 0.0109875, 0.0655136, 0.221837], 
              [0.283632, 0.0400679, 0.0546076, 0.621691], 
              [0.51264, 8.24428e-05, 0.487178, 9.93093e-05], 
              [9.93093e-05, 8.24428e-05, 0.999719, 9.93093e-05], 
              [0.788903, 0.0764187, 0.0218925, 0.112785], 
              [0.97429, 0.0109875, 0.0146222, 9.93093e-05], 
              [0.934305, 0.00371712, 0.0546076, 0.00736967], 
              [0.225472, 0.15639, 0.538069, 0.0800702], 
              [0.396319, 0.170929, 0.061878, 0.370873], 
              [0.374508, 0.181834, 0.105499, 0.338158]
            ]
          }, {
            "db": 0,
            "id": "MA0583.1",
            "alt": "RAV1(var.2)",
            "len": 12,
            "nsites": 62,
            "url": "http://jaspar2018.genereg.net/matrix/MA0583.1",
            "pwm": [
              [0.354708, 0.193602, 0.161395, 0.290295], 
              [0.203238, 0.234363, 0.125164, 0.437235], 
              [0.123319, 0.752997, 0.0157254, 0.107959], 
              [0.614834, 0.0925246, 0.123244, 0.169398], 
              [0.0158002, 0.860516, 0.0464449, 0.0772391], 
              [0.000439936, 0.998755, 0.000365217, 0.000439936], 
              [0.000439936, 0.000365217, 0.000365217, 0.99883], 
              [0.000439936, 0.000365217, 0.998755, 0.000439936], 
              [0.436101, 0.127433, 0.345264, 0.0912025], 
              [0.222304, 0.277696, 0.333161, 0.166839], 
              [0.230837, 0.269163, 0.307562, 0.192438], 
              [0.174073, 0.434448, 0.108886, 0.282594]
            ]
          }, {
            "db": 0,
            "id": "MA0593.1",
            "alt": "FOXP2",
            "len": 11,
            "nsites": 766,
            "url": "http://jaspar2018.genereg.net/matrix/MA0593.1",
            "pwm": [
              [0.430788, 0.14753, 0.248039, 0.173642], 
              [0.443842, 0.00916641, 0.185384, 0.361607], 
              [0.208885, 2.96045e-05, 0.791049, 3.56611e-05], 
              [0.0770486, 2.96045e-05, 2.96045e-05, 0.922892], 
              [0.999905, 2.96045e-05, 2.96045e-05, 3.56611e-05], 
              [0.999905, 2.96045e-05, 2.96045e-05, 3.56611e-05], 
              [0.999905, 2.96045e-05, 2.96045e-05, 3.56611e-05], 
              [3.56611e-05, 0.988152, 2.96045e-05, 0.0117831], 
              [0.999905, 2.96045e-05, 2.96045e-05, 3.56611e-05], 
              [0.387713, 0.201047, 0.382487, 0.0287529], 
              [0.433399, 0.161888, 0.240207, 0.164505]
            ]
          }, {
            "db": 0,
            "id": "MA0599.1",
            "alt": "KLF5",
            "len": 10,
            "nsites": 13611,
            "url": "http://jaspar2018.genereg.net/matrix/MA0599.1",
            "pwm": [
              [0.10499, 0.148631, 0.556313, 0.190068], 
              [2.00718e-06, 0.874288, 1.66629e-06, 0.125708], 
              [2.00718e-06, 0.882223, 1.66629e-06, 0.117773], 
              [0.255455, 0.703031, 1.66629e-06, 0.0415127], 
              [2.00718e-06, 0.999994, 1.66629e-06, 2.00718e-06], 
              [0.371096, 1.66629e-06, 0.38072, 0.248182], 
              [2.00718e-06, 0.999994, 1.66629e-06, 2.00718e-06], 
              [2.00718e-06, 0.999994, 1.66629e-06, 2.00718e-06], 
              [2.00718e-06, 0.965023, 1.66629e-06, 0.0349738], 
              [0.287635, 0.411064, 1.66629e-06, 0.3013]
            ]
          }, {
            "db": 0,
            "id": "MA0757.1",
            "alt": "ONECUT3",
            "len": 14,
            "nsites": 6080,
            "url": "http://jaspar2018.genereg.net/matrix/MA0757.1",
            "pwm": [
              [0.466938, 0.168093, 0.228289, 0.13668], 
              [0.633382, 0.0623387, 0.187665, 0.116615], 
              [0.786538, 0.0354491, 0.0644267, 0.113586], 
              [0.801467, 0.0228084, 0.0147675, 0.160956], 
              [0.970615, 0.00447366, 0.0162875, 0.00862535], 
              [0.9907, 0.000818717, 0.00668462, 0.00179646], 
              [0.00514141, 0.0165395, 0.00225169, 0.976068], 
              [0.00376843, 0.994914, 0.000494722, 0.00082248], 
              [0.646369, 0.00327668, 0.34855, 0.00180446], 
              [0.993939, 0.000984714, 0.00147471, 0.00360143], 
              [0.00701238, 0.000981714, 0.00114471, 0.990862], 
              [0.905156, 0.0156355, 0.0278433, 0.0513656], 
              [0.59539, 0.141613, 0.0685886, 0.194409], 
              [0.306199, 0.209012, 0.104097, 0.380692]
            ]
          }, {
            "db": 0,
            "id": "MA0811.1",
            "alt": "TFAP2B",
            "len": 12,
            "nsites": 3179,
            "url": "http://jaspar2018.genereg.net/matrix/MA0811.1",
            "pwm": [
              [0.22523, 0.240013, 0.0566274, 0.478132], 
              [0.135515, 0.202864, 0.641044, 0.0205769], 
              [0.00660639, 0.911911, 0.0748758, 0.00660639], 
              [0.000319584, 0.989086, 7.1341e-06, 0.0105873], 
              [0.00346748, 0.645899, 0.0478046, 0.302829], 
              [0.0657505, 0.377158, 0.213589, 0.343502], 
              [0.407986, 0.256369, 0.279331, 0.0563138], 
              [0.400625, 0.066986, 0.53238, 8.59363e-06], 
              [0.0253208, 0.00519197, 0.96948, 8.59363e-06], 
              [0.0101593, 0.114407, 0.872134, 0.00330049], 
              [0.0230429, 0.795926, 0.121185, 0.0598467], 
              [0.579235, 0.0594393, 0.210693, 0.150633]
            ]
          }, {
            "db": 0,
            "id": "MA0812.1",
            "alt": "TFAP2B(var.2)",
            "len": 11,
            "nsites": 4549,
            "url": "http://jaspar2018.genereg.net/matrix/MA0812.1",
            "pwm": [
              [0.392171, 0.310396, 0.0510039, 0.246429], 
              [0.00780683, 0.131963, 0.853724, 0.00650686], 
              [6.00558e-06, 0.999104, 0.000883966, 6.00558e-06], 
              [6.00558e-06, 0.966212, 0.000216981, 0.0335653], 
              [0.00352393, 0.264731, 0.134567, 0.597179], 
              [0.126652, 0.467453, 0.329374, 0.0765213], 
              [0.765161, 0.133687, 0.0980678, 0.00308394], 
              [0.0490659, 0.000839967, 0.949671, 0.000423996], 
              [0.00131998, 0.00219494, 0.99626, 0.000225001], 
              [0.0101768, 0.919699, 0.0647086, 0.00541589], 
              [0.400525, 0.0815592, 0.252582, 0.265333]
            ]
          }, {
            "db": 0,
            "id": "MA0814.1",
            "alt": "TFAP2C(var.2)",
            "len": 11,
            "nsites": 7758,
            "url": "http://jaspar2018.genereg.net/matrix/MA0814.1",
            "pwm": [
              [0.354472, 0.295436, 0.072959, 0.277133], 
              [0.0199103, 0.104672, 0.866525, 0.00889241], 
              [3.52148e-06, 0.981268, 0.0187247, 3.52148e-06], 
              [0.000361517, 0.924764, 0.00393687, 0.0709376], 
              [0.0190853, 0.225761, 0.144019, 0.611136], 
              [0.144885, 0.37329, 0.370068, 0.111758], 
              [0.738037, 0.107905, 0.146836, 0.00722243], 
              [0.116671, 0.0095568, 0.871859, 0.0019145], 
              [3.52148e-06, 0.0137347, 0.986258, 3.52148e-06], 
              [0.0159143, 0.884983, 0.0869478, 0.0121554], 
              [0.387778, 0.0656201, 0.241073, 0.30553]
            ]
          }, {
            "db": 0,
            "id": "MA0846.1",
            "alt": "FOXC2",
            "len": 12,
            "nsites": 22189,
            "url": "http://jaspar2018.genereg.net/matrix/MA0846.1",
            "pwm": [
              [0.402856, 0.0576418, 0.0204619, 0.51904], 
              [0.698608, 0.0564198, 0.173935, 0.0710369], 
              [0.417611, 0.128451, 0.115629, 0.33831], 
              [0.305154, 0.0209219, 0.667457, 0.0064672], 
              [0.0755049, 0.142082, 0.012089, 0.770324], 
              [0.745914, 0.246463, 0.00317301, 0.00445021], 
              [0.974649, 0.0163909, 0.00386, 0.00509921], 
              [0.970303, 0.004982, 0.013235, 0.0114802], 
              [0.00150922, 0.70226, 0.00330901, 0.292921], 
              [0.969476, 0.004788, 0.015546, 0.0101912], 
              [0.54822, 0.0860516, 0.0705077, 0.295221], 
              [0.419896, 0.117625, 0.101166, 0.361314]
            ]
          }, {
            "db": 0,
            "id": "MA0938.1",
            "alt": "NAC058",
            "len": 8,
            "nsites": 1000,
            "url": "http://jaspar2018.genereg.net/matrix/MA0938.1",
            "pwm": [
              [0.36999, 0.12401, 0.343988, 0.162011], 
              [0.0949228, 0.673282, 0.0549622, 0.176833], 
              [0.912936, 0.0340193, 0.0220205, 0.0310242], 
              [0.257002, 0.693953, 0.0260201, 0.023025], 
              [0.0260247, 0.0380189, 0.907932, 0.0280245], 
              [0.1159, 0.692261, 0.0719435, 0.119895], 
              [0.627965, 0.244998, 0.0200207, 0.107017], 
              [0.76995, 0.0880139, 0.0260201, 0.116016]
            ]
          }, {
            "db": 0,
            "id": "MA0939.1",
            "alt": "NAC080",
            "len": 8,
            "nsites": 1000,
            "url": "http://jaspar2018.genereg.net/matrix/MA0939.1",
            "pwm": [
              [0.664961, 0.00102258, 0.222, 0.112016], 
              [0.00102622, 0.690264, 0.00102158, 0.307689], 
              [0.996931, 0.00102158, 0.00102158, 0.00102622], 
              [0.00102622, 0.996926, 0.00102158, 0.00102622], 
              [0.00102622, 0.00102158, 0.996926, 0.00102622], 
              [0.00102722, 0.854937, 0.00102258, 0.143013], 
              [0.783949, 0.0720155, 0.00102258, 0.143013], 
              [0.996931, 0.00102158, 0.00102158, 0.00102622]
            ]
          }, {
            "db": 0,
            "id": "MA1125.1",
            "alt": "ZNF384",
            "len": 12,
            "nsites": 30433,
            "url": "http://jaspar2018.genereg.net/matrix/MA1125.1",
            "pwm": [
              [0.310847, 0.162488, 0.185654, 0.341011], 
              [0.299543, 0.230835, 0.168666, 0.300956], 
              [0.312884, 0.113561, 0.153715, 0.41984], 
              [0.431274, 0.252719, 0.155128, 0.160878], 
              [0.997402, 0.000230744, 0.000427744, 0.00193989], 
              [0.992046, 0.00115074, 0.000624743, 0.00617888], 
              [0.988136, 0.000690743, 0.000854742, 0.0103189], 
              [0.994051, 0.000427744, 0.000493744, 0.00502788], 
              [0.992408, 0.000854742, 0.000460744, 0.00627688], 
              [0.999111, 0.000197745, 7.45241e-07, 0.000690895], 
              [0.667761, 0.0955544, 0.0909214, 0.145763], 
              [0.621561, 0.13022, 0.0952264, 0.152992]
            ]
          }, {
            "db": 0,
            "id": "MA1156.1",
            "alt": "JKD",
            "len": 20,
            "nsites": 596,
            "url": "http://jaspar2018.genereg.net/matrix/MA1156.1",
            "pwm": [
              [0.27349, 0.181216, 0.112435, 0.432859], 
              [0.270135, 0.166117, 0.120823, 0.442925], 
              [0.271812, 0.169473, 0.132566, 0.426148], 
              [0.295298, 0.105725, 0.125856, 0.47312], 
              [0.243294, 0.117468, 0.124178, 0.51506], 
              [0.139284, 0.0503656, 0.0520423, 0.758308], 
              [0.0101111, 0.0402993, 0.0218464, 0.927742], 
              [4.58312e-05, 0.00842564, 0.00674792, 0.98478], 
              [4.58312e-05, 0.0168142, 3.80473e-05, 0.983102], 
              [4.58312e-05, 3.80473e-05, 0.99987, 4.58312e-05], 
              [4.58312e-05, 3.80473e-05, 0.0218464, 0.97807], 
              [0.0184987, 0.946188, 3.80473e-05, 0.0352749], 
              [0.0520501, 0.104048, 0.555314, 0.288588], 
              [0.0151443, 0.0335894, 0.0704962, 0.88077], 
              [0.0956678, 0.166117, 0.0570755, 0.68114], 
              [0.145994, 3.80473e-05, 3.80473e-05, 0.85393], 
              [0.22484, 0.0453324, 0.0134588, 0.716369], 
              [0.119154, 0.382524, 0.32381, 0.174514], 
              [0.0788916, 0.22651, 0.0654631, 0.629135], 
              [0.239939, 0.0923046, 0.35065, 0.317107]
            ]
          }, {
            "db": 0,
            "id": "MA1157.1",
            "alt": "NUC",
            "len": 20,
            "nsites": 570,
            "url": "http://jaspar2018.genereg.net/matrix/MA1157.1",
            "pwm": [
              [0.243865, 0.18071, 0.152645, 0.422781], 
              [0.247373, 0.182464, 0.157907, 0.412257], 
              [0.264913, 0.191234, 0.145628, 0.398224], 
              [0.298242, 0.135104, 0.147382, 0.419272], 
              [0.222816, 0.133349, 0.149137, 0.494698], 
              [0.122833, 0.0824813, 0.0737109, 0.720974], 
              [0.0140805, 0.0579246, 0.0333669, 0.894628], 
              [4.79214e-05, 0.00881024, 0.0140723, 0.97707], 
              [4.79214e-05, 0.0140723, 3.97825e-05, 0.98584], 
              [4.79214e-05, 3.97825e-05, 0.999864, 4.79214e-05], 
              [4.79214e-05, 3.97825e-05, 0.00881024, 0.991102], 
              [4.79214e-05, 0.999864, 3.97825e-05, 4.79214e-05], 
              [0.0316214, 0.0894981, 0.668344, 0.210537], 
              [0.00531, 0.0333669, 0.0579246, 0.903398], 
              [0.110555, 0.156152, 0.0807276, 0.652565], 
              [0.12985, 3.97825e-05, 0.00530186, 0.864808], 
              [0.259651, 0.0719572, 0.0263512, 0.64204], 
              [0.0982767, 0.321036, 0.354364, 0.226324], 
              [0.0421455, 0.259643, 0.0965139, 0.601696], 
              [0.229833, 0.0947602, 0.398216, 0.277192]
            ]
          }, {
            "db": 0,
            "id": "MA1158.1",
            "alt": "MGP",
            "len": 20,
            "nsites": 594,
            "url": "http://jaspar2018.genereg.net/matrix/MA1158.1",
            "pwm": [
              [0.314808, 0.341732, 0.084199, 0.259261], 
              [0.611054, 0.084199, 0.234006, 0.0707411], 
              [0.240746, 0.308067, 0.311434, 0.139753], 
              [0.6767, 0.0252869, 0.084199, 0.213815], 
              [0.861854, 3.81754e-05, 0.00340461, 0.134703], 
              [0.708681, 0.0438018, 0.122913, 0.124604], 
              [0.929183, 0.0353862, 0.0337025, 0.0017297], 
              [0.257579, 0.637978, 0.0875654, 0.0168782], 
              [4.59855e-05, 3.81754e-05, 0.99987, 4.59855e-05], 
              [0.998194, 3.81754e-05, 0.00172189, 4.59855e-05], 
              [4.59855e-05, 0.99987, 3.81754e-05, 4.59855e-05], 
              [0.972946, 3.81754e-05, 0.0269696, 4.59855e-05], 
              [0.988095, 0.00508833, 0.00677104, 4.59855e-05], 
              [0.952748, 0.0151876, 0.0269696, 0.00509614], 
              [0.814724, 0.0471682, 0.0320198, 0.106089], 
              [0.536993, 0.134696, 0.0942983, 0.234014], 
              [0.479763, 0.129646, 0.114497, 0.276094], 
              [0.452832, 0.12123, 0.188558, 0.23738], 
              [0.432633, 0.134696, 0.158261, 0.274411], 
              [0.442732, 0.114497, 0.175093, 0.267678]
            ]
          }, {
            "db": 0,
            "id": "MA1159.1",
            "alt": "SGR5",
            "len": 15,
            "nsites": 600,
            "url": "http://jaspar2018.genereg.net/matrix/MA1159.1",
            "pwm": [
              [0.488297, 0.210003, 0.0666937, 0.235006], 
              [0.571617, 0.095022, 0.26666, 0.0667014], 
              [0.566618, 0.0800245, 0.193339, 0.160019], 
              [0.721592, 3.77937e-05, 0.0733586, 0.205011], 
              [0.516626, 0.0267003, 0.0450303, 0.411644], 
              [0.809911, 0.0366987, 0.153345, 4.55257e-05], 
