<!DOCTYPE HTML>
<html>
  <head>
    <meta charset="UTF-8">
    <title>SpaMo - Spaced Motif Analysis</title>
    <script type="text/javascript">
      //@JSON_VAR data
      var data = {"program":"SpaMo","version":"4.12.0","revision":"aacc9c3eb8c7b460b344d5c8aa1458097dae704d","release":"Tue Jun 27 16:22:50 2017 -0700","host":"Sudins-iMac.local","when":"Thu May 24 14:29:31 2018","cmd":["spamo","-verbosity","1","-oc","results/AHRpeaks_not-in-DHSs.bed-399.fa/hocomoco/spamo_out_3","-bgfile","results/AHRpeaks_not-in-DHSs.bed-399.fa/hocomoco/background","-primary","CTYAGGCWMRVATTTCAYBVCCMWGRACHC","results/AHRpeaks_not-in-DHSs.bed-399.fa/hocomoco/AHRpeaks_not-in-DHSs.bed-399.fa","results/AHRpeaks_not-in-DHSs.bed-399.fa/hocomoco/meme_out/meme.xml","results/AHRpeaks_not-in-DHSs.bed-399.fa/hocomoco/meme_out/meme.xml","/Users/filipov4/meme/db/motif_databases/HUMAN/HOCOMOCOv11_full_HUMAN_mono_meme_format.meme"],"options":{"seq_min_hit_score":7,"margin":150,"bin_size":1,"bin_pvalue_calc_range":150,"use_best_secondary":0,"seq_max_shared_fract":0.5,"seq_odds_ratio":20,"bin_pvalue_cutoff":0.05,"motif_evalue_cutoff":10,"redundant_overlap":2,"redundant_joint":0.5,"motif_pseudocount":0.1,"bgfile":"results/AHRpeaks_not-in-DHSs.bed-399.fa/hocomoco/background","motif_trim":0.25,"xalph":0,"seed":1,"bin_max":3},"alphabet":{"name":"DNA","like":"dna","ncore":4,"symbols":[{"symbol":"A","name":"Adenine","colour":"CC0000","complement":"T"},{"symbol":"C","name":"Cytosine","colour":"0000CC","complement":"G"},{"symbol":"G","name":"Guanine","colour":"FFB300","complement":"C"},{"symbol":"T","aliases":"U","name":"Thymine","colour":"008000","complement":"A"},{"symbol":"N","aliases":"X.","name":"Any base","equals":"ACGT"},{"symbol":"V","name":"Not T","equals":"ACG"},{"symbol":"H","name":"Not G","equals":"ACT"},{"symbol":"D","name":"Not C","equals":"AGT"},{"symbol":"B","name":"Not A","equals":"CGT"},{"symbol":"M","name":"Amino","equals":"AC"},{"symbol":"R","name":"Purine","equals":"AG"},{"symbol":"W","name":"Weak","equals":"AT"},{"symbol":"S","name":"Strong","equals":"CG"},{"symbol":"Y","name":"Pyrimidine","equals":"CT"},{"symbol":"K","name":"Keto","equals":"GT"}]},"background":[0.2917,0.2083,0.2083,0.2917],"sequence_dbs":[{"source":"results/AHRpeaks_not-in-DHSs.bed-399.fa/hocomoco/AHRpeaks_not-in-DHSs.bed-399.fa","name":"AHRpeaks_not-in-DHSs.bed-399","last_modified":"Thu May 24 11:14:35 2018","loaded":56,"excluded_too_short":0,"excluded_no_match":47,"excluded_ambigs":0,"excluded_similar":0,"erased_primary_matches":0}],"primary_dbs":[{"source":"results/AHRpeaks_not-in-DHSs.bed-399.fa/hocomoco/meme_out/meme.xml","name":"meme.xml","last_modified":"Thu May 24 14:29:04 2018","loaded":6,"excluded":5}],"secondary_dbs":[{"source":"results/AHRpeaks_not-in-DHSs.bed-399.fa/hocomoco/meme_out/meme.xml","name":"meme.xml","last_modified":"Thu May 24 14:29:04 2018","loaded":7,"excluded":1},{"source":"/Users/filipov4/meme/db/motif_databases/HUMAN/HOCOMOCOv11_full_HUMAN_mono_meme_format.meme","name":"HOCOMOCOv11_full_HUMAN_mono_meme_format","last_modified":"Wed Dec  6 21:59:30 2017","loaded":771,"excluded":0}],"secondary_motifs":[{"db":0,"id":"AAARRRYTKDTGCAYGAVMAMAGRAASAG","alt":"MEME-2","len":29,"ltrim":0,"rtrim":0,"nsites":9,"evalue":"2.6e-008","pwm":[[0.882326,0.00228901,0.00228901,0.113095],[0.772436,0.00228901,0.00228901,0.222985],[0.882326,0.112179,0.00228901,0.00320549],[0.332875,0.00228901,0.66163,0.00320549],[0.332875,0.00228901,0.66163,0.00320549],[0.442765,0.112179,0.331959,0.113095],[0.00320549,0.441849,0.112179,0.442765],[0.00320549,0.112179,0.00228901,0.882326],[0.00320549,0.00228901,0.441849,0.552656],[0.222985,0.112179,0.222069,0.442765],[0.00320549,0.00228901,0.222069,0.772436],[0.113095,0.00228901,0.77152,0.113095],[0.00320549,0.77152,0.222069,0.00320549],[0.882326,0.112179,0.00228901,0.00320549],[0.00320549,0.441849,0.00228901,0.552656],[0.113095,0.00228901,0.88141,0.00320549],[0.552656,0.222069,0.222069,0.00320549],[0.332875,0.331959,0.331959,0.00320549],[0.662546,0.331959,0.00228901,0.00320549],[0.882326,0.00228901,0.112179,0.00320549],[0.662546,0.331959,0.00228901,0.00320549],[0.772436,0.00228901,0.222069,0.00320549],[0.00320549,0.00228901,0.88141,0.113095],[0.442765,0.112179,0.331959,0.113095],[0.662546,0.222069,0.00228901,0.113095],[0.992216,0.00228901,0.00228901,0.00320549],[0.00320549,0.55174,0.441849,0.00320549],[0.772436,0.00228901,0.222069,0.00320549],[0.00320549,0.222069,0.77152,0.00320549]]},{"db":0,"id":"AAGCAAATRCAATARAAACAAASATAA","alt":"MEME-1","len":27,"ltrim":0,"rtrim":0,"nsites":7,"evalue":"2.1e-012","pwm":[[0.849179,0.00293381,0.00293381,0.144953],[0.708334,0.284624,0.00293381,0.00410845],[0.144953,0.00293381,0.707159,0.144953],[0.00410845,0.848004,0.143779,0.00410845],[0.990024,0.00293381,0.00293381,0.00410845],[0.849179,0.00293381,0.143779,0.00410845],[0.849179,0.00293381,0.143779,0.00410845],[0.144953,0.00293381,0.00293381,0.849179],[0.426643,0.00293381,0.425469,0.144953],[0.144953,0.848004,0.00293381,0.00410845],[0.990024,0.00293381,0.00293381,0.00410845],[0.990024,0.00293381,0.00293381,0.00410845],[0.144953,0.00293381,0.00293381,0.849179],[0.849179,0.143779,0.00293381,0.00410845],[0.426643,0.143779,0.284624,0.144953],[0.990024,0.00293381,0.00293381,0.00410845],[0.849179,0.00293381,0.143779,0.00410845],[0.849179,0.00293381,0.143779,0.00410845],[0.00410845,0.848004,0.143779,0.00410845],[0.990024,0.00293381,0.00293381,0.00410845],[0.990024,0.00293381,0.00293381,0.00410845],[0.990024,0.00293381,0.00293381,0.00410845],[0.144953,0.284624,0.566315,0.00410845],[0.990024,0.00293381,0.00293381,0.00410845],[0.285798,0.00293381,0.00293381,0.708334],[0.990024,0.00293381,0.00293381,0.00410845],[0.990024,0.00293381,0.00293381,0.00410845]]},{"db":0,"id":"AATTRAGTSCCAGCTA","alt":"MEME-4","len":16,"ltrim":0,"rtrim":0,"nsites":6,"evalue":"2.3e-002","pwm":[[0.824454,0.00341476,0.00341476,0.168717],[0.988389,0.00341476,0.00341476,0.00478196],[0.00478196,0.00341476,0.00341476,0.988389],[0.00478196,0.16735,0.00341476,0.824454],[0.66052,0.00341476,0.331283,0.00478196],[0.496585,0.16735,0.16735,0.168717],[0.00478196,0.00341476,0.987021,0.00478196],[0.00478196,0.00341476,0.00341476,0.988389],[0.00478196,0.659153,0.331283,0.00478196],[0.00478196,0.987021,0.00341476,0.00478196],[0.00478196,0.987021,0.00341476,0.00478196],[0.824454,0.00341476,0.00341476,0.168717],[0.00478196,0.00341476,0.987021,0.00478196],[0.00478196,0.823087,0.16735,0.00478196],[0.00478196,0.00341476,0.00341476,0.988389],[0.988389,0.00341476,0.00341476,0.00478196]]},{"db":1,"id":"ARX_HUMAN.H11MO.0.D","len":13,"ltrim":1,"rtrim":1,"nsites":623,"evalue":"1.0e+000","url":"http://hocomoco.autosome.ru/motif/ARX_HUMAN.H11MO.0.D","pwm":[[0.15448,0.2815,0.154443,0.409576],[0.0597562,0.0575877,0.0565101,0.826146],[0.964913,0.00488245,0.0167118,0.0134925],[0.972726,0.00407428,0.018035,0.00516523],[0.00408767,0.0793607,0.0062294,0.910322],[0.000316204,0.406138,0.0261167,0.567429],[0.000316204,0.25856,0.00138038,0.739743],[0.942015,0.00138038,0.0552108,0.00139376],[0.996923,0.00030282,0.00030282,0.00247132],[0.000854984,0.0008416,0.0008416,0.997462],[0.017264,0.00111099,0.00111099,0.980514],[0.74583,0.0825636,0.0836412,0.0879648],[0.312979,0.166536,0.370076,0.15041]]},{"db":1,"id":"CEBPE_HUMAN.H11MO.0.A","len":12,"ltrim":0,"rtrim":1,"nsites":812,"evalue":"1.0e+000","url":"http://hocomoco.autosome.ru/motif/CEBPE_HUMAN.H11MO.0.A","pwm":[[0.11229,0.107031,0.201586,0.579093],[3.59192e-05,2.56496e-05,0.0992336,0.900705],[0.227299,2.56496e-05,0.46549,0.307186],[0.047433,0.570534,0.218066,0.163967],[0.0859568,2.56496e-05,0.913982,3.59192e-05],[0.320883,0.445732,0.000705458,0.232679],[0.846997,0.151404,0.00156328,3.59192e-05],[0.999913,2.56496e-05,2.56496e-05,3.59192e-05],[3.59192e-05,0.1497,0.0107568,0.839507],[0.264579,0.485646,0.0407413,0.209033],[0.212993,0.0703395,0.180691,0.535977],[0.112941,0.311437,0.205293,0.370329]]},{"db":1,"id":"DMBX1_HUMAN.H11MO.0.D","len":20,"ltrim":3,"rtrim":2,"nsites":29,"evalue":"1.0e+000","url":"http://hocomoco.autosome.ru/motif/DMBX1_HUMAN.H11MO.0.D","pwm":[[0.172824,0.27563,0.138173,0.413374],[0.421965,0.284221,0.1124,0.181415],[0.430556,0.292812,0.155355,0.121277],[0.207188,0.138173,0.103809,0.550831],[0.413374,0.0350801,0.0350801,0.516466],[0.516466,0.0350801,0.0350801,0.413374],[0.310281,0.103809,0.0350801,0.550831],[0.550831,0.172537,0.0350801,0.241552],[0.585195,0.103809,0.0350801,0.275916],[0.138459,0.309994,0.172537,0.379009],[0.104095,0.619273,0.0350801,0.241552],[0.0010024,0.447451,0.0694443,0.482102],[0.757016,0.0350801,0.138173,0.0697309],[0.894473,0.0350801,0.0694443,0.0010024],[0.0010024,0.0350801,0.000715808,0.963202],[0.0010024,0.000715808,0.000715808,0.997566],[0.997566,0.000715808,0.000715808,0.0010024],[0.619559,0.138173,0.138173,0.104095],[0.0955041,0.232675,0.335767,0.336054],[0.241552,0.103809,0.241266,0.413374]]},{"db":1,"id":"ETV3_HUMAN.H11MO.0.D","len":14,"ltrim":0,"rtrim":0,"nsites":12,"evalue":"1.0e+000","url":"http://hocomoco.autosome.ru/motif/ETV3_HUMAN.H11MO.0.D","pwm":[[0.209022,0.0430438,0.290978,0.456956],[0.415634,0.167011,0.167011,0.250345],[0.250345,0.497589,0.0843661,0.1677],[0.415634,0.00172149,0.414945,0.1677],[0.1677,0.00172149,0.0843661,0.746212],[0.1677,0.00172149,0.167011,0.663568],[0.00241074,0.0843661,0.0843661,0.828857],[0.1677,0.0843661,0.745523,0.00241074],[0.00241074,0.828168,0.0843661,0.0850554],[0.828857,0.00172149,0.167011,0.00241074],[0.00241074,0.828168,0.0843661,0.0850554],[0.00241074,0.249655,0.167011,0.580923],[0.0850554,0.00172149,0.167011,0.746212],[0.00241074,0.580234,0.167011,0.250345]]},{"db":1,"id":"EVX2_HUMAN.H11MO.0.A","len":13,"ltrim":2,"rtrim":2,"nsites":500,"evalue":"1.0e+000","url":"http://hocomoco.autosome.ru/motif/EVX2_HUMAN.H11MO.0.A","pwm":[[0.164026,0.176006,0.361969,0.297999],[0.116035,0.182005,0.208,0.49396],[0.0120559,0.0100397,0.0140389,0.963866],[0.0140555,0.00804005,4.16517e-05,0.977863],[0.0280527,0.0220373,0.0280361,0.921874],[0.983862,0.0100397,0.00404085,0.00205793],[0.00405753,0.0580301,4.16517e-05,0.937871],[0.0460491,0.00604045,0.495942,0.451968],[0.385981,4.16517e-05,0.60592,0.00805673],[0.0460491,0.735894,0.10602,0.112036],[0.156027,0.413959,0.0480321,0.381982],[0.128033,0.30798,0.196002,0.367985],[0.14203,0.249992,0.190004,0.417975]]},{"db":1,"id":"FOXB1_HUMAN.H11MO.0.D","len":17,"ltrim":1,"rtrim":1,"nsites":7038,"evalue":"1.0e+000","url":"http://hocomoco.autosome.ru/motif/FOXB1_HUMAN.H11MO.0.D","pwm":[[0.219282,0.162615,0.422576,0.195527],[0.0892769,0.143925,0.225753,0.541045],[0.353901,0.384066,0.161097,0.100935],[0.803094,0.0550288,0.0564861,0.0853907],[0.724187,0.0823594,0.029969,0.163485],[0.00346527,0.00334264,0.0160942,0.977098],[0.646658,0.000944143,0.349995,0.00240264],[0.0134236,0.000670896,0.00929335,0.976612],[0.0133629,0.000245846,0.0268419,0.959549],[0.00294914,0.000519093,0.279352,0.717179],[0.960035,0.000488732,0.038379,0.00109713],[0.0031313,0.897339,0.010781,0.0887487],[0.774926,0.0141814,0.0334909,0.177402],[0.0308203,0.143761,0.0300905,0.795328],[0.717604,0.0169746,0.0435707,0.22185],[0.573755,0.0628194,0.2564,0.107026],[0.123906,0.357173,0.327128,0.191793]]},{"db":1,"id":"FOXC2_HUMAN.H11MO.0.D","len":15,"ltrim":0,"rtrim":0,"nsites":5,"evalue":"1.0e+000","url":"http://hocomoco.autosome.ru/motif/FOXC2_HUMAN.H11MO.0.D","pwm":[[0.0582406,0.0566053,0.616829,0.268325],[0.215804,0.214168,0.00408432,0.565944],[0.0057196,0.214168,0.00408432,0.776028],[0.0057196,0.00408432,0.00408432,0.986112],[0.215804,0.00408432,0.774392,0.0057196],[0.0057196,0.00408432,0.00408432,0.986112],[0.0057196,0.00408432,0.00408432,0.986112],[0.215804,0.00408432,0.214168,0.565944],[0.35586,0.00408432,0.00408432,0.635972],[0.0057196,0.354224,0.634336,0.0057196],[0.215804,0.424252,0.00408432,0.35586],[0.0057196,0.634336,0.00408432,0.35586],[0.986112,0.00408432,0.00408432,0.0057196],[0.0057196,0.14414,0.84442,0.0057196],[0.478409,0.0566053,0.266689,0.198297]]},{"db":1,"id":"FOXD3_HUMAN.H11MO.0.D","len":15,"ltrim":2,"rtrim":3,"nsites":465,"evalue":"1.0e+000","url":"http://hocomoco.autosome.ru/motif/FOXD3_HUMAN.H11MO.0.D","pwm":[[0.157018,0.176351,0.298905,0.367726],[0.118317,0.217202,0.266654,0.397827],[0.135517,0.00649501,0.0559467,0.802041],[0.0387641,0.0688472,0.872975,0.0194134],[0.092516,0.0516466,0.0365961,0.819241],[0.036614,0.111849,0.0494965,0.802041],[0.0538146,4.47861e-05,0.0946481,0.851493],[0.339775,0.200002,0.225803,0.234421],[0.0581147,0.599916,0.062397,0.279573],[0.294623,0.202152,0.0408962,0.462329],[0.109717,0.223653,0.0709973,0.595634],[0.404277,0.0473464,0.14625,0.402127],[0.230121,0.14195,0.42791,0.20002],[0.101116,0.363408,0.348357,0.187119],[0.356975,0.292455,0.111849,0.238721]]},{"db":1,"id":"FOXG1_HUMAN.H11MO.0.D","len":17,"ltrim":1,"rtrim":0,"nsites":310,"evalue":"1.0e+000","url":"http://hocomoco.autosome.ru/motif/FOXG1_HUMAN.H11MO.0.D","pwm":[[0.358379,0.152229,0.184553,0.304838],[0.150409,0.111037,0.121197,0.617357],[0.0332519,0.0359942,0.0297147,0.901039],[0.102429,0.0200175,0.857509,0.0200444],[9.40664e-05,0.00320694,0.00948646,0.987213],[9.40664e-05,6.71719e-05,0.231864,0.767975],[0.00341911,6.71719e-05,0.0926127,0.903901],[0.687433,0.164261,0.108497,0.0398094],[0.0396241,0.353223,0.0255559,0.581597],[0.309128,0.0957524,0.292271,0.302849],[0.191094,0.0709948,0.118647,0.619264],[0.366395,0.0569535,0.178498,0.398153],[0.0616462,0.0549692,0.0200613,0.863323],[0.313884,0.0397311,0.316256,0.330129],[0.0491335,0.0747806,0.088266,0.78782],[0.238744,0.0549229,0.0785688,0.627764],[0.082891,0.134397,0.197017,0.585694]]},{"db":1,"id":"FOXJ2_HUMAN.H11MO.0.C","len":10,"ltrim":0,"rtrim":0,"nsites":41,"evalue":"1.0e+000","url":"http://hocomoco.autosome.ru/motif/FOXJ2_HUMAN.H11MO.0.C","pwm":[[0.000709732,0.0241957,0.000506813,0.974588],[0.308666,0.000506813,0.64274,0.0480876],[0.000709732,0.000506813,0.0241957,0.974588],[0.000709732,0.000506813,0.000506813,0.998277],[0.000709732,0.000506813,0.000506813,0.998277],[0.548187,0.000506813,0.450596,0.000709732],[0.000709732,0.19265,0.000506813,0.806133],[0.119154,0.216339,0.000506813,0.664],[0.000709732,0.0241957,0.237396,0.737698],[0.465276,0.083418,0.130796,0.32051]]},{"db":1,"id":"FOXK1_HUMAN.H11MO.0.A","len":10,"ltrim":0,"rtrim":0,"nsites":500,"evalue":"1.0e+000","url":"http://hocomoco.autosome.ru/motif/FOXK1_HUMAN.H11MO.0.A","pwm":[[0.0200543,0.00804005,0.0100397,0.961866],[0.0760431,0.0200377,0.895862,0.00805673],[0.00605713,0.0860245,0.0200377,0.887881],[0.00205793,0.0100397,0.100022,0.887881],[0.0200543,0.0200377,0.166008,0.7939],[0.49196,0.251991,0.0620293,0.19402],[0.0240535,0.65591,0.0400337,0.280002],[0.303998,0.233995,0.11002,0.351988],[0.154028,0.211999,0.150012,0.483962],[0.116035,0.227996,0.144013,0.511956]]},{"db":1,"id":"FOXM1_HUMAN.H11MO.0.A","len":12,"ltrim":0,"rtrim":2,"nsites":500,"evalue":"1.0e+000","url":"http://hocomoco.autosome.ru/motif/FOXM1_HUMAN.H11MO.0.A","pwm":[[0.0560471,0.0240369,0.0340349,0.885881],[0.252008,0.0220373,0.715898,0.0100563],[0.0260531,0.0300357,0.0560305,0.887881],[5.83283e-05,0.0680281,0.0620293,0.869884],[0.00205793,0.00204125,0.0720273,0.923874],[0.319994,0.0540309,0.587924,0.0380507],[0.0740435,0.745892,0.0180381,0.162026],[0.246009,0.16001,0.0380341,0.555947],[0.0480487,0.289984,0.142013,0.519954],[0.359986,0.0380341,0.0280361,0.573944],[0.108037,0.16001,0.445952,0.286001],[0.166025,0.341973,0.25799,0.234012]]},{"db":1,"id":"FOXO1_HUMAN.H11MO.0.A","len":12,"ltrim":3,"rtrim":1,"nsites":500,"evalue":"1.0e+000","url":"http://hocomoco.autosome.ru/motif/FOXO1_HUMAN.H11MO.0.A","pwm":[[0.186021,0.16001,0.25999,0.39398],[0.0960391,0.30998,0.25599,0.337991],[0.0600463,0.451951,0.253991,0.234012],[0.0400503,0.477946,0.170008,0.311996],[0.00605713,0.0120393,0.0140389,0.967865],[0.0320519,0.0340349,0.917858,0.0160551],[0.00405753,0.186004,0.0160385,0.7939],[0.0100563,0.0300357,0.0620293,0.897879],[0.0120559,0.0400337,0.221997,0.725913],[0.403978,0.223997,0.0520313,0.319994],[0.00605713,0.691903,0.0520313,0.250008],[0.226013,0.263989,0.176006,0.333992]]},{"db":1,"id":"FOXP1_HUMAN.H11MO.0.A","len":9,"ltrim":0,"rtrim":0,"nsites":295,"evalue":"1.0e+000","url":"http://hocomoco.autosome.ru/motif/FOXP1_HUMAN.H11MO.0.A","pwm":[[0.0577064,0.139007,0.176282,0.627005],[0.0136536,0.281331,0.311829,0.393186],[0.00687621,0.0204027,0.0305687,0.942152],[0.0204309,0.0407348,0.840464,0.0983706],[9.88478e-05,0.017014,0.0576782,0.925209],[0.00687621,0.0949537,0.0407348,0.857435],[0.0102649,0.0136253,0.0813989,0.894711],[0.525345,0.345716,0.0373461,0.0915933],[0.0170423,0.484652,0.0102366,0.488069]]},{"db":1,"id":"GATA1_HUMAN.H11MO.1.A","len":11,"ltrim":2,"rtrim":2,"nsites":500,"evalue":"1.0e+000","url":"http://hocomoco.autosome.ru/motif/GATA1_HUMAN.H11MO.1.A","pwm":[[0.345989,0.116018,0.303981,0.234012],[0.152028,0.441953,0.30598,0.100038],[0.699918,0.0140389,0.00804005,0.278003],[5.83283e-05,4.16517e-05,0.997842,0.00205793],[0.999858,4.16517e-05,4.16517e-05,5.83283e-05],[0.00605713,0.00804005,4.16517e-05,0.985861],[0.969864,0.00804005,0.00604045,0.0160551],[0.921874,0.00404085,0.0580301,0.0160551],[0.14003,0.174007,0.663909,0.0220539],[0.371984,0.200002,0.339974,0.0880407],[0.33999,0.215998,0.321977,0.122034]]},{"db":1,"id":"GATA3_HUMAN.H11MO.0.A","len":11,"ltrim":2,"rtrim":1,"nsites":500,"evalue":"1.0e+000","url":"http://hocomoco.autosome.ru/motif/GATA3_HUMAN.H11MO.0.A","pwm":[[0.447969,0.0920233,0.253991,0.206017],[0.347989,0.303981,0.261989,0.0860411],[0.777903,0.00604045,0.00804005,0.208017],[0.0100563,0.00404085,0.985844,5.83283e-05],[0.987861,0.00404085,0.00604045,0.00205793],[0.146029,0.0100397,0.0400337,0.803898],[0.921874,0.0160385,0.0420333,0.0200543],[0.867885,0.00204125,0.0940229,0.0360511],[0.329992,0.223997,0.403961,0.0420499],[0.557947,0.120018,0.25599,0.0660451],[0.44397,0.0800257,0.223997,0.252008]]},{"db":1,"id":"HMGA1_HUMAN.H11MO.0.D","len":7,"ltrim":1,"rtrim":0,"nsites":94,"evalue":"1.0e+000","url":"http://hocomoco.autosome.ru/motif/HMGA1_HUMAN.H11MO.0.D","pwm":[[0.260617,0.180522,0.35425,0.204612],[0.316907,0.0836566,0.00022136,0.599215],[0.847235,0.0402246,0.00022136,0.112319],[0.000309989,0.00022136,0.00022136,0.999247],[0.0208831,0.0105079,0.00022136,0.968388],[0.239186,0.0619406,0.0939432,0.60493],[0.205184,0.112516,0.117088,0.565212]]},{"db":1,"id":"HXA11_HUMAN.H11MO.0.D","len":13,"ltrim":0,"rtrim":3,"nsites":2642,"evalue":"1.0e+000","url":"http://hocomoco.autosome.ru/motif/HXA11_HUMAN.H11MO.0.D","pwm":[[0.263532,0.0682301,0.0500628,0.618175],[0.56547,0.0912232,0.0575379,0.285769],[0.663972,0.132194,0.0617959,0.142038],[0.555535,0.174396,0.101726,0.168343],[0.343677,0.165028,0.217638,0.273657],[0.112422,0.0526176,0.0715419,0.763419],[1.10405e-05,7.88389e-06,0.000764858,0.999216],[1.10405e-05,0.000386371,7.88389e-06,0.999595],[0.299016,7.88389e-06,0.00114334,0.699833],[0.982468,0.00559056,0.00634754,0.00559372],[0.142795,0.304784,0.114027,0.438393],[0.133144,0.13087,0.499516,0.236471],[0.403762,0.136169,0.288699,0.171371]]},{"db":1,"id":"HXC8_HUMAN.H11MO.0.D","len":14,"ltrim":1,"rtrim":2,"nsites":9,"evalue":"1.0e+000","url":"http://hocomoco.autosome.ru/motif/HXC8_HUMAN.H11MO.0.D","pwm":[[0.167115,0.277323,0.166198,0.389364],[0.00320549,0.00228901,0.224539,0.769967],[0.00320549,0.113414,0.00228901,0.881092],[0.103218,0.335664,0.557913,0.00320549],[0.892204,0.00228901,0.00228901,0.103218],[0.225455,0.00228901,0.00228901,0.769967],[0.214343,0.00228901,0.00228901,0.781079],[0.436592,0.00228901,0.446788,0.11433],[0.992216,0.00228901,0.00228901,0.00320549],[0.11433,0.113414,0.113414,0.658842],[0.225455,0.00228901,0.446788,0.325468],[0.214343,0.446788,0.335664,0.00320549],[0.11433,0.435676,0.335664,0.11433],[0.169893,0.491238,0.168976,0.169893]]},{"db":1,"id":"HXD8_HUMAN.H11MO.0.D","len":11,"ltrim":1,"rtrim":3,"nsites":278,"evalue":"1.0e+000","url":"http://hocomoco.autosome.ru/motif/HXD8_HUMAN.H11MO.0.D","pwm":[[0.294963,0.154696,0.100758,0.449583],[0.55566,0.196048,0.0773852,0.170907],[0.726462,0.0288415,0.0252457,0.21945],[0.00280176,0.0207509,0.0243467,0.952101],[0.341709,7.49012e-05,0.0216499,0.636567],[0.309346,0.00367073,7.49012e-05,0.686908],[0.125959,0.0108624,0.765986,0.0971923],[0.0117913,0.964656,0.0117613,0.0117913],[0.443291,0.191553,0.184361,0.180795],[0.19428,0.215825,0.190654,0.399242],[0.343507,0.203239,0.196048,0.257207]]},{"db":1,"id":"IRF7_HUMAN.H11MO.0.C","len":10,"ltrim":0,"rtrim":0,"nsites":40,"evalue":"1.0e+000","url":"http://hocomoco.autosome.ru/motif/IRF7_HUMAN.H11MO.0.C","pwm":[[0.215291,0.0644622,0.658419,0.0618282],[0.895925,0.102828,0.000519452,0.000727431],[0.998234,0.000519452,0.000519452,0.000727431],[0.895925,0.0260965,0.000519452,0.0774587],[0.103036,0.352915,0.415437,0.128613],[0.0234626,0.401227,0.153982,0.421328],[0.245131,0.0488317,0.679733,0.0263045],[0.921502,0.000519452,0.0260965,0.0518816],[0.793617,0.205136,0.000519452,0.000727431],[0.668573,0.000519452,0.0772507,0.253656]]},{"db":1,"id":"IRF9_HUMAN.H11MO.0.C","len":12,"ltrim":0,"rtrim":0,"nsites":5,"evalue":"1.0e+000","url":"http://hocomoco.autosome.ru/motif/IRF9_HUMAN.H11MO.0.C","pwm":[[0.215804,0.00408432,0.774392,0.0057196],[0.986112,0.00408432,0.00408432,0.0057196],[0.986112,0.00408432,0.00408432,0.0057196],[0.986112,0.00408432,0.00408432,0.0057196],[0.0057196,0.214168,0.564308,0.215804],[0.192461,0.610994,0.00408432,0.192461],[0.0057196,0.00408432,0.797735,0.192461],[0.986112,0.00408432,0.00408432,0.0057196],[0.986112,0.00408432,0.00408432,0.0057196],[0.986112,0.00408432,0.00408432,0.0057196],[0.0057196,0.610994,0.00408432,0.379202],[0.0057196,0.00408432,0.190826,0.79937]]},{"db":1,"id":"LEF1_HUMAN.H11MO.0.A","len":14,"ltrim":1,"rtrim":1,"nsites":456,"evalue":"1.0e+000","url":"http://hocomoco.autosome.ru/motif/LEF1_HUMAN.H11MO.0.A","pwm":[[0.0768015,0.260953,0.274108,0.388137],[0.0329515,0.635871,0.184216,0.146962],[0.017604,0.708224,0.0132007,0.260972],[0.122844,0.0460882,0.0197782,0.81129],[0.00225646,0.138173,0.0351257,0.824445],[0.00225646,0.0132007,0.0329332,0.95161],[0.043914,0.425391,0.519669,0.0110265],[0.456104,0.138173,0.0153932,0.390329],[0.278512,0.166676,0.157906,0.396907],[0.285089,0.190793,0.201756,0.322362],[0.0417215,0.129403,0.149136,0.679739],[0.039529,0.311381,0.383733,0.265357],[0.116267,0.460471,0.0899382,0.333324],[0.313592,0.221488,0.103093,0.361827]]},{"db":1,"id":"LHX8_HUMAN.H11MO.0.D","len":18,"ltrim":1,"rtrim":1,"nsites":9043,"evalue":"1.0e+000","url":"http://hocomoco.autosome.ru/motif/LHX8_HUMAN.H11MO.0.D","pwm":[[0.187328,0.402187,0.179476,0.231008],[0.307337,0.203279,0.435942,0.0534418],[0.0274827,0.530628,0.0706086,0.371281],[0.000556133,0.000997537,0.00044463,0.998002],[0.594932,0.00044463,0.40462,3.22566e-06],[0.999218,0.000334048,0.00044463,3.22566e-06],[0.000113807,0.000112885,2.30342e-06,0.999771],[0.000113807,0.00331975,0.00376208,0.992804],[0.510226,0.000112885,0.489215,0.000445552],[0.0548793,0.626474,0.297273,0.0213731],[0.410675,0.257409,0.145942,0.185974],[0.533089,0.194045,0.145279,0.127587],[0.218899,0.151886,0.064969,0.564246],[0.132978,0.19258,0.0519203,0.622522],[0.602756,0.0721844,0.119071,0.205989],[0.612597,0.0609051,0.108013,0.218485],[0.23756,0.0963465,0.124324,0.54177],[0.226142,0.125623,0.160346,0.487889]]},{"db":1,"id":"MAFG_HUMAN.H11MO.0.A","len":18,"ltrim":1,"rtrim":0,"nsites":430,"evalue":"1.0e+000","url":"http://hocomoco.autosome.ru/motif/MAFG_HUMAN.H11MO.0.A","pwm":[[0.395325,0.127926,0.309279,0.167471],[0.492976,0.0488743,0.188377,0.269773],[0.597603,0.0116736,0.0860749,0.304648],[0.495301,0.0395741,0.0372491,0.427875],[0.255822,0.262778,0.209302,0.272098],[0.0581938,0.0721247,0.00934859,0.860333],[6.78214e-05,4.84306e-05,0.999816,6.78214e-05],[0.0302934,0.962615,0.00237347,0.0047179],[0.0047179,0.00934859,4.84306e-05,0.985885],[6.78214e-05,4.84306e-05,0.992841,0.00704294],[0.99751,4.84306e-05,0.00237347,6.78214e-05],[0.0209932,0.553408,0.413906,0.011693],[0.0488937,0.030274,0.0139987,0.906834],[0.0837693,0.813813,0.0511993,0.0512187],[0.813832,4.84306e-05,0.109325,0.0767942],[0.0302934,4.84306e-05,0.837063,0.132595],[0.0163431,0.899839,0.0721247,0.011693],[0.709205,0.0442242,0.100025,0.146545]]},{"db":1,"id":"MAFK_HUMAN.H11MO.0.A","len":18,"ltrim":1,"rtrim":0,"nsites":431,"evalue":"1.0e+000","url":"http://hocomoco.autosome.ru/motif/MAFK_HUMAN.H11MO.0.A","pwm":[[0.482554,0.113711,0.25521,0.148525],[0.50807,0.074277,0.225054,0.192598],[0.584619,0.0394823,0.0696377,0.306261],[0.519669,0.0487609,0.0325234,0.399047],[0.296983,0.201858,0.157784,0.343375],[0.0510999,0.0371627,0.00700726,0.90473],[6.76641e-05,0.00932691,0.990538,6.76641e-05],[0.0626981,0.932547,4.83183e-05,0.00470696],[0.00702661,0.0116466,4.83183e-05,0.981279],[0.00934625,0.00236797,0.965022,0.0232641],[0.972,0.00236797,0.00236797,0.0232641],[0.0325427,0.431503,0.480215,0.0557392],[0.0858946,0.0209251,0.0162859,0.876894],[0.0951732,0.800327,0.0278841,0.076616],[0.83978,0.00468761,0.081236,0.0742964],[0.0255838,0.0487609,0.630992,0.294663],[0.0487803,0.742335,0.141547,0.0673374],[0.610135,0.139227,0.0997932,0.150845]]},{"db":1,"id":"NANOG_HUMAN.H11MO.0.A","len":17,"ltrim":1,"rtrim":1,"nsites":499,"evalue":"1.0e+000","url":"http://hocomoco.autosome.ru/motif/NANOG_HUMAN.H11MO.0.A","pwm":[[0.128289,0.258507,0.280547,0.332657],[0.0441378,0.486918,0.178363,0.290581],[0.0882171,0.510961,0.070168,0.330654],[0.30661,0.0441211,0.0601499,0.589119],[0.0120801,0.0601499,0.0421175,0.885653],[0.0681811,0.00805616,0.0381103,0.885653],[0.110257,0.248489,0.589102,0.0521522],[0.376736,0.0421175,0.0361067,0.545039],[0.230473,0.260511,0.192388,0.316628],[0.807512,0.034103,0.0401139,0.118271],[0.0681811,0.014067,0.0300958,0.887656],[0.0261053,0.0180742,0.811502,0.144318],[0.0281089,0.635185,0.116251,0.220455],[0.681285,0.0320994,0.0160706,0.270545],[0.663252,0.0501319,0.240475,0.0461414],[0.805508,0.0481283,0.0681644,0.0781991],[0.140311,0.150312,0.200402,0.508974]]},{"db":1,"id":"NFAT5_HUMAN.H11MO.0.D","len":11,"ltrim":2,"rtrim":2,"nsites":500,"evalue":"1.0e+000","url":"http://hocomoco.autosome.ru/motif/NFAT5_HUMAN.H11MO.0.D","pwm":[[0.363986,0.150012,0.353971,0.132032],[0.278003,0.208,0.449952,0.0640455],[0.431972,0.0440329,0.30998,0.214016],[0.0160551,0.0120393,0.963849,0.00805673],[0.0160551,0.00604045,0.973847,0.00405753],[0.963866,0.0120393,0.00404085,0.0200543],[0.957867,0.0100397,0.0320353,5.83283e-05],[0.611936,0.0220373,0.349972,0.0160551],[0.401978,0.0560305,0.367968,0.174024],[0.274004,0.122017,0.361969,0.24201],[0.24201,0.154011,0.30798,0.295999]]},{"db":1,"id":"PBX3_HUMAN.H11MO.0.A","len":11,"ltrim":0,"rtrim":1,"nsites":420,"evalue":"1.0e+000","url":"http://hocomoco.autosome.ru/motif/PBX3_HUMAN.H11MO.0.A","pwm":[[0.18574,0.06432,0.150014,0.599927],[0.040536,0.0190927,0.933161,0.00721059],[0.949843,0.00957113,0.0214731,0.0191125],[0.071481,0.261892,0.326162,0.340465],[0.116708,0.0905042,0.245229,0.547558],[0.0381556,0.0357554,0.890314,0.0357752],[0.580884,0.0524181,0.361868,0.00483021],[0.0429164,0.880792,0.0190927,0.0571987],[0.545178,0.0167123,0.340445,0.0976652],[0.0571987,0.104787,0.685601,0.152414],[0.0952849,0.342825,0.426139,0.135751]]},{"db":1,"id":"PO3F1_HUMAN.H11MO.0.C","len":14,"ltrim":1,"rtrim":1,"nsites":15,"evalue":"1.0e+000","url":"http://hocomoco.autosome.ru/motif/PO3F1_HUMAN.H11MO.0.C","pwm":[[0.324779,0.342289,0.279074,0.0538583],[0.588928,0.00137947,0.249724,0.159969],[0.0922388,0.00137947,0.046533,0.859849],[0.0922388,0.00137947,0.3897,0.516682],[0.0696621,0.299393,0.51613,0.114816],[0.390252,0.00137947,0.00137947,0.606989],[0.602474,0.00137947,0.0826558,0.313491],[0.950156,0.00137947,0.00137947,0.0470853],[0.0621365,0.0164306,0.0615842,0.859849],[0.0922388,0.046533,0.814143,0.0470853],[0.0621365,0.784041,0.151891,0.00193179],[0.597958,0.00137947,0.181994,0.218669],[0.585917,0.046533,0.106738,0.260812],[0.43089,0.0871712,0.213601,0.268338]]},{"db":1,"id":"PO5F1_HUMAN.H11MO.0.A","len":16,"ltrim":0,"rtrim":0,"nsites":500,"evalue":"1.0e+000","url":"http://hocomoco.autosome.ru/motif/PO5F1_HUMAN.H11MO.0.A","pwm":[[0.0520479,0.519938,0.194003,0.234012],[0.0740435,0.529936,0.0800257,0.315995],[0.38998,0.0440329,0.0400337,0.525953],[0.0200543,0.0640289,0.0240369,0.89188],[0.0720439,0.0220373,0.0280361,0.877883],[0.104038,0.313979,0.515938,0.0660451],[0.379982,0.0360345,0.0320353,0.551948],[0.176023,0.249992,0.100022,0.473964],[0.883882,0.0200377,0.0320353,0.0640455],[0.0140555,0.00204125,0.0160385,0.967865],[0.0120559,0.00804005,0.921857,0.0580467],[0.0140555,0.75989,0.0940229,0.132032],[0.7899,0.0200377,0.0300357,0.160026],[0.619934,0.0600297,0.253991,0.0660451],[0.829892,0.0360345,0.0680281,0.0660451],[0.160026,0.138014,0.122017,0.579942]]},{"db":1,"id":"PO5F1_HUMAN.H11MO.1.A","len":10,"ltrim":0,"rtrim":1,"nsites":484,"evalue":"1.0e+000","url":"http://hocomoco.autosome.ru/motif/PO5F1_HUMAN.H11MO.1.A","pwm":[[0.446249,0.0516853,0.173561,0.328505],[0.297519,0.297502,0.0888677,0.316111],[0.908963,0.0578823,0.0062401,0.0269142],[0.0537682,0.0145029,0.0413568,0.890372],[0.0145201,0.0206999,0.958523,0.00625732],[0.0145201,0.871764,0.0950647,0.0186515],[0.840796,0.026897,0.0826706,0.0496368],[0.400804,0.283042,0.225203,0.0909506],[0.762299,0.0702765,0.0806049,0.0868192],[0.167381,0.177692,0.206612,0.448315]]},{"db":1,"id":"PO6F2_HUMAN.H11MO.0.D","len":11,"ltrim":2,"rtrim":1,"nsites":1298,"evalue":"1.0e+000","url":"http://hocomoco.autosome.ru/motif/PO6F2_HUMAN.H11MO.0.D","pwm":[[0.195408,0.176203,0.418636,0.209753],[0.318087,0.173535,0.151399,0.356978],[0.0205472,0.0234213,0.0158031,0.940228],[0.999434,1.60465e-05,0.000527763,2.24713e-05],[0.997065,1.60465e-05,0.0023849,0.000534188],[2.24713e-05,1.60465e-05,0.00596691,0.993995],[0.00290304,1.60465e-05,0.362018,0.635063],[0.976943,0.00542213,0.00491041,0.0127248],[0.0241292,0.0215642,0.940544,0.0137626],[0.067122,0.441548,0.349917,0.141413],[0.182099,0.218062,0.128098,0.471742]]},{"db":1,"id":"PPARG_HUMAN.H11MO.1.A","len":9,"ltrim":0,"rtrim":0,"nsites":500,"evalue":"1.0e+000","url":"http://hocomoco.autosome.ru/motif/PPARG_HUMAN.H11MO.1.A","pwm":[[0.0220539,0.775886,0.152011,0.0500483],[0.953868,0.00804005,4.16517e-05,0.0380507],[0.573944,0.0140389,0.401961,0.0100563],[0.873884,4.16517e-05,0.122017,0.00405753],[0.0520479,4.16517e-05,0.937854,0.0100563],[0.0600463,0.0120393,0.765888,0.162026],[0.0440495,0.0920233,0.293983,0.569944],[0.128033,0.617918,0.126016,0.128033],[0.885881,0.0420333,0.0200377,0.0520479]]},{"db":1,"id":"SOX2_HUMAN.H11MO.1.A","len":16,"ltrim":1,"rtrim":0,"nsites":500,"evalue":"1.0e+000","url":"http://hocomoco.autosome.ru/motif/SOX2_HUMAN.H11MO.1.A","pwm":[[0.0780427,0.271987,0.267988,0.381982],[0.0280527,0.631915,0.150012,0.19002],[0.0340515,0.677906,0.0180381,0.270004],[0.381982,0.0440329,0.0140389,0.559946],[0.00205793,0.0160385,0.00604045,0.975863],[0.00805673,4.16517e-05,0.00404085,0.987861],[0.0520479,0.233995,0.695902,0.0180547],[0.198019,0.00804005,0.0180381,0.775903],[0.132032,0.279986,0.176006,0.411976],[0.507957,0.200002,0.0440329,0.248009],[0.0620459,0.0600297,0.0340349,0.84389],[0.0160551,0.190004,0.589924,0.204018],[0.0600463,0.533935,0.10602,0.299998],[0.525953,0.10602,0.0960225,0.272004],[0.421974,0.140014,0.245992,0.19202],[0.631932,0.116018,0.0620293,0.19002]]},{"db":1,"id":"TBP_HUMAN.H11MO.0.A","len":10,"ltrim":0,"rtrim":0,"nsites":149,"evalue":"1.0e+000","url":"http://hocomoco.autosome.ru/motif/TBP_HUMAN.H11MO.0.A","pwm":[[0.281886,0.543399,0.154399,0.0203164],[0.047144,0.0873295,0.0873295,0.778197],[0.811732,0.000139705,0.0470881,0.141041],[0.047144,0.0470881,0.0403812,0.865387],[0.85868,0.0605019,0.0403812,0.0404371],[0.711128,0.0336742,0.0269673,0.228231],[0.77149,0.0202604,0.19464,0.0136095],[0.59711,0.00684661,0.154399,0.241644],[0.395903,0.0336742,0.496451,0.0739716],[0.0739716,0.308657,0.570227,0.047144]]},{"db":1,"id":"TEAD1_HUMAN.H11MO.0.A","len":12,"ltrim":0,"rtrim":3,"nsites":500,"evalue":"1.0e+000","url":"http://hocomoco.autosome.ru/motif/TEAD1_HUMAN.H11MO.0.A","pwm":[[0.483962,0.0280361,0.429956,0.0580467],[0.19402,0.75989,0.0400337,0.00605713],[0.977863,0.0120393,0.00204125,0.00805673],[0.00405753,0.00804005,0.00204125,0.985861],[0.0480487,0.00604045,0.0700277,0.875883],[0.00405753,0.931855,0.0360345,0.0280527],[0.00805673,0.899862,0.00404085,0.0880407],[0.533952,0.0420333,0.0140389,0.409976],[0.176023,0.136014,0.543933,0.14403],[0.162026,0.385964,0.337974,0.114036],[0.24001,0.485944,0.176006,0.0980387],[0.429972,0.194003,0.116018,0.260006]]},{"db":1,"id":"TEAD4_HUMAN.H11MO.0.A","len":13,"ltrim":0,"rtrim":5,"nsites":500,"evalue":"1.0e+000","url":"http://hocomoco.autosome.ru/motif/TEAD4_HUMAN.H11MO.0.A","pwm":[[0.519954,0.0180381,0.397962,0.0640455],[0.284002,0.649912,0.0560305,0.0100563],[0.963866,0.0100397,0.00604045,0.0200543],[0.0160551,0.0180381,0.0100397,0.955867],[0.0440495,0.0180381,0.0700277,0.867885],[0.0200543,0.933855,0.0180381,0.0280527],[0.00205793,0.843873,0.00604045,0.148029],[0.423974,0.0620293,0.0220373,0.49196],[0.156027,0.140014,0.513939,0.19002],[0.238011,0.192003,0.427956,0.14203],[0.282002,0.375966,0.233995,0.108037],[0.467965,0.202001,0.124017,0.206017],[0.160026,0.170008,0.263989,0.405977]]},{"db":1,"id":"Z354A_HUMAN.H11MO.0.C","len":24,"ltrim":1,"rtrim":0,"nsites":496,"evalue":"1.0e+000","url":"http://hocomoco.autosome.ru/motif/Z354A_HUMAN.H11MO.0.C","pwm":[[0.471738,0.0746237,0.262086,0.191552],[0.0766563,0.114938,0.0584979,0.749908],[0.0323104,0.120985,0.0584979,0.788206],[0.0403733,0.233866,0.0645451,0.661216],[0.508021,0.199599,0.108891,0.18349],[0.256056,0.0907495,0.479784,0.173411],[0.250008,0.141143,0.169363,0.439486],[0.0685934,0.53824,0.0645451,0.328622],[0.0585148,0.792221,0.0262464,0.123018],[0.572524,0.151221,0.0766394,0.199615],[0.0726248,0.114938,0.036325,0.776112],[0.0141689,0.0201992,0.0302778,0.935354],[0.020216,0.120985,0.0484193,0.810379],[0.582603,0.252007,0.0927652,0.0726248],[0.042389,0.628947,0.0262464,0.302417],[0.628964,0.100828,0.125017,0.145191],[0.0383575,0.0988124,0.0806709,0.782159],[0.0645619,0.0887338,0.0544665,0.792238],[0.0363418,0.195567,0.0524508,0.71564],[0.677342,0.0806709,0.135095,0.106892],[0.485848,0.100828,0.185488,0.227835],[0.0625462,0.0322935,0.0766394,0.828521],[0.118986,0.102844,0.681356,0.0968135],[0.153254,0.11897,0.0826866,0.64509]]},{"db":1,"id":"ZN214_HUMAN.H11MO.0.C","len":22,"ltrim":1,"rtrim":0,"nsites":264,"evalue":"1.0e+000","url":"http://hocomoco.autosome.ru/motif/ZN214_HUMAN.H11MO.0.C","pwm":[[0.257589,0.204547,0.117459,0.420406],[0.208365,0.545327,0.0985264,0.147782],[0.306812,0.511249,0.102313,0.0796258],[0.303026,0.060662,0.0303704,0.605942],[0.00768334,0.132604,0.060662,0.79905],[0.0379749,0.257557,0.20076,0.503708],[0.0871987,0.3295,0.0644484,0.518853],[0.0228291,0.09474,0.253771,0.62866],[0.386328,0.0568755,0.507462,0.0493342],[0.499921,0.0190111,0.219693,0.261375],[0.0266156,0.0114382,0.651347,0.310599],[0.0379749,0.424161,0.496103,0.0417613],[0.291667,0.549113,0.102313,0.0569071],[0.344677,0.359791,0.0303704,0.265162],[0.102344,0.272703,0.178042,0.446911],[0.030402,0.0758078,0.060662,0.833128],[0.00768334,0.280276,0.0530891,0.658952],[0.155355,0.166682,0.655134,0.0228291],[0.814196,0.0720213,0.0455162,0.0682665],[0.0531207,0.0303704,0.109886,0.806623],[0.098558,0.0758078,0.639988,0.185646],[0.632447,0.128818,0.0682349,0.1705]]},{"db":1,"id":"ZN341_HUMAN.H11MO.1.C","len":9,"ltrim":0,"rtrim":1,"nsites":500,"evalue":"1.0e+000","url":"http://hocomoco.autosome.ru/motif/ZN341_HUMAN.H11MO.1.C","pwm":[[0.184022,0.0200377,0.779886,0.0160551],[0.0480487,0.0640289,0.841873,0.0460491],[0.919874,0.0300357,0.0500317,5.83283e-05],[0.897879,0.0100397,0.0860245,0.00605713],[0.0720439,0.55793,0.321977,0.0480487],[0.883882,0.0320353,0.0420333,0.0420499],[0.00605713,0.00404085,0.977846,0.0120559],[0.0560471,0.921857,0.0140389,0.00805673],[0.174024,0.50594,0.132015,0.188021]]},{"db":1,"id":"ZN418_HUMAN.H11MO.1.D","len":12,"ltrim":2,"rtrim":0,"nsites":500,"evalue":"1.0e+000","url":"http://hocomoco.autosome.ru/motif/ZN418_HUMAN.H11MO.1.D","pwm":[[0.19002,0.122017,0.273987,0.413976],[0.208017,0.192003,0.40996,0.19002],[0.224014,0.164009,0.104021,0.507957],[0.124034,4.16517e-05,0.0920233,0.783902],[0.0340515,0.0240369,0.939854,0.00205793],[0.24401,0.647912,0.0180381,0.0900403],[0.00605713,0.100022,4.16517e-05,0.89388],[0.00205793,0.0320353,0.0180381,0.947869],[0.0200543,0.503941,0.0240369,0.451968],[0.0160551,0.323977,0.0240369,0.635931],[0.551948,0.00404085,0.393963,0.0500483],[0.00605713,0.0160385,0.643913,0.333992]]},{"db":1,"id":"ZN547_HUMAN.H11MO.0.C","len":20,"ltrim":0,"rtrim":0,"nsites":405,"evalue":"1.0e+000","url":"http://hocomoco.autosome.ru/motif/ZN547_HUMAN.H11MO.0.C","pwm":[[0.140778,0.118541,0.125946,0.614735],[0.0667222,0.0987925,0.760358,0.0741278],[0.0370999,0.851693,0.00251995,0.108687],[0.27161,0.0815128,0.0815128,0.565365],[0.701133,0.165443,0.0938554,0.0395684],[0.910958,0.0296737,0.0444849,0.0148832],[0.150652,0.21975,0.0346108,0.594987],[0.00500906,0.054359,0.560407,0.380225],[0.00254053,0.987462,0.00251995,0.00747759],[0.409847,0.162974,0.0642331,0.362945],[0.25433,0.0272052,0.659148,0.0593166],[0.0148832,0.913406,0.0197996,0.0519111],[0.787532,0.0963239,0.0148626,0.101282],[0.325917,0.101261,0.52091,0.0519111],[0.227176,0.0741072,0.602372,0.0963445],[0.106219,0.804791,0.0346108,0.0543796],[0.627078,0.0815128,0.182722,0.108687],[0.155589,0.239498,0.202471,0.402442],[0.432064,0.0642331,0.392547,0.111156],[0.0494425,0.804791,0.0815128,0.0642537]]},{"db":1,"id":"ZN549_HUMAN.H11MO.0.C","len":20,"ltrim":0,"rtrim":1,"nsites":500,"evalue":"1.0e+000","url":"http://hocomoco.autosome.ru/motif/ZN549_HUMAN.H11MO.0.C","pwm":[[0.578443,0.0605296,0.0625292,0.298499],[0.134531,0.118518,0.190504,0.556447],[0.0545474,0.134515,0.0665284,0.744409],[0.0445494,0.734395,0.0145388,0.206517],[0.956367,0.0105396,0.0125392,0.0205542],[0.0725438,0.0345348,0.236494,0.656427],[0.0585466,0.182505,0.616418,0.14253],[0.622434,0.124517,0.176506,0.076543],[0.722414,0.0325352,0.180506,0.0645454],[0.104537,0.336474,0.0345348,0.524453],[0.188521,0.238494,0.0345348,0.538451],[0.182522,0.00254115,0.784385,0.0305522],[0.0245534,0.0125392,0.950352,0.0125558],[0.150528,0.0745268,0.764389,0.0105562],[0.0545474,0.924357,0.00654035,0.0145554],[0.84039,0.0205376,0.0525312,0.086541],[0.026553,0.0725272,0.884365,0.016555],[0.0180547,0.839874,0.0980221,0.0440495],[0.625933,0.194003,0.0580301,0.122034],[0.14003,0.453951,0.154011,0.252008]]}],"sequence_names":["chr11:102323700-102324149","chr13:111252450-111253099","chr2:43826650-43827199","chr3:100314500-100315199","chr3:197391550-197391999","chr6:473950-474699","chr7:117565150-117565649"],"primaries":[{"motif":{"db":0,"id":"CTYAGGCWMRVATTTCAYBVCCMWGRACHC","alt":"MEME-3","len":30,"ltrim":0,"rtrim":0,"nsites":9,"evalue":"2.3e-004","pwm":[[0.00320549,0.88141,0.112179,0.00320549],[0.00320549,0.222069,0.222069,0.552656],[0.113095,0.55174,0.00228901,0.332875],[0.882326,0.00228901,0.112179,0.00320549],[0.113095,0.112179,0.66163,0.113095],[0.00320549,0.00228901,0.9913,0.00320549],[0.00320549,0.88141,0.112179,0.00320549],[0.552656,0.00228901,0.00228901,0.442765],[0.552656,0.331959,0.112179,0.00320549],[0.442765,0.112179,0.441849,0.00320549],[0.222985,0.222069,0.441849,0.113095],[0.662546,0.112179,0.00228901,0.222985],[0.00320549,0.222069,0.00228901,0.772436],[0.113095,0.112179,0.112179,0.662546],[0.00320549,0.222069,0.00228901,0.772436],[0.113095,0.66163,0.222069,0.00320549],[0.772436,0.112179,0.112179,0.00320549],[0.00320549,0.331959,0.00228901,0.662546],[0.113095,0.222069,0.441849,0.222985],[0.442765,0.331959,0.222069,0.00320549],[0.00320549,0.77152,0.222069,0.00320549],[0.00320549,0.88141,0.00228901,0.113095],[0.552656,0.331959,0.112179,0.00320549],[0.552656,0.00228901,0.00228901,0.442765],[0.00320549,0.00228901,0.88141,0.113095],[0.552656,0.00228901,0.441849,0.00320549],[0.552656,0.222069,0.112179,0.113095],[0.113095,0.88141,0.00228901,0.00320549],[0.222985,0.331959,0.00228901,0.442765],[0.00320549,0.88141,0.112179,0.00320549]]},"secondaries":[[{"idx":1,"counts":[[0,0,0,0,0,0,0,0,0,0,0,0,0,0,0,0,0,0,0,0,0,0,0,0,0,0,0,0,0,0,0,0,0,0,0,0,0,0,0,0,0,0,0,0,0,0,0,0,0,0,0,0,0,0,0,0,0,0,0,0,0,0,0,0,0,0,0,0,0,0,0,0