<!DOCTYPE HTML>
<html>
  <head>
    <meta charset="UTF-8">
    <title>SpaMo - Spaced Motif Analysis</title>
    <script type="text/javascript">
      //@JSON_VAR data
      var data = {"program":"SpaMo","version":"4.12.0","revision":"aacc9c3eb8c7b460b344d5c8aa1458097dae704d","release":"Tue Jun 27 16:22:50 2017 -0700","host":"Sudins-iMac.local","when":"Thu May 24 14:32:36 2018","cmd":["spamo","-verbosity","1","-oc","results/AHRpeaks_not-in-DHSs.bed.fa/hocomoco/spamo_out_4","-bgfile","results/AHRpeaks_not-in-DHSs.bed.fa/hocomoco/background","-primary","HRKRAGRKRAMATYRGARRWA","results/AHRpeaks_not-in-DHSs.bed.fa/hocomoco/AHRpeaks_not-in-DHSs.bed.fa","results/AHRpeaks_not-in-DHSs.bed.fa/hocomoco/meme_out/meme.xml","results/AHRpeaks_not-in-DHSs.bed.fa/hocomoco/meme_out/meme.xml","/Users/filipov4/meme/db/motif_databases/HUMAN/HOCOMOCOv11_full_HUMAN_mono_meme_format.meme"],"options":{"seq_min_hit_score":7,"margin":150,"bin_size":1,"bin_pvalue_calc_range":150,"use_best_secondary":0,"seq_max_shared_fract":0.5,"seq_odds_ratio":20,"bin_pvalue_cutoff":0.05,"motif_evalue_cutoff":10,"redundant_overlap":2,"redundant_joint":0.5,"motif_pseudocount":0.1,"bgfile":"results/AHRpeaks_not-in-DHSs.bed.fa/hocomoco/background","motif_trim":0.25,"xalph":0,"seed":1,"bin_max":4},"alphabet":{"name":"DNA","like":"dna","ncore":4,"symbols":[{"symbol":"A","name":"Adenine","colour":"CC0000","complement":"T"},{"symbol":"C","name":"Cytosine","colour":"0000CC","complement":"G"},{"symbol":"G","name":"Guanine","colour":"FFB300","complement":"C"},{"symbol":"T","aliases":"U","name":"Thymine","colour":"008000","complement":"A"},{"symbol":"N","aliases":"X.","name":"Any base","equals":"ACGT"},{"symbol":"V","name":"Not T","equals":"ACG"},{"symbol":"H","name":"Not G","equals":"ACT"},{"symbol":"D","name":"Not C","equals":"AGT"},{"symbol":"B","name":"Not A","equals":"CGT"},{"symbol":"M","name":"Amino","equals":"AC"},{"symbol":"R","name":"Purine","equals":"AG"},{"symbol":"W","name":"Weak","equals":"AT"},{"symbol":"S","name":"Strong","equals":"CG"},{"symbol":"Y","name":"Pyrimidine","equals":"CT"},{"symbol":"K","name":"Keto","equals":"GT"}]},"background":[0.2902,0.2098,0.2098,0.2902],"sequence_dbs":[{"source":"results/AHRpeaks_not-in-DHSs.bed.fa/hocomoco/AHRpeaks_not-in-DHSs.bed.fa","name":"AHRpeaks_not-in-DHSs.bed","last_modified":"Thu May 24 11:14:28 2018","loaded":61,"excluded_too_short":1,"excluded_no_match":40,"excluded_ambigs":0,"excluded_similar":4,"erased_primary_matches":2}],"primary_dbs":[{"source":"results/AHRpeaks_not-in-DHSs.bed.fa/hocomoco/meme_out/meme.xml","name":"meme.xml","last_modified":"Thu May 24 14:32:10 2018","loaded":6,"excluded":5}],"secondary_dbs":[{"source":"results/AHRpeaks_not-in-DHSs.bed.fa/hocomoco/meme_out/meme.xml","name":"meme.xml","last_modified":"Thu May 24 14:32:10 2018","loaded":7,"excluded":1},{"source":"/Users/filipov4/meme/db/motif_databases/HUMAN/HOCOMOCOv11_full_HUMAN_mono_meme_format.meme","name":"HOCOMOCOv11_full_HUMAN_mono_meme_format","last_modified":"Wed Dec  6 21:59:30 2017","loaded":771,"excluded":0}],"secondary_motifs":[{"db":1,"id":"AIRE_HUMAN.H11MO.0.C","len":18,"ltrim":2,"rtrim":1,"nsites":41,"evalue":"1.0e+000","url":"http://hocomoco.autosome.ru/motif/AIRE_HUMAN.H11MO.0.C","pwm":[[0.397466,0.261238,0.125206,0.21609],[0.182082,0.181886,0.136542,0.49949],[0.136738,0.136542,0.204558,0.522162],[0.04605,0.000510463,0.884717,0.068722],[0.000706082,0.000510463,0.816702,0.182082],[0.318114,0.0458544,0.0231824,0.612849],[0.38613,0.0911984,0.0231824,0.49949],[0.363458,0.136542,0.136542,0.363458],[0.340786,0.0685264,0.136542,0.454146],[0.522162,0.0911984,0.136542,0.250098],[0.38613,0.0458544,0.0685264,0.49949],[0.227426,0.136542,0.0685264,0.567505],[0.000706082,0.0231824,0.884717,0.091394],[0.000706082,0.000510463,0.975405,0.0233781],[0.227426,0.0911984,0.249902,0.431474],[0.068722,0.181886,0.181886,0.567505],[0.454146,0.0231824,0.159214,0.363458],[0.403134,0.266906,0.108202,0.221758]]},{"db":1,"id":"BARX1_HUMAN.H11MO.0.D","len":12,"ltrim":1,"rtrim":0,"nsites":461,"evalue":"1.0e+000","url":"http://hocomoco.autosome.ru/motif/BARX1_HUMAN.H11MO.0.D","pwm":[[0.0998244,0.362223,0.268968,0.268985],[0.364409,0.0130579,0.04342,0.579113],[0.756949,0.184387,0.0455888,0.0130753],[0.95864,0.00221423,0.00872041,0.0304251],[0.0391,0.0455888,0.297161,0.61815],[0.0651247,0.0217328,0.427285,0.485858],[0.0889807,0.147519,0.74175,0.0217502],[0.0456062,0.156194,0.0325764,0.765624],[0.062956,0.0412513,0.0325764,0.863216],[0.0174128,0.0217328,0.04342,0.917434],[0.147536,0.329692,0.0716135,0.451158],[0.154043,0.260293,0.0781197,0.507545]]},{"db":1,"id":"BRCA1_HUMAN.H11MO.0.D","len":9,"ltrim":1,"rtrim":0,"nsites":73,"evalue":"1.0e+000","url":"http://hocomoco.autosome.ru/motif/BRCA1_HUMAN.H11MO.0.D","pwm":[[0.144238,0.197218,0.29036,0.368184],[0.189614,0.000287004,0.275403,0.534695],[0.0283903,0.125297,0.15329,0.693022],[0.0563835,0.344427,0.481496,0.117694],[0.0283903,0.149923,0.450606,0.371082],[0.00039699,0.000287004,0.869563,0.129753],[0.00039699,0.0282803,0.000287004,0.971036],[0.00039699,0.000287004,0.000287004,0.999029],[0.0633818,0.0734117,0.827818,0.0353886]]},{"db":1,"id":"BSH_HUMAN.H11MO.0.D","len":14,"ltrim":0,"rtrim":0,"nsites":8213,"evalue":"1.0e+000","url":"http://hocomoco.autosome.ru/motif/BSH_HUMAN.H11MO.0.D","pwm":[[0.218526,0.0920202,0.0771659,0.612288],[0.659286,0.0634074,0.111988,0.165319],[0.68869,0.0620072,0.0914723,0.157831],[0.11969,0.187264,0.189091,0.503955],[0.148516,0.178224,0.366825,0.306435],[0.398939,0.209728,0.253196,0.138137],[0.0881858,0.22991,0.551226,0.130679],[0.240382,0.158925,0.119476,0.481216],[0.000734074,0.00134188,2.55446e-06,0.997921],[0.997921,2.55446e-06,0.00195066,0.00012529],[0.99853,0.000489581,0.000489581,0.00049056],[0.0529677,0.0775616,0.0651424,0.804328],[0.0935431,0.22857,0.267167,0.410719],[0.32619,0.0849887,0.477167,0.111654]]},{"db":1,"id":"FOXJ2_HUMAN.H11MO.0.C","len":10,"ltrim":0,"rtrim":0,"nsites":41,"evalue":"1.0e+000","url":"http://hocomoco.autosome.ru/motif/FOXJ2_HUMAN.H11MO.0.C","pwm":[[0.000706082,0.0241994,0.000510463,0.974584],[0.308662,0.000510463,0.642744,0.0480839],[0.000706082,0.000510463,0.0241994,0.974584],[0.000706082,0.000510463,0.000510463,0.998273],[0.000706082,0.000510463,0.000510463,0.998273],[0.548183,0.000510463,0.4506,0.000706082],[0.000706082,0.192654,0.000510463,0.806129],[0.119151,0.216343,0.000510463,0.663996],[0.000706082,0.0241994,0.2374,0.737695],[0.465272,0.0834217,0.1308,0.320507]]},{"db":1,"id":"GATA2_HUMAN.H11MO.1.A","len":11,"ltrim":1,"rtrim":1,"nsites":500,"evalue":"1.0e+000","url":"http://hocomoco.autosome.ru/motif/GATA2_HUMAN.H11MO.1.A","pwm":[[0.349988,0.116019,0.331976,0.202018],[0.164025,0.435955,0.347972,0.0520476],[0.751908,0.01004,0.00604075,0.232012],[5.80284e-05,0.00204155,0.993843,0.00405723],[0.977862,0.0140392,0.00604075,0.00205763],[0.0160548,0.040034,0.0480324,0.895879],[0.861886,0.050032,0.030036,0.0580464],[0.769904,0.0220376,0.186005,0.0220536],[0.148028,0.239994,0.567928,0.0440492],[0.417974,0.174007,0.369968,0.0380504],[0.417974,0.144013,0.273987,0.164025]]},{"db":1,"id":"GATA3_HUMAN.H11MO.0.A","len":11,"ltrim":2,"rtrim":1,"nsites":500,"evalue":"1.0e+000","url":"http://hocomoco.autosome.ru/motif/GATA3_HUMAN.H11MO.0.A","pwm":[[0.447968,0.0920236,0.253991,0.206017],[0.347988,0.303981,0.26199,0.0860408],[0.777902,0.00604075,0.00804035,0.208016],[0.010056,0.00404115,0.985845,5.80284e-05],[0.98786,0.00404115,0.00604075,0.00205763],[0.146029,0.01004,0.040034,0.803897],[0.921874,0.0160388,0.0420336,0.020054],[0.867884,0.00204155,0.0940232,0.0360508],[0.329992,0.223997,0.403961,0.0420496],[0.557946,0.120018,0.255991,0.0660448],[0.443969,0.080026,0.223997,0.252008]]},{"db":1,"id":"HXA11_HUMAN.H11MO.0.D","len":13,"ltrim":0,"rtrim":3,"nsites":2642,"evalue":"1.0e+000","url":"http://hocomoco.autosome.ru/motif/HXA11_HUMAN.H11MO.0.D","pwm":[[0.263532,0.0682302,0.0500628,0.618175],[0.56547,0.0912233,0.0575379,0.285769],[0.663971,0.132194,0.0617959,0.142038],[0.555535,0.174396,0.101726,0.168343],[0.343677,0.165028,0.217638,0.273657],[0.112422,0.0526176,0.0715419,0.763419],[1.09837e-05,7.94066e-06,0.000764914,0.999216],[1.09837e-05,0.000386427,7.94066e-06,0.999595],[0.299016,7.94066e-06,0.0011434,0.699833],[0.982468,0.00559062,0.00634759,0.00559366],[0.142795,0.304784,0.114027,0.438393],[0.133144,0.13087,0.499516,0.236471],[0.403762,0.136169,0.288699,0.171371]]},{"db":1,"id":"HXD4_HUMAN.H11MO.0.D","len":8,"ltrim":0,"rtrim":0,"nsites":8,"evalue":"1.0e+000","url":"http://hocomoco.autosome.ru/motif/HXD4_HUMAN.H11MO.0.D","pwm":[[0.0340241,0.0330315,0.276563,0.656382],[0.00358271,0.00259013,0.00259013,0.991237],[0.747706,0.124356,0.124356,0.00358271],[0.869471,0.00259013,0.124356,0.00358271],[0.00358271,0.00259013,0.00259013,0.991237],[0.00358271,0.00259013,0.00259013,0.991237],[0.125348,0.124356,0.503182,0.247114],[0.41285,0.0330315,0.154797,0.399321]]},{"db":1,"id":"HXD9_HUMAN.H11MO.0.D","len":10,"ltrim":0,"rtrim":0,"nsites":6,"evalue":"1.0e+000","url":"http://hocomoco.autosome.ru/motif/HXD9_HUMAN.H11MO.0.D","pwm":[[0.865413,0.044423,0.044423,0.045741],[0.496561,0.00343935,0.495243,0.00475737],[0.332626,0.167374,0.00343935,0.496561],[0.168692,0.00343935,0.00343935,0.82443],[0.00475737,0.00343935,0.00343935,0.988364],[0.332626,0.167374,0.167374,0.332626],[0.988364,0.00343935,0.00343935,0.00475737],[0.00475737,0.00343935,0.00343935,0.988364],[0.00475737,0.00343935,0.495243,0.496561],[0.37361,0.044423,0.372292,0.209675]]},{"db":1,"id":"IRF7_HUMAN.H11MO.0.C","len":10,"ltrim":0,"rtrim":0,"nsites":40,"evalue":"1.0e+000","url":"http://hocomoco.autosome.ru/motif/IRF7_HUMAN.H11MO.0.C","pwm":[[0.215287,0.0644659,0.658423,0.0618245],[0.895922,0.102832,0.000523192,0.00072369],[0.99823,0.000523192,0.000523192,0.00072369],[0.895922,0.0261003,0.000523192,0.0774549],[0.103032,0.352919,0.41544,0.128609],[0.0234589,0.401231,0.153986,0.421325],[0.245127,0.0488355,0.679737,0.0263008],[0.921499,0.000523192,0.0261003,0.0518779],[0.793613,0.20514,0.000523192,0.00072369],[0.66857,0.000523192,0.0772544,0.253653]]},{"db":1,"id":"MAFB_HUMAN.H11MO.0.B","len":11,"ltrim":0,"rtrim":3,"nsites":473,"evalue":"1.0e+000","url":"http://hocomoco.autosome.ru/motif/MAFB_HUMAN.H11MO.0.B","pwm":[[0.0994061,0.0232952,0.0613422,0.815956],[0.00640249,0.0571147,0.900488,0.0359945],[0.0655866,0.902602,0.0148404,0.0169711],[0.0803826,0.0063855,4.43458e-05,0.913188],[0.0359945,0.0211815,0.853986,0.0888375],[0.822298,0.0232952,0.055001,0.0994061],[0.107861,0.448153,0.310761,0.133226],[0.200865,0.143777,0.0951617,0.560197],[0.173386,0.418561,0.160687,0.247366],[0.44817,0.141663,0.188165,0.222002],[0.238911,0.10573,0.433357,0.222002]]},{"db":1,"id":"NFAC1_HUMAN.H11MO.0.B","len":15,"ltrim":0,"rtrim":2,"nsites":500,"evalue":"1.0e+000","url":"http://hocomoco.autosome.ru/motif/NFAC1_HUMAN.H11MO.0.B","pwm":[[0.481962,0.229996,0.233995,0.0540472],[0.393979,0.050032,0.06003,0.495959],[0.0840412,0.00804035,0.903861,0.00405723],[0.0140552,0.0460328,0.929856,0.010056],[0.945869,0.0120396,0.0360348,0.00605683],[0.809896,0.0680284,0.104021,0.0180544],[0.821894,0.0680284,0.0840252,0.0260528],[0.499958,0.166009,0.267988,0.0660448],[0.493959,0.0520316,0.142014,0.311996],[0.355987,0.237994,0.345973,0.060046],[0.48796,0.0880244,0.0440332,0.379982],[0.264005,0.030036,0.547932,0.158026],[0.53795,0.122018,0.221998,0.118034],[0.429972,0.317978,0.188004,0.0640452],[0.449968,0.120018,0.138014,0.292]]},{"db":1,"id":"NFAC2_HUMAN.H11MO.0.B","len":9,"ltrim":0,"rtrim":1,"nsites":86,"evalue":"1.0e+000","url":"http://hocomoco.autosome.ru/motif/NFAC2_HUMAN.H11MO.0.B","pwm":[[0.256361,0.056545,0.145365,0.541729],[0.00033705,0.00024367,0.999082,0.00033705],[0.00033705,0.00024367,0.999082,0.00033705],[0.999176,0.00024367,0.00024367,0.00033705],[0.97164,0.00024367,0.0277797,0.00033705],[0.951212,0.016962,0.0314892,0.00033705],[0.795071,0.058266,0.0612163,0.085447],[0.297195,0.133318,0.0988975,0.47059],[0.160007,0.235102,0.17118,0.433711]]},{"db":1,"id":"NFIA_HUMAN.H11MO.1.D","len":7,"ltrim":1,"rtrim":1,"nsites":265,"evalue":"1.0e+000","url":"http://hocomoco.autosome.ru/motif/NFIA_HUMAN.H11MO.1.D","pwm":[[0.24937,0.39468,0.160606,0.195345],[0.0580598,0.171875,0.00896485,0.7611],[0.00744984,0.00278349,0.0526208,0.937146],[0.0132449,7.914e-05,0.963,0.0236759],[0.0290846,0.0128282,0.956046,0.00204115],[0.0530374,0.885153,0.0468257,0.0149834],[0.446255,0.125866,0.140617,0.287262]]},{"db":1,"id":"NOTO_HUMAN.H11MO.0.D","len":11,"ltrim":1,"rtrim":0,"nsites":25845,"evalue":"1.0e+000","url":"http://hocomoco.autosome.ru/motif/NOTO_HUMAN.H11MO.0.D","pwm":[[0.283024,0.180103,0.409044,0.12783],[0.0482114,0.276378,0.0724323,0.602978],[0.0207497,0.0216007,0.0137849,0.943865],[0.978504,0.00508882,0.00679127,0.0096161],[0.994609,0.000416751,0.00269958,0.00227428],[0.000552485,0.000513481,0.00209986,0.996834],[0.0228198,0.000378059,0.182656,0.794146],[0.705512,0.0171801,0.113562,0.163746],[0.162962,0.0512968,0.741215,0.044526],[0.207603,0.198975,0.318069,0.275353],[0.120169,0.198443,0.154798,0.52659]]},{"db":1,"id":"NR4A1_HUMAN.H11MO.0.A","len":9,"ltrim":0,"rtrim":1,"nsites":491,"evalue":"1.0e+000","url":"http://hocomoco.autosome.ru/motif/NR4A1_HUMAN.H11MO.0.A","pwm":[[0.794195,0.0366951,0.148689,0.0204215],[0.816593,0.0163327,0.14258,0.024494],[0.908224,0.0265139,0.0529851,0.0122766],[0.126306,0.0081877,0.584445,0.281061],[0.0713277,0.0570576,0.798251,0.0733639],[0.110016,0.144616,0.281045,0.464323],[0.057074,0.78807,0.0692751,0.0855814],[0.855282,0.0142964,0.0407676,0.0896539],[0.240336,0.254573,0.338059,0.167031]]},{"db":1,"id":"ONEC3_HUMAN.H11MO.0.D","len":12,"ltrim":1,"rtrim":0,"nsites":10342,"evalue":"1.0e+000","url":"http://hocomoco.autosome.ru/motif/ONEC3_HUMAN.H11MO.0.D","pwm":[[0.180817,0.172017,0.172307,0.474858],[0.695364,0.101384,0.101577,0.101675],[0.101554,0.101263,0.101456,0.695727],[0.101433,0.324791,0.101529,0.472247],[0.00019619,2.0286e-06,0.999799,2.806e-06],[0.999896,2.0286e-06,9.87208e-05,2.806e-06],[2.806e-06,9.87208e-05,2.0286e-06,0.999896],[0.000389575,0.000582182,2.0286e-06,0.999026],[0.0838349,0.00183918,0.00261272,0.911713],[0.0477687,0.0146025,0.00783409,0.929795],[0.0603387,0.113519,0.0211776,0.804965],[0.095438,0.187198,0.135274,0.58209]]},{"db":1,"id":"PBX2_HUMAN.H11MO.0.C","len":15,"ltrim":0,"rtrim":1,"nsites":19,"evalue":"1.0e+000","url":"http://hocomoco.autosome.ru/motif/PBX2_HUMAN.H11MO.0.C","pwm":[[0.0408692,0.14748,0.348951,0.4627],[0.435942,0.101834,0.372561,0.0896631],[0.536677,0.208866,0.20257,0.0518872],[0.51779,0.164794,0.0577622,0.259654],[0.0581832,0.0514662,0.322193,0.568157],[0.0581832,0.0514662,0.00109843,0.889252],[0.0518872,0.00109843,0.813279,0.133735],[0.788517,0.00109843,0.158498,0.0518872],[0.00151937,0.164794,0.00109843,0.832588],[0.108551,0.00109843,0.00109843,0.889252],[0.00151937,0.00109843,0.7818,0.215583],[0.706669,0.0325783,0.10813,0.152623],[0.272246,0.114426,0.00109843,0.612229],[0.165215,0.00109843,0.435521,0.398166],[0.171511,0.23405,0.397745,0.196695]]},{"db":1,"id":"PRDM1_HUMAN.H11MO.0.A","len":14,"ltrim":0,"rtrim":2,"nsites":500,"evalue":"1.0e+000","url":"http://hocomoco.autosome.ru/motif/PRDM1_HUMAN.H11MO.0.A","pwm":[[0.313995,0.0560308,0.567928,0.0620456],[0.607936,0.0820256,0.26199,0.0480484],[0.773903,0.080026,0.0980224,0.0480484],[0.913875,4.19516e-05,0.0780264,0.00805643],[0.0940392,0.0760268,0.80788,0.0220536],[0.236011,0.0620296,0.217998,0.483961],[0.0460488,0.00604075,0.947852,5.80284e-05],[0.99186,0.00204155,0.00604075,5.80284e-05],[0.903877,0.00804035,0.0880244,5.80284e-05],[0.985861,4.19516e-05,0.0120396,0.00205763],[0.0460488,0.0420336,0.897862,0.0140552],[0.0420496,0.128016,0.15801,0.671924],[0.198018,0.146013,0.45995,0.196019],[0.395979,0.176007,0.265989,0.162026]]},{"db":1,"id":"REL_HUMAN.H11MO.0.B","len":15,"ltrim":1,"rtrim":0,"nsites":178,"evalue":"1.0e+000","url":"http://hocomoco.autosome.ru/motif/REL_HUMAN.H11MO.0.B","pwm":[[0.308978,0.0843401,0.2584,0.348282],[0.275289,0.168562,0.482993,0.0731556],[0.421275,0.140488,0.118029,0.320208],[0.483038,0.0394216,0.303318,0.174222],[0.140534,0.00573262,0.814267,0.0394667],[0.0113926,0.000117799,0.982712,0.00577777],[0.0843853,0.000117799,0.904104,0.0113926],[0.617793,0.0169623,0.348237,0.0170074],[0.915379,0.00573262,0.0618809,0.0170074],[0.702016,0.0281919,0.0955698,0.174222],[0.0843853,0.134874,0.162948,0.617793],[0.0113926,0.213481,0.331392,0.443734],[0.196682,0.685126,0.0450364,0.0731556],[0.10123,0.758119,0.112414,0.0282371],[0.662712,0.112414,0.101185,0.123689]]},{"db":1,"id":"SIX1_HUMAN.H11MO.0.A","len":14,"ltrim":0,"rtrim":1,"nsites":500,"evalue":"1.0e+000","url":"http://hocomoco.autosome.ru/motif/SIX1_HUMAN.H11MO.0.A","pwm":[[0.196019,0.0180384,0.206001,0.579942],[0.0160548,0.00404115,0.977846,0.00205763],[0.471964,0.0440332,0.0480324,0.435971],[0.901878,0.0480324,0.00204155,0.0480484],[0.99186,0.00404115,0.00204155,0.00205763],[0.0420496,0.493943,0.0480324,0.415975],[0.218014,0.391964,0.0460328,0.343989],[0.0880404,0.102022,0.11002,0.699918],[0.104037,0.0140392,0.845873,0.0360508],[0.995859,4.19516e-05,0.00204155,0.00205763],[0.0760428,0.148012,0.305981,0.469964],[0.509956,0.421958,0.0240372,0.0440492],[0.0840412,0.587924,0.040034,0.288],[0.13803,0.395963,0.190004,0.276003]]},{"db":1,"id":"SIX2_HUMAN.H11MO.0.A","len":13,"ltrim":0,"rtrim":0,"nsites":500,"evalue":"1.0e+000","url":"http://hocomoco.autosome.ru/motif/SIX2_HUMAN.H11MO.0.A","pwm":[[0.166025,0.0120396,0.31198,0.509956],[0.0260528,0.00404115,0.951852,0.0180544],[0.59194,0.040034,0.0860248,0.282002],[0.851888,0.06003,0.0220376,0.0660448],[0.983861,0.01004,0.00404115,0.00205763],[0.0560468,0.499942,0.0680284,0.375983],[0.224013,0.367968,0.0740272,0.333991],[0.160026,0.136015,0.11002,0.593939],[0.168024,0.0260368,0.737894,0.0680444],[0.99186,0.00204155,0.00204155,0.00405723],[0.0740432,0.16001,0.439954,0.325993],[0.551948,0.36197,0.0280364,0.0580464],[0.198018,0.531936,0.0660288,0.204017]]},{"db":1,"id":"SOX10_HUMAN.H11MO.1.A","len":13,"ltrim":1,"rtrim":2,"nsites":500,"evalue":"1.0e+000","url":"http://hocomoco.autosome.ru/motif/SOX10_HUMAN.H11MO.1.A","pwm":[[0.0980384,0.333975,0.223997,0.343989],[0.030052,0.30998,0.25799,0.401978],[0.0460488,0.50794,0.138014,0.307996],[0.0260528,0.847872,0.0120396,0.114035],[0.134031,0.0780264,0.00204155,0.785901],[0.00205763,0.150012,0.0360348,0.811896],[0.0120556,0.0460328,0.0160388,0.925873],[0.030052,0.241994,0.655911,0.0720436],[0.04005,0.00604075,0.00804035,0.945869],[0.0280524,0.229996,0.235995,0.505957],[0.0360508,0.477946,0.0320356,0.453967],[0.128032,0.35797,0.124017,0.38998],[0.13803,0.473947,0.118018,0.270004]]},{"db":1,"id":"SOX13_HUMAN.H11MO.0.D","len":8,"ltrim":1,"rtrim":1,"nsites":5,"evalue":"1.0e+000","url":"http://hocomoco.autosome.ru/motif/SOX13_HUMAN.H11MO.0.D","pwm":[[0.163253,0.371761,0.161677,0.303309],[0.775998,0.00411373,0.00411373,0.215774],[0.00569019,0.00411373,0.00411373,0.986082],[0.00569019,0.00411373,0.00411373,0.986082],[0.215774,0.00411373,0.774422,0.00569019],[0.00569019,0.00411373,0.00411373,0.986082],[0.00569019,0.14417,0.214198,0.635942],[0.163253,0.371761,0.161677,0.303309]]},{"db":1,"id":"SOX17_HUMAN.H11MO.0.C","len":11,"ltrim":1,"rtrim":3,"nsites":500,"evalue":"1.0e+000","url":"http://hocomoco.autosome.ru/motif/SOX17_HUMAN.H11MO.0.C","pwm":[[0.114035,0.283985,0.425957,0.176023],[0.0320516,0.805881,0.0920236,0.070044],[0.04005,0.799882,0.00404115,0.156027],[0.88788,0.0160388,0.00404115,0.0920396],[0.00405723,0.020038,0.01004,0.965865],[0.00805643,0.118018,0.11202,0.761906],[0.0225535,0.0665287,0.620418,0.2905],[0.0285523,0.0225375,0.0145391,0.934371],[0.134531,0.136515,0.276487,0.452468],[0.0745431,0.290484,0.228496,0.406477],[0.130532,0.236495,0.196503,0.436471]]},{"db":1,"id":"SOX2_HUMAN.H11MO.0.A","len":13,"ltrim":1,"rtrim":2,"nsites":500,"evalue":"1.0e+000","url":"http://hocomoco.autosome.ru/motif/SOX2_HUMAN.H11MO.0.A","pwm":[[0.104037,0.227996,0.245993,0.421974],[0.0360508,0.351972,0.26199,0.349988],[0.010056,0.641914,0.080026,0.268004],[0.0160548,0.727896,0.01004,0.246009],[0.292,0.01004,4.19516e-05,0.697918],[5.80284e-05,0.00204155,0.00204155,0.995859],[5.80284e-05,4.19516e-05,4.19516e-05,0.999858],[0.0160548,0.156011,0.80788,0.020054],[0.0620456,0.0180384,4.19516e-05,0.919874],[0.0460488,0.253991,0.208,0.49196],[0.106037,0.41196,0.0760268,0.405977],[0.102038,0.31198,0.136015,0.449968],[0.0760428,0.395963,0.25799,0.270004]]},{"db":1,"id":"SOX3_HUMAN.H11MO.0.B","len":11,"ltrim":0,"rtrim":1,"nsites":500,"evalue":"1.0e+000","url":"http://hocomoco.autosome.ru/motif/SOX3_HUMAN.H11MO.0.B","pwm":[[0.0340512,0.255991,0.365969,0.343989],[0.00805643,0.673907,0.126017,0.19202],[0.0120556,0.753891,0.00604075,0.228012],[0.327992,0.01004,0.00604075,0.655927],[5.80284e-05,0.01004,0.00404115,0.985861],[5.80284e-05,4.19516e-05,0.00204155,0.997858],[0.00605683,0.0940232,0.895863,0.00405723],[0.00805643,0.00204155,0.00204155,0.98786],[0.0180544,0.345973,0.313979,0.321994],[0.09004,0.439954,0.0620296,0.407976],[0.110036,0.347972,0.227996,0.313995]]},{"db":1,"id":"SOX4_HUMAN.H11MO.0.B","len":12,"ltrim":0,"rtrim":1,"nsites":500,"evalue":"1.0e+000","url":"http://hocomoco.autosome.ru/motif/SOX4_HUMAN.H11MO.0.B","pwm":[[0.04005,0.333975,0.235995,0.38998],[0.0180544,0.531936,0.122018,0.327992],[0.00605683,0.803881,0.00804035,0.182022],[0.106037,0.030036,0.01004,0.853887],[0.00405723,0.0160388,0.0360348,0.943869],[0.00205763,0.0120396,0.0260368,0.959866],[0.0220536,0.0920236,0.847872,0.0380504],[0.0120556,0.020038,0.0140392,0.953867],[0.0140552,0.333975,0.120018,0.531952],[0.0280524,0.573927,0.0880244,0.309996],[0.0560468,0.36197,0.16201,0.419974],[0.120034,0.379966,0.206001,0.293999]]},{"db":1,"id":"SOX9_HUMAN.H11MO.1.B","len":9,"ltrim":0,"rtrim":0,"nsites":500,"evalue":"1.0e+000","url":"http://hocomoco.autosome.ru/motif/SOX9_HUMAN.H11MO.1.B","pwm":[[0.0460488,0.451952,0.0640292,0.43797],[0.0320516,0.637914,0.202002,0.128032],[0.559946,0.0580304,0.0320356,0.349988],[0.00605683,0.00804035,0.0440332,0.94187],[0.00605683,4.19516e-05,0.0240372,0.969864],[0.0240532,0.0780264,0.875867,0.0220536],[0.0140552,0.0160388,0.383965,0.585941],[0.030052,0.389964,0.128016,0.451968],[0.0780424,0.41196,0.030036,0.479962]]},{"db":1,"id":"SRY_HUMAN.H11MO.0.B","len":9,"ltrim":1,"rtrim":0,"nsites":108,"evalue":"1.0e+000","url":"http://hocomoco.autosome.ru/motif/SRY_HUMAN.H11MO.0.B","pwm":[[0.1045,0.285303,0.141059,0.469138],[0.366599,0.0368279,0.0446458,0.551928],[0.0781349,0.00479281,0.0414267,0.875646],[0.0951502,0.00479281,0.0303897,0.869667],[0.000268455,0.0734618,0.909446,0.0168239],[0.0554532,0.00019408,0.0351444,0.909208],[0.192635,0.0403509,0.0342247,0.732789],[0.260688,0.0947719,0.0699388,0.574601],[0.338858,0.241923,0.0264068,0.392811]]},{"db":1,"id":"STAT1_HUMAN.H11MO.1.A","len":19,"ltrim":1,"rtrim":1,"nsites":500,"evalue":"1.0e+000","url":"http://hocomoco.autosome.ru/motif/STAT1_HUMAN.H11MO.1.A","pwm":[[0.395979,0.154011,0.301982,0.148028],[0.435971,0.0920236,0.431956,0.04005],[0.315995,0.0180384,0.623917,0.0420496],[0.649928,0.0140392,0.319978,0.0160548],[0.949868,0.0180384,0.0260368,0.00605683],[0.867884,0.0520316,0.0720276,0.00805643],[0.469964,0.215999,0.132016,0.182022],[0.282002,0.152012,0.198002,0.367984],[0.112036,0.0140392,0.855871,0.0180544],[0.921874,0.0120396,0.0620296,0.00405723],[0.925873,0.0120396,0.0580304,0.00405723],[0.945869,0.0240372,0.020038,0.010056],[0.0780424,0.539934,0.341974,0.04005],[0.194019,0.194003,0.040034,0.571944],[0.246009,0.102022,0.487944,0.164025],[0.701918,0.080026,0.126017,0.0920396],[0.617934,0.116019,0.174007,0.0920396],[0.571944,0.11202,0.178006,0.13803],[0.18802,0.297982,0.35997,0.154027]]},{"db":1,"id":"STAT2_HUMAN.H11MO.0.A","len":19,"ltrim":1,"rtrim":1,"nsites":500,"evalue":"1.0e+000","url":"http://hocomoco.autosome.ru/motif/STAT2_HUMAN.H11MO.0.A","pwm":[[0.419974,0.11002,0.341974,0.128032],[0.349988,0.134015,0.449952,0.0660448],[0.297998,0.01004,0.635915,0.0560468],[0.603937,0.00404115,0.369968,0.0220536],[0.98786,0.00404115,0.00404115,0.00405723],[0.943869,0.0160388,0.0180384,0.0220536],[0.479962,0.168008,0.130016,0.222014],[0.23801,0.227996,0.140014,0.393979],[0.0780424,0.00204155,0.915859,0.00405723],[0.971864,0.00604075,0.020038,0.00205763],[0.985861,4.19516e-05,0.0140392,5.80284e-05],[0.993859,4.19516e-05,0.00404115,0.00205763],[0.0880404,0.685905,0.213999,0.0120556],[0.104037,0.176007,0.0160388,0.703917],[0.182022,0.114019,0.543933,0.160026],[0.767904,0.0540312,0.11202,0.0660448],[0.64193,0.100022,0.148012,0.110036],[0.601938,0.106021,0.188004,0.104037],[0.204017,0.291984,0.371968,0.132032]]},{"db":1,"id":"TWST1_HUMAN.H11MO.0.A","len":17,"ltrim":0,"rtrim":0,"nsites":497,"evalue":"1.0e+000","url":"http://hocomoco.autosome.ru/motif/TWST1_HUMAN.H11MO.0.A","pwm":[[0.506999,0.267594,0.154941,0.0704667],[0.0704667,0.869083,0.0282056,0.0322451],[0.923414,0.0141239,0.0342406,0.0282217],[0.0101167,0.0825206,0.183104,0.724259],[0.197202,0.702114,0.0805089,0.0201751],[0.00207005,0.00406554,0.00205387,0.991811],[5.83786e-05,0.00808888,0.967654,0.0241984],[0.0262101,0.144882,0.535146,0.293762],[0.29175,0.0744739,0.0865439,0.547232],[0.285715,0.0945906,0.0704506,0.549244],[0.116735,0.267594,0.118731,0.49694],[0.0604084,0.360131,0.0905673,0.488894],[0.434579,0.291734,0.160976,0.112712],[0.784609,0.0563689,0.0885556,0.0704667],[0.0161517,0.0342406,0.0523456,0.897262],[0.0925951,0.185116,0.0342406,0.688049],[0.655862,0.0362522,0.0362522,0.271634]]},{"db":1,"id":"VSX2_HUMAN.H11MO.0.D","len":12,"ltrim":0,"rtrim":2,"nsites":500,"evalue":"1.0e+000","url":"http://hocomoco.autosome.ru/motif/VSX2_HUMAN.H11MO.0.D","pwm":[[0.120034,0.387964,0.0820256,0.409976],[0.0140552,0.00404115,0.00404115,0.977862],[0.977862,0.01004,0.00804035,0.00405723],[0.995859,0.00404115,4.19516e-05,5.80284e-05],[5.80284e-05,4.19516e-05,0.00404115,0.995859],[5.80284e-05,0.00204155,4.19516e-05,0.997858],[0.99186,4.19516e-05,0.00804035,5.80284e-05],[0.0140552,0.00804035,0.977846,5.80284e-05],[5.80284e-05,0.993843,0.00204155,0.00405723],[0.0320516,0.36197,0.00204155,0.603937],[0.216015,0.148012,0.16001,0.475963],[0.317994,0.339974,0.190004,0.152028]]}],"sequence_names":["chr11:102323700-102324149","chr12:114182450-114183099","chr13:100629600-100630249","chr14:51331750-51332699","chr15:40377300-40377849","chr17:78690100-78690649","chr18:32629450-32630099","chr1:153650950-153651299","chr1:523900-524399","chr2:142015050-142015599","chr2:43826650-43827199","chr3:133718450-133718949","chr5:53039550-53040149","chr9:93712750-93713449"],"primaries":[{"motif":{"db":0,"id":"HRKRAGRKRAMATYRGARRWA","alt":"MEME-5","len":21,"ltrim":0,"rtrim":0,"nsites":15,"evalue":"2.6e-002","pwm":[[0.200597,0.39874,0.0013894,0.399273],[0.465498,0.133839,0.39874,0.00192185],[0.0681474,0.0013894,0.597416,0.333047],[0.465498,0.0676149,0.332515,0.134372],[0.995299,0.0013894,0.0013894,0.00192185],[0.00192185,0.0013894,0.994767,0.00192185],[0.597948,0.0013894,0.39874,0.00192185],[0.00192185,0.0676149,0.332515,0.597948],[0.597948,0.0013894,0.39874,0.00192185],[0.796624,0.0013894,0.200065,0.00192185],[0.531723,0.332515,0.133839,0.00192185],[0.730398,0.0676149,0.0013894,0.200597],[0.266823,0.0013894,0.133839,0.597948],[0.00192185,0.464966,0.200065,0.333047],[0.465498,0.0013894,0.53119,0.00192185],[0.00192185,0.0676149,0.729866,0.200597],[0.862849,0.0013894,0.133839,0.00192185],[0.465498,0.0013894,0.53119,0.00192185],[0.664174,0.0013894,0.332515,0.00192185],[0.664174,0.0013894,0.0013894,0.333047],[0.597948,0.200065,0.200065,0.00192185]]},"secondaries":[[{"idx":0,"counts":[[0,0,0,0,0,0,0,0,0,0,0,0,0,0,0,0,0,0,0,0,0,0,0,0,0,0,0,0,0,0,0,1,0,0,0,0,0,0,0,0,0,0,0,0,0,0,0,0,0,0,0,0,0,0,0,0,0,0,0,0,0,0,0,0,0,0,0,0,0,0,0,0,0,0,0,0,0,0,0,0,0,0,0,0,0,0,0,0,0,0,0,0,0,0,0,0,0,0,0,0,0,1,0,0,0,0,1,0,0,0,0,0,0,0,0,0,0,0,1,0,0,1,0,0,0,0,0,0,0,0,1,1,1,0,0,0,0],[0,0,0,0,0,0,0,0,0,0,0,0,0,0,0,0,0,0,0,0,0,0,0,0,0,0,0,0,0,0,0,0,0,0,0,0,0,0,0,0,0,0,0,0,0,0,0,0,0,0,0,0,0,0,0,0,0,0,0,0,0,0,0,0,0,0,0,0,0,0,0,0,0,0,0,0,0,0,0,0,0,0,0,0,0,0,0,0,0,0,0,0,0,0,0,0,0,0,0,0,0,0,0,0,0,0,0,0,0,0,0,0,0,0,0,0,0,0,0,0,0,0,0,0,0,0,0,0,0,0,0,0,0,0,0,0,0],[0,0,0,0,0,0,0,0,0,0,0,0,0,0,0,0,0,0,0,0,0,0,0,0,0,0,0,0,0,0,0,0,0,0,0,0,0,0,0,0,0,0,0,0,0,0,0,0,0,0,0,0,0,0,0,0,0,0,0,0,0,0,0,0,0,0,0,0,0,0,0,0,0,0,0,0,0,0,0,0,0,0,0,0,0,0,0,0,0,0,0,0,0,0,0,0,0,0,0,0,0,0,0,0,0,0,0,0,0,0,0,0,0,0,0,0,0,0,0,0,0,0,0,0,0,0,0,0,4,0,0,0,0,0,0,0,0],[0,0,0,0,0,0,0,0,0,0,0,0,0,0,0,0,0,0,0,0,0,0,0,0,0,0,0,0,0,0,0,0,0,0,0,0,0,1,0,0,0,0,0,0,0,0,0,0,0,1,0,0,0,0,0,0,0,0,0,0,0,0,0,0,0,0,0,0,0,0,0,0,0,0,0,0,0,0,0,0,0,0,0,0,0,0,0,0,0,0,0,0,0,0,0,0,0,0,0,0,0,0,0,0,0,0,0,0,0,0,0,0,0,0,0,0,0,0,0,0,0,0,0,0,0,0,0,0,0,0,0,0,0,0,0,0,0]],"spacings":[{"orient":2,"bin":128,"pvalue":1.12629e-08,"inferred_pwm":[[0,0,0,1],[0.25,0,0,0.75],[0,0,0.75,0.25],[0,0,0,1],[0,0,0,1],[0,0,1,0],[0.5,0,0,0.5],[1,0,0,0],[0.75,0,0,0.25],[0.75,0,0,0.25],[0,0,1,0],[0,0,1,0],[0,0,0.75,0.25],[0,0.25,0,0.75],[0.25,0,0.75,0]],"alignment_pwm":[null,null,[[0,0.25,0.75,0],[0.75,0,0,0.25],[1,0,0,0],[0.75,0,0.25,0],[0.25,0,0.5,0.25],[0,0,1,0],[1,0,0,0],[0,0.75,0,0.25],[0.75,0,0.25,0],[0.25,0.75,0,0],[0,1,0,0],[0,1,0,0],[0.25,0,0,0.75],[0.25,0,0,0.75],[0,0,0,1],[0.5,0,0,0.5],[0,1,0,0],[1,0,0,0],[1,0,0,0],[0.25,0.75,0,0],[0.75,0,0,0.25],[1,0,0,0],[0.75,0,0,0.25],[0.5,0,0,0.5],[0.25,0,0.75,0],[0.5,0,0.5,0],[0.25,0,0,0.75],[0.25,0,0.75,0],[0,0.75,0,0.25],[0,0,0,1],[0,0,1,0],[0.25,0,0.75,0],[0.25,0.25,0.5,0],[1,0,0,0],[0,0,0.25,0.75],[1,0,0,0],[0.75,0,0.25,0],[0,0.5,0,0.5],[0.25,0,0,0.75],[0.25,0,0.75,0],[0.25,0,0.75,0],[0.25,0.75,0,0],[0.25,0.25,0,0.5],[1,0,0,0],[0,0,1,0],[0.25,0.25,0,0.5],[0,0.75,0,0.25],[1,0,0,0],[0.25,0.75,0,0],[1,0,0,0],[0,0.5,0,0.5],[0.5,0,0.5,0],[0.25,0,0,0.75],[0.75,0,0.25,0],[0,0.25,0.75,0],[0,0.25,0.75,0],[0.75,0,0,0.25],[0,0,0.75,0.25],[0.75,0,0,0.25],[0.75,0,0,0.25],[0.25,0,0,0.75],[0,0.25,0.75,0],[0.75,0,0,0.25],[0.75,0,0,0.25],[0.75,0,0,0.25],[0,0.75,0,0.25],[0,0.25,0,0.75],[0,0.25,0.75,0],[0.25,0,0.5,0.25],[0.75,0.25,0,0],[0,0,0.25,0.75],[0.25,0.75,0,0],[0,1,0,0],[0,0,0,1],[0,0.75,0,0.25],[0.75,0,0,0.25],[0,0,0,1],[0,0.75,0,0.25],[0,0,0.25,0.75],[0.25,0.75,0,0],[0.25,0,0,0.75],[0.25,0.5,0,0.25],[1,0,0,0],[0,0.5,0.25,0.25],[0,0.5,0,0.5],[0.25,0,0,0.75],[0,0,0.25,0.75],[1,0,0,0],[0.25,0,0,0.75],[1,0,0,0],[0,0.5,0,0.5],[0.75,0,0.25,0],[1,0,0,0],[1,0,0,0],[0.75,0.25,0,0],[0.75,0,0,0.25],[0,0,0,1],[0,1,0,0],[0.75,0.25,0,0],[0.5,0.25,0,0.25],[0,0.75,0.25,0],[0,0.5,0,0.5],[0,1,0,0],[1,0,0,0],[0.75,0.25,0,0],[0.25,0,0.75,0],[1,0,0,0],[0.25,0,0,0.75],[0.25,0,0.75,0],[0.25,0,0.75,0],[0.5,0,0.25,0.25],[0,0.25,0,0.75],[0.25,0.25,0,0.5],[0.75,0.25,0,0],[0.75,0,0,0.25],[0,0.25,0.75,0],[0.25,0,0.75,0],[1,0,0,0],[0,0.75,0,0.25],[0.25,0,0,0.75],[0.25,0,0,0.75],[0.75,0,0,0.25],[0.75,0,0.25,0],[0.75,0.25,0,0],[0,0.5,0,0.5],[0,1,0,0],[0.25,0,0,0.75],[0.75,0,0,0.25],[0.75,0,0.25,0],[0,0.25,0.75,0],[0.75,0,0,0.25],[0,0.5,0,0.5],[0,0.75,0.25,0],[0,0,0,1],[0,0,1,0],[0.75,0.25,0,0],[0.5,0.5,0,0],[0.75,0,0,0.25],[0,1,0,0],[0.25,0,0,0.75],[0.5,0.25,0.25,0],[0,0,0.25,0.75],[0.75,0,0.25,0],[0.75,0.25,0,0],[0.75,0,0,0.25],[1,0,0,0],[0.75,0,0,0.25],[0,0.25,0.25,0.5],[0,0,0,1],[0,0.75,0,0.25],[0,0.25,0,0.75],[0.75,0,0.25,0],[0,0,0.75,0.25],[1,0,0,0],[1,0,0,0],[0,0,1,0],[1,0,0,0],[0,0.25,0,0.75],[1,0,0,0],[1,0,0,0],[0.25,0.75,0,0],[0.75,0,0,0.25],[0.25,0,0,0.75],[0,0,0,1],[0.25,0,0.75,0],[0,0,1,0],[1,0,0,0],[0.75,0,0.25,0],[0.75,0,0.25,0],[0.75,0,0,0.25],[0.75,0.25,0,0],[0.25,0.75,0,0],[0,0.75,0,0.25],[0.25,0.75,0,0],[0,0,0.25,0.75],[0,0,0.25,0.75],[0.5,0.5,0,0],[0,0.25,0.25,0.5],[0.5,0,0.5,0],[0,0,0.75,0.25],[0.5,0,0,0.5],[0.25,0.25,0.5,0],[0.5,0.25,0.25,0],[0.25,0.5,0,0.25],[0,0.5,0,0.5],[0.25,0,0.5,0.25],[0.25,0.25,0.5,0],[0.25,0.25,0.25,0.25],[0,0.25,0.25,0.5],[0.25,0.25,0,0.5],[0.75,0,0,0.25],[0.25,0,0.5,0.25],[0,0,0.75,0.25],[0,0.5,0.25,0.25],[0.75,0,0,0.25],[0.75,0,0,0.25],[0,0.25,0.5,0.25],[0,0,0.5,0.5],[0.5,0.25,0,0.25],[0.5,0,0,0.5],[0,0.5,0,0.5],[0.25,0,0.25,0.5],[0.25,0.75,0,0],[0.5,0.25,0.25,0],[0,0.5,0,0.5],[0.25,0,0.5,0.25],[1,0,0,0],[0,0.5,0.5,0],[0.5,0.5,0,0],[0.75,0,0,0.25],[0.5,0.25,0,0.25],[0,0,0.5,0.5],[0.5,0.5,0,0],[0.5,0,0.25,0.25],[0.25,0.5,0.25,0],[0.5,0.5,0,0],[0.5,0.5,0,0],[0.75,0,0.25,0],[0.5,0.25,0.25,0],[0.75,0.25,0,0],[0.75,0,0,0.25],[0.25,0,0.5,0.25],[0,0.5,0,0.5],[0.75,0,0,0.25],[0.5,0.25,0.25,0],[1,0,0,0],[0.5,0,0,0.5],[0.25,0,0.5,0.25],[0.5,0.5,0,0],[0.75,0,0,0.25],[0.75,0,0,0.25],[0.5,0,0,0.5],[0.75,0,0,0.25],[0.75,0.25,0,0],[0.75,0,0.25,0],[0.5,0,0.5,0],[1,0,0,0],[0,0.5,0.5,0],[0.75,0,0,0.25],[0.5,0,0.25,0.25],[1,0,0,0],[0.25,0,0.5,0.25],[1,0,0,0],[0.25,0,0,0.75],[0.75,0,0,0.25],[0.5,0,0.25,0.25],[0.5,0,0,0.5],[0,0,0,1],[0.5,0,0.5,0],[0,0.25,0.75,0],[0,0.75,0.25,0],[0.25,0.25,0,0.5],[0,0.25,0.5,0.25],[0,0,0.5,0.5],[0,0.25,0.5,0.25],[0.75,0.25,0,0],[0,0.75,0.25,0],[0.25,0.25,0,0.5],[0.25,0,0,0.75],[0.75,0,0.25,0],[0.75,0,0,0.25],[0.5,0,0,0.5],[0,0,0.25,0.75],[0.25,0.25,0,0.5],[1,0,0,0],[1,0,0,0],[0.25,0.75,0,0],[0.25,0,0.25,0.5],[0.75,0.25,0,0],[0.75,0,0.25,0],[0.5,0.25,0.25,0],[0,0,0.5,0.5],[0.5,0,0.25,0.25],[0.25,0.25,0.25,0.25],[0,0.25,0,0.75],[0,0.25,0.25,0.5],[0.25,0.25,0,0.5],[0.25,0.25,0,0.5],[0.25,0.25,0.25,0.25],[0.25,0.25,0.5,0],[0.5,0.25,0.25,0],[0.5,0.5,0,0],[0.25,0.25,0.25,0.25],[0.25,0,0.5,0.25],[0.5,0.25,0.25,0],[0.25,0.5,0.25,0],[0.75,0,0,0.25],[0.75,0,0,0.25],[0.25,0.25,0.25,0.25],[0.5,0,0.25,0.25],[0.25,0,0.75,0],[0.25,0,0.25,0.5],[0.5,0.25,0,0.25],[0.5,0.5,0,0],[0.5,0.25,0.25,0],[0.25,0.25,0.5,0],[0.5,0,0.25,0.25],[0,0.5,0.25,0.25],[0.75,0.25,0,0],[0.5,0,0.5,0],[0,0.25,0.5,0.25],[0.5,0.25,0,0.25],[0.75,0,0.25,0],[0.5,0,0.25,0.25],[0.25,0.5,0.25,0],[0.5,0,0.25,0.25],[0.25,0,0.5,0.25],[0.5,0,0.5,0],[0.75,0,0,0.25],[0.75,0.25,0,0],[0.5,0.25,0.25,0],[0.5,0.25,0.25,0],[0.25,0.5,0.25,0],[0.25,0.5,0,0.25],[0.5,0.25,0,0.25],[0.5,0.5,0,0],[0.5,0.25,0,0.25],[0,0.5,0.5,0],[0.75,0.25,0,0],[0.25,0.5,0.25,0],[0.5,0.25,0,0.25]],null],"seqs":[5,6,10,12]},{"orient":4,"bin":128,"pvalue":1.77572e-07,"inferred_pwm":[[0,0,0,1],[0.25,0,0,0.75],[0,0,0.75,0.25],[0,0,0,1],[0,0,0,1],[0,0,1,0],[0.5,0,0,0.5],[1,0,0,0],[0.75,0,0,0.25],[0.75,0,0,0.25],[0,0,1,0],[0,0,1,0],[0,0,0.75,0.25],[0,0.25,0,0.75],[0.25,0,0.75,0]],"alignment_pwm":[null,null,[[0,0.25,0.75,0],[0.75,0,0,0.25],[1,0,0,0],[0.75,0,0.25,0],[0.25,0,0.5,0.25],[0,0,1,0],[1,0,0,0],[0,0.75,0,0.25],[0.75,0,0.25,0],[0.25,0.75,0,0],[0,1,0,0],[0,1,0,0],[0.25,0,0,0.75],[0.25,0,0,0.75],[0,0,0,1],[0.5,0,0,0.5],[0,1,0,0],[1,0,0,0],[1,0,0,0],[0.25,0.75,0,0],[0.75,0,0,0.25],[1,0,0,0],[0.75,0,0,0.25],[0.5,0,0,0.5],[0.25,0,0.75,0],[0.5,0,0.5,0],[0.25,0,0,0.75],[0.25,0,0.75,0],[0,0.75,0,0.25],[0,0,0,1],[0,0,1,0],[0.25,0,0.75,0],[0.25,0.25,0.5,0],[1,0,0,0],[0,0,0.25,0.75],[1,0,0,0],[0.75,0,0.25,0],[0,0.5,0,0.5],[0.25,0,0,0.75],[0.25,0,0.75,0],[0.25,0,0.75,0],[0.25,0.75,0,0],[0.25,0.25,0,0.5],[1,0,0,0],[0,0,1,0],[0.25,0.25,0,0.5],[0,0.75,0,0.25],[1,0,0,0],[0.25,0.75,0,0],[1,0,0,0],[0,0.5,0,0.5],[0.5,0,0.5,0],[0.25,0,0,0.75],[0.75,0,0.25,0],[0,0.25,0.75,0],[0,0.25,0.75,0],[0.75,0,0,0.25],[0,0,0.75,0.25],[0.75,0,0,0.25],[0.75,0,0,0.25],[0.25,0,0,0.75],[0,0.25,0.75,0],[0.75,0,0,0.25],[0.75,0,0,0.25],[0.75,0,0,0.25],[0,0.75,0,0.25],[0,0.25,0,0.75],[0,0.25,0.75,0],[0.25,0,0.5,0.25],[0.75,0.25,0,0],[0,0,0.25,0.75],[0.25,0.75,0,0],[0,1,0,0],[0,0,0,1],[0,0.75,0,0.25],[0.75,0,0,0.25],[0,0,0,1],[0,0.75,0,0.25],[0,0,0.25,0.75],[0.25,0.75,0,0],[0.25,0,0,0.75],[0.25,0.5,0,0.25],[1,0,0,0],[0,0.5,0.25,0.25],[0,0.5,0,0.5],[0.25,0,0,0.75],[0,0,0.25,0.75],[1,0,0,0],[0.25,0,0,0.75],[1,0,0,0],[0,0.5,0,0.5],[0.75,0,0.25,0],[1,0,0,0],[1,0,0,0],[0.75,0.25,0,0],[0.75,0,0,0.25],[0,0,0,1],[0,1,0,0],[0.75,0.25,0,0],[0.5,0.25,0,0.25],[0,0.75,0.25,0],[0,0.5,0,0.5],[0,1,0,0],[1,0,0,0],[0.75,0.25,0,0],[0.25,0,0.75,0],[1,0,0,0],[0.25,0,0,0.75],[0.25,0,0.75,0],[0.25,0,0.75,0],[0.5,0,0.25,0.25],[0,0.25,0,0.75],[0.25,0.25,0,0.5],[0.75,0.25,0,0],[0.75,0,0,0.25],[0,0.25,0.75,0],[0.25,0,0.75,0],[1,0,0,0],[0,0.75,0,0.25],[0.25,0,0,0.75],[0.25,0,0,0.75],[0.75,0,0,0.25],[0.75,0,0.25,0],[0.75,0.25,0,0],[0,0.5,0,0.5],[0,1,0,0],[0.25,0,0,0.75],[0.75,0,0,0.25],[0.75,0,0.25,0],[0,0.25,0.75,0],[0.75,0,0,0.25],[0,0.5,0,0.5],[0,0.75,0.25,0],[0,0,0,1],[0,0,1,0],[0.75,0.25,0,0],[0.5,0.5,0,0],[0.75,0,0,0.25],[0,1,0,0],[0.25,0,0,0.75],[0.5,0.25,0.25,0],[0,0,0.25,0.75],[0.75,0,0.25,0],[0.75,0.25,0,0],[0.75,0,0,0.25],[1,0,0,0],[0.75,0,0,0.25],[0,0.25,0.25,0.5],[0,0,0,1],[0,0.75,0,0.25],[0,0.25,0,0.75],[0.75,0,0.25,0],[0,0,0.75,0.25],[1,0,0,0],[1,0,0,0],[0,0,1,0],[1,0,0,0],[0,0.25,0,0.75],[1,0,0,0],[1,0,0,0],[0.25,0.75,0,0],[0.75,0,0,0.25],[0.25,0,0,0.75],[0,0,0,1],[0.25,0,0.75,0],[0,0,1,0],[1,0,0,0],[0.75,0,0.25,0],[0.75,0,0.25,0],[0.75,0,0,0.25],[0.75,0.25,0,0],[0.25,0.75,0,0],[0,0.75,0,0.25],[0.25,0.75,0,0],[0,0,0.25,0.75],[0,0,0.25,0.75],[0.5,0.5,0,0],[0,0.25,0.25,0.5],[0.5,0,0.5,0],[0,0,0.75,0.25],[0.5,0,0,0.5],[0.25,0.25,0.5,0],[0.5,0.25,0.25,0],[0.25,0.5,0,0.25],[0,0.5,0,0.5],[0.25,0,0.5,0.25],[0.25,0.25,0.5,0],[0.25,0.25,0.25,0.25],[0,0.25,0.25,0.5],[0.25,0.25,0,0.5],[0.75,0,0,0.25],[0.25,0,0.5,0.25],[0,0,0.75,0.25],[0,0.5,0.25,0.25],[0.75,0,0,0.25],[0.75,0,0,0.25],[0,0.25,0.5,0.25],[0,0,0.5,0.5],[0.5,0.25,0,0.25],[0.5,0,0,0.5],[0,0.5,0,0.5],[0.25,0,0.25,0.5],[0.25,0.75,0,0],[0.5,0.25,0.25,0],[0,0.5,0,0.5],[0.25,0,0.5,0.25],[1,0,0,0],[0,0.5,0.5,0],[0.5,0.5,0,0],[0.75,0,0,0.25],[0.5,0.25,0,0.25],[0,0,0.5,0.5],[0.5,0.5,0,0],[0.5,0,0.25,0.25],[0.25,0.5,0.25,0],[0.5,0.5,0,0],[0.5,0.5,0,0],[0.75,0,0.25,0],[0.5,0.25,0.25,0],[0.75,0.25,0,0],[0.75,0,0,0.25],[0.25,0,0.5,0.25],[0,0.5,0,0.5],[0.75,0,0,0.25],[0.5,0.25,0.25,0],[1,0,0,0],[0.5,0,0,0.5],[0.25,0,0.5,0.25],[0.5,0.5,0,0],[0.75,0,0,0.25],[0.75,0,0,0.25],[0.5,0,0,0.5],[0.75,0,0,0.25],[0.75,0.25,0,0],[0.75,0,0.25,0],[0.5,0,0.5,0],[1,0,0,0],[0,0.5,0.5,0],[0.75,0,0,0.25],[0.5,0,0.25,0.25],[1,0,0,0],[0.25,0,0.5,0.25],[1,0,0,0],[0.25,0,0,0.75],[0.75,0,0,0.25],[0.5,0,0.25,0.25],[0.5,0,0,0.5],[0,0,0,1],[0.5,0,0.5,0],[0,0.25,0.75,0],[0,0.75,0.25,0],[0.25,0.25,0,0.5],[0,0.25,0.5,0.25],[0,0,0.5,0.5],[0,0.25,0.5,0.25],[0.75,0.25,0,0],[0,0.75,0.25,0],[0.25,0.25,0,0.5],[0.25,0,0,0.75],[0.75,0,0.25,0],[0.75,0,0,0.25],[0.5,0,0,0.5],[0,0,0.25,0.75],[0.25,0.25,0,0.5],[1,0,0,0],[1,0,0,0],[0.25,0.75,0,0],[0.25,0,0.25,0.5],[0.75,0.25,0,0],[0.75,0,0.25,0],[0.5,0.25,0.25,0],[0,0,0.5,0.5],[0.5,0,0.25,0.25],[0.25,0.25,0.25,0.25],[0,0.25,0,0.75],[0,0.25,0.25,0.5],[0.25,0.25,0,0.5],[0.25,0.25,0,0.5],[0.25,0.25,0.25,0.25],[0.25,0.25,0.5,0],[0.5,0.25,0.25,0],[0.5,0.5,0,0],[0.25,0.25,0.25,0.25],[0.25,0,0.5,0.25],[0.5,0.25,0.25,0],[0.25,0.5,0.25,0],[0.75,0,0,0.25],[0.75,0,0,0.25],[0.25,0.25,0.25,0.25],[0.5,0,0.25,0.25],[0.25,0,0.75,0],[0.25,0,0.25,0.5],[0.5,0.25,0,0.25],[0.5,0.5,0,0],[0.5,0.25,0.25,0],[0.25,0.25,0.5,0],[0.5,0,0.25,0.25],[0,0.5,0.25,0.25],[0.75,0.25,0,0],[0.5,0,0.5,0],[0,0.25,0.5,0.25],[0.5,0.25,0,0.25],[0.75,0,0.25,0],[0.5,0,0.25,0.25],[0.25,0.5,0.25,0],[0.5,0,0.25,0.25],[0.25,0,0.5,0.25],[0.5,0,0.5,0],[0.75,0,0,0.25],[0.75,0.25,0,0],[0.5,0.25,0.25,0],[0.5,0.25,0.25,0],[0.25,0.5,0.25,0],[0.25,0.5,0,0.25],[0.5,0.25,0,0.25],[0.5,0.5,0,0],[0.5,0.25,0,0.25],[0,0.5,0.5,0],[0.75,0.25,0,0],[0.25,0.5,0.25,0],[0.5,0.25,0,0.25]],null],"seqs":[5,6,10,12]},{"orient":6,"bin":128,"pvalue":1.77572e-07,"inferred_pwm":[[0,0,0,1],[0.25,0,0,0.75],[0,0,0.75,0.25],[0,0,0,1],[0,0,0,1],[0,0,1,0],[0.5,0,0,0.5],[1,0,0,0],[0.75,0,0,0.25],[0.75,0,0,0.25],[0,0,1,0],[0,0,1,0],[0,0,0.75,0.25],[0,0.25,0,0.75],[0.25,0,0.75,0]],"alignment_pwm":[null,null,[[0,0.25,0.75,0],[0.75,0,0,0.25],[1,0,0,0],[0.75,0,0.25,0],[0.25,0,0.5,0.25],[0,0,1,0],[1,0,0,0],[0,0.75,0,0.25],[0.75,0,0.25,0],[0.25,0.75,0,0],[0,1,0,0],[0,1,0,0],[0.25,0,0,0.75],[0.25,0,0,0.75],[0,0,0,1],[0.5,0,0,0.5],[0,1,0,0],[1,0,0,0],[1,0,0,0],[0.25,0.75,0,0],[0.75,0,0,0.25],[1,0,0,0],[0.75,0,0,0.25],[0.5,0,0,0.5],[0.25,0,0.75,0],[0.5,0,0.5,0],[0.25,0,0,0.75],[0.25,0,0.75,0],[0,0.75,0,0.25],[0,0,0,1],[0,0,1,0],[0.25,0,0.75,0],[0.25,0.25,0.5,0],[1,0,0,0],[0,0,0.25,0.75],[1,0,0,0],[0.75,0,0.25,0],[0,0.5,0,0.5],[0.25,0,0,0.75],[0.25,0,0.75,0],[0.25,0,0.75,0],[0.25,0.75,0,0],[0.25,0.25,0,0.5],[1,0,0,0],[0,0,1,0],[0.25,0.25,0,0.5],[0,0.75,0,0.25],[1,0,0,0],[0.25,0.75,0,0],[1,0,0,0],[0,0.5,0,0.5],[0.5,0,0.5,0],[