<!DOCTYPE HTML>
<html>
  <head>
    <meta charset="UTF-8">
    <title>SpaMo - Spaced Motif Analysis</title>
    <script type="text/javascript">
      //@JSON_VAR data
      var data = {"program":"SpaMo","version":"4.12.0","revision":"aacc9c3eb8c7b460b344d5c8aa1458097dae704d","release":"Tue Jun 27 16:22:50 2017 -0700","host":"Sudins-iMac.local","when":"Thu May 24 14:13:33 2018","cmd":["spamo","-verbosity","1","-oc","results/AHRpeaks_noAHREs.bed.fa/hocomoco/spamo_out_9","-bgfile","results/AHRpeaks_noAHREs.bed.fa/hocomoco/background","-primary","TGCCCTSAGGCW","results/AHRpeaks_noAHREs.bed.fa/hocomoco/AHRpeaks_noAHREs.bed.fa","results/AHRpeaks_noAHREs.bed.fa/hocomoco/meme_out/meme.xml","results/AHRpeaks_noAHREs.bed.fa/hocomoco/meme_out/meme.xml","results/AHRpeaks_noAHREs.bed.fa/hocomoco/dreme_out/dreme.xml","/Users/filipov4/meme/db/motif_databases/HUMAN/HOCOMOCOv11_full_HUMAN_mono_meme_format.meme"],"options":{"seq_min_hit_score":7,"margin":150,"bin_size":1,"bin_pvalue_calc_range":150,"use_best_secondary":0,"seq_max_shared_fract":0.5,"seq_odds_ratio":20,"bin_pvalue_cutoff":0.05,"motif_evalue_cutoff":10,"redundant_overlap":2,"redundant_joint":0.5,"motif_pseudocount":0.1,"bgfile":"results/AHRpeaks_noAHREs.bed.fa/hocomoco/background","motif_trim":0.25,"xalph":0,"seed":1,"bin_max":10},"alphabet":{"name":"DNA","like":"dna","ncore":4,"symbols":[{"symbol":"A","name":"Adenine","colour":"CC0000","complement":"T"},{"symbol":"C","name":"Cytosine","colour":"0000CC","complement":"G"},{"symbol":"G","name":"Guanine","colour":"FFB300","complement":"C"},{"symbol":"T","aliases":"U","name":"Thymine","colour":"008000","complement":"A"},{"symbol":"N","aliases":"X.","name":"Any base","equals":"ACGT"},{"symbol":"V","name":"Not T","equals":"ACG"},{"symbol":"H","name":"Not G","equals":"ACT"},{"symbol":"D","name":"Not C","equals":"AGT"},{"symbol":"B","name":"Not A","equals":"CGT"},{"symbol":"M","name":"Amino","equals":"AC"},{"symbol":"R","name":"Purine","equals":"AG"},{"symbol":"W","name":"Weak","equals":"AT"},{"symbol":"S","name":"Strong","equals":"CG"},{"symbol":"Y","name":"Pyrimidine","equals":"CT"},{"symbol":"K","name":"Keto","equals":"GT"}]},"background":[0.2912,0.2088,0.2088,0.2912],"sequence_dbs":[{"source":"results/AHRpeaks_noAHREs.bed.fa/hocomoco/AHRpeaks_noAHREs.bed.fa","name":"AHRpeaks_noAHREs.bed","last_modified":"Thu May 24 11:14:28 2018","loaded":1228,"excluded_too_short":13,"excluded_no_match":740,"excluded_ambigs":0,"excluded_similar":5,"erased_primary_matches":335}],"primary_dbs":[{"source":"results/AHRpeaks_noAHREs.bed.fa/hocomoco/meme_out/meme.xml","name":"meme.xml","last_modified":"Thu May 24 14:10:11 2018","loaded":6,"excluded":5}],"secondary_dbs":[{"source":"results/AHRpeaks_noAHREs.bed.fa/hocomoco/meme_out/meme.xml","name":"meme.xml","last_modified":"Thu May 24 14:10:11 2018","loaded":7,"excluded":1},{"source":"results/AHRpeaks_noAHREs.bed.fa/hocomoco/dreme_out/dreme.xml","name":"dreme.xml","last_modified":"Thu May 24 14:11:05 2018","loaded":8,"excluded":0},{"source":"/Users/filipov4/meme/db/motif_databases/HUMAN/HOCOMOCOv11_full_HUMAN_mono_meme_format.meme","name":"HOCOMOCOv11_full_HUMAN_mono_meme_format","last_modified":"Wed Dec  6 21:59:30 2017","loaded":771,"excluded":0}],"secondary_motifs":[{"db":0,"id":"GTCTATGTTCAGCDDTGCACRTATTGTCTT","alt":"MEME-7","len":30,"ltrim":0,"rtrim":0,"nsites":4,"evalue":"2.9e-005","pwm":[[0.00710244,0.00509269,0.980702,0.00710244],[0.00710244,0.00509269,0.00509269,0.982712],[0.00710244,0.980702,0.00509269,0.00710244],[0.00710244,0.00509269,0.00509269,0.982712],[0.982712,0.00509269,0.00509269,0.00710244],[0.00710244,0.00509269,0.00509269,0.982712],[0.00710244,0.00509269,0.980702,0.00710244],[0.00710244,0.248995,0.00509269,0.73881],[0.00710244,0.00509269,0.00509269,0.982712],[0.00710244,0.980702,0.00509269,0.00710244],[0.982712,0.00509269,0.00509269,0.00710244],[0.00710244,0.00509269,0.980702,0.00710244],[0.00710244,0.980702,0.00509269,0.00710244],[0.251005,0.00509269,0.248995,0.494907],[0.251005,0.00509269,0.492898,0.251005],[0.00710244,0.00509269,0.00509269,0.982712],[0.00710244,0.00509269,0.980702,0.00710244],[0.00710244,0.980702,0.00509269,0.00710244],[0.982712,0.00509269,0.00509269,0.00710244],[0.00710244,0.980702,0.00509269,0.00710244],[0.494907,0.00509269,0.492898,0.00710244],[0.00710244,0.00509269,0.00509269,0.982712],[0.73881,0.00509269,0.248995,0.00710244],[0.00710244,0.00509269,0.00509269,0.982712],[0.00710244,0.00509269,0.00509269,0.982712],[0.00710244,0.00509269,0.980702,0.00710244],[0.00710244,0.248995,0.00509269,0.73881],[0.00710244,0.980702,0.00509269,0.00710244],[0.00710244,0.00509269,0.00509269,0.982712],[0.00710244,0.00509269,0.00509269,0.982712]]},{"db":0,"id":"TGTGGTCAGACYGGTTCTCTGCTCTYRAAC","alt":"MEME-6","len":30,"ltrim":0,"rtrim":0,"nsites":6,"evalue":"4.6e-008","pwm":[[0.00477377,0.00342295,0.167358,0.824446],[0.00477377,0.167358,0.823095,0.00477377],[0.00477377,0.00342295,0.00342295,0.98838],[0.168709,0.00342295,0.823095,0.00477377],[0.00477377,0.00342295,0.98703,0.00477377],[0.00477377,0.00342295,0.167358,0.824446],[0.00477377,0.823095,0.167358,0.00477377],[0.660512,0.00342295,0.167358,0.168709],[0.00477377,0.00342295,0.98703,0.00477377],[0.98838,0.00342295,0.00342295,0.00477377],[0.168709,0.823095,0.00342295,0.00477377],[0.00477377,0.331291,0.167358,0.496577],[0.168709,0.00342295,0.823095,0.00477377],[0.00477377,0.167358,0.823095,0.00477377],[0.00477377,0.00342295,0.00342295,0.98838],[0.00477377,0.00342295,0.00342295,0.98838],[0.00477377,0.823095,0.00342295,0.168709],[0.00477377,0.00342295,0.167358,0.824446],[0.00477377,0.98703,0.00342295,0.00477377],[0.168709,0.00342295,0.167358,0.660512],[0.00477377,0.00342295,0.98703,0.00477377],[0.00477377,0.823095,0.00342295,0.168709],[0.00477377,0.00342295,0.00342295,0.98838],[0.00477377,0.823095,0.167358,0.00477377],[0.168709,0.00342295,0.00342295,0.824446],[0.168709,0.495226,0.00342295,0.332642],[0.660512,0.00342295,0.331291,0.00477377],[0.824446,0.00342295,0.167358,0.00477377],[0.98838,0.00342295,0.00342295,0.00477377],[0.00477377,0.659161,0.167358,0.168709]]},{"db":1,"id":"AGATAW","alt":"DREME-3","len":6,"ltrim":0,"rtrim":0,"nsites":278,"evalue":"2.5e-006","pwm":[[0.999745,7.5081e-05,7.5081e-05,0.00010471],[0.00010471,7.5081e-05,0.999715,0.00010471],[0.999745,7.5081e-05,7.5081e-05,0.00010471],[0.00010471,7.5081e-05,7.5081e-05,0.999745],[0.999745,7.5081e-05,7.5081e-05,0.00010471],[0.661738,7.5081e-05,7.5081e-05,0.338112]]},{"db":2,"id":"CEBPB_HUMAN.H11MO.0.A","len":12,"ltrim":1,"rtrim":1,"nsites":454,"evalue":"1.0e+000","url":"http://hocomoco.autosome.ru/motif/CEBPB_HUMAN.H11MO.0.A","pwm":[[0.237897,0.0991431,0.352391,0.310568],[0.453709,0.132175,0.387626,0.02649],[6.41268e-05,0.00224814,0.00224814,0.99544],[6.41268e-05,4.59811e-05,0.299539,0.70035],[0.30176,0.00224814,0.513149,0.182843],[0.167428,0.259901,0.0815258,0.491145],[6.41268e-05,4.59811e-05,0.999826,6.41268e-05],[0.081544,0.898526,4.59811e-05,0.0198835],[0.999844,4.59811e-05,4.59811e-05,6.41268e-05],[0.999844,4.59811e-05,4.59811e-05,6.41268e-05],[6.41268e-05,0.244486,0.147591,0.60786],[0.370027,0.332572,0.182825,0.114576]]},{"db":2,"id":"ETV7_HUMAN.H11MO.0.D","len":7,"ltrim":1,"rtrim":0,"nsites":500,"evalue":"1.0e+000","url":"http://hocomoco.autosome.ru/motif/ETV7_HUMAN.H11MO.0.D","pwm":[[0.24001,0.411959,0.295983,0.0520478],[0.657927,0.116019,0.16001,0.066045],[5.82283e-05,0.00204135,0.981845,0.016055],[0.00605703,0.0200378,0.973847,5.82283e-05],[0.975863,0.0120394,0.00804015,0.00405743],[0.929872,0.00404095,0.0600298,0.00605703],[0.331992,0.00404095,0.645913,0.0180546]]},{"db":2,"id":"FOXK1_HUMAN.H11MO.0.A","len":10,"ltrim":0,"rtrim":0,"nsites":500,"evalue":"1.0e+000","url":"http://hocomoco.autosome.ru/motif/FOXK1_HUMAN.H11MO.0.A","pwm":[[0.0200542,0.00804015,0.0100398,0.961866],[0.076043,0.0200378,0.895863,0.00805663],[0.00605703,0.0860246,0.0200378,0.887881],[0.00205783,0.0100398,0.100022,0.887881],[0.0200542,0.0200378,0.166009,0.793899],[0.49196,0.251991,0.0620294,0.194019],[0.0240534,0.655911,0.0400338,0.280002],[0.303997,0.233995,0.11002,0.351988],[0.154027,0.211999,0.150012,0.483961],[0.116035,0.227996,0.144013,0.511956]]},{"db":2,"id":"GATA1_HUMAN.H11MO.0.A","len":19,"ltrim":1,"rtrim":1,"nsites":500,"evalue":"1.0e+000","url":"http://hocomoco.autosome.ru/motif/GATA1_HUMAN.H11MO.0.A","pwm":[[0.19202,0.403961,0.206001,0.198019],[0.116035,0.144013,0.190004,0.549948],[0.056047,0.0780262,0.639914,0.226013],[0.118035,0.206001,0.389964,0.286001],[0.194019,0.313979,0.281985,0.210016],[0.268005,0.245993,0.277986,0.208017],[0.224013,0.21,0.367968,0.198019],[0.262006,0.168008,0.339974,0.230012],[0.214015,0.223997,0.313979,0.248009],[0.331992,0.188004,0.323977,0.156027],[0.184021,0.387964,0.321977,0.106037],[0.719914,0.0200378,0.00804015,0.252008],[0.00605703,4.17517e-05,0.993843,5.82283e-05],[0.995859,4.17517e-05,4.17517e-05,0.00405743],[0.00205783,4.17517e-05,0.0120394,0.985861],[0.945869,0.00404095,0.014039,0.036051],[0.857887,0.0160386,0.0900238,0.036051],[0.214015,0.154011,0.553931,0.0780426],[0.351988,0.188004,0.345973,0.114035]]},{"db":2,"id":"GATA2_HUMAN.H11MO.0.A","len":19,"ltrim":1,"rtrim":1,"nsites":500,"evalue":"1.0e+000","url":"http://hocomoco.autosome.ru/motif/GATA2_HUMAN.H11MO.0.A","pwm":[[0.132032,0.451951,0.225997,0.19002],[0.124033,0.104021,0.15801,0.613935],[0.0800422,0.0500318,0.651911,0.218015],[0.132032,0.221997,0.413959,0.232012],[0.272004,0.156011,0.289984,0.282002],[0.303997,0.15801,0.305981,0.232012],[0.248009,0.198002,0.367968,0.186021],[0.270004,0.196003,0.275987,0.258007],[0.222014,0.223997,0.267988,0.286001],[0.325993,0.114019,0.343973,0.216015],[0.19202,0.337974,0.371967,0.0980386],[0.773903,0.00404095,0.00804015,0.214015],[5.82283e-05,4.17517e-05,0.995843,0.00405743],[0.985861,4.17517e-05,0.00804015,0.00605703],[0.00605703,0.00204135,0.0160386,0.975863],[0.965865,0.00604055,4.17517e-05,0.0280526],[0.843889,0.0100398,0.114019,0.0320518],[0.14003,0.168008,0.627916,0.0640454],[0.343989,0.192003,0.389964,0.0740434]]},{"db":2,"id":"GSC2_HUMAN.H11MO.0.D","len":11,"ltrim":0,"rtrim":1,"nsites":610,"evalue":"1.0e+000","url":"http://hocomoco.autosome.ru/motif/GSC2_HUMAN.H11MO.0.D","pwm":[[0.426617,0.0627289,0.41513,0.0955239],[0.118061,0.0574019,0.463893,0.360644],[0.24345,0.469629,0.190987,0.0959337],[0.0246339,0.100018,0.868744,0.00660403],[0.0377465,0.00659053,0.952337,0.00332588],[0.58192,3.42239e-05,0.417998,4.77299e-05],[0.0328292,0.0639582,0.0016733,0.901539],[0.0311902,0.0246204,0.296707,0.647483],[0.577002,0.0213422,0.355714,0.0459418],[0.199605,0.0569921,0.650337,0.0930653],[0.142238,0.23729,0.358582,0.26189]]},{"db":2,"id":"HXD12_HUMAN.H11MO.0.D","len":11,"ltrim":2,"rtrim":4,"nsites":6722,"evalue":"1.0e+000","url":"http://hocomoco.autosome.ru/motif/HXD12_HUMAN.H11MO.0.D","pwm":[[0.3526,0.171339,0.229516,0.246545],[0.351686,0.135186,0.234332,0.278796],[0.174724,0.0474473,0.175836,0.601993],[0.0186355,0.00987761,0.103778,0.867709],[4.33198e-06,3.10617e-06,0.0445372,0.955455],[4.33198e-06,9.68272e-05,0.0405868,0.959312],[0.999989,3.10617e-06,3.10617e-06,4.33198e-06],[0.240733,0.267057,0.132498,0.359711],[0.141805,0.159867,0.331437,0.366891],[0.406249,0.135372,0.279465,0.178914],[0.195349,0.34575,0.245316,0.213584]]},{"db":2,"id":"NFAC2_HUMAN.H11MO.0.B","len":9,"ltrim":0,"rtrim":1,"nsites":86,"evalue":"1.0e+000","url":"http://hocomoco.autosome.ru/motif/NFAC2_HUMAN.H11MO.0.B","pwm":[[0.256362,0.0565439,0.145363,0.54173],[0.000338211,0.000242509,0.999081,0.000338211],[0.000338211,0.000242509,0.999081,0.000338211],[0.999177,0.000242509,0.000242509,0.000338211],[0.971641,0.000242509,0.0277785,0.000338211],[0.951213,0.0169608,0.0314881,0.000338211],[0.795072,0.0582649,0.0612151,0.0854482],[0.297196,0.133316,0.0988963,0.470591],[0.160008,0.235101,0.171178,0.433712]]},{"db":2,"id":"PATZ1_HUMAN.H11MO.1.C","len":9,"ltrim":0,"rtrim":0,"nsites":496,"evalue":"1.0e+000","url":"http://hocomoco.autosome.ru/motif/PATZ1_HUMAN.H11MO.1.C","pwm":[[0.510037,0.125017,0.229834,0.135112],[0.0585147,0.0121364,0.818425,0.110923],[0.0222316,0.0161679,0.92929,0.0323103],[0.0242474,0.0282622,0.941385,0.00610587],[0.969621,0.00810498,4.20883e-05,0.0222316],[0.223804,0.00205781,0.753922,0.0202159],[0.195584,0.00407353,0.705545,0.0947977],[0.276213,0.0181836,0.628948,0.0766562],[0.131081,0.0242308,0.810363,0.034326]]},{"db":2,"id":"TAL1_HUMAN.H11MO.0.A","len":19,"ltrim":0,"rtrim":1,"nsites":500,"evalue":"1.0e+000","url":"http://hocomoco.autosome.ru/motif/TAL1_HUMAN.H11MO.0.A","pwm":[[0.102038,0.571927,0.16001,0.166025],[0.0700442,0.148012,0.152011,0.629932],[0.0340514,0.0360346,0.719898,0.210016],[0.0580466,0.269988,0.483945,0.188021],[0.186021,0.225997,0.323977,0.264005],[0.230012,0.225997,0.363969,0.180022],[0.214015,0.213999,0.385965,0.186021],[0.19202,0.21,0.405961,0.19202],[0.154027,0.30798,0.317978,0.220014],[0.29,0.170008,0.377966,0.162026],[0.118035,0.473947,0.327976,0.0800422],[0.63993,0.0320354,0.00804015,0.319994],[0.00205783,0.00204135,0.995843,5.82283e-05],[0.999858,4.17517e-05,4.17517e-05,5.82283e-05],[0.00405743,4.17517e-05,0.00204135,0.993859],[0.949868,0.00204135,0.0120394,0.036051],[0.821894,0.0160386,0.148012,0.0140554],[0.144029,0.164009,0.633915,0.0580466],[0.29,0.217998,0.413959,0.0780426]]},{"db":2,"id":"TF65_HUMAN.H11MO.0.A","len":14,"ltrim":1,"rtrim":1,"nsites":500,"evalue":"1.0e+000","url":"http://hocomoco.autosome.ru/motif/TF65_HUMAN.H11MO.0.A","pwm":[[0.272004,0.387964,0.132015,0.208017],[0.477963,0.0780262,0.130016,0.313995],[0.0200542,0.014039,0.919858,0.046049],[0.00605703,4.17517e-05,0.979846,0.0140554],[0.0100562,4.17517e-05,0.901861,0.0880406],[0.555947,0.0100398,0.395963,0.0380506],[0.53995,0.237994,0.0660286,0.156027],[0.24001,0.0180382,0.00404095,0.737911],[0.0100562,0.0180382,0.0100398,0.961866],[0.00805663,0.180006,4.17517e-05,0.811896],[0.016055,0.929856,0.00204135,0.0520478],[0.0240534,0.933855,0.00604055,0.036051],[0.427973,0.35797,0.0760266,0.138031],[0.325993,0.217998,0.333975,0.122034]]},{"db":2,"id":"ZEB1_HUMAN.H11MO.0.A","len":10,"ltrim":0,"rtrim":0,"nsites":500,"evalue":"1.0e+000","url":"http://hocomoco.autosome.ru/motif/ZEB1_HUMAN.H11MO.0.A","pwm":[[0.0500482,0.273987,0.435955,0.24001],[0.361986,0.339974,0.227996,0.0700442],[0.174023,0.811879,0.00404095,0.0100562],[0.973863,0.00204135,0.00204135,0.0220538],[0.0220538,0.00404095,0.951851,0.0220538],[0.0100562,0.00404095,0.967848,0.0180546],[0.146029,0.014039,0.00604055,0.833891],[0.313995,0.00604055,0.671907,0.00805663],[0.43997,0.0800258,0.144013,0.335991],[0.208017,0.138014,0.601921,0.0520478]]},{"db":2,"id":"ZN436_HUMAN.H11MO.0.C","len":24,"ltrim":0,"rtrim":0,"nsites":485,"evalue":"1.0e+000","url":"http://hocomoco.autosome.ru/motif/ZN436_HUMAN.H11MO.0.C","pwm":[[0.0557187,0.0783774,0.117545,0.748359],[0.0206743,0.855537,0.0371488,0.0866401],[0.531909,0.317503,0.0268416,0.123746],[0.301029,0.0969303,0.465926,0.136114],[0.0866401,0.0185959,0.869967,0.0247972],[0.0247972,0.00210447,0.968915,0.00418289],[0.849369,0.0495174,0.0660088,0.0351043],[0.515418,0.0124116,0.457681,0.01449],[0.0412886,0.00622733,0.948301,0.00418289],[0.167036,0.0598245,0.754527,0.0186129],[6.00288e-05,0.999837,4.30427e-05,6.00288e-05],[0.0206743,0.0247802,0.0103502,0.944195],[0.0103672,0.0557017,0.0845617,0.849369],[6.00288e-05,0.981284,0.00210447,0.0165515],[0.0722101,0.843168,0.0103502,0.0742715],[0.0330429,0.105176,0.0165345,0.845247],[0.0536572,4.30427e-05,0.921503,0.0247972],[0.0351043,0.0144731,0.925625,0.0247972],[0.952441,0.0041659,0.0165345,0.0268586],[0.117562,4.30427e-05,0.882335,6.00288e-05],[0.0103672,0.00210447,0.985407,0.00212146],[0.911212,0.0350874,0.0124116,0.0412886],[0.15879,4.30427e-05,0.841107,6.00288e-05],[0.0289201,0.00210447,0.956547,0.0124286]]}],"sequence_names":["chr10:127273100-127273949","chr10:20911600-20912149","chr10:5535650-5536149","chr10:76403200-76403799","chr10:79342200-79342849","chr10:9110750-9111699","chr10:9229600-9230799","chr10:9391250-9391649","chr10:98070800-98071749","chr11:86180800-86181499","chr11:86210650-86211449","chr11:9148650-9149399","chr12:54229900-54230349","chr12:59270600-59271349","chr12:81262200-81262849","chr12:83076050-83077149","chr13:20748800-20749249","chr14:100497750-100498999","chr14:32603800-32604349","chr14:59721000-59721649","chr14:59744700-59745199","chr14:68773400-68774249","chr14:71938050-71939249","chr14:77499400-77499849","chr14:96583300-96584099","chr15:39960600-39961099","chr15:95335400-95336049","chr15:96431050-96431549","chr16:11453100-11453649","chr16:19554900-19555449","chr16:27246350-27246899","chr16:30115800-30116249","chr16:72958850-72959349","chr16:84133200-84133599","chr16:85505150-85506149","chr17:26652900-26653699","chr17:38705450-38706449","chr17:59433700-59434749","chr17:64948050-64948849","chr17:73696400-73696949","chr18:568350-569099","chr19:35809900-35810349","chr1:114576750-114577199","chr1:17880350-17881099","chr1:20558950-20559549","chr1:21964950-21965549","chr1:26730900-26731599","chr1:8242300-8242949","chr1:8975400-8976099","chr20:17585700-17586449","chr20:22902350-22903199","chr20:39715150-39716149","chr20:41200900-41201699","chr20:46093100-46093749","chr20:49306150-49306999","chr20:55880650-55881299","chr22:41128450-41129199","chr2:100884100-100884799","chr2:102026950-102027749","chr2:111504650-111505599","chr2:121156650-121157149","chr2:130715400-130715899","chr2:153020100-153020699","chr2:159580000-159580999","chr2:20696000-20696699","chr2:216795300-216796099","chr2:218112100-218112749","chr2:237732950-237734299","chr2:7932350-7932749","chr3:104229300-104229649","chr3:136062150-136063199","chr3:14309800-14310549","chr3:161133400-161134099","chr3:171858300-171859049","chr3:180576700-180577349","chr3:193589800-193590599","chr3:194215850-194216249","chr3:195316450-195317049","chr3:20150150-20150999","chr3:9140250-9140849","chr4:153199500-153200099","chr4:173258600-173259199","chr4:87372750-87373299","chr4:89065950-89066549","chr5:124744000-124744799","chr5:131725100-131726049","chr5:132793450-132793899","chr5:135389150-135389949","chr5:172899600-172900349","chr5:173962350-173963099","chr5:429800-430299","chr5:66530300-66531149","chr5:83731650-83732099","chr6:121914250-121914899","chr6:125905500-125906349","chr6:15817050-15817949","chr6:167308100-167308449","chr6:170501650-170502349","chr7:101647300-101647949","chr7:107981150-107981699","chr7:140675700-140676399","chr7:152156950-152157599","chr7:22712800-22713449","chr7:23373900-23374799","chr7:34097100-34098099","chr8:91784250-91784849","chr8:92219600-92220449","chr9:110582200-110582599","chr9:115154300-115154899","chr9:116227700-116228399","chr9:130749050-130750049","chr9:131060800-131061649","chr9:25519200-25519699","chr9:33233800-33234549","chr9:71115350-71116299","chr9:96656100-96656599","chrX:154624400-154625049"],"primaries":[{"motif":{"db":0,"id":"TGCCCTSAGGCW","alt":"MEME-3","len":12,"ltrim":0,"rtrim":0,"nsites":43,"evalue":"2.1e-004","pwm":[[0.0702808,0.139696,0.139696,0.650328],[0.139887,0.000484455,0.742944,0.116685],[0.000675638,0.650137,0.0932916,0.255896],[0.000675638,0.95176,0.000484455,0.0470797],[0.139887,0.835751,0.0236865,0.000675638],[0.000675638,0.302109,0.0700896,0.627126],[0.000675638,0.557329,0.441319,0.000675638],[0.789539,0.000484455,0.116494,0.0934828],[0.000675638,0.000484455,0.974962,0.0238777],[0.000675638,0.0468885,0.95176,0.000675638],[0.000675638,0.882155,0.116494,0.000675638],[0.3023,0.1861,0.000484455,0.511117]]},"secondaries":[[{"idx":1,"counts":[[0,0,0,0,0,0,0,0,0,0,0,0,0,0,0,0,0,0,0,0,0,0,0,0,0,0,0,0,0,0,0,0,0,0,0,0,0,0,0,0,0,0,0,0,0,0,0,0,0,0,0,0,0,0,0,0,0,0,0,0,0,0,0,0,0,0,0,0,0,0,0,0,0,0,0,0,0,0,0,0,0,0,0,0,0,0,0,0,0,0,0,0,0,0,0,0,0,0,0,0,0,0,0,0,0,0,0,0,0,0,0,0,0,0,0,0,0,0,0,0,0,0],[0,0,0,0,0,0,0,0,0,0,0,0,0,0,0,0,0,0,0,0,0,0,0,0,0,0,0,0,0,0,0,0,3,1,0,1,0,0,0,0,0,0,0,0,0,0,0,0,0,0,0,0,0,0,0,0,0,0,0,0,0,0,0,0,0,0,0,0,0,0,0,0,0,0,0,0,0,0,0,0,0,0,0,0,0,0,0,0,0,0,0,0,0,0,0,0,0,0,0,0,0,0,0,0,0,0,0,0,0,0,0,0,0,0,0,0,0,0,0,0,0,0],[0,0,0,0,0,0,0,0,0,0,0,0,0,0,0,0,0,0,0,0,0,0,0,0,0,0,0,0,0,0,0,0,0,0,0,0,0,0,0,0,0,0,0,0,0,0,0,0,0,0,0,0,0,0,0,0,0,0,0,0,0,0,0,0,0,0,0,0,0,0,0,0,0,0,0,0,0,0,0,0,0,0,0,0,0,0,0,0,0,0,0,0,0,0,0,0,0,0,0,0,0,0,0,0,0,0,0,0,0,0,0,0,0,0,0,0,0,0,0,0,0,0],[0,0,0,0,0,0,0,0,0,0,0,0,0,0,0,0,0,0,0,0,0,0,0,0,0,0,0,0,0,0,0,0,0,0,0,0,0,0,0,0,0,0,0,0,0,0,0,0,0,0,0,0,0,0,0,0,0,0,0,0,0,0,0,0,0,0,0,0,0,0,0,0,0,0,0,0,0,0,0,0,0,0,0,0,0,0,0,0,0,0,0,0,0,0,0,0,0,0,0,0,0,0,0,0,0,0,0,0,0,0,0,0,0,0,0,0,0,0,0,0,0,0]],"spacings":[{"orient":1,"bin":32,"pvalue":8.79259e-08,"inferred_pwm":[[0,0,0,1],[0,0.666667,0,0.333333],[0,0,0,1],[0.666667,0,0.333333,0],[0,0,1,0],[0,0,0,1],[0,1,0,0],[1,0,0,0],[0,0,1,0],[1,0,0,0],[0,1,0,0],[0,0.666667,0,0.333333],[0,0,1,0],[0,0,1,0],[0,0,0,1],[0,0,0,1],[0,0.666667,0.333333,0],[0,0,0,1],[0,1,0,0],[0,0,0,1],[0,0,1,0],[0,1,0,0],[0,0,0,1],[0,1,0,0],[0,0,0,1],[0,0.333333,0,0.666667],[0,0,1,0],[1,0,0,0],[1,0,0,0],[0,1,0,0]],"alignment_pwm":[null,[[1,0,0,0],[0.333333,0,0.666667,0],[1,0,0,0],[0,0.666667,0.333333,0],[0.333333,0,0.666667,0],[0.333333,0,0.666667,0],[0,0.666667,0,0.333333],[0,0.666667,0,0.333333],[0,0.333333,0.666667,0],[0,0.666667,0,0.333333],[0,0,0,1],[0,1,0,0],[0,0,0,1],[0,0,1,0],[0,0,1,0],[0.333333,0,0.666667,0],[0.666667,0,0.333333,0],[0,0,1,0],[0,0,0,1],[0,0,1,0],[0,0,0,1],[0,0.666667,0.333333,0],[0,0,0,1],[0.333333,0,0.666667,0],[0,0,0,1],[0,1,0,0],[0,0,0,1],[0,0,0,1],[1,0,0,0],[0,0,0,1],[0,0,1,0],[0,0.666667,0,0.333333],[0,0,1,0],[0,0,1,0],[0,0,0,1],[0,0,0,1],[0,0,1,0],[1,0,0,0],[0,0,1,0],[1,0,0,0],[0,0,0,1],[1,0,0,0],[1,0,0,0],[0,0,1,0],[0,0,1,0],[1,0,0,0],[0,1,0,0],[0,0,0,1],[0,0,1,0],[1,0,0,0],[1,0,0,0],[1,0,0,0],[0,0,0,1],[1,0,0,0],[0,1,0,0],[0.333333,0,0.666667,0],[0,1,0,0],[0,1,0,0],[0,1,0,0],[0,0,0,1],[0,0,1,0],[0,0,1,0],[0,0,0,1],[0,1,0,0],[0,0,0,1],[0,1,0,0],[0,1,0,0],[0,0,0,1],[0,0,1,0],[0,1,0,0],[1,0,0,0],[0,0,1,0],[0,0,0,1],[0.25,0.25,0.25,0.25],[0.25,0.25,0.25,0.25],[0.25,0.25,0.25,0.25],[0.25,0.25,0.25,0.25],[0.25,0.25,0.25,0.25],[0.25,0.25,0.25,0.25],[0.25,0.25,0.25,0.25],[0.25,0.25,0.25,0.25],[0.25,0.25,0.25,0.25],[0.25,0.25,0.25,0.25],[0.25,0.25,0.25,0.25],[0.25,0.25,0.25,0.25],[0.666667,0,0.333333,0],[0,1,0,0],[0.333333,0,0,0.666667],[1,0,0,0],[0,0,1,0],[0,0,1,0],[1,0,0,0],[0,0,0,1],[0,0,0,1],[0,0,1,0],[0,0,1,0],[0,0,1,0],[1,0,0,0],[1,0,0,0],[1,0,0,0],[0,0.333333,0,0.666667],[0,0,0,1],[0,0.666667,0.333333,0],[0,1,0,0],[1,0,0,0],[0,0,1,0],[0,1,0,0],[0,1,0,0],[0,0,0,1],[0,0,1,0],[0.333333,0,0.666667,0],[0,0,0,1],[1,0,0,0],[1,0,0,0],[1,0,0,0],[0,0,0,1],[0,0,0,1],[0,0.666667,0,0.333333],[0,0,0,1],[0.666667,0,0.333333,0],[0,0,1,0],[0,0,0,1],[0,1,0,0],[1,0,0,0],[0,0,1,0],[1,0,0,0],[0,1,0,0],[0,0.666667,0,0.333333],[0,0,1,0],[0,0,1,0],[0,0,0,1],[0,0,0,1],[0,0.666667,0.333333,0],[0,0,0,1],[0,1,0,0],[0,0,0,1],[0,0,1,0],[0,1,0,0],[0,0,0,1],[0,1,0,0],[0,0,0,1],[0,0.333333,0,0.666667],[0,0,1,0],[1,0,0,0],[1,0,0,0],[0,1,0,0],[0,0.666667,0,0.333333],[0,1,0,0],[0,0,0,1],[0,0,1,0],[0,0,0,1],[0,0.333333,0,0.666667],[0,0,0,1],[0,0.666667,0,0.333333],[0,1,0,0],[0,0,0,1]],null,null],"seqs":[44,62,92]},{"orient":6,"bin":32,"pvalue":7.01226e-07,"inferred_pwm":[[0,0,0,1],[0,0.666667,0,0.333333],[0,0,0,1],[0.666667,0,0.333333,0],[0,0,1,0],[0,0,0,1],[0,1,0,0],[1,0,0,0],[0,0,1,0],[1,0,0,0],[0,1,0,0],[0,0.666667,0,0.333333],[0,0,1,0],[0,0,1,0],[0,0,0,1],[0,0,0,1],[0,0.666667,0.333333,0],[0,0,0,1],[0,1,0,0],[0,0,0,1],[0,0,1,0],[0,1,0,0],[0,0,0,1],[0,1,0,0],[0,0,0,1],[0,0.333333,0,0.666667],[0,0,1,0],[1,0,0,0],[1,0,0,0],[0,1,0,0]],"alignment_pwm":[null,[[1,0,0,0],[0.333333,0,0.666667,0],[1,0,0,0],[0,0.666667,0.333333,0],[0.333333,0,0.666667,0],[0.333333,0,0.666667,0],[0,0.666667,0,0.333333],[0,0.666667,0,0.333333],[0,0.333333,0.666667,0],[0,0.666667,0,0.333333],[0,0,0,1],[0,1,0,0],[0,0,0,1],[0,0,1,0],[0,0,1,0],[0.333333,0,0.666667,0],[0.666667,0,0.333333,0],[0,0,1,0],[0,0,0,1],[0,0,1,0],[0,0,0,1],[0,0.666667,0.333333,0],[0,0,0,1],[0.333333,0,0.666667,0],[0,0,0,1],[0,1,0,0],[0,0,0,1],[0,0,0,1],[1,0,0,0],[0,0,0,1],[0,0,1,0],[0,0.666667,0,0.333333],[0,0,1,0],[0,0,1,0],[0,0,0,1],[0,0,0,1],[0,0,1,0],[1,0,0,0],[0,0,1,0],[1,0,0,0],[0,0,0,1],[1,0,0,0],[1,0,0,0],[0,0,1,0],[0,0,1,0],[1,0,0,0],[0,1,0,0],[0,0,0,1],[0,0,1,0],[1,0,0,0],[1,0,0,0],[1,0,0,0],[0,0,0,1],[1,0,0,0],[0,1,0,0],[0.333333,0,0.666667,0],[0,1,0,0],[0,1,0,0],[0,1,0,0],[0,0,0,1],[0,0,1,0],[0,0,1,0],[0,0,0,1],[0,1,0,0],[0,0,0,1],[0,1,0,0],[0,1,0,0],[0,0,0,1],[0,0,1,0],[0,1,0,0],[1,0,0,0],[0,0,1,0],[0,0,0,1],[0.25,0.25,0.25,0.25],[0.25,0.25,0.25,0.25],[0.25,0.25,0.25,0.25],[0.25,0.25,0.25,0.25],[0.25,0.25,0.25,0.25],[0.25,0.25,0.25,0.25],[0.25,0.25,0.25,0.25],[0.25,0.25,0.25,0.25],[0.25,0.25,0.25,0.25],[0.25,0.25,0.25,0.25],[0.25,0.25,0.25,0.25],[0.25,0.25,0.25,0.25],[0.666667,0,0.333333,0],[0,1,0,0],[0.333333,0,0,0.666667],[1,0,0,0],[0,0,1,0],[0,0,1,0],[1,0,0,0],[0,0,0,1],[0,0,0,1],[0,0,1,0],[0,0,1,0],[0,0,1,0],[1,0,0,0],[1,0,0,0],[1,0,0,0],[0,0.333333,0,0.666667],[0,0,0,1],[0,0.666667,0.333333,0],[0,1,0,0],[1,0,0,0],[0,0,1,0],[0,1,0,0],[0,1,0,0],[0,0,0,1],[0,0,1,0],[0.333333,0,0.666667,0],[0,0,0,1],[1,0,0,0],[1,0,0,0],[1,0,0,0],[0,0,0,1],[0,0,0,1],[0,0.666667,0,0.333333],[0,0,0,1],[0.666667,0,0.333333,0],[0,0,1,0],[0,0,0,1],[0,1,0,0],[1,0,0,0],[0,0,1,0],[1,0,0,0],[0,1,0,0],[0,0.666667,0,0.333333],[0,0,1,0],[0,0,1,0],[0,0,0,1],[0,0,0,1],[0,0.666667,0.333333,0],[0,0,0,1],[0,1,0,0],[0,0,0,1],[0,0,1,0],[0,1,0,0],[0,0,0,1],[0,1,0,0],[0,0,0,1],[0,0.333333,0,0.666667],[0,0,1,0],[1,0,0,0],[1,0,0,0],[0,1,0,0],[0,0.666667,0,0.333333],[0,1,0,0],[0,0,0,1],[0,0,1,0],[0,0,0,1],[0,0.333333,0,0.666667],[0,0,0,1],[0,0.666667,0,0.333333],[0,1,0,0],[0,0,0,1]],null,null],"seqs":[44,62,92]},{"orient":7,"bin":32,"pvalue":7.01226e-07,"inferred_pwm":[[0,0,0,1],[0,0.666667,0,0.333333],[0,0,0,1],[0.666667,0,0.333333,0],[0,0,1,0],[0,0,0,1],[0,1,0,0],[1,0,0,0],[0,0,1,0],[1,0,0,0],[0,1,0,0],[0,0.666667,0,0.333333],[0,0,1,0],[0,0,1,0],[0,0,0,1],[0,0,0,1],[0,0.666667,0.333333,0],[0,0,0,1],[0,1,0,0],[0,0,0,1],[0,0,1,0],[0,1,0,0],[0,0,0,1],[0,1,0,0],[0,0,0,1],[0,0.333333,0,0.666667],[0,0,1,0],[1,0,0,0],[1,0,0,0],[0,1,0,0]],"alignment_pwm":[null,[[1,0,0,0],[0.333333,0,0.666667,0],[1,0,0,0],[0,0.666667,0.333333,0],[0.333333,0,0.666667,0],[0.333333,0,0.666667,0],[0,0.666667,0,0.333333],[0,0.666667,0,0.333333],[0,0.333333,0.666667,0],[0,0.666667,0,0.333333],[0,0,0,1],[0,1,0,0],[0,0,0,1],[0,0,1,0],[0,0,1,0],[0.333333,0,0.666667,0],[0.666667,0,0.333333,0],[0,0,1,0],[0,0,0,1],[0,0,1,0],[0,0,0,1],[0,0.666667,0.333333,0],[0,0,0,1],[0.333333,0,0.666667,0],[0,0,0,1],[0,1,0,0],[0,0,0,1],[0,0,0,1],[1,0,0,0],[0,0,0,1],[0,0,1,0],[0,0.666667,0,0.333333],[0,0,1,0],[0,0,1,0],[0,0,0,1],[0,0,0,1],[0,0,1,0],[1,0,0,0],[0,0,1,0],[1,0,0,0],[0,0,0,1],[1,0,0,0],[1,0,0,0],[0,0,1,0],[0,0,1,0],[1,0,0,0],[0,1,0,0],[0,0,0,1],[0,0,1,0],[1,0,0,0],[1,0,0,0],[1,0,0,0],[0,0,0,1],[1,0,0,0],[0,1,0,0],[0.333333,0,0.666667,0],[0,1,0,0],[0,1,0,0],[0,1,0,0],[0,0,0,1],[0,0,1,0],[0,0,1,0],[0,0,0,1],[0,1,0,0],[0,0,0,1],[0,1,0,0],[0,1,0,0],[0,0,0,1],[0,0,1,0],[0,1,0,0],[1,0,0,0],[0,0,1,0],[0,0,0,1],[0.25,0.25,0.25,0.25],[0.25,0.25,0.25,0.25],[0.25,0.25,0.25,0.25],[0.25,0.25,0.25,0.25],[0.25,0.25,0.25,0.25],[0.25,0.25,0.25,0.25],[0.25,0.25,0.25,0.25],[0.25,0.25,0.25,0.25],[0.25,0.25,0.25,0.25],[0.25,0.25,0.25,0.25],[0.25,0.25,0.25,0.25],[0.25,0.25,0.25,0.25],[0.666667,0,0.333333,0],[0,1,0,0],[0.333333,0,0,0.666667],[1,0,0,0],[0,0,1,0],[0,0,1,0],[1,0,0,0],[0,0,0,1],[0,0,0,1],[0,0,1,0],[0,0,1,0],[0,0,1,0],[1,0,0,0],[1,0,0,0],[1,0,0,0],[0,0.333333,0,0.666667],[0,0,0,1],[0,0.666667,0.333333,0],[0,1,0,0],[1,0,0,0],[0,0,1,0],[0,1,0,0],[0,1,0,0],[0,0,0,1],[0,0,1,0],[0.333333,0,0.666667,0],[0,0,0,1],[1,0,0,0],[1,0,0,0],[1,0,0,0],[0,0,0,1],[0,0,0,1],[0,0.666667,0,0.333333],[0,0,0,1],[0.666667,0,0.333333,0],[0,0,1,0],[0,0,0,1],[0,1,0,0],[1,0,0,0],[0,0,1,0],[1,0,0,0],[0,1,0,0],[0,0.666667,0,0.333333],[0,0,1,0],[0,0,1,0],[0,0,0,1],[0,0,0,1],[0,0.666667,0.333333,0],[0,0,0,1],[0,1,0,0],[0,0,0,1],[0,0,1,0],[0,1,0,0],[0,0,0,1],[0,1,0,0],[0,0,0,1],[0,0.333333,0,0.666667],[0,0,1,0],[1,0,0,0],[1,0,0,0],[0,1,0,0],[0,0.666667,0,0.333333],[0,1,0,0],[0,0,0,1],[0,0,1,0],[0,0,0,1],[0,0.333333,0,0.666667],[0,0,0,1],[0,0.666667,0,0.333333],[0,1,0,0],[0,0,0,1]],null,null],"seqs":[44,62,92]},{"orient":8,"bin":32,"pvalue":5.57499e-06,"inferred_pwm":[[0,0,0,1],[0,0.666667,0,0.333333],[0,0,0,1],[0.666667,0,0.333333,0],[0,0,1,0],[0,0,0,1],[0,1,0,0],[1,0,0,0],[0,0,1,0],[1,0,0,0],[0,1,0,0],[0,0.666667,0,0.333333],[0,0,1,0],[0,0,1,0],[0,0,0,1],[0,0,0,1],[0,0.666667,0.333333,0],[0,0,0,1],[0,1,0,0],[0,0,0,1],[0,0,1,0],[0,1,0,0],[0,0,0,1],[0,1,0,0],[0,0,0,1],[0,0.333333,0,0.666667],[0,0,1,0],[1,0,0,0],[1,0,0,0],[0,1,0,0]],"alignment_pwm":[null,[[1,0,0,0],[0.333333,0,0.666667,0],[1,0,0,0],[0,0.666667,0.333333,0],[0.333333,0,0.666667,0],[0.333333,0,0.666667,0],[0,0.666667,0,0.333333],[0,0.666667,0,0.333333],[0,0.333333,0.666667,0],[0,0.666667,0,0.333333],[0,0,0,1],[0,1,0,0],[0,0,0,1],[0,0,1,0],[0,0,1,0],[0.333333,0,0.666667,0],[0.666667,0,0.333333,0],[0,0,1,0],[0,0,0,1],[0,0,1,0],[0,0,0,1],[0,0.666667,0.333333,0],[0,0,0,1],[0.333333,0,0.666667,0],[0,0,0,1],[0,1,0,0],[0,0,0,1],[0,0,0,1],[1,0,0,0],[0,0,0,1],[0,0,1,0],[0,0.666667,0,0.333333],[0,0,1,0],[0,0,1,0],[0,0,0,1],[0,0,0,1],[0,0,1,0],[1,0,0,0],[0,0,1,0],[1,0,0,0],[0,0,0,1],[1,0,0,0],[1,0,0,0],[0,0,1,0],[0,0,1,0],[1,0,0,0],[0,1,0,0],[0,0,0,1],[0,0,1,0],[1,0,0,0],[1,0,0,0],[1,0,0,0],[0,0,0,1],[1,0,0,0],[0,1,0,0],[0.333333,0,0.666667,0],[0,1,0,0],[0,1,0,0],[0,1,0,0],[0,0,0,1],[0,0,1,0],[0,0,1,0],[0,0,0,1],[0,1,0,0],[0,0,0,1],[0,1,0,0],[0,1,0,0],[0,0,0,1],[0,0,1,0],[0,1,0,0],[1,0,0,0],[0,0,1,0],[0,0,0,1],[0.25,0.25,0.25,0.25],[0.25,0.25,0.25,0.25],[0.25,0.25,0.25,0.25],[0.25,0.25,0.25,0.25],[0.25,0.25,0.25,0.25],[0.25,0.25,0.25,0.25],[0.25,0.25,0.25,0.25],[0.25,0.25,0.25,0.25],[0.25,0.25,0.25,0.25],[0.25,0.25,0.25,0.25],[0.25,0.25,0.25,0.25],[0.25,0.25,0.25,0.25],[0.666667,0,0.333333,0],[0,1,0,0],[0.333333,0,0,0.666667],[1,0,0,0],[0,0,1,0],[0,0,1,0],[1,0,0,0],[0,0,0,1],[0,0,0,1],[0,0,1,0],[0,0,1,0],[0,0,1,0],[1,0,0,0],[1,0,0,0],[1,0,0,0],[0,0.333333,0,0.666667],[0,0,0,1],[0,0.666667,0.333333,0],[0,1,0,0],[1,0,0,0],[0,0,1,0],[0,1,0,0],[0,1,0,0],[0,0,0,1],[0,0,1,0],[0.333333,0,0.666667,0],[0,0,0,1],[1,0,0,0],[1,0,0,0],[1,0,0,0],[0,0,0,1],[0,0,0,1],[0,0.666667,0,0.333333],[0,0,0,1],[0.666667,0,0.333333,0],[0,0,1,0],[0,0,0,1],[0,1,0,0],[1,0,0,0],[0,0,1,0],[1,0,0,0],[0,1,0,0],[0,0.666667,0,0.333333],[0,0,1,0],[0,0,1,0],[0,0,0,1],[0,0,0,1],[0,0.666667,0.333333,0],[0,0,0,1],[0,1,0,0],[0,0,0,1],[0,0,1,0],[0,1,0,0],[0,0,0,1],[0,1,0,0],[0,0,0,1],[0,0.333333,0,0.666667],[0,0,1,0],[1,0,0,0],[1,0,0,0],[0,1,0,0],[0,0.666667,0,0.333333],[0,1,0,0],[0,0,0,1],[0,0,1,0],[0,0,0,1],[0,0.333333,0,0.666667],[0,0,0,1],[0,0.666667,0,0.333333],[0,1,0,0],[0,0,0,1]],null,null],"seqs":[44,62,92]}]}],[{"idx":0,"counts":[[0,0,0,0,0,0,0,0,0,0,0,0,0,0,0,0,0,0,0,0,0,0,0,0,0,0,0,0,0,0,0,0,0,0,0,0,0,0,0,0,0,0,0,0,0,0,0,0,0,0,0,0,0,0,0,0,0,0,0,0,0,0,0,0,0,0,0,0,0,0,0,0,0,0,0,0,0,0,0,0,0,0,0,0,0,0,0,0,0,0,0,0,0,0,0,0,0,0,0,0,0,0,0,0,0,0,0,0,0,0,0,0,0,0,0,0,0,0,0,0,0,0],[0,0,0,0,0,0,0,0,0,0,0,0,0,0,0,0,0,0,0,0,0,0,0,0,0,0,0,0,0,0,0,0,0,0,0,0,0,0,0,0,0,0,0,0,0,0,0,0,0,0,0,0,0,0,0,0,0,0,0,0,0,0,0,0,0,0,0,0,0,0,0,0,0,0,0,0,0,0,0,0,0,0,0,0,0,0,0,0,0,0,0,0,0,0,0,0,0,0,0,0,0,0,0,0,0,0,0,0,0,0,0,0,0,0,0,0,0,0,0,0,0,0],[0,0,0,0,0,0,0,0,0,0,0,0,0,0,0,0,0,0,0,0,0,0,0,0,0,0,0,0,0,0,0,0,0,0,0,0,0,0,0,0,0,0,0,0,0,0,0,0,0,0,0,0,0,0,0,0,0,0,0,0,0,0,0,0,0,0,0,0,0,0,0,0,0,0,0,0,0,0,0,0,0,0,0,0,0,0,0,0,0,0,0,0,0,0,0,0,0,0,0,0,0,0,0,0,0,0,0,0,0,0,0,0,0,0,0,0,0,0,0,0,0,0],[0,0,0,0,0,0,0,0,0,0,0,0,0,0,0,0,0,0,0,0,0,0,0,0,0,0,0,0,0,0,0,0,0,0,0,0,0,0,0,0,0,0,0,0,0,0,0,0,0,0,0,0,0,0,0,0,0,0,0,0,0,0,0,0,0,0,0,0,0,0,0,0,0,0,0,0,0,0,0,0,0,0,0,0,0,0,0,3,1,0,0,0,1,0,1,0,0,0,0,0,0,0,0,0,0,0,0,0,0,0,0,0,0,0,0,0,0,0,0,0,0,0]],"spacings":[{"orient":3,"bin":87,"pvalue":1.75579e-07,"inferred_pwm":[[0,0,1,0],[0,0,0,1],[0,1,0,0],[0,0,0,1],[0.666667,0,0.333333,0],[0,0,0,1],[0,0,1,0],[0,0,0,1],[0,0.666667,0,0.333333],[0,1,0,0],[0.333333,0.666667,0,0],[0,0,1,0],[0,0.666667,0,0.333333],[0,0,0,1],[0,0,1,0],[0,0,0,1],[0,0,1,0],[0,0.666667,0,0.333333],[1,0,0,0],[0,0.666667,0,0.333333],[0.333333,0,0.666667,0],[0,0.333333,0,0.666667],[1,0,0,0],[0,0.333333,0,0.666667],[0,0,0,1],[0,0,1,0],[0,0,0,1],[0,0.666667,0,0.333333],[0,0,0,1],[0,0,0,1]],"alignment_pwm":[null,null,null,[[0.333333,0,0,0.666667],[0.333333,0,0,0.666667],[0,0,0,1],[0.333333,0.666667,0,0],[0,1,0,0],[0,0.666667,0,0.333333],[1,0,0,0],[0.333333,0,0.666667,0],[0.333333,0.333333,0.333333,0],[0.666667,0,0,0.333333],[1,0,0,0],[0,0,0.666667,0.333333],[0,0,0.666667,0.333333],[1,0,0,0],[1,0,0,0],[0,0,0.333333,0.666667],[1,0,0,0],[0.5,0.5,0,0],[0,1,0,0],[0,1,0,0],[0,0.5,0,0.5],[0.5,0,0,0.5],[0.5,0,0.5,0],[0,0,1,0],[0.5,0,0.5,0],[0.5,0,0.5,0],[1,0,0,0],[1,0,0,0],[0,0,1,0],[0.333333,0,0.666667,0],[1,0,0,0],[0.666667,0,0,0.333333],[0,0,0,1],[0,0,1,0],[0,1,0,0],[1,0,0,0],[0,0,0,1],[0,0,0,1],[0,1,0,0],[0,1,0,0],[0,0,0,1],[0,0,1,0],[0,0,0.666667,0.333333],[0,0,1,0],[0.333333,0,0.666667,0],[0.666667,0,0.333333,0],[0,0,0.333333,0.666667],[1,0,0,0],[0,0,1,0],[0,0,1,0],[0,0,0,1],[0,1,0,0],[0,0,0,1],[1,0,0,0],[0,0,0,1],[1,0,0,0],[0.333333,0,0.666667,0],[1,0,0,0],[0,0.666667,0.333333,0],[0.333333,0,0.666667,0],[0.333333,0,0.666667,0],[0,0.666667,0,0.333333],[0,0.666667,0,0.333333],[0,0.333333,0.666667,0],[0,0.666667,0,0.333333],[0,0,0,1],[0,1,0,0],[0,0,0,1],[0,0,1,0],[0,0,1,0],[0.333333,0,0.666667,0],[0.666667,0,0.333333,0],[0,0,1,0],[0,0,0,1],[0,0,1,0],[0,0,0,1],[0,0.666667,0.333333,0],[0,0,0,1],[0.333333,0,0.666667,0],[0,0,0,1],[0,1,0,0],[0,0,0,1],[0,0,0,1],[1,0,0,0],[0,0,0,1],[0,0,1,0],[0,0.666667,0,0.333333],[0,0,1,0],[0,0,1,0],[0,0,0,1],[0,0,0,1],[0,0,1,0],[1,0,0,0],[0,0,1,0],[1,0,0,0],[0,0,0,1],[1,0,0,0],[1,0,0,0],[0,0,1,0],[0,0,1,0],[1,0,0,0],[0,1,0,0],[0,0,0,1],[0,0,1,0],[1,0,0,0],[1,0,0,0],[1,0,0,0],[0,0,0,1],[1,0,0,0],[0,1,0,0],[0.333333,0,0.666667,0],[0,1,0,0],[0,1,0,0],[0,1,0,0],[0,0,0,1],[0,0,1,0],[0,0,1,0],[0,0,0,1],[0,1,0,0],[0,0,0,1],[0,1,0,0],[0,1,0,0],[0,0,0,1],[0,0,1,0],[0,1,0,0],[1,0,0,0],[0,0,1,0],[0,0,0,1],[0.25,0.25,0.25,0.25],[0.25,0.25,0.25,0.25],[0.25,0.25,0.25,0.25],[0.25,0.25,0.25,0.25],[0.25,0.25,0.25,0.25],[0.25,0.25,0.25,0.25],[0.25,0.25,0.25,0.25],[0.25,0.25,0.25,0.25],[0.25,0.25,0.25,0.25],[0.25,0.25,0.25,0.25],[0.25,0.25,0.25,0.25],[0.25,0.25,0.25,0.25],[0.666667,0,0.333333,0],[0,1,0,0],[0.333333,0,0,0.666667],[1,0,0,0],[0,0,1,0],[0,0,1,0],[1,0,0,0],[0,0,0,1],[0,0,0,1],[0,0,1,0],[0,0,1,0],[0,0,1,0],[1,0,0,0],[1,0,0,0],[1,0,0,0],[0,0.333333,0,0.666667],[0,0,0,1],[0,0.666667,0.333333,0],[0,1,0,0],[1,0,0,0],[0,0,1,0],[0,1,0,0],[0,1,0,0],[0,0,0,1],[0,0,1,0],[0.333333,0,0.666667,0],[0,0,0,1],[1,0,0,0],[1,0,0,0],[1,0,0,0],[0,0,0,1],[0,0,0,1],[0,0.666667,0,0.333333],[0,0,0,1],[0.666667,0,0.333333,0],[0,0,1,0],[0,0,0,1],[0,1,0,0],[1,0,0,0],[0,0,1,0],[1,0,0,0],[0,1,0,0],[0,0.666667,0,0.333333],[0,0,1,0],[0,0,1,0],[0,0,0,1],[0,0,0,1],[0,0.666667,0.333333,0],[0,0,0,1],[0,1,0,0],[0,0,0,1],[0,0,1,0],[0,1,0,0],[0,0,0,1],[0,1,0,0],[0,0,0,1],[0,0.333333,0,0.666667],[0,0,1,0],[1,0,0,0],[1,0,0,0],[0,1,0,0],[0,0.666667,0,0.333333],[0,1,0,0],[0,0,0,1],[0,0,1,0],[0,0,0,1],[0,0.333333,0,0.666667],[0,0,0,1],[0,0.666667,0,0.333333],[0,1,0,0],[0,0,0,1],[0,0,1,0],[0,0,0,1],[0,0,0,1],[1,0,0,0],[1,0,0,0],[0,0,1,0],[1,0,0,0],[0,0,0,1],[0,0,1,0],[0,0,0,1],[0,0,0,1],[0,0,0,1],[1,0,0,0],[0,0,0,1],[0,1,0,0],[1,0,0,0],[1,0,0,0],[0.333333,0,0.666667,0],[1,0,0,0],[0,1,0,0],[1,0,0,0],[0.666667,0,0.333333,0],[0,0,0,1],[0.666667,0,0.333333,0],[0,0.666667,0,0.333333],[0.333333,0,0.666667,0],[0,0,0,1],[0.333333,0,0.666667,0],[0,1,0,0],[1,0,0,0],[0,1,0,0],[1,0,0,0],[0.333333,0,0.666667,0],[0,1,0,0],[0,0,0.666667,0.333333],[0,0,1,0],[0.333333,0,0.666667,0],[1,0,0,0],[0,1,0,0],[1,0,0,0],[0,0.333333,0,0.666667],[1,0,0,0],[0,0,1,0],[1,0,0,0],[0,1,0,0],[0,1,0,0],[0,1,0,0],[0,0,0,1],[0,1,0,0],[1,0,0,0],[0,0,0,1],[0,1,0,0],[1,0,0,0],[0,0,1,0],[0,0,0,1]]],"seqs":[44,62,92]},{"orient":5,"bin":87,"pvalue":1.39811e-06,"inferred_pwm":[[0,0,1,0],[0,0,0,1],[0,1,0,0],[0,0,0,1],[0.666667,0,0.333333,0],[0,0,0,1],[0,0,1,0],[0,0,0,1],[0,0.666667,0,0.333333],[0,1,0,0],[0.333333,0.666667,0,0],[0,0,1,0],[0,0.666667,0,0.333333],[0,0,0,1],[0,0,1,0],[0,0,0,1],[0,0,1,0],[0,0.666667,0,0.333333],[1,0,0,0],[0,0.666667,0,0.333333],[0.333333,0,0.666667,0],[0,0.333333,0,0.666667],[1,0,0,0],[0,0.333333,0,0.666667],[0,0,0,1],[0,0,1,0],[0,0,0,1],[0,0.666667,0,0.333333],[0,0,0,1],[0,0,0,1]],"alignment_pwm":[null,null,null,[[0.333333,0,0,0.666667],[0.333333,0,0,0.666667],[0,0,0,1],[0.333333,0.666667,0,0],[0,1,0,0],[0,0.666667,0,0.333333],[1,0,0,0],[0.333333,0,0.666667,0],[0.333333,0.333333,0.333333,0],[0.666667,0,0,0.333333],[1,0,0,0],[0,0,0.666667,0.333333],[0,0,0.666667,0.333333],[1,0,0,0],[1,0,0,0],[0,0,0.333333,0.666667],[1,0,0,0],[0.5,0.5,0,0],[0,1,0,0],[0,1,0,0],[0,0.5,0,0.5],[0.5,0,0,0.5],[0.5,0,0.5,0],[0,0,1,0],[0.5,0,0.5,0],[0.5,0,0.5,0],[1,0,0,0],[1,0,0,0],[0,0,1,0],[0.333333,0,0.666667,0],[1,0,0,0],[0.666667,0,0,0.333333],[0,0,0,1],[0,0,1,0],[0,1,0,0],[1,0,0,0],[0,0,0,1],[0,0,0,1],[0,1,0,0],[0,1,0,0],[0,0,0,1],[0,0,1,0],[0,0,0.666667,0.333333],[0,0,1,0],[0.333333,0,0.666667,0],[0.666667,0,0.333333,0],[0,0,0.333333,0.666667],[1,0,0,0],[0,0,1,0],[0,0,1,0],[0,0,0,1],[0,1,0,0],[0,0,0,1],[1,0,0,0],[0,0,0,1],[1,0,0,0],[0.333333,0,0.666667,0],[1,0,0,0],[0,0.666667,0.333333,0],[0.333333,0,0.666667,0],[0.333333,0,0.666667,0],[0,0.666667,0,0.333333],[0,0.666667,0,0.333333],[0,0.333333,0.666667,0],[0,0.666667,0,0.333333],[0,0,0,1],[0,1,0,0],[0,0,0,1],[0,0,1,0],[0,0,1,0],[0.333333,0,0.666667,0],[0.666667,0,0.333333,0],[0,0,1,0],[0,0,0,1],[0,0,1,0],[0,0,0,1],[0,0.666667,0.333333,0],[0,0,0,1],[0.333333,0,0.666667,0],[0,0,0,1],[0,1,0,0],[0,0,0,1],[0,0,0,1],[1,0,0,0],[0,0,0,1],[0,0,1,0],[0,0.666667,0,0.333333],[0,0,1,0],[0,0,1,0],[0,0,0,1],[0,0,0,1],[0,0,1,0],[1,0,0,0],[0,0,1,0],[1,0,0,0],[0,0,0,1],[1,0,0,0],[1,0,0,0],[0,0,1,0],[0,0,1,0],[1,0,0,0],[0,1,0,0],[0,0,0,1],[0,0,1,0],[1,0,0,0],[1,0,0,0],[1,0,0,0],[0,0,0,1],[1,0,0,0],[0,1,0,0],[0.333333,0,0.666667,0],[0,1,0,0],[0,1,0,0],[0,1,0,0],[0,0,0,1],[0,0,1,0],[0,0,1,0],[0,0,0,1],[0,1,0,0],[0,0,0,1],[0,1,0,0],[0,1,0,0],[0,0,0,1],[0,0,1,0],[0,1,0,0],[1,0,0,0],[0,0,1,0],[0,0,0,1],[0.25,0.25,0.25,0.25],[0.25,0.25,0.25,0.25],[0.25,0.25,0.25,0.25],[0.25,0.25,0.25,0.25],[0.25,0.25,0.25,0.25],[0.25,0.25,0.25,0.25],[0.25,0.25,0.25,0.25],[0.25,0.25,0.25,0.25],[0.25,0.25,0.25,0.25],[0.25,0.25,0.25,0.25],[0.25,0.25,0.25,0.25],[0.25,0.25,0.25,0.25],[0.666667,0,0.333333,0],[0,1,0,0],[0.333333,0,0,0.666667],[1,0,0,0],[0,0,1,0],[0,0,1,0],[1,0,0,0],[0,0,0,1],[0,0,0,1],[0,0,1,0],[0,0,1,0],[0,0,1,0],[1,0,0,0],[1,0,0,0],[1,0,0,0],[0,0.333333,0,0.666667],[0,0,0,1],[0,0.666667,0.333333,0],[0,1,0,0],[1,0,0,0],[0,0,1,0],[0,1,0,0],[0,1,0,0],[0,0,0,1],[0,0,1,0],[0.333333,0,0.666667,0],[0,0,0,1],[1,0,0,0],[1,0,0,0],[1,0,0,0],[0,0,0,1],[0,0,0,1],[0,0.666667,0,0.333333],[0,0,0,1],[0.666667,0,0.333333,0],[0,0,1,0],[0,0,0,1],[0,1,0,0],[1,0,0,0],[0,0,1,0],[1,0,0,0],[0,1,0,0],[0,0.666667,0,0.333333],[0,0,1,0],[0,0,1,0],[0,0,0,1],[0,0,0,1],[0,0.666667,0.333333,0],[0,0,0,1],[0,1,0,0],[0,0,0,1],[0,0,1,0],[0,1,0,0],[0,0,0,1],[0,1,0,0],[0,0,0,1],[0,0.333333,0,0.666667],[0,0,1,0],[1,0,0,0],[1,0,0,0],[0,1,0,0],[0,0.666667,0,0.333333],[0,1,0,0],[0,0,0,1],[0,0,1,0],[0,0,0,1],[0,0.333333,0,0.666667],[0,0,0,1],[0,0.666667,0,0.333333],[0,1,0,0],[0,0,0,1],[0,0,1,0],[0,0,0,1],[0,0,0,1],[1,0,0,0],[1,0,0,0],[0,0,1,0],[1,0,0,0],[0,0,0,1],[0,0,1,0],[0,0,0,1],[0,0,0,1],[0,0,0,1],[1,0,0,0],[0,0,0,1],[0,1,0,0],[1,0,0,0],[1,0,0,0],[0.333333,0,0.666667,0],[1,0,0,0],[0,1,0,0],[1,0,0,0],[0.666667,0,0.333333,0],[0,0,0,1],[0.666667,0,0.333333,0],[0,0.666667,0,0.333333],[0.333333,0,0.666667,0],[0,0,0,1],[0.333333,0,0.666667,0],[0,1,0,0],[1,0,0,0],[0,1,0,0],[1,0,0,0],[0.333333,0,0.666667,0],[0,1,0,0],[0,0,0.666667,0.333333],[0,0,1,0],[0.333333,0,0.666667,0],[1,0,0,0],[0,1,0,0],[1,0,0,0],[0,0.333333,0,0.666667],[1,0,0,0],[0,0,1,0],[1,0,0,0],[0,1,0,0],[0,1,0,0],[0,1,0,0],[0,0,0,1],[0,1,0,0],[1,0,0,0],[0,0,0,1],[0,1,0,0],[1,0,0,0],[0,0,1,0],[0,0,0,1]]],"seqs":[44,62,92]},{"orient":7,"bin":87,"pvalue":1.39811e-06