<!DOCTYPE HTML>
<html>
  <head>
    <meta charset="UTF-8">
    <title>TOMTOM</title>
    <script>
      // @JSON_VAR data
      var data = {
        "program": "Tomtom",
        "version": "4.12.0",
        "release": "Tue Jun 27 16:22:50 2017 -0700",
        "cmd": [
          "tomtom", "-verbosity", "1", "-oc",
          "results/AHRpeaks_not-in-DHSs-withAHREs.bed.fa/jaspar/meme_tomtom_out",
          "-min-overlap", "5", "-dist", "pearson", "-evalue", "-thresh", "1",
          "-no-ssc", "-bfile",
          "results/AHRpeaks_not-in-DHSs-withAHREs.bed.fa/jaspar/background",
          "results/AHRpeaks_not-in-DHSs-withAHREs.bed.fa/jaspar/meme_out/meme.xml",
          "/Users/filipov4/meme/db/motif_databases/JASPAR/JASPAR2018_CORE_non-redundant.meme"
        ],
        "options": {
          "strands": "both",
          "distance_measure": "pearson",
          "threshold_type": "evalue",
          "threshold_value": 1,
          "background_source": "file",
          "background_file": "results/AHRpeaks_not-in-DHSs-withAHREs.bed.fa/jaspar/background"
        },
        "alphabet": {
          "name": "DNA",
          "like": "dna",
          "ncore": 4,
          "symbols": [
            {
              "symbol": "A",
              "name": "Adenine",
              "colour": "CC0000",
              "complement": "T"
            }, {
              "symbol": "C",
              "name": "Cytosine",
              "colour": "0000CC",
              "complement": "G"
            }, {
              "symbol": "G",
              "name": "Guanine",
              "colour": "FFB300",
              "complement": "C"
            }, {
              "symbol": "T",
              "aliases": "U",
              "name": "Thymine",
              "colour": "008000",
              "complement": "A"
            }, {
              "symbol": "N",
              "aliases": "X.",
              "name": "Any base",
              "equals": "ACGT"
            }, {
              "symbol": "V",
              "name": "Not T",
              "equals": "ACG"
            }, {
              "symbol": "H",
              "name": "Not G",
              "equals": "ACT"
            }, {
              "symbol": "D",
              "name": "Not C",
              "equals": "AGT"
            }, {
              "symbol": "B",
              "name": "Not A",
              "equals": "CGT"
            }, {
              "symbol": "M",
              "name": "Amino",
              "equals": "AC"
            }, {
              "symbol": "R",
              "name": "Purine",
              "equals": "AG"
            }, {
              "symbol": "W",
              "name": "Weak",
              "equals": "AT"
            }, {
              "symbol": "S",
              "name": "Strong",
              "equals": "CG"
            }, {
              "symbol": "Y",
              "name": "Pyrimidine",
              "equals": "CT"
            }, {
              "symbol": "K",
              "name": "Keto",
              "equals": "GT"
            }
          ]
        },
        "background": [0.3065, 0.1935, 0.1935, 0.3065],
        "query_dbs": [
          {
            "source": "results/AHRpeaks_not-in-DHSs-withAHREs.bed.fa/jaspar/meme_out/meme.xml",
            "name": "meme",
            "loaded": 7,
            "excluded": 0,
            "last_modified": "Thu May 24 14:23:54 2018"
          }
        ],
        "target_dbs": [
          {
            "source": "/Users/filipov4/meme/db/motif_databases/JASPAR/JASPAR2018_CORE_non-redundant.meme",
            "name": "JASPAR2018 CORE non-redundant",
            "loaded": 1404,
            "excluded": 0,
            "last_modified": "Thu Dec  7 14:38:42 2017"
          }
        ],
        "queries": [
          {
            "db": 0,
            "id": "AAGAWAACAKYRGAAAAACYCTTC",
            "alt": "MEME-4",
            "len": 24,
            "nsites": 7,
            "evalue": "1.3e-001",
            "pwm": [
              [0.849387, 0.14357, 0.00272535, 0.0043169], 
              [0.708543, 0.14357, 0.00272535, 0.145162], 
              [0.145162, 0.14357, 0.706951, 0.0043169], 
              [0.849387, 0.14357, 0.00272535, 0.0043169], 
              [0.286007, 0.00272535, 0.14357, 0.567698], 
              [0.708543, 0.284415, 0.00272535, 0.0043169], 
              [0.708543, 0.00272535, 0.284415, 0.0043169], 
              [0.0043169, 0.706951, 0.00272535, 0.286007], 
              [0.708543, 0.00272535, 0.00272535, 0.286007], 
              [0.0043169, 0.00272535, 0.42526, 0.567698], 
              [0.145162, 0.284415, 0.00272535, 0.567698], 
              [0.426852, 0.00272535, 0.42526, 0.145162], 
              [0.0043169, 0.284415, 0.706951, 0.0043169], 
              [0.708543, 0.284415, 0.00272535, 0.0043169], 
              [0.849387, 0.00272535, 0.14357, 0.0043169], 
              [0.990232, 0.00272535, 0.00272535, 0.0043169], 
              [0.990232, 0.00272535, 0.00272535, 0.0043169], 
              [0.708543, 0.00272535, 0.00272535, 0.286007], 
              [0.0043169, 0.988641, 0.00272535, 0.0043169], 
              [0.0043169, 0.566106, 0.00272535, 0.426852], 
              [0.145162, 0.847796, 0.00272535, 0.0043169], 
              [0.0043169, 0.14357, 0.00272535, 0.849387], 
              [0.0043169, 0.00272535, 0.284415, 0.708543], 
              [0.286007, 0.706951, 0.00272535, 0.0043169]
            ]
          }, {
            "db": 0,
            "id": "AAGSYCTTTAGTTHAATTAVGTCCCAGCTA",
            "alt": "MEME-3",
            "len": 30,
            "nsites": 4,
            "evalue": "8.6e-003",
            "pwm": [
              [0.739183, 0.00471951, 0.248622, 0.00747561], 
              [0.983085, 0.00471951, 0.00471951, 0.00747561], 
              [0.251378, 0.00471951, 0.736427, 0.00747561], 
              [0.00747561, 0.492524, 0.492524, 0.00747561], 
              [0.00747561, 0.492524, 0.00471951, 0.49528], 
              [0.00747561, 0.980329, 0.00471951, 0.00747561], 
              [0.00747561, 0.248622, 0.00471951, 0.739183], 
              [0.00747561, 0.00471951, 0.00471951, 0.983085], 
              [0.251378, 0.00471951, 0.00471951, 0.739183], 
              [0.739183, 0.00471951, 0.248622, 0.00747561], 
              [0.00747561, 0.248622, 0.736427, 0.00747561], 
              [0.00747561, 0.00471951, 0.00471951, 0.983085], 
              [0.00747561, 0.248622, 0.00471951, 0.739183], 
              [0.251378, 0.248622, 0.00471951, 0.49528], 
              [0.739183, 0.00471951, 0.00471951, 0.251378], 
              [0.739183, 0.00471951, 0.248622, 0.00747561], 
              [0.00747561, 0.00471951, 0.00471951, 0.983085], 
              [0.00747561, 0.00471951, 0.00471951, 0.983085], 
              [0.983085, 0.00471951, 0.00471951, 0.00747561], 
              [0.49528, 0.248622, 0.248622, 0.00747561], 
              [0.00747561, 0.00471951, 0.736427, 0.251378], 
              [0.00747561, 0.248622, 0.00471951, 0.739183], 
              [0.00747561, 0.980329, 0.00471951, 0.00747561], 
              [0.00747561, 0.980329, 0.00471951, 0.00747561], 
              [0.00747561, 0.980329, 0.00471951, 0.00747561], 
              [0.983085, 0.00471951, 0.00471951, 0.00747561], 
              [0.00747561, 0.00471951, 0.980329, 0.00747561], 
              [0.00747561, 0.980329, 0.00471951, 0.00747561], 
              [0.00747561, 0.00471951, 0.248622, 0.739183], 
              [0.983085, 0.00471951, 0.00471951, 0.00747561]
            ]
          }, {
            "db": 0,
            "id": "ATCTTTGTTTTTATTGCATTTGCTTTTGGG",
            "alt": "MEME-2",
            "len": 30,
            "nsites": 4,
            "evalue": "1.6e-005",
            "pwm": [
              [0.983085, 0.00471951, 0.00471951, 0.00747561], 
              [0.00747561, 0.00471951, 0.00471951, 0.983085], 
              [0.00747561, 0.980329, 0.00471951, 0.00747561], 
              [0.00747561, 0.00471951, 0.00471951, 0.983085], 
              [0.00747561, 0.00471951, 0.00471951, 0.983085], 
              [0.00747561, 0.00471951, 0.00471951, 0.983085], 
              [0.251378, 0.00471951, 0.736427, 0.00747561], 
              [0.00747561, 0.00471951, 0.00471951, 0.983085], 
              [0.00747561, 0.00471951, 0.00471951, 0.983085], 
              [0.00747561, 0.00471951, 0.00471951, 0.983085], 
              [0.00747561, 0.248622, 0.00471951, 0.739183], 
              [0.00747561, 0.00471951, 0.00471951, 0.983085], 
              [0.983085, 0.00471951, 0.00471951, 0.00747561], 
              [0.00747561, 0.00471951, 0.00471951, 0.983085], 
              [0.00747561, 0.248622, 0.00471951, 0.739183], 
              [0.00747561, 0.00471951, 0.736427, 0.251378], 
              [0.251378, 0.736427, 0.00471951, 0.00747561], 
              [0.983085, 0.00471951, 0.00471951, 0.00747561], 
              [0.00747561, 0.00471951, 0.00471951, 0.983085], 
              [0.00747561, 0.00471951, 0.00471951, 0.983085], 
              [0.00747561, 0.00471951, 0.00471951, 0.983085], 
              [0.00747561, 0.00471951, 0.736427, 0.251378], 
              [0.00747561, 0.736427, 0.248622, 0.00747561], 
              [0.00747561, 0.248622, 0.00471951, 0.739183], 
              [0.00747561, 0.00471951, 0.00471951, 0.983085], 
              [0.00747561, 0.248622, 0.00471951, 0.739183], 
              [0.00747561, 0.00471951, 0.248622, 0.739183], 
              [0.00747561, 0.248622, 0.736427, 0.00747561], 
              [0.00747561, 0.00471951, 0.736427, 0.251378], 
              [0.00747561, 0.00471951, 0.980329, 0.00747561]
            ]
          }, {
            "db": 0,
            "id": "GGCCTHAGDGCCAC",
            "alt": "MEME-6",
            "len": 14,
            "nsites": 4,
            "evalue": "1.1e+004",
            "pwm": [
              [0.00747561, 0.00471951, 0.736427, 0.251378], 
              [0.00747561, 0.00471951, 0.980329, 0.00747561], 
              [0.251378, 0.736427, 0.00471951, 0.00747561], 
              [0.00747561, 0.980329, 0.00471951, 0.00747561], 
              [0.00747561, 0.00471951, 0.00471951, 0.983085], 
              [0.251378, 0.248622, 0.00471951, 0.49528], 
              [0.739183, 0.00471951, 0.248622, 0.00747561], 
              [0.00747561, 0.248622, 0.736427, 0.00747561], 
              [0.49528, 0.00471951, 0.248622, 0.251378], 
              [0.00747561, 0.00471951, 0.980329, 0.00747561], 
              [0.00747561, 0.980329, 0.00471951, 0.00747561], 
              [0.251378, 0.736427, 0.00471951, 0.00747561], 
              [0.739183, 0.00471951, 0.248622, 0.00747561], 
              [0.00747561, 0.980329, 0.00471951, 0.00747561]
            ]
          }, {
            "db": 0,
            "id": "GGGTGGG",
            "alt": "MEME-7",
            "len": 7,
            "nsites": 2,
            "evalue": "2.0e+004",
            "pwm": [
              [0.0145952, 0.00921429, 0.961595, 0.0145952], 
              [0.0145952, 0.00921429, 0.961595, 0.0145952], 
              [0.0145952, 0.00921429, 0.961595, 0.0145952], 
              [0.0145952, 0.00921429, 0.00921429, 0.966976], 
              [0.0145952, 0.00921429, 0.961595, 0.0145952], 
              [0.0145952, 0.00921429, 0.961595, 0.0145952], 
              [0.0145952, 0.00921429, 0.961595, 0.0145952]
            ]
          }, {
            "db": 0,
            "id": "GMWYRRSAAAVGKAASAGKVAG",
            "alt": "MEME-1",
            "len": 22,
            "nsites": 9,
            "evalue": "2.8e-006",
            "pwm": [
              [0.00336813, 0.00212637, 0.991137, 0.00336813], 
              [0.333038, 0.551577, 0.112016, 0.00336813], 
              [0.442928, 0.112016, 0.112016, 0.333038], 
              [0.113258, 0.441686, 0.00212637, 0.442928], 
              [0.333038, 0.112016, 0.551577, 0.00336813], 
              [0.333038, 0.00212637, 0.551577, 0.113258], 
              [0.00336813, 0.661467, 0.331796, 0.00336813], 
              [0.772599, 0.00212637, 0.112016, 0.113258], 
              [0.552819, 0.221906, 0.221906, 0.00336813], 
              [0.992379, 0.00212637, 0.00212637, 0.00336813], 
              [0.333038, 0.221906, 0.331796, 0.113258], 
              [0.113258, 0.00212637, 0.881247, 0.00336813], 
              [0.00336813, 0.00212637, 0.661467, 0.333038], 
              [0.772599, 0.00212637, 0.221906, 0.00336813], 
              [0.882489, 0.00212637, 0.112016, 0.00336813], 
              [0.00336813, 0.661467, 0.331796, 0.00336813], 
              [0.882489, 0.00212637, 0.00212637, 0.113258], 
              [0.00336813, 0.00212637, 0.771357, 0.223148], 
              [0.113258, 0.00212637, 0.551577, 0.333038], 
              [0.223148, 0.441686, 0.331796, 0.00336813], 
              [0.992379, 0.00212637, 0.00212637, 0.00336813], 
              [0.113258, 0.00212637, 0.881247, 0.00336813]
            ]
          }, {
            "db": 0,
            "id": "SATGVARKBCTYBCCTMRGBCA",
            "alt": "MEME-5",
            "len": 22,
            "nsites": 5,
            "evalue": "2.0e+001",
            "pwm": [
              [0.0060098, 0.592029, 0.395951, 0.0060098], 
              [0.790324, 0.00379412, 0.199873, 0.0060098], 
              [0.202088, 0.00379412, 0.00379412, 0.790324], 
              [0.202088, 0.00379412, 0.788108, 0.0060098], 
              [0.398167, 0.199873, 0.395951, 0.0060098], 
              [0.986402, 0.00379412, 0.00379412, 0.0060098], 
              [0.594245, 0.00379412, 0.395951, 0.0060098], 
              [0.0060098, 0.00379412, 0.395951, 0.594245], 
              [0.0060098, 0.395951, 0.199873, 0.398167], 
              [0.0060098, 0.984186, 0.00379412, 0.0060098], 
              [0.0060098, 0.00379412, 0.199873, 0.790324], 
              [0.0060098, 0.592029, 0.00379412, 0.398167], 
              [0.0060098, 0.199873, 0.395951, 0.398167], 
              [0.0060098, 0.984186, 0.00379412, 0.0060098], 
              [0.0060098, 0.984186, 0.00379412, 0.0060098], 
              [0.0060098, 0.00379412, 0.00379412, 0.986402], 
              [0.594245, 0.395951, 0.00379412, 0.0060098], 
              [0.594245, 0.00379412, 0.395951, 0.0060098], 
              [0.0060098, 0.00379412, 0.788108, 0.202088], 
              [0.0060098, 0.395951, 0.395951, 0.202088], 
              [0.0060098, 0.984186, 0.00379412, 0.0060098], 
              [0.986402, 0.00379412, 0.00379412, 0.0060098]
            ]
          }
        ],
        "targets": [
          {
            "db": 0,
            "id": "MA0003.3",
            "alt": "TFAP2A",
            "len": 11,
            "nsites": 5308,
            "url": "http://jaspar2018.genereg.net/matrix/MA0003.3",
            "pwm": [
              [0.321402, 0.365295, 0.0521877, 0.261116], 
              [0.0249503, 0.176256, 0.790229, 0.00856361], 
              [5.77419e-06, 0.974471, 0.0255172, 5.77419e-06], 
              [5.77419e-06, 0.947852, 0.00196761, 0.0501748], 
              [0.00622166, 0.310038, 0.123941, 0.559799], 
              [0.108331, 0.505269, 0.303879, 0.0825212], 
              [0.685621, 0.187418, 0.116407, 0.0105536], 
              [0.154625, 0.034228, 0.811142, 5.77419e-06], 
              [5.77419e-06, 0.00580854, 0.99418, 5.77419e-06], 
              [0.00578967, 0.881703, 0.108584, 0.0039237], 
              [0.351355, 0.15034, 0.24397, 0.254334]
            ]
          }, {
            "db": 0,
            "id": "MA0094.2",
            "alt": "Ubx",
            "len": 8,
            "nsites": 20,
            "url": "http://jaspar2018.genereg.net/matrix/MA0094.2",
            "pwm": [
              [0.150779, 0.249719, 0.150216, 0.449286], 
              [0.00152488, 0.000962687, 0.000962687, 0.99655], 
              [0.00152488, 0.000962687, 0.000962687, 0.99655], 
              [0.847296, 0.000962687, 0.000962687, 0.150779], 
              [0.99655, 0.000962687, 0.000962687, 0.00152488], 
              [0.00152488, 0.000962687, 0.000962687, 0.99655], 
              [0.00152488, 0.000962687, 0.29947, 0.698042], 
              [0.698042, 0.000962687, 0.29947, 0.00152488]
            ]
          }, {
            "db": 0,
            "id": "MA0493.1",
            "alt": "Klf1",
            "len": 11,
            "nsites": 526,
            "url": "http://jaspar2018.genereg.net/matrix/MA0493.1",
            "pwm": [
              [0.285175, 0.144496, 0.383994, 0.186335], 
              [0.317488, 0.0760683, 0.579775, 0.0266692], 
              [0.12741, 0.752746, 0.0608622, 0.0589821], 
              [0.0247686, 0.876296, 3.67801e-05, 0.0988985], 
              [0.767973, 0.224329, 3.67801e-05, 0.00766181], 
              [5.82589e-05, 0.999847, 3.67801e-05, 5.82589e-05], 
              [0.76037, 3.67801e-05, 0.184413, 0.0551808], 
              [5.82589e-05, 0.999847, 3.67801e-05, 5.82589e-05], 
              [5.82589e-05, 0.999847, 3.67801e-05, 5.82589e-05], 
              [5.82589e-05, 0.965632, 3.67801e-05, 0.0342728], 
              [0.532276, 0.0665641, 3.67801e-05, 0.401123]
            ]
          }, {
            "db": 0,
            "id": "MA0514.1",
            "alt": "Sox3",
            "len": 10,
            "nsites": 2067,
            "url": "http://jaspar2018.genereg.net/matrix/MA0514.1",
            "pwm": [
              [1.48275e-05, 0.719375, 0.159654, 0.120957], 
              [1.48275e-05, 0.75082, 9.36095e-06, 0.249156], 
              [0.126763, 9.36095e-06, 9.36095e-06, 0.873219], 
              [1.48275e-05, 9.36095e-06, 9.36095e-06, 0.999966], 
              [1.48275e-05, 9.36095e-06, 9.36095e-06, 0.999966], 
              [1.48275e-05, 0.069672, 0.930298, 1.48275e-05], 
              [1.48275e-05, 9.36095e-06, 9.36095e-06, 0.999966], 
              [1.48275e-05, 0.33768, 0.122886, 0.539418], 
              [0.00920638, 0.412664, 0.0106518, 0.567476], 
              [0.0203328, 0.316395, 0.184809, 0.478463]
            ]
          }, {
            "db": 0,
            "id": "MA0558.1",
            "alt": "FLC",
            "len": 21,
            "nsites": 275,
            "url": "http://jaspar2018.genereg.net/matrix/MA0558.1",
            "pwm": [
              [0.439951, 0.160012, 0.163647, 0.236389], 
              [0.327265, 0.221808, 0.229078, 0.221849], 
              [0.345441, 0.134566, 0.0764066, 0.443586], 
              [0.298185, 0.094581, 0.130932, 0.476302], 
              [0.283644, 0.0909463, 0.239983, 0.385426], 
              [0.196404, 0.701633, 0.0436905, 0.0582723], 
              [0.0328265, 0.672553, 0.0146101, 0.28001], 
              [0.490842, 0.254523, 0.134566, 0.120068], 
              [0.71985, 0.0364211, 0.138202, 0.105528], 
              [0.948857, 7.03381e-05, 0.0109754, 0.0400969], 
              [0.847076, 0.0109754, 0.0109754, 0.130973], 
              [0.701674, 0.0109754, 0.0655015, 0.221849], 
              [0.283644, 0.0400558, 0.0545955, 0.621703], 
              [0.512652, 7.03381e-05, 0.487166, 0.000111414], 
              [0.000111414, 7.03381e-05, 0.999707, 0.000111414], 
              [0.788916, 0.0764066, 0.0218804, 0.112797], 
              [0.974302, 0.0109754, 0.0146101, 0.000111414], 
              [0.934317, 0.00370502, 0.0545955, 0.00738177], 
              [0.225484, 0.156377, 0.538057, 0.0800823], 
              [0.396331, 0.170917, 0.0618659, 0.370886], 
              [0.37452, 0.181822, 0.105487, 0.33817]
            ]
          }, {
            "db": 0,
            "id": "MA0599.1",
            "alt": "KLF5",
            "len": 10,
            "nsites": 13611,
            "url": "http://jaspar2018.genereg.net/matrix/MA0599.1",
            "pwm": [
              [0.10499, 0.14863, 0.556312, 0.190068], 
              [2.25184e-06, 0.874288, 1.42163e-06, 0.125708], 
              [2.25184e-06, 0.882223, 1.42163e-06, 0.117773], 
              [0.255455, 0.70303, 1.42163e-06, 0.0415129], 
              [2.25184e-06, 0.999994, 1.42163e-06, 2.25184e-06], 
              [0.371097, 1.42163e-06, 0.38072, 0.248182], 
              [2.25184e-06, 0.999994, 1.42163e-06, 2.25184e-06], 
              [2.25184e-06, 0.999994, 1.42163e-06, 2.25184e-06], 
              [2.25184e-06, 0.965022, 1.42163e-06, 0.034974], 
              [0.287635, 0.411063, 1.42163e-06, 0.3013]
            ]
          }, {
            "db": 0,
            "id": "MA0681.1",
            "alt": "Phox2b",
            "len": 11,
            "nsites": 29284,
            "url": "http://jaspar2018.genereg.net/matrix/MA0681.1",
            "pwm": [
              [0.123072, 0.0583945, 0.0208656, 0.797669], 
              [0.851398, 0.00984163, 0.0968073, 0.0419529], 
              [0.996075, 0.00106666, 0.00268665, 0.000172046], 
              [0.0505239, 0.262326, 0.0256296, 0.661521], 
              [0.0321619, 0.369131, 0.181181, 0.417525], 
              [0.109421, 0.362823, 0.0750304, 0.452727], 
              [0.796663, 0.0378575, 0.144879, 0.020601], 
              [0.970499, 0.00889163, 0.0163706, 0.00423903], 
              [1.04664e-06, 0.000385659, 6.60769e-07, 0.999613], 
              [0.0581128, 0.0433735, 0.00191965, 0.896593], 
              [0.847106, 0.00732564, 0.0399645, 0.105604]
            ]
          }, {
            "db": 0,
            "id": "MA0702.1",
            "alt": "LMX1A",
            "len": 8,
            "nsites": 6116,
            "url": "http://jaspar2018.genereg.net/matrix/MA0702.1",
            "pwm": [
              [0.13048, 0.231686, 0.197515, 0.440318], 
              [0.0719578, 0.165727, 0.012629, 0.749687], 
              [0.834826, 0.0511903, 0.0592432, 0.0547411], 
              [0.968937, 0.00681505, 0.00523108, 0.0190157], 
              [0.0270826, 0.009864, 0.00579407, 0.957259], 
              [0.121116, 0.0489764, 0.0599292, 0.769978], 
              [0.814264, 0.0163789, 0.116896, 0.0524602], 
              [0.547323, 0.137487, 0.221187, 0.0940035]
            ]
          }, {
            "db": 0,
            "id": "MA0713.1",
            "alt": "PHOX2A",
            "len": 11,
            "nsites": 15335,
            "url": "http://jaspar2018.genereg.net/matrix/MA0713.1",
            "pwm": [
              [0.141116, 0.0808617, 0.0324111, 0.745612], 
              [0.805265, 0.0158472, 0.108389, 0.0704995], 
              [0.996596, 1.26181e-06, 0.00296424, 0.000437996], 
              [0.0763085, 0.247857, 0.035241, 0.640594], 
              [0.0444597, 0.369024, 0.160022, 0.426493], 
              [0.0934624, 0.339183, 0.0596909, 0.507664], 
              [0.78942, 0.0495039, 0.130903, 0.0301728], 
              [0.94699, 0.0164832, 0.0255931, 0.0109349], 
              [1.99868e-06, 0.000875256, 0.000176261, 0.998947], 
              [0.0845264, 0.0579399, 0.00603322, 0.8515], 
              [0.808854, 0.0162012, 0.0577259, 0.117219]
            ]
          }, {
            "db": 0,
            "id": "MA0715.1",
            "alt": "PROP1",
            "len": 11,
            "nsites": 660,
            "url": "http://jaspar2018.genereg.net/matrix/MA0715.1",
            "pwm": [
              [0.095487, 0.0182086, 0.015179, 0.871126], 
              [0.981127, 2.93138e-05, 2.93138e-05, 0.0188146], 
              [0.996429, 2.93138e-05, 0.00349479, 4.64323e-05], 
              [0.0609582, 0.0579695, 0.0267713, 0.8543], 
              [0.0449116, 0.334915, 0.0320755, 0.588098], 
              [0.317706, 0.0989723, 0.135426, 0.447896], 
              [0.890005, 0.0588444, 2.93138e-05, 0.0511227], 
              [0.912606, 0.00479059, 0.0730343, 0.00956899], 
              [0.00351191, 2.93138e-05, 2.93138e-05, 0.996429], 
              [0.0212852, 0.0294369, 0.00983183, 0.939446], 
              [0.902579, 2.93138e-05, 0.0235737, 0.0738183]
            ]
          }, {
            "db": 0,
            "id": "MA0810.1",
            "alt": "TFAP2A(var.2)",
            "len": 12,
            "nsites": 4005,
            "url": "http://jaspar2018.genereg.net/matrix/MA0810.1",
            "pwm": [
              [0.169291, 0.295378, 0.0431998, 0.49213], 
              [0.121507, 0.27635, 0.580822, 0.0213211], 
              [0.00353656, 0.942569, 0.0538855, 7.65274e-06], 
              [7.65274e-06, 0.98936, 0.00247477, 0.00815745], 
              [0.00250359, 0.701934, 0.0551705, 0.240391], 
              [0.0491954, 0.412729, 0.207491, 0.330586], 
              [0.330503, 0.359207, 0.263103, 0.0471855], 
              [0.423717, 0.101625, 0.467658, 0.00699848], 
              [0.0451495, 0.00804063, 0.946802, 7.65274e-06], 
              [0.00104763, 0.16386, 0.833005, 0.0020866], 
              [0.0210441, 0.834393, 0.0974824, 0.0470805], 
              [0.479776, 0.108339, 0.244382, 0.167502]
            ]
          }, {
            "db": 0,
            "id": "MA0812.1",
            "alt": "TFAP2B(var.2)",
            "len": 11,
            "nsites": 4549,
            "url": "http://jaspar2018.genereg.net/matrix/MA0812.1",
            "pwm": [
              [0.392172, 0.310395, 0.0510031, 0.246429], 
              [0.00780757, 0.131962, 0.853723, 0.00650759], 
              [6.73759e-06, 0.999103, 0.000883234, 6.73759e-06], 
              [6.73759e-06, 0.966211, 0.000216249, 0.033566], 
              [0.00352466, 0.26473, 0.134566, 0.59718], 
              [0.126653, 0.467452, 0.329373, 0.0765221], 
              [0.765162, 0.133686, 0.0980671, 0.00308467], 
              [0.0490667, 0.000839235, 0.94967, 0.000424728], 
              [0.00132071, 0.00219421, 0.996259, 0.000225733], 
              [0.0101775, 0.919698, 0.0647078, 0.00541662], 
              [0.400526, 0.0815585, 0.252582, 0.265334]
            ]
          }, {
            "db": 0,
            "id": "MA0814.1",
            "alt": "TFAP2C(var.2)",
            "len": 11,
            "nsites": 7758,
            "url": "http://jaspar2018.genereg.net/matrix/MA0814.1",
            "pwm": [
              [0.354472, 0.295436, 0.0729586, 0.277133], 
              [0.0199107, 0.104671, 0.866524, 0.00889284], 
              [3.95071e-06, 0.981268, 0.0187243, 3.95071e-06], 
              [0.000361946, 0.924764, 0.00393644, 0.070938], 
              [0.0190857, 0.225761, 0.144019, 0.611136], 
              [0.144885, 0.37329, 0.370068, 0.111759], 
              [0.738037, 0.107904, 0.146836, 0.00722286], 
              [0.116671, 0.00955637, 0.871858, 0.00191493], 
              [3.95071e-06, 0.0137343, 0.986258, 3.95071e-06], 
              [0.0159147, 0.884982, 0.0869474, 0.0121558], 
              [0.387778, 0.0656196, 0.241072, 0.30553]
            ]
          }, {
            "db": 0,
            "id": "MA0913.1",
            "alt": "Hoxd9",
            "len": 10,
            "nsites": 322,
            "url": "http://jaspar2018.genereg.net/matrix/MA0913.1",
            "pwm": [
              [0.232942, 0.136664, 0.602357, 0.0280365], 
              [0.0476054, 0.544445, 0.0238147, 0.384134], 
              [0.631821, 0.250796, 0.117288, 9.51567e-05], 
              [0.836043, 0.0086784, 0.13364, 0.0216405], 
              [0.0589009, 0.0317242, 0.0317242, 0.877651], 
              [0.502477, 0.0152833, 6.00745e-05, 0.482179], 
              [0.91061, 0.00944716, 6.00745e-05, 0.0798824], 
              [0.932498, 0.0337036, 6.00745e-05, 0.0337387], 
              [0.638055, 0.0855595, 0.131598, 0.144787], 
              [0.425604, 0.143605, 0.0974658, 0.333325]
            ]
          }, {
            "db": 0,
            "id": "MA1125.1",
            "alt": "ZNF384",
            "len": 12,
            "nsites": 30433,
            "url": "http://jaspar2018.genereg.net/matrix/MA1125.1",
            "pwm": [
              [0.310847, 0.162488, 0.185654, 0.341011], 
              [0.299543, 0.230835, 0.168666, 0.300956], 
              [0.312884, 0.113561, 0.153715, 0.41984], 
              [0.431275, 0.252719, 0.155128, 0.160878], 
              [0.997402, 0.000230635, 0.000427634, 0.00194], 
              [0.992046, 0.00115063, 0.000624634, 0.00617899], 
              [0.988136, 0.000690634, 0.000854633, 0.010319], 
              [0.994051, 0.000427634, 0.000493634, 0.00502799], 
              [0.992408, 0.000854633, 0.000460634, 0.00627699], 
              [0.999111, 0.000197635, 6.35821e-07, 0.000691005], 
              [0.667761, 0.0955543, 0.0909213, 0.145764], 
              [0.621561, 0.13022, 0.0952263, 0.152993]
            ]
          }, {
            "db": 0,
            "id": "MA1267.1",
            "alt": "AT5G66940",
            "len": 29,
            "nsites": 597,
            "url": "http://jaspar2018.genereg.net/matrix/MA1267.1",
            "pwm": [
              [0.25294, 0.194305, 0.120615, 0.43214], 
              [0.231169, 0.229475, 0.103868, 0.435489], 
              [0.22112, 0.159135, 0.155785, 0.463961], 
              [0.152455, 0.221101, 0.0820957, 0.544349], 
              [0.175901, 0.237849, 0.0703726, 0.515878], 
              [0.140732, 0.174207, 0.0686979, 0.616363], 
              [0.170877, 0.190955, 0.0552991, 0.582869], 
              [0.244566, 0.199329, 0.061999, 0.494106], 
              [0.22447, 0.249572, 0.103868, 0.422092], 
              [0.17925, 0.308189, 0.0536244, 0.458935], 
              [0.107236, 0.232824, 0.0435761, 0.616363], 
              [0.149105, 0.0653485, 0.0536244, 0.731922], 
              [0.120634, 0.0737221, 0.0586486, 0.746995], 
              [0.0335467, 0.194305, 0.0419014, 0.730247], 
              [0.1893, 0.175882, 0.0452508, 0.589568], 
              [0.485732, 0.132338, 0.179231, 0.202697], 
              [0.00172605, 0.979767, 0.0167796, 0.00172605], 
              [0.00172605, 0.0352025, 0.00170713, 0.961364], 
              [5.13314e-05, 3.24067e-05, 3.24067e-05, 0.999884], 
              [5.13314e-05, 0.00170713, 3.24067e-05, 0.998209], 
              [0.175901, 0.0368772, 0.00170713, 0.785515], 
              [0.0955123, 0.130664, 0.144062, 0.629762], 
              [0.204372, 0.23115, 0.201004, 0.363474], 
              [0.236193, 0.237849, 0.172533, 0.353426], 
              [0.222795, 0.180907, 0.102193, 0.494106], 
              [0.207722, 0.199329, 0.115591, 0.477358], 
              [0.180926, 0.179231, 0.135688, 0.504155], 
              [0.246241, 0.174207, 0.0904693, 0.489081], 
              [0.304858, 0.137362, 0.0837704, 0.474009]
            ]
          }, {
            "db": 0,
            "id": "MA1272.1",
            "alt": "AT2G28810",
            "len": 21,
            "nsites": 600,
            "url": "http://jaspar2018.genereg.net/matrix/MA1272.1",
            "pwm": [
              [0.173355, 0.186668, 0.11668, 0.523297], 
              [0.175022, 0.214996, 0.101682, 0.508299], 
              [0.198351, 0.289984, 0.0833514, 0.428313], 
              [0.145027, 0.21333, 0.0583555, 0.583287], 
              [0.161691, 0.188334, 0.0650214, 0.584954], 
              [0.16669, 0.171671, 0.0650214, 0.596619], 
              [0.193352, 0.206665, 0.120012, 0.479971], 
              [0.188353, 0.183335, 0.100016, 0.528296], 
              [0.141694, 0.211664, 0.0716873, 0.574955], 
              [0.183354, 0.110014, 0.0966831, 0.609949], 
              [0.138361, 0.110014, 0.103348, 0.648276], 
              [0.0500427, 0.219996, 0.031694, 0.698268], 
              [0.319998, 0.158339, 0.0700206, 0.451643], 
              [0.449976, 0.183335, 0.21333, 0.153359], 
              [5.10748e-05, 0.999866, 3.22446e-05, 5.10748e-05], 
              [5.10748e-05, 3.22446e-05, 3.22446e-05, 0.999884], 
              [5.10748e-05, 3.22446e-05, 3.22446e-05, 0.999884], 
              [5.10748e-05, 3.22446e-05, 3.22446e-05, 0.999884], 
              [0.216682, 0.0250281, 3.22446e-05, 0.758258], 
              [0.0983677, 0.0750197, 0.110014, 0.716599], 
              [0.148359, 0.261656, 0.251657, 0.338328]
            ]
          }, {
            "db": 0,
            "id": "MA1277.1",
            "alt": "Adof1",
            "len": 21,
            "nsites": 595,
            "url": "http://jaspar2018.genereg.net/matrix/MA1277.1",
            "pwm": [
              [0.465519, 0.157989, 0.16303, 0.213461], 
              [0.522653, 0.11934, 0.178154, 0.179853], 
              [0.556261, 0.0840524, 0.196638, 0.163049], 
              [0.531054, 0.127742, 0.178154, 0.163049], 
              [0.460478, 0.114299, 0.20504, 0.220183], 
              [0.275635, 0.233606, 0.339471, 0.151287], 
              [0.652043, 0.080691, 0.181515, 0.0857511], 
              [0.783113, 3.25156e-05, 0.00507367, 0.211781], 
              [0.999883, 3.25156e-05, 3.25156e-05, 5.15039e-05], 
              [0.999883, 3.25156e-05, 3.25156e-05, 5.15039e-05], 
              [0.966276, 3.25156e-05, 0.0336399, 5.15039e-05], 
              [5.15039e-05, 3.25156e-05, 0.999864, 5.15039e-05], 
              [0.161369, 0.189917, 0.157989, 0.490725], 
              [0.623476, 0.0302794, 0.151268, 0.194977], 
              [0.574745, 0.0437222, 0.297462, 0.0840714], 
              [0.64028, 0.0874128, 0.139505, 0.132802], 
              [0.547858, 0.115979, 0.110938, 0.225224], 
              [0.492406, 0.0857321, 0.226885, 0.194977], 
              [0.484004, 0.146226, 0.220164, 0.149606], 
              [0.447035, 0.131102, 0.15967, 0.262192], 
              [0.458798, 0.104217, 0.253772, 0.183214]
            ]
          }, {
            "db": 0,
            "id": "MA1278.1",
            "alt": "OBP1",
            "len": 21,
            "nsites": 600,
            "url": "http://jaspar2018.genereg.net/matrix/MA1278.1",
            "pwm": [
              [0.241678, 0.226661, 0.133343, 0.398318], 
              [0.216682, 0.228327, 0.173336, 0.381654], 
              [0.153359, 0.281652, 0.136676, 0.428313], 
              [0.18502, 0.323311, 0.0950164, 0.396652], 
              [0.133362, 0.25499, 0.0700206, 0.541628], 
              [0.135029, 0.178336, 0.103348, 0.583287], 
              [0.145027, 0.27332, 0.0566898, 0.524964], 
              [0.170023, 0.224995, 0.123345, 0.481638], 
              [0.176689, 0.198332, 0.103348, 0.521631], 
              [0.151693, 0.23666, 0.0850181, 0.52663], 
              [0.188353, 0.111681, 0.11668, 0.583287], 
              [0.111699, 0.138342, 0.115013, 0.634945], 
              [0.078371, 0.281652, 0.0283605, 0.611616], 
              [0.268339, 0.155006, 0.0716873, 0.504967], 
              [0.339994, 0.243325, 0.261656, 0.155025], 
              [5.10748e-05, 0.999866, 3.22446e-05, 5.10748e-05], 
              [5.10748e-05, 0.0233614, 3.22446e-05, 0.976555], 
              [5.10748e-05, 0.0116973, 3.22446e-05, 0.988219], 
              [5.10748e-05, 3.22446e-05, 3.22446e-05, 0.999884], 
              [0.241678, 0.0483572, 3.22446e-05, 0.709933], 
              [0.0983677, 0.175003, 0.173336, 0.553292]
            ]
          }
        ],
        "all_matches": [
          {
            "idx": 2,
            "matches": [
              {
                "idx": 15,
                "rc": false,
                "off": 0,
                "pv": "8.42e-05",
                "ev": "1.18e-01",
                "qv": "1.08e-01"
              }, {
                "idx": 17,
                "rc": true,
                "off": -7,
                "pv": "9.11e-05",
                "ev": "1.28e-01",
                "qv": "1.08e-01"
              }, {
                "idx": 4,
                "rc": true,
                "off": 0,
                "pv": "1.16e-04",
                "ev": "1.64e-01",
                "qv": "1.08e-01"
              }, {
                "idx": 18,
                "rc": false,
                "off": -1,
                "pv": "1.67e-04",
                "ev": "2.35e-01",
                "qv": "1.16e-01"
              }, {
                "idx": 13,
                "rc": true,
                "off": -7,
                "pv": "4.78e-04",
                "ev": "6.71e-01",
                "qv": "2.29e-01"
              }, {
                "idx": 16,
                "rc": false,
                "off": -2,
                "pv": "5.72e-04",
                "ev": "8.04e-01",
                "qv": "2.29e-01"
              }, {
                "idx": 14,
                "rc": true,
                "off": -3,
                "pv": "6.57e-04",
                "ev": "9.23e-01",
                "qv": "2.29e-01"
              }, {
                "idx": 3,
                "rc": false,
                "off": -1,
                "pv": "6.58e-04",
                "ev": "9.24e-01",
                "qv": "2.29e-01"
              }
            ]
          }, {
            "idx": 1,
            "matches": [
              {
                "idx": 9,
                "rc": false,
                "off": -8,
                "pv": "2.97e-04",
                "ev": "4.16e-01",
                "qv": "2.24e-01"
              }, {
                "idx": 8,
                "rc": false,
                "off": -8,
                "pv": "5.44e-04",
                "ev": "7.64e-01",
                "qv": "2.24e-01"
              }, {
                "idx": 1,
                "rc": false,
                "off": -11,
                "pv": "5.46e-04",
                "ev": "7.67e-01",
                "qv": "2.24e-01"
              }, {
                "idx": 6,
                "rc": false,
                "off": -8,
                "pv": "6.44e-04",
                "ev": "9.04e-01",
                "qv": "2.24e-01"
              }, {
                "idx": 7,
                "rc": true,
                "off": -12,
                "pv": "6.93e-04",
                "ev": "9.73e-01",
                "qv": "2.24e-01"
              }
            ]
          }, {
            "idx": 6,
            "matches": [
              {
                "idx": 0,
                "rc": false,
                "off": -11,
                "pv": "9.04e-05",
                "ev": "1.27e-01",
                "qv": "2.13e-01"
              }, {
                "idx": 11,
                "rc": false,
                "off": -11,
                "pv": "1.52e-04",
                "ev": "2.13e-01",
                "qv": "2.13e-01"
              }, {
                "idx": 12,
                "rc": false,
                "off": -11,
                "pv": "2.49e-04",
                "ev": "3.49e-01",
                "qv": "2.33e-01"
              }, {
                "idx": 10,
                "rc": false,
                "off": -10,
                "pv": "5.64e-04",
                "ev": "7.93e-01",
                "qv": "3.96e-01"
              }
            ]
          }, {
            "idx": 4,
            "matches": [
              {
                "idx": 5,
                "rc": true,
                "off": 1,
                "pv": "1.83e-04",
                "ev": "2.57e-01",
                "qv": "5.09e-01"
              }, {
                "idx": 2,
                "rc": true,
                "off": 1,
                "pv": "5.91e-04",
                "ev": "8.30e-01",
                "qv": "5.09e-01"
              }
            ]
          }
        ],
        "runtime": {
          "host": "Sudins-iMac.local",
          "when": "Thu May 24 14:23:56 2018",
          "cycles": 30820488,
          "seconds": 30.820
        }
      };
    </script>
    <script>
var site_url = "http://meme-suite.org";
</script>
    <script>

/*
 * $
 *
 * Shorthand function for getElementById
 */
function $(el) {
  return document.getElementById(el);
}


/*
 * See http://stackoverflow.com/a/5450113/66387
 * Does string multiplication like the perl x operator.
 */
function string_mult(pattern, count) {
    if (count < 1) return '';
    var result = '';
    while (count > 1) {
        if (count & 1) result += pattern;
        count >>= 1, pattern += pattern;
    }
    return result + pattern;
}

/*
 * See http://stackoverflow.com/questions/814613/how-to-read-get-data-from-a-url-using-javascript
 * Slightly modified with information from
 * https://developer.mozilla.org/en/DOM/window.location
 */
function parse_params() {
  "use strict";
