<!DOCTYPE HTML>
<html>
  <head>
    <meta charset="UTF-8">
    <title>SpaMo - Spaced Motif Analysis</title>
    <script type="text/javascript">
      //@JSON_VAR data
      var data = {"program":"SpaMo","version":"4.12.0","revision":"aacc9c3eb8c7b460b344d5c8aa1458097dae704d","release":"Tue Jun 27 16:22:50 2017 -0700","host":"Sudins-iMac.local","when":"Thu May 24 14:24:28 2018","cmd":["spamo","-verbosity","1","-oc","results/AHRpeaks_not-in-DHSs-withAHREs.bed.fa/jaspar/spamo_out_1","-bgfile","results/AHRpeaks_not-in-DHSs-withAHREs.bed.fa/jaspar/background","-primary","GMWYRRSAAAVGKAASAGKVAG","results/AHRpeaks_not-in-DHSs-withAHREs.bed.fa/jaspar/AHRpeaks_not-in-DHSs-withAHREs.bed.fa","results/AHRpeaks_not-in-DHSs-withAHREs.bed.fa/jaspar/meme_out/meme.xml","results/AHRpeaks_not-in-DHSs-withAHREs.bed.fa/jaspar/meme_out/meme.xml","/Users/filipov4/meme/db/motif_databases/JASPAR/JASPAR2018_CORE_non-redundant.meme"],"options":{"seq_min_hit_score":7,"margin":150,"bin_size":1,"bin_pvalue_calc_range":150,"use_best_secondary":0,"seq_max_shared_fract":0.5,"seq_odds_ratio":20,"bin_pvalue_cutoff":0.05,"motif_evalue_cutoff":10,"redundant_overlap":2,"redundant_joint":0.5,"motif_pseudocount":0.1,"bgfile":"results/AHRpeaks_not-in-DHSs-withAHREs.bed.fa/jaspar/background","motif_trim":0.25,"xalph":0,"seed":1,"bin_max":4},"alphabet":{"name":"DNA","like":"dna","ncore":4,"symbols":[{"symbol":"A","name":"Adenine","colour":"CC0000","complement":"T"},{"symbol":"C","name":"Cytosine","colour":"0000CC","complement":"G"},{"symbol":"G","name":"Guanine","colour":"FFB300","complement":"C"},{"symbol":"T","aliases":"U","name":"Thymine","colour":"008000","complement":"A"},{"symbol":"N","aliases":"X.","name":"Any base","equals":"ACGT"},{"symbol":"V","name":"Not T","equals":"ACG"},{"symbol":"H","name":"Not G","equals":"ACT"},{"symbol":"D","name":"Not C","equals":"AGT"},{"symbol":"B","name":"Not A","equals":"CGT"},{"symbol":"M","name":"Amino","equals":"AC"},{"symbol":"R","name":"Purine","equals":"AG"},{"symbol":"W","name":"Weak","equals":"AT"},{"symbol":"S","name":"Strong","equals":"CG"},{"symbol":"Y","name":"Pyrimidine","equals":"CT"},{"symbol":"K","name":"Keto","equals":"GT"}]},"background":[0.3065,0.1935,0.1935,0.3065],"sequence_dbs":[{"source":"results/AHRpeaks_not-in-DHSs-withAHREs.bed.fa/jaspar/AHRpeaks_not-in-DHSs-withAHREs.bed.fa","name":"AHRpeaks_not-in-DHSs-withAHREs.bed","last_modified":"Thu May 24 11:14:31 2018","loaded":23,"excluded_too_short":1,"excluded_no_match":13,"excluded_ambigs":0,"excluded_similar":0,"erased_primary_matches":2}],"primary_dbs":[{"source":"results/AHRpeaks_not-in-DHSs-withAHREs.bed.fa/jaspar/meme_out/meme.xml","name":"meme.xml","last_modified":"Thu May 24 14:23:54 2018","loaded":6,"excluded":5}],"secondary_dbs":[{"source":"results/AHRpeaks_not-in-DHSs-withAHREs.bed.fa/jaspar/meme_out/meme.xml","name":"meme.xml","last_modified":"Thu May 24 14:23:54 2018","loaded":7,"excluded":1},{"source":"/Users/filipov4/meme/db/motif_databases/JASPAR/JASPAR2018_CORE_non-redundant.meme","name":"JASPAR2018_CORE_non-redundant","last_modified":"Thu Dec  7 14:38:42 2017","loaded":1404,"excluded":0}],"secondary_motifs":[{"db":1,"id":"MA0031.1","alt":"FOXD1","len":8,"ltrim":0,"rtrim":1,"nsites":20,"url":"http://jaspar2018.genereg.net/matrix/MA0031.1","pwm":[[0.0512761,0.0507139,0.846734,0.0512761],[0.00152487,0.000962688,0.000962688,0.99655],[0.946799,0.0507139,0.000962688,0.00152487],[0.99655,0.000962688,0.000962688,0.00152487],[0.897047,0.0507139,0.0507139,0.00152487],[0.0512761,0.896485,0.000962688,0.0512761],[0.99655,0.000962688,0.000962688,0.00152487],[0.349784,0.100465,0.150216,0.399535]]},{"db":1,"id":"MA0032.2","alt":"FOXC1","len":11,"ltrim":0,"rtrim":0,"nsites":19566,"url":"http://jaspar2018.genereg.net/matrix/MA0032.2","pwm":[[0.329756,0.0394568,0.0155379,0.615249],[0.695237,0.0353358,0.202155,0.0672732],[0.344387,0.0876135,0.105677,0.462323],[0.257364,0.0178009,0.722131,0.00270355],[0.108395,0.0717426,0.0169379,0.802924],[0.706923,0.289518,0.00113298,0.00242655],[0.991152,0.00579096,9.88957e-07,0.00305755],[0.983559,0.00297997,0.00750195,0.00595954],[0.00649853,0.467699,0.00878794,0.517014],[0.966338,0.00141198,0.0226319,0.00961852],[0.31682,0.0736506,0.0523317,0.557199]]},{"db":1,"id":"MA0033.2","alt":"FOXL1","len":7,"ltrim":0,"rtrim":0,"nsites":4933,"url":"http://jaspar2018.genereg.net/matrix/MA0033.2","pwm":[[0.426108,0.00263887,0.542868,0.0283856],[0.00192717,0.0799103,3.92249e-06,0.918159],[0.874645,0.114915,0.0104337,6.21313e-06],[0.98902,0.00786676,3.92249e-06,0.00311015],[0.973113,0.0166976,0.0101827,6.21313e-06],[6.21313e-06,0.778858,3.92249e-06,0.221132],[0.98535,0.0111357,3.92249e-06,0.00351014]]},{"db":1,"id":"MA0034.1","alt":"Gam1","len":10,"ltrim":2,"rtrim":0,"nsites":25,"url":"http://jaspar2018.genereg.net/matrix/MA0034.1","pwm":[[0.160584,0.239815,0.439018,0.160584],[0.399627,0.199974,0.279655,0.120743],[0.120743,0.518699,0.000770917,0.359787],[0.917556,0.0406116,0.0406116,0.00122111],[0.997237,0.000770917,0.000770917,0.00122111],[0.0410618,0.956946,0.000770917,0.00122111],[0.120743,0.55854,0.239815,0.0809024],[0.240265,0.000770917,0.757743,0.00122111],[0.399627,0.439018,0.000770917,0.160584],[0.200424,0.757743,0.0406116,0.00122111]]},{"db":1,"id":"MA0041.1","alt":"Foxd3","len":12,"ltrim":0,"rtrim":0,"nsites":47,"url":"http://jaspar2018.genereg.net/matrix/MA0041.1","pwm":[[0.234197,0.0641053,0.552427,0.149271],[0.637594,0.0428735,0.000410829,0.319122],[0.510205,0.0216427,0.000410829,0.467742],[0.0218826,0.0853361,0.000410829,0.89237],[0.255428,0.000410829,0.722279,0.0218826],[0.000650743,0.000410829,0.000410829,0.998528],[0.0218826,0.000410829,0.000410829,0.977296],[0.106808,0.000410829,0.212725,0.680056],[0.29789,0.000410829,0.446271,0.255428],[0.12804,0.149031,0.000410829,0.722519],[0.0218826,0.0428735,0.0853361,0.849908],[0.000650743,0.255188,0.000410829,0.743751]]},{"db":1,"id":"MA0042.2","alt":"FOXI1","len":7,"ltrim":0,"rtrim":0,"nsites":5832,"url":"http://jaspar2018.genereg.net/matrix/MA0042.2","pwm":[[0.10597,0.0066902,0.887334,5.25539e-06],[0.013852,0.0112311,0.00655221,0.968365],[0.899677,0.0938817,0.00643621,5.25539e-06],[0.995563,0.00442824,3.31785e-06,5.25539e-06],[0.977694,0.00434824,0.00548222,0.012474],[0.0253678,0.836015,0.00775718,0.130859],[0.992889,0.00230528,0.00480024,5.25539e-06]]},{"db":1,"id":"MA0047.2","alt":"Foxa2","len":12,"ltrim":0,"rtrim":1,"nsites":808,"url":"http://jaspar2018.genereg.net/matrix/MA0047.2","pwm":[[0.00127578,0.00126179,0.00126179,0.996202],[0.273181,0.00373149,0.719342,0.00374547],[0.00127378,0.00125979,0.00125979,0.996207],[0.00127378,0.00373149,0.0445174,0.950476],[0.00127078,0.00125679,0.21578,0.781692],[0.908567,0.00496133,0.0827297,0.00374147],[0.00250662,0.894975,0.00249264,0.100026],[0.417786,0.0951912,0.00373149,0.483291],[0.0618353,0.327548,0.0717081,0.538908],[0.516703,0.00745803,0.0297603,0.44608],[0.162549,0.0657728,0.597965,0.173713],[0.160666,0.242833,0.361125,0.235376]]},{"db":1,"id":"MA0148.3","alt":"FOXA1","len":15,"ltrim":4,"rtrim":1,"nsites":22008,"url":"http://jaspar2018.genereg.net/matrix/MA0148.3","pwm":[[0.196656,0.219329,0.187386,0.396628],[0.211696,0.311295,0.214967,0.262041],[0.139132,0.388858,0.241458,0.230553],[0.3242,0.196156,0.16544,0.314204],[0.00318238,8.79223e-07,0.000545877,0.996271],[0.267312,8.79223e-07,0.732686,1.39267e-06],[1.39267e-06,8.79223e-07,8.79223e-07,0.999997],[1.39267e-06,8.79223e-07,0.0587066,0.941291],[1.39267e-06,8.79223e-07,0.129907,0.87009],[0.829333,8.79223e-07,0.170665,1.39267e-06],[1.39267e-06,0.934021,8.79223e-07,0.0659771],[0.417711,0.120638,8.79223e-07,0.461649],[0.0375782,0.331515,0.0632506,0.567656],[0.486277,4.5879e-05,0.00286387,0.510813],[0.218421,0.118275,0.427798,0.235505]]},{"db":1,"id":"MA0157.2","alt":"FOXO3","len":8,"ltrim":0,"rtrim":0,"nsites":553,"url":"http://jaspar2018.genereg.net/matrix/MA0157.2","pwm":[[0.0380235,3.49847e-05,0.961886,5.54149e-05],[5.54149e-05,3.49847e-05,0.0238837,0.976026],[0.960171,0.0289108,0.00905835,0.00186009],[0.997999,0.00191065,3.49847e-05,5.54149e-05],[0.981428,0.0184816,3.49847e-05,5.54149e-05],[0.0273235,0.967133,3.49847e-05,0.00550943],[0.97962,0.0202893,3.49847e-05,5.54149e-05],[0.546509,0.0207212,0.0620928,0.370678]]},{"db":1,"id":"MA0178.1","alt":"CG32105","len":7,"ltrim":0,"rtrim":0,"nsites":19,"url":"http://jaspar2018.genereg.net/matrix/MA0178.1","pwm":[[0.106317,0.210437,0.00101309,0.682233],[0.106317,0.00101309,0.00101309,0.891657],[0.891657,0.00101309,0.00101309,0.106317],[0.996369,0.00101309,0.00101309,0.00160471],[0.00160471,0.00101309,0.0533695,0.944013],[0.00160471,0.00101309,0.0533695,0.944013],[0.786945,0.00101309,0.210437,0.00160471]]},{"db":1,"id":"MA0296.1","alt":"FKH1","len":20,"ltrim":2,"rtrim":5,"nsites":997,"url":"http://jaspar2018.genereg.net/matrix/MA0296.1","pwm":[[0.177546,0.287855,0.207622,0.326979],[0.247501,0.192385,0.334655,0.225459],[0.5205,0.084095,0.0981076,0.297298],[0.527032,0.0761638,0.129265,0.267539],[0.365359,0.0730851,0.150154,0.4114],[0.119257,0.146298,0.133273,0.601172],[0.146309,0.004027,0.848631,0.00103264],[0.00705103,0.0030281,1.94063e-05,0.989901],[0.96182,0.0371267,1.94063e-05,0.00103364],[0.978891,0.0110403,0.00102131,0.00904783],[0.991915,0.00102131,0.00202321,0.00504024],[0.00103264,0.92678,0.00102131,0.0711656],[0.991915,0.00102131,0.0030251,0.00403834],[0.875695,0.0390935,0.0160498,0.0691618],[0.672308,0.0491125,0.0701524,0.208427],[0.248503,0.191383,0.407795,0.15232],[0.374742,0.158321,0.296583,0.170355],[0.284571,0.18437,0.330647,0.200412],[0.205421,0.11624,0.45288,0.225459],[0.421832,0.192385,0.248491,0.137292]]},{"db":1,"id":"MA0297.1","alt":"FKH2","len":7,"ltrim":0,"rtrim":0,"nsites":101,"url":"http://jaspar2018.genereg.net/matrix/MA0297.1","pwm":[[0.128889,0.000191395,0.870617,0.000303165],[0.000303165,0.000191395,0.000191395,0.999314],[0.999314,0.000191395,0.000191395,0.000303165],[0.999314,0.000191395,0.000191395,0.000303165],[0.999314,0.000191395,0.000191395,0.000303165],[0.000303165,0.999202,0.000191395,0.000303165],[0.999314,0.000191395,0.000191395,0.000303165]]},{"db":1,"id":"MA0446.1","alt":"fkh","len":11,"ltrim":0,"rtrim":0,"nsites":27,"url":"http://jaspar2018.genereg.net/matrix/MA0446.1","pwm":[[0.111832,0.000714023,0.000714023,0.88674],[0.185633,0.000714023,0.812522,0.001131],[0.001131,0.000714023,0.000714023,0.997441],[0.001131,0.000714023,0.000714023,0.997441],[0.001131,0.000714023,0.0376144,0.960541],[0.480835,0.000714023,0.51732,0.001131],[0.148732,0.480418,0.0745147,0.296334],[0.222533,0.259016,0.111415,0.407035],[0.001131,0.406618,0.0745147,0.517737],[0.84984,0.000714023,0.0376144,0.111832],[0.554637,0.148315,0.148315,0.148732]]},{"db":1,"id":"MA0458.1","alt":"slp1","len":11,"ltrim":1,"rtrim":0,"nsites":41,"url":"http://jaspar2018.genereg.net/matrix/MA0458.1","pwm":[[0.195393,0.0734638,0.341103,0.39004],[0.000745742,0.000470803,0.000470803,0.998313],[0.0737387,0.000470803,0.925045,0.000745742],[0.000745742,0.000470803,0.000470803,0.998313],[0.000745742,0.000470803,0.0248015,0.973982],[0.000745742,0.000470803,0.0491321,0.949651],[0.65768,0.000470803,0.0977944,0.244054],[0.0250764,0.53575,0.170787,0.268386],[0.414371,0.195118,0.365435,0.0250764],[0.0980694,0.316772,0.0734638,0.511695],[0.36571,0.0734638,0.0977944,0.463033]]},{"db":1,"id":"MA0480.1","alt":"Foxo1","len":11,"ltrim":1,"rtrim":0,"nsites":2490,"url":"http://jaspar2018.genereg.net/matrix/MA0480.1","pwm":[[0.187957,0.111248,0.191968,0.508827],[0.0510143,0.513642,0.302004,0.13334],[0.0349509,0.564644,0.0839404,0.316466],[1.23087e-05,7.77078e-06,7.77078e-06,0.999972],[1.23087e-05,7.77078e-06,0.999968,1.23087e-05],[1.23087e-05,7.77078e-06,7.77078e-06,0.999972],[1.23087e-05,7.77078e-06,7.77078e-06,0.999972],[1.23087e-05,7.77078e-06,0.115264,0.884716],[0.751388,0.0630572,7.77078e-06,0.185547],[1.23087e-05,0.805999,7.77078e-06,0.193981],[0.430517,0.230119,0.0285206,0.310843]]},{"db":1,"id":"MA0481.2","alt":"FOXP1","len":12,"ltrim":2,"rtrim":3,"nsites":4266,"url":"http://jaspar2018.genereg.net/matrix/MA0481.2","pwm":[[0.351382,0.212846,0.23277,0.203002],[0.359821,0.0625911,0.225737,0.351851],[0.0696256,0.0117253,0.904343,0.0143058],[0.0318864,0.0356347,0.024148,0.908331],[0.956619,0.0304778,0.00656838,0.00633604],[0.945602,0.0332898,0.00422344,0.0168848],[0.976308,0.00469243,0.0131312,0.00586705],[0.00891498,0.932238,0.00703637,0.051811],[0.962245,0.00328646,0.00867733,0.0257916],[0.21191,0.159166,0.509135,0.119788],[0.353492,0.202297,0.219174,0.225037],[0.305438,0.22058,0.212377,0.261604]]},{"db":1,"id":"MA0546.1","alt":"pha-4","len":10,"ltrim":0,"rtrim":0,"nsites":1010,"url":"http://jaspar2018.genereg.net/matrix/MA0546.1","pwm":[[0.579181,0.0703092,1.91565e-05,0.350491],[0.528691,1.91565e-05,0.46631,0.00497985],[0.531661,1.91565e-05,0.0782294,0.390091],[0.0406203,1.91565e-05,0.95933,3.03435e-05],[3.03435e-05,0.402949,1.91565e-05,0.597001],[0.853411,0.14654,1.91565e-05,3.03435e-05],[0.999931,1.91565e-05,1.91565e-05,3.03435e-05],[0.999931,1.91565e-05,1.91565e-05,3.03435e-05],[3.03435e-05,0.61679,1.91565e-05,0.38316],[0.999931,1.91565e-05,1.91565e-05,3.03435e-05]]},{"db":1,"id":"MA0593.1","alt":"FOXP2","len":11,"ltrim":1,"rtrim":1,"nsites":766,"url":"http://jaspar2018.genereg.net/matrix/MA0593.1","pwm":[[0.430793,0.147526,0.248035,0.173646],[0.443846,0.00916207,0.18538,0.361612],[0.20889,2.52578e-05,0.791045,4.00078e-05],[0.077053,2.52578e-05,2.52578e-05,0.922897],[0.999909,2.52578e-05,2.52578e-05,4.00078e-05],[0.999909,2.52578e-05,2.52578e-05,4.00078e-05],[0.999909,2.52578e-05,2.52578e-05,4.00078e-05],[4.00078e-05,0.988147,2.52578e-05,0.0117875],[0.999909,2.52578e-05,2.52578e-05,4.00078e-05],[0.387717,0.201043,0.382482,0.0287573],[0.433403,0.161884,0.240203,0.16451]]},{"db":1,"id":"MA0614.1","alt":"Foxj2","len":8,"ltrim":0,"rtrim":0,"nsites":999,"url":"http://jaspar2018.genereg.net/matrix/MA0614.1","pwm":[[0.461445,1.93675e-05,0.538504,3.06776e-05],[0.0500757,0.0250419,1.93675e-05,0.924863],[0.794951,0.204999,1.93675e-05,3.06776e-05],[0.977911,1.93675e-05,1.93675e-05,0.0220505],[0.999931,1.93675e-05,1.93675e-05,3.06776e-05],[3.06776e-05,0.953924,1.93675e-05,0.0460261],[0.999931,1.93675e-05,1.93675e-05,3.06776e-05],[0.593565,0.125132,0.125132,0.156171]]},{"db":1,"id":"MA0845.1","alt":"FOXB1","len":11,"ltrim":0,"rtrim":0,"nsites":7303,"url":"http://jaspar2018.genereg.net/matrix/MA0845.1","pwm":[[0.327674,0.0372471,0.0260193,0.609061],[0.69706,0.0343142,0.195434,0.0731932],[0.265534,0.0291932,0.0547689,0.650504],[0.141724,0.00660556,0.836504,0.015167],[0.0244139,0.0325492,0.0153264,0.92771],[0.699809,0.279009,0.0107335,0.0104491],[0.9201,0.0286503,2.64956e-06,0.0512475],[0.95664,0.00657556,0.00657556,0.0302098],[0.00401914,0.322958,0.0149174,0.658105],[0.957444,2.64956e-06,0.0219753,0.0205779],[0.249087,0.0837615,0.0812765,0.585875]]},{"db":1,"id":"MA0846.1","alt":"FOXC2","len":12,"ltrim":0,"rtrim":1,"nsites":22189,"url":"http://jaspar2018.genereg.net/matrix/MA0846.1","pwm":[[0.402857,0.0576416,0.0204618,0.51904],[0.698608,0.0564196,0.173935,0.0710371],[0.417611,0.128451,0.115628,0.33831],[0.305154,0.0209218,0.667457,0.00646735],[0.075505,0.142082,0.0120888,0.770324],[0.745914,0.246463,0.00317286,0.00445036],[0.974649,0.0163908,0.00385985,0.00509936],[0.970303,0.00498185,0.0132348,0.0114803],[0.00150937,0.70226,0.00330886,0.292921],[0.969476,0.00478785,0.0155458,0.0101913],[0.54822,0.0860515,0.0705076,0.295221],[0.419896,0.117625,0.101165,0.361314]]},{"db":1,"id":"MA0847.1","alt":"FOXD2","len":7,"ltrim":0,"rtrim":0,"nsites":1949,"url":"http://jaspar2018.genereg.net/matrix/MA0847.1","pwm":[[0.310416,0.0272015,0.646975,0.0154079],[0.103953,0.152929,9.92767e-06,0.743108],[0.823087,0.123956,9.92767e-06,0.052946],[0.943821,0.0298514,0.0101254,0.0162009],[0.981554,9.92767e-06,9.92767e-06,0.0184258],[1.57252e-05,0.718558,0.0147932,0.266633],[0.823814,9.92767e-06,0.0984599,0.0777157]]},{"db":1,"id":"MA0848.1","alt":"FOXO4","len":7,"ltrim":0,"rtrim":0,"nsites":7060,"url":"http://jaspar2018.genereg.net/matrix/MA0848.1","pwm":[[0.236403,0.00184371,0.761748,4.3413e-06],[0.0583295,0.0116676,0.0207974,0.909205],[0.804,0.188219,0.00478667,0.0029943],[0.966736,0.0262474,0.00341769,0.00359929],[0.981735,2.74076e-06,0.0164315,0.00182932],[0.00902821,0.836773,0.00513767,0.149061],[0.988957,0.00184171,0.00184171,0.00736024]]},{"db":1,"id":"MA0849.1","alt":"FOXO6","len":7,"ltrim":0,"rtrim":0,"nsites":8470,"url":"http://jaspar2018.genereg.net/matrix/MA0849.1","pwm":[[0.170604,2.28451e-06,0.82939,3.61861e-06],[0.0213594,2.28451e-06,0.00444023,0.974198],[0.8589,0.140238,0.000858274,3.61861e-06],[0.969492,0.026913,2.28451e-06,0.00359158],[0.999992,2.28451e-06,2.28451e-06,3.61861e-06],[3.61861e-06,0.944085,0.00416824,0.051743],[0.998145,2.28451e-06,0.00184926,3.61861e-06]]},{"db":1,"id":"MA0850.1","alt":"FOXP3","len":7,"ltrim":0,"rtrim":0,"nsites":211,"url":"http://jaspar2018.genereg.net/matrix/MA0850.1","pwm":[[0.35069,9.16628e-05,0.649073,0.000145192],[0.0707827,0.183751,9.16628e-05,0.745375],[0.871633,9.16628e-05,9.16628e-05,0.128184],[0.925146,9.16628e-05,0.039547,0.0352166],[0.767055,0.0546108,0.178189,0.000145192],[0.000145192,0.747964,0.113513,0.138378],[0.921106,9.16628e-05,0.0786574,0.000145192]]},{"db":1,"id":"MA0851.1","alt":"Foxj3","len":17,"ltrim":5,"rtrim":3,"nsites":100,"url":"http://jaspar2018.genereg.net/matrix/MA0851.1","pwm":[[0.270036,0.259934,0.209984,0.260046],[0.339967,0.130063,0.309884,0.220086],[0.479827,0.190003,0.160033,0.170136],[0.509797,0.130063,0.170023,0.190116],[0.346495,0.128778,0.3266,0.198128],[0.303033,0.0102842,0.686376,0.000306194],[0.0102962,0.0201733,0.000193307,0.969337],[0.91858,0.0809206,0.000193307,0.000306194],[0.949852,0.0199755,0.000193307,0.0299795],[0.989317,0.000193307,0.000193307,0.0102962],[0.000306194,0.817558,0.000193307,0.181943],[0.989317,0.000193307,0.000193307,0.0102962],[0.781703,0.0694311,0.05954,0.0893262],[0.569737,0.0901034,0.0701234,0.270036],[0.220086,0.339854,0.259934,0.180126],[0.270036,0.269924,0.239954,0.220086],[0.242488,0.393739,0.171739,0.192033]]},{"db":1,"id":"MA0852.2","alt":"FOXK1","len":14,"ltrim":3,"rtrim":2,"nsites":1056,"url":"http://jaspar2018.genereg.net/matrix/MA0852.2","pwm":[[0.311553,0.174244,0.244313,0.269889],[0.393931,0.165723,0.255676,0.184671],[0.233909,0.134476,0.25757,0.374047],[0.135433,0.0265308,0.82191,0.0161255],[0.0568416,0.00475287,0.0416814,0.896724],[0.94975,0.035053,0.00948743,0.00571048],[0.945962,0.035053,0.0104343,0.00855121],[0.96774,0.0123282,0.00948743,0.010445],[0.00949813,0.907129,0.0113812,0.0719922],[0.961112,0.0151689,0.0113812,0.0123389],[0.484831,0.188447,0.193182,0.133539],[0.175201,0.190341,0.537846,0.0966109],[0.229174,0.254729,0.342789,0.173308],[0.267996,0.272719,0.255676,0.203608]]},{"db":1,"id":"MA0920.1","alt":"fkh-2","len":8,"ltrim":0,"rtrim":1,"nsites":999,"url":"http://jaspar2018.genereg.net/matrix/MA0920.1","pwm":[[0.416405,1.93675e-05,0.541507,0.0420685],[0.0290278,1.93675e-05,1.93675e-05,0.970933],[0.827948,0.172002,1.93675e-05,3.06776e-05],[0.942879,1.93675e-05,1.93675e-05,0.057082],[0.999931,1.93675e-05,1.93675e-05,3.06776e-05],[0.057025,0.913928,1.93675e-05,0.0290278],[0.999931,1.93675e-05,1.93675e-05,3.06776e-05],[0.434421,0.217215,0.131137,0.217226]]},{"db":1,"id":"MA0925.1","alt":"sma-4","len":11,"ltrim":2,"rtrim":2,"nsites":1000,"url":"http://jaspar2018.genereg.net/matrix/MA0925.1","pwm":[[0.330998,0.222997,0.222997,0.223008],[0.273003,0.227997,0.299989,0.199011],[0.0330273,0.033016,0.033016,0.900941],[3.06469e-05,1.93481e-05,0.916928,0.0830223],[0.0830223,1.93481e-05,1.93481e-05,0.916939],[3.06469e-05,0.999919,1.93481e-05,3.06469e-05],[3.06469e-05,1.93481e-05,1.93481e-05,0.999931],[0.215009,1.93481e-05,0.784941,3.06469e-05],[0.0270279,0.0270166,0.835936,0.11002],[0.359995,0.241995,0.255994,0.142016],[0.217009,0.348984,0.216998,0.217009]]},{"db":1,"id":"MA0929.1","alt":"NCU00019","len":12,"ltrim":3,"rtrim":2,"nsites":1001,"url":"http://jaspar2018.genereg.net/matrix/MA0929.1","pwm":[[0.325672,0.224772,0.224772,0.224783],[0.224783,0.224772,0.224772,0.325672],[0.319999,0.127007,0.229996,0.322998],[0.149866,0.0549588,0.740205,0.0549701],[0.11102,1.93288e-05,1.93288e-05,0.888942],[0.80295,0.101009,1.93288e-05,0.096021],[0.999931,1.93288e-05,1.93288e-05,3.06163e-05],[0.89884,1.93288e-05,1.93288e-05,0.101122],[0.026002,0.520447,0.0259907,0.42756],[0.922017,0.0259907,0.0259907,0.026002],[0.437987,0.218997,0.124007,0.219009],[0.412576,0.195804,0.195804,0.195815]]},{"db":1,"id":"MA0943.1","alt":"ARF5","len":8,"ltrim":0,"rtrim":1,"nsites":999,"url":"http://jaspar2018.genereg.net/matrix/MA0943.1","pwm":[[0.303303,0.160163,0.477449,0.0590838],[0.00902078,0.967954,0.0150029,0.00802188],[0.096924,0.897033,0.00401497,0.00202848],[0.0120295,0.00101927,0.984921,0.00203048],[0.951935,0.00101927,0.0460148,0.00103058],[0.00203048,0.99192,0.00301907,0.00303038],[0.772181,0.223773,0.00201717,0.00202848],[0.490982,0.0980096,0.217998,0.193011]]},{"db":1,"id":"MA0944.1","alt":"ARF8","len":9,"ltrim":2,"rtrim":1,"nsites":1000,"url":"http://jaspar2018.genereg.net/matrix/MA0944.1","pwm":[[0.270004,0.232996,0.203999,0.293001],[0.225008,0.258993,0.106009,0.40999],[0.00403025,1.93481e-05,0.0900103,0.90594],[0.0380648,0.00102025,0.90083,0.0600846],[3.06469e-05,0.013018,1.93481e-05,0.986932],[0.0539713,0.862071,0.00201715,0.0819405],[0.0610245,0.0270166,0.79794,0.114019],[0.12114,0.138144,0.651606,0.0891107],[0.22778,0.336649,0.216781,0.21879]]},{"db":1,"id":"MA1079.1","alt":"WRKY21","len":10,"ltrim":2,"rtrim":1,"nsites":1000,"url":"http://jaspar2018.genereg.net/matrix/MA1079.1","pwm":[[0.281003,0.222997,0.248994,0.247006],[0.320999,0.195,0.223997,0.260005],[0.40299,0.0870106,0.406979,0.10302],[0.0510255,1.93481e-05,0.909928,0.0390267],[0.0909306,0.00401495,0.00201715,0.903037],[3.06469e-05,0.998919,1.93481e-05,0.00103055],[0.868944,0.0660127,0.0210172,0.0440262],[0.780734,0.0100283,0.162165,0.0470729],[0.20801,0.606959,0.0650128,0.120019],[0.159015,0.208998,0.428976,0.20301]]},{"db":1,"id":"MA1103.1","alt":"FOXK2","len":11,"ltrim":2,"rtrim":2,"nsites":7977,"url":"http://jaspar2018.genereg.net/matrix/MA1103.1","pwm":[[0.419831,0.169613,0.196314,0.214242],[0.254483,0.164849,0.194183,0.386485],[0.22753,0.0462598,0.677818,0.0483922],[0.0145457,0.00664634,0.0175522,0.961256],[0.969028,0.0149202,0.00777433,0.00827774],[0.881653,0.0501458,0.0141682,0.0540332],[0.965016,0.00940431,0.00714834,0.0184316],[0.0114117,0.873001,0.0099053,0.105682],[0.96276,0.00840132,0.0141682,0.0146707],[0.304751,0.23505,0.222389,0.23781],[0.277924,0.235927,0.336465,0.149682]]},{"db":1,"id":"MA1206.1","alt":"ARF2","len":10,"ltrim":2,"rtrim":2,"nsites":599,"url":"http://jaspar2018.genereg.net/matrix/MA1206.1","pwm":[[0.408998,0.193656,0.0834904,0.313855],[0.252096,0.101851,0.322183,0.32387],[5.116e-05,0.659354,0.340543,5.116e-05],[0.333885,0.640993,0.0250701,5.116e-05],[0.186998,3.22985e-05,0.812919,5.116e-05],[0.933117,3.22985e-05,0.0667992,5.116e-05],[5.116e-05,0.999865,3.22985e-05,5.116e-05],[0.938125,0.061792,3.22985e-05,5.116e-05],[0.452397,0.0951754,0.218694,0.233735],[0.365599,0.14525,0.345551,0.1436]]}],"sequence_names":["chr10:9391250-9391649","chr16:78330900-78331399","chr17:78690100-78690649","chr2:223843200-223843749","chr4:131057400-131058299","chr5:38533650-38534099","chr5:53039550-53040149","chr6:99195700-99196049"],"primaries":[{"motif":{"db":0,"id":"GMWYRRSAAAVGKAASAGKVAG","alt":"MEME-1","len":22,"ltrim":0,"rtrim":0,"nsites":9,"evalue":"2.8e-006","pwm":[[0.00336813,0.00212637,0.991137,0.00336813],[0.333038,0.551577,0.112016,0.00336813],[0.442928,0.112016,0.112016,0.333038],[0.113258,0.441686,0.00212637,0.442928],[0.333038,0.112016,0.551577,0.00336813],[0.333038,0.00212637,0.551577,0.113258],[0.00336813,0.661467,0.331796,0.00336813],[0.772599,0.00212637,0.112016,0.113258],[0.552819,0.221906,0.221906,0.00336813],[0.992379,0.00212637,0.00212637,0.00336813],[0.333038,0.221906,0.331796,0.113258],[0.113258,0.00212637,0.881247,0.00336813],[0.00336813,0.00212637,0.661467,0.333038],[0.772599,0.00212637,0.221906,0.00336813],[0.882489,0.00212637,0.112016,0.00336813],[0.00336813,0.661467,0.331796,0.00336813],[0.882489,0.00212637,0.00212637,0.113258],[0.00336813,0.00212637,0.771357,0.223148],[0.113258,0.00212637,0.551577,0.333038],[0.223148,0.441686,0.331796,0.00336813],[0.992379,0.00212637,0.00212637,0.00336813],[0.113258,0.00212637,0.881247,0.00336813]]},"secondaries":[[{"idx":8,"counts":[[0,0,0,0,0,0,0,0,0,0,0,0,0,0,0,0,0,0,0,0,0,0,0,0,0,0,0,0,0,0,0,0,0,0,0,0,0,0,0,0,0,0,0,0,0,0,0,0,0,0,0,0,0,0,0,0,0,0,0,0,0,0,0,0,0,0,0,0,0,0,0,0,0,0,0,0,0,0,0,0,0,0,0,0,0,0,0,0,0,0,0,0,0,0,0,0,0,0,0,0,0,0,0,0,0,0,0,0,0,0,0,0,0,0,0,0,0,0,0,0,0,0,0,0,0,0,0,0,0,0,1,0,0,0,0,0,0,0,0,0,0,0,0,0],[0,0,0,0,4,0,0,0,0,0,0,0,0,0,0,0,0,0,0,0,0,0,0,0,0,0,0,0,0,0,0,0,0,0,0,0,0,0,0,0,0,0,0,0,0,0,0,0,0,0,0,0,0,0,0,0,0,0,0,0,0,0,0,0,0,0,0,0,0,0,0,0,0,0,0,0,0,0,0,0,0,0,0,0,0,0,0,0,0,0,0,0,0,0,0,0,0,0,0,0,0,0,0,0,0,0,0,0,0,0,0,0,0,0,0,1,0,0,0,0,0,0,0,0,0,0,0,0,0,0,0,0,0,0,0,0,0,0,0,0,0,0,0,0],[0,1,0,0,0,0,0,0,0,0,0,0,0,0,0,0,0,0,0,0,0,0,0,0,0,0,0,0,0,0,0,0,0,0,0,0,0,0,0,0,0,0,0,0,0,0,0,0,0,0,0,0,0,0,0,0,0,0,0,0,0,0,0,0,0,0,0,0,0,0,0,0,0,0,0,0,0,0,0,0,0,0,0,0,0,0,0,0,0,0,0,0,0,0,0,0,0,0,0,0,0,0,0,0,0,0,0,0,0,0,0,0,0,0,0,0,0,0,0,0,0,0,0,0,0,0,0,0,0,0,0,0,0,0,0,0,0,0,0,0,0,0,0,0],[0,0,0,0,0,0,0,0,0,0,0,0,0,0,0,0,0,0,0,0,0,0,0,0,0,0,0,0,0,0,0,0,0,0,0,0,0,0,0,0,0,0,0,0,0,0,0,0,0,0,0,0,0,0,0,0,0,0,0,0,0,0,0,0,0,0,0,0,0,0,0,0,0,0,0,0,0,0,0,0,0,0,0,0,0,0,0,0,0,0,0,0,0,0,0,0,0,0,0,0,0,0,0,0,0,0,0,0,0,0,0,0,0,0,0,0,0,0,0,0,0,0,0,0,0,0,0,0,0,0,0,0,0,0,0,0,0,0,0,0,0,0,0,0]],"spacings":[{"orient":1,"bin":4,"pvalue":3.25582e-10,"inferred_pwm":[[0,0,1,0],[0,0,0,1],[1,0,0,0],[1,0,0,0],[1,0,0,0],[0,1,0,0],[0.75,0.25,0,0],[0,0,0.75,0.25]],"alignment_pwm":[null,[[0.25,0.25,0,0.5],[0,0.25,0,0.75],[0.5,0.25,0,0.25],[0.75,0.25,0,0],[0.5,0,0,0.5],[0,0,0.25,0.75],[0.5,0,0,0.5],[0.75,0,0,0.25],[0.75,0,0,0.25],[0.25,0.5,0.25,0],[0,0.5,0,0.5],[0.5,0,0.25,0.25],[0.75,0,0,0.25],[0.75,0,0,0.25],[0,0,0.75,0.25],[0.5,0,0.5,0],[0.25,0.25,0.25,0.25],[0,0.5,0.25,0.25],[0,0,0,1],[0,0,0,1],[0.25,0,0,0.75],[0,0.25,0,0.75],[0,0,1,0],[0,0.75,0.25,0],[0.75,0.25,0,0],[0,0.5,0,0.5],[0,0.25,0.75,0],[0.25,0,0.5,0.25],[0,1,0,0],[0.75,0,0.25,0],[0.75,0.25,0,0],[1,0,0,0],[0.5,0.25,0.25,0],[0,0,1,0],[0,0,1,0],[1,0,0,0],[0.75,0,0.25,0],[0,1,0,0],[1,0,0,0],[0,0,0.75,0.25],[0,0,0.25,0.75],[0,1,0,0],[1,0,0,0],[0,0,1,0],[0,1,0,0],[0.75,0,0,0.25],[0,0,1,0],[0.75,0,0,0.25],[0,0,1,0],[0,0,0,1],[1,0,0,0],[1,0,0,0],[1,0,0,0],[0,1,0,0],[0.75,0.25,0,0],[0,0,0.75,0.25],[0.75,0,0.25,0],[0.25,0.75,0,0],[0.75,0,0.25,0],[1,0,0,0],[0.25,0.75,0,0],[0,0.75,0,0.25],[0.25,0.5,0.25,0],[0.5,0.25,0.25,0],[0.5,0.25,0,0.25],[0.5,0,0.25,0.25]],null,null],"seqs":[1,2,4,6]},{"orient":6,"bin":4,"pvalue":5.18746e-09,"inferred_pwm":[[0,0,1,0],[0,0,0,1],[1,0,0,0],[1,0,0,0],[1,0,0,0],[0,1,0,0],[0.75,0.25,0,0],[0,0,0.75,0.25]],"alignment_pwm":[null,[[0.25,0.25,0,0.5],[0,0.25,0,0.75],[0.5,0.25,0,0.25],[0.75,0.25,0,0],[0.5,0,0,0.5],[0,0,0.25,0.75],[0.5,0,0,0.5],[0.75,0,0,0.25],[0.75,0,0,0.25],[0.25,0.5,0.25,0],[0,0.5,0,0.5],[0.5,0,0.25,0.25],[0.75,0,0,0.25],[0.75,0,0,0.25],[0,0,0.75,0.25],[0.5,0,0.5,0],[0.25,0.25,0.25,0.25],[0,0.5,0.25,0.25],[0,0,0,1],[0,0,0,1],[0.25,0,0,0.75],[0,0.25,0,0.75],[0,0,1,0],[0,0.75,0.25,0],[0.75,0.25,0,0],[0,0.5,0,0.5],[0,0.25,0.75,0],[0.25,0,0.5,0.25],[0,1,0,0],[0.75,0,0.25,0],[0.75,0.25,0,0],[1,0,0,0],[0.5,0.25,0.25,0],[0,0,1,0],[0,0,1,0],[1,0,0,0],[0.75,0,0.25,0],[0,1,0,0],[1,0,0,0],[0,0,0.75,0.25],[0,0,0.25,0.75],[0,1,0,0],[1,0,0,0],[0,0,1,0],[0,1,0,0],[0.75,0,0,0.25],[0,0,1,0],[0.75,0,0,0.25],[0,0,1,0],[0,0,0,1],[1,0,0,0],[1,0,0,0],[1,0,0,0],[0,1,0,0],[0.75,0.25,0,0],[0,0,0.75,0.25],[0.75,0,0.25,0],[0.25,0.75,0,0],[0.75,0,0.25,0],[1,0,0,0],[0.25,0.75,0,0],[0,0.75,0,0.25],[0.25,0.5,0.25,0],[0.5,0.25,0.25,0],[0.5,0.25,0,0.25],[0.5,0,0.25,0.25]],null,null],"seqs":[1,2,4,6]},{"orient":7,"bin":4,"pvalue":5.18746e-09,"inferred_pwm":[[0,0,1,0],[0,0,0,1],[1,0,0,0],[1,0,0,0],[1,0,0,0],[0,1,0,0],[0.75,0.25,0,0],[0,0,0.75,0.25]],"alignment_pwm":[null,[[0.25,0.25,0,0.5],[0,0.25,0,0.75],[0.5,0.25,0,0.25],[0.75,0.25,0,0],[0.5,0,0,0.5],[0,0,0.25,0.75],[0.5,0,0,0.5],[0.75,0,0,0.25],[0.75,0,0,0.25],[0.25,0.5,0.25,0],[0,0.5,0,0.5],[0.5,0,0.25,0.25],[0.75,0,0,0.25],[0.75,0,0,0.25],[0,0,0.75,0.25],[0.5,0,0.5,0],[0.25,0.25,0.25,0.25],[0,0.5,0.25,0.25],[0,0,0,1],[0,0,0,1],[0.25,0,0,0.75],[0,0.25,0,0.75],[0,0,1,0],[0,0.75,0.25,0],[0.75,0.25,0,0],[0,0.5,0,0.5],[0,0.25,0.75,0],[0.25,0,0.5,0.25],[0,1,0,0],[0.75,0,0.25,0],[0.75,0.25,0,0],[1,0,0,0],[0.5,0.25,0.25,0],[0,0,1,0],[0,0,1,0],[1,0,0,0],[0.75,0,0.25,0],[0,1,0,0],[1,0,0,0],[0,0,0.75,0.25],[0,0,0.25,0.75],[0,1,0,0],[1,0,0,0],[0,0,1,0],[0,1,0,0],[0.75,0,0,0.25],[0,0,1,0],[0.75,0,0,0.25],[0,0,1,0],[0,0,0,1],[1,0,0,0],[1,0,0,0],[1,0,0,0],[0,1,0,0],[0.75,0.25,0,0],[0,0,0.75,0.25],[0.75,0,0.25,0],[0.25,0.75,0,0],[0.75,0,0.25,0],[1,0,0,0],[0.25,0.75,0,0],[0,0.75,0,0.25],[0.25,0.5,0.25,0],[0.5,0.25,0.25,0],[0.5,0.25,0,0.25],[0.5,0,0.25,0.25]],null,null],"seqs":[1,2,4,6]},{"orient":8,"bin":4,"pvalue":8.23031e-08,"inferred_pwm":[[0,0,1,0],[0,0,0,1],[1,0,0,0],[1,0,0,0],[1,0,0,0],[0,1,0,0],[0.75,0.25,0,0],[0,0,0.75,0.25]],"alignment_pwm":[null,[[0.25,0.25,0,0.5],[0,0.25,0,0.75],[0.5,0.25,0,0.25],[0.75,0.25,0,0],[0.5,0,0,0.5],[0,0,0.25,0.75],[0.5,0,0,0.5],[0.75,0,0,0.25],[0.75,0,0,0.25],[0.25,0.5,0.25,0],[0,0.5,0,0.5],[0.5,0,0.25,0.25],[0.75,0,0,0.25],[0.75,0,0,0.25],[0,0,0.75,0.25],[0.5,0,0.5,0],[0.25,0.25,0.25,0.25],[0,0.5,0.25,0.25],[0,0,0,1],[0,0,0,1],[0.25,0,0,0.75],[0,0.25,0,0.75],[0,0,1,0],[0,0.75,0.25,0],[0.75,0.25,0,0],[0,0.5,0,0.5],[0,0.25,0.75,0],[0.25,0,0.5,0.25],[0,1,0,0],[0.75,0,0.25,0],[0.75,0.25,0,0],[1,0,0,0],[0.5,0.25,0.25,0],[0,0,1,0],[0,0,1,0],[1,0,0,0],[0.75,0,0.25,0],[0,1,0,0],[1,0,0,0],[0,0,0.75,0.25],[0,0,0.25,0.75],[0,1,0,0],[1,0,0,0],[0,0,1,0],[0,1,0,0],[0.75,0,0,0.25],[0,0,1,0],[0.75,0,0,0.25],[0,0,1,0],[0,0,0,1],[1,0,0,0],[1,0,0,0],[1,0,0,0],[0,1,0,0],[0.75,0.25,0,0],[0,0,0.75,0.25],[0.75,0,0.25,0],[0.25,0.75,0,0],[0.75,0,0.25,0],[1,0,0,0],[0.25,0.75,0,0],[0,0.75,0,0.25],[0.25,0.5,0.25,0],[0.5,0.25,0.25,0],[0.5,0.25,0,0.25],[0.5,0,0.25,0.25]],null,null],"seqs":[1,2,4,6]}]}],[{"idx":26,"counts":[[0,0,0,0,0,0,0,0,0,0,0,0,0,0,0,0,0,0,0,0,0,0,0,0,0,0,0,0,0,0,0,0,0,0,0,0,0,0,0,0,0,0,0,0,0,0,0,0,0,0,0,0,0,0,0,0,0,0,0,0,0,0,0,0,0,0,0,0,0,0,0,0,0,0,0,0,0,0,0,0,0,0,0,0,0,0,0,0,0,0,0,0,0,0,0,0,0,0,0,0,0,0,0,0,0,0,0,0,0,0,0,0,0,0,0,0,0,0,0,0,0,0,0,0,0,0,0,0,0,0,0,0,0,0,0,0,0,0,0,0,0,0,0],[0,0,0,0,4,0,0,0,0,0,0,0,0,0,0,0,0,0,0,0,0,0,0,0,0,0,0,0,0,0,0,0,0,0,0,0,0,0,0,0,0,0,0,0,0,0,0,0,0,0,0,0,0,0,0,0,0,0,1,0,0,0,0,0,0,0,0,0,0,0,0,0,0,0,0,0,0,0,0,0,0,0,0,0,0,0,0,0,0,0,0,0,0,0,0,0,0,0,0,0,0,0,0,0,0,0,0,0,0,0,0,0,0,0,0,0,0,0,0,0,0,0,0,0,0,0,0,0,0,0,0,0,0,0,0,0,0,0,0,0,0,0,0],[0,1,0,0,0,1,0,0,0,0,0,0,0,0,0,0,0,0,0,0,0,0,0,0,0,0,0,0,0,0,0,0,0,0,0,0,0,0,0,0,0,0,0,0,0,0,0,0,0,0,0,0,0,0,0,0,0,0,0,0,0,0,0,0,0,0,0,0,0,0,0,1,0,0,0,0,0,0,0,0,0,0,0,0,0,0,0,0,0,0,0,0,1,0,0,0,0,0,0,0,0,0,0,0,0,0,0,0,0,0,0,0,0,0,0,0,0,0,0,0,0,0,0,0,0,0,0,0,0,0,0,0,0,0,0,0,0,0,0,0,0,0,0],[0,0,0,0,0,0,0,0,0,0,0,0,0,0,0,0,0,0,0,0,0,0,0,0,0,0,0,0,0,0,0,0,0,0,0,0,0,0,0,0,0,0,0,0,0,0,0,0,0,0,0,0,0,0,0,0,0,0,0,0,0,0,0,0,0,0,0,0,0,0,0,0,0,0,0,0,0,0,0,0,0,0,0,0,0,0,0,0,0,0,0,0,0,0,0,0,0,0,0,0,0,0,0,0,0,0,0,0,0,0,0,0,0,0,0,0,0,0,0,0,0,0,0,0,0,0,0,0,0,0,0,0,0,0,0,0,0,0,0,0,0,0,0]],"spacings":[{"orient":1,"bin":4,"pvalue":1.20203e-09,"inferred_pwm":[[0,0,1,0],[0,0,0,1],[1,0,0,0],[1,0,0,0],[1,0,0,0],[0,1,0,0],[0.75,0.25,0,0],[0,0,0.75,0.25],[0.75,0,0.25,0]],"alignment_pwm":[null,[[0.25,0.75,0,0],[0.25,0.25,0,0.5],[0,0.25,0,0.75],[0.5,0.25,0,0.25],[0.75,0.25,0,0],[0.5,0,0,0.5],[0,0,0.25,0.75],[0.5,0,0,0.5],[0.75,0,0,0.25],[0.75,0,0,0.25],[0.25,0.5,0.25,0],[0,0.5,0,0.5],[0.5,0,0.25,0.25],[0.75,0,0,0.25],[0.75,0,0,0.25],[0,0,0.75,0.25],[0.5,0,0.5,0],[0.25,0.25,0.25,0.25],[0,0.5,0.25,0.25],[0,0,0,1],[0,0,0,1],[0.25,0,0,0.75],[0,0.25,0,0.75],[0,0,1,0],[0,0.75,0.25,0],[0.75,0.25,0,0],[0,0.5,0,0.5],[0,0.25,0.75,0],[0.25,0,0.5,0.25],[0,1,0,0],[0.75,0,0.25,0],[0.75,0.25,0,0],[1,0,0,0],[0.5,0.25,0.25,0],[0,0,1,0],[0,0,1,0],[1,0,0,0],[0.75,0,0.25,0],[0,1,0,0],[1,0,0,0],[0,0,0.75,0.25],[0,0,0.25,0.75],[0,1,0,0],[1,0,0,0],[0,0,1,0],[0,1,0,0],[0.75,0,0,0.25],[0,0,1,0],[0.75,0,0,0.25],[0,0,1,0],[0,0,0,1],[1,0,0,0],[1,0,0,0],[1,0,0,0],[0,1,0,0],[0.75,0.25,0,0],[0,0,0.75,0.25],[0.75,0,0.25,0],[0.25,0.75,0,0],[0.75,0,0.25,0],[1,0,0,0],[0.25,0.75,0,0],[0,0.75,0,0.25],[0.25,0.5,0.25,0],[0.5,0.25,0.25,0],[0.5,0.25,0,0.25],[0.5,0,0.25,0.25],[0.25,0,0.25,0.5]],null,null],"seqs":[1,2,4,6]},{"orient":6,"bin":4,"pvalue":1.90974e-08,"inferred_pwm":[[0,0,1,0],[0,0,0,1],[1,0,0,0],[1,0,0,0],[1,0,0,0],[0,1,0,0],[0.75,0.25,0,0],[0,0,0.75,0.25],[0.75,0,0.25,0]],"alignment_pwm":[null,[[0.25,0.75,0,0],[0.25,0.25,0,0.5],[0,0.25,0,0.75],[0.5,0.25,0,0.25],[0.75,0.25,0,0],[0.5,0,0,0.5],[0,0,0.25,0.75],[0.5,0,0,0.5],[0.75,0,0,0.25],[0.75,0,0,0.25],[0.25,0.5,0.25,0],[0,0.5,0,0.5],[0.5,0,0.25,0.25],[0.75,0,0,0.25],[0.75,0,0,0.25],[0,0,0.75,0.25],[0.5,0,0.5,0],[0.25,0.25,0.25,0.25],[0,0.5,0.25,0.25],[0,0,0,1],[0,0,0,1],[0.25,0,0,0.75],[0,0.25,0,0.75],[0,0,1,0],[0,0.75,0.25,0],[0.75,0.25,0,0],[0,0.5,0,0.5],[0,0.25,0.75,0],[0.25,0,0.5,0.25],[0,1,0,0],[0.75,0,0.25,0],[0.75,0.25,0,0],[1,0,0,0],[0.5,0.25,0.25,0],[0,0,1,0],[0,0,1,0],[1,0,0,0],[0.75,0,0.25,0],[0,1,0,0],[1,0,0,0],[0,0,0.75,0.25],[0,0,0.25,0.75],[0,1,0,0],[1,0,0,0],[0,0,1,0],[0,1,0,0],[0.75,0,0,0.25],[0,0,1,0],[0.75,0,0,0.25],[0,0,1,0],[0,0,0,1],[1,0,0,0],[1,0,0,0],[1,0,0,0],[0,1,0,0],[0.75,0.25,0,0],[0,0,0.75,0.25],[0.75,0,0.25,0],[0.25,0.75,0,0],[0.75,0,0.25,0],[1,0,0,0],[0.25,0.75,0,0],[0,0.75,0,0.25],[0.25,0.5,0.25,0],[0.5,0.25,0.25,0],[0.5,0.25,0,0.25],[0.5,0,0.25,0.25],[0.25,0,0.25,0.5]],null,null],"seqs":[1,2,4,6]},{"orient":7,"bin":4,"pvalue":1.90974e-08,"inferred_pwm":[[0,0,1,0],[0,0,0,1],[1,0,0,0],[1,0,0,0],[1,0,0,0],[0,1,0,0],[0.75,0.25,0,0],[0,0,0.75,0.25],[0.75,0,0.25,0]],"alignment_pwm":[null,[[0.25,0.75,0,0],[0.25,0.25,0,0.5],[0,0.25,0,0.75],[0.5,0.25,0,0.25],[0.75,0.25,0,0],[0.5,0,0,0.5],[0,0,0.25,0.75],[0.5,0,0,0.5],[0.75,0,0,0.25],[0.75,0,0,0.25],[0.25,0.5,0.25,0],[0,0.5,0,0.5],[0.5,0,0.25,0.25],[0.75,0,0,0.25],[0.75,0,0,0.25],[0,0,0.75,0.25],[0.5,0,0.5,0],[0.25,0.25,0.25,0.25],[0,0.5,0.25,0.25],[0,0,0,1],[0,0,0,1],[0.25,0,0,0.75],[0,0.25,0,0.75],[0,0,1,0],[0,0.75,0.25,0],[0.75,0.25,0,0],[0,0.5,0,0.5],[0,0.25,0.75,0],[0.25,0,0.5,0.25],[0,1,0,0],[0.75,0,0.25,0],[0.75,0.25,0,0],[1,0,0,0],[0.5,0.25,0.25,0],[0,0,1,0],[0,0,1,0],[1,0,0,0],[0.75,0,0.25,0],[0,1,0,0],[1,0,0,0],[0,0,0.75,0.25],[0,0,0.25,0.75],[0,1,0,0],[1,0,0,0],[0,0,1,0],[0,1,0,0],[0.75,0,0,0.25],[0,0,1,0],[0.75,0,0,0.25],[0,0,1,0],[0,0,0,1],[1,0,0,0],[1,0,0,0],[1,0,0,0],[0,1,0,0],[0.75,0.25,0,0],[0,0,0.75,0.25],[0.75,0,0.25,0],[0.25,0.75,0,0],[0.75,0,0.25,0],[1,0,0,0],[0.25,0.75,0,0],[0,0.75,0,0.25],[0.25,0.5,0.25,0],[0.5,0.25,0.25,0],[0.5,0.25,0,0.25],[0.5,0,0.25,0.25],[0.25,0,0.25,0.5]],null,null],"seqs":[1,2,4,6]},{"orient":8,"bin":4,"pvalue":3.01269e-07,"inferred_pwm":[[0,0,1,0],[0,0,0,1],[1,0,0,0],[1,0,0,0],[1,0,0,0],[0,1,0,0],[0.75,0.25,0,0],[0,0,0.75,0.25],[0.75,0,0.25,0]],"alignment_pwm":[null,[[0.25,0.75,0,0],[0.25,0.25,0,0.5],[0,0.25,0,0.75],[0.5,0.25,0,0.25],[0.75,0.25,0,0],[0.5,0,0,0.5],[0,0,0.25,0.75],[0.5,0,0,0.5],[0.75,0,0,0.25],[0.75,0,0,0.25],[0.25,0.5,0.25,0],[0,0.5,0,0.5],[0.5,0,0.25,0.25],[0.75,0,0,0.25],[0.75,0,0,0.25],[0,0,0.75,0.25],[0.5,0,0.5,0],[0.25,0.25,0.25,0.25],[0,0.5,0.25,0.25],[0,0,0,1],[0,0,0,1],[0.25,0,0,0.75],[0,0.25,0,0.75],[0,0,1,0],[0,0.75,0.25,0],[0.75,0.25,0,0],[0,0.5,0,0.5],[0,0.25,0.75,0],[0.25,0,0.5,0.25],[0,1,0,0],[0.75,0,0.25,0],[0.75,0.25,0,0],[1,0,0,0],[0.5,0.25,0.25,0],[0,0,1,0],[0,0,1,0],[1,0,0,0],[0.75,0,0.25,0],[0,1,0,0],[1,0,0,0],[0,0,0.75,0.25],[0,0,0.25,0.75],[0,1,0,0],[1,0,0,0],[0,0,1,0],[0,1,0,0],[0.75,0,0,0.25],[0,0,1,0],[0.75,0,0,0.25],[0,0,1,0],[0,0,0,1],[1,0,0,0],[1,0,0,0],[1,0,0,0],[0,1,0,0],[0.75,0.25,0,0],[0,0,0.75,0.25],[0.75,0,0.25,0],[0.25,0.75,0,0],[0.75,0,0.25,0],[1,0,0,0],[0.25,0.75,0,0],[0,0.75,0,0.25],[0.25,0.5,0.25,0],[0.5,0.25,0.25,0],[0.5,0.25,0,0.25],[0.5,0,0.25,0.25],[0.25,0,0.25,0.5]],null,null],"seqs":[1,2,4,6]}]}],[{"idx":30,"counts":[[0,0,0,0,0,0,0,0,0,0,0,0,0,0,0,0,0,0,0,0,0,0,0,0,0,0,0,0,0,0,0,0,0,0,0,0,0,0,0,0,0,0,0,0,0,0,0,0,0,0,0,0,0,0,0,0,0,0,0,0,0,0,0,0,0,0,0,0,0,0,0,0,0,0,0,0,0,0,0,0,0,0,0,0,0,0,0,0,0,0,0,0,0,0,0,0,0,0,0,0,0,0,0,0,0,0,0,0,0,0,0,0,0,0,0,0,0,0,0,0,0,0,0,0,0,0,0,0,0,0,0,0,0,0,0,0,0,0,0,0,0,0,0,0,0],[0,0,0,0,0,0,0,0,3,0,0,0,0,0,0,0,0,0,0,0,0,0,0,0,0,0,0,0,0,0,0,0,0,0,0,0,0,0,0,0,0,0,0,0,0,0,0,0,0,0,0,0,0,0,0,0,0,0,0,0,0,0,0,0,0,0,0,0,0,0,0,0,0,0,0,0,0,0,0,0,0,0,0,0,0,0,0,0,0,0,0,0,0,0,0,0,0,0,0,0,0,0,0,0,0,0,0,0,0,0,0,0,0,0,0,0,0,0,0,0,0,0,0,0,0,0,0,0,0,0,0,0,0,0,0,0,0,0,0,0,0,0,0,0,0],[0,0,0,0,0,0,0,0,0,0,0,0,0,0,0,0,0,0,0,0,0,0,0,0,0,0,0,0,0,0,0,0,0,0,0,0,0,0,0,0,0,0,0,0,0,0,0,0,0,0,0,0,0,0,0,0,0,0,0,0,0,0,0,0,0,0,0,0,0,0,0,0,0,0,0,0,0,0,0,0,0,0,0,0,0,0,0,0,0,0,0,0,0,0,0,0,0,0,0,0,0,0,0,0,0,0,0,0,0,0,0,0,0,0,0,0,0,0,0,0,0,0,0,0,0,0,0,0,0,0,0,0,0,0,0,0,0,0,0,0,0,0,0,0,0],[0,0,0,0,0,0,0,0,0,0,0,0,0,0,0,0,0,0,0,0,0,0,0,0,0,0,0,0,0,0,0,0,0,0,0,0,0,0,0,0,0,0,0,0,0,0,0,0,0,0,0,0,0,0,0,0,0,0,0,0,0,0,0,0,0,0,0,0,0,0,0,0,0,0,0,0,0,0,0,0,0,0,0,0,0,0,0,0,0,0,0,0,0,0,0,0,0,0,0,0,0,0,0,0,0,0,0,0,0,0,0,0,0,0,0,0,0,0,0,0,0,0,0,0,0,0,0,0,0,0,0,0,0,0,0,0,0,0,0,0,0,0,0,0,0]],"spacings":[{"orient":1,"bin":8,"pvalue":5.23278e-09,"inferred_pwm":[[1,0,0,0],[0,1,0,0],[1,0,0,0],[0,0,1,0],[1,0,0,0],[0,1,0,0],[1,0,0,0]],"alignment_pwm":[null,[[0,0,1,0],[0.666667,0,0.333333,0],[0.333333,0.666667,0,0],[0,0.333333,0,0.666667],[0,0.333333,0,0.666667],[0.666667,0,0,0.333333],[1,0,0,0],[0.333333,0,0,0.666667],[0,0,0,1],[0.333333,0,0,0.666667],[1,0,0,0],[1,0,0,0],[0.333333,0.666667,0,0],[0,0.666667,0,0.333333],[0.666667,0,0,0.333333],[1,0,0,0],[1,0,0,0],[0,0,1,0],[0.333333,0,0.666667,0],[0.333333,0.333333,0.333333,0],[0,0.666667,0.333333,0],[0,0,0,1],[0,0,0,1],[0,0,0,1],[0,0,0,1],[0,0,1,0],[0,1,0,0],[1,0,0,0],[0,0.666667,0,0.333333],[0,0,1,0],[0.333333,0,0.666667,0],[0,1,0,0],[1,0,0,0],[1,0,0,0],[1,0,0,0],[0.666667,0,0.333333,0],[0,0,1,0],[0,0,1,0],[1,0,0,0],[1,0,0,0],[0,1,0,0],[1,0,0,0],[0,0,1,0],[0,0,0,1],[0,1,0,0],[1,0,0,0],[0,0,1,0],[0,1,0,0],[1,0,0,0],[0,0,1,0],[1,0,0,0],[0,0,1,0],[0,0,0,1],[1,0,0,0],[1,0,0,0],[1,0,0,0],[0,1,0,0],[1,0,0,0],[0,0,1,0],[1,0,0,0],[0,1,0,0],[1,0,0,0],[1,0,0,0],[0,1,0,0],[0,1,0,0],[0.333333,0.666667,0,0],[0.666667,0.333333,0,0],[0.666667,0.333333,0,0],[0.666667,0,0.333333,0],[0.333333,0,0.333333,0.333333],[0.333333,0,0.333333,0.333333],[0,0,0.333333,0.666667]],null,null],"seqs":[2,4,6]},{"orient":6,"bin":8,"pvalue":4.18622e-08,"inferred_pwm":[[1,0,0,0],[0,1,0,0],[1,0,0,0],[0,0,1,0],[1,0,0,0],[0,1,0,0],[1,0,0,0]],"alignment_pwm":[null,[[0,0,1,0],[0.666667,0,0.333333,0],[0.333333,0.666667,0,0],[0,0.333333,0,0.666667],[0,0.333333,0,0.666667],[0.666667,0,0,0.333333],[1,0,0,0],[0.333333,0,0,0.666667],[0,0,0,1],[0.333333,0,0,0.666667],[1,0,0,0],[1,0,0,0],[0.333333,0.666667,0,0],[0,0.666667,0,0.333333],[0.666667,0,0,0.333333],[1,0,0,0],[1,0,0,0],[0,0,1,0],[0.333333,0,0.666667,0],[0.333333,0.333333,0.333333,0],[0,0.666667,0.333333,0],[0,0,0,1],[0,0,0,1],[0,0,0,1],[0,0,0,1],[0,0,1,0],[0,1,0,0],[1,0,0,0],[0,0.666667,0,0.333333],[0,0,1,0],[0.333333,0,0.666667,0],[0,1,0,0],[1,0,0,0],[1,0,0,0],[1,0,0,0],[0.666667,0,0.333333,0],[0,0,1,0],[0,0,1,0],[1,0,0,0],[1,0,0,0],[0,1,0,0],[1,0,0,0],[0,0,1,0],[0,0,0,1],[0,1,0,0],[1,0,0,0],[0,0,1,0],[0,1,0,0],[1,0,0,0],[0,0,1,0],[1,0,0,0],[0,0,1,0],[0,0,0,1],[1,0,0,0],[1,0,0,0],[1,0,0,0],[0,1,0,0],[1,0,0,0],[0,0,1,0],[1,0,0,0],[0,1,0,0],[1,0,0,0],[1,0,0,0],[0,1,0,0],[0,1,0,0],[0.333333,0.666667,0,0],[0.666667,0.333333,0,0],[0.666667,0.333333,0,0],[0.666667,0,0.333333,0],[0.333333,0,0.333333,0.333333],[0.333333,0,0.333333,0.333333],[0,0,0.333333,0.666667]],null,null],"seqs":[2,4,6]},{"orient":7,"bin":8,"pvalue":4.18622e-08,"inferred_pwm":[[1,0,0,0],[0,1,0,0],[1,0,0,0],[0,0,1,0],[1,0,0,0],[0,1,0,0],[1,0,0,0]],"alignment_pwm":[null,[[0,0,1,0],[0.666667,0,0.333333,0],[0.333333,0.666667,0,0]