<!DOCTYPE HTML>
<html>
  <head>
    <meta charset="UTF-8">
    <title>SpaMo - Spaced Motif Analysis</title>
    <script type="text/javascript">
      //@JSON_VAR data
      var data = {"program":"SpaMo","version":"4.12.0","revision":"aacc9c3eb8c7b460b344d5c8aa1458097dae704d","release":"Tue Jun 27 16:22:50 2017 -0700","host":"Sudins-iMac.local","when":"Thu May 24 13:02:01 2018","cmd":["spamo","-verbosity","1","-oc","results/AHRpeaks_noAHREs.bed-399.fa/hocomoco/spamo_out_8","-bgfile","results/AHRpeaks_noAHREs.bed-399.fa/hocomoco/background","-primary","CCCYCAGGC","results/AHRpeaks_noAHREs.bed-399.fa/hocomoco/AHRpeaks_noAHREs.bed-399.fa","results/AHRpeaks_noAHREs.bed-399.fa/hocomoco/meme_out/meme.xml","results/AHRpeaks_noAHREs.bed-399.fa/hocomoco/meme_out/meme.xml","results/AHRpeaks_noAHREs.bed-399.fa/hocomoco/dreme_out/dreme.xml","/Users/filipov4/meme/db/motif_databases/HUMAN/HOCOMOCOv11_full_HUMAN_mono_meme_format.meme"],"options":{"seq_min_hit_score":7,"margin":150,"bin_size":1,"bin_pvalue_calc_range":150,"use_best_secondary":0,"seq_max_shared_fract":0.5,"seq_odds_ratio":20,"bin_pvalue_cutoff":0.05,"motif_evalue_cutoff":10,"redundant_overlap":2,"redundant_joint":0.5,"motif_pseudocount":0.1,"bgfile":"results/AHRpeaks_noAHREs.bed-399.fa/hocomoco/background","motif_trim":0.25,"xalph":0,"seed":1,"bin_max":7},"alphabet":{"name":"DNA","like":"dna","ncore":4,"symbols":[{"symbol":"A","name":"Adenine","colour":"CC0000","complement":"T"},{"symbol":"C","name":"Cytosine","colour":"0000CC","complement":"G"},{"symbol":"G","name":"Guanine","colour":"FFB300","complement":"C"},{"symbol":"T","aliases":"U","name":"Thymine","colour":"008000","complement":"A"},{"symbol":"N","aliases":"X.","name":"Any base","equals":"ACGT"},{"symbol":"V","name":"Not T","equals":"ACG"},{"symbol":"H","name":"Not G","equals":"ACT"},{"symbol":"D","name":"Not C","equals":"AGT"},{"symbol":"B","name":"Not A","equals":"CGT"},{"symbol":"M","name":"Amino","equals":"AC"},{"symbol":"R","name":"Purine","equals":"AG"},{"symbol":"W","name":"Weak","equals":"AT"},{"symbol":"S","name":"Strong","equals":"CG"},{"symbol":"Y","name":"Pyrimidine","equals":"CT"},{"symbol":"K","name":"Keto","equals":"GT"}]},"background":[0.2906,0.2094,0.2094,0.2906],"sequence_dbs":[{"source":"results/AHRpeaks_noAHREs.bed-399.fa/hocomoco/AHRpeaks_noAHREs.bed-399.fa","name":"AHRpeaks_noAHREs.bed-399","last_modified":"Thu May 24 11:14:35 2018","loaded":1181,"excluded_too_short":0,"excluded_no_match":1047,"excluded_ambigs":0,"excluded_similar":3,"erased_primary_matches":60}],"primary_dbs":[{"source":"results/AHRpeaks_noAHREs.bed-399.fa/hocomoco/meme_out/meme.xml","name":"meme.xml","last_modified":"Thu May 24 12:59:52 2018","loaded":6,"excluded":5}],"secondary_dbs":[{"source":"results/AHRpeaks_noAHREs.bed-399.fa/hocomoco/meme_out/meme.xml","name":"meme.xml","last_modified":"Thu May 24 12:59:52 2018","loaded":7,"excluded":1},{"source":"results/AHRpeaks_noAHREs.bed-399.fa/hocomoco/dreme_out/dreme.xml","name":"dreme.xml","last_modified":"Thu May 24 13:00:37 2018","loaded":7,"excluded":0},{"source":"/Users/filipov4/meme/db/motif_databases/HUMAN/HOCOMOCOv11_full_HUMAN_mono_meme_format.meme","name":"HOCOMOCOv11_full_HUMAN_mono_meme_format","last_modified":"Wed Dec  6 21:59:30 2017","loaded":771,"excluded":0}],"secondary_motifs":[{"db":0,"id":"AAAAYTCTAGAAGATARCATYRGAAAAMCC","alt":"MEME-7","len":30,"ltrim":0,"rtrim":0,"nsites":6,"evalue":"3.3e-013","pwm":[[0.98837,0.00343279,0.00343279,0.00476393],[0.98837,0.00343279,0.00343279,0.00476393],[0.98837,0.00343279,0.00343279,0.00476393],[0.98837,0.00343279,0.00343279,0.00476393],[0.00476393,0.331301,0.00343279,0.660502],[0.00476393,0.167368,0.00343279,0.824436],[0.00476393,0.987039,0.00343279,0.00476393],[0.00476393,0.167368,0.00343279,0.824436],[0.824436,0.00343279,0.167368,0.00476393],[0.00476393,0.00343279,0.823105,0.168699],[0.98837,0.00343279,0.00343279,0.00476393],[0.98837,0.00343279,0.00343279,0.00476393],[0.00476393,0.00343279,0.987039,0.00476393],[0.98837,0.00343279,0.00343279,0.00476393],[0.00476393,0.00343279,0.00343279,0.98837],[0.98837,0.00343279,0.00343279,0.00476393],[0.660502,0.00343279,0.331301,0.00476393],[0.00476393,0.987039,0.00343279,0.00476393],[0.824436,0.167368,0.00343279,0.00476393],[0.00476393,0.00343279,0.00343279,0.98837],[0.168699,0.495236,0.00343279,0.332632],[0.496567,0.00343279,0.495236,0.00476393],[0.168699,0.00343279,0.823105,0.00476393],[0.98837,0.00343279,0.00343279,0.00476393],[0.824436,0.00343279,0.167368,0.00476393],[0.98837,0.00343279,0.00343279,0.00476393],[0.824436,0.00343279,0.00343279,0.168699],[0.660502,0.331301,0.00343279,0.00476393],[0.00476393,0.987039,0.00343279,0.00476393],[0.00476393,0.987039,0.00343279,0.00476393]]},{"db":0,"id":"CAWGACCAAGARYYCAAARGCA","alt":"MEME-5","len":22,"ltrim":0,"rtrim":0,"nsites":12,"evalue":"3.3e-013","pwm":[[0.00240165,0.993466,0.00173058,0.00240165],[0.746203,0.249664,0.00173058,0.00240165],[0.33298,0.00173058,0.00173058,0.663559],[0.0850459,0.0843749,0.828177,0.00240165],[0.911493,0.0843749,0.00173058,0.00240165],[0.00240165,0.745532,0.16702,0.0850459],[0.0850459,0.910822,0.00173058,0.00240165],[0.911493,0.0843749,0.00173058,0.00240165],[0.828848,0.0843749,0.0843749,0.00240165],[0.167691,0.00173058,0.745532,0.0850459],[0.828848,0.00173058,0.00173058,0.167691],[0.415625,0.0843749,0.497598,0.00240165],[0.00240165,0.497598,0.00173058,0.498269],[0.00240165,0.580243,0.0843749,0.33298],[0.00240165,0.993466,0.00173058,0.00240165],[0.828848,0.00173058,0.00173058,0.167691],[0.828848,0.00173058,0.16702,0.00240165],[0.911493,0.00173058,0.0843749,0.00240165],[0.580914,0.00173058,0.414954,0.00240165],[0.00240165,0.0843749,0.828177,0.0850459],[0.00240165,0.910822,0.0843749,0.00240165],[0.828848,0.00173058,0.00173058,0.167691]]},{"db":0,"id":"MANAAARRYAAACADA","alt":"MEME-1","len":16,"ltrim":1,"rtrim":2,"nsites":130,"evalue":"2.8e-040","pwm":[[0.407602,0.330676,0.092398,0.169324],[0.622821,0.123143,0.0616517,0.192384],[0.369171,0.192321,0.207693,0.230815],[0.56133,0.176948,0.200007,0.0617141],[0.914905,0.0847109,0.000160953,0.000223367],[0.776549,0.0462795,0.161575,0.0155965],[0.653567,0.000160953,0.346049,0.000223367],[0.576703,0.0385934,0.38448,0.000223367],[0.230815,0.261498,0.000160953,0.507525],[0.999455,0.000160953,0.000160953,0.000223367],[0.999455,0.000160953,0.000160953,0.000223367],[0.999455,0.000160953,0.000160953,0.000223367],[0.0770872,0.607386,0.0462795,0.269247],[0.937964,0.0309063,0.0309063,0.000223367],[0.315366,0.123143,0.346049,0.215443],[0.484466,0.115457,0.184634,0.215443]]},{"db":0,"id":"TSTRGTCAGACYGGTTCTCTGCTCTTGAAC","alt":"MEME-4","len":30,"ltrim":0,"rtrim":0,"nsites":5,"evalue":"4.3e-017","pwm":[[0.00569804,0.00410589,0.00410589,0.98609],[0.00569804,0.396263,0.592341,0.00569804],[0.00569804,0.00410589,0.00410589,0.98609],[0.397855,0.00410589,0.592341,0.00569804],[0.00569804,0.00410589,0.984498,0.00569804],[0.00569804,0.00410589,0.00410589,0.98609],[0.00569804,0.984498,0.00410589,0.00569804],[0.98609,0.00410589,0.00410589,0.00569804],[0.00569804,0.00410589,0.984498,0.00569804],[0.98609,0.00410589,0.00410589,0.00569804],[0.00569804,0.984498,0.00410589,0.00569804],[0.00569804,0.396263,0.00410589,0.593933],[0.00569804,0.00410589,0.984498,0.00569804],[0.00569804,0.00410589,0.984498,0.00569804],[0.00569804,0.00410589,0.00410589,0.98609],[0.00569804,0.00410589,0.00410589,0.98609],[0.00569804,0.78842,0.200184,0.00569804],[0.00569804,0.00410589,0.00410589,0.98609],[0.00569804,0.984498,0.00410589,0.00569804],[0.00569804,0.00410589,0.00410589,0.98609],[0.00569804,0.00410589,0.984498,0.00569804],[0.00569804,0.984498,0.00410589,0.00569804],[0.00569804,0.00410589,0.00410589,0.98609],[0.00569804,0.984498,0.00410589,0.00569804],[0.00569804,0.00410589,0.00410589,0.98609],[0.00569804,0.200184,0.00410589,0.790012],[0.201776,0.00410589,0.78842,0.00569804],[0.98609,0.00410589,0.00410589,0.00569804],[0.98609,0.00410589,0.00410589,0.00569804],[0.00569804,0.984498,0.00410589,0.00569804]]},{"db":0,"id":"TWTTGYCKTGMWAAASMTCTTW","alt":"MEME-2","len":22,"ltrim":0,"rtrim":0,"nsites":14,"evalue":"6.7e-018","pwm":[[0.00206099,0.0724075,0.00148511,0.924046],[0.356671,0.00148511,0.00148511,0.640359],[0.00206099,0.00148511,0.00148511,0.994969],[0.143905,0.00148511,0.00148511,0.853125],[0.00206099,0.00148511,0.994393,0.00206099],[0.00206099,0.497939,0.00148511,0.498515],[0.00206099,0.710705,0.00148511,0.285749],[0.0729834,0.00148511,0.427017,0.498515],[0.0729834,0.00148511,0.00148511,0.924046],[0.00206099,0.00148511,0.994393,0.00206099],[0.427592,0.568861,0.00148511,0.00206099],[0.640359,0.00148511,0.00148511,0.356671],[0.711281,0.00148511,0.285173,0.00206099],[0.924046,0.0724075,0.00148511,0.00206099],[0.853125,0.0724075,0.0724075,0.00206099],[0.0729834,0.497939,0.427017,0.00206099],[0.356671,0.427017,0.0724075,0.143905],[0.00206099,0.0724075,0.00148511,0.924046],[0.00206099,0.710705,0.00148511,0.285749],[0.00206099,0.00148511,0.00148511,0.994969],[0.00206099,0.00148511,0.00148511,0.994969],[0.498515,0.00148511,0.00148511,0.498515]]},{"db":1,"id":"AGATAA","alt":"DREME-5","len":6,"ltrim":0,"rtrim":0,"nsites":103,"evalue":"2.1e-004","pwm":[[0.999312,0.000203104,0.000203104,0.000281862],[0.000281862,0.000203104,0.999233,0.000281862],[0.999312,0.000203104,0.000203104,0.000281862],[0.000281862,0.000203104,0.000203104,0.999312],[0.999312,0.000203104,0.000203104,0.000281862],[0.999312,0.000203104,0.000203104,0.000281862]]},{"db":2,"id":"CDX2_HUMAN.H11MO.0.A","len":12,"ltrim":0,"rtrim":0,"nsites":151,"evalue":"1.0e+000","url":"http://hocomoco.autosome.ru/motif/CDX2_HUMAN.H11MO.0.A","pwm":[[0.152409,0.119265,0.211919,0.516407],[0.0597555,0.0729381,0.0597018,0.807605],[0.106082,0.000138584,0.0663199,0.827459],[0.0862281,0.24501,0.17221,0.496552],[0.986294,0.00675672,0.00675672,0.000192323],[0.00681046,0.0530837,0.0133749,0.926731],[0.0465193,0.000138584,0.311191,0.642151],[0.1855,0.00675672,0.807551,0.000192323],[0.0134286,0.761224,0.132501,0.0928462],[0.264918,0.211919,0.0861743,0.436989],[0.139173,0.198683,0.3509,0.311245],[0.0134286,0.231773,0.17221,0.582588]]},{"db":2,"id":"DMBX1_HUMAN.H11MO.0.D","len":20,"ltrim":3,"rtrim":2,"nsites":29,"evalue":"1.0e+000","url":"http://hocomoco.autosome.ru/motif/DMBX1_HUMAN.H11MO.0.D","pwm":[[0.17282,0.275634,0.138177,0.41337],[0.421961,0.284225,0.112403,0.181411],[0.430552,0.292816,0.155359,0.121274],[0.207184,0.138177,0.103812,0.550827],[0.41337,0.0350838,0.0350838,0.516463],[0.516463,0.0350838,0.0350838,0.41337],[0.310277,0.103812,0.0350838,0.550827],[0.550827,0.172541,0.0350838,0.241548],[0.585191,0.103812,0.0350838,0.275913],[0.138456,0.309998,0.172541,0.379005],[0.104091,0.619276,0.0350838,0.241548],[0.000998625,0.447455,0.0694481,0.482098],[0.757012,0.0350838,0.138177,0.0697271],[0.894469,0.0350838,0.0694481,0.000998625],[0.000998625,0.0350838,0.000719588,0.963198],[0.000998625,0.000719588,0.000719588,0.997562],[0.997562,0.000719588,0.000719588,0.000998625],[0.619555,0.138177,0.138177,0.104091],[0.0955003,0.232678,0.335771,0.33605],[0.241548,0.103812,0.241269,0.41337]]},{"db":2,"id":"E2F2_HUMAN.H11MO.0.B","len":10,"ltrim":0,"rtrim":0,"nsites":8,"evalue":"1.0e+000","url":"http://hocomoco.autosome.ru/motif/E2F2_HUMAN.H11MO.0.B","pwm":[[0.156973,0.141006,0.679727,0.0222932],[0.00358765,0.00258519,0.99024,0.00358765],[0.00358765,0.780737,0.212088,0.00358765],[0.00358765,0.00258519,0.99024,0.00358765],[0.00358765,0.780737,0.137265,0.0784099],[0.00358765,0.0399963,0.952828,0.00358765],[0.662024,0.197123,0.137265,0.00358765],[0.871526,0.122301,0.00258519,0.00358765],[0.662024,0.00258519,0.0774075,0.257983],[0.0447399,0.732103,0.0437375,0.17942]]},{"db":2,"id":"EVX2_HUMAN.H11MO.0.A","len":13,"ltrim":2,"rtrim":2,"nsites":500,"evalue":"1.0e+000","url":"http://hocomoco.autosome.ru/motif/EVX2_HUMAN.H11MO.0.A","pwm":[[0.164025,0.176007,0.361969,0.297999],[0.116035,0.182005,0.208,0.493959],[0.0120557,0.0100399,0.0140391,0.963865],[0.0140553,0.00804027,4.18717e-05,0.977863],[0.0280525,0.0220375,0.0280363,0.921874],[0.983861,0.0100399,0.00404107,0.00205771],[0.00405731,0.0580303,4.18717e-05,0.937871],[0.0460489,0.00604067,0.495943,0.451968],[0.385981,4.18717e-05,0.605921,0.00805651],[0.0460489,0.735895,0.106021,0.112036],[0.156027,0.413959,0.0480323,0.381982],[0.128033,0.30798,0.196003,0.367985],[0.14203,0.249992,0.190004,0.417975]]},{"db":2,"id":"FOXJ2_HUMAN.H11MO.0.C","len":10,"ltrim":0,"rtrim":0,"nsites":41,"evalue":"1.0e+000","url":"http://hocomoco.autosome.ru/motif/FOXJ2_HUMAN.H11MO.0.C","pwm":[[0.000707056,0.0241984,0.000509489,0.974585],[0.308663,0.000509489,0.642743,0.0480849],[0.000707056,0.000509489,0.0241984,0.974585],[0.000707056,0.000509489,0.000509489,0.998274],[0.000707056,0.000509489,0.000509489,0.998274],[0.548184,0.000509489,0.450599,0.000707056],[0.000707056,0.192653,0.000509489,0.80613],[0.119152,0.216342,0.000509489,0.663997],[0.000707056,0.0241984,0.237399,0.737696],[0.465273,0.0834207,0.130799,0.320508]]},{"db":2,"id":"FOXJ3_HUMAN.H11MO.0.A","len":13,"ltrim":1,"rtrim":0,"nsites":626,"evalue":"1.0e+000","url":"http://hocomoco.autosome.ru/motif/FOXJ3_HUMAN.H11MO.0.A","pwm":[[0.194111,0.146481,0.164697,0.49471],[4.64143e-05,3.34452e-05,3.34452e-05,0.999887],[0.0829682,3.34452e-05,0.914268,0.00273054],[0.00112006,3.34452e-05,3.34452e-05,0.998813],[4.64143e-05,3.34452e-05,3.34452e-05,0.999887],[0.00887921,3.34452e-05,0.175698,0.815389],[0.818158,3.34452e-05,0.0369545,0.144854],[4.64143e-05,0.0711347,3.34452e-05,0.928785],[0.11331,3.34452e-05,0.430175,0.456481],[0.0440611,3.34452e-05,0.325661,0.630245],[0.0528196,3.34452e-05,0.0291502,0.917997],[0.00591112,0.0101673,0.0168383,0.967083],[0.35851,0.070401,0.138469,0.43262]]},{"db":2,"id":"FOXK1_HUMAN.H11MO.0.A","len":10,"ltrim":0,"rtrim":0,"nsites":500,"evalue":"1.0e+000","url":"http://hocomoco.autosome.ru/motif/FOXK1_HUMAN.H11MO.0.A","pwm":[[0.0200541,0.00804027,0.0100399,0.961866],[0.0760429,0.0200379,0.895863,0.00805651],[0.00605691,0.0860247,0.0200379,0.887881],[0.00205771,0.0100399,0.100022,0.887881],[0.0200541,0.0200379,0.166009,0.793899],[0.49196,0.251991,0.0620295,0.194019],[0.0240533,0.655911,0.0400339,0.280002],[0.303997,0.233995,0.11002,0.351988],[0.154027,0.211999,0.150012,0.483961],[0.116035,0.227996,0.144013,0.511956]]},{"db":2,"id":"FOXO3_HUMAN.H11MO.0.B","len":10,"ltrim":2,"rtrim":1,"nsites":500,"evalue":"1.0e+000","url":"http://hocomoco.autosome.ru/motif/FOXO3_HUMAN.H11MO.0.B","pwm":[[0.112036,0.393963,0.261989,0.232012],[0.0580465,0.365969,0.188004,0.387981],[0.0200541,0.00604067,4.18717e-05,0.973863],[0.0520477,0.00404107,0.941854,0.00205771],[5.81083e-05,0.00604067,0.00604067,0.987861],[0.00405731,0.00204147,0.0300359,0.963865],[0.00205771,0.0100399,0.140014,0.847889],[0.779902,0.0580303,0.0200379,0.14203],[0.00205771,0.86187,0.00804027,0.128033],[0.383981,0.25999,0.0460327,0.309996]]},{"db":2,"id":"FOXO6_HUMAN.H11MO.0.D","len":13,"ltrim":3,"rtrim":0,"nsites":3383,"evalue":"1.0e+000","url":"http://hocomoco.autosome.ru/motif/FOXO6_HUMAN.H11MO.0.D","pwm":[[0.448562,0.121345,0.161544,0.268549],[0.359147,0.17322,0.148391,0.319242],[0.117948,0.371263,0.361805,0.148984],[0.385823,0.0210668,0.088165,0.504945],[0.000599764,0.000301776,0.00118854,0.99791],[0.00178211,6.18959e-06,0.998203,8.58975e-06],[8.58975e-06,0.000301776,0.000301776,0.999388],[0.00148652,0.000301776,0.0390237,0.959188],[8.58975e-06,0.000301776,0.104348,0.895341],[0.938275,0.0195888,0.00865211,0.0334838],[0.00481188,0.881816,0.00983445,0.103538],[0.271653,0.11765,0.463191,0.147506],[0.215122,0.16014,0.10457,0.520168]]},{"db":2,"id":"FOXP2_HUMAN.H11MO.0.C","len":9,"ltrim":1,"rtrim":1,"nsites":500,"evalue":"1.0e+000","url":"http://hocomoco.autosome.ru/motif/FOXP2_HUMAN.H11MO.0.C","pwm":[[0.0720437,0.399962,0.215999,0.311996],[0.00605691,0.00404107,0.0140391,0.975863],[0.0400501,0.00804027,0.947852,0.00405731],[0.00605691,0.0140391,0.0120395,0.967865],[0.00205771,0.0100399,0.0880243,0.899878],[5.81083e-05,4.18717e-05,0.174007,0.825893],[0.787901,0.100022,0.0340351,0.0780425],[0.00805651,0.747892,0.0300359,0.214015],[0.33999,0.289984,0.104021,0.266005]]},{"db":2,"id":"GATA1_HUMAN.H11MO.1.A","len":11,"ltrim":2,"rtrim":2,"nsites":500,"evalue":"1.0e+000","url":"http://hocomoco.autosome.ru/motif/GATA1_HUMAN.H11MO.1.A","pwm":[[0.345989,0.116019,0.303981,0.234011],[0.152028,0.441953,0.305981,0.100038],[0.699918,0.0140391,0.00804027,0.278003],[5.81083e-05,4.18717e-05,0.997842,0.00205771],[0.999858,4.18717e-05,4.18717e-05,5.81083e-05],[0.00605691,0.00804027,4.18717e-05,0.985861],[0.969864,0.00804027,0.00604067,0.0160549],[0.921874,0.00404107,0.0580303,0.0160549],[0.14003,0.174007,0.663909,0.0220537],[0.371984,0.200002,0.339974,0.0880405],[0.33999,0.215999,0.321977,0.122034]]},{"db":2,"id":"HSF2_HUMAN.H11MO.0.A","len":14,"ltrim":1,"rtrim":0,"nsites":1040,"evalue":"1.0e+000","url":"http://hocomoco.autosome.ru/motif/HSF2_HUMAN.H11MO.0.A","pwm":[[0.341388,0.261785,0.308825,0.0880026],[0.0672343,0.0841005,0.766426,0.0822389],[0.750253,0.0685783,0.11707,0.0640993],[0.69273,0.0605932,0.110655,0.136021],[0.120997,0.230398,0.280191,0.368414],[0.304403,0.189923,0.415798,0.089876],[0.0960657,0.0361997,0.0787507,0.788984],[0.0645673,0.0485327,0.0926598,0.79424],[0.0443148,0.795039,0.120609,0.0400381],[0.0677216,0.137605,0.161989,0.632685],[0.581981,0.177809,0.174567,0.0656424],[0.0168899,0.119132,0.810071,0.0539073],[0.725264,0.0617264,0.114397,0.0986123],[0.550755,0.16244,0.138529,0.148277]]},{"db":2,"id":"HXC9_HUMAN.H11MO.0.C","len":10,"ltrim":0,"rtrim":0,"nsites":500,"evalue":"1.0e+000","url":"http://hocomoco.autosome.ru/motif/HXC9_HUMAN.H11MO.0.C","pwm":[[0.260006,0.156011,0.0740271,0.509956],[0.0400501,0.0280363,0.0460327,0.885881],[0.00805651,0.0120395,0.0160387,0.963865],[0.224013,0.126017,0.0320355,0.617935],[0.959866,0.0240371,0.0120395,0.00405731],[0.0120557,0.0240371,0.0180383,0.945869],[0.0520477,0.00404107,0.453951,0.48996],[0.156027,0.0140391,0.801882,0.0280525],[0.0220537,0.773887,0.134015,0.0700441],[0.288001,0.399962,0.0160387,0.295999]]},{"db":2,"id":"HXD10_HUMAN.H11MO.0.D","len":10,"ltrim":0,"rtrim":0,"nsites":7,"evalue":"1.0e+000","url":"http://hocomoco.autosome.ru/motif/HXD10_HUMAN.H11MO.0.D","pwm":[[0.155544,0.0332395,0.0332395,0.777977],[0.246415,0.0029493,0.746543,0.00409296],[0.125254,0.504221,0.12411,0.246415],[0.125254,0.0029493,0.0029493,0.868848],[0.125254,0.2619,0.0029493,0.609897],[0.00409296,0.0029493,0.0029493,0.990008],[0.626526,0.0029493,0.12411,0.246415],[0.609897,0.0029493,0.2619,0.125254],[0.00409296,0.0029493,0.0029493,0.990008],[0.0343832,0.0332395,0.275561,0.656816]]},{"db":2,"id":"HXD8_HUMAN.H11MO.0.D","len":11,"ltrim":1,"rtrim":3,"nsites":278,"evalue":"1.0e+000","url":"http://hocomoco.autosome.ru/motif/HXD8_HUMAN.H11MO.0.D","pwm":[[0.294962,0.154696,0.100759,0.449583],[0.55566,0.196048,0.0773856,0.170906],[0.726462,0.0288419,0.0252461,0.21945],[0.00280137,0.0207513,0.0243471,0.9521],[0.341708,7.52967e-05,0.0216503,0.636566],[0.309346,0.00367113,7.52967e-05,0.686908],[0.125959,0.0108628,0.765987,0.0971919],[0.0117909,0.964656,0.0117617,0.0117909],[0.44329,0.191553,0.184362,0.180795],[0.194279,0.215825,0.190654,0.399241],[0.343506,0.20324,0.196048,0.257206]]},{"db":2,"id":"HXD9_HUMAN.H11MO.0.D","len":10,"ltrim":0,"rtrim":0,"nsites":6,"evalue":"1.0e+000","url":"http://hocomoco.autosome.ru/motif/HXD9_HUMAN.H11MO.0.D","pwm":[[0.86542,0.0444164,0.0444164,0.0457475],[0.496567,0.00343279,0.495236,0.00476393],[0.332633,0.167367,0.00343279,0.496567],[0.168698,0.00343279,0.00343279,0.824436],[0.00476393,0.00343279,0.00343279,0.98837],[0.332633,0.167367,0.167367,0.332633],[0.98837,0.00343279,0.00343279,0.00476393],[0.00476393,0.00343279,0.00343279,0.98837],[0.00476393,0.00343279,0.495236,0.496567],[0.373616,0.0444164,0.372285,0.209682]]},{"db":2,"id":"IRF7_HUMAN.H11MO.0.C","len":10,"ltrim":0,"rtrim":0,"nsites":40,"evalue":"1.0e+000","url":"http://hocomoco.autosome.ru/motif/IRF7_HUMAN.H11MO.0.C","pwm":[[0.215288,0.0644649,0.658422,0.0618255],[0.895923,0.102831,0.000522195,0.000724688],[0.998231,0.000522195,0.000522195,0.000724688],[0.895923,0.0260993,0.000522195,0.0774559],[0.103033,0.352918,0.415439,0.12861],[0.0234599,0.40123,0.153985,0.421326],[0.245128,0.0488345,0.679736,0.0263018],[0.9215,0.000522195,0.0260993,0.0518789],[0.793614,0.205139,0.000522195,0.000724688],[0.668571,0.000522195,0.0772534,0.253654]]},{"db":2,"id":"LEF1_HUMAN.H11MO.0.A","len":14,"ltrim":1,"rtrim":1,"nsites":456,"evalue":"1.0e+000","url":"http://hocomoco.autosome.ru/motif/LEF1_HUMAN.H11MO.0.A","pwm":[[0.0768013,0.260954,0.274109,0.388137],[0.0329512,0.635871,0.184216,0.146961],[0.0176037,0.708224,0.0132009,0.260971],[0.122844,0.0460884,0.0197784,0.811289],[0.00225622,0.138174,0.0351259,0.824444],[0.00225622,0.0132009,0.0329334,0.951609],[0.0439137,0.425391,0.519669,0.0110262],[0.456104,0.138174,0.0153934,0.390329],[0.278511,0.166676,0.157906,0.396907],[0.285089,0.190794,0.201756,0.322361],[0.0417212,0.129404,0.149136,0.679739],[0.0395287,0.311381,0.383734,0.265356],[0.116266,0.460471,0.0899385,0.333324],[0.313591,0.221489,0.103093,0.361826]]},{"db":2,"id":"LHX8_HUMAN.H11MO.0.D","len":18,"ltrim":1,"rtrim":1,"nsites":9043,"evalue":"1.0e+000","url":"http://hocomoco.autosome.ru/motif/LHX8_HUMAN.H11MO.0.D","pwm":[[0.187328,0.402187,0.179476,0.231008],[0.307337,0.203279,0.435942,0.0534417],[0.0274827,0.530628,0.0706086,0.371281],[0.000556121,0.00099755,0.000444642,0.998002],[0.594932,0.000444642,0.40462,3.2135e-06],[0.999218,0.00033406,0.000444642,3.2135e-06],[0.000113795,0.000112897,2.31558e-06,0.999771],[0.000113795,0.00331976,0.00376209,0.992804],[0.510226,0.000112897,0.489215,0.00044554],[0.0548793,0.626474,0.297273,0.0213731],[0.410675,0.257409,0.145942,0.185974],[0.533089,0.194045,0.145279,0.127587],[0.218899,0.151886,0.064969,0.564246],[0.132978,0.19258,0.0519204,0.622522],[0.602756,0.0721844,0.119071,0.205989],[0.612597,0.0609051,0.108013,0.218485],[0.23756,0.0963465,0.124324,0.54177],[0.226142,0.125623,0.160346,0.487889]]},{"db":2,"id":"NF2L1_HUMAN.H11MO.0.C","len":7,"ltrim":1,"rtrim":1,"nsites":112,"evalue":"1.0e+000","url":"http://hocomoco.autosome.ru/motif/NF2L1_HUMAN.H11MO.0.C","pwm":[[0.429181,0.248901,0.080139,0.241779],[0.216038,0.0467289,0.709547,0.027686],[0.000259233,0.000186798,0.00723941,0.992315],[0.0297575,0.891518,0.00194995,0.0767749],[0.942946,0.0213446,0.00723941,0.0284697],[0.0135808,0.160187,0.0608341,0.765398],[0.173723,0.226295,0.291168,0.308814]]},{"db":2,"id":"NR2F6_HUMAN.H11MO.0.D","len":18,"ltrim":0,"rtrim":0,"nsites":11,"evalue":"1.0e+000","url":"http://hocomoco.autosome.ru/motif/NR2F6_HUMAN.H11MO.0.D","pwm":[[0.473825,0.0261755,0.288497,0.211503],[0.177499,0.00188649,0.817997,0.00261802],[0.0900584,0.273923,0.6334,0.00261802],[0.449536,0.00188649,0.186483,0.362095],[0.187214,0.720841,0.0893269,0.00261802],[0.993609,0.00188649,0.00188649,0.00261802],[0.906169,0.00188649,0.0893269,0.00261802],[0.711857,0.00188649,0.283639,0.00261802],[0.00261802,0.00188649,0.992877,0.00261802],[0.177499,0.0990425,0.273923,0.449536],[0.187214,0.186483,0.176767,0.449536],[0.177499,0.6334,0.186483,0.00261802],[0.906169,0.00188649,0.0893269,0.00261802],[0.274655,0.273923,0.186483,0.264939],[0.187214,0.283639,0.176767,0.35238],[0.187214,0.00188649,0.361364,0.449536],[0.264939,0.0893269,0.468235,0.177499],[0.536976,0.186483,0.273923,0.00261802]]},{"db":2,"id":"PIT1_HUMAN.H11MO.0.C","len":13,"ltrim":0,"rtrim":1,"nsites":38,"evalue":"1.0e+000","url":"http://hocomoco.autosome.ru/motif/PIT1_HUMAN.H11MO.0.C","pwm":[[0.0822635,0.443559,0.120783,0.353395],[0.233161,0.142571,0.0457381,0.57853],[0.401004,0.445979,0.126432,0.0265847],[0.659224,0.107065,0.000549607,0.233161],[0.0846843,0.000549607,0.000549607,0.914217],[0.0169015,0.000549607,0.981786,0.000762729],[0.568847,0.165165,0.136115,0.129873],[0.917444,0.000549607,0.000549607,0.0814565],[0.271894,0.000549607,0.0489659,0.678591],[0.878711,0.000549607,0.0328271,0.087912],[0.262211,0.000549607,0.000549607,0.73669],[0.533342,0.000549607,0.155482,0.310627],[0.166992,0.312028,0.131274,0.389707]]},{"db":2,"id":"PO2F1_HUMAN.H11MO.0.C","len":16,"ltrim":0,"rtrim":0,"nsites":134,"evalue":"1.0e+000","url":"http://hocomoco.autosome.ru/motif/PO2F1_HUMAN.H11MO.0.C","pwm":[[0.634072,0.112013,0.156756,0.0971593],[0.43273,0.17167,0.17167,0.22393],[0.0747879,0.0448989,0.298441,0.581872],[0.082245,0.365555,0.335727,0.216473],[0.298502,0.134384,0.469955,0.0971593],[0.492387,0.164213,0.0374418,0.305959],[0.947271,0.0374418,0.00761327,0.00767383],[0.0375023,0.0150704,0.00761327,0.939814],[0.0598737,0.000156152,0.939753,0.000216704],[0.0151309,0.462498,0.425212,0.0971593],[0.917443,0.0225275,0.0299846,0.0300452],[0.8205,0.0374418,0.126927,0.0151309],[0.537129,0.0672702,0.052356,0.343244],[0.119531,0.395384,0.0598131,0.425273],[0.604244,0.141841,0.17167,0.082245],[0.462558,0.0821845,0.0747274,0.38053]]},{"db":2,"id":"PO3F1_HUMAN.H11MO.0.C","len":14,"ltrim":1,"rtrim":1,"nsites":15,"evalue":"1.0e+000","url":"http://hocomoco.autosome.ru/motif/PO3F1_HUMAN.H11MO.0.C","pwm":[[0.324772,0.342296,0.279081,0.0538511],[0.58892,0.00138676,0.249731,0.159962],[0.0922315,0.00138676,0.0465403,0.859841],[0.0922315,0.00138676,0.389707,0.516675],[0.0696548,0.2994,0.516137,0.114808],[0.390245,0.00138676,0.00138676,0.606982],[0.602466,0.00138676,0.0826631,0.313484],[0.950148,0.00138676,0.00138676,0.047078],[0.0621292,0.0164379,0.0615915,0.859841],[0.0922315,0.0465403,0.81415,0.047078],[0.0621292,0.784048,0.151898,0.0019245],[0.597951,0.00138676,0.182001,0.218661],[0.58591,0.0465403,0.106745,0.260805],[0.430883,0.0871784,0.213608,0.26833]]},{"db":2,"id":"PO5F1_HUMAN.H11MO.0.A","len":16,"ltrim":0,"rtrim":0,"nsites":500,"evalue":"1.0e+000","url":"http://hocomoco.autosome.ru/motif/PO5F1_HUMAN.H11MO.0.A","pwm":[[0.0520477,0.519938,0.194003,0.234011],[0.0740433,0.529936,0.0800259,0.315995],[0.38998,0.0440331,0.0400339,0.525953],[0.0200541,0.0640291,0.0240371,0.89188],[0.0720437,0.0220375,0.0280363,0.877883],[0.104037,0.313979,0.515939,0.0660449],[0.379982,0.0360347,0.0320355,0.551948],[0.176023,0.249992,0.100022,0.473963],[0.883881,0.0200379,0.0320355,0.0640453],[0.0140553,0.00204147,0.0160387,0.967865],[0.0120557,0.00804027,0.921858,0.0580465],[0.0140553,0.75989,0.0940231,0.132032],[0.7899,0.0200379,0.0300359,0.160026],[0.619934,0.0600299,0.253991,0.0660449],[0.829892,0.0360347,0.0680283,0.0660449],[0.160026,0.138014,0.122017,0.579942]]},{"db":2,"id":"PPARG_HUMAN.H11MO.1.A","len":9,"ltrim":0,"rtrim":0,"nsites":500,"evalue":"1.0e+000","url":"http://hocomoco.autosome.ru/motif/PPARG_HUMAN.H11MO.1.A","pwm":[[0.0220537,0.775887,0.152011,0.0500481],[0.953867,0.00804027,4.18717e-05,0.0380505],[0.573943,0.0140391,0.401961,0.0100561],[0.873883,4.18717e-05,0.122017,0.00405731],[0.0520477,4.18717e-05,0.937854,0.0100561],[0.0600461,0.0120395,0.765889,0.162026],[0.0440493,0.0920235,0.293983,0.569944],[0.128033,0.617918,0.126017,0.128033],[0.885881,0.0420335,0.0200379,0.0520477]]},{"db":2,"id":"PROP1_HUMAN.H11MO.0.D","len":11,"ltrim":0,"rtrim":0,"nsites":500,"evalue":"1.0e+000","url":"http://hocomoco.autosome.ru/motif/PROP1_HUMAN.H11MO.0.D","pwm":[[0.176023,0.0440331,0.0260367,0.753907],[0.909876,0.00604067,0.0460327,0.0380505],[0.999858,4.18717e-05,4.18717e-05,5.81083e-05],[0.0300521,0.0680283,0.0460327,0.855887],[0.0760429,0.11002,0.172007,0.64193],[0.477963,4.18717e-05,0.521937,5.81083e-05],[0.48996,0.136015,0.297982,0.0760429],[0.751908,0.0180383,0.148012,0.0820417],[0.0120557,0.00404107,0.00604067,0.977863],[0.0420497,0.0940231,0.00404107,0.859886],[0.723913,0.0540311,0.0420335,0.180022]]},{"db":2,"id":"SOX2_HUMAN.H11MO.0.A","len":13,"ltrim":1,"rtrim":2,"nsites":500,"evalue":"1.0e+000","url":"http://hocomoco.autosome.ru/motif/SOX2_HUMAN.H11MO.0.A","pwm":[[0.104037,0.227996,0.245993,0.421974],[0.0360509,0.351971,0.261989,0.349988],[0.0100561,0.641913,0.0800259,0.268005],[0.0160549,0.727896,0.0100399,0.246009],[0.292,0.0100399,4.18717e-05,0.697919],[5.81083e-05,0.00204147,0.00204147,0.995859],[5.81083e-05,4.18717e-05,4.18717e-05,0.999858],[0.0160549,0.156011,0.80788,0.0200541],[0.0620457,0.0180383,4.18717e-05,0.919874],[0.0460489,0.253991,0.208,0.49196],[0.106037,0.411959,0.0760267,0.405977],[0.102038,0.311979,0.136015,0.449968],[0.0760429,0.395963,0.25799,0.270004]]},{"db":2,"id":"Z354A_HUMAN.H11MO.0.C","len":24,"ltrim":1,"rtrim":0,"nsites":496,"evalue":"1.0e+000","url":"http://hocomoco.autosome.ru/motif/Z354A_HUMAN.H11MO.0.C","pwm":[[0.471738,0.0746239,0.262086,0.191552],[0.076656,0.114938,0.0584982,0.749907],[0.0323101,0.120986,0.0584982,0.788206],[0.040373,0.233866,0.0645453,0.661216],[0.508021,0.199599,0.108891,0.183489],[0.256055,0.0907497,0.479784,0.173411],[0.250008,0.141143,0.169363,0.439486],[0.0685931,0.53824,0.0645453,0.328621],[0.0585145,0.792221,0.0262466,0.123018],[0.572524,0.151221,0.0766397,0.199615],[0.0726246,0.114938,0.0363252,0.776112],[0.0141686,0.0201994,0.030278,0.935354],[0.0202158,0.120986,0.0484196,0.810379],[0.582602,0.252008,0.0927655,0.0726246],[0.0423888,0.628948,0.0262466,0.302417],[0.628964,0.100828,0.125017,0.145191],[0.0383573,0.0988126,0.0806711,0.782159],[0.0645617,0.088734,0.0544667,0.792238],[0.0363416,0.195567,0.052451,0.71564],[0.677341,0.0806711,0.135096,0.106892],[0.485848,0.100828,0.185489,0.227835],[0.062546,0.0322938,0.0766397,0.828521],[0.118986,0.102844,0.681356,0.0968133],[0.153253,0.11897,0.0826868,0.64509]]},{"db":2,"id":"ZN418_HUMAN.H11MO.0.C","len":17,"ltrim":0,"rtrim":2,"nsites":500,"evalue":"1.0e+000","url":"http://hocomoco.autosome.ru/motif/ZN418_HUMAN.H11MO.0.C","pwm":[[0.0520477,0.0120395,0.0420335,0.893879],[0.0380505,0.0160387,0.913859,0.0320517],[0.216015,0.543933,0.0180383,0.222014],[0.0260529,0.0560307,0.00804027,0.909876],[0.00205771,0.0500319,0.0220375,0.925873],[0.0320517,0.441953,0.0580303,0.467965],[0.0580465,0.285985,0.0220375,0.633931],[0.581942,0.0180383,0.355971,0.0440493],[0.0180545,0.0340351,0.633915,0.313995],[0.0100561,0.669908,0.0240371,0.295999],[0.0100561,0.555931,0.00204147,0.431972],[0.220014,0.120018,0.140014,0.519954],[0.180022,0.645913,0.118018,0.0560469],[0.156027,0.227996,0.0120395,0.603937],[0.0800421,0.102021,0.285985,0.531952],[0.206017,0.375967,0.237994,0.180022],[0.128033,0.469948,0.164009,0.238011]]},{"db":2,"id":"ZN418_HUMAN.H11MO.1.D","len":12,"ltrim":2,"rtrim":0,"nsites":500,"evalue":"1.0e+000","url":"http://hocomoco.autosome.ru/motif/ZN418_HUMAN.H11MO.1.D","pwm":[[0.19002,0.122017,0.273987,0.413975],[0.208017,0.192003,0.40996,0.19002],[0.224013,0.164009,0.104021,0.507957],[0.124033,4.18717e-05,0.0920235,0.783901],[0.0340513,0.0240371,0.939854,0.00205771],[0.244009,0.647912,0.0180383,0.0900401],[0.00605691,0.100022,4.18717e-05,0.893879],[0.00205771,0.0320355,0.0180383,0.947869],[0.0200541,0.503941,0.0240371,0.451968],[0.0160549,0.323977,0.0240371,0.635931],[0.551948,0.00404107,0.393963,0.0500481],[0.00605691,0.0160387,0.643913,0.333991]]},{"db":2,"id":"ZN563_HUMAN.H11MO.0.C","len":21,"ltrim":1,"rtrim":0,"nsites":499,"evalue":"1.0e+000","url":"http://hocomoco.autosome.ru/motif/ZN563_HUMAN.H11MO.0.C","pwm":[[0.240992,0.12677,0.44334,0.188898],[0.092725,0.10473,0.635686,0.166858],[0.164855,0.160831,0.47139,0.202923],[0.27906,0.269026,0.250994,0.20092],[0.0205952,0.0826907,0.146806,0.749908],[0.00606904,0.889643,0.00805638,0.0962313],[0.350689,0.486918,0.0220816,0.140311],[0.100239,0.180367,0.152316,0.567079],[0.158343,0.312605,0.272532,0.25652],[0.354697,0.138291,0.298579,0.208433],[0.110257,0.629174,0.170349,0.0902205],[0.264534,0.298579,0.0320997,0.404787],[0.178379,0.0260888,0.627171,0.168361],[0.0341195,0.118255,0.683272,0.164354],[0.0321159,0.791467,0.168345,0.00807265],[0.717349,0.194392,0.00805638,0.0802025],[0.268541,0.124266,0.539012,0.0681808],[0.0180907,0.895654,0.0180744,0.0681808],[0.186394,0.170349,0.100222,0.543036],[0.0541556,0.180367,0.667243,0.0982349],[0.154336,0.402767,0.066161,0.376736]]}],"sequence_names":["chr10:116105950-116106449","chr10:125503200-125503799","chr10:22403050-22403799","chr11:117436550-117436949","chr11:9148650-9149399","chr12:124672850-124673349","chr12:26019900-26020399","chr12:52674150-52674749","chr13:33559050-33559449","chr14:71938050-71939249","chr15:81035400-81036099","chr15:87588450-87589499","chr16:11085350-11086149","chr16:11453100-11453649","chr17:1018100-1018799","chr1:151511900-151512699","chr1:20558950-20559549","chr1:215176850-215177449","chr1:215287350-215287999","chr1:3043700-3044199","chr20:31564150-31564949","chr20:48021550-48022149","chr20:55734200-55734849","chr20:58532400-58533149","chr21:22611050-22611949","chr21:23055400-23055999","chr22:38574000-38574599","chr22:41124800-41125349","chr2:100884100-100884799","chr2:159580000-159580999","chr2:164000700-164001249","chr2:20696000-20696699","chr2:237640350-237640899","chr2:43826650-43827199","chr3:192569400-192570199","chr3:194215850-194216249","chr3:55602650-55603699","chr4:40365350-40365949","chr5:103995200-103995599","chr5:124371050-124371449","chr5:23494550-23495199","chr5:386600-387349","chr5:431150-431649","chr5:79789150-79789799","chr6:121914250-121914899","chr6:14713100-14713499","chr6:148628600-148629249","chr6:16964750-16965599","chr6:65487900-65488799","chr7:140675700-140676399","chr7:16707450-16708099","chr8:71405250-71406149","chr8:95568950-95569449","chr9:96656100-96656599","chrX:132009550-132010299"],"primaries":[{"motif":{"db":0,"id":"CCCYCAGGC","alt":"MEME-6","len":9,"ltrim":0,"rtrim":0,"nsites":52,"evalue":"6.7e-009","pwm":[[0.000557773,0.614606,0.28831,0.0965272],[0.000557773,0.998483,0.00040192,0.000557773],[0.000557773,0.998483,0.00040192,0.000557773],[0.000557773,0.422667,0.00040192,0.576373],[0.192497,0.595412,0.211534,0.000557773],[0.998638,0.00040192,0.00040192,0.000557773],[0.000557773,0.019596,0.979288,0.000557773],[0.000557773,0.173147,0.825738,0.000557773],[0.000557773,0.787351,0.211534,0.000557773]]},"secondaries":[[{"idx":1,"counts":[[0,0,0,0,0,0,0,0,0,0,0,0,0,0,0,0,0,0,0,0,0,0,0,0,0,0,0,0,0,0,0,0,0,0,0,0,0,0,0,0,0,0,0,0,0,0,0,0,0,0,0,0,0,0,0,0,0,0,0,0,0,0,0,0,0,0,0,0,0,1,0,0,0,0,0,0,0,0,0,0,0,0,0,0,0,0,0,0,0,0,0,0,0,0,0,0,0,0,0,0,0,0,0,0,0,0,0,0,0,0,0,0,0,0,0,0,0,0,0,0,0,0,0,0,0,0,0,0,0,0],[0,0,0,0,0,0,0,0,0,0,0,0,0,0,0,0,0,0,0,0,0,0,0,0,0,0,0,0,0,0,0,0,0,0,0,0,0,0,0,0,0,0,0,0,0,0,0,0,0,0,0,0,0,0,0,0,0,0,0,0,0,0,0,0,0,0,0,0,0,0,0,0,0,0,0,0,0,0,0,0,0,0,0,0,0,0,0,0,0,0,0,0,0,0,0,0,0,0,0,0,0,0,0,0,0,0,0,0,0,0,0,0,0,0,0,0,0,0,0,0,0,0,0,0,0,0,0,0,0,0],[0,0,0,0,0,0,0,0,5,0,0,0,0,0,0,0,0,0,0,0,0,0,0,0,0,0,0,0,0,0,0,0,1,0,0,0,0,0,0,0,0,0,0,0,0,0,0,0,0,0,0,0,0,0,0,0,0,0,0,0,0,0,0,0,0,0,0,0,0,0,0,0,0,0,0,0,0,0,0,0,0,0,0,0,0,0,0,0,0,0,0,0,0,0,0,0,0,0,0,0,0,0,0,0,0,0,0,0,0,0,0,0,0,0,0,0,0,0,0,0,0,0,0,0,0,0,0,0,0,0],[0,0,0,0,0,0,0,0,0,0,0,0,0,0,0,0,0,0,0,0,0,0,0,0,0,0,0,0,0,0,0,0,0,0,0,0,0,0,0,0,0,0,0,0,0,0,0,0,0,0,0,0,0,0,0,0,0,0,0,0,0,0,0,0,0,0,0,0,0,0,0,0,0,0,0,0,0,0,0,0,0,0,0,0,0,0,0,0,0,0,0,0,0,0,0,0,0,0,0,0,0,0,0,0,0,0,0,0,0,0,0,0,0,0,0,0,0,0,0,0,0,0,0,0,0,0,0,0,0,0]],"spacings":[{"orient":2,"bin":8,"pvalue":5.72225e-13,"inferred_pwm":[[0,1,0,0],[1,0,0,0],[0,0,0,1],[0,0,1,0],[1,0,0,0],[0,1,0,0],[0.2,0.8,0,0],[1,0,0,0],[1,0,0,0],[0,0,0.8,0.2],[1,0,0,0],[1,0,0,0],[0,0.8,0,0.2],[0,0.8,0,0.2],[0.2,0.8,0,0],[1,0,0,0],[1,0,0,0],[1,0,0,0],[1,0,0,0],[0,0,1,0],[0,1,0,0],[1,0,0,0]],"alignment_pwm":[null,null,[[0,0,0,1],[0,0,0,1],[0.6,0,0.4,0],[0,0,0,1],[0,0,0,1],[0,0,1,0],[0,0.4,0,0.6],[1,0,0,0],[0,0,0,1],[0,0,0,1],[0,0,0,1],[0,0,1,0],[0,1,0,0],[0,0,0,1],[0,0,0,1],[0,0,0,1],[0,0,0,1],[0,0,0.8,0.2],[0.2,0,0.8,0],[0.2,0,0.8,0],[0,0,0,1],[0,0,0,1],[0.2,0.8,0,0],[0,0,0,1],[0,0,0,1],[0,0,0.8,0.2],[0,0,1,0],[0,0,0,1],[0,1,0,0],[1,0,0,0],[0,0,0,1],[0,0,1,0],[1,0,0,0],[1,0,0,0],[0.6,0.2,0.2,0],[0,0,0,1],[0,1,0,0],[0,0.6,0,0.4],[0,0,0,1],[0,0,0,1],[0,0,1,0],[0,1,0,0],[0,1,0,0],[0,0,0,1],[0.8,0.2,0,0],[1,0,0,0],[0,0,1,0],[0,1,0,0],[0,1,0,0],[1,0,0,0],[0.8,0,0.2,0],[0,0.2,0,0.8],[0.2,0,0.8,0],[0,0,0,1],[0,0.8,0.2,0],[0.2,0,0,0.8],[0.8,0,0.2,0],[0,0.2,0.8,0],[0.8,0,0.2,0],[0.8,0,0,0.2],[0,0.2,0.6,0.2],[0.4,0,0.4,0.2],[0.4,0,0.4,0.2],[0,0,0.2,0.8],[0,0.4,0,0.6],[0.2,0.2,0,0.6],[0.4,0,0,0.6],[0.4,0,0,0.6],[0,0.6,0.2,0.2],[0.2,0.4,0.2,0.2],[0.4,0,0.2,0.4],[0.8,0,0,0.2],[0.2,0,0.2,0.6],[0,0,0.6,0.4],[0,0.2,0,0.8],[0,0,0,1],[0.8,0,0,0.2],[0,0.4,0,0.6],[0,0.8,0,0.2],[0.2,0,0.2,0.6],[0,0,0.2,0.8],[0.2,0.6,0,0.2],[0,0,0.2,0.8],[0.8,0,0,0.2],[0,0,0.6,0.4],[0.6,0,0,0.4],[0.6,0,0,0.4],[0,0,0,1],[0.4,0,0,0.6]],null],"seqs":[2,4,23,33,52]},{"orient":4,"bin":8,"pvalue":1.8252e-11,"inferred_pwm":[[0,1,0,0],[1,0,0,0],[0,0,0,1],[0,0,1,0],[1,0,0,0],[0,1,0,0],[0.2,0.8,0,0],[1,0,0,0],[1,0,0,0],[0,0,0.8,0.2],[1,0,0,0],[1,0,0,0],[0,0.8,0,0.2],[0,0.8,0,0.2],[0.2,0.8,0,0],[1,0,0,0],[1,0,0,0],[1,0,0,0],[1,0,0,0],[0,0,1,0],[0,1,0,0],[1,0,0,0]],"alignment_pwm":[null,null,[[0,0,0,1],[0,0,0,1],[0.6,0,0.4,0],[0,0,0,1],[0,0,0,1],[0,0,1,0],[0,0.4,0,0.6],[1,0,0,0],[0,0,0,1],[0,0,0,1],[0,0,0,1],[0,0,1,0],[0,1,0,0],[0,0,0,1],[0,0,0,1],[0,0,0,1],[0,0,0,1],[0,0,0.8,0.2],[0.2,0,0.8,0],[0.2,0,0.8,0],[0,0,0,1],[0,0,0,1],[0.2,0.8,0,0],[0,0,0,1],[0,0,0,1],[0,0,0.8,0.2],[0,0,1,0],[0,0,0,1],[0,1,0,0],[1,0,0,0],[0,0,0,1],[0,0,1,0],[1,0,0,0],[1,0,0,0],[0.6,0.2,0.2,0],[0,0,0,1],[0,1,0,0],[0,0.6,0,0.4],[0,0,0,1],[0,0,0,1],[0,0,1,0],[0,1,0,0],[0,1,0,0],[0,0,0,1],[0.8,0.2,0,0],[1,0,0,0],[0,0,1,0],[0,1,0,0],[0,1,0,0],[1,0,0,0],[0.8,0,0.2,0],[0,0.2,0,0.8],[0.2,0,0.8,0],[0,0,0,1],[0,0.8,0.2,0],[0.2,0,0,0.8],[0.8,0,0.2,0],[0,0.2,0.8,0],[0.8,0,0.2,0],[0.8,0,0,0.2],[0,0.2,0.6,0.2],[0.4,0,0.4,0.2],[0.4,0,0.4,0.2],[0,0,0.2,0.8],[0,0.4,0,0.6],[0.2,0.2,0,0.6],[0.4,0,0,0.6],[0.4,0,0,0.6],[0,0.6,0.2,0.2],[0.2,0.4,0.2,0.2],[0.4,0,0.2,0.4],[0.8,0,0,0.2],[0.2,0,0.2,0.6],[0,0,0.6,0.4],[0,0.2,0,0.8],[0,0,0,1],[0.8,0,0,0.2],[0,0.4,0,0.6],[0,0.8,0,0.2],[0.2,0,0.2,0.6],[0,0,0.2,0.8],[0.2,0.6,0,0.2],[0,0,0.2,0.8],[0.8,0,0,0.2],[0,0,0.6,0.4],[0.6,0,0,0.4],[0.6,0,0,0.4],[0,0,0,1],[0.4,0,0,0.6]],null],"seqs":[2,4,23,33,52]},{"orient":6,"bin":8,"pvalue":1.8252e-11,"inferred_pwm":[[0,1,0,0],[1,0,0,0],[0,0,0,1],[0,0,1,0],[1,0,0,0],[0,1,0,0],[0.2,0.8,0,0],[1,0,0,0],[1,0,0,0],[0,0,0.8,0.2],[1,0,0,0],[1,0,0,0],[0,0.8,0,0.2],[0,0.8,0,0.2],[0.2,0.8,0,0],[1,0,0,0],[1,0,0,0],[1,0,0,0],[1,0,0,0],[0,0,1,0],[0,1,0,0],[1,0,0,0]],"alignment_pwm":[null,null,[[0,0,0,1],[0,0,0,1],[0.6,0,0.4,0],[0,0,0,1],[0,0,0,1],[0,0,1,0],[0,0.4,0,0.6],[1,0,0,0],[0,0,0,1],[0,0,0,1],[0,0,0,1],[0,0,1,0],[0,1,0,0],[0,0,0,1],[0,0,0,1],[0,0,0,1],[0,0,0,1],[0,0,0.8,0.2],[0.2,0,0.8,0],[0.2,0,0.8,0],[0,0,0,1],[0,0,0,1],[0.2,0.8,0,0],[0,0,0,1],[0,0,0,1],[0,0,0.8,0.2],[0,0,1,0],[0,0,0,1],[0,1,0,0],[1,0,0,0],[0,0,0,1],[0,0,1,0],[1,0,0,0],[1,0,0,0],[0.6,0.2,0.2,0],[0,0,0,1],[0,1,0,0],[0,0.6,0,0.4],[0,0,0,1],[0,0,0,1],[0,0,1,0],[0,1,0,0],[0,1,0,0],[0,0,0,1],[0.8,0.2,0,0],[1,0,0,0],[0,0,1,0],[0,1,0,0],[0,1,0,0],[1,0,0,0],[0.8,0,0.2,0],[0,0.2,0,0.8],[0.2,0,0.8,0],[0,0,0,1],[0,0.8,0.2,0],[0.2,0,0,0.8],[0.8,0,0.2,0],[0,0.2,0.8,0],[0.8,0,0.2,0],[0.8,0,0,0.2],[0,0.2,0.6,0.2],[0.4,0,0.4,0.2],[0.4,0,0.4,0.2],[0,0,0.2,0.8],[0,0.4,0,0.6],[0.2,0.2,0,0.6],[0.4,0,0,0.6],[0.4,0,0,0.6],[0,0.6,0.2,0.2],[0.2,0.4,0.2,0.2],[0.4,0,0.2,0.4],[0.8,0,0,0.2],[0.2,0,0.2,0.6],[0,0,0.6,0.4],[0,0.2,0,0.8],[0,0,0,1],[0.8,0,0,0.2],[0,0.4,0,0.6],[0,0.8,0,0.2],[0.2,0,0.2,0.6],[0,0,0.2,0.8],[0.2,0.6,0,0.2],[0,0,0.2,0.8],[0.8,0,0,0.2],[0,0,0.6,0.4],[0.6,0,0,0.4],[0.6,0,0,0.4],[0,0,0,1],[0.4,0,0,0.6]],null],"seqs":[2,4,23,33,52]},{"orient":8,"bin":8,"pvalue":5.80286e-10,"inferred_pwm":[[0,1,0,0],[1,0,0,0],[0,0,0,1],[0,0,1,0],[1,0,0,0],[0,1,0,0],[0.2,0.8,0,0],[1,0,0,0],[1,0,0,0],[0,0,0.8,0.2],[1,0,0,0],[1,0,0,0],[0,0.8,0,0.2],[0,0.8,0,0.2],[0.2,0.8,0,0],[1,0,0,0],[1,0,0,0],[1,0,0,0],[1,0,0,0],[0,0,1,0],[0,1,0,0],[1,0,0,0]],"alignment_pwm":[null,null,[[0,0,0,1],[0,0,0,1],[0.6,0,0.4,0],[0,0,0,1],[0,0,0,1],[0,0,1,0],[0,0.4,0,0.6],[1,0,0,0],[0,0,0,1],[0,0,0,1],[0,0,0,1],[0,0,1,0],[0,1,0,0],[0,0,0,1],[0,0,0,1],[0,0,0,1],[0,0,0,1],[0,0,0.8,0.2],[0.2,0,0.8,0],[0.2,0,0.8,0],[0,0,0,1],[0,0,0,1],[0.2,0.8,0,0],[0,0,0,1],[0,0,0,1],[0,0,0.8,0.2],[0,0,1,0],[0,0,0,1],[0,1,0,0],[1,0,0,0],[0,0,0,1],[0,0,1,0],[1,0,0,0],[1,0,0,0],[0.6,0.2,0.2,0],[0,0,0,1],[0,1,0,0],[0,0.6,0,0.4],[0,0,0,1],[0,0,0,1],[0,0,1,0],[0,1,0,0],[0,1,0,0],[0,0,0,1],[0.8