<!DOCTYPE HTML>
<html>
  <head>
    <meta charset="UTF-8">
    <title>TOMTOM</title>
    <script>
      // @JSON_VAR data
      var data = {
        "program": "Tomtom",
        "version": "4.12.0",
        "release": "Tue Jun 27 16:22:50 2017 -0700",
        "cmd": [
          "tomtom", "-verbosity", "1", "-oc",
          "results/AHRpeaks_noAHREs.bed-499.fa/hocomoco/meme_tomtom_out",
          "-min-overlap", "5", "-dist", "pearson", "-evalue", "-thresh", "1",
          "-no-ssc", "-bfile",
          "results/AHRpeaks_noAHREs.bed-499.fa/hocomoco/background",
          "results/AHRpeaks_noAHREs.bed-499.fa/hocomoco/meme_out/meme.xml",
          "/Users/filipov4/meme/db/motif_databases/HUMAN/HOCOMOCOv11_full_HUMAN_mono_meme_format.meme"
        ],
        "options": {
          "strands": "both",
          "distance_measure": "pearson",
          "threshold_type": "evalue",
          "threshold_value": 1,
          "background_source": "file",
          "background_file": "results/AHRpeaks_noAHREs.bed-499.fa/hocomoco/background"
        },
        "alphabet": {
          "name": "DNA",
          "like": "dna",
          "ncore": 4,
          "symbols": [
            {
              "symbol": "A",
              "name": "Adenine",
              "colour": "CC0000",
              "complement": "T"
            }, {
              "symbol": "C",
              "name": "Cytosine",
              "colour": "0000CC",
              "complement": "G"
            }, {
              "symbol": "G",
              "name": "Guanine",
              "colour": "FFB300",
              "complement": "C"
            }, {
              "symbol": "T",
              "aliases": "U",
              "name": "Thymine",
              "colour": "008000",
              "complement": "A"
            }, {
              "symbol": "N",
              "aliases": "X.",
              "name": "Any base",
              "equals": "ACGT"
            }, {
              "symbol": "V",
              "name": "Not T",
              "equals": "ACG"
            }, {
              "symbol": "H",
              "name": "Not G",
              "equals": "ACT"
            }, {
              "symbol": "D",
              "name": "Not C",
              "equals": "AGT"
            }, {
              "symbol": "B",
              "name": "Not A",
              "equals": "CGT"
            }, {
              "symbol": "M",
              "name": "Amino",
              "equals": "AC"
            }, {
              "symbol": "R",
              "name": "Purine",
              "equals": "AG"
            }, {
              "symbol": "W",
              "name": "Weak",
              "equals": "AT"
            }, {
              "symbol": "S",
              "name": "Strong",
              "equals": "CG"
            }, {
              "symbol": "Y",
              "name": "Pyrimidine",
              "equals": "CT"
            }, {
              "symbol": "K",
              "name": "Keto",
              "equals": "GT"
            }
          ]
        },
        "background": [0.2918, 0.2082, 0.2082, 0.2918],
        "query_dbs": [
          {
            "source": "results/AHRpeaks_noAHREs.bed-499.fa/hocomoco/meme_out/meme.xml",
            "name": "meme",
            "loaded": 7,
            "excluded": 0,
            "last_modified": "Thu May 24 13:35:02 2018"
          }
        ],
        "target_dbs": [
          {
            "source": "/Users/filipov4/meme/db/motif_databases/HUMAN/HOCOMOCOv11_full_HUMAN_mono_meme_format.meme",
            "name": "HOCOMOCOv11 full HUMAN mono meme format",
            "loaded": 771,
            "excluded": 0,
            "last_modified": "Wed Dec  6 21:59:30 2017"
          }
        ],
        "queries": [
          {
            "db": 0,
            "id": "AAAAKYAGAAYYACTGATRAGGGTCTATGT",
            "alt": "MEME-6",
            "len": 30,
            "nsites": 5,
            "evalue": "4.4e-008",
            "pwm": [
              [0.790035, 0.00408235, 0.200161, 0.00572157], 
              [0.986114, 0.00408235, 0.00408235, 0.00572157], 
              [0.986114, 0.00408235, 0.00408235, 0.00572157], 
              [0.986114, 0.00408235, 0.00408235, 0.00572157], 
              [0.00572157, 0.00408235, 0.396239, 0.593957], 
              [0.00572157, 0.396239, 0.00408235, 0.593957], 
              [0.986114, 0.00408235, 0.00408235, 0.00572157], 
              [0.00572157, 0.00408235, 0.984475, 0.00572157], 
              [0.986114, 0.00408235, 0.00408235, 0.00572157], 
              [0.986114, 0.00408235, 0.00408235, 0.00572157], 
              [0.00572157, 0.396239, 0.00408235, 0.593957], 
              [0.00572157, 0.396239, 0.00408235, 0.593957], 
              [0.986114, 0.00408235, 0.00408235, 0.00572157], 
              [0.00572157, 0.984475, 0.00408235, 0.00572157], 
              [0.00572157, 0.00408235, 0.00408235, 0.986114], 
              [0.00572157, 0.00408235, 0.984475, 0.00572157], 
              [0.986114, 0.00408235, 0.00408235, 0.00572157], 
              [0.00572157, 0.00408235, 0.00408235, 0.986114], 
              [0.397878, 0.00408235, 0.592318, 0.00572157], 
              [0.986114, 0.00408235, 0.00408235, 0.00572157], 
              [0.2018, 0.00408235, 0.592318, 0.2018], 
              [0.00572157, 0.00408235, 0.984475, 0.00572157], 
              [0.00572157, 0.00408235, 0.984475, 0.00572157], 
              [0.00572157, 0.200161, 0.00408235, 0.790035], 
              [0.00572157, 0.984475, 0.00408235, 0.00572157], 
              [0.00572157, 0.200161, 0.00408235, 0.790035], 
              [0.790035, 0.00408235, 0.200161, 0.00572157], 
              [0.00572157, 0.00408235, 0.00408235, 0.986114], 
              [0.00572157, 0.00408235, 0.984475, 0.00572157], 
              [0.00572157, 0.00408235, 0.00408235, 0.986114]
            ]
          }, {
            "db": 0,
            "id": "AGRAAACAGGGTTYRAGAGCAGAGAACCRG",
            "alt": "MEME-5",
            "len": 30,
            "nsites": 6,
            "evalue": "2.4e-019",
            "pwm": [
              [0.824455, 0.167348, 0.00341312, 0.00478361], 
              [0.168718, 0.00341312, 0.823085, 0.00478361], 
              [0.496587, 0.00341312, 0.495216, 0.00478361], 
              [0.98839, 0.00341312, 0.00341312, 0.00478361], 
              [0.98839, 0.00341312, 0.00341312, 0.00478361], 
              [0.98839, 0.00341312, 0.00341312, 0.00478361], 
              [0.168718, 0.659151, 0.00341312, 0.168718], 
              [0.824455, 0.167348, 0.00341312, 0.00478361], 
              [0.168718, 0.00341312, 0.823085, 0.00478361], 
              [0.168718, 0.00341312, 0.823085, 0.00478361], 
              [0.00478361, 0.00341312, 0.98702, 0.00478361], 
              [0.00478361, 0.00341312, 0.00341312, 0.98839], 
              [0.00478361, 0.00341312, 0.00341312, 0.98839], 
              [0.00478361, 0.659151, 0.00341312, 0.332652], 
              [0.496587, 0.00341312, 0.495216, 0.00478361], 
              [0.98839, 0.00341312, 0.00341312, 0.00478361], 
              [0.00478361, 0.00341312, 0.98702, 0.00478361], 
              [0.98839, 0.00341312, 0.00341312, 0.00478361], 
              [0.00478361, 0.00341312, 0.98702, 0.00478361], 
              [0.00478361, 0.98702, 0.00341312, 0.00478361], 
              [0.98839, 0.00341312, 0.00341312, 0.00478361], 
              [0.00478361, 0.00341312, 0.98702, 0.00478361], 
              [0.98839, 0.00341312, 0.00341312, 0.00478361], 
              [0.00478361, 0.00341312, 0.98702, 0.00478361], 
              [0.98839, 0.00341312, 0.00341312, 0.00478361], 
              [0.98839, 0.00341312, 0.00341312, 0.00478361], 
              [0.00478361, 0.98702, 0.00341312, 0.00478361], 
              [0.00478361, 0.823085, 0.00341312, 0.168718], 
              [0.660522, 0.00341312, 0.331282, 0.00478361], 
              [0.00478361, 0.00341312, 0.98702, 0.00478361]
            ]
          }, {
            "db": 0,
            "id": "KTWTYTTTGTTKTTATYKYATTKRVTTTTK",
            "alt": "MEME-1",
            "len": 30,
            "nsites": 22,
            "evalue": "5.1e-044",
            "pwm": [
              [0.182316, 0.000942082, 0.317684, 0.499058], 
              [0.137067, 0.000942082, 0.0461914, 0.8158], 
              [0.634805, 0.000942082, 0.0461914, 0.318063], 
              [0.00132036, 0.0461914, 0.000942082, 0.951546], 
              [0.0465697, 0.589177, 0.000942082, 0.363311], 
              [0.00132036, 0.000942082, 0.000942082, 0.996795], 
              [0.0465697, 0.272435, 0.000942082, 0.680053], 
              [0.00132036, 0.0914397, 0.0461914, 0.861049], 
              [0.137067, 0.136689, 0.589177, 0.137067], 
              [0.318063, 0.000942082, 0.000942082, 0.680053], 
              [0.00132036, 0.000942082, 0.0914397, 0.906298], 
              [0.00132036, 0.000942082, 0.408182, 0.589556], 
              [0.00132036, 0.136689, 0.0914397, 0.770551], 
              [0.00132036, 0.000942082, 0.000942082, 0.996795], 
              [0.8158, 0.000942082, 0.136689, 0.0465697], 
              [0.091818, 0.000942082, 0.000942082, 0.906298], 
              [0.00132036, 0.45343, 0.000942082, 0.544307], 
              [0.00132036, 0.0461914, 0.408182, 0.544307], 
              [0.091818, 0.317684, 0.000942082, 0.589556], 
              [0.725303, 0.227187, 0.0461914, 0.00132036], 
              [0.0465697, 0.0461914, 0.0461914, 0.861049], 
              [0.227565, 0.000942082, 0.136689, 0.634805], 
              [0.00132036, 0.0461914, 0.362933, 0.589556], 
              [0.363311, 0.000942082, 0.45343, 0.182316], 
              [0.363311, 0.408182, 0.227187, 0.00132036], 
              [0.0465697, 0.0914397, 0.000942082, 0.861049], 
              [0.00132036, 0.0914397, 0.000942082, 0.906298], 
              [0.0465697, 0.0461914, 0.0461914, 0.861049], 
              [0.00132036, 0.000942082, 0.0461914, 0.951546], 
              [0.00132036, 0.136689, 0.45343, 0.40856]
            ]
          }, {
            "db": 0,
            "id": "RKGDGTGWGKGTGKGKSTGKG",
            "alt": "MEME-7",
            "len": 21,
            "nsites": 18,
            "evalue": "9.7e-006",
            "pwm": [
              [0.443601, 0.00115028, 0.553637, 0.00161215], 
              [0.222606, 0.00115028, 0.277394, 0.49885], 
              [0.112109, 0.00115028, 0.885128, 0.00161215], 
              [0.277855, 0.00115028, 0.332642, 0.388353], 
              [0.222606, 0.00115028, 0.553637, 0.222606], 
              [0.112109, 0.00115028, 0.166896, 0.719844], 
              [0.00161215, 0.00115028, 0.995625, 0.00161215], 
              [0.333104, 0.0563993, 0.0563993, 0.554099], 
              [0.00161215, 0.00115028, 0.995625, 0.00161215], 
              [0.112109, 0.00115028, 0.498388, 0.388353], 
              [0.00161215, 0.277394, 0.664134, 0.0568612], 
              [0.167358, 0.222145, 0.00115028, 0.609347], 
              [0.00161215, 0.00115028, 0.940376, 0.0568612], 
              [0.167358, 0.00115028, 0.277394, 0.554099], 
              [0.00161215, 0.00115028, 0.885128, 0.112109], 
              [0.0568612, 0.00115028, 0.387891, 0.554099], 
              [0.00161215, 0.387891, 0.608885, 0.00161215], 
              [0.00161215, 0.0563993, 0.0563993, 0.88559], 
              [0.0568612, 0.0563993, 0.664134, 0.222606], 
              [0.00161215, 0.0563993, 0.387891, 0.554099], 
              [0.112109, 0.111647, 0.774631, 0.00161215]
            ]
          }, {
            "db": 0,
            "id": "TCYTTSCCTMAGSCARTGTYT",
            "alt": "MEME-4",
            "len": 21,
            "nsites": 23,
            "evalue": "2.6e-022",
            "pwm": [
              [0.044553, 0.000901299, 0.0874819, 0.867064], 
              [0.0878438, 0.650252, 0.000901299, 0.261004], 
              [0.174423, 0.347222, 0.000901299, 0.477454], 
              [0.0878438, 0.000901299, 0.217351, 0.693904], 
              [0.0878438, 0.0441911, 0.130772, 0.737194], 
              [0.0012632, 0.563671, 0.433802, 0.0012632], 
              [0.0012632, 0.996572, 0.000901299, 0.0012632], 
              [0.0012632, 0.996572, 0.000901299, 0.0012632], 
              [0.0012632, 0.0874819, 0.000901299, 0.910354], 
              [0.434164, 0.347222, 0.174061, 0.044553], 
              [0.910354, 0.000901299, 0.0874819, 0.0012632], 
              [0.044553, 0.000901299, 0.953283, 0.0012632], 
              [0.044553, 0.347222, 0.563671, 0.044553], 
              [0.0012632, 0.953283, 0.000901299, 0.044553], 
              [0.823774, 0.000901299, 0.000901299, 0.174423], 
              [0.390873, 0.174061, 0.347222, 0.0878438], 
              [0.0878438, 0.0441911, 0.0874819, 0.780484], 
              [0.261004, 0.0441911, 0.693542, 0.0012632], 
              [0.044553, 0.130772, 0.174061, 0.650614], 
              [0.131134, 0.477092, 0.0874819, 0.304294], 
              [0.044553, 0.000901299, 0.0874819, 0.867064]
            ]
          }, {
            "db": 0,
            "id": "TGCAYGTATTGTCTTGATAAACATCTTAAA",
            "alt": "MEME-2",
            "len": 30,
            "nsites": 7,
            "evalue": "3.6e-032",
            "pwm": [
              [0.00410986, 0.0029324, 0.0029324, 0.990025], 
              [0.00410986, 0.0029324, 0.988848, 0.00410986], 
              [0.00410986, 0.988848, 0.0029324, 0.00410986], 
              [0.990025, 0.0029324, 0.0029324, 0.00410986], 
              [0.00410986, 0.566313, 0.143777, 0.2858], 
              [0.2858, 0.0029324, 0.707158, 0.00410986], 
              [0.00410986, 0.143777, 0.0029324, 0.84918], 
              [0.990025, 0.0029324, 0.0029324, 0.00410986], 
              [0.00410986, 0.143777, 0.0029324, 0.84918], 
              [0.00410986, 0.0029324, 0.0029324, 0.990025], 
              [0.00410986, 0.0029324, 0.988848, 0.00410986], 
              [0.00410986, 0.0029324, 0.0029324, 0.990025], 
              [0.00410986, 0.988848, 0.0029324, 0.00410986], 
              [0.00410986, 0.0029324, 0.0029324, 0.990025], 
              [0.00410986, 0.0029324, 0.0029324, 0.990025], 
              [0.00410986, 0.0029324, 0.988848, 0.00410986], 
              [0.990025, 0.0029324, 0.0029324, 0.00410986], 
              [0.00410986, 0.0029324, 0.0029324, 0.990025], 
              [0.990025, 0.0029324, 0.0029324, 0.00410986], 
              [0.990025, 0.0029324, 0.0029324, 0.00410986], 
              [0.990025, 0.0029324, 0.0029324, 0.00410986], 
              [0.00410986, 0.988848, 0.0029324, 0.00410986], 
              [0.84918, 0.0029324, 0.143777, 0.00410986], 
              [0.00410986, 0.0029324, 0.0029324, 0.990025], 
              [0.00410986, 0.988848, 0.0029324, 0.00410986], 
              [0.00410986, 0.0029324, 0.0029324, 0.990025], 
              [0.00410986, 0.0029324, 0.0029324, 0.990025], 
              [0.990025, 0.0029324, 0.0029324, 0.00410986], 
              [0.990025, 0.0029324, 0.0029324, 0.00410986], 
              [0.708335, 0.284622, 0.0029324, 0.00410986]
            ]
          }, {
            "db": 0,
            "id": "TRTTTRYTTWK",
            "alt": "MEME-3",
            "len": 11,
            "nsites": 162,
            "evalue": "9.7e-031",
            "pwm": [
              [0.000180012, 0.000128439, 0.000128439, 0.999563], 
              [0.339477, 0.000128439, 0.660215, 0.000180012], 
              [0.000180012, 0.000128439, 0.000128439, 0.999563], 
              [0.000180012, 0.000128439, 0.123509, 0.876182], 
              [0.000180012, 0.000128439, 0.000128439, 0.999563], 
              [0.493702, 0.000128439, 0.505989, 0.000180012], 
              [0.000180012, 0.536834, 0.000128439, 0.462857], 
              [0.135898, 0.216044, 0.000128439, 0.647928], 
              [0.000180012, 0.197538, 0.0124668, 0.789816], 
              [0.271617, 0.0371426, 0.166693, 0.524547], 
              [0.166744, 0.166693, 0.253058, 0.413505]
            ]
          }
        ],
        "targets": [
          {
            "db": 0,
            "id": "AP2A_HUMAN.H11MO.0.A",
            "len": 15,
            "nsites": 500,
            "evalue": "1.0e+000",
            "url": "http://hocomoco.autosome.ru/motif/AP2A_HUMAN.H11MO.0.A",
            "pwm": [
              [0.416132, 0.185368, 0.193129, 0.20537], 
              [0.23113, 0.091144, 0.134684, 0.543043], 
              [0.176784, 0.0944215, 0.470174, 0.258621], 
              [0.0108897, 0.520542, 0.431405, 0.0371632], 
              [5.83483e-05, 0.999842, 4.16317e-05, 5.83483e-05], 
              [5.83483e-05, 0.900835, 4.16317e-05, 0.0990654], 
              [0.0509867, 0.111325, 0.0128238, 0.824865], 
              [0.00189654, 4.16317e-05, 0.796449, 0.201613], 
              [0.535285, 0.0386214, 0.409196, 0.0168975], 
              [0.142189, 4.16317e-05, 0.855956, 0.00181307], 
              [5.83483e-05, 4.16317e-05, 0.999842, 5.83483e-05], 
              [0.0479135, 0.556049, 0.379963, 0.0160741], 
              [0.308251, 0.381601, 0.0917631, 0.218385], 
              [0.512997, 0.0934438, 0.204259, 0.189301], 
              [0.238531, 0.148905, 0.208397, 0.404167]
            ]
          }, {
            "db": 0,
            "id": "AP2C_HUMAN.H11MO.0.A",
            "len": 14,
            "nsites": 500,
            "evalue": "1.0e+000",
            "url": "http://hocomoco.autosome.ru/motif/AP2C_HUMAN.H11MO.0.A",
            "pwm": [
              [0.387209, 0.201032, 0.269554, 0.142205], 
              [0.196094, 0.123615, 0.166409, 0.513882], 
              [0.184618, 0.0997938, 0.518368, 0.197221], 
              [0.00959124, 0.50698, 0.47184, 0.0115891], 
              [0.0038612, 0.988127, 0.00795314, 5.83483e-05], 
              [0.0019262, 0.951674, 0.00238601, 0.0440138], 
              [0.0500636, 0.131881, 0.0254137, 0.792641], 
              [0.0354155, 4.16317e-05, 0.917067, 0.0474759], 
              [0.554985, 0.0254352, 0.415796, 0.00378426], 
              [0.0734843, 4.16317e-05, 0.924445, 0.00202876], 
              [5.83483e-05, 4.16317e-05, 0.997959, 0.00194145], 
              [0.0289841, 0.618165, 0.340991, 0.01186], 
              [0.313922, 0.351511, 0.0971745, 0.237393], 
              [0.428248, 0.170528, 0.241662, 0.159562]
            ]
          }, {
            "db": 0,
            "id": "ARI3A_HUMAN.H11MO.0.D",
            "len": 22,
            "nsites": 44,
            "evalue": "1.0e+000",
            "url": "http://hocomoco.autosome.ru/motif/ARI3A_HUMAN.H11MO.0.D",
            "pwm": [
              [0.390418, 0.096564, 0.325561, 0.187457], 
              [0.680934, 0.0911751, 0.000472109, 0.227419], 
              [0.11292, 0.000472109, 0.000472109, 0.886135], 
              [0.158272, 0.000472109, 0.000472109, 0.840784], 
              [0.953043, 0.0458236, 0.000472109, 0.000661678], 
              [0.931487, 0.0673794, 0.000472109, 0.000661678], 
              [0.475732, 0.000472109, 0.0242678, 0.499528], 
              [0.000661678, 0.408635, 0.227229, 0.363473], 
              [0.294326, 0.181878, 0.432431, 0.0913646], 
              [0.499528, 0.0458236, 0.363284, 0.0913646], 
              [0.454176, 0.0458236, 0.158082, 0.341918], 
              [0.728525, 0.000472109, 0.0911751, 0.179828], 
              [0.136716, 0.0458236, 0.0911751, 0.726285], 
              [0.160512, 0.568485, 0.0458236, 0.225179], 
              [0.726285, 0.000472109, 0.000472109, 0.272771], 
              [0.750081, 0.0458236, 0.000472109, 0.203623], 
              [0.953043, 0.000472109, 0.000472109, 0.0460132], 
              [0.408825, 0.000472109, 0.0458236, 0.544879], 
              [0.11516, 0.136527, 0.0911751, 0.657138], 
              [0.521084, 0.136527, 0.0242678, 0.318122], 
              [0.611787, 0.0696193, 0.000472109, 0.318122], 
              [0.664767, 0.00586106, 0.0750082, 0.254364]
            ]
          }, {
            "db": 0,
            "id": "CPEB1_HUMAN.H11MO.0.D",
            "len": 17,
            "nsites": 1803,
            "evalue": "1.0e+000",
            "url": "http://hocomoco.autosome.ru/motif/CPEB1_HUMAN.H11MO.0.D",
            "pwm": [
              [0.163623, 0.21797, 0.0893022, 0.529105], 
              [0.000570784, 0.000566147, 0.000566147, 0.998297], 
              [0.00473029, 0.00361645, 0.000288847, 0.991364], 
              [0.000709434, 0.001814, 0.000150197, 0.997326], 
              [1.61832e-05, 0.00167535, 1.15468e-05, 0.998297], 
              [0.996633, 0.000566147, 0.00222995, 0.000570784], 
              [0.00223458, 0.0543624, 0.00333915, 0.940064], 
              [0.128129, 0.235717, 0.0282962, 0.607858], 
              [0.181925, 0.250691, 0.0732188, 0.494165], 
              [0.0926345, 0.223516, 0.0482618, 0.635588], 
              [0.0809878, 0.184139, 0.0343968, 0.700477], 
              [0.065459, 0.135889, 0.0260778, 0.772575], 
              [0.100399, 0.118141, 0.016095, 0.765365], 
              [0.181232, 0.0991464, 0.0115195, 0.708102], 
              [0.224075, 0.116478, 0.0233048, 0.636143], 
              [0.240297, 0.168749, 0.0345354, 0.556419], 
              [0.223659, 0.210344, 0.0700298, 0.495968]
            ]
          }, {
            "db": 0,
            "id": "EGR1_HUMAN.H11MO.0.A",
            "len": 17,
            "nsites": 500,
            "evalue": "1.0e+000",
            "url": "http://hocomoco.autosome.ru/motif/EGR1_HUMAN.H11MO.0.A",
            "pwm": [
              [0.232012, 0.247992, 0.40996, 0.110036], 
              [0.319994, 0.128016, 0.317978, 0.234012], 
              [0.278003, 0.180006, 0.45995, 0.082042], 
              [0.236011, 0.112019, 0.353971, 0.297999], 
              [0.112036, 0.0300356, 0.80788, 0.0500484], 
              [0.236011, 0.50594, 0.0460324, 0.212016], 
              [0.0560472, 0.0340348, 0.869868, 0.0400503], 
              [0.0320519, 0.00404083, 0.40996, 0.553948], 
              [0.09204, 0.00204123, 0.891863, 0.0140555], 
              [0.0160551, 0.00404083, 0.95785, 0.0220539], 
              [0.0240535, 0.0320352, 0.929856, 0.0140555], 
              [0.220014, 0.475946, 0.00404083, 0.299998], 
              [0.0880408, 0.0100396, 0.841873, 0.0600464], 
              [0.110036, 0.0220372, 0.695902, 0.172024], 
              [0.337991, 0.128016, 0.40596, 0.128033], 
              [0.311996, 0.0820252, 0.45595, 0.150028], 
              [0.264006, 0.182005, 0.435954, 0.118035]
            ]
          }, {
            "db": 0,
            "id": "EGR2_HUMAN.H11MO.0.A",
            "len": 18,
            "nsites": 500,
            "evalue": "1.0e+000",
            "url": "http://hocomoco.autosome.ru/motif/EGR2_HUMAN.H11MO.0.A",
            "pwm": [
              [0.216015, 0.0740268, 0.611919, 0.0980388], 
              [0.294, 0.0960224, 0.411959, 0.198019], 
              [0.228013, 0.0740268, 0.621917, 0.0760432], 
              [0.254008, 0.068028, 0.501941, 0.176023], 
              [0.319994, 0.104021, 0.50594, 0.0700444], 
              [0.150028, 0.104021, 0.449952, 0.295999], 
              [0.0760432, 0.102021, 0.765888, 0.0560472], 
              [0.369984, 0.190004, 0.0440328, 0.395979], 
              [0.0340515, 0.0220372, 0.929856, 0.0140555], 
              [0.0400503, 0.0120392, 0.461949, 0.485961], 
              [0.182022, 0.00604043, 0.793883, 0.0180547], 
              [0.0360511, 0.0140388, 0.889864, 0.0600464], 
              [0.0240535, 0.0400336, 0.915858, 0.0200543], 
              [0.349988, 0.281985, 0.0220372, 0.345989], 
              [0.0580468, 0.00604043, 0.873867, 0.062046], 
              [0.0760432, 0.0340348, 0.781885, 0.108037], 
              [0.34199, 0.0740268, 0.501941, 0.082042], 
              [0.254008, 0.048032, 0.561929, 0.136031]
            ]
          }, {
            "db": 0,
            "id": "EGR2_HUMAN.H11MO.1.A",
            "len": 16,
            "nsites": 498,
            "evalue": "1.0e+000",
            "url": "http://hocomoco.autosome.ru/motif/EGR2_HUMAN.H11MO.1.A",
            "pwm": [
              [0.194799, 0.144591, 0.457781, 0.202829], 
              [0.281127, 0.172698, 0.453766, 0.0924095], 
              [0.188776, 0.100423, 0.373461, 0.33734], 
              [0.0622951, 0.0662936, 0.849269, 0.0221425], 
              [0.244989, 0.36543, 0.058263, 0.331317], 
              [0.00608147, 0.0181105, 0.969727, 0.00608147], 
              [0.0121044, 0.0100799, 0.347362, 0.630454], 
              [0.162677, 0.00405706, 0.813132, 0.0201349], 
              [0.0241501, 0.0100799, 0.923551, 0.0422188], 
              [0.0241501, 0.0181105, 0.953666, 0.00407384], 
              [0.321279, 0.3574, 0.0120876, 0.309233], 
              [0.0321806, 0.00606469, 0.911505, 0.0502493], 
              [0.068318, 0.0281486, 0.71275, 0.190783], 
              [0.299195, 0.0944004, 0.459789, 0.146615], 
              [0.220898, 0.080347, 0.524033, 0.174722], 
              [0.188776, 0.164667, 0.516002, 0.130554]
            ]
          }, {
            "db": 0,
            "id": "EGR3_HUMAN.H11MO.0.D",
            "len": 11,
            "nsites": 8,
            "evalue": "1.0e+000",
            "url": "http://hocomoco.autosome.ru/motif/EGR3_HUMAN.H11MO.0.D",
            "pwm": [
              [0.56542, 0.0204627, 0.0204627, 0.393654], 
              [0.261251, 0.00257037, 0.589437, 0.146741], 
              [0.633411, 0.217278, 0.00257037, 0.146741], 
              [0.118113, 0.00257037, 0.875714, 0.00360247], 
              [0.00360247, 0.0383549, 0.181493, 0.776549], 
              [0.00360247, 0.00257037, 0.990225, 0.00360247], 
              [0.00360247, 0.00257037, 0.875714, 0.118113], 
              [0.00360247, 0.00257037, 0.990225, 0.00360247], 
              [0.00360247, 0.474927, 0.00257037, 0.5189], 
              [0.00360247, 0.00257037, 0.875714, 0.118113], 
              [0.0214948, 0.163601, 0.163601, 0.651303]
            ]
          }, {
            "db": 0,
            "id": "FOXA1_HUMAN.H11MO.0.A",
            "len": 12,
            "nsites": 500,
            "evalue": "1.0e+000",
            "url": "http://hocomoco.autosome.ru/motif/FOXA1_HUMAN.H11MO.0.A",
            "pwm": [
              [0.0160551, 4.16317e-05, 4.16317e-05, 0.983862], 
              [0.246009, 0.00404083, 0.749892, 5.83483e-05], 
              [0.00205795, 4.16317e-05, 4.16317e-05, 0.997859], 
              [0.00405755, 4.16317e-05, 0.0560304, 0.93987], 
              [5.83483e-05, 4.16317e-05, 0.144013, 0.855887], 
              [0.781902, 4.16317e-05, 0.206, 0.0120559], 
              [0.00805675, 0.797882, 0.00804003, 0.186021], 
              [0.317995, 0.138014, 0.00404083, 0.53995], 
              [0.0320519, 0.313979, 0.10802, 0.545949], 
              [0.463966, 0.0200376, 0.0160384, 0.499958], 
              [0.218015, 0.098022, 0.493943, 0.19002], 
              [0.108037, 0.25999, 0.393963, 0.238011]
            ]
          }, {
            "db": 0,
            "id": "FOXA2_HUMAN.H11MO.0.A",
            "len": 12,
            "nsites": 500,
            "evalue": "1.0e+000",
            "url": "http://hocomoco.autosome.ru/motif/FOXA2_HUMAN.H11MO.0.A",
            "pwm": [
              [0.0160551, 4.16317e-05, 0.00204123, 0.981862], 
              [0.196019, 0.00204123, 0.799882, 0.00205795], 
              [5.83483e-05, 0.00404083, 4.16317e-05, 0.995859], 
              [0.00205795, 4.16317e-05, 0.0440328, 0.953868], 
              [5.83483e-05, 4.16317e-05, 0.144013, 0.855887], 
              [0.757907, 4.16317e-05, 0.235994, 0.00605715], 
              [0.00805675, 0.887864, 0.00204123, 0.102038], 
              [0.401978, 0.122017, 4.16317e-05, 0.475963], 
              [0.0440496, 0.40996, 0.120018, 0.425973], 
              [0.563946, 0.00804003, 0.0400336, 0.387981], 
              [0.19002, 0.0960224, 0.549932, 0.164026], 
              [0.128033, 0.35797, 0.281985, 0.232012]
            ]
          }, {
            "db": 0,
            "id": "FOXA3_HUMAN.H11MO.0.B",
            "len": 13,
            "nsites": 500,
            "evalue": "1.0e+000",
            "url": "http://hocomoco.autosome.ru/motif/FOXA3_HUMAN.H11MO.0.B",
            "pwm": [
              [0.158027, 0.465948, 0.215998, 0.160026], 
              [0.228013, 0.249992, 0.078026, 0.44397], 
              [0.0120559, 4.16317e-05, 0.00604043, 0.981862], 
              [0.246009, 0.00804003, 0.737894, 0.00805675], 
              [0.00805675, 0.0220372, 0.0140388, 0.955867], 
              [0.00605715, 4.16317e-05, 0.0360344, 0.957867], 
              [0.00805675, 4.16317e-05, 0.271987, 0.719914], 
              [0.855887, 0.00604043, 0.114019, 0.0240535], 
              [0.00405755, 0.873867, 0.0220372, 0.100038], 
              [0.367985, 0.152011, 0.00804003, 0.471964], 
              [0.0940396, 0.231995, 0.10602, 0.567945], 
              [0.425973, 0.0140388, 0.0540308, 0.505957], 
              [0.154028, 0.116018, 0.577926, 0.152028]
            ]
          }, {
            "db": 0,
            "id": "FOXC1_HUMAN.H11MO.0.C",
            "len": 15,
            "nsites": 26,
            "evalue": "1.0e+000",
            "url": "http://hocomoco.autosome.ru/motif/FOXC1_HUMAN.H11MO.0.C",
            "pwm": [
              [0.135218, 0.479725, 0.173211, 0.211846], 
              [0.345946, 0.0774261, 0.345625, 0.231003], 
              [0.269317, 0.154054, 0.0774261, 0.499202], 
              [0.00111801, 0.000797701, 0.000797701, 0.997287], 
              [0.00111801, 0.000797701, 0.996966, 0.00111801], 
              [0.0394322, 0.000797701, 0.000797701, 0.958972], 
              [0.0394322, 0.000797701, 0.000797701, 0.958972], 
              [0.00111801, 0.000797701, 0.0391119, 0.958972], 
              [0.958972, 0.000797701, 0.000797701, 0.0394322], 
              [0.00111801, 0.728767, 0.000797701, 0.269317], 
              [0.231003, 0.11574, 0.000797701, 0.652459], 
              [0.00111801, 0.192369, 0.000797701, 0.805716], 
              [0.652459, 0.000797701, 0.000797701, 0.345946], 
              [0.460888, 0.192369, 0.268997, 0.0777464], 
              [0.0394322, 0.268997, 0.57551, 0.116061]
            ]
          }, {
            "db": 0,
            "id": "FOXD3_HUMAN.H11MO.0.D",
            "len": 15,
            "nsites": 465,
            "evalue": "1.0e+000",
            "url": "http://hocomoco.autosome.ru/motif/FOXD3_HUMAN.H11MO.0.D",
            "pwm": [
              [0.157018, 0.176351, 0.298905, 0.367726], 
              [0.118317, 0.217202, 0.266654, 0.397827], 
              [0.135517, 0.00649499, 0.0559467, 0.802041], 
              [0.0387641, 0.0688472, 0.872975, 0.0194134], 
              [0.092516, 0.0516466, 0.036596, 0.819241], 
              [0.036614, 0.111849, 0.0494965, 0.802041], 
              [0.0538146, 4.47646e-05, 0.0946481, 0.851493], 
              [0.339775, 0.200002, 0.225803, 0.234421], 
              [0.0581148, 0.599916, 0.0623969, 0.279573], 
              [0.294623, 0.202152, 0.0408962, 0.462329], 
              [0.109717, 0.223653, 0.0709972, 0.595634], 
              [0.404277, 0.0473464, 0.14625, 0.402127], 
              [0.230121, 0.14195, 0.42791, 0.20002], 
              [0.101116, 0.363407, 0.348357, 0.187119], 
              [0.356975, 0.292455, 0.111849, 0.238721]
            ]
          }, {
            "db": 0,
            "id": "FOXF1_HUMAN.H11MO.0.D",
            "len": 11,
            "nsites": 8,
            "evalue": "1.0e+000",
            "url": "http://hocomoco.autosome.ru/motif/FOXF1_HUMAN.H11MO.0.D",
            "pwm": [
              [0.413915, 0.151445, 0.151445, 0.283196], 
              [0.00360247, 0.00257037, 0.00257037, 0.991257], 
              [0.134321, 0.00257037, 0.859506, 0.00360247], 
              [0.00360247, 0.00257037, 0.00257037, 0.991257], 
              [0.00360247, 0.00257037, 0.00257037, 0.991257], 
              [0.00360247, 0.00257037, 0.00257037, 0.991257], 
              [0.729819, 0.0679298, 0.198649, 0.00360247], 
              [0.00360247, 0.133289, 0.00257037, 0.860538], 
              [0.0217579, 0.151445, 0.151445, 0.675353], 
              [0.26504, 0.1696, 0.00257037, 0.562789], 
              [0.43207, 0.00257037, 0.0388812, 0.526478]
            ]
          }, {
            "db": 0,
            "id": "FOXF2_HUMAN.H11MO.0.D",
            "len": 11,
            "nsites": 26,
            "evalue": "1.0e+000",
            "url": "http://hocomoco.autosome.ru/motif/FOXF2_HUMAN.H11MO.0.D",
            "pwm": [
              [0.0163114, 0.0159911, 0.0159911, 0.951707], 
              [0.146781, 0.000797701, 0.820917, 0.0315047], 
              [0.00111801, 0.000797701, 0.0311844, 0.9669], 
              [0.122665, 0.000797701, 0.000797701, 0.87574], 
              [0.122665, 0.000797701, 0.0311844, 0.845353], 
              [0.7707, 0.000797701, 0.227384, 0.00111801], 
              [0.00111801, 0.782438, 0.0311844, 0.18526], 
              [0.284714, 0.255829, 0.0594674, 0.39999], 
              [0.0416202, 0.0412999, 0.0109132, 0.906167], 
              [0.481035, 0.000797701, 0.0311844, 0.486983], 
              [0.254327, 0.0109132, 0.357225, 0.377535]
            ]
          }, {
            "db": 0,
            "id": "FOXG1_HUMAN.H11MO.0.D",
            "len": 17,
            "nsites": 310,
            "evalue": "1.0e+000",
            "url": "http://hocomoco.autosome.ru/motif/FOXG1_HUMAN.H11MO.0.D",
            "pwm": [
              [0.358379, 0.152229, 0.184553, 0.304838], 
              [0.150409, 0.111037, 0.121197, 0.617357], 
              [0.0332519, 0.0359942, 0.0297146, 0.901039], 
              [0.102429, 0.0200174, 0.857509, 0.0200444], 
              [9.40987e-05, 0.0032069, 0.00948643, 0.987213], 
              [9.40987e-05, 6.71397e-05, 0.231864, 0.767975], 
              [0.00341915, 6.71397e-05, 0.0926126, 0.903901], 
              [0.687433, 0.164261, 0.108497, 0.0398094], 
              [0.0396241, 0.353223, 0.0255558, 0.581597], 
              [0.309128, 0.0957524, 0.292271, 0.302849], 
              [0.191094, 0.0709948, 0.118647, 0.619264], 
              [0.366395, 0.0569535, 0.178498, 0.398153], 
              [0.0616463, 0.0549692, 0.0200612, 0.863323], 
              [0.313884, 0.0397311, 0.316256, 0.330129], 
              [0.0491335, 0.0747805, 0.088266, 0.78782], 
              [0.238744, 0.0549229, 0.0785688, 0.627764], 
              [0.082891, 0.134397, 0.197017, 0.585694]
            ]
          }, {
            "db": 0,
            "id": "FOXJ2_HUMAN.H11MO.0.C",
            "len": 10,
            "nsites": 41,
            "evalue": "1.0e+000",
            "url": "http://hocomoco.autosome.ru/motif/FOXJ2_HUMAN.H11MO.0.C",
            "pwm": [
              [0.000709975, 0.0241955, 0.00050657, 0.974588], 
              [0.308666, 0.00050657, 0.64274, 0.0480878], 
              [0.000709975, 0.00050657, 0.0241955, 0.974588], 
              [0.000709975, 0.00050657, 0.00050657, 0.998277], 
              [0.000709975, 0.00050657, 0.00050657, 0.998277], 
              [0.548187, 0.00050657, 0.450596, 0.000709975], 
              [0.000709975, 0.19265, 0.00050657, 0.806133], 
              [0.119155, 0.216339, 0.00050657, 0.664], 
              [0.000709975, 0.0241955, 0.237396, 0.737699], 
              [0.465276, 0.0834178, 0.130796, 0.32051]
            ]
          }, {
            "db": 0,
            "id": "FOXJ3_HUMAN.H11MO.0.A",
            "len": 13,
            "nsites": 626,
            "evalue": "1.0e+000",
            "url": "http://hocomoco.autosome.ru/motif/FOXJ3_HUMAN.H11MO.0.A",
            "pwm": [
              [0.194111, 0.146481, 0.164697, 0.49471], 
              [4.6606e-05, 3.32535e-05, 3.32535e-05, 0.999887], 
              [0.0829684, 3.32535e-05, 0.914268, 0.00273073], 
              [0.00112026, 3.32535e-05, 3.32535e-05, 0.998813], 
              [4.6606e-05, 3.32535e-05, 3.32535e-05, 0.999887], 
              [0.00887941, 3.32535e-05, 0.175698, 0.815389], 
              [0.818158, 3.32535e-05, 0.0369543, 0.144855], 
              [4.6606e-05, 0.0711345, 3.32535e-05, 0.928786], 
              [0.11331, 3.32535e-05, 0.430175, 0.456482], 
              [0.0440613, 3.32535e-05, 0.325661, 0.630245], 
              [0.0528198, 3.32535e-05, 0.02915, 0.917997], 
              [0.00591132, 0.0101671, 0.0168381, 0.967083], 
              [0.35851, 0.0704008, 0.138469, 0.43262]
            ]
          }, {
            "db": 0,
            "id": "FOXK1_HUMAN.H11MO.0.A",
            "len": 10,
            "nsites": 500,
            "evalue": "1.0e+000",
            "url": "http://hocomoco.autosome.ru/motif/FOXK1_HUMAN.H11MO.0.A",
            "pwm": [
              [0.0200543, 0.00804003, 0.0100396, 0.961866], 
              [0.0760432, 0.0200376, 0.895862, 0.00805675], 
              [0.00605715, 0.0860244, 0.0200376, 0.887881], 
              [0.00205795, 0.0100396, 0.100022, 0.887881], 
              [0.0200543, 0.0200376, 0.166008, 0.7939], 
              [0.49196, 0.251991, 0.0620292, 0.19402], 
              [0.0240535, 0.65591, 0.0400336, 0.280002], 
              [0.303998, 0.233995, 0.11002, 0.351988], 
              [0.154028, 0.211999, 0.150012, 0.483962], 
              [0.116035, 0.227996, 0.144013, 0.511956]
            ]
          }, {
            "db": 0,
            "id": "FOXL1_HUMAN.H11MO.0.D",
            "len": 19,
            "nsites": 1207,
            "evalue": "1.0e+000",
            "url": "http://hocomoco.autosome.ru/motif/FOXL1_HUMAN.H11MO.0.D",
            "pwm": [
              [0.160533, 0.16384, 0.222658, 0.452969], 
              [0.140236, 0.189107, 0.444264, 0.226393], 
              [0.191185, 0.0404033, 0.132359, 0.636053], 
              [0.062985, 0.0240418, 0.0414388, 0.871534], 
              [0.000645497, 0.000638572, 0.000638572, 0.998077], 
              [0.0874237, 0.000431464, 0.905079, 0.00706584], 
              [0.00830849, 1.7248e-05, 1.7248e-05, 0.991657], 
              [2.41736e-05, 1.7248e-05, 1.7248e-05, 0.999941], 
              [2.41736e-05, 1.7248e-05, 1.7248e-05, 0.999941], 
              [0.470573, 1.7248e-05, 0.529385, 2.41736e-05], 
              [2.41736e-05, 1.7248e-05, 1.7248e-05, 0.999941], 
              [2.41736e-05, 1.7248e-05, 1.7248e-05, 0.999941], 
              [2.41736e-05, 1.7248e-05, 1.7248e-05, 0.999941], 
              [0.985858, 1.7248e-05, 0.0116153, 0.00250947], 
              [0.000852605, 0.511988, 0.00084568, 0.486314], 
              [0.414861, 0.0188641, 0.0213494, 0.544925], 
              [0.103992, 0.0145148, 0.018657, 0.862836], 
              [0.226186, 0.0174143, 0.014929, 0.741471], 
              [0.193256, 0.125318, 0.083896, 0.597531]
            ]
          }, {
            "db": 0,
            "id": "FOXM1_HUMAN.H11MO.0.A",
            "len": 12,
            "nsites": 500,
            "evalue": "1.0e+000",
            "url": "http://hocomoco.autosome.ru/motif/FOXM1_HUMAN.H11MO.0.A",
            "pwm": [
              [0.0560472, 0.0240368, 0.0340348, 0.885881], 
              [0.252008, 0.0220372, 0.715898, 0.0100563], 
              [0.0260531, 0.0300356, 0.0560304, 0.887881], 
              [5.83483e-05, 0.068028, 0.0620292, 0.869884], 
              [0.00205795, 0.00204123, 0.0720272, 0.923874], 
              [0.319994, 0.0540308, 0.587924, 0.0380507], 
              [0.0740436, 0.745892, 0.018038, 0.162026], 
              [0.246009, 0.16001, 0.038034, 0.555947], 
              [0.0480488, 0.289984, 0.142013, 0.519954], 
              [0.359986, 0.038034, 0.028036, 0.573944], 
              [0.108037, 0.16001, 0.445952, 0.286001], 
              [0.166025, 0.341973, 0.25799, 0.234012]
            ]
          }, {
            "db": 0,
            "id": "FOXO4_HUMAN.H11MO.0.C",
            "len": 9,
            "nsites": 28,
            "evalue": "1.0e+000",
            "url": "http://hocomoco.autosome.ru/motif/FOXO4_HUMAN.H11MO.0.C",
            "pwm": [
              [0.0370544, 0.108789, 0.108789, 0.745368], 
              [0.00103843, 0.000740926, 0.000740926, 0.99748], 
