<!DOCTYPE HTML>
<html>
  <head>
    <meta charset="UTF-8">
    <title>TOMTOM</title>
    <script>
      // @JSON_VAR data
      var data = {
        "program": "Tomtom",
        "version": "4.12.0",
        "release": "Tue Jun 27 16:22:50 2017 -0700",
        "cmd": [
          "tomtom", "-verbosity", "1", "-oc",
          "results/AHRpeaks_withAHREs.bed-199.fa/hocomoco/dreme_tomtom_out",
          "-min-overlap", "5", "-dist", "pearson", "-evalue", "-thresh", "1",
          "-no-ssc", "-bfile",
          "results/AHRpeaks_withAHREs.bed-199.fa/hocomoco/background",
          "results/AHRpeaks_withAHREs.bed-199.fa/hocomoco/dreme_out/dreme.xml",
          "/Users/filipov4/meme/db/motif_databases/HUMAN/HOCOMOCOv11_full_HUMAN_mono_meme_format.meme"
        ],
        "options": {
          "strands": "both",
          "distance_measure": "pearson",
          "threshold_type": "evalue",
          "threshold_value": 1,
          "background_source": "file",
          "background_file": "results/AHRpeaks_withAHREs.bed-199.fa/hocomoco/background"
        },
        "alphabet": {
          "name": "DNA",
          "like": "dna",
          "ncore": 4,
          "symbols": [
            {
              "symbol": "A",
              "name": "Adenine",
              "colour": "CC0000",
              "complement": "T"
            }, {
              "symbol": "C",
              "name": "Cytosine",
              "colour": "0000CC",
              "complement": "G"
            }, {
              "symbol": "G",
              "name": "Guanine",
              "colour": "FFB300",
              "complement": "C"
            }, {
              "symbol": "T",
              "aliases": "U",
              "name": "Thymine",
              "colour": "008000",
              "complement": "A"
            }, {
              "symbol": "N",
              "aliases": "X.",
              "name": "Any base",
              "equals": "ACGT"
            }, {
              "symbol": "V",
              "name": "Not T",
              "equals": "ACG"
            }, {
              "symbol": "H",
              "name": "Not G",
              "equals": "ACT"
            }, {
              "symbol": "D",
              "name": "Not C",
              "equals": "AGT"
            }, {
              "symbol": "B",
              "name": "Not A",
              "equals": "CGT"
            }, {
              "symbol": "M",
              "name": "Amino",
              "equals": "AC"
            }, {
              "symbol": "R",
              "name": "Purine",
              "equals": "AG"
            }, {
              "symbol": "W",
              "name": "Weak",
              "equals": "AT"
            }, {
              "symbol": "S",
              "name": "Strong",
              "equals": "CG"
            }, {
              "symbol": "Y",
              "name": "Pyrimidine",
              "equals": "CT"
            }, {
              "symbol": "K",
              "name": "Keto",
              "equals": "GT"
            }
          ]
        },
        "background": [0.2644, 0.2356, 0.2356, 0.2644],
        "query_dbs": [
          {
            "source": "results/AHRpeaks_withAHREs.bed-199.fa/hocomoco/dreme_out/dreme.xml",
            "name": "dreme",
            "loaded": 8,
            "excluded": 0,
            "last_modified": "Thu May 24 17:41:47 2018"
          }
        ],
        "target_dbs": [
          {
            "source": "/Users/filipov4/meme/db/motif_databases/HUMAN/HOCOMOCOv11_full_HUMAN_mono_meme_format.meme",
            "name": "HOCOMOCOv11 full HUMAN mono meme format",
            "loaded": 771,
            "excluded": 0,
            "last_modified": "Wed Dec  6 21:59:30 2017"
          }
        ],
        "queries": [
          {
            "db": 0,
            "id": "ACACACMC",
            "alt": "DREME-7",
            "len": 8,
            "nsites": 60,
            "evalue": "3.3e-003",
            "pwm": [
              [0.998776, 0.000392013, 0.000392013, 0.000439933], 
              [0.000439933, 0.998728, 0.000392013, 0.000439933], 
              [0.998776, 0.000392013, 0.000392013, 0.000439933], 
              [0.000439933, 0.998728, 0.000392013, 0.000439933], 
              [0.998776, 0.000392013, 0.000392013, 0.000439933], 
              [0.000439933, 0.998728, 0.000392013, 0.000439933], 
              [0.749192, 0.249976, 0.000392013, 0.000439933], 
              [0.000439933, 0.998728, 0.000392013, 0.000439933]
            ]
          }, {
            "db": 0,
            "id": "AGGTSAC",
            "alt": "DREME-8",
            "len": 7,
            "nsites": 66,
            "evalue": "5.8e-003",
            "pwm": [
              [0.998887, 0.00035643, 0.00035643, 0.0004], 
              [0.0004, 0.00035643, 0.998844, 0.0004], 
              [0.0004, 0.00035643, 0.998844, 0.0004], 
              [0.0004, 0.00035643, 0.00035643, 0.998887], 
              [0.0004, 0.469343, 0.529857, 0.0004], 
              [0.998887, 0.00035643, 0.00035643, 0.0004], 
              [0.0004, 0.998844, 0.00035643, 0.0004]
            ]
          }, {
            "db": 0,
            "id": "CMCAGR",
            "alt": "DREME-4",
            "len": 6,
            "nsites": 674,
            "evalue": "8.8e-008",
            "pwm": [
              [3.92227e-05, 0.999887, 3.49503e-05, 3.92227e-05], 
              [0.455462, 0.544464, 3.49503e-05, 3.92227e-05], 
              [3.92227e-05, 0.999887, 3.49503e-05, 3.92227e-05], 
              [0.999891, 3.49503e-05, 3.49503e-05, 3.92227e-05], 
              [3.92227e-05, 3.49503e-05, 0.999887, 3.92227e-05], 
              [0.451011, 3.49503e-05, 0.548915, 3.92227e-05]
            ]
          }, {
            "db": 0,
            "id": "DCACGC",
            "alt": "DREME-1",
            "len": 6,
            "nsites": 396,
            "evalue": "2.7e-051",
            "pwm": [
              [0.30302, 5.94799e-05, 0.386326, 0.310594], 
              [6.67508e-05, 0.999807, 5.94799e-05, 6.67508e-05], 
              [0.999814, 5.94799e-05, 5.94799e-05, 6.67508e-05], 
              [6.67508e-05, 0.999807, 5.94799e-05, 6.67508e-05], 
              [6.67508e-05, 5.94799e-05, 0.999807, 6.67508e-05], 
              [6.67508e-05, 0.999807, 5.94799e-05, 6.67508e-05]
            ]
          }, {
            "db": 0,
            "id": "RGRGAAA",
            "alt": "DREME-6",
            "len": 7,
            "nsites": 185,
            "evalue": "3.8e-004",
            "pwm": [
              [0.605221, 0.000127283, 0.394509, 0.000142842], 
              [0.000142842, 0.000127283, 0.999587, 0.000142842], 
              [0.572806, 0.000127283, 0.426924, 0.000142842], 
              [0.000142842, 0.000127283, 0.999587, 0.000142842], 
              [0.999603, 0.000127283, 0.000127283, 0.000142842], 
              [0.999603, 0.000127283, 0.000127283, 0.000142842], 
              [0.999603, 0.000127283, 0.000127283, 0.000142842]
            ]
          }, {
            "db": 0,
            "id": "RYAAAYA",
            "alt": "DREME-2",
            "len": 7,
            "nsites": 446,
            "evalue": "7.4e-027",
            "pwm": [
              [0.486497, 5.28133e-05, 0.513391, 5.92692e-05], 
              [5.92692e-05, 0.571674, 5.28133e-05, 0.428214], 
              [0.999835, 5.28133e-05, 5.28133e-05, 5.92692e-05], 
              [0.999835, 5.28133e-05, 5.28133e-05, 5.92692e-05], 
              [0.999835, 5.28133e-05, 5.28133e-05, 5.92692e-05], 
              [5.92692e-05, 0.573915, 5.28133e-05, 0.425973], 
              [0.999835, 5.28133e-05, 5.28133e-05, 5.92692e-05]
            ]
          }, {
            "db": 0,
            "id": "TGACTCAB",
            "alt": "DREME-3",
            "len": 8,
            "nsites": 91,
            "evalue": "6.7e-009",
            "pwm": [
              [0.00029023, 0.000258617, 0.000258617, 0.999193], 
              [0.00029023, 0.000258617, 0.999161, 0.00029023], 
              [0.999193, 0.000258617, 0.000258617, 0.00029023], 
              [0.00029023, 0.999161, 0.000258617, 0.00029023], 
              [0.00029023, 0.000258617, 0.000258617, 0.999193], 
              [0.00029023, 0.999161, 0.000258617, 0.00029023], 
              [0.999193, 0.000258617, 0.000258617, 0.00029023], 
              [0.00029023, 0.351521, 0.274682, 0.373506]
            ]
          }, {
            "db": 0,
            "id": "TTATCW",
            "alt": "DREME-5",
            "len": 6,
            "nsites": 245,
            "evalue": "2.0e-006",
            "pwm": [
              [0.000107874, 9.6124e-05, 9.6124e-05, 0.9997], 
              [0.000107874, 9.6124e-05, 9.6124e-05, 0.9997], 
              [0.9997, 9.6124e-05, 9.6124e-05, 0.000107874], 
              [0.000107874, 9.6124e-05, 9.6124e-05, 0.9997], 
              [0.000107874, 0.999688, 9.6124e-05, 0.000107874], 
              [0.395864, 9.6124e-05, 9.6124e-05, 0.603943]
            ]
          }
        ],
        "targets": [
          {
            "db": 0,
            "id": "AHR_HUMAN.H11MO.0.B",
            "len": 9,
            "nsites": 154,
            "evalue": "1.0e+000",
            "url": "http://hocomoco.autosome.ru/motif/AHR_HUMAN.H11MO.0.B",
            "pwm": [
              [0.263146, 0.118673, 0.366329, 0.251853], 
              [0.0707776, 0.0772071, 0.225152, 0.626863], 
              [0.141135, 0.284999, 0.134561, 0.439305], 
              [0.0167011, 0.00870263, 0.946959, 0.0276373], 
              [0.000171577, 0.976135, 0.0098426, 0.0138512], 
              [0.0225075, 0.00528273, 0.969758, 0.00245151], 
              [0.000171577, 0.0224888, 0.00471275, 0.972627], 
              [0.000171577, 0.000152888, 0.999504, 0.000171577], 
              [0.2798, 0.434244, 0.105047, 0.180908]
            ]
          }, {
            "db": 0,
            "id": "ANDR_HUMAN.H11MO.0.A",
            "len": 18,
            "nsites": 499,
            "evalue": "1.0e+000",
            "url": "http://hocomoco.autosome.ru/motif/ANDR_HUMAN.H11MO.0.A",
            "pwm": [
              [0.14832, 0.0701734, 0.0361121, 0.745395], 
              [0.0621648, 0.0481338, 0.777447, 0.112255], 
              [0.0681756, 0.0661662, 0.0140725, 0.851586], 
              [0.188392, 0.172357, 0.144307, 0.494944], 
              [0.0781936, 0.733367, 0.0361121, 0.152327], 
              [0.122273, 0.278549, 0.0321049, 0.567074], 
              [0.180378, 0.134289, 0.196401, 0.488933], 
              [0.19841, 0.178368, 0.216437, 0.406785], 
              [0.17637, 0.192393, 0.222448, 0.408789], 
              [0.200414, 0.256509, 0.120264, 0.422814], 
              [0.0721828, 0.0140725, 0.0140725, 0.899672], 
              [0.254511, 0.0301013, 0.691291, 0.0240963], 
              [0.0281035, 0.0220869, 0.0200833, 0.929726], 
              [0.0180854, 0.00605802, 0.0982239, 0.877633], 
              [0.0080674, 0.00806163, 0.0641626, 0.919708], 
              [0.42081, 0.0280977, 0.494938, 0.056154], 
              [0.0862081, 0.524992, 0.0481338, 0.340666], 
              [0.290576, 0.158332, 0.0541446, 0.496947]
            ]
          }, {
            "db": 0,
            "id": "BACH1_HUMAN.H11MO.0.A",
            "len": 13,
            "nsites": 500,
            "evalue": "1.0e+000",
            "url": "http://hocomoco.autosome.ru/motif/BACH1_HUMAN.H11MO.0.A",
            "pwm": [
              [0.0628543, 0.168179, 0.0975418, 0.671425], 
              [0.00920954, 0.0664221, 0.922333, 0.00203493], 
              [0.0209173, 0.967523, 0.00397156, 0.00758843], 
              [0.0362211, 0.0795803, 0.0801361, 0.804062], 
              [0.00390112, 0.0613536, 0.890885, 0.0438607], 
              [0.802823, 0.0206161, 0.12452, 0.0520407], 
              [0.0133144, 0.214862, 0.76322, 0.00860324], 
              [0.00625245, 0.0361765, 0.145875, 0.811696], 
              [0.016244, 0.943689, 0.0343138, 0.00575281], 
              [0.786284, 0.0958347, 0.0824504, 0.0354305], 
              [0.00983019, 0.334259, 0.256603, 0.399308], 
              [0.151631, 0.265553, 0.394689, 0.188127], 
              [0.105268, 0.378561, 0.372598, 0.143573]
            ]
          }, {
            "db": 0,
            "id": "BACH2_HUMAN.H11MO.0.A",
            "len": 11,
            "nsites": 500,
            "evalue": "1.0e+000",
            "url": "http://hocomoco.autosome.ru/motif/BACH2_HUMAN.H11MO.0.A",
            "pwm": [
              [0.122028, 0.0960279, 0.0680335, 0.71391], 
              [0.0140501, 0.0780315, 0.893868, 0.0140501], 
              [0.0440441, 0.923862, 0.0120447, 0.0200489], 
              [0.0780373, 0.0380395, 0.00804551, 0.875878], 
              [0.0580413, 0.0600351, 0.793888, 0.0880353], 
              [0.757901, 0.0380395, 0.0560359, 0.148023], 
              [0.0440441, 0.224002, 0.669913, 0.0620405], 
              [0.0100509, 0.0160439, 0.00804551, 0.96586], 
              [0.0600409, 0.919863, 0.0160439, 0.00405207], 
              [0.96386, 0.0120447, 0.00804551, 0.0160497], 
              [0.0560417, 0.319983, 0.212005, 0.41197]
            ]
          }, {
            "db": 0,
            "id": "BATF_HUMAN.H11MO.0.A",
            "len": 18,
            "nsites": 500,
            "evalue": "1.0e+000",
            "url": "http://hocomoco.autosome.ru/motif/BATF_HUMAN.H11MO.0.A",
            "pwm": [
              [0.451962, 0.0780315, 0.263994, 0.206012], 
              [0.0480433, 0.399967, 0.345978, 0.206012], 
              [0.0120505, 0.0180435, 0.0440383, 0.925868], 
              [0.134026, 0.327982, 0.0240423, 0.51395], 
              [0.0860357, 0.238, 0.0520367, 0.623928], 
              [0.142024, 0.545938, 0.0460379, 0.266], 
              [0.379977, 0.0860299, 0.395968, 0.138025], 
              [0.369979, 0.114024, 0.230001, 0.285996], 
              [0.337985, 0.0180435, 0.0840303, 0.559941], 
              [0.577937, 0.158016, 0.0220427, 0.242004], 
              [0.00205247, 0.00204671, 4.71106e-05, 0.995854], 
              [0.00405207, 0.0560359, 0.849877, 0.0900349], 
              [0.977857, 0.00804551, 0.0120447, 0.00205247], 
              [0.104032, 0.557936, 0.315984, 0.0220485], 
              [0.0720385, 0.0300411, 0.0200431, 0.877877], 
              [0.21201, 0.507946, 0.212005, 0.0680393], 
              [0.61193, 0.0840303, 0.110025, 0.194014], 
              [0.142024, 0.18601, 0.305986, 0.36598]
            ]
          }, {
            "db": 0,
            "id": "COE1_HUMAN.H11MO.0.A",
            "len": 15,
            "nsites": 500,
            "evalue": "1.0e+000",
            "url": "http://hocomoco.autosome.ru/motif/COE1_HUMAN.H11MO.0.A",
            "pwm": [
              [0.417969, 0.202007, 0.200007, 0.180017], 
              [0.419969, 0.0900291, 0.271993, 0.218009], 
              [0.118029, 0.255996, 0.413964, 0.21201], 
              [0.0580413, 0.202007, 0.0240423, 0.71591], 
              [0.00205247, 0.989849, 0.00204671, 0.00605167], 
              [0.0140501, 0.813884, 4.71106e-05, 0.172018], 
              [0.00605167, 0.945858, 0.00204671, 0.0460437], 
              [0.250003, 0.623922, 0.0400391, 0.0860357], 
              [0.673918, 0.0140443, 0.0120447, 0.299993], 
              [0.0180493, 4.71106e-05, 0.981851, 5.28694e-05], 
              [0.248003, 0.00204671, 0.723902, 0.0260477], 
              [0.00605167, 0.00404631, 0.989849, 5.28694e-05], 
              [0.657921, 0.0460379, 0.255996, 0.0400449], 
              [0.220009, 0.43396, 0.253996, 0.0920345], 
              [0.21201, 0.351977, 0.0920287, 0.343984]
            ]
          }, {
            "db": 0,
            "id": "EGR3_HUMAN.H11MO.0.D",
            "len": 11,
            "nsites": 8,
            "evalue": "1.0e+000",
            "url": "http://hocomoco.autosome.ru/motif/EGR3_HUMAN.H11MO.0.D",
            "pwm": [
              [0.565082, 0.0208009, 0.0208009, 0.393316], 
              [0.260913, 0.00290864, 0.589776, 0.146403], 
              [0.633073, 0.217616, 0.00290864, 0.146403], 
              [0.117775, 0.00290864, 0.876052, 0.0032642], 
              [0.0032642, 0.0386932, 0.181832, 0.776211], 
              [0.0032642, 0.00290864, 0.990563, 0.0032642], 
              [0.0032642, 0.00290864, 0.876052, 0.117775], 
              [0.0032642, 0.00290864, 0.990563, 0.0032642], 
              [0.0032642, 0.475265, 0.00290864, 0.518562], 
              [0.0032642, 0.00290864, 0.876052, 0.117775], 
              [0.0211565, 0.163939, 0.163939, 0.650965]
            ]
          }, {
            "db": 0,
            "id": "ERR1_HUMAN.H11MO.0.A",
            "len": 15,
            "nsites": 284,
            "evalue": "1.0e+000",
            "url": "http://hocomoco.autosome.ru/motif/ERR1_HUMAN.H11MO.0.A",
            "pwm": [
              [0.10217, 0.40839, 0.228876, 0.260565], 
              [0.0775306, 0.39079, 0.0493614, 0.482318], 
              [0.10217, 0.682941, 0.183117, 0.0317721], 
              [0.915264, 0.0071227, 0.0669608, 0.0106527], 
              [0.971582, 8.29286e-05, 0.028242, 9.30658e-05], 
              [0.00361295, 8.29286e-05, 0.989171, 0.00713284], 
              [0.00713284, 0.00360282, 0.989171, 9.30658e-05], 
              [0.063451, 0.00360282, 0.0458415, 0.887105], 
              [9.30658e-05, 0.922293, 0.0528812, 0.0247323], 
              [0.985662, 0.00360282, 0.0071227, 0.00361295], 
              [0.235926, 0.429509, 0.140878, 0.193687], 
              [0.41896, 0.197197, 0.183117, 0.200727], 
              [0.147928, 0.345032, 0.302793, 0.204247], 
              [0.41192, 0.172557, 0.193677, 0.221846], 
              [0.207766, 0.242955, 0.39783, 0.151448]
            ]
          }, {
            "db": 0,
            "id": "ESR1_HUMAN.H11MO.0.A",
            "len": 15,
            "nsites": 500,
            "evalue": "1.0e+000",
            "url": "http://hocomoco.autosome.ru/motif/ESR1_HUMAN.H11MO.0.A",
            "pwm": [
              [0.637925, 0.0480375, 0.259995, 0.0540421], 
              [0.0740381, 0.00604591, 0.807886, 0.11203], 
              [0.0460437, 0.0180435, 0.907866, 0.0280473], 
              [0.0940341, 0.0720327, 0.178012, 0.655922], 
              [0.00205247, 0.88787, 0.0480375, 0.0620405], 
              [0.855882, 0.00604591, 0.112025, 0.0260477], 
              [0.108031, 0.441959, 0.311985, 0.138025], 
              [0.395974, 0.603926, 4.71106e-05, 5.28694e-05], 
              [0.182016, 0.375972, 0.28599, 0.156022], 
              [0.104032, 0.0780315, 0.0440383, 0.773898], 
              [0.0540421, 0.0340403, 0.907866, 0.00405207], 
              [0.617929, 0.198008, 0.0700331, 0.11403], 
              [0.0400449, 0.88387, 0.0140443, 0.0620405], 
              [0.0900349, 0.821883, 0.00804551, 0.0800369], 
              [0.0580413, 0.329981, 0.0660339, 0.545944]
            ]
          }, {
            "db": 0,
            "id": "ESR1_HUMAN.H11MO.1.A",
            "len": 10,
            "nsites": 500,
            "evalue": "1.0e+000",
            "url": "http://hocomoco.autosome.ru/motif/ESR1_HUMAN.H11MO.1.A",
            "pwm": [
              [0.122028, 0.545938, 0.120023, 0.21201], 
              [0.349983, 0.325982, 0.118024, 0.206012], 
              [0.631926, 0.0160439, 0.347978, 0.00405207], 
              [0.00605167, 4.71106e-05, 0.965854, 0.0280473], 
              [0.00605167, 4.71106e-05, 0.991849, 0.00205247], 
              [0.0380453, 0.00404631, 0.102027, 0.855882], 
              [0.00405207, 0.973852, 0.0200431, 0.00205247], 
              [0.993854, 0.00204671, 0.00404631, 5.28694e-05], 
              [0.0680393, 0.443958, 0.369973, 0.118029], 
              [0.317989, 0.33598, 0.245998, 0.100033]
            ]
          }, {
            "db": 0,
            "id": "ESR2_HUMAN.H11MO.0.A",
            "len": 15,
            "nsites": 497,
            "evalue": "1.0e+000",
            "url": "http://hocomoco.autosome.ru/motif/ESR2_HUMAN.H11MO.0.A",
            "pwm": [
              [0.494923, 0.0966074, 0.362148, 0.0463215], 
              [0.114718, 0.0121174, 0.790633, 0.0825316], 
              [0.0463215, 0.0261991, 0.859029, 0.0684499], 
              [0.0966132, 0.116724, 0.229378, 0.557285], 
              [0.0161465, 0.798679, 0.0523508, 0.132823], 
              [0.621658, 0.0342457, 0.247483, 0.0966132], 
              [0.0925899, 0.511011, 0.265588, 0.130812], 
              [5.31885e-05, 0.667921, 4.73949e-05, 0.331978], 
              [0.122765, 0.422498, 0.267599, 0.187138], 
              [0.0402865, 0.239436, 0.0302224, 0.690055], 
              [0.0825316, 0.0261991, 0.891216, 5.31885e-05], 
              [0.521075, 0.273634, 0.0865491, 0.118742], 
              [0.0241932, 0.844948, 0.0221757, 0.108683], 
              [0.0825316, 0.846959, 0.0121174, 0.0583916], 
              [0.0724732, 0.356113, 0.0362574, 0.535157]
            ]
          }, {
            "db": 0,
            "id": "ESR2_HUMAN.H11MO.1.A",
            "len": 7,
            "nsites": 500,
            "evalue": "1.0e+000",
            "url": "http://hocomoco.autosome.ru/motif/ESR2_HUMAN.H11MO.1.A",
            "pwm": [
              [0.693914, 0.0340403, 0.261995, 0.0100509], 
              [0.0160497, 0.00204671, 0.945858, 0.0360457], 
              [0.00205247, 0.0100451, 0.981851, 0.00605167], 
              [0.0180493, 0.0160439, 0.104026, 0.861881], 
              [0.00205247, 0.991849, 0.00204671, 0.00405207], 
              [0.949863, 0.00604591, 0.0400391, 0.00405207], 
              [0.0700389, 0.459955, 0.399967, 0.0700389]
            ]
          }, {
            "db": 0,
            "id": "EVI1_HUMAN.H11MO.0.B",
            "len": 16,
            "nsites": 141,
            "evalue": "1.0e+000",
            "url": "http://hocomoco.autosome.ru/motif/EVI1_HUMAN.H11MO.0.B",
            "pwm": [
              [0.418867, 0.152812, 0.189332, 0.23899], 
              [0.635748, 0.03734, 0.0836567, 0.243255], 
              [0.0210873, 0.0295574, 0.90677, 0.0425854], 
              [0.972701, 0.00604507, 0.00604507, 0.0152092], 
              [0.041334, 0.455713, 0.00604507, 0.496908], 
              [0.951801, 0.00604507, 0.0178013, 0.0243529], 
              [0.917539, 0.000166974, 0.0158144, 0.0664792], 
              [0.0306664, 0.00604507, 0.962013, 0.00127592], 
              [0.966823, 0.000166974, 0.000166974, 0.0328435], 
              [0.000187385, 0.124721, 0.00539195, 0.8697], 
              [0.900151, 0.0325504, 0.000166974, 0.0671313], 
              [0.771704, 0.00931067, 0.156751, 0.0622339], 
              [0.210871, 0.183474, 0.352303, 0.253351], 
              [0.743757, 0.0920649, 0.0765273, 0.0876507], 
              [0.129341, 0.156098, 0.308166, 0.406395], 
              [0.490335, 0.119211, 0.158453, 0.232001]
            ]
          }, {
            "db": 0,
            "id": "FOSB_HUMAN.H11MO.0.A",
            "len": 9,
            "nsites": 500,
            "evalue": "1.0e+000",
            "url": "http://hocomoco.autosome.ru/motif/FOSB_HUMAN.H11MO.0.A",
            "pwm": [
              [0.41397, 0.206006, 0.291989, 0.0880353], 
              [0.0100509, 0.0120447, 0.00204671, 0.975858], 
              [0.0120505, 0.0140443, 0.917864, 0.0560417], 
              [0.895874, 0.0120447, 0.0180435, 0.0740381], 
              [0.204012, 4.71106e-05, 0.795888, 5.28694e-05], 
              [0.0180493, 0.0300411, 0.106026, 0.845884], 
              [0.0540421, 0.903866, 0.0280415, 0.0140501], 
              [0.96586, 0.0100451, 0.00604591, 0.0180493], 
              [0.0720385, 0.329981, 0.230001, 0.367979]
            ]
          }, {
            "db": 0,
            "id": "FOSL1_HUMAN.H11MO.0.A",
            "len": 12,
            "nsites": 500,
            "evalue": "1.0e+000",
            "url": "http://hocomoco.autosome.ru/motif/FOSL1_HUMAN.H11MO.0.A",
            "pwm": [
              [0.198013, 0.18601, 0.405966, 0.210011], 
              [0.317989, 0.164014, 0.347978, 0.170019], 
              [0.429967, 0.269993, 0.281991, 0.0180493], 
              [5.28694e-05, 4.71106e-05, 0.00604591, 0.993854], 
              [5.28694e-05, 0.00404631, 0.941859, 0.0540421], 
              [0.987855, 0.00204671, 0.00204671, 0.00805127], 
              [0.0780373, 4.71106e-05, 0.921863, 5.28694e-05], 
              [5.28694e-05, 4.71106e-05, 4.71106e-05, 0.999853], 
              [0.0180493, 0.979851, 0.00204671, 5.28694e-05], 
              [0.995854, 0.00404631, 4.71106e-05, 5.28694e-05], 
              [0.0220485, 0.411965, 0.162015, 0.403972], 
              [0.210011, 0.401967, 0.154016, 0.234006]
            ]
          }, {
            "db": 0,
            "id": "FOSL2_HUMAN.H11MO.0.A",
            "len": 12,
            "nsites": 500,
            "evalue": "1.0e+000",
            "url": "http://hocomoco.autosome.ru/motif/FOSL2_HUMAN.H11MO.0.A",
            "pwm": [
              [0.194014, 0.190009, 0.373972, 0.242004], 
              [0.281996, 0.13402, 0.381971, 0.202012], 
              [0.519949, 0.158016, 0.297988, 0.0240481], 
              [5.28694e-05, 4.71106e-05, 0.00204671, 0.997853], 
              [5.28694e-05, 0.00204671, 0.957856, 0.0400449], 
              [0.985856, 0.00404631, 4.71106e-05, 0.0100509], 
              [0.102032, 4.71106e-05, 0.897868, 5.28694e-05], 
              [0.00405207, 0.00404631, 0.00404631, 0.987855], 
              [0.00605167, 0.991849, 0.00204671, 5.28694e-05], 
              [0.997853, 4.71106e-05, 4.71106e-05, 0.00205247], 
              [0.0240481, 0.351977, 0.114024, 0.509951], 
              [0.21601, 0.377972, 0.13802, 0.267999]
            ]
          }, {
            "db": 0,
            "id": "FOS_HUMAN.H11MO.0.A",
            "len": 9,
            "nsites": 500,
            "evalue": "1.0e+000",
            "url": "http://hocomoco.autosome.ru/motif/FOS_HUMAN.H11MO.0.A",
            "pwm": [
              [0.345984, 0.216004, 0.359975, 0.0780373], 
              [0.0100509, 0.0180435, 0.0100451, 0.961861], 
              [0.0160497, 0.0340403, 0.859875, 0.0900349], 
              [0.935866, 0.00804551, 0.0280415, 0.0280473], 
              [0.11603, 4.71106e-05, 0.88387, 5.28694e-05], 
              [0.0220485, 0.0260419, 0.0240423, 0.927867], 
              [0.0420445, 0.93386, 0.0240423, 5.28694e-05], 
              [0.959861, 0.0160439, 0.0120447, 0.0120505], 
              [0.0280473, 0.417964, 0.263994, 0.289995]
            ]
          }, {
            "db": 0,
            "id": "FOXA1_HUMAN.H11MO.0.A",
            "len": 12,
            "nsites": 500,
            "evalue": "1.0e+000",
            "url": "http://hocomoco.autosome.ru/motif/FOXA1_HUMAN.H11MO.0.A",
            "pwm": [
              [0.0160497, 4.71106e-05, 4.71106e-05, 0.983856], 
              [0.246004, 0.00404631, 0.749897, 5.28694e-05], 
              [0.00205247, 4.71106e-05, 4.71106e-05, 0.997853], 
              [0.00405207, 4.71106e-05, 0.0560359, 0.939865], 
              [5.28694e-05, 4.71106e-05, 0.144018, 0.855882], 
              [0.781897, 4.71106e-05, 0.206006, 0.0120505], 
              [0.00805127, 0.797888, 0.00804551, 0.186016], 
              [0.317989, 0.13802, 0.00404631, 0.539945], 
              [0.0320465, 0.313984, 0.108026, 0.545944], 
              [0.46396, 0.0200431, 0.0160439, 0.499953], 
              [0.218009, 0.0980275, 0.493948, 0.190015], 
              [0.108031, 0.259995, 0.393968, 0.238005]
            ]
          }, {
            "db": 0,
            "id": "FOXA2_HUMAN.H11MO.0.A",
            "len": 12,
            "nsites": 500,
            "evalue": "1.0e+000",
            "url": "http://hocomoco.autosome.ru/motif/FOXA2_HUMAN.H11MO.0.A",
            "pwm": [
              [0.0160497, 4.71106e-05, 0.00204671, 0.981857], 
              [0.196014, 0.00204671, 0.799887, 0.00205247], 
              [5.28694e-05, 0.00404631, 4.71106e-05, 0.995854], 
              [0.00205247, 4.71106e-05, 0.0440383, 0.953862], 
              [5.28694e-05, 4.71106e-05, 0.144018, 0.855882], 
              [0.757901, 4.71106e-05, 0.236, 0.00605167], 
              [0.00805127, 0.88787, 0.00204671, 0.102032], 
              [0.401972, 0.122023, 4.71106e-05, 0.475958], 
              [0.0440441, 0.409965, 0.120023, 0.425968], 
              [0.56394, 0.00804551, 0.0400391, 0.387975], 
              [0.190015, 0.0960279, 0.549937, 0.16402], 
              [0.128027, 0.357976, 0.281991, 0.232006]
            ]
          }, {
            "db": 0,
            "id": "FOXA3_HUMAN.H11MO.0.B",
            "len": 13,
            "nsites": 500,
            "evalue": "1.0e+000",
            "url": "http://hocomoco.autosome.ru/motif/FOXA3_HUMAN.H11MO.0.B",
            "pwm": [
              [0.158021, 0.465954, 0.216004, 0.160021], 
              [0.228007, 0.249997, 0.0780315, 0.443964], 
              [0.0120505, 4.71106e-05, 0.00604591, 0.981857], 
              [0.246004, 0.00804551, 0.7379, 0.00805127], 
              [0.00805127, 0.0220427, 0.0140443, 0.955862], 
              [0.00605167, 4.71106e-05, 0.0360399, 0.957861], 
              [0.00805127, 4.71106e-05, 0.271993, 0.719909], 
              [0.855882, 0.00604591, 0.114024, 0.0240481], 
              [0.00405207, 0.873872, 0.0220427, 0.100033], 
              [0.367979, 0.152017, 0.00804551, 0.471958], 
              [0.0940341, 0.232001, 0.106026, 0.567939], 
              [0.425968, 0.0140443, 0.0540363, 0.505952], 
              [0.154022, 0.116024, 0.577932, 0.152022]
            ]
          }, {
            "db": 0,
            "id": "FOXC1_HUMAN.H11MO.0.C",
            "len": 15,
            "nsites": 26,
            "evalue": "1.0e+000",
            "url": "http://hocomoco.autosome.ru/motif/FOXC1_HUMAN.H11MO.0.C",
            "pwm": [
              [0.135113, 0.47983, 0.173316, 0.211741], 
              [0.345841, 0.077531, 0.34573, 0.230898], 
              [0.269212, 0.154159, 0.077531, 0.499097], 
              [0.00101303, 0.000902682, 0.000902682, 0.997182], 
              [0.00101303, 0.000902682, 0.997071, 0.00101303], 
              [0.0393272, 0.000902682, 0.000902682, 0.958867], 
              [0.0393272, 0.000902682, 0.000902682, 0.958867], 
              [0.00101303, 0.000902682, 0.0392169, 0.958867], 
              [0.958867, 0.000902682, 0.000902682, 0.0393272], 
              [0.00101303, 0.728872, 0.000902682, 0.269212], 
              [0.230898, 0.115845, 0.000902682, 0.652354], 
              [0.00101303, 0.192474, 0.000902682, 0.805611], 
              [0.652354, 0.000902682, 0.000902682, 0.345841], 
              [0.460783, 0.192474, 0.269102, 0.0776414], 
              [0.0393272, 0.269102, 0.575615, 0.115956]
            ]
          }, {
            "db": 0,
            "id": "FOXD3_HUMAN.H11MO.0.D",
            "len": 15,
            "nsites": 465,
            "evalue": "1.0e+000",
            "url": "http://hocomoco.autosome.ru/motif/FOXD3_HUMAN.H11MO.0.D",
            "pwm": [
              [0.157012, 0.176357, 0.298911, 0.36772], 
              [0.118311, 0.217208, 0.26666, 0.397821], 
              [0.135512, 0.00650088, 0.0559526, 0.802035], 
              [0.0387582, 0.0688531, 0.872981, 0.0194075], 
              [0.0925101, 0.0516525, 0.0366019, 0.819236], 
              [0.0366081, 0.111855, 0.0495024, 0.802035], 
              [0.0538087, 5.06558e-05, 0.094654, 0.851487], 
              [0.339769, 0.200008, 0.225809, 0.234415], 
              [0.0581089, 0.599922, 0.0624028, 0.279567], 
              [0.294617, 0.202158, 0.0409021, 0.462323], 
              [0.109711, 0.223658, 0.0710031, 0.595628], 
              [0.404271, 0.0473523, 0.146256, 0.402121], 
              [0.230115, 0.141956, 0.427916, 0.200014], 
              [0.10111, 0.363413, 0.348363, 0.187113], 
              [0.356969, 0.292461, 0.111855, 0.238715]
            ]
          }, {
            "db": 0,
            "id": "FOXF1_HUMAN.H11MO.0.D",
            "len": 11,
            "nsites": 8,
            "evalue": "1.0e+000",
            "url": "http://hocomoco.autosome.ru/motif/FOXF1_HUMAN.H11MO.0.D",
            "pwm": [
              [0.413576, 0.151783, 0.151783, 0.282858], 
              [0.0032642, 0.00290864, 0.00290864, 0.990919], 
              [0.133983, 0.00290864, 0.859844, 0.0032642], 
              [0.0032642, 0.00290864, 0.00290864, 0.990919], 
              [0.0032642, 0.00290864, 0.00290864, 0.990919], 
              [0.0032642, 0.00290864, 0.00290864, 0.990919], 
              [0.729481, 0.0682681, 0.198987, 0.0032642], 
              [0.0032642, 0.133628, 0.00290864, 0.8602], 
              [0.0214196, 0.151783, 0.151783, 0.675014], 
              [0.264702, 0.169938, 0.00290864, 0.562451], 
              [0.431732, 0.00290864, 0.0392195, 0.52614]
            ]
          }, {
            "db": 0,
            "id": "FOXF2_HUMAN.H11MO.0.D",
            "len": 11,
            "nsites": 26,
            "evalue": "1.0e+000",
            "url": "http://hocomoco.autosome.ru/motif/FOXF2_HUMAN.H11MO.0.D",
            "pwm": [
              [0.0162064, 0.016096, 0.016096, 0.951602], 
              [0.146676, 0.000902682, 0.821022, 0.0313997], 
              [0.00101303, 0.000902682, 0.0312894, 0.966795], 
              [0.12256, 0.000902682, 0.000902682, 0.875635], 
              [0.12256, 0.000902682, 0.0312894, 0.845248], 
              [0.770595, 0.000902682, 0.227489, 0.00101303], 
              [0.00101303, 0.782543, 0.0312894, 0.185155], 
              [0.284609, 0.255934, 0.0595724, 0.399885], 
              [0.0415152, 0.0414049, 0.0110182, 0.906062], 
              [0.48093, 0.000902682, 0.0312894, 0.486878], 
              [0.254222, 0.0110182, 0.35733, 0.37743]
            ]
          }, {
            "db": 0,
            "id": "FOXG1_HUMAN.H11MO.0.D",
            "len": 17,
            "nsites": 310,
            "evalue": "1.0e+000",
            "url": "http://hocomoco.autosome.ru/motif/FOXG1_HUMAN.H11MO.0.D",
            "pwm": [
              [0.35837, 0.152238, 0.184562, 0.304829], 
              [0.1504, 0.111046, 0.121206, 0.617348], 
              [0.0332431, 0.036003, 0.0297235, 0.90103], 
              [0.102421, 0.0200263, 0.857518, 0.0200356], 
              [8.52628e-05, 0.00321574, 0.00949527, 0.987204], 
              [8.52628e-05, 7.59755e-05, 0.231873, 0.767966], 
              [0.00341031, 7.59755e-05, 0.0926215, 0.903892], 
              [0.687424, 0.16427, 0.108506, 0.0398006], 
              [0.0396153, 0.353232, 0.0255647, 0.581588], 
              [0.309119, 0.0957612, 0.292279, 0.30284], 
              [0.191085, 0.0710036, 0.118656, 0.619255], 
              [0.366386, 0.0569623, 0.178507, 0.398145], 
              [0.0616374, 0.054978, 0.0200701, 0.863314], 
              [0.313875, 0.0397399, 0.316265, 0.33012], 
              [0.0491247, 0.0747894, 0.0882748, 0.787811], 
              [0.238735, 0.0549317, 0.0785776, 0.627756], 
              [0.0828822, 0.134406, 0.197026, 0.585686]
            ]
          }, {
            "db": 0,
            "id": "FOXJ2_HUMAN.H11MO.0.C",
            "len": 10,
            "nsites": 41,
            "evalue": "1.0e+000",
            "url": "http://hocomoco.autosome.ru/motif/FOXJ2_HUMAN.H11MO.0.C",
            "pwm": [
              [0.000643309, 0.0242622, 0.000573236, 0.974521], 
              [0.308599, 0.000573236, 0.642806, 0.0480212], 
              [0.000643309, 0.000573236, 0.0242622, 0.974521], 
              [0.000643309, 0.000573236, 0.000573236, 0.99821], 
              [0.000643309, 0.000573236, 0.000573236, 0.99821], 
              [0.548121, 0.000573236, 0.450663, 0.000643309], 
              [0.000643309, 0.192717, 0.000573236, 0.806067], 
              [0.119088, 0.216406, 0.000573236, 0.663933], 
              [0.000643309, 0.0242622, 0.237462, 0.737632], 
              [0.465209, 0.0834845, 0.130862, 0.320444]
            ]
          }, {
            "db": 0,
            "id": "FOXL1_HUMAN.H11MO.0.D",
            "len": 19,
            "nsites": 1207,
            "evalue": "1.0e+000",
            "url": "http://hocomoco.autosome.ru/motif/FOXL1_HUMAN.H11MO.0.D",
            "pwm": [
              [0.160531, 0.163842, 0.222661, 0.452967], 
              [0.140234, 0.189109, 0.444266, 0.226391], 
              [0.191183, 0.0404056, 0.132361, 0.63605], 
              [0.0629827, 0.024044, 0.0414411, 0.871532], 
              [0.000643228, 0.000640842, 0.000640842, 0.998075], 
              [0.0874215, 0.000433734, 0.905081, 0.00706357], 
              [0.00830622, 1.95179e-05, 1.95179e-05, 0.991655], 
              [2.19037e-05, 1.95179e-05, 1.95179e-05, 0.999939], 
              [2.19037e-05, 1.95179e-05, 1.95179e-05, 0.999939], 
              [0.470571, 1.95179e-05, 0.529387, 2.19037e-05], 
              [2.19037e-05, 1.95179e-05, 1.95179e-05, 0.999939], 
              [2.19037e-05, 1.95179e-05, 1.95179e-05, 0.999939], 
              [2.19037e-05, 1.95179e-05, 1.95179e-05, 0.999939], 
              [0.985856, 1.95179e-05, 0.0116176, 0.0025072], 
              [0.000850336, 0.51199, 0.00084795, 0.486311], 
              [0.414859, 0.0188663, 0.0213516, 0.544923], 
              [0.10399, 0.0145171, 0.0186592, 0.862834], 
              [0.226184, 0.0174166, 0.0149313, 0.741468], 
              [0.193254, 0.12532, 0.0838982, 0.597528]
            ]
          }, {
            "db": 0,
            "id": "FOXM1_HUMAN.H11MO.0.A",
            "len": 12,
            "nsites": 500,
            "evalue": "1.0e+000",
            "url": "http://hocomoco.autosome.ru/motif/FOXM1_HUMAN.H11MO.0.A",
            "pwm": [
              [0.0560417, 0.0240423, 0.0340403, 0.885876], 
              [0.252002, 0.0220427, 0.715904, 0.0100509], 
              [0.0260477, 0.0300411, 0.0560359, 0.887875], 
              [5.28694e-05, 0.0680335, 0.0620347, 0.869879], 
              [0.00205247, 0.00204671, 0.0720327, 0.923868], 
              [0.319989, 0.0540363, 0.58793, 0.0380453], 
              [0.0740381, 0.745898, 0.0180435, 0.16202], 
              [0.246004, 0.160015, 0.0380395, 0.555942], 
              [0.0480433, 0.289989, 0.142019, 0.519949], 
              [0.359981, 0.0380395, 0.0280415, 0.573938], 
              [0.108031, 0.160015, 0.445958, 0.285996], 
              [0.16602, 0.341979, 0.257996, 0.234006]
            ]
          }, {
            "db": 0,
            "id": "FOXO3_HUMAN.H11MO.0.B",
            "len": 10,
            "nsites": 500,
            "evalue": "1.0e+000",
            "url": "http://hocomoco.autosome.ru/motif/FOXO3_HUMAN.H11MO.0.B",
            "pwm": [
              [0.11203, 0.393968, 0.261995, 0.232006], 
              [0.0580413, 0.365974, 0.18801, 0.387975], 
              [0.0200489, 0.00604591, 4.71106e-05, 0.973858], 
              [0.0520425, 0.00404631, 0.941859, 0.00205247], 
              [5.28694e-05, 0.00604591, 0.00604591, 0.987855], 
              [0.00405207, 0.00204671, 0.0300411, 0.96386], 
              [0.00205247, 0.0100451, 0.140019, 0.847883], 
              [0.779897, 0.0580355, 0.0200431, 0.142024], 
              [0.00205247, 0.861875, 0.00804551, 0.128027], 
              [0.383976, 0.259995, 0.0460379, 0.309991]
            ]
          }, {
            "db": 0,
            "id": "FOXO4_HUMAN.H11MO.0.C",
            "len": 9,
            "nsites": 28,
            "evalue": "1.0e+000",
            "url": "http://hocomoco.autosome.ru/motif/FOXO4_HUMAN.H11MO.0.C",
            "pwm": [
              [0.0369569, 0.108886, 0.108886, 0.745271], 
              [0.000940925, 0.000838434, 0.000838434, 0.997382], 
              [0.000940925, 0.000838434, 0.99728, 0.000940925], 
              [0.000940925, 0.000838434, 0.000838434, 0.997382], 
              [0.000940925, 0.000838434, 0.000838434, 0.997382], 
              [0.000940925, 0.000838434, 0.148904, 0.849317], 
              [0.709255, 0.000838434, 0.0368544, 0.253053], 
              [0.0369569, 0.348993, 0.180918, 0.433132], 
              [0.000940925, 0.108886, 0.360998, 0.529175]
            ]
          }, {
            "db": 0,
